0.051
-132899921 -988157302
48404324 -759470843
60566664 -887913121
306679485 348076778
32339262 -346407663
-304427179 659297912
-425619944 142004119
-168666461 -533968244
-254398904 853772630
343475489 -771209318
-309704907 105410103
-419453091 112662426
-751016843 187868861
481275496 -554882444
692815606 238194153
-42380192 399361874
-709906892 402997310
95676482 339594241
-868644670 363533582
-697851974 500576593
-491652501 -811294167
129500243 -357096439
446534590 187096945
645096529 43006385
153206668 -774911826
-113130286 -973342597
24642521 -239902249
-601321149 -390397977
-355161149 -217063136
579900540 -217940563
425302405 857909489
-137851966 -498337434
-806891733 393795072
332679812 -188919140
426923753 -225344975
-722653704 406989964
215849640 -881225723
483921492 530597427
-190373794 -346837230
-389504827 830962234
-562172193 -320960649
-166497192 965283196
-469422427 304386204
146072817 652306414
-85392485 -850135205
736606289 -343370762
-127117056 -469571929
328634335 -323373960
-557195036 32498833
-392454713 207288799
4606117809800564248
