0.032
263410661 -918120475
-54459732 570253134
-636189572 -489635603
-492626921 -593118492
105118286 760100673
772067937 -192178596
-296971182 862370732
333479615 410004977
193201327 875921140
147238764 -240764326
-297672973 109108200
-375412244 -318141161
-219437848 140563534
-442147437 320875144
-765946008 371647965
11255842 13116547
-112277215 910156057
171331123 -332764954
534998651 -759816216
20790538 657181258
-954120487 208947094
54190355 754234994
147072269 608608183
-277972822 -321070424
120301490 -506114422
159137200 -520957717
323981887 -607346272
-654293875 343096201
652307867 -58479348
426132702 618499754
194873262 711712387
442444219 -538185803
836934408 206742020
390807075 252404152
-605418346 -340197439
468881854 -8552915
777046125 -86453233
18070905 -574207835
-288119860 -840021493
-287754096 -834626277
-365331713 -626232676
143729841 -252131018
853153766 511441872
846292792 -42748555
-839155494 56366762
944362331 167344622
-915957918 -205290056
-386668620 587315903
-924817101 -320569671
485391515 440282992
14433096598348096994
