0.033
412505171 461457873
399665034 877651602
-276603040 -727823473
-456300276 -872514899
275290103 -442401892
935548539 -21286183
440230543 -291846115
-125426856 575084490
831795566 -378157460
810398600 -378113800
-226113833 232385800
-367853431 215928920
519001937 -676982002
223541277 691934424
-204093937 -778712593
182827167 -867041962
211499104 827163111
-518959814 -189821549
-176830971 944011408
323681721 -846048692
645308190 -595906039
968006044 147334182
553484624 336783722
-399417089 382631635
-937220246 182002097
623239271 640270428
246506191 708263160
-771979880 396677135
611850989 255348364
409149652 -162133687
646111933 -63359055
-40558414 -86873910
-229303521 -770822813
-461804708 455845493
98080603 -394169137
406987556 -51909389
182023799 -605938995
-217542360 736391014
-222160078 493770724
338124031 -161950962
823992669 423124250
819371352 -497671250
-231490096 886475056
-22440345 578733242
905103062 -233559243
-86874416 -102152211
-776418575 -191179538
666811172 -666301346
607713246 477971056
-280695315 -670504396
254651183734915849
