0.063
704829652 -271107015
286645711 888013003
-694125686 484686813
493018544 -597877096
557622789 73338585
-77507963 138536462
167174801 -197904576
-848708258 285033255
-127269027 -41008009
-61674352 562580777
-747168884 -213820540
-262023580 -708195859
924915245 352766018
-329268048 822151094
-289699626 899094919
4699374 813362082
-162889547 897701607
653620912 -143836046
386789181 -811503998
-253843431 642210417
-202290747 -511979166
-468942752 -613248009
968934708 -78039876
-597650349 277475713
120890895 -215375630
934433725 -19431230
-216903332 -641153511
411564779 392298011
-93857941 582885734
500976840 51369540
-839284743 274269148
20900460 559269563
795657514 354399894
-226798923 -375096005
-490563791 177390645
228296332 558304885
-22884810 106002494
-516804057 45675976
695530946 -270115862
-148004301 -946603259
-46825718 -660703317
-417016463 -109746830
-158983667 816051591
692856341 -652031298
-925214963 -239150579
-627724131 553221594
122169576 -438672799
166214083 484745781
301011009 -124713408
-475848072 -462316656
8769228964981582576
