0.056
331766362 111800613
269806827 -882449318
-722676377 -668890894
308587359 278431595
613617518 -47917572
321758996 -857223724
1882721 474729495
379103802 -325561893
330440683 -210584361
-555589352 -790593865
311376489 -822462955
472357161 734704038
-207399322 -955490964
-627992333 313455381
672776652 -514834950
393424938 257941512
-140354623 -230308982
-406190919 761831083
605387574 -597601948
-740568371 663341853
-208986880 280595565
339081695 -120193001
-978083215 145139192
-501214362 -402388090
-279109468 776072095
520746688 -768450284
479420940 376812545
115143104 -253673116
432212957 -99153531
-147575625 476458542
819608133 -562742484
323907218 -704306488
704335129 -79188123
847837003 -82826368
-84503680 -843888167
-220720106 -676255446
-409242143 -223306603
123011543 -735150673
-737925157 445000853
-505261823 -444555744
808345145 -522497633
-22762948 936753663
-639719560 56206468
-325534234 -687499982
-195171084 -282575358
418574132 54564684
26087442 -410785948
-192979366 438315470
-871720447 396803906
461825762 -416799828
12011673993257951410
