0.063
-434796098 773627915
12958457 207104203
355096652 -338518194
255244853 -394705003
-13964286 544525893
659325902 -123898625
604417841 -349666109
-268918040 -322521091
-94075979 -474890840
378188806 -489566229
-8233808 873021440
901099094 232035106
-731317676 561773047
69689672 -847899455
-118784392 49272233
145010221 356789612
-758762362 317496470
464333280 -583116372
-757449497 558165456
587294876 -197731851
-483795205 -166977995
-820966308 549614739
-838435450 -207664205
-841017056 260301582
403514971 -343062295
-235017597 672844333
-469499286 23877276
-196819210 56086742
191640909 260684684
-563073338 356351845
-269974830 95874866
-101733791 -654661333
111857262 -731980204
30226373 -529241752
-228408772 -838232112
-576628073 267593957
-168014619 893591424
-721658629 -232135730
-549273310 417137179
-862163126 -126971983
918927560 -269474859
94450618 -526627937
-314769381 678154509
-865929188 -222224659
798583623 -196762149
707355266 -569306143
34198777 -850725586
662282744 -612272063
401297392 432196024
615185436 597962862
8485794789645200765
