0.001
30531027 -40308188
276722623 -398433516
-391989549 199368391
-369391314 237023329
-384820282 151213778
393002827 -239325414
943985114 25673158
69025174 518803677
-34116428 -266423952
557652367 387580396
270493020 -543113897
377075481 527720264
-924619089 -5709167
-120987625 -477484234
-26397123 192413246
291848566 277533995
-356877103 462612315
-690676182 287134849
139982378 -15386406
476653664 -691113896
-72008524 663714115
493057427 -210689480
-386185430 -428163299
-137629249 522070481
88616414 37381051
586628277 498864194
400619309 509372577
187091323 -739193738
616773448 404375473
630352840 -65123951
-534366398 -662210485
-337222910 188962681
-832722645 -220499186
-497829515 -138018515
-84595157 -738385843
58490452 -582994034
-544718919 543170948
210963603 179779504
827059511 -368804437
-913822798 -175105023
-844192591 -266701840
-786346867 -125791830
684301202 429916266
-532096222 -654380759
195134909 -315039243
346821522 -486651825
-176021922 39200622
763092573 -643885176
469380954 620039701
489946480 -531119274
4982063573485902159
