0.016
672106453 437261290
-735725765 101397780
-235336916 403167144
386902747 -359928991
243808078 -825172244
-773181242 -312243810
-341520311 190696344
-466630200 -566232102
-693798228 266446374
-367932181 154741325
-314209307 486504534
-564488855 -356509519
-239477762 -459415237
250296257 -61402080
550802952 98063359
385108813 721071139
-524942030 -51130736
985416620 82066819
334040631 681311214
293290693 701813014
-867360175 -71036179
-183892353 -728810368
-370685759 84588263
570298389 557839635
816816018 -429492830
-493383857 402775473
130049208 -226058694
209340522 -401664145
471991254 120236300
520904531 -138011907
-121633652 -287225401
-24779900 -403342239
689422707 -648092853
-218477861 -847162675
-379623356 356317252
75952409 -723725299
-132683649 150052897
-651267176 745112936
30063891 -759230337
-927140398 -260712823
-71130947 212415197
-755040075 257893556
-2782994 -82202863
6106180 246535230
206677983 155762558
-156540478 -466049386
-695027320 -691089827
-9759442 -325719463
538090425 324995926
469311473 492316043
12801672975888088950
