0.014
-868891688 218938400
611527398 758102414
-400367130 -769956221
-319529426 -252635983
90386900 170128140
741103557 -123496750
805775025 -417350529
326137406 -389626538
489311612 -369295131
-794490685 593022238
197442140 -820234286
-856957054 76064922
813691203 63720496
-939696306 309605826
469447168 643676362
72586238 978248800
276144456 874040402
788184820 495522690
-207971316 462555053
-764800329 -69457432
-50769103 -865533139
632717636 652804333
615701664 587677282
582507675 -723785452
-465961574 -499779541
268223346 906324146
762017946 -69668536
-648505601 134148515
480322859 159019656
-176156777 869107243
503357210 516182484
821560021 382138943
225421213 -403877603
900464882 -202617557
929574900 346006631
-396566658 -105586319
-232477735 -888849216
-509464801 657938096
344335757 18788710
-301915457 -368713714
-714470616 610032770
675563526 -91235503
46051757 45799060
850996582 473269969
532855884 -278978270
57401388 -376419474
-659903336 573861649
-360571540 844454836
-658914942 -536889091
251021458 707219547
15046210165676616269
