0.041
646742653 -507657338
513069237 -799648100
-515505671 633490622
428530316 87845235
260723660 94790890
218125597 316210715
-895358449 -409570353
231201433 626530906
-896606734 -20394801
751800732 -247270404
-635147345 380242332
-51341948 -84492023
651055115 4384069
-49882360 995361887
-62675277 -67832470
-192119647 696866932
191953201 596338082
597196791 -30661000
-71338730 534965863
-976962377 -165256383
-730226496 -125193317
390658749 557720901
-720299112 95238575
650965603 -529442542
936111229 -155988507
755025508 401458311
-656728462 266282479
-882640614 286347015
-83136869 -891674688
-392576835 -894835547
-757239193 -589854526
761168100 243321130
-71494430 -676011912
-419453126 67781023
162714777 -643309898
-330744557 786498499
336956444 656526379
221332034 34041242
-937228906 -239566137
854094262 -70638998
-461614700 -406704039
138663851 132422201
63682469 -313174898
-863991530 124777090
333788346 -891793029
978152209 17843204
-793304888 -414689937
-71036005 397657760
-69171105 -413779779
924954082 248910991
6118125074660365330
