0.004
259582657 830018786
42468065 969663921
-839751415 85256370
-325369759 413645895
829360554 104942692
459606549 479067554
498184634 -47830695
255293063 603698331
-554340647 -715677269
-59013585 921374327
223437454 600638152
-305107374 741819168
849093651 -231326180
163095333 609418561
-54253185 -520916146
332151311 871607410
-528327894 512557269
36403226 -524793584
445684179 -891025963
906123485 391771342
-733031095 431068509
-542024935 -820005708
-477749759 630178759
440943032 -793305865
219265201 635774655
-620586635 661596223
317715270 -860946306
213518770 902292645
-80086724 -339904121
549432679 -427816262
119287838 -158870252
447848499 -356253596
845876637 -464533339
418861504 434857372
-303086369 291385535
164204586 546939054
456419382 327510132
-506473997 246452978
310862993 -321242200
667170193 117552784
-74680734 -867503063
580300612 339437400
-791940857 -33667115
-259274300 -398247622
937286680 100374559
-3167672 352623610
487461909 -515262443
-232122946 450739070
409610320 57932050
511787531 -303125501
12336826839042384473
