0.030
-549031445 609961403
-831788469 365078650
306359619 846040518
-601905611 657836811
-663335075 610451142
671305566 -361746841
-355549799 789786507
-752388846 -102991607
537419646 -103928822
-594607849 -357147569
-84913917 974931576
612926328 -404597920
-759020426 547614766
-268424900 809441936
-819425180 -556084054
904712521 147400655
104486832 -860523957
-178031770 -885137470
-398180075 -147149676
819325859 9605559
62462648 932198166
-396170475 202262753
138137086 215300884
790111950 111272708
274802940 -804746114
-819535890 213895138
160744707 -200061140
-486691604 189931919
-332676149 158998681
595611755 -237354298
-415969613 -841610142
546063901 369970722
-562658400 393083475
126057519 970157393
681162883 662331505
-855016370 -502974526
103657947 -826421009
972506808 -205327725
550920120 -458328544
-789590988 -530196030
-299118773 -5167025
51081279 -453645892
-576969157 -307072791
919686099 -244827357
644682287 79220685
553176762 -751977060
-695741361 616642695
161635510 -390130718
263970536 -611580201
801269356 -166141584
10245028153517676201
