0.025
-525615395 -839208644
-517583767 177827381
-270350523 -759475131
427643195 -639474784
-747855527 281907600
60016508 -382944683
284344051 860933501
356040605 738424650
-246749270 -133115095
-504172283 -18493149
-2660300 324958827
-837229388 169677237
-235898052 -899878506
647148665 -527823108
47079703 -662102950
-428876782 -41190967
-769326740 -608235470
590300481 175779161
-774244794 475596335
-743118705 462467035
124737555 164540232
89714212 449112941
-594638142 414134487
-989876362 -114901812
-537119937 788228412
232847852 -915862638
-654642808 -157354130
303399863 776210614
94820541 882609582
367857291 -2125421
-803728972 32671003
126227955 -332194530
-222483938 796240967
-846662244 142904212
-449878669 850087055
-745157976 486922689
-365122379 592858525
-290454226 518824479
-515619860 666331209
62610921 -714615999
164030094 456382464
-206821731 322344692
82471974 268508141
-94428484 -605506007
214504538 29837463
-722956943 -172549079
-428260290 -58246166
-456376629 -110222594
-715355246 -667321150
322479253 -15431562
8231724499419309781
