0.059
24414895 193410511
278646918 -749591613
394574494 825767939
-436683710 -557302135
-222035588 829998102
-744042008 262527902
-757169944 -180745950
267349265 -596353124
643996923 -228319261
548671975 -617873139
949629090 -233211717
-254464650 50032098
-159041397 556990041
545280358 281309871
215672414 -105605052
884319758 341098647
-399423319 234418365
90651953 853804298
632829139 -338810022
-577580500 -10851598
101333630 553806220
572979103 -287521831
822102784 398119514
289236229 -689928962
879136712 -96531626
-655775457 36394612
-445647455 -299330934
349038647 -460030751
-150778789 -442375058
737459875 239528902
51676239 -273184561
178222393 417781758
-9861850 -695549247
496310401 -594256534
-765355655 -277634637
-3933252 -974035756
-488231181 -200998284
51988931 926694928
332074455 -726308190
-502513631 -721272491
251885347 -829555969
76854051 609893966
202669191 -949965956
-178352128 50803999
-398279010 -720515478
-828435857 -314906905
35561983 -666252916
216494215 -881074382
-64642207 -990855336
516674143 -334824661
9002029448818854022
