0.067
938591644 -297427000
326610528 370916588
673005864 586516324
-140002745 904954016
-925714064 75183885
-720339175 -652702651
406924230 -747102074
-533640973 143720438
-216595737 523021542
-610178280 279387439
143141577 -808927853
621075098 -391005685
433310117 -644118183
-425649934 -12309027
-144097710 592100866
160936161 -502602567
-842147146 81121742
-575616864 -752423446
845987018 204393067
557811816 709960694
-520934892 -128365987
43627607 747548365
787096061 -292602952
601085384 74319762
-266143555 86941402
-560328573 301649517
595147916 -649426305
482958268 608677025
-903972100 -107369501
50382707 994997648
198329430 -823535816
-247769555 459647931
-425511679 -413393105
-900579072 -366325308
-392485498 -225984123
582071668 722023636
537044133 303606482
616160951 713019175
650161026 -435992080
-211211388 -734642714
-925795669 16751627
948842958 128924196
52282993 990709981
-893260044 -136737219
607501554 -503151985
716792737 234179580
604436394 55430457
286146652 -174184566
-420661976 360580177
-232409179 -408434520
2734252468248268993
