0.080
450852520 -670035457
248018166 130858155
-948001038 312905346
-485156683 105604132
497905504 303362711
-622332069 -708641510
61810139 -397561898
172389419 -36619875
244553024 485343610
-511615817 499435932
8324536 929751267
-480016076 79210831
-275391953 -452624000
472698458 547963478
922832512 -263874201
-397041965 116116692
236921486 618986730
-270515660 -99792792
340943426 -804027285
-11236406 -108547621
112243981 542128882
-248163137 939738416
256262822 -209223618
-150776658 698994064
-302735999 802761205
-588976723 -710521004
133999465 -678838617
-262450228 83074096
251191801 -728671985
60843658 217099548
-492325112 218153568
-837504353 -108805748
319211127 514645681
607104394 604731120
-908773687 85372670
107676237 -398987770
94365722 102561882
-411414913 -296579417
332675722 483101522
4083239 -185081754
-694462034 622719435
-564852745 725342845
-205837177 -785734223
-71465022 -169214745
116534645 60163227
166222760 -772476462
210416891 -586316815
412114316 -211434313
-479031364 620007151
490004764 -214784990
1519977190365314473
