0.028
159567167 -612097995
-166876484 -290552790
524062668 -251912055
755152298 591549782
-72273293 125716189
-190416848 -882459396
-553006733 597448555
-786179876 -441453843
870483086 -370541419
305331181 -335967231
720015655 233780774
-91310377 -580927234
-361304759 542308505
280196761 -410406689
-86033246 509537479
-491947211 256856689
448296538 670464936
-627373694 93134872
187921449 -524085856
573108738 -323052026
227324878 -833521202
-393258398 -247222054
-340699062 412210536
621250446 -688195920
-87068441 -738033923
-425073196 -620897182
601889146 734680500
159116134 -242868578
627626190 619457323
238236983 519670759
213035539 -765382841
804590801 -282855039
-529243334 -207781030
134009162 -850165479
-364351958 700500990
315707561 -428358252
-346840337 8872848
-270656950 634474504
-661512201 -317579108
-419430554 841015402
-617861740 751639889
-194910977 239151635
-617502757 -336491390
114185531 -588362297
-137265268 -339258644
839970173 91515798
25529025 -729322504
582862909 218829404
615418787 -248848012
956783350 -174836770
6111393032377547843
