0.031
730319502 652942995
-348855681 864428715
-92522063 -628477296
835094996 -46494049
567289005 515310240
566613829 359341745
412724854 -26498440
-327202045 -679539728
164804276 -815257707
-212507512 927713689
-690614016 263117015
60600247 395024529
-512690411 -692946159
309856760 -55058509
9704137 -719130373
-647548692 -724990567
32463361 397022488
627914978 -480860467
33089818 859220146
130486570 909532911
-135930407 -947999688
351969434 476587791
198973507 619500364
-708698690 -657299195
-153408633 -406214640
-12354919 -46512901
166781831 -576181281
448815623 -655076079
-232270515 -436024134
-494904564 -588378039
-265247987 16931504
207205321 -226360612
-689656071 479256464
509280468 -783130100
-943267438 41967876
-747637356 -439367835
340351074 5560023
88592922 780284770
522006695 241280964
-165899393 -244512639
-475941198 -636597946
84862383 -568408882
371891696 -209913713
-263877425 -464393845
289697198 -823325710
256116308 492703512
286411072 -448085582
-612134174 407246319
-270141417 -23407844
-372077931 22681577
14042368879920447350
