0.022
447527437 -359086381
366709868 716367867
-190946698 178268549
726436656 -356029720
555526274 -487777093
-283464193 -149190310
-553020516 479176005
182014975 334567786
-416110925 3036940
-660262144 643241942
-591598808 490666883
-446823147 114761641
280241648 -261262315
821716018 252545542
-505539077 768604848
-13549745 818399706
-8664582 554149369
-797370488 -177097356
-443709497 -30909986
632668037 151407463
754663057 -30699781
-283183788 578275219
-781124479 -37651737
330110025 -367875843
116415519 428559275
566497435 -136487015
-131313167 -968150635
-347545482 511519114
-548438381 -106181255
680755162 -600190299
126109158 -944615325
520046217 493254885
-480833839 -759947140
-646276868 525650018
230459050 723834437
459932911 -877854316
-308068359 -111460928
353757437 251912637
-462980619 870495760
974032619 -213264395
435006715 413538667
-22416712 261170220
652215713 475404101
-769211731 155369004
-820106438 506520506
-840315733 85236806
-467681631 -308844745
569439831 -494256712
756444234 -157566446
296076116 465923713
14913618087620282110
