0.098
924584148 47374090
92102763 -134945384
334054574 316266497
33290334 754354094
304770832 290412224
829534432 311516884
-308517207 -541006313
829814147 -122560839
42505085 752047855
-362424282 773270171
-472184577 -333750295
865138379 23619320
296502811 -860462199
580764148 -433546639
-156443858 -352517315
-789919949 290062868
-53267573 -311524191
664105403 243818093
525351620 -98970183
22141371 -562844206
400708687 -148332360
-329399926 -10472999
-678591996 -131015966
-360880584 -156895322
100556963 -546230587
-381844528 -575499875
-507971281 -505470765
-184841128 -688894465
581824626 514268103
-163355299 -777349852
-859796692 149802562
178011421 -183214415
-519861452 -11777512
-659317356 -726882001
-775284503 -9065177
455598019 218915112
177650677 -199656137
-458056749 -165500469
288261183 326904209
787181160 -214232346
913677982 -190316901
158360836 386174311
508998381 -339284518
46974257 308687148
913709790 154007473
68860605 -580935518
630645306 -473494786
-414098992 352882357
-244986353 -227160375
670733579 116634896
13288858298500127577
