0.005
-772980588 263650745
93643383 497657497
236584855 279520707
-377774626 247922334
-852236105 -507358580
-685698225 397943553
330592385 774096475
-888029817 -106100208
-393249217 469266662
618668786 742578103
-300836656 -158722863
895140646 -185590879
934695279 -295377419
-297642589 262918196
-427151279 613467724
867369297 363162431
513581769 -846611282
82275608 135062267
748100301 568835073
-96193250 61081060
82865420 -952792854
-120812251 643966923
-890470757 -142046211
39788335 978806721
-126410762 -579134070
-55153372 -707122298
-236101331 -19518437
297682660 354510964
-622617153 501126845
-35586362 -368676516
-209924994 76370333
-565813218 470794277
510117356 -750404324
815560090 287734867
-756471913 -19543305
147345759 405303142
-91222718 486554833
-808595703 -308130547
104215901 -899322023
49279433 492845166
-303200574 23941601
-525527791 -843990851
163521745 -503534568
899272774 -230786452
-550965571 469650407
-350298418 -345142110
-120691463 114447778
-802084607 -255025525
257885526 -116455757
-807181733 356203433
12960401523263210445
