0.026
-389315248 694751050
-414248725 -400876213
520190301 328360927
110585609 618787124
741934316 -445980537
905997626 391422590
799619115 -167943746
257212310 344086008
-145223481 -131656389
83387346 483236926
-249840337 -425956010
-382796078 -159185174
-647447082 -377337269
-610984135 -284762906
596866216 -459582003
379673975 -247058746
727617253 -574016722
-669971348 -517678670
190880101 -37737852
-545075532 -38752535
-684200504 352706800
-247744231 143011010
183649888 223449089
-339982030 523271694
-587840013 96924944
-544539849 269369440
-129922833 877334461
-183315565 -484837802
28291041 -3331081
126773565 814049054
-257953519 -183544948
71649449 -721212014
575744462 -96497905
-170100623 35009437
124272539 470642179
466161709 841020660
-414646840 488027184
-564683592 -326200859
321721178 -345747892
31956700 -177953608
321575629 -913690501
588006767 77806550
440819465 800336103
-558290811 504826160
-538500010 332660232
4546832 -293709920
-255763095 45104507
-480815414 -724617684
979067616 80243821
101051732 -512310954
1001194830631822844
