0.023
-319834429 -150579575
-781506501 -539114687
-546610029 -53947725
-474916765 -487696510
554237926 -271638275
72529756 462769875
-372218959 -865619338
-937247669 345524747
-617612779 -84594023
606645568 -76659134
687884951 -504844981
-234538666 374664545
78044388 -540967703
-511008993 601355263
-311123975 -286507516
478000302 123772700
-401768263 68939090
206846728 -656549563
451331015 831851696
-38061931 -337178029
581550400 713347914
689436073 349415058
-216731657 -165135122
-339483275 351258912
-368668060 -449500419
787959680 -166684044
306031390 -232934325
469312376 -326910833
-643571967 101087783
459696063 -120487624
-414889547 -861603167
-426830890 314823535
-155172780 155931898
11601793 162898839
-612740774 76065052
-840444891 168230691
-123099180 525913404
-49597440 173007735
408002064 -880082651
337950120 -46915649
-430119769 -657464560
978298084 31025143
297386478 -802984202
-460166191 -122009759
-369138893 -796761626
-59415949 261243733
-310006795 -810067228
730595602 -455595232
333368125 57846208
-627080469 -13398903
8248542699794960070
