0.013
-718963276 -193178853
505095264 -326051188
427747439 435580798
647897518 -653237143
-173913014 860886781
-244237486 -915893974
-429348407 296976571
-728532035 -627542180
373369046 154923160
-61707748 758512223
-11236353 346064172
-575437895 278523245
427053831 -96991656
-387757004 684562135
-722647287 399393284
439331974 -491640193
-368398917 -149854478
429613616 690137294
497451324 -36005550
-389675881 -121825705
148749988 318801315
-590709290 517884947
6846856 877649898
-329358584 869106742
353044274 -683315526
304555939 918013785
-270005831 -14604383
565687893 -609507869
-421109917 678526411
-453980691 617792469
-411505363 208990045
-191851577 -650231798
-30124294 -599326478
380679153 50680381
-124446850 531272683
-136152132 -672540248
-442790259 -16840742
570991737 43105333
-500492795 602045807
-495934223 532729966
330136880 -877969323
-887479895 -385935357
329967839 204186094
105148912 -394131062
391996752 -256428839
-580161647 581207608
545656435 -139697403
178317750 876576941
405909104 -1574739
526061058 640746374
4686875433160130706
