0.055
-369630243 928323650
281243238 -217503343
803983064 -582645273
266395646 256890851
97588127 656401933
241621829 949811021
29285919 276544130
-226672162 819883479
430576045 -692512212
247752636 -225978842
-155638675 -130660910
74184710 -856815672
566329999 755656058
425850905 -93446788
10694922 -260797799
-829255310 -103691966
238969337 -750576266
277389597 110455801
354136731 -163405116
-104670999 803914555
-668696312 556230993
87624770 402341733
141355923 477876390
685426426 -339222571
698576147 149639055
-51867251 442310150
-924909834 -244808184
84439453 -827643101
864125212 -306759167
805864904 437817619
-539292826 -551744413
-400980114 477979819
845797093 329018253
-965071470 -125666790
-450464784 621011867
-467442588 -461695498
-639912657 -92883444
-908458240 -281933686
-708635686 -242319446
209899465 942721505
-693848843 -238953702
696178628 -316685653
442625467 -239218691
620063554 -57744765
686682551 -383917201
138409529 410113662
-649658438 329414000
227916766 5997126
485006722 351138993
-884476328 138311183
3154661221472928109
