0.033
909282520 -312087623
49441327 -184161863
-397744829 -767544356
838375843 68387781
-463963700 278008249
280593198 842743047
-431777016 210716700
308296885 336973438
36776483 -707617412
-277354037 -118291067
329988283 -435311664
-169890897 357161209
22338289 -641591610
760268577 -471898532
364532397 588595568
939923728 -144017250
-649706670 395459218
688197788 239287029
784629227 -404315522
-599105085 -724339455
-296916228 -184906877
730821759 -603176033
642674683 -38754416
-372824064 -846964728
334981506 -582414104
-100386133 840121750
709881776 -59804364
468279427 566599060
311682625 -581323144
613753722 -241425264
-95267566 907736427
-477518797 863688687
774022641 170220294
-481899002 -39561859
570327697 395018757
340385118 -196507474
211782123 -512789964
859578380 468566401
133953331 967576947
-371394613 895157722
-333006230 -843088465
351126514 -25822821
25952439 -978041422
235368539 835545083
59462814 69380875
396957437 -875010416
-443857952 -364665099
-404206808 850060994
222276473 259676016
658171527 370868893
2691052786493375569
