0.065
480631848 -813168469
-654472412 523431800
-399833142 -235825665
-47334390 -17479613
341889341 -216800814
410516017 766204351
853932364 264539637
-193606811 805891739
457284102 113046367
779168642 -94151773
548643377 -820424614
-725212284 -434878693
-13314386 107627386
675444951 109025592
947638573 -31003741
633405631 84791072
575133438 -750777474
-323327089 -663501812
-798551781 118132740
655939700 -545818022
-351366641 907599240
-54818110 -109154441
-572431724 713629370
458959966 -821431925
-408174227 -88674063
-788536375 -458132958
273955642 -686650708
-377102496 -740102714
301689665 179706920
-3998224 253131698
462276078 819825686
526657061 -222464073
-384708775 -240082865
164577182 -913953845
-537607335 -242380157
620431116 338475646
74509150 437470169
71331142 328888467
-402964176 -718541043
70482121 -581951496
461120700 -853778305
137816346 -231897248
46981486 78868557
-793210561 -367509688
345420220 57790150
394731376 -627911331
-613348314 -660826366
416865350 -21846593
419414610 744990188
-147083679 875869538
6229231348604273464
