0.022
381934226 -623033247
-606314867 -728554733
330885008 -939444386
-117141939 29961301
179596811 -702968943
-544391764 -511553147
-405809756 396357471
902062210 198896910
-605910641 -566838961
-302890842 -332994153
-692558115 289760477
850245382 -303074290
-765225023 264763805
-71499370 -493504803
67433521 -304296335
-176020733 -891035480
466007355 725124715
46961143 -948760123
-632937306 -479518476
421593167 151035788
-566902812 194606703
618552017 210841377
652476171 -183009599
184750295 -76912419
570583858 280927527
344940785 857430669
-50174926 -929264807
-656445225 16467133
655938631 -36701610
-393497821 42170913
-411868655 -553909056
-581363673 692771265
-154775524 795995610
-425941355 -667445370
-906530658 90847164
-102430329 -539952151
33744451 979838663
346729427 120450248
457187178 -802401321
250532173 -195998380
-96634886 687413588
-358489792 -56169102
-420059048 569208684
-3236188 -12017384
948485723 271055831
-911063387 -219478042
-293336619 -576915702
120354271 839768937
-95506573 301388516
-385985727 445412852
8682609026742469019
