0.072
-703678562 43543544
-685084099 182312171
-448482920 759803855
937907701 32784045
405866704 893784808
666529678 203755411
618448099 -291709389
79558755 -565812640
882057684 337084538
-632065147 644060054
875094881 335655906
202654433 832395690
-635557888 418091000
-288639116 128830185
201913165 -138817847
-30819312 272322751
154580308 556172462
516596102 807282576
482899481 -42468065
884225371 95267323
158363324 535150751
56315234 353847082
-966789017 227837949
-318408822 -659313391
506305633 637616046
-26496627 -193632611
76747599 206903771
820310988 -195488928
-674331300 20790169
897258112 58261041
-79374043 549870006
569947175 217427049
499931198 240546037
470123680 -682942030
-326264870 814103694
582332802 633523031
33838820 -453252100
563178043 528991487
-31165978 -690660939
469734413 368330512
-912414789 46715486
499182864 -725880642
-725698491 45560551
-87267205 102284939
-865066076 -74715860
363248711 850763416
157637462 -348788113
84984147 -358914609
693143933 713767243
484663470 190382550
2682898870448880661
