0.074
-53684659 -726376896
-300937163 -273097540
-230455161 629801151
-829996281 300598761
179826548 -625585677
155558568 -106451094
313334102 -156331368
88796415 -51821415
265486623 -758745767
201823624 31567971
49666817 -269753931
-10600254 -704674021
662243164 -441911296
-47992253 416238904
-889431794 -400062638
439204915 550096401
-339423597 743957995
67039812 983190061
667556407 183352225
-787569593 320913788
56920099 88770115
-245920448 218312037
-838369118 429480539
607936208 357091094
-598262013 -328953686
-188741308 -61376329
360422320 416152088
-47102228 -214541452
-874064074 -299930242
-656091814 227253258
245213579 846710123
598443786 -74120327
538811179 -669385203
-565569752 659018164
199832680 74355465
-7089635 100793323
696160644 -69600266
434345392 -540169876
296269487 -689839521
-579355486 66936560
-114476478 520118394
-501083167 -161714804
-903913525 50716709
160838007 118750381
222712300 717160878
-574413935 702970266
59704799 -615230027
-322491007 -270776271
-466602949 864550280
-323518063 898867243
7393448581080854545
