0.080
36655 723637447
-522720915 568689159
-332673743 -554381115
-415629993 -229196711
340257318 500363292
234355698 917289585
237430273 -876990658
-549139636 831933875
-808860647 558818598
283228246 108154166
129961802 -704268800
-412440110 494129002
784727367 393766619
213866009 917644602
-482468569 -294502386
-182584831 542015508
716560495 -356826094
866339645 -89961090
-55262345 -299632975
-544949654 -469815865
-13792753 -657875648
313887146 -48111032
-126099528 927006457
-243010922 630002245
662940084 -470248023
80423421 726225321
366835015 -361899910
698622313 627653667
-651913656 228185610
299071442 -725742474
199201956 270015153
-338835961 154995250
-215625442 405978103
-450103912 -582404669
247486521 853722742
-947462153 78421229
490068976 -308554429
-517577962 118974826
554770033 -41656691
950810181 233178876
-743142486 -399064002
-266324638 -743148871
485763624 -206243679
884672693 -339199924
-650963091 475955637
347813051 586661308
804998606 -131229192
-133251560 -716997555
-498879321 227586710
517242162 -408269106
2019003429212842555
