0.032
149076666 -943481738
399500060 -183347920
-113187711 13133003
309872415 -21004684
-657937502 -383017549
-557319044 -9044848
-597493199 206085998
-586207291 -302916922
635299104 89264153
660259536 -13795666
529284149 742578807
508710160 -500311001
-29421716 617113710
166129923 454538428
557331108 -519684216
132546432 670125464
-314688055 395836708
294312767 910811640
-409909009 157967649
469765984 -271646684
574914299 60609537
-618793864 199239194
374448163 -16452428
-466887864 -772521890
738508992 -552978758
321337641 228155561
824048971 106868593
634326403 361443517
-260465991 -107904089
-141570265 -827632140
-397448168 -78492564
-506751829 794108760
-858467601 116207837
-540980919 -774495199
-240589849 766554265
665797582 -392634599
-405209096 317329212
907464254 -355645315
442448781 575648310
821761048 -153528970
261985288 -464700001
-802859605 137025265
555470000 -670791571
-485221261 762292153
662588914 -54381677
85869247 457684280
664147832 -518146782
-246024499 693739663
42496213 384711106
318265511 497289733
222136833533478190
