0.055
-676281346 152841039
-357581117 -381651956
-383893164 614864268
196085303 -356861176
-331109073 -165670613
-313598196 522955848
448809656 -268238480
951651850 245854089
-432495175 -350518547
704690317 -652882943
-412393848 -615321494
754224373 417560241
772452856 250087446
879280572 256687104
-120485176 857990219
235493304 50687541
-747026787 -367062390
-114138631 -293620320
138901386 -26330110
-220713494 58284474
-972196172 -163363540
896723678 287427098
-127771485 -468358222
-555061582 -490050573
-626483481 238618359
130676678 516987845
577223816 705096762
-715485232 269606473
329529457 -430610636
254362542 502089077
-400806413 -898744159
628408516 -522928076
-2238210 -428993620
-384799923 835822454
-510659292 -697465029
-486484468 811394888
295118170 896245764
-351199555 -43241308
941409084 -322698789
-37554840 678677543
-100441525 693279650
-683930303 453567316
-119892438 -448808628
-385267218 426005398
278631112 -397733144
368122305 148903648
-235194261 730302253
985122325 133075380
419581851 -346232170
-406251157 -559540736
3807093065609166208
