0.010
-689927423 583695376
318699848 937900690
-777517827 -310096407
614474905 414339270
-222140530 -223464375
583302955 555896767
-691465526 194809958
946411316 80916418
14869857 615396692
964809877 -92904711
128183775 -785983736
487426653 -270986027
-765727340 -270059347
-289500222 99927955
455790834 -406123070
164267572 -169158500
564312205 435280950
-775536877 304373361
-845424207 519193353
937156734 143940346
-93281314 -177553179
-787534923 -496892508
150950440 -195452326
195069752 970666337
711159268 568382134
-163935628 449610336
784131347 -174004758
-573156224 694955214
294869439 -396261571
-5978852 -518213766
306050333 -699059091
432545009 -574604891
866034143 -135241384
-217499850 256594347
176608518 482978234
379628021 178064924
189312725 -444999222
-628184557 -164486988
882842752 425295772
346975206 476554141
939319030 -58291874
-819013499 -5800765
105022172 840996719
-429816472 -793601977
330648195 -76217769
-333635093 -135124565
-416138504 -564510689
-286298416 194278066
-683481666 195172822
-186650346 -353748700
3510984440736597151
