0.059
293225458 -725377224
-537338462 -84672230
175578359 -227006575
299516268 504803458
-340845615 -463070937
762772727 518412449
-678325375 202402694
239311313 -962330368
-38187581 915184914
-130798271 336611861
-361905082 -784050458
-480383223 538588763
-990809208 -66946947
444090501 -19604381
467962483 -505277230
-89771871 -682153319
-831028094 96380727
-503042436 -783487273
283367204 116175795
-211977388 204200889
-58022987 -991083671
716550545 113321367
-730163330 -188646578
-874844405 -197888504
-620960697 466118219
223857500 537927028
617732981 684632206
-238338633 -155636331
-356486950 339519948
166773310 -269761424
764361773 -120406904
-791402644 369858253
-81447610 73358227
-57192563 991190390
157287208 754893117
-313592392 43652990
653789214 -415275263
567151361 760657418
141879273 71591209
-210480997 -102273602
-587972113 763580796
352368703 -18676129
-229024947 111167531
-605393669 -85303865
225921018 288646615
-572229321 466859693
433493348 108081067
495653632 -505040008
917147545 114210532
779819410 -68147246
11394413634076606501
