0.003
612315824 -424620139
80327546 249424100
-476057000 -456613403
-150058853 -795620534
-247898101 671379754
240001245 -441505923
-3798627 890545911
841240459 191699672
294806274 -767419851
59993357 156741101
885923181 272343313
-946224340 24178216
-260017002 926429451
214439694 890794158
-105821575 948749212
-262054228 -171385379
180087564 -954226736
528078535 -846160992
-97406738 -277107074
-76112788 -779329182
-258737844 -124486383
590202749 -761064214
-95010335 -241736309
60564986 69925943
772135479 -205268919
854459495 320560285
-203190295 -559432554
-23740862 360428871
-641816056 630361042
212806860 423260448
61045948 495008160
-358543552 774148374
887355501 214715383
639436889 650701770
741114698 -352754658
-795838799 394610013
-961706320 -198163283
277123298 -706417400
544169331 -347242319
-390003235 252486439
532761070 -506455650
456591510 -422901560
-708483021 127810961
-593246472 475696599
503252388 140074151
397873535 -617271923
633428211 -473508920
398269839 -136045148
297881006 719411334
769979616 -458787766
3984521109214192388
