0.031
-405628740 810903131
641633571 463316453
-327116305 776774443
-151936497 550704174
-386386851 -681268246
-196884067 709296875
-742223182 -476329336
-333755405 -101593199
-627740156 498269540
148600723 573933485
59933125 -806505820
-657457624 578017798
-536510470 -390059923
346657022 851860198
377405407 -208924588
-236520647 435653521
-728785574 108356403
-598517544 -205062328
-156259663 607829162
8300684 584163787
-533691620 799190070
-165220441 -421857911
-504475711 -775018204
-547791328 -788502983
128746268 446601118
235105572 -343518575
711813105 -246497257
58682423 669809495
-677264344 450209692
71261517 -894449053
257379437 491027482
610158418 -84909375
615002423 -218508533
248617125 -539139566
-854295256 -406539447
-270019760 -388152796
128315019 -440013178
513885318 -808286266
5881744 -58070855
307135335 327869781
459062754 408841767
610982946 -622100867
-880782851 369935586
323370887 -264298566
-952047386 -289189428
552503227 111673821
-339868388 922574269
-454085145 -638182689
-182676648 -971647611
-37083449 -492536071
1804472920615486662
