0.081
-67186298 -798971820
788222730 128000952
-778633217 -225735008
-260415667 -451107190
145518216 577926130
-436785273 786047608
-178721142 -596621413
604483462 427669147
104129054 328832538
-69364727 -919741125
-746566373 19077159
-615749546 -150498533
627616751 598849336
730063845 106981443
-623751048 -208655156
-173433136 -646736597
218559226 426993179
-538971051 383450089
64763420 -667941686
-723678539 -683536542
75309853 871623090
-442336692 715125030
852146805 -481716751
-753807470 -101904937
331734459 -735783921
-539970927 196122157
772168813 -222494939
-514829973 651632835
914306775 -158058434
664821743 -596276236
-91884613 -162291132
997845294 -26835834
121445951 -876034798
-236680855 894006335
-197439794 831106315
573669869 378237260
244669605 684176983
-614158309 252327829
-407149991 -883982771
196631359 -537188802
678419882 621036037
365038702 -740086740
419073945 614890225
319346199 -123817670
485720793 791661200
55635767 -990991925
-284899479 -580663003
-246123530 894976451
-286670359 -943931563
-129956898 -951118773
8960708508404679643
