0.034
-512152654 759874589
457642700 -432263968
-142484056 406747547
241746073 7440111
923225138 85657444
445746506 598031544
723772198 103150528
668086101 406850351
265528212 704337430
-655996400 47400596
-43591183 -91755190
583635710 686333155
93586981 641148462
-518686670 341087332
94678979 -105594856
585362787 468824126
364639435 -784885789
-287061255 -96406509
-59930444 544976848
-640441442 -686430818
255571761 -913436649
-493342124 554965489
608228938 -16825178
-653354474 625177311
-21420239 -437227668
-311189168 -798216218
-461312340 114187439
85656576 979037860
732795166 -267892762
-679257505 -46485167
171068697 543986721
121081458 422074340
-159554556 508752830
527127995 -236985312
265676938 -399850404
913821774 -27497419
-966172243 211761462
65945887 721726189
-510799767 173494511
554455839 453088537
668468654 -507259880
316261315 776759708
-782645597 -521607237
-368248475 -714969137
27449005 -443782594
606100790 453147616
756366007 108868333
644064158 -149199314
-31327834 -298442683
-591268138 -256813695
9046158523494377298
