0.002
-363811344 -72715330
100362859 576102129
671082645 490720253
-232794260 88014127
-336044817 -632076257
514484573 250500733
793182000 124797391
733149911 -122181249
-336092254 -724197785
-324464627 862441656
239252292 -960875496
-374768393 -537306571
-255195985 797500402
398802116 -728203143
-346470375 912001948
297020969 334588794
658470330 325291403
299638241 -853422252
630438887 319098270
-90959572 -717787581
-632809398 -639962876
73720340 739552617
248212953 -462082802
627582968 38821558
-590796803 -340878140
-768887066 488424039
-647501568 355556099
457430096 715539573
-822032726 156485923
255359355 115875501
-555938257 67195926
-64696311 937227619
-578573483 -190144625
-135051812 -336415522
380235343 -161182024
11463054 595882122
329048412 -615819691
-291554435 785650370
-30309228 -143231565
-744575508 -25078343
190965982 629821686
-8110394 -495025440
-280947929 -411469726
-341024804 -573127144
-665245367 -482544798
577616946 572088694
216705411 -747419148
37866189 -992979661
-7383796 147765690
-420027924 -517445580
17724699206439396877
