0.058
33657711 -83421781
391752178 -256054004
-518229824 103754098
588797756 -68254163
-886794839 -343844840
428542993 -192016797
-678413247 -680433281
-664642879 681191834
611150620 213283070
-169894586 -201258062
-74167349 -515720390
9331162 -509040988
217458467 -268787122
27104864 -316394968
823393215 -313527309
752620585 293155205
154759029 290134871
1045326 291408356
-177089670 -613744857
715765168 -361810651
719053637 -355757485
-73600444 550197152
-104402480 -788403746
4354645 -545462081
813761944 283503387
224846104 357551615
-438702005 -106558730
-840011878 -132026005
-994864169 -14932385
-110130032 -908196385
-625700331 210785061
-643891987 -538021662
-413183831 -384966292
-620807629 590126133
149165396 -62097038
-298920973 440381087
-778917446 -94298319
979469480 -114367444
-732954337 213077933
-110954396 40122481
-594705037 -449856640
728287191 -78770359
301386311 553834018
398365361 -502405531
-674236691 -438284475
655468001 403714035
472640235 -507248916
890232569 13491704
-495078150 528938231
865775285 -203918411
6829384846103557105
