0.011
132480375 285093676
669995500 642998368
-163596125 -519342508
590725182 638105762
-53985538 -133401543
-210543183 605190545
377644701 521855385
-444200195 -526804529
359533421 618028251
22687810 -156599771
-538066120 -569814869
-904470142 -114847780
792693313 -55311541
136443089 -243970640
145246805 -576380710
452494906 -688460306
558047014 715819298
-81632798 627584174
-804624171 293124100
-205822322 -1126896
805477187 483303665
-323405864 746205512
-391796855 878994628
603250731 105719986
-583930039 313813803
496572604 -21556387
568207733 -167613736
-424707481 553700466
-462101720 -436495795
-490193557 -193464448
615034183 38185768
73057377 -141022719
-627561760 -687474096
464214109 783476964
838420358 408243236
-611417730 -7457761
-541680251 -576516992
202234050 -637035813
-835583813 -241194149
167549218 273192425
334278376 -476978717
575532061 639389799
-35446309 -879551313
160710857 278207807
322978959 782942325
236552782 769999803
12383349 -403582456
561057318 -35254268
-42013961 731733288
-676402574 578682699
16250306644204673503
