0.085
572060716 324796955
839695061 -48609181
-102496334 536744781
-194326637 536327183
-316849736 -725414007
80969798 708695659
-2556516 815442909
-250150233 498792365
214637704 483420944
661573427 -29350449
109137015 -18972191
-503802429 -837388165
66676453 -351052282
53291909 -288012530
-317091087 696784787
800284801 234527482
-445958120 507055184
917846064 -143156361
287862940 641650416
227443281 -369350476
371094169 310071400
-390044476 -684657082
93563694 978991859
150219154 654219807
-967535358 21131918
209322840 257921868
-464783787 655470854
232147306 -204971739
559863825 -121131778
591363249 -806256859
331934828 608202936
-567498378 419328110
-274418472 937903990
-135928787 395417829
27770447 -670701243
317404060 700624195
184702735 52997231
-829186046 -108879890
-201314725 302110020
19829994 -577777146
252340187 -771109867
698580164 -173340025
-295009605 -540620703
-231655442 186597762
777833579 132940942
-61419819 713545562
-449174281 133293174
132836703 -919242769
766915128 196428138
540827750 330001161
6458755551794399097
