0.037
380104721 31128875
-137228882 -525254755
-637390249 526857654
-105590716 506911840
181861937 589922083
-644668557 -418753356
-823931456 225864762
151211998 222159016
-430683243 204353799
-685696573 -256556905
-394202392 307595115
-405719637 24111391
874538993 347643068
-539910814 -635596569
-680861663 110759843
370073792 487889742
-196957683 -688616487
183920831 508885454
587281284 -792928260
924254970 -280537469
-173403548 -438272135
-468362585 -769346354
-577909404 174357114
661658505 -497218963
-100909808 -864073644
-668684427 144770620
-842430802 536540927
582635787 503090114
-680670205 2220203
366493797 748492593
807307545 -158131957
-411551482 -827522721
-857679994 469393696
-28918198 -93959920
445045463 889114427
-946599437 135291014
587752222 577985087
-291115455 57446786
204959584 77733586
796936283 337168769
-61373170 -267916626
771992730 -118001908
28285064 596937053
607462076 -524009904
484907818 -661275326
320731004 597054795
441591569 -769108041
-341046993 -882619010
-4653158 33575802
-431969491 422743432
17645898771942508176
