0.043
527071829 -830644780
773291098 -185812395
-409630057 631190206
92506303 -730493336
-370104593 90738540
-37444964 515047171
-383856953 729553907
392977929 -432401
-857543365 -289840595
129588448 915070842
-544443271 -95334577
-184739997 -651953226
-359708753 -243630469
-441747513 787919964
548616731 617494033
412628802 805314467
408764792 -818507657
-669070739 -233288002
46352029 658038939
664384587 455926625
-372470881 753603199
200440848 -387844969
186559757 124984175
572563252 -321096982
177446813 -357810269
12319764 47715282
-809093241 -316278145
157317966 732099417
164605338 -290730335
-384255459 610383169
424888107 -356421610
371427094 -126528163
434315862 -370420605
471167479 607327906
-287365769 -161390467
430169872 247502190
268772743 342611986
-171476908 105959131
287485369 675627276
-41243195 -766457335
783961456 -611960096
115558233 -880768749
240160866 -848062371
-85447060 576046554
-78388781 -99859615
816892054 -558270498
113116804 -588995031
455387842 192954795
681956504 214380880
268613121 26767444
9863941719666196948
