0.047
-394020529 608546374
-160006713 -302681640
-504463550 257180822
516798282 -91723515
68688319 752955492
-217428520 -57797608
419916128 113692934
-894205792 445812435
263052493 -44449283
-447841013 804995749
585140299 -770373897
274273039 -713733859
-53134409 -727799191
541427135 -766374308
-607768711 -96750667
38953748 -13516030
805488668 -355159980
-114570642 672403025
-189530320 -607718082
933981350 -59678430
147574032 -920947793
617798055 315813569
398447642 574499870
-688070001 51992562
-609313707 655148681
437200852 792953395
-166775806 -359798256
743384755 -582994578
-806726002 -562137463
-939670983 10100800
-870763134 374928734
-537284810 572863921
292643055 -691543550
148109929 -123358340
-241322891 32481686
-978592572 -141309449
-425437175 -272572064
379171780 811788984
-146270411 751611734
-759878009 257552262
-190516903 331223245
194423703 -790440344
57888713 67636972
686460441 -416149063
-648867431 128302710
-541359447 -461140724
611599143 -210539101
849588782 122158671
205874064 969032465
-641833846 -457723037
2770784828585312331
