0.018
819585315 187540543
631870618 192172327
-229103198 -664745716
-892489962 -160920020
680583832 390524460
-634896527 -60047693
-181383918 562757930
448505301 178090467
34637814 324260224
586460731 245339632
-575908603 533002979
542942031 -761652416
812209882 305857193
-72503388 282280744
110572095 -383472391
274326552 342957261
-503018626 -349831874
234068983 -677718916
-951279794 -43381994
-161235059 117603716
-525828893 602528456
531887187 69354535
300344251 -193497238
927688919 111228247
154138758 -749710859
-523907391 433074179
416119042 61717621
144296085 -918430492
-813305496 -175851063
69161599 892092612
166282543 527374164
-677330177 454937633
-689644669 -618467623
-381195431 133490888
-402302220 236845150
-532520275 759588161
-99981411 689350150
-284835707 -422762300
86052667 -434414011
99719933 636007069
676308556 -280244144
467970813 239703061
125784039 598036660
-88914511 439294
405325338 -150688041
-322954058 -676350040
109050302 180557966
595497815 -494564706
-585526727 -31695574
498516003 835868664
8526136629169348145
