0.061
-69892703 751567045
-888544374 72094636
-91760896 -841336116
31457496 73525305
435158080 -155949938
-591164099 5925234
156513678 845746208
-30941106 -53529280
437264372 -12141312
-353396516 -384229688
468176 549618358
-763737532 267422307
698623917 650578601
-811164935 473047997
-544444440 149619660
-287210524 -226366492
80116277 -529578397
204141570 -676899775
570868877 665517255
572537861 -134024605
43425935 -480335491
-73867783 -420446291
224082289 907536214
-214177956 721527157
-357134974 -737521478
94746681 -952305952
764713716 289607894
361808445 -800859539
770871850 -402977037
546484807 520093818
407518695 -188273718
-407818719 -593111907
-297209240 199915551
-101921546 537641686
-362302073 -50703165
744415257 -274727783
973718878 178441878
-816578414 -95744942
147162284 -756403006
-333477594 -91987245
-169643456 -430696868
-570883275 -561392022
296660064 805492016
881532610 -383337679
776367262 538774124
627815331 67371198
194274395 -66395833
425543680 394286089
-842250697 -206899543
-217631274 -452312781
7010546129065695196
