0.029
751929899 259484485
427685495 271896627
-433428170 -611674704
104608933 896043435
-835486646 480945623
648801216 397149546
-195014463 -686091759
-982301320 -51318542
510947659 264276850
-577051828 266766038
363141431 -154421062
927459321 -39837574
369943280 -242435253
326148907 942345093
779174871 13182839
906776057 -258412317
-228995782 -707296758
-566638621 453223001
706895435 -697011316
-24692122 913644787
277399081 5668637
-472604872 635288130
-735085102 267836195
745938469 433376779
-40184332 -36585976
614932999 -506585502
-333790974 803064161
829109392 -204927011
622840394 190854598
169490382 97435383
-614787336 747148554
369598935 767117091
126640308 -442486470
26082110 213889495
-651924625 -365941648
556693022 -453043221
-278345761 -261478191
477944134 489881033
428253043 -744248112
-195657200 823314786
-80535952 592959453
-378677985 4275466
251687976 321116326
-31808845 770433055
-876896495 321514078
840719803 129844027
-370425907 -586564496
-411218817 -714830111
-825787738 -351483936
718798276 175683602
1217294650192271819
