0.023
-289295233 171352162
306336066 855683054
679000919 -258003147
-360112935 247483674
471388583 737442230
930273694 -251399063
-200889946 -372859647
406964426 -149524187
-26848769 513392932
-418838541 374982181
-138969738 -235479452
-227930437 873682642
288664330 475251821
326721356 33460235
49357028 -803404642
-153188153 709728154
-461504671 809900596
-703280366 -212031570
457487199 477989379
-689403889 -583294453
-267786196 354105283
-89485639 338093451
-614271702 558790457
230471801 958687337
-122792095 -344319493
36738693 -628463046
380239134 -226885847
-447550607 466566452
-119001193 371006858
-437262542 669855918
-26178341 630599051
413749002 -416820143
310824547 666875240
-831197499 -50455535
791072601 511894005
-100460844 -631933823
-548499678 -698386759
-194196210 207402906
-593049962 -41582025
403426401 525899201
-580296540 397977916
807706102 167850190
341859840 -911996345
789040031 556263593
289452346 -588741460
474419090 811482218
-316046592 -127584691
270688719 925882872
665199705 415710895
171977172 145651609
645287824805931825
