0.071
32025789 695428851
226017352 18922808
175737668 -750319655
-707317582 -638497651
-423227396 -79607837
230593875 -811186602
-817037489 -548513468
258648550 358105549
589164357 357133532
865912331 -389585300
291811519 568719345
-266474912 -953231921
-575393492 -437529409
236282467 -223995434
400622501 -379899217
158816857 36459985
96766060 638247186
-168213026 541310427
485591901 -631972984
-886727473 47932634
191869856 -402772872
255624954 622348430
68727377 790330763
453553700 -849233405
162150349 -325764986
-560090955 -464733379
-270212216 -785206255
48633266 -665174604
673278909 -431590294
501088973 862880263
431762554 -876628099
611039149 -442311149
626926860 -582412942
628192762 654015546
198590596 232456024
227052310 -953363414
119003981 -802964802
163382339 -118830954
499497769 -132083160
-176821293 930321664
247729937 -641444265
159358657 -229932996
-198782554 -46264810
35488835 -228660977
530609473 447902966
111689690 -988899210
-479960953 471710470
-47746361 971308305
-980613042 -138246653
-317389597 238411977
3262506013773107035
