0.029
-626150518 -470691733
194300488 -75985523
515064849 -525137255
503458020 745258652
673665667 -332345073
-345135513 583787272
-368522351 335687422
398187558 -848180899
-574346308 226049885
-394227429 461311437
-382984395 -59845305
-310033503 -55088087
751791841 -388475055
-493985680 -90895830
-267771959 734869403
402765150 765979128
14986853 124270183
435310838 137942310
-608524707 -525912968
-438426622 -19316435
-117788937 -513722851
518482177 117085795
-354689497 -524843218
257802897 777711610
647233789 -73964452
-79158739 -731046180
14625615 -989732446
763409092 623409006
-388676816 149026394
-277443533 -707019819
111940159 386202168
448225751 68847350
-331010503 208934246
29255193 419589794
-10310690 485294476
877555037 -369167922
-674586716 485448464
727424748 -624294315
-504328758 -838604700
238760708 280069062
-17927110 -961379359
189724212 -478242882
219902048 -91019901
518080072 574340592
112766521 -793430167
719708538 489757068
-815893151 -2549638
171451295 -348930437
-320845103 215491430
636085085 -300647431
16851144630767151054
