0.063
-402575976 82355937
-264090382 -832933477
564579290 739416075
-8712128 241697011
-530180056 -439903789
-464530423 655750607
298564582 296977104
-22076245 -73471115
-219799825 563482487
-270275059 500689008
-300107932 -376716169
517755743 -582775537
605067494 -299847964
858586854 -450165093
150572744 954137003
-573645149 332438110
-556089064 -726266960
802548437 6070981
451970503 70803426
101083067 701733977
618021947 203741027
698657624 -50681957
254008498 -895877256
-528266246 -63298719
506461818 -118129959
-478626508 622165635
-311765376 827495657
-357414354 717838102
-37426374 -650463074
-471214426 -788928824
-845908325 6096438
814234604 -15469902
-483934365 362281600
266567964 851704260
459832496 887367440
381758099 -153461653
-346384499 363992191
-604172692 477323240
-48779792 253224302
-4051482 938460315
-877276134 97655983
480077238 28434405
449292947 59593894
377556461 766055826
-911958984 338488415
20197054 -443432798
-130608778 517868417
-774089225 8079678
174367138 -95338522
-533335171 -647288898
8263825100062792400
