0.043
377384684 -170201539
490876028 78322443
283136418 926681583
-159067311 -516928207
-456500275 290494547
267046273 -703979080
-188434430 632572990
-193343401 -763793152
-39729751 -438090827
979686617 -50282109
-776354841 21788646
-215544875 -37120235
-533811216 -444788775
-8723055 301543002
-182029619 398700711
-249770502 -399667999
860425341 443068590
-23181640 564937045
72273101 -702060271
-69791823 -244929923
79103436 -640096781
130474783 -373046155
592940708 -736075714
494447129 676849653
705841331 217979855
977925602 -201170882
-260322363 920358319
235503001 625112673
397714506 213348594
-316342924 -394422030
-740811514 -576244369
326114291 -263443165
-76474823 -382528103
375168097 17071554
174276847 -315980658
-113813323 714308037
329153811 463044216
-135421479 -89676904
-18322415 -492234582
523872354 210106655
206893892 -711068532
-46311422 608919629
537978617 -160234869
457894098 -38941419
459168048 -833458297
-149407530 -305885520
45289998 46945656
-950905315 -33500932
-698679255 -279569565
150944384 428849442
10861964748578698725
