0.072
446378738 -425608087
-896449005 -429940377
835755364 -505211969
350993675 65843879
395406016 -820759809
-85183018 -531145798
849709124 -386813224
479741812 705375943
212381813 128135759
-478194182 313958871
-697132008 572571941
-105936590 783623801
641970288 258096295
-84353145 -720629404
718699148 -9863810
-434852052 -800020834
357887754 104795517
-733368808 -608367858
-820132453 109959203
87323224 -449532664
-357443037 101526783
-579023949 439191761
484974050 242948000
-327957709 673802764
-697025312 154110627
389769800 798515284
258131937 -481179868
163905954 -760192472
-236433959 883849601
771540021 -39975605
-445016153 -472330368
-308674421 483438130
462722163 -52560042
-591474730 -628442972
23939352 -765504773
388240760 19120653
278500543 -703466349
510071798 161775095
-258604446 -744575112
-46802147 -296643888
-515707760 75172072
328590772 -727266585
623499430 -530728820
-230684732 -26607870
189702342 -715067183
-295081818 821672590
722599311 -506609977
-596573470 -621708097
-709663155 208492552
569238018 -197121793
2584897062468674981
