0.058
389356758 -678103491
-711930168 -638477878
-427412490 -433849710
-466226519 -817064139
-811954883 -439847446
29730961 383600606
101679197 463126821
695808707 -394384948
666277674 31978672
-561102112 -18907450
137170711 -293064935
209931784 562834822
878412381 -353129227
-334692042 -664002169
-829016005 -321413528
579453017 134799045
658674312 43114260
-488435305 -821272570
633059053 621306189
882065520 -127275693
-670921143 -737321538
-36447660 -226421039
276386238 363707178
409628665 -391419335
403773354 360965704
125805770 181030351
222654145 895738697
225909587 -196920619
273475402 -836722463
-42886402 148589903
-465637244 426993691
471761275 346619968
-691272548 -229644012
-475580273 -81762401
183607941 648850818
137036860 -365770188
-550518083 -207224539
-619888313 -683868577
812440836 471770389
-94117169 -258735025
480112409 -498366688
-704806037 -288664739
-775806058 503199223
469597802 -521646716
-168474930 720208832
163076730 -850147410
203317671 76772160
-191603626 317596421
-360773117 -60478326
195174961 -107765586
4939697339997622740
