0.055
-312006108 -837430634
-513648678 242593593
287063426 25226452
-728964483 -533485045
-751965068 -395908379
-831461607 294048914
-256219262 -572737945
-59191360 612933362
-142776816 -723214923
71751923 316713102
111051689 -382479780
261194300 440780477
359231280 -806973017
-300167134 -918435065
643762165 -543671848
705019386 -685771592
777083421 584304509
359246940 -711552364
267833873 -264953646
877541284 341727608
-486002825 -868529098
-223441047 -290184560
360022425 773675418
-586588921 -556636880
-18619979 264126419
261155462 -514483042
-427854504 217066785
849652427 433008588
-284376965 28317832
534107476 525671642
669557011 -6370372
-139391523 -808134441
252146703 -477817358
-387341103 -580765656
683550132 -551640872
-95786144 -880626759
-252381331 176607451
-646817903 -379136952
-581302478 -58608939
4385554 -15782198
-367494701 -810515563
303277051 -221810268
349126695 -626311145
-445246593 -679336971
-649148056 -502967539
-919952638 -277707998
715564094 -374207505
-577709524 -157307621
755053106 -20581090
179189740 887519666
1929793232258582368
