0.069
-855530515 82496807
489839943 -852633865
613395915 -76682547
-531635210 199825246
135772789 -305757901
47947311 -821013995
555503899 71948856
-647780372 189588696
295180597 -682183869
439281510 -274065873
525382675 -665540846
-229861082 -149797332
-280131191 -455046455
-380521334 352528516
-933200748 -163058167
774279775 -476401572
823647600 236790252
-775931967 -447172004
-688460096 269045878
177232153 -670976791
35083493 757075711
-117952531 -178172483
-712475900 -187671866
-251305846 66523734
-552728553 195648106
810360823 -279069638
-709825061 57524631
645756638 745067993
-753269036 -645570583
103044712 -320272970
-979261926 -154992065
623092251 -531811218
40989059 435857492
143722424 371811023
749287989 436087428
-315089384 -721878935
471504971 264358098
481455918 -135376523
-181433210 741511068
159387955 909752999
820495059 -69523509
40545907 783301196
-266015563 -603405855
409302872 -661218284
478492200 465551248
42592545 826436840
300680210 285353985
268478779 861638816
-177857710 -908632525
561842830 214380481
10822735891937179646
