0.087
-205948151 938409452
-509208475 -468685176
939396503 -311204750
924384276 -217507344
-666451583 592682929
-113542829 345430665
-319453620 -328181113
-667336496 -139011789
475199323 312768910
-395559927 579050651
866513054 213169344
434343068 -704446497
423562849 340914992
-102785172 773018222
107924448 -126244620
444718786 544895500
-637126805 409182746
-324338986 130293565
-263276345 1396315
-427494025 -14911815
472755884 -140339978
749527451 -560072856
-154010546 941604182
266046074 225686644
124391025 751422086
-758123272 581645225
-526598403 114251999
-54457920 458702950
3623718 -971966607
607516998 253031268
860017850 419417541
-184972141 452904954
-724171402 473791025
-234655082 253895414
403409607 -587573193
342093367 -703704114
377122367 377975894
283601544 -555204666
-809082146 318903351
-465005715 338419428
-718505212 660227741
603668295 479403384
458265856 -359696860
-875652161 -119183933
-447347676 826197910
-141091584 -547854595
353092848 236844460
-449231772 -38885924
-45242313 70193185
-363285263 -806116346
14104486317996319093
