0.061
279027877 722497633
883760899 405142052
217874907 799331606
-175288243 642566907
305208682 56473875
-229006317 321736793
40966865 516171932
671094498 -435346036
-424235727 337225574
-442176640 -793927408
-230557474 173203046
-778320667 87474981
-719576339 206526880
-74869083 -205417511
-56094557 -63381696
-580734327 -289695858
-427029778 -299746794
-24914168 524092775
-624035431 -622422214
-467490231 301984279
450610938 47841402
67922383 535854010
-316493540 -472240532
823757549 150221745
-109163751 356086191
256570357 -648091190
196260756 874522388
-246853946 195323318
195433056 -424899549
-527021373 129667339
672696495 198415120
-61356424 909681511
-696502683 1218791
163797760 251282396
-896492624 -73036272
336544546 -840198768
716899931 -634870035
889456426 -225573575
-285836716 -900665058
-21533000 18473097
-424134357 669992352
-63933698 493825390
576138283 -204329281
-19260110 -928320383
857882914 324338662
-374980383 -190923861
261545498 -673351022
47811572 230025971
226645878 353276939
-783625798 195816540
2157223081067069867
