0.063
758074995 -637474433
-285319501 304034490
-473609383 299401555
426428408 -604730358
280360287 543307209
99541737 267919287
901111702 -108707193
340301603 -270113368
-3092257 778220329
-512066561 509173480
-611754820 358747795
733369174 -615321431
845906490 351470471
102043341 616104136
271121444 -350760752
-77682619 95419147
681514106 466909313
715257571 598735162
200799019 -799330398
-167012360 327823332
437725978 -559133732
-128100086 -451968054
-194145606 346332902
-241217634 708597773
-81913508 499578152
608936075 225315622
-204796191 760263625
544127070 370925006
-9319112 939180736
-155560231 -56583479
-303995889 -924591185
184210192 -323563092
775264318 12281981
227886424 -65826206
-310965623 649890218
-165082067 -1031278
-283850470 147540222
-513292449 -659058875
144814148 663235022
-587561847 -388071025
408400504 776160683
-134558912 3702789
829160558 373795350
203980247 -113361217
269433923 -194695537
53258263 90289715
451575381 -754063544
789177180 -541070807
-452652212 -201588655
-587696786 -203279475
1408554511278069554
