0.049
143748464 -461482529
234857905 -345437104
-466249203 623188577
5501336 356184790
-967761615 86582495
-522659103 -606697947
-539510463 -744666344
-312494358 485894713
68533092 -489012692
657304790 -457209612
-284556563 237280231
-750255385 481565669
-277325790 691015946
-678987465 263859983
926096026 290541632
557639157 -64278552
-322039459 915244260
643326759 -371401791
445253185 255513250
309071549 -56027466
685687427 417659392
721964294 691750927
737986128 337638650
66143503 118913728
140049281 590521073
-453992629 564002388
638094062 655259948
-649301105 8655413
-859181349 -454227526
451503081 -489841923
-256157096 -603461166
912234728 280961397
512498632 726663337
96594772 -961431130
-724530448 588321428
515362053 -256306830
-201356328 -722835768
693210126 409334545
262108512 -195950786
503433185 -638325845
590966615 501819138
-713599193 -155916003
-147013315 -650689553
179710084 366452216
-110500951 -498631008
-598208243 547599914
-865642700 477605029
155400259 -161130532
-616354558 378099998
487899686 -650067846
18119002068275896333
