0.042
571966167 681783027
706304472 334512337
227780899 -226934071
712464498 -287397348
-645517184 274434292
-652738888 -740936214
-17158140 -55894692
-172120463 925266374
-906756216 271577753
514618710 718387491
-635866887 240905649
667063072 285083668
-108423112 -260641057
-798619355 101013590
794051411 -185812265
415606365 697718365
1497945 -769394177
132235346 574241781
696698282 -341233014
604308189 -172854206
637463661 417485654
77926667 -48537871
-740565533 265740021
-135345487 428019501
211956494 -798662674
375309286 -908892431
141073909 769930046
965671225 60163694
-386871535 317348670
751726481 -624010392
687664490 195903649
-247970569 79293590
-963885254 -43962439
117871830 -454161387
-155918234 -218516226
646406709 15779222
-853278414 -230955064
684120091 276861544
611390487 657413108
923074350 335047894
-618971375 361062202
705732908 -579924578
560234429 -804765819
-940081942 287918458
-936805452 -197145558
-231237846 -273932884
-240547776 -421491600
231480563 310587107
56215784 -790093908
-735095775 -551743410
9405733516891409309
