0.076
123307000 331572390
-540216840 -83069824
238293727 291683625
-10038734 668174782
200661938 189761013
-395526348 8086161
48692831 -698226985
-111993840 225480564
350122977 -162153965
725599745 217160555
15384867 -209773458
175101403 9581385
726710174 -424216011
894919128 -375543694
626720463 199257295
-250820092 369542859
-179313136 619688658
531180490 106957982
12253371 73602665
-766215184 -547666310
-606570789 76057587
-529137224 400889766
896144869 106277725
-906905028 -143441639
-599999485 -483105202
-287625863 707151727
-329309929 492853959
233928229 782317845
578920009 160332643
-439659158 -600644074
398744323 478876968
838002009 314067190
511256039 -786906332
605389596 294143866
418506804 762396318
-477235670 878140794
778441953 -202154041
157094223 -854349693
-335672270 575637386
222072531 563728544
-753610061 123339095
860944457 -241266117
775188568 117716126
-76810839 989489583
-742569227 602167941
-140271575 -350775602
-355648797 215894720
-695755124 607190641
674699495 85695339
404049006 -261002811
8208853735904236450
