0.063
-294160368 174408764
440991625 524266270
400136796 844913615
423206298 883741254
-609274938 315758442
346233560 -866546424
-166130525 93904114
-791360837 429738498
558820781 -351542753
-254171522 440167047
597494795 -223635652
-606458748 765235092
479067180 -111536179
634808406 156358461
-400869281 -719295769
645821312 -492314041
668477254 549936340
-738054528 -157938478
112274292 921681329
-181488761 814535613
578334474 662144173
155004167 477976504
655449961 499411757
-256189139 196301355
-16026226 401789884
275376436 458858902
-514605191 15885170
-85665424 749803766
540838051 389160190
-915490852 -65617294
189755353 -937500881
-98101195 522629278
95529457 -599167070
878415751 107986760
-314171408 356440378
850973616 -280687256
-303771331 740072741
665392106 -268224797
-494514561 354307960
-455056199 -764918220
142040159 -98248509
721823398 140451573
-747227990 -105188338
291044976 -269936578
665084978 695721907
-704555522 601701449
824647452 -190991831
28643721 693431106
-642481452 -227294247
49558781 280940717
15906888672853974824
