0.042
-764220155 574130989
-366613080 611592216
45186502 757424398
-980606318 -10584696
-532446081 -837436821
-386806208 -65836964
-48718355 875275781
641909547 228829338
-27473803 335068769
774028429 -113319319
-575818049 466446928
249983854 125182764
885776960 -392039002
-460351773 358390334
251837080 32226808
-174987910 654711654
-820919049 239270531
-385335872 161944880
-660904820 186210960
-16131322 -606423647
-3401476 -636498025
-134904220 131355437
-57355476 573268062
434497280 -378384903
707670475 226146994
-218208026 521591795
846917146 411556626
-832573689 -102373230
-155503247 -876891823
-37047012 -541259727
-44376945 180749590
-299554718 -320314764
599591292 589375535
-560431185 92381798
20747762 883369582
396725982 272110102
-587495411 197979351
-285027551 714558860
-35053550 -131953610
363897763 283507880
339207202 847228070
-681906815 -595993307
-856994890 282241175
-586165989 -439480050
-291958207 -217770040
-152763615 -95633074
-156767371 383348360
-71126139 987618650
-593454945 177221492
517693293 94911654
6976325550889376005
