0.071
-430169338 -749884112
-333515883 -847564434
530559696 782603868
-429131743 350711763
-166249823 -707124260
-336787838 804817547
-153929177 -330041014
-554789204 167275961
573834667 100111026
-219409141 459246745
441465908 594454051
327131512 65211050
240341102 -951917208
309526745 -438337848
441913778 -70715780
-544571386 -628906265
-31754128 -852670263
-185411209 -657390972
562867996 38908530
327864634 284770916
804953594 -371140889
-238677787 -855953297
-441695648 -232454361
-123798332 345960141
-421515171 -383269102
-887495999 313371713
-615496542 -380193088
381669158 639682429
-337563688 -68358479
61868655 -720033881
-548432174 -223725981
-89982722 801777371
-497874483 -30519599
409636776 -524427624
-196502447 511876501
50209788 -755700581
895939719 -160362872
175047845 265199484
-851409748 -495188648
-244205518 -120765993
-209067042 58948649
-144519624 -124757566
564937454 251085345
659809612 687619977
670078 -632274353
251450126 304257324
168457470 -730517716
-558226076 -732885347
-431829801 586833100
-425388475 -496189146
2316980587389674657
