0.048
98223100 -308467632
-25407282 -983293232
577856016 -560339696
133513309 -327482469
-401654471 -911088941
-396638805 486524616
640455866 -737775979
29239005 941654062
-439891090 -325006409
-657315810 -139298912
735986564 -229655568
-8491676 529579647
13652279 -521550046
15831915 65359493
331573408 -679248687
-776641980 274852766
-184538193 -749123436
178445019 -314217165
315146979 -863715266
-446870263 321660140
463501643 -561131798
165074323 -254106045
945820587 320775899
775837413 435464468
-531393703 -393730735
131702716 546596735
-322266280 615587041
-619519923 645210354
858349040 486038333
-286166432 -816799651
-71119115 635624438
-240715421 806989489
330099121 -223442270
722181354 565800634
534133137 258093960
-654028330 59957495
-554007270 583956845
-541033653 -278666391
-50840518 -586225903
365561522 924618639
86304695 -471499827
586547594 -624069025
-651503489 328784687
-298176583 -79870211
672068941 -364016414
696100673 -479120514
-582789884 -47220491
-542749665 -607140273
916414386 -132120958
-683649284 -210144853
1644469031522165148
