0.094
-258792772 -828665504
340800054 741890847
170853846 375411751
-673285101 251825679
529675356 74143997
-112225872 -884169316
-621981770 -599866648
576695851 774539253
-413768535 -680330440
-957135225 -51150385
259232984 37725271
-364133287 -615304452
399316800 902210565
-851139848 -349619156
798697870 524718333
701256531 -510971396
-537972345 -391439677
555920423 -127805777
148530521 569340931
-145420150 745800384
-762735313 189963106
538995611 -113042685
-258456069 -556163748
143172263 -367573667
-810089101 46296637
-589476172 39539727
-845466620 -227606169
453904928 -795066435
150875581 -632692988
761941861 597239290
705912575 230559106
205419119 606008004
-522141647 466005990
606488466 335331914
333749298 -258337953
-5288150 291310500
-416428118 -767055843
268095247 453112002
572766729 146257346
158584023 634021357
179798253 -370746778
-807565026 266042898
456588918 405196274
230373933 348228331
610054958 -373126215
909905629 -342301389
-44326480 903903298
-53481713 -536091905
752447756 -238664181
391636483 234713133
5760828440461991929
