0.072
99125743 876836237
923183376 251314797
-424865943 183259706
159139816 -591118886
-706977906 365846821
182803437 -5412790
-10779505 108808160
-769577655 346458069
202819079 -485607984
711935782 573132527
496431822 364245225
-780883764 515498886
917904504 249909899
-593039310 434240743
670016345 154660304
-24117271 234804630
-945722575 -64814092
-68818738 -927443943
941660784 11869400
-114593422 -73565614
-581440978 -528848923
-692129242 248953637
-541374751 -824622739
-184538173 -465138509
898023812 370210536
-586001897 -350572899
232303133 -731926261
762514822 17911632
-290730802 -534752723
-542238464 799386994
386130948 674407276
-775578475 -115320879
352887901 -709016200
425264679 -393554070
-169355741 813318953
191730438 917595503
-60819725 267093517
-413633765 -332336043
-975251857 151198897
74088578 -35854862
394794112 -348056422
-35288957 -723747081
-352658354 -104423915
320971572 -51753305
-15904679 -90810359
887377442 269483511
330983780 -717094581
668659885 -374370060
-471482666 128292045
-574443065 -155246193
7545840553330059374
