0.087
5901817 284111749
209952816 -488278128
-924306465 215362067
-800494082 86525645
877636116 135038026
-335652722 -28805746
88417201 -529911904
-141206884 -566905908
-829216300 461688521
641788664 -406432433
20241879 108368694
61346561 -900247414
372342368 569913939
-973132795 -89529307
566917555 -10966803
846608065 291839706
-562173634 -303270586
-325084812 735522872
-270213401 -57554331
176368959 415614124
78727237 477802785
-48344550 635383666
-217215774 285062156
-338956596 246581622
325992941 751907218
483279606 -705405683
431676827 18417893
242582985 -811981584
-952594724 -260967539
-871224326 -260819032
-277948949 605568352
46449340 -283122971
891184694 -135420049
180535763 -466424531
-344367114 -485593069
-775482743 75495628
351085619 597386220
981963587 -152595197
-907510109 -170271311
452072177 -789023947
339332955 18222345
-344155855 89990858
755862602 -446801719
-830988453 350437372
322282274 -383403965
965554639 145522868
192591017 -424256471
-617905051 166350913
314196976 -96832398
-643096324 -293785993
4324552451993747136
