0.044
-293539718 -789054337
566221272 296975850
-140064076 -157684679
-174328289 967998369
-686938133 329794039
584295260 391295874
611222442 -448206237
368644559 342892614
396651914 183571351
262191964 839096028
-658085125 677981122
389472510 -646064510
-161778293 19058801
-844579631 -110632635
-604174530 -254009215
-581067790 -810459085
783389207 -364400971
-13703997 51909603
-629025404 -721442573
-449711679 -322780981
-631822295 617219259
-224444958 691725697
-338618333 -321749549
750818325 438749163
44520758 -245582645
726315879 78394038
-314111237 -278379103
824017974 -480658337
-9867506 -518047700
-28622510 331095930
-281364335 -215880004
488021977 -89610361
-8568428 91897737
-767419358 -422401130
824629339 485825201
-684423084 223965118
-98101733 -165682432
723312801 371949468
-528669221 -133373123
-231218630 695878407
-261299534 123268882
475228926 -607571442
123378984 -726936120
-135968231 836424470
358277796 -223953998
724638836 -580468719
-344344945 -341736561
-117913166 37510414
74631088 -533233293
-467211087 -161555662
4730934554017612494
