0.037
-705472179 583221393
-662615766 400545107
371372583 445848561
565165119 629208247
254428925 18135567
744381898 65118978
658707959 245756017
756862290 -628564194
-874687551 56248273
740745745 51713236
-774616954 -489754601
66649276 338178673
709958391 598856737
845632016 -186188777
-124516855 121441822
-523701842 -373033485
794824484 -532753770
586917646 -10727447
-767187885 212129886
383999056 -876010399
-897226235 180501873
62672385 -552099390
-742730635 -255781524
175874677 -224556250
435783948 521141849
-42938545 -22678136
109647267 -147516499
-189465526 161266787
526948164 673285524
-284468755 -826179492
252501486 -309759567
-15197325 313144717
578537859 -423292028
515825625 577868138
-218740391 774419764
-717209491 388783434
-94247487 -794911129
111373993 588698532
723700003 -512908986
-160864845 -776199448
101352961 -292125260
279578704 469567361
94451125 -842424812
872581841 -362173224
-64616555 -349383865
-353672246 183950544
526064639 12573858
-76259541 -753777302
384003803 -399977434
-426929158 -474059219
4980470933441442192
