0.053
81920578 -246451404
-633691774 -389212902
-5762357 473908116
-333351045 -679560144
704729757 261912302
804540691 -47451678
699098492 599403520
-55374182 -39662262
702161624 709584818
169870061 -763316762
44177353 550719312
-414017838 -356451805
210730815 -743641999
151420515 -425049443
-639950396 -219639024
-725201217 -13285806
495381460 -270927741
450338844 621285632
368226937 -234450074
-357198290 802367949
385537033 521294491
200368683 -377181820
264849973 877129282
-292733361 -304059904
-56315982 28931903
835451163 261661413
721324388 621891702
-265873054 919226648
-671663421 279075174
194651290 546874636
90107735 -464065583
-691636511 684336664
854610201 -344300241
720588475 -409560935
759292383 267517440
-645006243 -505038720
803656068 -158650366
112253460 -114706790
232959425 476338949
-745892187 -254702220
411826697 464669536
-207737791 21459142
-550775081 311979668
894101472 -117277041
-396913696 660592989
-536985455 -241237338
-901535167 -177002142
108128281 993373017
-240923663 -635717572
-358900393 158979440
17052744117672776555
