0.003
-937317227 331642104
715831386 130073479
-584894129 -746710788
-287762113 714875399
-282503303 902957400
245861592 -586045390
-561368275 430952902
-577338127 -146699057
760064941 -417159751
-382100587 -918023046
160540961 -164575652
-559445737 -527264460
-208743197 549570752
651276266 187465788
-769396802 -620246801
-551418699 339408738
288599859 101401609
-696850748 397344867
69554958 411306680
192501644 121386874
-736603878 324181924
-759703095 480484804
354992238 -266330776
-602118548 -633865020
-361147862 454342288
931421903 -90215948
-876116238 17180586
193229357 -659319303
-403819822 459206415
827851417 -15346505
333283532 849513193
191556116 413623449
350501024 674890176
620719737 -322122417
-277190362 -700453047
-373748858 -647381616
-310395336 484015344
348992319 425393057
494149535 772219539
97455090 131067997
681523643 376066428
629998836 -346931165
192758989 -954801924
-320481264 -623387416
-531791092 -292626826
-904344044 264331561
569445156 -813354706
184324249 -326470383
-420258118 237496588
810287826 -440147391
10427211774883609484
