0.084
558409829 34965540
-658114785 -267659252
-996638448 -80056180
343777364 883579288
-253578773 -565516086
116875699 974868702
759998665 148813437
287593797 -93807853
370173358 -189145687
522078306 649321857
-471006736 45596277
352939045 157805339
369981456 -323747230
405851811 -894087743
-147162439 604689743
677941015 -364215101
209327036 -913588751
842306506 -116731966
-130546386 124008168
538737229 236494856
-589715114 503837386
-613199429 208754009
-482145753 732762451
931324147 340892088
520623975 -168968269
793499597 606957279
177258984 -960608488
-71321592 276682216
783382885 142396062
-36988318 -360904831
905691168 4552564
450130160 -599630534
237021967 -896135090
-828363933 -109824934
11828150 -826464688
792404397 506130833
134379475 -586487203
-498027343 -449352355
176408118 -797926521
-187348274 -815530624
309538477 378840713
39167050 523139682
-746917636 -641525974
94032730 405191957
403698674 485206305
681129796 19549499
-516342712 801344624
-426943671 -23444203
419867459 -831690736
281574151 557371796
584661037465871236
