0.054
239249338 346832040
-888595097 -92490947
-723303662 -247035411
-654416023 536255498
540495312 -267479781
379937549 454226748
559995334 404671928
-7566533 942050433
138057518 -881612946
-655447469 -342630205
360985013 861078413
327170253 348426819
609521498 -336398087
47006275 915932111
923640291 328366147
1474860 -429676871
376485454 -864368264
-272319348 -168610987
117949436 746654846
183307509 -431376570
529750095 496909633
-412513249 347916107
-147445297 407041761
-330383830 768524776
-284748471 -922923419
36537122 842440669
624547220 120589314
-370601421 -21492386
-305700410 176523352
-657834522 -626336056
-536639597 15523264
-250160581 858459873
-84268018 703523687
319876444 -68330093
-9393392 38042617
-133259671 -831089491
-433133165 714927498
-74407097 6510447
-683319243 -124867555
-181658797 -473287394
409697505 301309153
-309553497 640238388
-101546629 247118598
-454231272 847129206
-666075773 441871625
404154334 -771608539
76576839 -857994026
-19113584 -235688724
259187442 -139022431
387617893 -375240195
2489608825332047781
