0.003
-377583499 514243157
617730409 396468999
21205129 890340717
197129365 832298064
533645240 -361015500
-52643246 -996484174
483254865 432424373
289482220 193081619
-109987857 757431021
414079415 -574229429
-81601898 37162078
843359168 -210200261
628536334 711432076
17343534 -179132906
-462215743 42638449
932620980 -358300266
-279344853 480053520
-178113186 -188202889
-834853596 323516556
448311495 -608307628
-177661798 -752999387
-512049314 663909595
-52188001 615201865
279758323 -744255049
-195285484 264703802
418782591 656031340
-701723322 -581144360
-852879514 -222478962
838785601 55786907
108797197 206373270
-626272233 -559195193
-54748389 503111177
-923042113 -11436156
-122492323 181016937
-682213969 -97292242
-853881732 -14735640
322417454 498726731
-407992952 -118689497
370570929 477102469
-658776290 352649375
-10548966 200657931
532485885 189705504
-472071416 -782952211
445782852 726297149
122568334 -308771383
-873488422 -421377157
90582730 -651198644
216364071 -317286681
479844400 -534459320
882274839 36064642
16216202498293756996
