0.056
-484128599 -351974226
219032731 399029199
-968252630 23537160
-408768135 -325047989
-584239892 -755960408
236238983 819692882
758418329 -135359688
78788934 -673582549
-749754048 592598540
286552632 -786218648
571507489 -588397318
-983909190 -85844541
657572661 642328703
246058836 -898750224
651593594 399070923
417289096 500331342
-561641814 449205291
-20888704 296069998
-286265931 -474803774
216574106 -867421465
292243374 185034657
-385293224 789270224
261571950 556509483
852130416 25260693
-152761709 826608054
-13998590 -786638142
736795608 -530754086
-163967316 -285665446
826962741 366160952
149243998 -833550314
672994678 -136611952
108181620 -768972157
-349985507 403438021
-689002970 94145193
594651234 626363650
508823183 492121952
-632876813 -592308655
426329216 -518955944
426592146 -608603464
157857727 685534060
-231823571 760252585
636778377 629873594
-428230938 752121531
12235991 -21324742
-873797517 444287881
157066500 -194893788
-471307078 650462860
-693315175 -294140250
-553137036 818727513
-98393408 860026570
14269210445587508468
