0.056
-834089641 -457509608
-213778853 591955162
-503467049 29177566
-511970927 682931855
33337486 -824741873
-842461120 62524550
67476350 -828948168
845149229 351949478
285396264 -615153696
696176642 298463504
975375629 -113031596
-293850044 -414867622
399085123 277321745
538240321 109946727
-54096254 -463097531
-187788046 -11025937
-331379545 -445118618
208047464 -802207571
-436504148 -197316214
-112102375 -255479914
-433076980 845819304
-193505853 -945531324
276105576 560517208
-151444941 378835186
371905922 -829288360
966985052 89198665
-102737867 -863459891
12401223 803920989
328398408 709244135
311573364 -888510862
804022456 -152676490
174502593 -959754325
-592182132 -405940522
846918122 -32430874
29541796 -982378552
-279763190 714625804
-160128994 301777684
-213541962 -531883666
551112925 101234066
-48934620 995275945
58845056 633944928
463475101 -629639170
285395423 -114793268
-9680847 -274762222
-602279639 3336994
-225999004 -820507475
-79351079 -887562331
807255101 86435648
32798174 -30105785
136343889 -804936030
6009413964076660943
