0.080
-184966718 275616558
57856097 -906431695
193306048 -22547761
776806346 -401695921
-215435818 -288810467
363951986 320413471
538488275 765312157
-72644752 722055751
-557004753 737485521
552335055 556401317
-940197464 235425676
565442395 477790322
329087730 133901475
57000358 -6237663
-817792925 -172014430
134762893 729917941
-246270622 19659183
483727686 847495756
186366855 889261483
-300594727 105398211
-418957975 595156112
-533008892 757776793
-271767606 304963235
-388428026 -660663804
-217396285 164267332
-202830347 -320432170
-514602592 -190654231
14250539 893445926
-667499007 -495125860
-916487475 279767040
440515784 -374420213
-595769975 91615446
-375808282 -502716940
403790209 -651796732
-855203855 274651892
405744615 592748845
-417726604 -74960246
-339114699 778647807
33220027 830691112
-19710760 404019531
739999834 643421568
-200908716 -46186213
-507466742 570124427
-372334243 883045009
-718674117 -237965535
-404227378 387960705
-146621196 -19438408
-198997236 -386867159
-249862770 -654914477
245036938 591436066
18284938862776641689
