0.065
848932011 -190424378
-156265890 -757098270
352532934 -147317746
471620279 -674003447
-493556964 -650390447
-146254513 -728174734
338013015 -915255610
-563914679 197401753
-436086332 267428783
-717605693 287633251
461117614 -662505654
-365828987 757701760
-536456323 497238930
356046900 -698592044
-124621921 -557682726
-175329062 -131815772
108895675 -941407049
94873799 -740731541
275894001 -916266178
-240374455 874210500
774364253 -330873427
324777758 225549328
318097584 574800466
209947309 889951786
183535161 342012814
247753312 726614067
-456796796 -413803165
839316412 -28218044
612667528 160108022
-54040692 -887259350
-425325007 -605212463
-219846566 118407093
837465228 -533041919
-113288294 415558479
361126230 917154941
-327393203 -50993763
-501732540 -738181664
84884554 984979210
-522583766 -220188056
-754160583 -619868015
472634069 304153609
342140889 -877970650
133427702 734605340
-609220522 -595402526
-10095226 -585819996
-582999674 300173101
-138084962 -259165338
858706653 -275475063
37428969 -538222274
621652895 -439304536
1343570377286251260
