0.067
331992685 -332277396
262229647 -219931728
-174685477 -925480107
191860163 210424446
-527330781 -236128923
59773249 986010147
529413452 136592773
647055657 261829334
-188528343 268343442
-708138717 497485869
-873877546 361627799
138214144 -116794198
60405263 -293651456
156192891 973175347
-763327641 643914382
-301051043 143090537
687232102 649971697
721652801 -179412572
614451011 -14120237
20763892 73629232
-212549323 -603227565
850054558 -80998051
5938016 -85879077
649381757 728775632
-115045066 329105370
256406719 535013471
507896971 -83624196
23678188 634685076
-984406676 -157296375
26414567 -406087050
700057948 -23451563
-564597675 718968174
-131117874 542600263
236253076 46629635
-782468091 323397110
-73543914 531004626
-324173610 -1304417
-315566903 -57846637
544845648 369787325
-199328668 907322452
181001687 -689778268
-495532157 775657503
893181740 -164174211
492455089 -475312897
442632227 -177338547
289028672 869939384
879350451 427856821
-631804720 416659182
-698633668 232428240
294088273 -551441029
13192023660415580597
