0.032
79940445 -718137366
213647497 -227007585
66914307 -319522888
-1518428 -445720099
-569233696 306761873
283441794 624818945
-658026278 -255290878
-791282299 -240009121
123300145 -817244167
-93863756 40688132
-24272281 -971276697
-184449673 30120774
419220073 217878947
-764787830 418059377
-62462346 -715660646
-362111765 -791160509
511641320 -842524844
61869190 353893990
816966740 -95128448
245280630 397026473
-127700970 -876633843
-503261059 360416604
841007097 99844967
759416471 618226333
-940382729 -262763003
-926807937 189299507
-698398248 -148532074
-872843039 -204470976
691021607 -704204417
-872629718 338915907
221308617 -116010531
-909993741 -1990853
-544983808 -189490985
563202482 -54740497
-247484966 527033285
279398902 657968442
534540672 -77700321
-272254291 -866653645
421103619 -356832624
-40678234 689767802
337993540 -256258442
-225869327 639148213
-262240632 -618046102
-28783476 -198657287
-591726196 433422537
408258806 -624715952
-121754682 915919512
-128468383 -608613793
693305853 -383499201
937057234 -290095233
2421128977577106443
