0.056
850282846 31144533
-649772156 179681315
577032357 -637360555
552089297 -737948271
-620190653 -321006685
790193079 225470835
59322836 809857784
373233918 219851666
913799941 204737525
-638876698 579904824
598290256 -123786675
-270282593 -774276096
122295058 484331660
-476871671 382813587
59972350 -975767098
68011149 145890624
586259814 -587316591
459045695 -249742640
-930378463 -366293844
-439836673 540966415
639813997 194073271
101196214 -460957121
447865145 295381527
-104982877 -705754015
-747655020 -619742443
-805026423 35833038
-766983488 -248079273
149268743 148386776
-78170516 203978155
25216618 857152938
-56646633 729113355
943774203 -282414604
269901704 -380157486
-910651186 81556917
799629225 574713954
316456494 -513019862
-10288589 -294752569
-133076038 -857725803
-746513643 -531394247
-450817340 17498457
754762206 -526548239
-524836723 440481534
152881310 929096911
347653414 -459623443
-421144946 -232839145
680811678 23800437
499047911 667910512
261308838 -216584216
774348890 -310986912
-221204429 -614508035
15735408743463918360
