0.081
-898215382 -175092354
477653671 832483670
836692560 316132844
-535836020 -213322415
-225327289 599162806
695876656 173954901
154094612 786667184
-584996165 -262616956
-723966074 -480403827
759192344 -424066108
-362640370 249148344
814628805 431675808
-830471800 486987413
526287546 -751560461
-31945236 676882918
175815064 -709955776
466416675 -794452928
-58709543 -442131467
-815869859 -569864342
354316212 -719825755
-989525183 -91095547
-161507520 -126521597
6932455 -406708881
-587640615 -749178100
222149228 440767823
707909999 49693990
453694449 -500282040
928582456 -88350421
242063222 -766860635
-218081558 -124395506
-95786170 949291442
469845864 368577222
214861702 -65030271
-662775166 701697287
-322397974 -775099444
-961555623 40639974
443639899 -573218731
-867165878 -161661165
805703987 466223762
555509720 115393489
675311271 311963417
725817110 -683418724
-891152384 -91431625
822750262 -201752544
129369330 -105266540
327536827 792185506
-644907939 593885403
-188565235 739286985
274632406 750554291
154181884 -769891945
9349126904697366830
