0.002
315393678 -332304885
216235390 928320282
-380490835 -536122979
661333061 60673868
860700309 297199608
913447862 201695888
-913446075 91518537
878642953 221851392
-98923516 -191388558
234275430 754933218
-164937994 628918382
-333645245 -219454377
-692570799 -485311179
365856322 520773031
-495045706 865697135
645221504 270426765
960063628 187705440
108708379 808571243
-91251234 -497591950
-858147087 410971208
-348082545 -880034002
674208240 -250280250
963090762 45951961
-9654294 -83053169
96007868 -695299564
325566777 -576408640
-27216859 295645477
125611060 988597346
-766407225 53216215
-962129851 -194514465
525313754 -57706663
-431235444 -399444469
204263026 -158921917
222546660 -361168581
-598732192 225698604
-70780836 719066858
48694726 774920548
181734999 -643109065
-284281020 -758637910
-227773036 271096021
-729127717 160673161
-655220977 -568358232
-894151054 225959930
376866119 -27962107
461254420 212001329
-372604590 -127038162
400499267 -192651381
567514757 -116518712
-607794124 -552128561
273845745 -270469179
4006399400355434281
