0.036
713851677 504361938
869274113 -35189080
-438109660 538936365
-902715723 -359039112
765171668 -529685340
623568299 62664144
292419804 -551558986
-255423400 -498212529
-27835198 717616559
144962391 8149766
306981822 11407598
88294539 27907712
49869643 -597207628
109227317 357243643
-626184027 714194388
210283955 282390293
-314158855 435952555
855729876 -288426036
-1179009 -777263227
837497262 382603937
552566826 573750448
-544582973 -182564430
33368532 -863726104
-207920889 -63458836
335631710 -273142596
326529519 -653658151
422917713 -456043635
362031254 -665604446
-573095876 -70549719
-606929290 749263676
-312950090 -717470509
-194367683 -485013339
-512026890 693413636
224346142 -469063757
-624429707 436468784
-359195812 597678168
532521395 336117781
-639239732 -673086064
-722073257 488261829
729657134 566652553
-511371784 91296799
742210834 515987281
369839133 124030299
-399403496 621131840
-950199088 -92324979
-169241377 -285400351
367507865 -626111100
-336415685 -55806457
-5885839 845569382
560531141 774089110
7880291919970325352
