0.003
-293724036 211080865
-509842535 -343634699
-351360077 -618831824
-941401453 174744953
972105861 -71819311
-604478015 -651255242
512823171 775969876
-25509186 688413929
900373965 202244667
290325476 627189261
496531374 -159877120
-817814089 383366873
-339117363 914425574
-405165116 72095707
19620203 62064083
-372188537 -895585287
790598840 510736909
361579401 -283508778
-353404528 51320476
52578851 -740311445
719136159 -304935722
591493450 -699557563
-43630371 516690284
-406313253 -162209093
-821946994 -45766075
645069246 137046303
690931505 140592696
158266100 574598973
249064802 339370061
125446589 -728489625
-412782575 784094580
419413444 96301439
-255792919 -549321700
274876707 52862069
859972022 -212358372
981590838 -20275425
-364021690 -245783821
241448978 630469332
-449851779 -499086084
-387667931 -93283625
612487840 -531275978
-860204910 127398769
-69127586 -556155260
-162863151 -439790239
654170886 -401018086
368695612 -35388553
-606165044 -709255215
138149073 -637927612
-90317023 -384165420
741778280 -268455353
17525029441213747935
