0.070
436549063 -655365573
-552685079 465529057
173876399 202626308
486688417 226782506
-842833756 522623842
256060928 -950357082
246332995 78009474
215774037 -813076360
770007295 -409051734
170160823 798331052
-282870959 -756103372
710761250 -702350190
-133909920 -935554544
657611604 36048816
175630049 279456181
610674170 599614989
501367854 439865523
66643743 491077580
-102982166 241089338
625561633 174382352
166075179 819274173
-640890150 731275147
263681699 -175812186
483924112 447264508
-625464161 247471946
146564972 -939984569
-12419870 -691530987
134278105 289640646
438525544 -597038357
-7201226 292652168
250823125 -242788638
-182440901 183762931
-857357270 -423501992
155067493 -692718263
-569029593 190907047
485318096 -8645774
314069778 712772743
214387708 -593978541
-774597335 249195582
-725187534 157397433
652695263 232429781
682194433 -620097697
-851319189 -242880321
-559385302 98132937
945343478 258356628
914949045 234268024
275245542 148283610
212731455 -162939937
-780543625 219456654
169857027 -281023813
14688110849034203218
