0.019
-832138320 406189400
-983370824 -14334747
501836378 -158926167
-539810559 574834477
-693463739 -219271304
-799474044 467779792
-100231097 160416631
372100978 594709661
251867605 798747763
403709036 133552100
937311411 256480192
-459574625 -120860898
603425129 584292580
-303910668 278947478
560191311 708124209
-106535510 689435612
467890328 -389956215
-665861498 -448937586
-463922895 44696914
-270598897 -464727419
-562911679 163738788
339521875 247139161
-607410859 -790096959
-597327210 365386129
-437193523 257620026
-30539050 -881264889
-875898092 243576451
-907561115 -21132052
388920868 -433919528
-206362715 -387109688
119911361 -927900658
-573596437 -671373159
-834726237 -507825990
595463269 -426438552
-591367997 623878641
353119317 -543160457
551685233 294442153
184154484 -704270097
539553559 112658744
558550058 -627209586
438373841 -104197949
-706789048 583649404
777038744 -512764805
130702111 122443147
319944571 241278355
539308402 -358466539
145064850 667377938
-653937185 -39665705
-317221364 274628044
765664152 -563529329
6121957045527447110
