0.018
841550451 -367648820
-492225167 -840986981
-152595130 -864301900
-199433219 57848505
148149626 547294826
-300336131 -754365443
706776271 513556598
-172407873 -77398217
-514688192 412074649
-746934719 -250656398
-263753856 -175505108
-137955474 204716318
-412890397 685939773
153260882 81304275
-969331418 -178609225
-619396451 -95809008
347159609 -566156625
745487025 413103187
557538790 -215000507
46898163 21751409
-275992793 -201466357
-892802328 -133433910
635224367 -697227701
594887514 -793695027
40962198 17611683
213073822 -963366363
462852527 94340182
163408350 142060044
594264376 -226202900
986019248 -1982302
73656862 879783068
-506467721 -280291688
904815584 144418097
-927818402 267190425
-591009082 745479364
-385228397 679632555
-499982656 730994749
-552197011 737073382
-572451792 -334093511
729060418 -601257271
91322757 -55541204
-279339120 -254875936
-405119932 153446160
494427829 452907120
-834029421 407012214
-812453929 5550547
368859323 328355912
-683068692 61385628
282928968 -584302117
-40089097 -3660275
24696433008731455
