0.014
708838805 331282892
519734466 686880186
3348921 -785836459
18167146 -722759156
-939151829 135007028
-134348438 -682444857
700277304 644387817
131964638 984364137
-225341334 -234719028
-650834076 -377589083
144614666 60372302
-23489806 312072826
-140905614 -105061790
-623767341 692286672
780351865 129937069
-834904677 -68075400
-619880211 491871105
592443868 204395354
-360724399 21928496
-663404265 66408196
134587535 16820149
670215385 -360028034
239895583 517167381
477083705 813318898
91011556 -10600896
-114531292 -185144973
412730324 -883102938
-273518413 -143602536
-383311170 -728268699
-43766923 -703151954
-627511413 -135360503
797372430 124386781
-80478930 -152536273
809326365 322677689
86469789 461489925
-313416669 370149200
587085013 -147042829
511802550 648198995
269625811 911565190
-179271403 128930127
15870871 -507682078
-825722353 364132963
-608235985 -598824085
72172262 -624148470
-101203706 -859373733
326509604 -44337078
633548494 -419204342
745136232 -81274757
838826046 353583562
4499148 -495453076
341046811130881339
