0.004
-197456090 383176313
608301570 583313342
-538687532 434215264
150628072 -961353184
-246334644 856303386
269943625 -505385026
-289979107 -924153580
-664448371 -134983748
-137979752 -867769141
-343180146 -292984062
-479478455 -375540343
169831029 566697692
-156918009 326903528
147166021 -46541840
-875415803 -282112131
161166828 244784313
643749497 -344666554
221221555 353592237
-203081016 771741585
-282005525 -938126399
-149321869 -662710735
-733636225 98668494
843911141 282375358
762464421 -82480181
296490857 -711237822
-584871309 619882307
-964151643 17689402
119232652 765537764
-599754368 -413037705
-226698276 577436880
215322261 -652885148
574738246 466245866
-615164321 442526510
623762936 484087220
-90734650 -559380310
722314981 -84571634
783746828 365843990
-929106864 -99929673
-445134620 97146823
-20584180 653874105
466598767 -733008043
463534279 -156895012
268908958 -818755702
-792040932 30665876
-419057500 365946511
414107697 749429703
-46213799 808678143
243422691 -596125112
-615211372 -232082769
-97307936 -966331880
13358391157545280105
