0.100
-171949896 -621033802
-772457766 -251541407
-58973935 -725657519
15566152 -914601823
234038741 -691107696
162544619 958754497
-416327670 383444313
-311345760 374017660
-64746220 967619685
-238297531 163291989
-95492042 833062252
387937841 -236726977
519900657 -492864779
357611523 -37930412
835121501 -427749719
148403734 -377913796
357843228 508282564
-889792535 -176897122
334187855 -569847273
-594719012 -757466959
-59811476 30983745
-181923481 -728880721
-640487496 130992327
-603125227 -756967268
-441121503 715872496
879683351 135822643
-647729628 614212906
335641035 -103338543
-130956865 841649634
-464047867 253498846
-757126913 109280613
612553167 625841425
-53278076 698473725
-864964880 -89992524
-402475392 -804253416
-436207081 -415546735
-290290352 129041283
825345608 -369318502
-399417174 -743868494
-272020456 433882331
123992531 -572588657
405500853 -81521397
-113720603 -557679222
-123501554 -683012370
728928022 450172908
853040069 389645904
-512274589 71411275
20916714 -31332672
-120813287 -91111162
611425859 -672342688
7455312234241637731
