0.033
661149388 -56082315
-311559330 584499916
552449351 36635216
239355107 -249920408
215454040 -522062466
-38943002 -341209996
111896620 845359529
583583627 -702108256
-668972832 700661404
61467929 317249586
380669322 826953886
640457302 222890807
619754082 -188058478
321372 866386770
-288594882 931054148
-34650737 -913680353
247112486 -617554647
551203214 -822883601
259305756 -357317144
92227701 -715187079
-722127239 556684505
-22188690 164708878
571368162 788062150
146921030 843378097
-479220049 359808224
555548645 224171212
726485472 120364503
123938738 813869343
303474021 -42429525
-500578594 -7120481
-51264984 14656692
921371154 -324403845
-332485695 619273440
333166209 -857020847
12908758 434035049
477206154 -24811968
134515509 -333048823
-481030664 633896605
-306976150 522162353
-601113823 658618349
-63192947 -682670209
-402737501 588314453
596741375 -393662488
795551648 500240609
-935496315 199767874
190303693 -471895128
-618125371 335805816
423640285 -797769908
506279141 -314217517
-638873490 397615381
5102460484906963100
