0.010
211922839 -16933609
-853780086 -318775055
-329098956 -81049576
-927167513 315824212
-879587721 300977865
-161074429 132735699
718764218 -632169923
271199047 -75856844
-519610477 -118008032
503817398 714453568
-120713256 -696206948
67416813 517372445
224583745 715112347
350873985 1681441
93837365 -209746953
117371257 -779915850
-225133159 -34624114
-529369693 -472541525
705292887 660253631
-978769508 -589284
252221209 -879695144
-551938575 468038941
636877256 657040458
445988227 168510134
-263504330 -934668824
599039296 -258053702
174994099 640789226
-484599852 445864997
-505569898 161104320
-120523877 -421502644
-147786263 445438656
361215793 803952547
267320768 734577448
408355702 -754003799
127616513 909587428
-246863759 -298309096
646484127 514288413
797947246 -417470939
836561175 -338388810
-503870802 163034226
-674217171 -348207180
329848607 769926316
-421492944 -731637063
631764328 -412514663
477515992 -831431255
119141609 289814384
573766833 -567515210
68977400 688099812
31683726 -335533758
-482620358 628172330
467554061695506677
