0.044
140448116 510744821
344390357 501854653
408756167 391299375
730665371 608918515
695936247 -386889482
-721580581 266158390
-892583338 246872103
-294770520 -120040614
-855796349 374352708
521138051 -438302140
634532349 -459829546
479930397 -433290336
-679921300 -404951690
-966721374 -162882162
-265981484 -266956920
725399031 421247403
-343530981 284093353
-543071895 -414511634
-366995053 -805151964
-856690370 -386690965
169009879 544680175
-71048965 281927110
660908758 -147596529
-954108994 27820410
289246949 -390658616
808368730 -101357221
333744909 241815753
285182914 -201398964
-159650408 -1790384
467291918 821962673
531906735 -644550539
-546096198 820589820
-564248679 -367566198
-284157470 -748710451
-49519921 -831342572
401006669 341278124
-228439010 736357370
-298298124 742883161
43927781 414084100
8130505 -908375557
-460340489 -581865727
333218096 57835468
64005705 529865824
286138706 51838150
-153621704 -501519139
-705436119 31932308
-543819824 725545653
582802924 618406611
574322724 344795044
467267729 476074645
2016983653350267377
