0.028
-337963922 -101024507
80122982 -616753180
200861667 -875705132
635574712 -470803089
-721114452 417568746
-631012627 83567830
-200638067 -767761364
-186757189 4836381
-917938059 249895447
-164896451 155290395
970844447 9481517
686853565 -14597173
359502324 -867308509
-570859464 -470174986
884090298 -283500286
594113107 680531743
-226168871 198737181
-241179801 -374329903
-563419313 723444688
-553738664 447272475
-222172996 -436760623
-430823349 -187243168
505033691 -379777692
33993546 -234933663
748908368 -635307582
-720013211 216018594
425422032 264626880
946268564 -95432876
165328637 -730406852
-407371706 -47092103
-31782162 -649055294
-55102283 -743726020
-831670864 508292370
51922998 967376767
-107970734 196940486
32998653 529167219
-636596313 219630580
-138408307 -714045386
-25443725 518204058
879254100 -274530139
-560530844 -798802677
-321124142 237783977
-389181837 -445576498
710413784 -270755817
-352029533 -631491006
-737926957 553727576
46406938 799206501
165267330 -203224635
212580951 470457870
-18009713 -841968216
6412152497000679369
