0.056
-105546429 -53471808
-443404489 -187826975
-199071697 -67892256
171442545 -732388675
290604117 -885590606
861978417 -468415253
630917305 -677839990
680775592 262927570
525574891 -406751606
823732940 -171829247
-666232150 -92368527
-824361631 -410452760
393347392 336078669
440079543 -413791159
776520667 526493244
-111505094 901683382
919502900 366764239
707879214 -141731570
283976941 -16778713
-415981085 -14764754
545578853 -69742180
-306109101 500388783
-816344375 -79064079
-643774095 196391406
618344689 -596333020
-184956031 476151375
565782978 241192847
255622828 294217176
-697436534 576375236
-202473440 971299462
-490060241 169409172
69673706 171028424
-234908745 91466207
757001402 148663499
192139239 -478118189
45819189 310617484
674920576 56013550
-275471723 -414530591
-795888273 -163684406
83558475 893361332
-683967864 97073046
-397654256 861840066
-930283286 -92705490
77622156 412564092
-224659552 -135508420
-513358355 524013372
-461778010 868150553
-99964258 162684276
967357913 -166594768
-212096352 -576536013
14804594368922025230
