701687785 -541700890
#r 0 1.3779605944
711269927 -492627653
#r 0 2.6167064414
668000879 -467571926
#r 0 2.6642252511
623590503 -444599802
#r 0 2.8122403488
576277902 -428428291
#r 0 1.6506753264
572288198 -378587723
#r 0 1.5558554959
573035212 -328593304
#r 0 3.4253769961
549035145 -335593069
#r 0 1.3100258185
552257958 -323515675
#r 0 2.5975062121
543107866 -317979887
#r 0 4.0402326052
533221786 -330403174
#r 0 2.9487241681
513663997 -326583615
#r 0 4.0173454679
494641886 -349395986
#r 0 2.3676838999
484020468 -339015874
#r 0 0.9297804658
493631978 -326133954
#r 0 3.0833623912
485609354 -325666266
#r 0 3.1099380451
478890806 -325453522
#r 0 2.6881449349
472373463 -322277527
#r 0 1.9990239767
468139525 -313002291
#r 0 2.0083138504
461682873 -299198692
#r 0 3.5011451734
440315107 -307230666
#r 0 0.9806726525
-499127383 633119407
#r 0 4.8248447432
-493516439 583435231
#r 0 4.7799757291
-490139674 533549387
#r 0 0.6312263133
-469957064 548302767
#r 0 5.9292968572
-450117437 540973188
#r 0 3.4754685482
-460108601 537507640
#r 0 5.0004044036
-458033252 530502308
#r 0 3.5868449062
-467701337 525888574
#r 0 0.6772971623
-463527362 529245288
#r 0 3.6811167961
-465825075 527869457
#r 0 3.1870232737
-467187875 527807502
#r 0 0.9846302351
-466810555 528375740
#r 0 3.3293217805
-467145614 528312090
#r 0 1.2043929245
-467084522 528471296
#r 0 3.5529459746
-467162671 528437204
#r 0 4.7012811231
-467163372 528374073
#r 0 3.2377883504
-467195461 528370977
#r 0 0.6452655696
-467182583 528380671
#r 0 4.9257664723
-467180876 528372795
#r 0 4.6323463629
-467181464 528365471
#r 0 4.7460475145
-467181211 528357955
#r 0 4.7168064552
-483608482 -622730427
#r 0 1.0256240049
-457680210 -579978530
#r 0 1.9789329391
-477525194 -534085430
#r 0 2.3696055957
-513351494 -499207410
#r 0 1.4219246871
-505935377 -449760457
#r 0 2.6644732908
-550351450 -426799349
#r 0 1.6743988277
-555522313 -377067446
#r 0 3.4857463336
-579056346 -385502449
#r 0 0.7467413055
-569882519 -377011815
#r 0 1.4770262477
-569210221 -369863203
#r 0 3.6946924598
-572265018 -371749169
#r 0 3.7152588349
-574691046 -373316755
#r 0 3.6873058282
-577282787 -374890518
#r 0 3.7159016969
-580514411 -376981588
#r 0 3.5737878819
-585341567 -379208261
#r 0 1.1458474127
-584245749 -376786680
#r 0 3.7596870830
-585328856 -377556808
#r 0 3.8152258416
-585974229 -378071935
#r 0 3.8202938122
-586480406 -378480174
#r 0 3.7845708333
-587021293 -378885398
#r 0 3.8098734939
-587692558 -379415334
#r 0 3.8854395968
-400050622 -282770132
#r 0 6.0420237932
-351497561 -294711666
#r 0 1.6533866606
-353559973 -269796883
#r 0 1.6072687577
-354439982 -245679525
#r 0 1.6364824002
-356369374 -216348853
#r 0 5.6830473338
-344240537 -224649094
#r 0 2.5371624606
-350287086 -220472983
#r 0 2.4918112671
-353212643 -218249971
#r 0 2.5527041208
-354744788 -217226579
#r 1 -355161149 -217063136
301295572 728310821
#r 0 3.9211874598
265735650 693161256
#r 0 0.7621681890
283819164 710423540
#r 0 3.5057039925
272138657 705972052
#r 0 3.4409402394
265296192 703860320
#r 0 5.6180691734
268113458 701650638
#r 0 5.6269019988
270452884 699848890
#r 0 5.4876798164
272675484 697580900
#r 0 0.8661059051
273704021 698790463
#r 0 3.4903639572
272957945 698519163
#r 0 4.0529728635
272657788 698131948
#r 0 0.8658140322
272816530 698318518
#r 0 3.4737998285
272700745 698278573
#r 0 3.5043074422
272629321 698251467
#r 0 4.7869314434
272633896 698190207
#r 0 5.0619806679
272644679 698160628
#r 0 0.7700855768
272655979 698171587
#r 0 3.1888686356
272648118 698171215
#r 0 0.8604788777
272650683 698174198
#r 0 3.4795959741
272648827 698173546
#r 0 4.6165422649
272648710 698172334
#r 0 3.3829407914
538670319 187274473
#r 0 3.1668764003
488686300 186010420
#r 0 3.1362893777
438687003 186275583
#r 0 0.1658230703
463344074 190402187
#r 0 3.3399729672
451089236 187938666
#r 0 3.2500478530
444869376 187261432
#r 0 0.0225654231
447996890 187332018
#r 0 3.2315380095
446439058 187191519
#r 1 446534590 187096945
-356518068 -65592954
#r 0 2.2020627021
-386026446 -25228915
#r 0 2.8386157683
-433749072 -10310774
#r 0 2.6964442484
-478876411 11218817
#r 0 1.0174544795
-465738078 32488143
#r 0 1.0253507354
-451877684 55327810
#r 0 5.7827274439
-422005214 38990641
#r 0 1.4703300717
-420297751 55928807
#r 0 1.5870791340
-420554891 71719538
#r 0 0.2121214689
-403274781 75441005
#r 0 2.0530159305
-407373444 83271320
#r 0 1.9456444532
-410582027 91426290
#r 0 3.5568701068
-410582027 91426290
#r 0 1.4350449493
-409087490 102367947
#r 0 2.3998977100
-421151404 113420934
#r 0 5.9130713349
-413524492 110461736
#r 0 2.7982614865
-417376203 111838682
#r 0 2.7041989334
-419230210 112705616
#r 1 -419453091 112662426
-276446552 932869643
#r 0 3.9237156068
-311917497 897630290
#r 0 5.6376108224
-291948641 882588855
#r 0 5.6176919466
-271254338 866344967
#r 0 5.6245640024
-244869258 845925603
#r 0 2.4287964421
-257489605 856834661
#r 0 5.4939511539
-251614385 850914192
#r 0 2.3256330849
-254471842 853951868
#r 1 -254398904 853772630
-550539604 -271667289
#r 0 4.5022129803
-560971206 -320567000
#r 0 3.3465381738
-609924810 -330742691
#r 0 0.1373162663
-585160137 -327320563
#r 0 0.2669981403
-573048048 -324007555
#r 0 0.3141042465
-567076558 -322067663
#r 0 0.2651549245
-564042882 -321243872
#r 0 0.0930085574
-562476995 -321097810
#r 1 -562172193 -320960649
-618319202 -169265767
#r 0 1.0649909256
-594093595 -125526540
#r 0 0.9910590997
-566703389 -83696209
#r 0 5.1297024948
-556570740 -106550735
#r 0 1.6579127214
-557658318 -94098139
#r 0 1.6132130772
-557950578 -87212070
#r 0 1.5292392551
-557754640 -82499868
#r 0 1.5642070233
-557724895 -77985785
#r 0 6.0157793578
-555548023 -78582177
#r 0 1.6718487184
-555661871 -77459390
#r 0 0.9819635450
-555070624 -76574113
#r 0 4.4748295843
-555195886 -77091444
#r 0 5.3986086144
-555007785 -77321116
#r 0 0.9745862224
-554924438 -77198291
#r 0 4.8157838901
-554916778 -77272112
#r 0 1.5717792455
-554916814 -77235004
#r 0 5.5264368075
-554903324 -77247742
#r 0 5.6500125737
-554892104 -77255977
#r 0 5.3948376660
-554882808 -77267416
#r 0 1.5654494630
-554882769 -77260047
#r 0 1.6547745925
-554883196 -77254974
#r 0 1.5949711976
755102565 -188650360
#r 0 4.5935150397
749172856 -238297500
#r 0 4.6627973249
746694289 -288236029
#r 0 4.5990479795
741039364 -337915218
#r 0 4.1161658055
712963299 -379288332
#r 0 2.2204368457
697840795 -359380800
#r 0 0.3407838287
709621956 -355202976
#r 0 2.7476124993
703850779 -352803810
#r 0 0.2495551255
706878973 -352032020
#r 0 0.3440443083
708852483 -351324924
#r 0 0.2892709363
710747176 -350761027
#r 0 0.2028759020
712991313 -350299395
#r 0 0.2185868674
715895324 -349654309
#r 0 0.2772580189
719922965 -348508091
#r 0 0.2672229756
725847671 -346886080
#r 0 0.1988813925
734784499 -345084901
#r 0 0.6444107719
745625349 -336938845
#r 0 3.7376304111
740014317 -340745008
#r 0 3.8559470321
737447072 -342971140
#r 1 736606289 -343370762
380790345 -501424583
#r 0 3.9688229382
346944494 -538227549
#r 0 2.4221737748
309335055 -505280165
#r 0 3.2799310390
259812730 -512175043
#r 0 1.4567429918
262657886 -487337469
#r 0 2.5995105814
241238987 -474437651
#r 0 3.1424532724
203861417 -474469819
#r 0 2.2198859477
170651824 -430702088
#r 0 5.9399041085
196519472 -439948038
#r 0 2.8918820070
183210284 -436553746
#r 0 2.1809653829
179240828 -430876368
#r 0 2.5804280240
175604201 -428590482
#r 0 3.3532839105
172972410 -429156083
#r 0 2.5981521431
171779061 -428435162
#r 0 2.6429321976
170667352 -427829765
#r 0 2.2749326747
169737602 -426735149
#r 0 1.9916878288
168905965 -424877333
#r 0 4.3211156285
168517838 -425818147
#r 0 2.1835209017
168225191 -425401853
#r 0 1.4664734704
168269937 -424974488
#r 0 0.5796368708
168539093 -424798285
#r 0 5.8002232408
-579009961 358478730
#r 0 5.6160909533
-539728825 327543437
#r 0 6.0334394969
-491280061 315185554
#r 0 5.8531229109
-445833074 294339178
#r 0 2.7420202476
-468863760 304064790
#r 1 -469422427 304386204
299350043 -849072587
#r 0 0.9818082198
327126039 -807497425
#r 0 1.1858685464
345900649 -761156147
#r 0 4.5103919528
340884995 -785647844
#r 0 1.4899903845
341893970 -773188632
#r 0 0.9814449069
345418448 -767917334
#r 0 4.1893303945
343834677 -770663931
#r 1 343475489 -771209318
547958642 -796389549
#r 0 1.7514129162
538976834 -747202893
#r 0 2.9259350241
490135040 -736503399
#r 0 1.6473405908
486311563 -686649803
#r 0 1.5657418694
486564285 -636650442
#r 0 1.5795627062
486125972 -586652363
#r 0 1.7046642677
479452549 -537099710
#r 0 4.8205763314
482151960 -561953545
#r 0 1.6786910425
480805891 -549526233
#r 0 4.7876028461
481275534 -555758562
#r 1 481275496 -554882444
120566706 -818818612
#r 0 2.3782004949
84441960 -784249800
#r 0 2.6080154163
41392303 -758818972
#r 0 6.1213254388
66065534 -762847823
#r 0 2.8876579553
53966392 -759707643
#r 0 3.0774187425
47676640 -759303450
#r 1 48404324 -759470843
137093106 -178832048
#r 0 4.6815842192
135553112 -228808327
#r 0 5.7231594331
177915180 -255368733
#r 0 5.8419961674
223127406 -276719485
#r 0 3.6785071974
201645133 -289506663
#r 0 3.9663236111
187535407 -304772404
#r 0 3.9428617342
170025145 -322847485
#r 0 0.7101408560
179566384 -314644180
#r 0 3.8408178994
174751278 -318693515
#r 0 3.8862366427
172437859 -320825659
#r 0 3.8631072322
171256146 -321865272
#r 0 3.7606969270
170614875 -322322215
#r 0 3.8613979005
170317959 -322582528
#r 0 3.4059512476
170127371 -322634119
#r 0 3.9550170310
170046101 -322720077
#r 0 0.5832767660
170095469 -322687501
#r 0 3.9393401928
170074818 -322708669
#r 0 3.3213384106
170059618 -322711431
#r 0 0.3991443184
170066735 -322708429
#r 0 3.7599465226
170063588 -322710668
#r 0 3.7998145789
170061989 -322711904
#r 0 3.8394888733
-671832205 450572368
#r 0 3.9048983430
-707959940 416006680
#r 0 4.5415897408
-716458441 366734218
#r 0 1.6931603251
-719509913 391547290
#r 0 1.7751087147
-722253980 404790627
#r 0 1.8435734428
-724701432 413539331
#r 0 5.0425669120
-723228768 409242389
#r 0 4.9186575702
-722762087 407012074
#r 1 -722653704 406989964
-468532303 -84888903
#r 0 1.3337482750
-456790590 -36287132
#r 0 2.5571890877
-498492654 -8702031
#r 0 2.5351270694
-539576036 19796315
#r 0 2.5286664635
-580474446 48559487
#r 0 5.6605285471
-560166148 33979602
#r 0 5.7942963851
-549129413 28108481
#r 0 2.6253872247
-554565542 31193670
#r 0 2.6244587071
-557284200 32739940
#r 1 -557195036 32498833
242220329 -192797614
#r 0 0.0204461763
292209878 -191775376
#r 0 5.9537430049
339521024 -207951145
#r 0 1.8996401680
331447298 -184290736
#r 0 5.0504503712
335593033 -196083228
#r 0 1.9329598505
333378669 -190238651
#r 0 2.0139761118
332037847 -187413910
#r 0 5.1128690980
332647357 -188853610
#r 1 332679812 -188919140
474168597 127670696
#r 0 5.8313051134
519149982 105837807
#r 0 5.8625100013
564790650 85418958
#r 0 2.9865200479
540090643 89280254
#r 0 5.9222426925
551785196 84865801
#r 0 5.8402086177
557665590 82076012
#r 0 2.6459715391
554802866 83623687
#r 0 4.0373713687
553783227 82349861
#r 0 5.8378894016
554519497 81998464
#r 0 5.8722556866
555275696 81668960
#r 0 2.5861509552
554925264 81886444
#r 0 5.8629071820
555113535 81802304
#r 0 3.9183102787
555039997 81730031
#r 0 0.8112940482
555075494 81767416
#r 0 3.6565333035
555053061 81754722
#r 0 0.7988394063
555062050 81763956
#r 0 5.8353127870
555068306 81760950
#r 0 2.3804600804
555065794 81763343
#r 0 5.8311260775
555067354 81762586
#r 0 5.8719220975
555068221 81762208
#r 0 4.3037530527
555068221 81762208
#r 0 2.6630930772
595496296 -707793242
#r 0 3.2981528097
546107822 -715589310
#r 0 1.5461088076
546724947 -690596928
#r 0 3.3683047953
534544813 -693406616
#r 0 2.0622114177
528642732 -682378960
#r 0 3.4774336052
510929490 -688562020
#r 0 2.0749919404
500213769 -669141138
#r 0 1.7518955571
494333418 -637026568
#r 0 2.0177935873
473998027 -594604343
#r 0 2.5252186977
416534866 -553894624
#r 0 1.5083628833
422998956 -450493482
#r 0 4.2547516346
400111511 -496964548
#r 0 1.9669450720
390117235 -473069712
#r 0 2.0131525003
381580233 -455046311
#r 0 2.5619734246
364148941 -443635363
#r 0 2.4228509356
341852784 -424129701
#r 0 1.7121136231
335844132 -381894246
#r 0 1.6926413977
329103704 -326848618
#r 0 1.7160930386
317864268 -250038673
#r 0 4.8734890900
324090188 -288350042
#r 0 4.8019197600
325825823 -307684118
#r 0 4.9224082878
677928845 -196320030
#r 0 3.4617818619
630470051 -212057338
#r 0 3.2547332883
580789730 -217702308
#r 1 579900540 -217940563
134234208 -184258840
#r 0 3.8955927478
97786388 -218486846
#r 0 3.3783809770
49181569 -230215935
#r 0 3.4863434143
2123583 -247114041
#r 0 0.3779123118
25359507 -237889518
#r 0 4.4297931209
21873889 -249893702
#r 0 1.3234798520
23403907 -243833873
#r 0 1.2316390878
24444864 -240883223
#r 0 1.3570475440
24776872 -239353687
#r 1 24642521 -239902249
-222667336 -46611794
#r 0 0.8366878702
-189171060 -9490378
#r 0 0.8410808546
-155838181 27777828
#r 0 2.5313658003
-176326132 42104163
#r 0 2.6758573827
-200079354 54042825
#r 0 2.5380234335
-226615969 72336887
#r 0 2.7106664340
-267496539 91131424
#r 0 2.8235761970
-328056245 111067042
#r 0 6.0011660992
-297437272 102195447
#r 0 2.8821310194
-312842915 106284800
#r 0 5.9933398002
-305205765 104007062
#r 0 2.8878829771
-309062992 105007230
#r 1 -309704907 105410103
219528894 970092025
#r 0 4.4301459256
205603361 922070368
#r 0 4.1344179898
178287080 880191724
#r 0 3.6164071627
133818203 857333050
#r 0 5.0532510150
150533186 810209708
#r 0 4.6475492789
147293472 760314776
#r 0 4.7509459022
149220840 710351937
#r 0 4.6752509653
147364366 660386414
#r 0 4.5341647065
138500253 611178412
#r 0 1.3096312041
144955411 635330656
#r 0 1.4920879246
145944985 647877339
#r 0 1.5816594604
145876606 654171640
#r 0 4.8344731013
146259892 651047730
#r 0 1.7904444627
145917012 652583588
#r 1 146072817 652306414
-384209398 -106897359
#r 0 5.7475008062
-341213426 -132418848
#r 0 1.7542340443
-345773693 -107838287
#r 0 2.0814337992
-355168915 -91066973
#r 0 2.2191421516
-365155372 -77885229
#r 0 1.4796706394
-363576090 -60602412
#r 0 5.2464458809
-359159032 -68071486
#r 0 1.3841971114
-358354123 -63808097
#r 0 1.6773183573
-358679859 -60761749
#r 0 1.7331644863
-359075820 -58344555
#r 0 0.4922120892
-356857212 -57154864
#r 0 5.1040757391
-356376695 -58318264
#r 0 5.2576231725
-355676754 -59472202
#r 0 1.9470609428
-355924713 -58844597
#r 0 5.2695174212
-355746309 -59130979
#r 0 5.2914748061
-355651021 -59276710
#r 0 1.7043915887
-355662617 -59190427
#r 0 4.1306565138
-355686535 -59226796
#r 0 1.7555026559
-355690532 -59205402
#r 0 0.8268482790
-355679806 -59193748
#r 0 1.8646395244
-355682341 -59185370
#r 0 1.9303331180
615373946 -411111791
#r 0 1.7561838767
606157573 -361968547
#r 0 2.2456092468
574920010 -322927355
#r 0 3.2050495021
525020646 -326098068
#r 0 2.3465457943
490008080 -290403247
#r 0 2.2497737071
458608203 -251492481
#r 0 2.4077487655
421477926 -218006028
#r 0 5.3828338984
437011293 -237594661
#r 0 2.1820948691
429837151 -227358368
#r 0 2.5401262232
424665993 -223809445
#r 0 5.7265419815
427328485 -225466269
#r 1 426923753 -225344975
326662212 790338362
#r 0 0.6622096218
366093989 821081409
#r 0 0.4443561702
411238370 842575242
#r 0 0.8878594714
442792066 881361377
#r 0 4.0359825410
427142199 861865695
#r 0 4.3930166392
423217398 849997281
#r 0 1.3150714419
424798383 856044290
#r 0 1.3224944495
425569514 859085821
#r 0 4.4821752582
425211518 857558331
#r 1 425302405 857909489
340630368 -61653550
#r 0 1.6353382982
337405509 -11757656
#r 0 2.8118412214
290099366 4432737
#r 0 4.7880605078
291989349 -20495719
#r 0 4.9178359788
296706870 -43133968
#r 0 2.0238220989
291646198 -32738011
#r 0 0.6190226004
296633499 -29184886
#r 0 4.7934819454
296881515 -32236599
#r 0 4.7803130918
297059993 -34860171
#r 0 0.2402668757
298337041 -34547295
#r 0 0.1804172930
299680333 -34302278
#r 0 4.7663871241
299717181 -34984010
#r 0 0.2370153041
300049001 -34903857
#r 0 4.8852826801
300078364 -35071993
#r 0 4.8640382528
300106443 -35255732
#r 0 1.5700999067
300106508 -35162796
#r 0 0.5977719368
300145798 -35136045
#r 0 1.6435231314
300142419 -35089666
#r 0 1.5399164821
300143445 -35056458
#r 0 4.0178480319
300132813 -35069221
#r 0 0.6498296963
300139425 -35064196
#r 0 2.2119676820
-936931568 -253662529
#r 0 0.2830496946
-888921159 -239698265
#r 0 0.7450755686
-852169326 -205796897
#r 0 0.4635634271
-807446084 -183439982
#r 0 1.4501533472
-801428557 -133803409
#r 0 1.4068161176
-793266242 -84474142
#r 0 1.4830574921
-788884927 -34666471
#r 0 1.4547940968
-783097815 14997493
#r 0 1.4135160413
-775266183 64380340
#r 0 1.4874014203
-771101269 114206573
#r 0 1.9537976968
-789786572 160583932
#r 0 0.5417553981
-746946330 186365973
#r 0 2.7368167743
-769926096 196211292
#r 0 5.8834733154
-758411433 191346879
#r 0 5.8389251374
-752767983 188660623
#r 0 5.8678654173
-749905189 187398215
#r 0 2.8272619742
-751392928 187881893
#r 1 -751016843 187868861
-55698254 -527054964
#r 0 3.1359682450
-105697463 -526773745
#r 0 2.0122730230
-127061215 -481567660
#r 0 1.5205993778
-124552421 -431630640
#r 0 4.5763423540
-127943105 -456399638
#r 0 4.7500025713
-127469596 -468982466
#r 1 -127117056 -469571929
-176767589 -188188183
#r 0 5.7220464809
-134435107 -214795719
#r 0 5.7761749848
-90725102 -239074011
#r 0 4.0086420227
-106902076 -258134584
#r 0 5.7102415252
-96398217 -264910934
#r 0 3.7850870747
-101398241 -268660900
#r 0 5.7614002055
-98689083 -270218489
#r 0 3.8365656665
-99889193 -271219058
#r 0 5.9547767137
-99149696 -271471040
#r 0 4.3914365726
-99149696 -271471040
#r 0 3.7808757674
-99463181 -271704094
#r 0 5.7446831847
-99295511 -271804259
#r 0 3.7010837345
-99378276 -271856090
#r 0 4.6491587374
-99383777 -271942967
#r 0 4.5316373040
-99406403 -272066779
#r 0 5.7694789819
-99246543 -272156978
#r 0 3.8651101831
-99315327 -272217735
#r 0 3.8212000674
-99383893 -272273137
#r 0 4.5495162312
-99400723 -272375554
#r 0 4.8828369490
-99374531 -272527729
#r 0 1.4378788946
-99364299 -272451204
#r 0 5.7697774358
133207554 429148051
#r 0 3.5602845020
87526475 408819769
#r 0 3.1607866628
37535685 407860127
#r 0 3.2667273487
-12073358 401619708
#r 0 3.2581474646
-61734117 395805153
#r 0 0.1688477702
-37089641 400006318
#r 0 3.2546857806
-49509787 398595666
#r 0 0.1367858764
-43318167 399447914
#r 1 -42380192 399361874
420725815 -425022251
#r 0 2.3601952111
385229312 -389808641
#r 0 2.3113009086
351496290 -352902229
#r 0 2.2818121503
318866100 -315017262
#r 0 5.6098543309
338409821 -330607098
#r 0 2.4957824898
328427166 -323084027
#r 1 328634335 -323373960
-984543034 144270826
#r 0 6.2433843895
-934582632 142281305
#r 0 1.3206253016
-922204149 190724810
#r 0 0.7208993898
-884643530 223727839
#r 0 1.4824570426
-880232308 273532870
#r 0 0.6580575476
-840673223 304111929
#r 0 0.6819532833
-801856072 335627461
#r 0 1.6772171859
-807167077 385344593
#r 0 1.4765521722
-802461842 435122708
#r 0 4.6318825032
-804472330 410203681
#r 0 4.4683522446
-807493171 398071761
#r 0 4.9019268350
-806293846 391820089
#r 0 1.9537085516
-807483028 394772426
#r 0 5.2798311664
-806627678 393430417
#r 1 -806891733 393795072
366737756 485628537
#r 0 4.3160365606
347434950 439504772
#r 0 4.2063026700
323197057 395772352
#r 0 4.4130492280
308452588 347995782
#r 0 3.2143188178
258584757 344362678
#r 0 0.0892245048
283485310 346590332
#r 0 0.0362861901
295980481 347043933
#r 0 6.2594553915
302232907 346895536
#r 0 0.2205300667
305314545 347586366
#r 0 0.5255408159
306683334 348380185
#r 1 306679485 348076778
-649282821 -270779598
#r 0 5.1026887219
-630259539 -317019351
#r 0 5.0709289381
-612714169 -363839859
#r 0 5.1955479288
-589485227 -408116447
#r 0 2.1332621609
-602817071 -386967880
#r 0 5.1692490406
-597302917 -398185905
#r 0 2.0114690816
-599968842 -392533000
#r 0 2.1002518312
-601547578 -389835162
#r 1 -601321149 -390397977
411724544 245564399
#r 0 5.6489695972
452001378 215937103
#r 0 5.5876186529
490385913 183896075
#r 0 5.5835308562
528639151 151698407
#r 0 0.5039363472
572423580 175842221
#r 0 5.2066968061
596144702 131827356
#r 0 2.6003116692
574718468 144708213
#r 0 5.3401702033
582060348 134591555
#r 0 5.2304022380
585613838 128356560
#r 0 5.3570833336
588945552 123925300
#r 0 0.7817965816
590912713 125878342
#r 0 5.3796123262
591770386 124789572
#r 0 5.2358498811
592508732 123510312
#r 0 5.1493425641
593267763 121885201
#r 0 5.2913319921
594575286 119884886
#r 0 5.3290418988
596578996 117058253
#r 0 5.3445665876
599612605 112916555
#r 0 5.3316616858
604061413 106675344
#r 0 1.0380697820
606007752 109976543
#r 0 5.2461809506
606982679 108326982
#r 0 5.2189084464
607796701 106859742
#r 0 1.0064784075
795592083 -315379132
#r 0 1.7465362045
786850250 -266149259
#r 0 3.7764259453
766720986 -280975341
#r 0 3.2345593562
744361551 -283060033
#r 0 1.8548944977
735872487 -253987560
#r 0 1.8464789027
724215810 -212781242
#r 0 1.8579241421
706518208 -152847781
#r 0 3.4603145486
706518208 -152847781
#r 0 4.1369909233
689515165 -179062333
#r 0 1.7019679296
687471749 -163573596
#r 0 3.4464027125
680020353 -165917913
#r 0 3.7969671616
673592555 -170859088
#r 0 1.7488615262
672874530 -166869428
#r 0 3.6411206657
671095319 -167840325
#r 0 2.8570240195
669215203 -167290377
#r 0 1.4656039908
669511705 -164482119
#r 0 1.7580852843
668806866 -160762850
#r 0 2.1527793209
665736059 -156096015
#r 0 2.6896416526
658213891 -152444276
#r 0 1.5093763374
658950217 -140470974
#r 0 2.4943587727
645495358 -130301135
#r 0 1.4392429808
-521849662 466816098
#r 0 3.4475620966
-569527431 451755211
#r 0 5.1715111503
-558448398 429344165
#r 0 2.7296375857
-569902644 434349185
#r 0 3.4841516456
-578101900 431425177
#r 0 3.3973525991
-588775171 428634260
#r 0 3.3581011852
-603466047 425402911
#r 0 3.3643081573
-624419557 420657518
#r 0 2.2916339381
-645239347 444355393
#r 0 2.2983805874
-670536080 472760290
#r 0 2.3387649537
-706370764 509866428
#r 0 5.5319976879
-687519651 492262934
#r 0 2.4771766010
-697672528 500214722
#r 1 -697851974 500576593
-558514126 -706353026
#r 0 5.2614176015
-532421183 -749004618
#r 0 0.4999501936
-488540861 -725035527
#r 0 4.7913097131
-486569890 -749957710
#r 0 5.7231648338
-467142073 -762138525
#r 0 4.3085274396
-480225540 -792753689
#r 0 4.0965446158
-499896057 -820550493
#r 0 0.8158996675
-488229348 -808149454
#r 0 3.8804312908
-494522736 -813882492
#r 0 0.7059039428
-491283358 -811121144
#r 1 -491652501 -811294167
-218018041 -776753981
#r 0 5.2871449262
-190836543 -818720231
#r 0 5.9958492704
-142886431 -832890155
#r 0 4.7549574256
-140758651 -882844860
#r 0 0.5193487089
-119055087 -870436990
#r 0 0.5677001636
-100307319 -858481002
#r 0 0.4646671517
-78102121 -847350090
#r 0 3.3725215514
-90191858 -850192670
#r 0 6.2409705070
-83987680 -850454734
#r 0 2.8666380028
-86975909 -849611756
#r 0 5.9783832896
-85495039 -850077646
#r 1 -85392485 -850135205
517252615 315449462
#r 0 1.7939755293
506186060 364209398
#r 0 5.1774812745
517398692 341864895
#r 0 5.7071795011
528475445 334670825
#r 0 1.8834965726
526443875 340954534
#r 0 5.1167683148
527743033 337918870
#r 0 2.7849318078
526195944 338495308
#r 0 3.3277311447
524981446 338266596
#r 0 1.7395400261
524981446 338266596
#r 0 5.1728386178
525256020 337713029
#r 0 2.7755332480
524967530 337823618
#r 0 1.7432476234
524929504 338041929
#r 0 4.4360102420
524899270 337935336
#r 0 1.8158608676
524885829 337989079
#r 0 5.6047786370
524907395 337971696
#r 0 1.8174866416
524904013 337985126
#r 0 1.8218903549
524901701 337994138
#r 0 5.6998124676
524905583 337991576
#r 0 5.7578094439
524908454 337989911
#r 0 5.7278108079
524911227 337988190
#r 0 5.8159857479
524914725 337986425
#r 0 1.8097012535
-836634468 79323631
#r 0 0.1793901058
-787436833 88245106
#r 0 1.3262338202
-775330239 136757273
#r 0 0.8193162492
-741194191 173291232
#r 0 2.1564469772
-768831277 214958863
#r 0 1.2485090627
-752994433 262384535
#r 0 5.9056814099
-729754744 253169504
#r 0 5.9366797874
-704052053 243888945
#r 0 1.6433608357
-705042663 257516416
#r 0 2.5462029167
-715429659 264552463
#r 0 0.0019246276
-709156800 264564536
#r 0 2.5645941487
-711785458 266275495
#r 0 5.3259819122
-710882465 264993345
#r 0 2.5490581268
-711532904 265431242
#r 0 0.2777060113
-711155872 265538723
#r 0 5.2925008383
-710988676 265283590
#r 0 1.5512942351
-710985702 265436079
#r 0 1.6194417141
-710990534 265535326
#r 0 0.1323423231
-710908571 265546237
#r 0 6.1923298498
-710785374 265535013
#r 0 0.7925619154
-710655319 265666945
#r 0 2.5085644210
-478957491 -425697431
#r 0 5.8353027150
-433889187 -447350328
#r 0 1.5608461628
-433640437 -422351567
#r 0 5.2329241665
-427423631 -433195980
#r 0 0.2851979132
-419957351 -431006938
#r 0 5.9221924877
-409911627 -434799568
#r 0 5.8448350541
-397659162 -440543116
#r 0 5.1604415618
-389674219 -457155728
#r 0 6.1358890219
-367274840 -460479143
#r 0 0.3005253710
-334848457 -450429818
#r 0 0.5858657708
-293566480 -423035737
#r 0 0.6457957085
-236699185 -380181027
#r 0 0.6682529030
-154944957 -315643061
#r 0 4.7549132703
-152731000 -367675013
#r 0 2.6476140409
-175657581 -355328829
#r 0 2.5994454736
-194830816 -343779791
#r 0 5.6600896437
-185742519 -350310576
#r 0 2.5738966808
-190460505 -347301809
#r 1 -190373794 -346837230
744680137 283363242
#r 0 3.8881361133
707978107 249407963
#r 0 3.8269475813
669268385 217760571
#r 0 0.7379221583
687765085 234579371
#r 0 0.5413275021
698507458 241038068
#r 0 3.5658866865
692795934 238457985
#r 1 692815606 238194153
787479252 -388621533
#r 0 1.7832906555
776934313 -339746138
#r 0 3.2290219687
727125288 -344112037
#r 0 4.0205121796
695226111 -382614537
#r 0 1.7757847383
690137216 -358137954
#r 0 1.8347766226
684976366 -339044066
#r 0 3.3143377685
664066027 -342692589
#r 0 3.1717052912
632542708 -343642126
#r 0 3.3648065230
586424097 -354110887
#r 0 1.4278293513
589793180 -330706196
#r 0 1.4213450930
593118304 -308623201
#r 0 3.9265593294
585219368 -316515323
#r 0 3.8774730236
579693516 -321519332
#r 0 1.3904738206
580362020 -317852332
#r 0 3.2365790893
578506703 -318029094
#r 0 1.4061578240
578659431 -317109836
#r 0 3.2367628903
578195610 -317154112
#r 0 1.3756892216
578240775 -316925568
#r 0 2.6731244492
578036710 -316822303
#r 0 3.9226415731
577793156 -317063748
#r 0 1.6982711186
577771357 -316893665
#r 0 2.2127725454
734374273 161323653
#r 0 4.1039155304
705793495 120297574
#r 0 4.0475718875
674947736 80946092
#r 0 4.0286812310
643364149 42184293
#r 0 0.4660004757
665698461 53417214
#r 0 3.5882926222
654424991 48017318
#r 0 3.6149480465
648860147 45167037
#r 0 3.6548291094
646136370 43631874
#r 0 3.7177910805
644825141 42779905
#r 1 645096529 43006385
-835925574 -325109799
#r 0 0.8242180540
-801969017 -288408951
#r 0 0.7688756014
-766034370 -253642572
#r 0 5.5813035989
-727852940 -285925360
#r 0 5.6061485557
-688881311 -317249666
#r 0 1.0373842059
-676169451 -295722738
#r 0 5.9150514568
-651629712 -305188153
#r 0 1.8157811454
-654819371 -292429851
#r 0 5.7757385877
-649072473 -295625192
#r 0 1.9977810603
-650434020 -292632627
#r 0 1.7468310433
-650818427 -290471531
#r 0 0.7091328316
-649128108 -289021200
#r 0 1.1152319832
-647668740 -286042511
#r 0 5.8990176022
-643224174 -287839242
#r 0 5.8093731270
-637675670 -290684354
#r 0 5.2769959598
-633065299 -297963281
#r 0 1.7752348114
-633939914 -293744914
#r 0 5.7831458634
-632049606 -294777691
#r 0 1.1394897515
-631599349 -293799304
#r 0 1.6306100921
-631669325 -292630799
#r 0 6.2478328109
-631084392 -292651486
#r 0 5.8308219996
191098699 -491490599
#r 0 2.0343215099
168743494 -446766502
#r 0 3.4158140276
120611677 -460306376
#r 0 4.8492190309
127431851 -509839044
#r 0 2.1338790823
114086963 -488698706
#r 0 2.0855707437
106915464 -476020234
#r 0 2.0699412803
101926488 -466869387
#r 0 1.3038126146
104538902 -457318071
#r 0 2.2136741574
99638515 -450775731
#r 0 4.3481076440
98182389 -454594591
#r 0 1.2071117087
98909313 -452684727
#r 0 3.4880467497
97948260 -453031682
#r 0 1.3117585553
98079122 -452537846
#r 0 1.2997999588
98191965 -452131688
#r 0 1.2321063770
98342438 -451704526
#r 0 4.2189367392
98235178 -451903957
#r 0 2.1636379461
98171919 -451810056
#r 0 1.1522806715
98212668 -451718444
#r 0 2.1168548447
98178779 -451662677
#r 0 2.1545290751
98132228 -451592201
#r 0 2.0780060685
98074343 -451488035
#r 0 4.8810295251
76967052 -918743877
#r 0 2.0147030367
55493512 -873589840
#r 0 5.1084198646
65137499 -896654824
#r 0 2.0862779924
58975575 -885779133
#r 0 5.3302069624
62595936 -890873784
#r 0 2.2590609142
60610944 -888460193
#r 1 60566664 -887913121
-458212991 -390070259
#r 0 6.0656704297
-409391153 -400860445
#r 0 1.9533646466
-418723761 -377667723
#r 0 5.6943788436
-408328710 -384609833
#r 0 1.5286131379
-408065143 -378365394
#r 0 5.7264987810
-405411986 -380016568
#r 0 1.5962134482
-405451696 -378454574
#r 0 5.7221323610
-404790216 -378870259
#r 0 1.4435011609
-404740626 -378482796
#r 0 5.6861583448
-404579102 -378592597
#r 0 1.9228511749
-404612776 -378500932
#r 0 5.1566448478
-404591791 -378545019
#r 0 5.7033858533
-404571195 -378558507
#r 0 1.5669558899
-404571148 -378546198
#r 0 5.7167580235
-404565955 -378549500
#r 0 5.7041717717
-404561594 -378552351
#r 0 5.8792079504
-404556351 -378554592
#r 0 0.0507477565
-404548686 -378554203
#r 0 0.8907934429
-404541481 -378545294
#r 0 1.5762552869
-404541570 -378529035
#r 0 5.9292217871
-404533945 -378531853
#r 0 0.9693500950
-561441965 -303326039
#r 0 0.0618542888
-511537583 -300235296
#r 0 5.7003648424
-469791901 -327754344
#r 0 5.6910047436
-428305625 -355662925
#r 0 6.2329064119
-378368811 -358175811
#r 0 5.5612878997
-340841148 -391216309
#r 0 5.6167889659
-301538428 -422124176
#r 0 1.7464977816
-305908399 -397509072
#r 0 0.0397758742
-293418287 -397012005
#r 0 5.4566983686
-284478343 -406718541
#r 0 5.4608846145
-276656752 -415139807
#r 0 5.4643816941
-267830012 -424576885
#r 0 5.8056089809
-252822024 -432344031
#r 0 5.7550313898
-231324930 -444886292
#r 0 5.2635363971
-211998834 -476326939
#r 0 5.3719165081
-179931678 -517685336
#r 0 5.3030078392
-136868143 -581915907
#r 0 2.1872741020
-159223085 -550368085
#r 0 2.0635522258
-168374628 -533323989
#r 1 -168666461 -533968244
-143029320 -288205830
#r 0 4.7395921611
-141669329 -338187331
#r 0 6.2235516732
-91758207 -341167246
#r 0 6.2367994577
-41811989 -343485707
#r 0 6.2390866570
8139402 -345689925
#r 0 0.0813385148
57974094 -341627482
#r 0 3.3649163442
33594927 -347164282
#r 0 2.5859138894
22764031 -340438880
#r 0 5.7696835450
28316449 -343570250
#r 0 5.7350345902
31041588 -345234121
#r 0 5.5566320598
32237833 -346297259
#r 1 32339262 -346407663
-217724255 370576245
#r 0 3.9130216741
-253570012 335718223
#r 0 1.5080046337
-252001251 360668953
#r 0 3.8603116357
-261409373 352438690
#r 0 3.9811163668
-267575660 345565969
#r 0 4.0523548465
-272824546 338803332
#r 0 4.0992617095
-278435004 330829219
#r 0 6.2779224553
-273560041 330803563
#r 0 4.0241982714
-275108206 328920835
#r 0 1.7197229256
-275289041 330126101
#r 0 5.0516907741
-275086222 329551465
#r 0 4.0387269839
-275283051 329304884
#r 0 1.6729228102
-275299134 329461814
#r 0 3.9655508029
-275352716 329403932
#r 0 0.3027227992
-275315072 329415689
#r 0 4.0996839079
-275326411 329399558
#r 0 3.9320416387
-275335791 329390083
#r 0 4.0611614999
-275342419 329381387
#r 0 3.8709728746
-275351658 329373129
#r 0 2.9475346860
-275366779 329376101
#r 0 0.2404353945
-275359296 329377936
#r 0 3.9439421066
231282029 -813119927
#r 0 4.4263575872
217174674 -861088485
#r 0 4.7020701102
216658740 -911085823
#r 0 1.6606205554
214416153 -886186611
#r 0 1.2783277797
218056047 -874098083
#r 0 4.4265770773
216276375 -880154328
#r 0 4.3196310824
215068341 -883070295
#r 0 1.1977670791
215643478 -881600680
#r 1 215849640 -881225723
-173650117 941397434
#r 0 1.2935035745
-160668045 987008500
#r 0 4.5073409185
-165496003 963793921
#r 0 2.1881180323
-172358685 973461395
#r 0 5.3634092163
-168766433 968746012
#r 0 5.3001712805
-167121028 966276727
#r 0 5.3177805491
-166276699 965056742
#r 1 -166497192 965283196
-974261600 -135035256
#r 0 0.4404745173
-929034128 -113716819
#r 0 1.4466089464
-922840707 -64101886
#r 0 0.3924263133
-876641513 -44980315
#r 0 1.6471739817
-880456684 4873917
#r 0 0.2100062715
-831555204 15297219
#r 0 1.7071467320
-838351619 64833153
#r 0 0.1544746618
-788946994 72526205
#r 0 0.4070685595
-743032725 92322162
#r 0 1.4565348069
-737332072 141996125
#r 0 2.0789459575
-761660148 185678441
#r 0 1.2482364636
-745810376 233099794
#r 0 2.3522937964
-781027536 268592774
#r 0 5.4232390072
-764715583 249647587
#r 0 1.2254796894
-760484400 261409690
#r 0 1.2688042015
-757248032 271798636
#r 0 1.1958264676
-752854082 282962361
#r 0 1.2798109620
-748317335 298110794
#r 0 1.2421159963
-741206201 318961440
#r 0 1.3289592402
-733517652 350131482
#r 0 1.1420997180
-713903464 393046760
#r 0 1.1891823316
-219071864 876570219
#r 0 4.2834370642
-239867759 831100111
#r 0 3.1989163552
-289785631 828235495
#r 0 3.1202158519
-339774207 829304254
#r 0 3.1903132419
-389714876 826869188
#r 0 1.4964485497
-387857894 851800124
#r 0 5.0158626083
-384122433 839871322
#r 0 4.1464939416
-387916873 833897634
#r 0 4.2470658687
-389544525 830655919
#r 1 -389504827 830962234
841216372 -245702053
#r 0 3.8842916391
804384073 -279515981
#r 0 3.7244355112
762639007 -307035964
#r 0 2.3572895407
727244973 -271719362
#r 0 3.3325554945
678153876 -281209578
#r 0 3.4538525071
630571788 -296570078
#r 0 3.8109256889
591360005 -327593231
#r 0 2.3142523709
557518202 -290786542
#r 0 3.4204728577
509449987 -304550506
#r 0 4.0240611798
477687656 -343165974
#r 0 4.0307476876
446184236 -381992956
#r 0 3.9784737784
412695135 -419120844
#r 0 2.8704309207
364522116 -405728299
#r 0 2.9557942160
315382663 -396491735
#r 0 2.9777205339
266052514 -388334752
#r 0 4.1045202976
237496552 -429378108
#r 0 2.6673140049
193015432 -406543266
#r 0 2.4554629375
154330241 -374865892
#r 0 2.4162270071
116917396 -341695438
#r 0 5.3844394426
132482192 -361259105
#r 0 2.2031878923
125093749 -351176403
#r 0 5.3706863235
-554460271 622376857
#r 0 4.0306209422
-585968612 583553868
#r 0 4.9665845337
-573395267 535160573
#r 0 3.9655809308
-607360256 498467528
#r 0 5.4418449390
-574037049 461190673
#r 0 5.3663230929
-543621369 421505834
#r 0 3.2653468233
-568430175 418419871
#r 0 3.2408411048
-589892406 416282756
#r 0 3.2459749096
-613575154 413801680
#r 0 3.1648034069
-644425302 413085496
#r 0 3.3169054618
-686399984 405650469
#r 0 3.1569604091
-749062639 404687409
#r 0 0.0129803009
-717730252 405094136
#r 0 6.0493433673
-702489069 401463692
#r 0 2.9004450142
-710096195 403334539
#r 1 -709906892 402997310
-710372218 -603481641
#r 0 6.0708174565
-661495489 -614020398
#r 0 5.5866819707
-623140983 -646097366
#r 0 1.3539379160
-617761916 -621682910
#r 0 0.2778361990
-596413372 -615594026
#r 0 0.2449490794
-564834448 -607700288
#r 0 5.5501812444
-528840071 -640107540
#r 0 1.4121036149
-525013142 -616194973
#r 0 6.0318745923
-513285071 -619206021
#r 0 0.3125338751
-500888944 -615200539
#r 0 0.9097442336
-489396375 -600424651
#r 0 0.2514024937
-462300202 -593465368
#r 0 5.4415417528
-435231239 -623764424
#r 0 6.0912267744
-388591530 -632828925
#r 0 5.3410200027
-347300297 -689624100
#r 0 0.5968782835
-347300297 -689624100
#r 0 6.0382232602
-256023249 -712441751
#r 0 1.1746132977
-201564434 -582251308
#r 0 0.9061143580
-99066150 -451452710
#r 0 4.0053048042
-153041471 -514620799
#r 0 0.8931671790
-126995692 -482255647
#r 0 4.1677769395
57367412 137137296
#r 0 1.3845963225
66623708 186273036
#r 0 1.5045318029
69934510 236163301
#r 0 1.2093456239
87616089 282932541
#r 0 1.4070369235
95767512 332263609
#r 0 1.5612456103
96245041 382261329
#r 0 4.7017845572
95979935 357262735
#r 0 4.7230663193
96113399 344763434
#r 0 4.5883706363
95339985 338559150
#r 0 1.2680731154
96271956 341543150
#r 0 4.4221990190
95824707 340045428
#r 1 95676482 339594241
350298717 99524416
#r 0 3.0185364034
300676811 105661712
#r 0 1.1328696019
311278379 128302531
#r 0 4.2970278290
306234374 116865399
#r 0 2.9304928668
300120007 118175662
#r 0 4.3419606226
297852649 112337313
#r 0 4.5802431578
297375118 108744703
#r 0 4.3270905380
296526237 106651643
#r 0 1.2071148781
296927957 107707102
#r 0 4.2823988119
296692571 107193842
#r 0 4.0363314861
296515135 106972645
#r 0 1.2143750629
296564607 107105518
#r 0 1.1630336176
296595436 107176887
#r 0 4.3826179263
296582849 107140111
#r 0 2.9712651720
296563578 107143426
#r 0 3.0296826303
296544737 107145543
#r 0 4.3648869744
296537128 107124536
#r 0 2.8657462997
296521051 107129087
#r 0 1.0866258692
296524940 107136481
#r 0 4.3916601146
296523623 107132517
#r 0 3.0680665715
296521486 107132674
#r 0 2.9100243660
124361302 -505132095
#r 0 1.5392897160
125936372 -455156910
#r 0 1.4761430218
130661974 -405380724
#r 0 1.4764206162
135373758 -355603228
#r 0 3.4262009365
111379465 -362622766
#r 0 0.2682040105
123432570 -359310265
#r 0 0.3572537698
129289524 -357124035
#r 1 129500243 -357096439
-544744435 413022941
#r 0 5.3496390753
-514995060 372836193
#r 0 5.0273750900
-499504897 325296159
#r 0 2.9663215406
-524121879 329655536
#r 0 5.5326308326
-514980495 321129982
#r 0 5.1952311376
-511259939 314032782
#r 0 3.0415263592
-515246540 314433043
#r 0 5.1598119923
-514379815 312626918
#r 0 5.2404644759
-513517691 311148994
#r 0 5.5830272509
-512117272 309969059
#r 0 1.0329256964
-511648194 310755392
#r 0 5.1978106289
-511434589 310350471
#r 0 5.2186892203
-511244975 310008522
#r 0 5.6331897055
-510897408 309744303
#r 0 5.1799516698
-510617877 309190671
#r 0 5.2025052974
-510220253 308445411
#r 0 5.6268152996
-509256470 307703004
#r 0 5.5322771718
-507922434 306457956
#r 0 5.1381432760
-506792790 303966967
#r 0 5.6262839154
-503615966 301517153
#r 0 5.1769638832
-500930446 296158542
#r 0 5.2677464237
-119196968 -904270036
#r 0 1.8334401319
-132178698 -855984689
#r 0 4.9266352926
-126863422 -880413112
#r 0 4.7285456878
-126661000 -892940716
#r 0 0.5252598228
-121240891 -889799399
#r 0 4.8040827764
-120954080 -892918549
#r 0 4.5286600533
-121475402 -895724004
#r 0 4.8963219655
-120937196 -898617032
#r 0 4.7623414708
-120735942 -902642590
#r 0 0.4240929465
-118899180 -901813309
#r 0 4.7942351894
-118816800 -902817581
#r 0 4.8289401274
-118704751 -903774595
#r 0 4.7643202493
-118644399 -904935694
#r 0 4.4651822050
-119024130 -906440361
#r 0 4.5460293252
-119369039 -908494473
#r 0 2.0504709923
-119849651 -907570571
#r 0 4.8537313298
-119776297 -908086094
#r 0 4.7685675483
-119760105 -908374010
#r 0 4.4586651872
-119811461 -908572059
#r 0 4.8279594908
-119785563 -908795147
#r 0 4.6861242725
-119792308 -909051912
#r 0 4.7216674030
-804414631 -463783652
#r 0 6.0176192078
-756167427 -476906430
#r 0 5.6944128746
-714586276 -504673458
#r 0 0.1237642054
-664968727 -498501034
#r 0 1.2246245280
-648003767 -451467109
#r 0 1.3466000718
-636887627 -402718453
#r 0 1.8439458085
-650375901 -354572150
#r 0 1.8679718197
-665016935 -306763781
#r 0 5.8524241918
-642300730 -317202844
#r 0 1.1354591102
-642300730 -317202844
#r 0 1.0999951447
-642300730 -317202844
#r 0 1.1339531431
-642300730 -317202844
#r 0 1.1668491196
-642300730 -317202844
#r 0 1.1384567480
-642300730 -317202844
#r 0 0.5968621919
-626489891 -306458743
#r 0 1.9441349279
-636285759 -281450719
#r 0 5.3571334117
-628214963 -292183953
#r 0 5.3186735843
-624118356 -298091929
#r 0 5.3766890619
-621437649 -301515486
#r 0 5.8997979483
-618160066 -302837485
#r 0 1.1967474174
-618160066 -302837485
#r 0 5.8320563723
551441948 -761356956
#r 0 3.3960722786
503052227 -773944047
#r 0 3.1673369209
