701687785 -541700890
#r 0 2.6926816478
566549749 -476603186
#r 0 3.4114666058
421979073 -516594679
#r 0 5.4869405889
526888423 -623804885
#r 0 0.9533385957
613733051 -501501939
#r 0 2.6640674697
480512797 -432564547
#r 0 4.3720481102
430441533 -573960687
#r 0 1.3060676831
450065086 -501573423
#r 0 4.3312324939
436115304 -536382236
#r 0 6.0839855144
454741721 -540142483
#r 0 3.0118881663
445320439 -538913601
#r 0 2.9582144928
440627050 -538043157
#r 0 0.0149433623
443030659 -538007236
#r 1 442444219 -538185803
-499127383 633119407
#r 0 0.8666249703
-402017008 747441649
#r 0 3.9138477714
-455742431 695110217
#r 0 0.5488442603
-423466684 714847358
#r 0 5.9905729791
-370147100 698784302
#r 0 5.1098772328
-342133664 632059529
#r 0 4.0119998910
-392727238 572040132
#r 0 1.1002645492
-364916927 626716486
#r 0 4.3401959560
-376070830 598145177
#r 0 4.1785050916
-383949894 584816724
#r 0 2.2810468849
-389003426 590693167
#r 0 5.1804922931
-384712317 582205705
#r 0 1.8651566863
-386590196 588399897
#r 0 4.7598476557
-386175729 579673242
#r 0 1.8437350831
-387531515 584516639
#r 0 1.3242684645
-385882410 591069893
#r 0 4.4692538482
-386695841 587790488
#r 1 -386668620 587315903
-483608482 -622730427
#r 0 2.1179444376
-561646552 -494628672
#r 0 3.1948384519
-711433969 -502611768
#r 0 0.1531665865
-637312001 -491169137
#r 0 0.9278204657
-614604570 -460859408
#r 0 4.1762198932
-624278021 -477138263
#r 0 4.1932981119
-629028270 -485452265
#r 0 3.7268838668
-633223087 -488232411
#r 0 3.5278477696
-635554762 -489180666
#r 1 -636189572 -489635603
-400050622 -282770132
#r 0 5.4612157203
-297933648 -392643348
#r 0 1.3488224807
-264910328 -246323628
#r 0 1.9531932396
-320882127 -107157692
#r 0 3.8092031281
-438677620 -200024380
#r 0 5.0215688598
-393035994 -342911895
#r 0 1.1624829401
-333476704 -205243122
#r 0 5.1854359502
-265136590 -338770755
#r 0 2.0862563467
-302106726 -273515802
#r 0 3.8156366486
-331458276 -296963512
#r 0 5.8105150887
-290616500 -317847125
#r 0 6.0792625958
-231622195 -330046983
#r 0 2.3950758113
-290747357 -275349622
#r 0 4.9496040819
-281100525 -315250978
#r 0 4.9876688582
-264541473 -373877302
#r 0 1.7617122995
-270321512 -343970729
#r 0 1.8580886425
-274667622 -329261408
#r 0 2.1317992784
-278768737 -322734583
#r 0 1.0481189261
-276812249 -319338624
#r 0 4.1107541999
-277921374 -320954154
#r 1 -277972822 -321070424
301295572 728310821
#r 0 5.1894921571
370176738 595061487
#r 0 0.2396739233
515889053 630669369
#r 0 3.4386354980
444173587 608717331
#r 0 2.7160730278
409905476 624247960
#r 0 5.8534186537
427006397 616409947
#r 0 2.1442036367
421903684 624311497
#r 0 5.3060416112
424534497 620413181
#r 0 5.3291552264
425895157 618494159
#r 1 426132702 618499754
538670319 187274473
#r 0 2.9841119177
390526492 210799066
#r 0 1.5657558471
391282561 360797161
#r 0 4.9195532513
422135406 214004443
#r 0 2.1813101604
336142124 336907476
#r 0 5.1950904760
370955152 270476662
#r 0 5.6018778266
400554649 246476616
#r 0 2.6128440521
383722177 256310773
#r 0 5.7647262686
392188561 251480553
#r 0 2.2906130345
388975269 255145584
#r 0 5.2215882798
392500929 248830682
#r 0 1.9886044189
391033618 252135838
#r 1 390807075 252404152
-356518068 -65592954
#r 0 0.9187439764
-265495222 53633056
#r 0 1.1496244955
-204170698 190524629
#r 0 3.7869764499
-324001044 100298866
#r 0 0.4689031003
-190191366 168085074
#r 0 3.9184670795
-297157598 62926978
#r 0 5.6979466377
-172120558 -19932774
#r 0 5.7767865490
-40946025 -92687443
#r 0 5.4606994023
61114206 -202613369
#r 0 5.9376397855
202247829 -253419870
#r 0 3.0919447299
52432660 -245975741
#r 0 3.2759925426
-96214628 -266075086
#r 0 1.6289219377
-104928561 -116328409
#r 0 0.9132493326
-13251988 2395666
#r 0 0.5882817446
111532325 85635531
#r 0 3.7170291249
48610712 44820455
#r 0 1.6508203501
45612518 82206614
#r 0 4.1947868007
21077807 39116565
#r 0 4.3021161992
11052700 16067986
#r 0 4.6378365878
10014164 2163527
#r 0 1.4854817775
10608221 9109765
#r 0 1.4571393792
11003599 12573473
#r 1 11255842 13116547
-276446552 932869643
#r 0 4.1985581579
-350174100 802239445
#r 0 5.6942936332
-225440580 718923486
#r 0 6.0733634556
-78730375 687680637
#r 0 5.9367082403
62355858 636742686
#r 0 2.5661832812
-63489582 718369429
#r 0 0.2569893284
81584355 756494915
#r 0 3.2825731778
7328454 745956367
#r 0 4.2695684361
-8954482 711620900
#r 0 0.6972164324
12109153 729262561
#r 0 4.9100502080
19608728 691816418
#r 0 4.7835697807
22710926 648308095
#r 0 1.8103812018
9531131 702262450
#r 0 4.8002922724
12813431 665018775
#r 0 5.4243194077
43225843 629773979
#r 0 2.1520221712
30446117 649227929
#r 0 2.5583363195
20567812 655745956
#r 0 1.2241749491
22621063 661430413
#r 0 4.1417932440
19800630 657035910
#r 0 0.1689801023
25029488 657927990
#r 0 3.3799999687
22452301 657301658
#r 0 3.1681389282
21120293 657266290
#r 1 20790538 657181258
-550539604 -271667289
#r 0 6.0974712526
-403118906 -299364543
#r 0 5.7509857447
-273864951 -375479030
#r 0 2.5519886291
-336202020 -333776634
#r 0 2.7677966592
-371227386 -320038401
#r 0 2.7534341732
-388816837 -312846006
#r 0 5.7333841484
-380437848 -317980915
#r 0 0.0062777649
-365766739 -317888812
#r 0 3.1694772911
-373099586 -318093339
#r 0 3.1661149885
-376768044 -318183316
#r 0 0.0084195643
-374933329 -318167868
#r 1 -375412244 -318141161
-618319202 -169265767
#r 0 4.7823850908
-607828357 -318898458
#r 0 4.7192785467
-606794930 -468894898
#r 0 5.5870765385
-491693451 -565080394
#r 0 4.5999089843
-508529896 -714132513
#r 0 1.5118912517
-504114570 -639262593
#r 0 1.3239880682
-494926686 -602794752
#r 0 1.4387435659
-492434667 -584033183
#r 0 4.8192512862
-491423151 -593462723
#r 0 2.7789479181
-504691950 -588428205
#r 0 5.9199187321
-498059118 -590949589
#r 0 6.0308762928
-494623498 -591835302
#r 0 5.7144631096
-493110896 -592802108
#r 1 -492626921 -593118492
755102565 -188650360
#r 0 6.1610174671
903984583 -206929986
#r 0 2.9561662087
830270254 -193102560
#r 0 2.9756640749
793137645 -186884024
#r 0 1.2550664602
799049152 -168787039
#r 0 1.8467870627
792478201 -145586046
#r 0 1.0434204252
806826783 -120948950
#r 0 2.7826650696
766941960 -105985002
#r 0 0.9470121639
791331180 -72094014
#r 0 0.4109383391
847278805 -47714990
#r 0 1.8040729731
827814340 34205362
#r 0 4.9551245177
837933569 -6660927
#r 0 4.2486152850
828516394 -25489341
#r 0 5.4346795745
838130913 -36400936
#r 0 5.6025032026
843784489 -40979146
#r 0 5.7216724201
846996036 -42999399
#r 1 846292792 -42748555
380790345 -501424583
#r 0 3.1728318995
230863531 -506109708
#r 0 2.3441710819
126080425 -398776113
#r 0 5.0324799048
173278355 -541157135
#r 0 2.2278865220
81656025 -422391195
#r 0 0.7270186823
193729911 -322694434
#r 0 3.3977024610
48622498 -360692310
#r 0 3.0490772731
-100736028 -346834791
#r 0 5.6425531266
19521681 -436490150
#r 0 5.8333114335
154596974 -501717944
#r 0 5.0171022892
199599930 -644807895
#r 0 2.8362107905
56540098 -599709286
#r 0 2.0695936626
-15215365 -467985509
#r 0 6.1062394348
132442517 -494389103
#r 0 3.8246204772
16092725 -589060777
#r 0 1.4303836332
37085489 -440537028
#r 0 5.5274841830
146254123 -543406894
#r 0 0.9464130375
233943678 -421708324
#r 0 1.9692823835
175740159 -283460900
#r 0 4.4100243620
131073401 -426656154
#r 0 1.2123040683
157388107 -356424137
#r 0 1.8353282666
147552619 -320114757
#r 0 1.6005392779
146865079 -297005496
#r 0 5.2684296755
155282340 -310550099
#r 0 5.1764196792
162878764 -325728408
#r 0 5.4005650029
176909078 -342791224
#r 0 2.2101722173
170318441 -333927768
#r 0 0.8679186224
173896841 -329704070
#r 0 3.8436062248
169424994 -333486074
#r 0 0.5060794872
173864109 -331025815
#r 0 3.8288013489
169150268 -334894249
#r 0 0.8145826611
171242391 -332676303
#r 1 171331123 -332764954
-579009961 358478730
#r 0 5.9056443997
-439573868 303183378
#r 0 1.6194770311
-446873090 453005677
#r 0 4.5803039332
-466628287 304312260
#r 0 0.5930475766
-342242096 388145879
#r 0 3.8394492072
-399708692 339952618
#r 0 3.6745641313
-432360033 320691084
#r 0 2.9878487521
-451126681 323599292
#r 0 6.0049123786
-441996630 320990970
#r 1 -442147437 320875144
299350043 -849072587
#r 0 4.0261030388
204299791 -965113311
#r 0 0.8251531447
255183126 -910014434
#r 0 5.5783620996
283848290 -934396080
#r 0 2.4886886136
268902368 -922965486
#r 0 2.4636448530
261555147 -917048969
#r 0 5.8513307867
265865165 -919035316
#r 0 2.8544386670
259160661 -917055369
#r 0 6.0095198411
262525961 -918000037
#r 1 263410661 -918120475
547958642 -796389549
#r 0 1.9480604162
492701891 -656938154
#r 0 2.9423816053
345668439 -627253747
#r 0 2.4727336482
227988984 -534240060
#r 0 2.9575288216
80522780 -506786121
#r 0 4.0282760594
-14275089 -623033117
#r 0 3.1102882346
-164201598 -618338221
#r 0 0.1830091464
-16706521 -591039828
#r 0 1.3319315024
18783454 -445298751
#r 0 4.6319495507
6730547 -594813725
#r 0 1.1334052956
70267179 -458934748
#r 0 4.3834111237
46036489 -529912727
#r 0 5.9657195708
82078488 -541755378
#r 0 0.4176464818
124195338 -523065915
#r 0 0.0155209296
193008784 -521997781
#r 0 3.2241312377
158715065 -524834781
#r 0 1.4322425510
161101968 -507717895
#r 0 4.5710322928
159884533 -516272959
#r 0 4.5842607212
159332448 -520558203
#r 1 159137200 -520957717
120566706 -818818612
#r 0 1.4614384588
136937710 -669714654
#r 0 3.4613511323
-5458995 -716865248
#r 0 2.6096368971
-134731503 -640782276
#r 0 3.1481196030
-284728308 -641761311
#r 0 2.8392404118
-427924115 -597096326
#r 0 5.9111508305
-358054886 -624359687
#r 0 3.2647014455
-395451272 -628986911
#r 0 0.1444581157
-376806731 -626274663
#r 0 0.2552717515
-367687456 -623894851
#r 0 5.4096805292
-364591110 -627591235
#r 0 1.9274080256
-365863835 -624174884
#r 0 4.9172405248
-365069357 -627998790
#r 0 1.5941023396
-365161434 -624048728
#r 0 4.7382655951
-365110319 -626023634
#r 1 -365331713 -626232676
137093106 -178832048
#r 0 4.5808729106
117422515 -327536681
#r 0 1.2811560840
160263636 -183784678
#r 0 0.1388893842
308819191 -163018186
#r 0 1.8550748556
266749440 -19038549
#r 0 3.2854230460
118298306 -40538799
#r 0 4.9000086639
146276438 -187906448
#r 0 4.5952281913
128742498 -336878126
#r 0 0.2728147217
273194944 -296461657
#r 0 2.6552766345
140585847 -226355826
#r 0 5.2886823175
222323801 -352129062
#r 0 2.2539958147
174977978 -293962293
#r 0 2.0016728889
159137625 -259502949
#r 0 2.6399842958
142484574 -250370538
#r 0 5.2018300579
148147241 -261001252
#r 0 2.0856767014
145181620 -255759635
#r 0 1.7999705013
144497111 -252825261
#r 0 2.5462733058
143183013 -251935239
#r 1 143729841 -252131018
-671832205 450572368
#r 0 4.7438159789
-667118931 300646436
#r 0 1.1441977206
-605052434 437203201
#r 0 0.9908989839
-522861724 562681037
#r 0 0.1098361023
-373765612 579123346
#r 0 5.9549327942
-231774538 530764945
#r 0 0.6294626741
-110522945 619071520
#r 0 4.2852433782
-172664129 482548726
#r 0 0.5015108555
-41135546 554661360
#r 0 2.3043632755
-141564054 666080007
#r 0 5.3648356607
-96029127 606484953
#r 0 0.6010306268
-64898134 627829946
#r 0 4.9240564211
-56816953 590223163
#r 0 4.9199314810
-52812695 571207302
#r 0 3.5331357976
-62172149 567343158
#r 0 0.2295970724
-50212684 570138305
#r 0 3.0079692202
-59103919 571333504
#r 0 5.9268281750
-47618063 567057899
#r 0 2.7455431897
-53271635 569421908
#r 0 2.5486482920
-55816574 571136760
#r 0 5.5000360274
-54649627 569975050
#r 1 -54459732 570253134
-468532303 -84888903
#r 0 0.7461764653
-358388835 16936519
#r 0 0.9729222318
-273955843 140916638
#r 0 0.1283128399
-125188964 160110793
#r 0 2.9032820142
-270949687 195519995
#r 0 4.3584531651
-322938538 54817616
#r 0 1.1350446882
-291281644 122809094
#r 0 4.0850952269
-313439255 92245943
#r 0 0.7942237944
-274306824 132075280
#r 0 0.1019052270
-242704889 135306876
#r 0 0.2539819992
-210517421 143662353
#r 0 3.4987764545
-226095141 137848887
#r 0 0.3890057299
-218402707 141001963
#r 0 3.3143637242
-222501750 140286635
#r 0 0.1713392502
-220451719 140641364
#r 0 6.2288971661
-219413002 140584918
#r 1 -219437848 140563534
242220329 -192797614
#r 0 0.0301871841
392151989 -188270224
#r 0 3.5703620033
255730276 -250633004
#r 0 3.0910732919
105921651 -243058323
#r 0 6.2775691193
180920467 -243479535
#r 0 0.2827493370
217003941 -232996082
#r 0 3.2650922815
195889304 -235617071
#r 0 3.3190066115
165525419 -241061288
#r 0 3.0523381170
120350326 -237018465
#r 0 6.2503971988
143015953 -237761894
#r 0 5.7824530365
152994454 -243222666
#r 0 2.6404745240
148006258 -240490356
#r 1 147238764 -240764326
474168597 127670696
#r 0 5.7486282607
603242754 51251706
#r 0 0.6652952708
721252937 143845425
#r 0 4.1948794651
647045341 13487331
#r 0 4.8094542261
661582276 -135806599
#r 0 1.7760646554
646295036 -62381125
#r 0 0.5581493874
678473812 -42289518
#r 0 3.8346013654
663881180 -54407341
#r 0 3.3281177635
654393936 -56197762
#r 0 3.8875266812
650652070 -59655359
#r 0 0.6696953522
652649241 -58074082
#r 1 652307867 -58479348
595496296 -707793242
#r 0 3.6862949874
467204061 -785517771
#r 0 0.2114810664
613862226 -754031541
#r 0 2.6852469149
479211904 -687930930
#r 0 5.4520987800
580322941 -798730561
#r 0 2.5069370394
459531551 -709795527
#r 0 5.8078993477
592905837 -778434437
#r 0 2.7439969857
523756240 -749394236
#r 0 5.5212751224
551051381 -775436362
#r 0 2.5189571575
535728314 -764436005
#r 0 1.7100197313
534394376 -754916712
#r 0 4.8892108999
535239787 -759647923
#r 1 534998651 -759816216
677928845 -196320030
#r 0 0.7049365989
792176740 -99122199
#r 0 2.2669159373
695989996 15978237
#r 0 5.3115135753
738283978 -45958982
#r 0 5.2180642417
756618881 -79072735
#r 0 5.8697783587
775309883 -87272249
#r 0 0.5442635880
784127355 -81935562
#r 0 3.8582983680
776972812 -88169002
#r 0 1.6284097442
776433316 -78815290
#r 0 4.7423947163
776573861 -83497809
#r 0 4.8548752203
776906734 -85818153
#r 1 777046125 -86453233
134234208 -184258840
#r 0 5.2157016619
206583716 -315657275
#r 0 4.5346846317
180068135 -463295088
#r 0 3.9081865122
72026490 -567347973
#r 0 3.2723252124
-76693509 -586902046
#r 0 4.1153290604
-161025532 -710950867
#r 0 0.7941677428
-55893736 -603958786
#r 0 0.3868791922
83019921 -547363770
#r 0 0.7141885234
196363673 -449113101
#r 0 5.2059966841
267434575 -581207487
#r 0 5.9387907392
408626580 -631851516
#r 0 2.9817716076
260538213 -607980286
#r 0 6.0162216468
332881438 -627765577
#r 0 2.0828194190
314299102 -594701970
#r 0 5.3816058712
345745539 -634458253
#r 0 2.3083930065
328700861 -615700879
#r 0 1.9517459263
323967260 -603882071
#r 0 4.7175381263
324001585 -610548082
#r 0 1.5253118690
324153135 -607218480
#r 1 323981887 -607346272
-222667336 -46611794
#r 0 0.1433128249
-74205094 -25188381
#r 0 0.6340359461
46641383 63671785
#r 0 3.1933689505
-103157603 55908810
#r 0 1.3802035943
-74741464 203192628
#r 0 3.8169177989
-191817023 109419959
#r 0 3.1002316287
-341688736 115622344
#r 0 6.1888747511
-267022033 108559533
#r 0 3.0925297067
-304476907 110398655
#r 0 6.1915904444
-285805506 108683652
#r 0 3.2289657375
-295161620 107864093
#r 0 2.7340762897
-308083154 113442081
#r 0 5.8633642615
-301657194 110573803
#r 0 6.0275693060
-298252481 109684040
#r 1 -297672973 109108200
219528894 970092025
#r 0 5.0891810118
274719810 830614562
#r 0 2.6075389991
145607201 906968567
#r 0 5.0293950090
192365677 764442622
#r 0 4.7307151946
195114455 614467810
#r 0 3.3742324008
49155275 579885766
#r 0 1.5008320280
59641360 729518790
#r 0 1.8285818173
21400383 874562327
#r 0 4.4554364303
-16719768 729486988
#r 0 0.1109595102
132357778 746096782
#r 0 2.5597152841
7042928 828535780
#r 0 5.7277548053
70768441 788987595
#r 0 4.9856512589
80895795 752853764
#r 0 0.6343664609
101798637 768234573
#r 0 5.0428219605
107920274 750387689
#r 0 1.6287392441
107201855 762772548
#r 0 4.1599544510
99282908 749926705
#r 0 1.1402008332
102432401 756783237
#r 0 0.7113589402
105332145 759282510
#r 1 105118286 760100673
-384209398 -106897359
#r 0 4.1146137597
-468630131 -230885825
#r 0 2.5689802556
-594703387 -149611387
#r 0 1.8334496904
-633649961 -4755720
#r 0 4.6473430758
-643399968 -154438509
#r 0 1.5637813164
-642873847 -79440355
#r 0 3.8287082863
-671961739 -103306926
#r 0 5.0802957862
-652947044 -152637185
#r 0 3.2785180920
-726816712 -162815511
#r 0 3.2107247022
-818334898 -169152449
#r 0 4.0671772406
-892680337 -267927234
#r 0 1.7059376488
-917555877 -84978600
#r 0 4.8107820628
-908487268 -176848122
#r 0 4.5274794499
-916985221 -222280496
#r 0 1.4231876093
-913586336 -199421657
#r 0 4.3824226074
-917335514 -210368570
#r 0 1.4818814288
-915796267 -193102746
#r 0 4.7288866188
-915653286 -201768717
#r 0 4.5244212861
-916472010 -206072962
#r 1 -915957918 -205290056
615373946 -411111791
#r 0 3.6552928279
484734117 -484822272
#r 0 3.2675724952
335922863 -503669302
#r 0 3.0828671406
186181440 -494865537
#r 0 3.4341454697
42554824 -538125164
#r 0 4.4063284401
-2640866 -681154355
#r 0 0.6918919469
112865185 -585455075
#r 0 1.4664364265
128490771 -436271158
#r 0 4.5467671323
116125843 -510244860
#r 0 0.7124186041
144611486 -485640589
#r 0 3.8184927116
129940786 -497429187
#r 0 3.7795714927
122372107 -503040658
#r 0 4.1112482094
119675685 -506972375
#r 0 0.9232887463
121113564 -505071120
#r 0 4.1471595973
120475184 -506077618
#r 1 120301490 -506114422
326662212 790338362
#r 0 3.4704738980
184701571 741890697
#r 0 5.1241163174
244730507 604426059
#r 0 2.3697580585
137235657 709043730
#r 0 2.6504543975
4966168 779788216
#r 0 5.8050195696
71554202 745276860
#r 0 2.5114851013
41250449 767376765
#r 0 5.4898980998
80647239 727353413
#r 0 2.5026362969
56775661 745088155
#r 0 1.9697388698
39652133 785708811
#r 0 5.1383827178
48760116 765637492
#r 0 5.3109763529
54974494 756526370
#r 0 4.4302075958
53362377 750965766
#r 0 1.3521837533
53990186 753791658
#r 1 54190355 754234994
340630368 -61653550
#r 0 5.9395233586
481859438 -112194125
#r 0 1.5878890093
479295660 37783964
#r 0 0.9694614146
564157218 161471134
#r 0 5.4296793812
662758992 48432689
#r 0 1.0288420731
740130670 176938033
#r 0 2.2685440893
643756653 291881710
#r 0 2.8118896405
501835872 340446018
#r 0 1.6557800731
489103649 489904676
#r 0 3.7113797430
362801272 408986758
#r 0 3.1634225572
212837011 405712533
#r 0 1.8188014303
176016423 551123139
#r 0 2.2091948143
86629907 671580811
#r 0 2.7006131422
-49020196 735604632
#r 0 0.5864201392
75918861 818612054
#r 0 5.5841377209
190737171 722088712
#r 0 5.0659942761
242679514 581369158
#r 0 5.0510094351
292507444 439887084
#r 0 5.6796323772
416006085 354751395
#r 0 2.7212284660
279065028 415965339
#r 0 6.1132012529
426903148 390590344
#r 0 2.8398656036
355291297 412878070
#r 0 3.2654724491
317439228 408164829
#r 0 0.1387220749
336328201 410802085
#r 0 3.5263604976
327487385 407221981
#r 0 0.3272393915
332003402 408754913
#r 0 0.6320764581
333933616 410168409
#r 1 333479615 410004977
-936931568 -253662529
#r 0 4.5574450106
-947332515 -320251629
#r 0 6.2696123525
-797346332 -322287510
#r 0 3.1773956194
-872298267 -324972159
#r 0 3.1759868722
-909867329 -326264827
#r 0 2.8142167524
-927832036 -320164093
#r 0 0.0349446429
-918087652 -319823440
#r 0 3.3894205687
-932264851 -323410689
#r 0 0.2290645807
-925143847 -321750378
#r 0 1.1158365929
-923536740 -318465116
#r 0 4.0313052066
-925304704 -320646561
#r 1 -924817101 -320569671
-55698254 -527054964
#r 0 5.6800491375
67835858 -612139177
#r 0 2.3576921082
-38388887 -506232125
#r 0 4.0516044716
-130449350 -624658774
#r 0 4.1944945758
-204707114 -754988297
#r 0 3.9526184533
-308020379 -863737409
#r 0 1.0532027362
-233801823 -733385555
#r 0 4.2499061945
-267264681 -800506617
#r 0 4.0954428917
-289025969 -831186192
#r 0 5.1914134776
-280340561 -847909110
#r 0 2.3181136494
-291176543 -836214738
#r 0 0.4954997210
-276983039 -828543526
#r 0 3.9612390171
-292995611 -845692257
#r 0 0.8535999163
-285285014 -836851044
#r 0 2.5259022813
-290079047 -833459636
#r 0 5.8192545387
-283824159 -836589294
#r 0 3.7531795479
-288147515 -839621193
#r 1 -288119860 -840021493
-176767589 -188188183
#r 0 5.3388825925
-88821406 -309701429
#r 0 5.0845141518
-34282011 -449434941
#r 0 5.0477239720
15080817 -591079959
#r 0 1.5245930009
22008850 -441240037
#r 0 4.7325632104
23521815 -516224774
#r 0 4.5542731543
17591198 -553419734
#r 0 4.5943374925
15368513 -572160286
#r 0 5.5710585333
22530190 -578342485
#r 0 2.4082044507
19015877 -575175956
#r 0 2.4457313697
17199737 -573659047
#r 0 5.7780654221
18235157 -574231602
#r 1 18070905 -574207835
133207554 429148051
#r 0 0.2573540999
278267575 467326454
#r 0 1.7462843918
252079266 615022671
#r 0 5.5484213018
363377614 514460861
#r 0 5.7846970874
495123566 442746119
#r 0 3.3449893968
348215652 412446537
#r 0 2.2829926247
250190984 525985801
#r 0 2.5575495938
125054965 608695999
#r 0 0.0898795793
274449497 622159791
#r 0 2.1453857715
192925965 748072117
#r 0 4.7405695934
197152497 598131674
#r 0 6.1056953652
344795992 571647748
#r 0 5.2598420711
422873127 443569799
#r 0 0.0925755273
572230819 457436302
#r 0 3.3243836894
498480305 443803191
#r 0 3.4061470623
461991763 433918292
#r 0 0.2768328750
480173974 439084375
#r 0 0.0502244999
489614422 439558916
#r 0 2.9664232929
484774916 440415428
#r 1 485391515 440282992
420725815 -425022251
#r 0 0.9782058437
504502569 -300597754
#r 0 0.3782246518
643900822 -245207077
#r 0 0.3700283859
783748384 -190960792
#r 0 3.2001190860
634005211 -199734746
#r 0 0.0049857519
709004279 -199360816
#r 0 0.1504875137
746186563 -193722721
#r 0 0.0020489749
765018136 -193684136
#r 0 0.0902409437
774443227 -192831291
#r 0 2.9064142315
769828213 -191725477
#r 0 6.0289950443
772124792 -192322152
#r 1 772067937 -192178596
-984543034 144270826
#r 0 0.9543047810
-897816614 266657623
#r 0 3.7037255913
-976094013 217348745
#r 0 5.9329284576
-835201322 165877884
#r 0 4.6980614453
-837350379 15893280
#r 0 1.3965168356
-811340591 163621039
#r 0 0.9452819672
-723513443 285220348
#r 0 0.8426253897
-623687611 397179283
#r 0 4.1318423254
-705959778 271754841
#r 0 3.2124985020
-855582863 261127874
#r 0 4.8112337345
-840780282 111860049
#r 0 4.6336813091
-852574247 -37675573
#r 0 1.3772410051
-838148070 35923919
#r 0 1.6675873320
-841819505 73736967
#r 0 4.7512646423
-841081231 54755886
#r 0 0.8368718534
-834698470 61832040
#r 0 4.0279077019
-837711087 58140560
#r 0 3.9724689289
-839321276 56376825
#r 1 -839155494 56366762
366737756 485628537
#r 0 2.0740979075
294389706 617027775
#r 0 3.1751880559
144474347 611989413
#r 0 5.4005608964
239743280 496128158
#r 0 5.5937530776
355484375 400713280
#r 0 3.2829189879
206979868 379584828
#r 0 2.1087585071
130121808 508398020
#r 0 1.3084567513
169022926 653265901
#r 0 4.2671645063
104423854 517888799
#r 0 1.2498986953
128080241 589060248
#r 0 0.6547039593
158282007 612244740
#r 0 3.4576651923
138130258 605654387
#r 0 0.2983421242
148262971 608770405
#r 0 3.3000138776
143028841 607934201
#r 0 0.0608280207
145674191 608095311
#r 0 0.3103581037
146947960 608503837
#r 1 147072269 608608183
-649282821 -270779598
#r 0 5.4081641946
-553135723 -385913153
#r 0 2.5527223335
-677871022 -302599857
#r 0 5.6600776859
-616965855 -346366975
#r 0 0.4155011984
-582616386 -331212424
#r 0 3.5684636519
-599703860 -338984479
#r 0 3.4127947710
-608747948 -341499213
#r 0 0.2484261495
-604198442 -340345157
#r 0 2.9958006459
-606521547 -340004047
#r 0 6.0973096170
-605367763 -340221012
#r 1 -605418346 -340197439
411724544 245564399
#r 0 4.8179422490
427528150 96399235
#r 0 0.2452835297
573038427 132823942
#r 0 0.1986157236
720089525 162420811
#r 0 6.2671770935
870070306 160019682
#r 0 2.2775527008
772664730 274090510
#r 0 5.3711865403
818577217 214785843
#r 0 5.8726013130
853039490 199783530
#r 0 2.7955140359
835360661 206158356
#r 0 0.4670759789
843785546 210406965
#r 0 3.4915615282
839353753 208789391
#r 0 3.9765769041
837748953 207016992
#r 1 836934408 206742020
795592083 -315379132
#r 0 2.7954686813
654487873 -264491001
#r 0 2.1234388140
575747145 -136819948
#r 0 0.7899869248
681325336 -30268338
#r 0 2.1158738190
603552683 97994729
#r 0 2.1788944948
517856544 221105134
#r 0 2.3501960961
412428657 327805465
#r 0 2.0287888658
346106394 462346750
#r 0 3.1358542670
196108864 463207503
#r 0 1.5868860514
193695509 613188087
#r 0 1.6522480672
181491253 762690783
#r 0 4.8688696013
193179463 688607144
#r 0 1.6044683648
191917000 726085886
#r 0 5.0092709719
197484135 707888066
#r 0 2.1162529884
182675105 732290322
#r 0 5.1005097237
188431986 718209992
#r 0 5.5024148946
204422110 702367184
#r 0 2.2853107307
197047420 710869160
#r 0 2.7062300111
191915979 713255935
#r 0 5.7663444508
194376060 711857687
#r 1 194873262 711712387
-521849662 466816098
#r 0 0.1289080645
-373094234 486098800
#r 0 1.3869689522
-345675165 633571491
#r 0 1.3236308030
-308976674 779012959
#r 0 1.6044958305
-314030643 928927793
#r 0 4.8846478828
-301175024 855037787
#r 0 1.1326522624
-284963200 889640341
#r 0 4.1812886421
-294640063 873166171
#r 0 4.4878499494
-296785395 863772899
#r 0 4.6518597809
-297081082 858893830
#r 0 1.5264085543
-296972633 861335433
#r 0 1.6117886312
-297022725 862556729
#r 1 -296971182 862370732
-558514126 -706353026
#r 0 5.7638896176
-428288788 -780793346
#r 0 5.9523161878
-286424735 -829523115
#r 0 4.3045094646
-335105451 -942180628
#r 0 1.1181068528
-308266281 -886998740
#r 0 1.1743649324
-296395562 -858640124
#r 0 1.3199473272
-292575741 -843733301
#r 0 1.1136965172
-289158757 -836785979
#r 0 0.8386628615
-286565001 -833900074
#r 0 3.6771661903
-288448006 -835017503
#r 1 -287754096 -834626277
-218018041 -776753981
#r 0 0.8220236783
-115907010 -666875242
#r 0 1.3820465870
-87762362 -519539303
#r 0 0.6293488362
33499283 -431246532
#r 0 0.7163981591
146625660 -332745655
#r 0 0.8700968038
243338543 -218086952
#r 0 0.7581777575
352252071 -114947031
#r 0 0.9544982124
438954816 7456539
#r 0 5.6908235674
563398473 -76291751
#r 0 2.7336449573
425707929 -16782809
#r 0 0.0795852591
575233144 -4857618
#r 0 3.0108941040
426512480 14691397
#r 0 5.9125291620
566325961 -39642667
#r 0 0.4460939954
701646842 25074094
#r 0 3.2682505707
552848402 6126163
#r 0 3.4692622722
410829164 -42149464
#r 0 0.5309865730
540175350 33808184
#r 0 3.7249722538
477579917 -7505394
#r 0 3.1929321574
440026688 -9435054
#r 0 6.2369377178
458807971 -10304263
#r 0 0.1297480935
468217931 -9076441
#r 1 468881854 -8552915
517252615 315449462
#r 0 2.0737770406
444946731 446871907
#r 0 2.2864224300
346533223 560074298
#r 0 2.6160940648
216772133 635320955
#r 0 1.7129998076
195513429 783806872
#r 0 1.5368438044
200605329 933720422
#r 0 4.7121003885
200583685 858720426
#r 0 1.8470863078
190342542 894839063
#r 0 4.7712644791
193612732 839359092
#r 0 1.5441855692
194352108 867137386
#r 0 1.5039497257
195286941 881101302
#r 0 4.3301280067
192563817 874327981
#r 0 1.1205743155
194152220 877614361
#r 0 4.0119210562
192970415 876212604
#r 1 193201327 875921140
-836634468 79323631
#r 0 2.3170170363
-938464763 189462593
#r 0 2.2444902169
-972648100 232283601
#r 0 5.2845917542
-957813630 209251596
#r 0 6.2291980140
-943995591 208504872
#r 0 3.0683732369
-950896152 209011032
#r 0 3.1258635566
-954356553 209065465
#r 1 -954120487 208947094
-478957491 -425697431
#r 0 1.8245041456
-516606711 -280499166
#r 0 1.8777545135
-561930772 -137510602
#r 0 1.7341812885
-586329624 10491749
#r 0 1.7961018176
-619840245 156700635
#r 0 2.1246602940
-698736862 284275412
#r 0 0.9078415302
-606419596 402501984
#r 0 4.0993336630
-649572275 341159942
#r 0 2.8995111681
-686069335 350171941
#r 0 5.9561743168
-668268812 344134207
#r 0 6.2503746197
-658808091 343823683
#r 0 0.0154139303
-654002525 343897762
#r 1 -654293875 343096201
744680137 283363242
#r 0 5.6592934241
866421784 195733501
#r 0 5.9779238943
987506474 157578435
#r 0 2.9766313070
924891207 168002258
#r 0 0.0238697597
957238192 168774519
#r 0 3.2510583121
941156923 167007107
#r 0 6.2729431862
949245549 166924259
#r 0 3.0513535087
945217480 167288738
#r 1 944362331 167344622
787479252 -388621533
#r 0 1.4358284999
807663017 -239985684
#r 0 1.4451222351
826464548 -91168674
#r 0 2.4110593621
714741749 8921366
#r 0 1.3665072645
745172408 155802185
#r 0 1.4261469830
766794225 304235662
#r 0 1.1379649488
829710638 440402930
#r 0 1.1695856572
859626629 510922751
#r 0 2.9963692386
711205589 532629775
#r 0 6.0407543054
784012383 514625032
#r 0 2.8216996193
748414793 526417470
#r 0 6.1482032372
767105333 523879147
#r 0 6.1606239851
795183379 520420530
#r 0 6.0050353586
835982911 508770127
#r 0 0.1944435554
858290994 513163296
#r 0 3.5801973400
791128878 481659087
#r 0 0.4125859399
825108373 496532222
#r 0 0.3874498830
842291279 503544171
#r 0 0.5030638862
850469169 508044362
#r 0 1.0267790029
852888317 512043591
#r 1 853153766 511441872
734374273 161323653
#r 0 3.0566785996
584914728 174045460
#r 0 2.9939970067
436545600 196104512
#r 0 3.2058608629
286855274 186470916
#r 0 2.9158505633
140661033 220045369
#r 0 2.0072073550
77257593 355986547
#r 0 1.9869965023
16614402 493181311
#r 0 1.9089958456
-33153969 634684347
#r 0 1.8033594990
-67724836 780646175
#r 0 1.9467759908
-122802427 920168428
#r 0 5.5322136773
-13148494 817816023
#r 0 2.5034758222
-73389915 862492315
#r 0 2.3661638992
-100508019 889075035
#r 0 2.1400149588
-110818635 905188728
#r 0 1.7321300060
-112359395 914655868
#r 0 4.7286823542
-112263198 908752306
#r 0 1.4401416825
-111251083 916454670
#r 0 4.6849266106
-111357741 912571847
#r 0 4.4903251632
-111790012 910657343
#r 1 -112277215 910156057
-835925574 -325109799
#r 0 1.5369894806
-830855513 -175195509
#r 0 1.4585713789
-814057084 -26139101
#r 0 1.4971799178
-803024594 123454629
#r 0 1.4416468043
-783705975 272205397
#r 0 1.2409001662
-735114256 414116795
#r 0 3.9632781538
-837262440 304272594
#r 0 0.8750519436
-789190667 361840853
#r 0 0.4651749719
-755580008 378710401
#r 0 3.6974595500
-771552355 368788272
#r 0 0.4651052888
-763149397 373005073
#r 0 3.8418116967
-766773596 369951095
#r 0 1.1786770370
-764057780 376518423
#r 0 4.3795381877
-765218800 373160091
#r 0 4.3068608596
-765922165 371521787
#r 2 -765946008 371647965
