701687785 -541700890
#r 0 4.4505359720
-499127383 633119407
#r 0 0.1427148007
-483608482 -622730427
#r 0 5.8400417868
-400050622 -282770132
#r 0 0.5402369033
301295572 728310821
#r 0 3.5328555316
538670319 187274473
#r 0 4.1690544228
-356518068 -65592954
#r 0 2.3625519246
-276446552 932869643
#r 0 5.5094585697
-550539604 -271667289
#r 0 1.2021666917
-618319202 -169265767
#r 0 0.0439634997
755102565 -188650360
#r 0 0.7661300399
380790345 -501424583
#r 0 2.5835536916
-579009961 358478730
#r 0 0.1352229534
299350043 -849072587
#r 0 2.0992161116
547958642 -796389549
#r 0 3.3290060182
120566706 -818818612
#r 0 0.3234053818
137093106 -178832048
#r 0 2.6044899718
-671832205 450572368
#r 0 0.0867317682
-468532303 -84888903
#r 0 1.3981565139
242220329 -192797614
#r 0 4.5725445524
474168597 127670696
#r 0 4.5092666849
595496296 -707793242
#r 0 2.7501956946
677928845 -196320030
#r 0 3.0768660795
134234208 -184258840
#r 0 0.2361633023
-222667336 -46611794
#r 0 2.4523140953
219528894 970092025
#r 0 3.3303044117
-384209398 -106897359
#r 0 3.7513602992
615373946 -411111791
#r 0 0.1946736408
326662212 790338362
#r 0 0.8289932144
340630368 -61653550
#r 0 5.3023031353
-936931568 -253662529
#r 0 0.9643728822
-55698254 -527054964
#r 0 5.2886685060
-176767589 -188188183
#r 0 5.6070525360
133207554 429148051
#r 0 1.1302124513
420725815 -425022251
#r 0 1.1292318239
-984543034 144270826
#r 0 0.6658030901
366737756 485628537
#r 0 4.2447747716
-649282821 -270779598
#r 0 5.4016171542
411724544 245564399
#r 0 2.5632679720
795592083 -315379132
#r 0 0.6134971552
-521849662 466816098
#r 0 5.6940186028
-558514126 -706353026
#r 0 0.1799875198
-218018041 -776753981
#r 0 6.1496274408
517252615 315449462
#r 0 5.7041823051
-836634468 79323631
#r 0 2.2728981874
-478957491 -425697431
#r 0 0.3172751308
744680137 283363242
#r 0 1.1146790065
787479252 -388621533
#r 0 0.2319470267
734374273 161323653
#r 0 3.7732878930
-835925574 -325109799
#r 0 5.3558739561
191098699 -491490599
#r 0 0.5898428453
76967052 -918743877
#r 0 0.4138413259
-458212991 -390070259
#r 0 0.0275893721
-561441965 -303326039
#r 0 1.1769301555
-143029320 -288205830
#r 0 2.0149659150
-217724255 370576245
#r 0 3.0676498154
231282029 -813119927
#r 0 4.0089667338
-173650117 941397434
#r 0 2.4366270186
-974261600 -135035256
#r 0 0.8655534165
-219071864 876570219
#r 0 0.9797396653
841216372 -245702053
#r 0 4.1313585155
-554460271 622376857
#r 0 5.6537994573
-710372218 -603481641
#r 0 1.7597711732
57367412 137137296
#r 0 5.1136753722
350298717 99524416
#r 0 4.8892846711
124361302 -505132095
#r 0 0.5668362547
-544744435 413022941
#r 0 0.4712650554
-119196968 -904270036
#r 0 2.2755315852
-804414631 -463783652
#r 0 1.7737323551
551441948 -761356956
#r 0 1.9471122234
27156741 -865736728
#r 0 6.2313746479
940217810 -146619311
#r 0 2.8922536079
-914055295 46387478
#r 0 1.7479449602
-936955659 -34943340
#r 0 5.4930349813
-369379595 277222742
#r 0 0.9561465353
-821124475 11788443
#r 0 1.4588098482
-490967586 616064171
#r 0 4.9438180979
-678074763 -588467848
#r 0 0.2785335594
217643120 -215305082
#r 0 4.1191521169
-682169509 -158834214
#r 0 3.4609795227
557597791 508080141
#r 0 5.7144744698
639262792 -399950495
#r 0 0.0815396368
61684808 -566926225
#r 0 6.1292498439
523190902 523430949
#r 0 4.2372471263
-97120665 -106773775
#r 0 0.4305087202
-565009351 514254679
#r 0 5.7527588867
334580786 -482417867
#r 0 4.6793348556
-302732954 278207160
#r 0 5.7726791508
-258338693 -552221732
#r 0 0.7202192159
-571070279 -284224233
#r 0 1.0581921250
481874853 641887316
#r 0 5.3425048647
-479273610 -106822827
#r 0 5.0929372826
-4238218 -621301856
#r 0 0.0453452015
-213551122 -22815755
#r 0 5.7575275727
-874003763 -51756842
#r 0 5.3009460921
-191082364 -706539912
#r 0 1.1798204680
-712230836 221529366
#r 0 5.9021211665
-780382671 126943689
#r 0 1.5055635584
-236286024 -513307999
#r 0 4.4217190197
432125842 146983063
#r 0 6.2804650722
-261116530 -918750953
#r 0 0.2824373999
118024946 613168088
#r 0 3.3154723571
-464226731 -787773296
#r 0 4.8316142903
-243669211 -909135288
#r 0 0.2601597060
-477273716 873997373
#r 0 0.0653200915
-723337552 322551553
#r 0 2.1702856875
-109826943 -461038229
#r 0 0.3781006276
273596302 -710435175
#r 0 2.2545894710
-495340295 -231301155
#r 0 2.0785184830
-335666797 -774290530
#r 0 0.0996634933
-44434562 -424288087
#r 0 5.6199148318
482272679 648017210
#r 0 5.7084118468
-848718430 -335529233
#r 0 0.8584765845
-538168394 -366123595
#r 0 5.4122029074
780704324 -493859950
#r 0 3.8369404771
101574837 -660299922
#r 0 0.5632847030
274165912 -778182756
#r 0 3.8786046287
-30247511 -354320033
#r 0 6.0110699959
196232884 -273237791
#r 0 0.6148814069
-43571381 -254057842
#r 0 0.4550901558
245238934 77228773
#r 0 2.7241422177
691449954 36763389
#r 0 4.4853965675
305194638 -415436078
#r 0 3.9614626573
326597884 -216545057
#r 0 0.6154294029
48717586 -293671845
#r 0 5.2580538465
530625494 -89118625
#r 0 0.2218880559
42124448 645983829
#r 0 3.6499368012
-178491570 670902010
#r 0 2.0951841537
78464923 432039983
#r 0 1.0234890805
160031141 -417843750
#r 0 0.0282064453
-430166093 553065446
#r 0 4.4232655297
17710008 853207122
#r 0 2.9883316552
14875479 -715975258
#r 0 0.9097917961
-415569731 -638404763
#r 0 5.7195120019
-773961145 -176289730
#r 0 6.2220260403
940988252 -325744210
#r 0 1.8792709721
-826089410 389315028
#r 0 0.1533442579
787581078 -76307990
#r 0 5.3644850162
-720594767 -54294382
#r 0 0.7091867501
594911311 732837332
#r 0 3.1863246920
288809318 -738112341
#r 0 4.0482939031
-344837829 -486706031
#r 0 6.0431505084
-62712054 -847301326
#r 0 2.6868238930
-250419138 -693493865
#r 0 4.0620319680
366755340 -91389671
#r 0 4.2943939991
961566412 68953195
#r 0 1.5622084572
597164501 -516317146
#r 0 1.9583753007
-877313621 -335845740
#r 0 1.4601369362
-380835327 -806301119
#r 0 6.1499974568
822465216 -184570263
#r 0 5.7152296748
186036512 447263379
#r 0 1.3869256232
-324336703 -906969741
#r 0 2.8875423098
-23877194 30146238
#r 0 4.6346976304
-646955563 126488175
#r 0 0.7387261491
647455009 119171730
#r 0 3.9286097642
-614105525 708095676
#r 0 4.9663505488
-144601442 -246545691
#r 0 1.0047310637
-755786970 456770808
#r 0 4.4419462960
-942398078 -178453409
#r 0 6.2355177478
711522906 98276513
#r 0 2.1255884502
-865732126 -389513957
#r 0 0.5034251186
457994694 -775492143
#r 0 0.9961307312
223679184 -734348721
#r 0 4.3877279788
590989480 604339845
#r 0 4.8452371465
33739637 326385330
#r 0 3.3282205647
107088828 -31836439
#r 0 4.8784646564
-86557720 15314172
#r 0 5.7402414818
187576655 288198927
#r 0 5.1598586848
376013911 294524797
#r 0 4.1430179228
278966036 620220652
#r 0 1.8925109550
-721859489 -551390151
#r 0 5.8798145667
388898961 -22604958
#r 0 5.2479856095
-862956667 140643757
#r 0 2.6125582146
-64393835 -548376194
#r 0 0.7725238933
-682022435 430113840
#r 0 5.5564956978
129522077 617343422
#r 0 0.6393237427
-709725211 -135667791
#r 0 3.8408048262
882172595 169931446
#r 0 1.8166598891
29768177 179516482
#r 0 4.7992761373
258981388 553416150
#r 0 5.7101142511
867622611 474026919
#r 0 3.9991180405
494169261 705240858
#r 0 3.1517073488
122469093 -725635014
#r 0 1.1391459967
-603116602 -663308573
#r 0 6.0641731145
-145539966 -887360284
#r 0 2.0066749645
682414660 608429595
#r 0 4.1784427036
-490982295 -354183775
#r 0 1.1430907785
-802812116 -220135267
#r 0 0.8120203590
250470454 471718324
#r 0 5.8006381552
439852827 37625603
#r 0 4.3746243242
-160210028 -311873695
#r 0 5.9725018457
378118500 -176315695
#r 0 0.3962196650
-866575725 -214630372
#r 0 0.2706321564
135413484 36622920
#r 0 1.2541675276
133848038 926203271
#r 0 5.3606631193
152317393 -838586251
#r 0 5.5189140165
866394399 -388688067
#r 0 2.8217831408
-110683473 -855371776
#r 0 2.4543424221
-778756986 -564076853
#r 0 5.9246146577
-737950047 -439455128
#r 0 1.7247874665
-609784449 -471338019
#r 0 1.1031745651
-23189346 649857189
#r 0 3.7831829910
919027675 186956176
#r 0 4.6648427081
-462062882 -817316296
#r 0 4.7705424200
-122964257 -333624352
#r 0 0.5027749249
-340634393 559951828
#r 0 5.8272146757
-909594700 -252680642
#r 0 0.4414174342
43912064 302995607
#r 0 2.5202823994
117420708 890129395
#r 0 4.5299824677
-468178342 -347725758
#r 0 0.5383745047
71200613 -222501511
#r 0 2.2871443597
-243623499 -789879633
#r 0 0.9274004792
-769324329 107708350
#r 0 0.6716182020
635566251 196520845
#r 0 2.0228914801
195202581 -473800941
#r 0 4.6533247178
308865562 -904406367
#r 0 1.3432967086
710295145 -265660052
#r 0 1.9003071696
-659887626 -690524746
#r 0 6.1562958593
582191960 -738122481
#r 0 2.7945387585
619956929 619639294
#r 0 4.4677135866
279378978 182926265
#r 0 0.1951737048
-31041134 -356688329
#r 0 6.0031724569
531322273 778893238
#r 0 2.5114464775
-409016762 -551302065
#r 0 6.1801807558
-242530425 -410578653
#r 0 1.0076557333
280793211 -921368331
#r 0 1.8803458813
730390034 137322819
#r 0 4.6383826607
336241334 349827929
#r 0 0.4646561671
182629508 -60733374
#r 0 3.2739669127
-14583895 -391538609
#r 0 1.6891784743
-529968658 -541423045
#r 0 5.6909552467
-295721070 -115687762
#r 0 0.0858525796
-860392259 105310463
#r 0 2.3422460161
134282577 690186611
#r 0 0.1790655837
120775521 105317247
#r 0 1.3521950694
705482076 -427802156
#r 0 4.3318808875
67711290 -820628312
#r 0 1.4457066612
433987350 508403551
#r 0 4.2927347393
-118050258 19266698
#r 0 1.6942292745
-797637337 -148047045
#r 0 5.1860429456
-297627869 -312378482
#r 0 0.5452524104
526708312 738674488
#r 0 4.7748787438
902408713 326691638
#r 0 5.0721662056
194389026 724215994
#r 0 5.4634316825
479784988 -770379991
#r 0 1.1705105471
-131810955 348029062
#r 0 3.9983524911
586522933 -217901995
#r 0 4.9182343892
-187748036 23994930
#r 0 1.7737796712
352205545 -810872443
#r 0 4.0247142303
-281264150 625950435
#r 0 3.5670584847
805993669 -555805939
#r 0 1.4823650708
109176579 830254230
#r 0 3.4159979151
454603456 -115132683
#r 0 3.9834127898
-841858840 456991149
#r 0 5.5996604791
-394302774 -111391377
#r 0 3.6649305495
-44928054 515757560
#r 0 2.5596057228
-121117037 -740886462
#r 0 3.5505056811
-104972969 -794518837
#r 0 2.7686320450
-228728329 -70115130
#r 0 6.0013609379
211817052 -353830981
#r 0 1.2001389370
714039536 -444378998
#r 0 1.1728231159
210279624 -719446913
#r 0 0.1666682573
-252990652 907596128
#r 0 0.4372671515
-111775591 385835601
#r 0 5.0070070925
-751715650 246572132
#r 0 6.1860103423
734240015 -107718197
#r 0 2.7049839118
451097033 876365304
#r 0 3.0732729518
-213751703 -188883800
#r 0 3.0817628658
-871609781 -439190600
#r 0 0.7794744383
873731973 -187795839
#r 0 3.6609484613
476321941 -514170025
#r 0 2.7397910531
648529161 -258031637
#r 0 2.4918315305
-947200162 54478327
#r 0 0.5125786388
-72923073 965837855
#r 0 3.3616132488
533900477 -572149686
#r 0 6.0605877740
-787439174 -505763987
#r 0 5.8784322680
-244124713 -774407860
#r 0 0.2571776270
912688030 366379819
#r 0 4.9386501399
65744808 676218049
#r 0 2.9231855470
-530446177 836542796
#r 0 5.9792376999
-415563059 -298865844
#r 0 0.5008074633
-886033412 -228132643
#r 0 0.0512592848
-277974413 -935647969
#r 0 1.5475311384
200104270 740576328
#r 0 5.6956644165
-138670661 -326693416
#r 0 5.9750037517
-420259027 -893966584
#r 0 0.2879117389
-798050443 -196980374
#r 0 0.2622589132
-402542994 -134498653
#r 0 1.5746347998
508744237 816338581
#r 0 2.6919067217
-397593185 913590386
#r 0 6.1076050867
-443314379 -868631678
#r 0 3.4198149980
-533147680 613971414
#r 0 5.1509307190
-770932227 -336799630
#r 0 0.5429449702
-313801222 -169811900
#r 0 0.2548754360
396351162 236536477
#r 0 2.2305962817
653214263 -656222690
#r 0 5.6418817787
-126037657 252119065
#r 0 1.5032242167
795662488 -210263076
#r 0 3.0419435481
-552602322 134431660
#r 0 0.3198139971
-25074801 475442830
#r 0 0.6675099586
-581753711 58339560
#r 0 1.0727908563
-123676106 -141587957
#r 0 0.0209190221
-770394741 -202777594
#r 0 2.0433916130
226219170 40973701
#r 0 5.2531520637
-730767039 -317649186
#r 0 0.5412072641
313987082 -595303530
#r 0 3.4996183799
422385780 609464897
#r 0 5.6806221366
-283682688 -708434606
#r 0 5.3956552759
-165174039 -771223105
#r 0 3.2799683041
-595802012 -385074130
#r 0 5.0004286980
277214466 -802769623
#r 0 5.5013533864
-49223034 10182434
#r 0 4.8103193933
606551053 -19018638
#r 0 1.5220687111
-355498144 909755308
#r 0 5.4868108951
47076853 -733059593
#r 0 0.7618955147
-374230082 240356462
#r 0 4.9698012002
57914385 673072022
#r 0 3.9701291697
-434227853 -134865342
#r 0 3.6960538466
-803935016 3201268
#r 0 5.6741819553
612533705 664406426
#r 0 5.1394212612
-128789750 -864403732
#r 0 2.4141929460
49745228 181238661
#r 0 4.3171046791
582907428 511612935
#r 0 5.3167805059
616180789 -199370439
#r 0 1.2973312620
144982153 -279834439
#r 0 5.6100258561
-152837913 140842892
#r 0 2.2282557141
549838263 -730153584
#r 0 2.0757457682
-591139324 -247371007
#r 0 1.0883664151
-753947354 98952221
#r 0 4.5944069794
-98352464 -743450637
#r 0 3.0755858523
611104978 -524723090
#r 0 4.2035758861
-276948858 -364114257
#r 0 1.6691806796
-558362802 302376104
#r 0 5.8718080671
-267275647 10250653
#r 0 3.7887992320
425647155 -827346206
#r 0 3.2452374825
112162654 -453062467
#r 0 0.0877080189
-754712502 466567191
#r 0 4.5004390865
195045141 -157401199
#r 0 2.8929309556
364909679 449614561
#r 0 0.2262755583
326459232 -545300426
#r 0 1.3913513726
-536667552 508287166
#r 0 5.2927740121
-202428280 -478818808
#r 0 0.3007939050
-763476748 -21012471
#r 0 0.6773997704
516751472 240937963
#r 0 0.5698876922
-517498183 -853729976
#r 0 0.5753300642
-526184045 -115544641
#r 0 3.4414966016
-3854276 572104001
#r 0 2.8160742919
706593667 433239529
#r 0 4.3622209204
-564690079 -822844945
#r 0 5.7915237061
-185570502 -425977316
#r 0 1.2559371524
-61608797 145910242
#r 0 1.6945169998
848643392 -476530336
#r 0 2.5931353674
93452062 3088368
#r 0 3.6463283733
-106530001 912703646
#r 0 2.7436666006
129800715 -66405896
#r 0 1.9894228054
-849869282 499526265
#r 0 5.3594299745
-283158943 125696995
#r 0 1.1328853912
-203513150 860627595
#r 0 2.3979832950
519657792 742685862
#r 0 2.3186498824
-251821320 665156036
#r 0 1.1332433409
230182292 520308519
#r 0 2.9409853985
-473392476 794263627
#r 0 6.0292536328
735792030 452643197
#r 0 5.9611801408
-369666639 87294424
#r 0 5.8214994036
-276016627 -500571755
#r 0 4.6699335952
-524722785 -437873809
#r 0 6.2171788324
712997777 -406915509
#r 0 2.7704185281
-339995297 50123258
#r 0 5.8064582739
-713511320 447537477
#r 0 0.5535260221
-7541308 -474010550
#r 0 5.4069397946
-516249910 -52678375
#r 0 4.6937420462
613601969 -682999508
#r 0 1.1979147208
40121220 985360
#r 0 4.0255031113
189485038 769020149
#r 0 0.5730650092
-287067205 674604554
#r 0 5.0080958267
526030054 -468274470
#r 0 6.1258575662
500156791 518726317
#r 0 3.7282462046
-466170814 522134478
#r 0 4.7609101082
692249517 -155852796
#r 0 5.9169393623
-19135247 -462785656
#r 0 0.5411746019
512921328 233950414
#r 0 1.1962352795
305232455 -769224201
#r 0 3.8283165448
110810355 864518301
#r 0 3.9796963112
-245776728 -457158406
#r 0 1.1414617207
347452066 -856835581
#r 0 0.5231813633
319645906 270660392
#r 0 2.7621618743
-435548272 -611291466
#r 0 4.5646240527
22070750 -549469547
#r 0 1.6878052366
656212895 -461586782
#r 0 0.4564654371
458430796 -152443083
#r 0 3.3250909643
-431680171 -747297857
#r 0 4.4883619660
213616582 294860532
#r 0 2.2632125543
162138602 684441261
#r 0 0.0987676879
690303853 230124327
#r 0 2.8627445436
-52605461 -707228846
#r 0 5.6807429235
678877527 -414086541
#r 0 0.3417105309
477558807 411981468
#r 0 2.5297893201
184212564 -324977200
#r 0 3.8647608637
785663450 439880191
#r 0 5.8515027013
646739430 383308206
#r 0 4.4001263714
685415070 -594953410
#r 0 3.1774101319
135038931 287538270
#r 0 5.4338626586
326558398 931533591
#r 0 4.3938381068
-824874647 460416858
#r 0 5.7699992621
-488000168 758599323
#r 0 6.1924508029
801920654 574390361
#r 0 4.7262585057
-585633695 305936550
#r 0 0.9724638785
-462594089 885317348
#r 0 6.0019509921
-743603398 554742659
#r 0 5.4978150154
-362279245 -121180642
#r 0 3.5363347480
454785219 400265118
#r 0 5.6842021991
-691668806 451470441
#r 0 3.7156119456
-698008282 -636292322
#r 0 6.0178755991
-582901506 625383350
#r 0 5.2749040786
-113814741 -506344976
#r 0 4.0575641072
-521526061 695419808
#r 0 0.5677076175
729715569 -63194041
#r 0 3.6508566888
-796640744 -573660874
#r 0 0.5595409083
23458238 -71943744
#r 0 3.3440390724
281714933 -551047321
#r 0 3.6665502542
-454720162 -324340886
#r 0 5.2083256085
10605018 845379704
#r 0 4.1807597169
433009027 354937001
#r 0 6.1071268268
-702041313 -605051451
#r 0 5.9718724383
-779456172 211602851
#r 0 0.7080487114
617240399 -515192210
#r 0 0.0325398002
818298917 442226614
#r 0 4.9412314217
-516566242 371903675
#r 0 5.5333183293
-52282995 10087973
#r 0 4.4315848382
-97876119 -318102794
#r 0 5.9140266513
-671730037 -668137141
#r 0 6.1571920153
-488914078 -409973125
#r 0 4.7909278944
-506805563 -814959771
#r 0 0.8059449214
-712321302 -430026242
#r 0 0.9145371373
58496706 391263155
#r 0 3.0219939805
-868849432 -463945928
#r 0 1.0210814247
-392786573 159161501
#r 0 1.8215707375
374195679 536942738
#r 0 5.2112214899
-498209899 424833607
#r 0 0.6684159059
-289137 757731379
#r 0 4.6288762019
100630691 656093029
#r 0 0.3548890394
-597192490 -790602550
#r 0 6.2083421607
162637031 -701535239
#r 0 0.4407305859
96366947 203292251
#r 0 3.0220496574
977074285 -53735691
#r 0 2.4338437765
775605172 -85216067
#r 0 2.0442235124
436853975 -823227874
#r 0 3.2808297766
689911066 -71617194
#r 0 2.9668907206
-290896482 556931801
#r 0 0.0750062047
696838923 592950618
#r 0 2.5440507305
-594388 720193128
#r 0 3.0991515938
369023017 -742218581
#r 0 2.4584705956
-752695689 -319422312
#r 0 5.6443500810
28593992 -146013930
#r 0 2.4637063831
220566027 869940608
#r 0 4.5254364204
-989516041 64927730
#r 0 1.1505413943
-531708102 -277283382
#r 0 1.4665405481
-427233086 790962443
#r 0 0.4310671530
-656848141 674980681
#r 0 0.1485217693
545371227 -624910901
#r 0 4.2708137434
175876703 894008125
#r 0 3.5132398295
19495614 560433735
#r 0 2.7202398864
-833934426 534759946
#r 0 6.1841020107
166396015 -218081985
#r 0 5.9812209428
194274075 23755519
#r 0 2.5593157500
56502117 862357659
#r 0 5.6248972703
-404248428 341904724
#r 0 1.4075113839
-599693009 -416619083
#r 0 2.0587809638
-683104853 589953889
#r 0 5.6102432011
609408974 348081025
#r 0 3.3509327183
506653718 -440412797
#r 0 1.8073273999
-672079945 -517152167
#r 0 6.1385973920
-186397900 390877895
#r 0 4.5196224442
-522913987 709813114
#r 0 6.0971716273
803401929 138182305
#r 0 2.4803181118
67870444 891848352
#r 0 5.4602693821
-673688034 -125767483
#r 0 0.6295502543
316309064 -287930623
#r 0 3.0251994660
851897189 332207889
#r 0 4.2222329483
-119244356 34729788
#r 0 4.9268073448
577445745 -226485559
#r 0 3.6908930109
-351032392 117106556
#r 0 1.7438175146
-79009846 -465837207
#r 0 0.3007726619
260736901 -233772832
#r 0 5.9590179092
441209859 -314268477
#r 0 1.7047944372
44455828 308924264
#r 0 0.4445800507
-177223990 -310726108
#r 0 1.1970784801
-306092637 33850809
#r 0 3.9654062743
-511629929 844677160
#r 0 4.8511699596
414912458 629223474
#r 0 2.6950656269
-547759111 78695127
#r 0 4.7562872629
-329636650 937824781
#r 0 5.8002302846
-727824767 -267564343
#r 0 2.1287023173
613534415 154600104
#r 0 4.8707683459
-420136489 -230371581
#r 0 2.7234899672
241464271 166951673
#r 0 1.5828855083
577150603 772045886
#r 0 3.3076128941
-25181740 -162056674
#r 0 0.5806840944
-289394918 -119035814
#r 0 0.0709768789
-562695177 -151955836
#r 0 5.5446681338
497752626 -165712081
#r 0 3.1113459260
-806701500 482557872
#r 0 6.0473070650
-223262467 -837359033
#r 0 0.0375763168
-34111353 -338207384
#r 0 1.7849651456
-466066244 404265539
#r 0 1.4449393725
-824645442 310845908
#r 0 1.0176191541
-758914484 331730712
#r 0 1.7417908208
-651822581 218409913
#r 0 0.8802159589
8924713 -826967810
#r 0 2.9230047767
249830434 916136721
#r 0 6.0469797785
-908051295 -350174107
#r 0 1.4371350844
153207795 -429105393
#r 0 2.5559882003
152380568 197995213
#r 0 2.0114421958
-481062917 648800523
#r 0 0.7567068833
504070389 -812345097
#r 0 1.4057445491
734525928 -179228444
#r 0 2.2418564120
534193646 -274842451
#r 0 0.1316576485
513487777 -104118567
#r 0 2.6505819655
807959187 189457945
#r 0 1.9652682783
738642042 568158191
#r 0 4.3088753370
-227834327 459640811
#r 0 0.8737569989
-224647663 -474378998
#r 0 5.7298767188
136710892 347682530
#r 0 2.4534782002
300409868 -662983964
#r 0 1.6811821976
-853838841 -234515103
#r 0 0.4967235530
-277606670 236886101
#r 0 6.1890419868
-799646680 155836229
#r 0 5.4244140801
217247089 -127983005
#r 0 1.0116946718
-18157999 693520685
#r 0 3.9465966824
554220998 211309189
#r 0 0.6539071609
-316740421 -602384292
#r 0 5.0377371816
-39398102 77503899
#r 0 1.5518738000
281458250 486299621
#r 0 5.6628663449
830444306 -90662091
#r 0 1.0657492296
592852891 -71019340
#r 0 0.1359382148
-717108865 650056957
#r 0 4.4846371680
-849293474 330915667
#r 0 0.7498439638
449339166 -799291113
#r 0 0.8141276615
386703396 -216445927
#r 0 2.3434336681
487959465 472771661
#r 0 0.9131421627
-191786498 328560243
#r 0 4.3289809256
-40606363 -635181795
#r 0 0.1633913447
-909754392 381289430
#r 0 0.1063549371
192283444 250439510
#r 0 5.1504505805
-891494445 19436517
#r 0 1.8412755002
-30310784 121105269
#r 0 4.4690474657
252037534 -36521174
#r 0 5.5772575084
407044367 300710574
#r 0 1.4972312108
25341534 745677826
#r 0 6.1501796042
577009598 -267322494
#r 0 3.2815934785
-858365047 -299638204
#r 0 0.3101519753
-500703233 -136509407
#r 0 4.3737160858
1789602 -45168942
#r 0 3.9420638772
-730352210 459810856
#r 0 4.0553199637
902260 -555057296
#r 0 1.0879245959
717723363 616811184
#r 0 4.5535931305
-178231016 -436308059
#r 0 6.2645909929
-280167333 284556892
#r 0 3.8036258704
234114005 -792229745
#r 0 4.1107699310
426985521 -617027241
#r 0 0.1538122573
206138608 -793396509
#r 0 1.7635200504
378176144 -469593078
#r 0 1.4602239916
891129441 411352899
#r 0 2.8936316479
-259308388 -238347847
#r 0 4.4645795079
-225233270 -771523851
#r 0 2.9622223921
-701092044 -670048612
#r 0 6.0871514142
-133938259 435689453
#r 0 1.5194282845
273501489 -756762748
#r 0 1.9403099160
-678252725 211893860
#r 0 6.2212036876
716944490 264735768
#r 0 5.3579552856
-242314170 -741363648
#r 0 5.1781853167
169639295 967531500
#r 0 4.2739031478
-175174495 76657343
#r 0 1.8876217924
-403291680 -126645372
#r 0 6.1389630959
21574093 -378494868
#r 0 6.0525604856
-196548082 -860597415
#r 0 1.9477204726
584357841 317849757
#r 0 5.5146536164
-136264608 -814649465
#r 0 2.6527540625
-364416683 -160218645
#r 0 0.0818623172
467371797 578602033
#r 0 5.0928090436
779171164 414057062
#r 0 0.2216126414
-507778155 -739955044
#r 0 2.0846082412
-525412970 29665185
#r 0 4.7654307449
412676452 784500208
#r 0 5.0682132089
-666158626 292840292
#r 0 0.3832909237
432796614 127357133
#r 0 4.5614552663
-91583156 341739053
#r 0 6.1987428474
-385712589 770695355
#r 0 3.9220042744
-368099731 -114025940
#r 0 1.5567208189
-167151473 69532179
#r 0 5.8408393984
-41625544 866339913
#r 0 3.7988442360
-844615871 93033474
#r 0 5.9744815302
135267191 376803431
#r 0 5.2547488124
-234665754 693078365
#r 0 1.1837611474
719828760 -3290008
#r 0 6.1675617195
455564330 -8171478
#r 0 4.6673735701
-26607087 -2379737
#r 0 4.9401029982
-589338263 570784761
#r 0 5.5356840593
235955077 -521263066
#r 0 4.2098520428
991794249 -9597054
#r 0 1.6674147600
-266740925 -811399941
#r 0 1.6889262263
-930818529 -356592324
#r 0 5.8247437289
582632617 798027768
#r 0 3.0164416291
104666760 397210347
#r 0 5.0589502076
-61404363 497339844
#r 0 1.1399773668
286347067 -781533879
#r 0 1.2790129612
116837229 887442763
#r 0 4.3489840564
422294847 45652354
#r 0 4.5767089414
-928266079 -163691702
#r 0 0.1000466663
-159615760 325931752
#r 0 2.9286815913
-130639265 790504939
#r 0 3.7090255864
710786579 212814782
#r 0 2.4340899067
-789781999 113035869
#r 0 2.7152396142
323800781 -58985684
#r 0 4.0902807895
-701267583 308517500
#r 0 0.1815952152
48809606 -812882244
#r 0 3.1237260659
786212659 137861995
#r 0 5.4644180548
-430838999 -751231587
#r 0 4.5043493215
-390719755 96048101
#r 0 1.3662062155
-671829209 -715736067
#r 0 6.1007613199
-451664952 613339385
#r 0 5.7759659098
209762674 -747751538
#r 0 5.6313586312
95097138 -898834971
#r 0 1.6873491931
-91615727 -480874500
#r 0 4.3529681718
896017243 241601041
#r 0 5.4051474798
-123022913 -249816047
#r 0 1.7743191903
319935744 -768411537
#r 0 4.7359175437
-357343477 568634948
#r 0 3.9964822686
-687811376 -614237363
#r 0 0.1585107468
-481979582 -193774435
#r 0 3.0342164870
-189844489 564700317
#r 0 1.6917669515
990843066 -86685326
#r 0 4.1573330801
531362676 457012821
#r 0 5.0742062922
635532185 487891392
#r 0 3.4177900414
751674457 362236517
#r 0 2.0825742997
-348377104 185443994
#r 0 2.0992343379
-467709474 665008124
#r 0 3.8324185880
-422113938 557842459
#r 0 4.3155167577
63944726 -101189659
#r 0 2.9797893641
-755243773 478553715
#r 0 4.5362719091
-141104813 719870389
#r 0 2.9889169029
726870965 -42571661
#r 0 3.3841290859
-734767320 -330741385
#r 0 6.2219422466
-478131342 -356005536
#r 0 0.2492334697
-778213001 592262377
#r 0 4.7850642323
306529386 -841425352
#r 0 6.0360009845
-506997314 -331871686
#r 0 5.2998131932
337732177 323465372
#r 0 4.8140325201
198818193 -860812737
#r 0 3.5078865893
861273682 -194805215
#r 0 4.5630108045
411704109 -191853595
#r 0 5.8604576400
936784797 266299169
#r 0 3.5100062977
-881066033 -357653196
#r 0 1.0497139604
128470553 120764231
#r 0 2.0565322003
456103062 809908181
#r 0 2.2166115883
-129563468 -434064848
#r 0 1.4984406204
-136854287 -750667694
#r 0 3.4985235318
236843301 499016081
#r 0 5.3311780080
4185795 -787890460
#r 0 0.8489655811
-323077277 -383946513
#r 0 2.3864705576
-928232283 54532252
#r 0 1.6556967699
846233876 38603306
#r 0 0.7098594325
594075944 58990448
#r 0 1.6941639068
-807498644 434139416
#r 0 5.4871191650
252296425 -815180381
#r 0 5.9201926854
127374777 474788155
#r 0 2.4523562301
58352412 -591669459
#r 0 5.5655662141
142227539 -753372354
#r 0 0.8809509809
-444060104 -99663914
#r 0 3.9956692940
669868800 299205541
#r 0 4.0516284067
75123297 -587790686
#r 0 6.1279911516
-66692956 771940820
#r 0 0.2030294405
-856506446 168474747
#r 0 3.0008758500
-321815167 -777558790
#r 0 0.0494478326
-901567627 -337973278
#r 0 0.8468861369
63483204 -344463396
#r 0 0.5667075241
-398699285 -710809402
#r 0 5.9147135314
-399509391 616861771
#r 0 0.5527503163
2374480 -672981579
#r 0 3.5121390520
725003489 -626243335
#r 0 2.7635387349
-709005949 67859851
#r 0 5.7626463840
179327417 -404849930
#r 0 5.8928524513
-488827814 -219105675
#r 0 2.4333970830
-743057794 -271644347
#r 0 1.9618647419
760802701 117786521
#r 0 4.1487940063
-686335393 641071383
#r 0 5.3436588503
406791063 756135445
#r 0 4.8096894631
5157986 -899764821
#r 0 1.4826646843
-491733461 456296375
#r 0 0.0244439620
186082177 -337471395
#r 0 0.2026322818
698020425 166943857
#r 0 2.3515310262
808422478 -191274785
#r 0 5.8708150410
870039472 469196805
#r 0 3.9073173921
-847181900 -497550056
#r 0 5.9174108964
323131422 -96760491
#r 0 4.9003427258
-195798666 -181119200
#r 0 0.5391579747
84826337 -238924003
#r 0 2.2515049679
35936046 906624349
#r 0 5.5455190577
988422864 128110099
#r 0 2.3438679151
140163396 -745038352
#r 0 5.7975939443
-81983281 -638811775
#r 0 5.8395226575
346057048 496641406
#r 0 5.5649877368
571015055 -451076894
#r 0 1.9181152960
605409095 -323183115
#r 0 6.0007266107
811627201 -462615746
#r 0 3.7679178129
359087181 -244310077
#r 0 0.0574098939
-420712945 488554349
#r 0 3.7376339651
382199775 -565102469
#r 0 6.1855280473
-358967381 840721823
#r 0 0.3766980877
726878074 85335801
#r 0 3.7200298475
-484283840 649953869
#r 0 0.7898321528
200373418 271296271
#r 0 6.2068341026
-109482949 -799223482
#r 0 2.8661207487
-131131645 -710611729
#r 0 3.6719781841
-680275744 -714806114
#r 0 6.1077350231
-434233256 -163749318
#r 0 3.4276291756
304976990 -128601788
#r 0 5.4847946602
624392660 -323764461
#r 0 4.8890325533
-337621270 -451866855
#r 0 4.9367223562
908324684 -230041991
#r 0 3.9867328390
534180710 320320916
#r 0 0.6877639011
393379286 266137485
#r 0 1.4910522675
-288471339 -839609647
#r 0 1.5410238938
-266364008 -788316581
#r 0 0.4314793540
781090122 265333166
#r 0 2.7827326287
-13344058 -364471105
#r 0 6.0066116773
-153642037 -836858285
#r 0 2.2748190725
150850698 -496756270
#r 0 4.9887802225
-114410877 895659622
#r 0 3.2103693075
-423022696 -649802008
#r 0 5.8189634245
749969900 -590137162
#r 0 3.8462197011
-362689254 440137108
#r 0 1.2780060154
590738130 189080854
#r 0 3.0938647218
-859817593 501191955
#r 0 6.2247196360
-114239718 -348534865
#r 0 1.4486563260
-543759371 -417742636
#r 0 2.3912201078
663656943 -131307544
#r 0 5.9419030488
543595014 -321298940
#r 0 2.4609666080
-422022558 -389088326
#r 0 5.2158681319
90254832 -544226179
#r 0 1.6074749705
301599129 -333463164
#r 0 3.4434806314
93413107 -270122924
#r 0 0.6082371865
227655333 -136544379
#r 0 4.8892989593
-747342078 -219914700
#r 0 2.3836482278
545431317 548231607
#r 0 3.7095357306
-163328388 195616969
#r 0 1.2461870846
-325659532 920887897
#r 0 5.9075339349
-658404228 -296624052
#r 0 2.4220643778
-852070006 143164438
#r 0 2.7546965374
-383811551 -318930582
#r 0 2.3592970971
-163329385 -854352304
#r 0 2.2281777845
408075219 869606084
#r 0 2.4039581300
-890062885 356525117
#r 0 0.3594299953
-787197366 -517142722
#r 0 1.5733586947
640172222 -310088191
#r 0 5.9790163459
-764662411 107952101
#r 0 2.7053349583
578852989 479115104
#r 0 6.2104018009
-114173259 -348076832
#r 0 1.9605482497
-259675445 76570950
#r 0 3.6267708512
-739098734 181712802
#r 0 3.1013011439
-429324072 -867749359
#r 0 3.3107773262
445713083 386445776
#r 0 4.6597298962
-934070319 28662410
#r 0 1.6610443676
154324651 181714297
#r 0 4.1201386778
459671445 475271995
#r 0 3.4852587071
-553202839 -1259005
#r 0 0.6413028943
-200393577 -906672555
#r 0 1.6243905891
-36787148 -407091216
#r 0 1.6995274561
77791789 -448353606
#r 0 1.1940571564
499194157 -197977632
#r 0 0.7487375991
-831602545 -293785893
#r 0 1.0746103946
-801585702 131873687
#r 0 0.1304756192
273579458 -748832240
#r 0 4.0116394852
-392182991 -740963388
#r 0 0.5128036945
-884668517 395971579
#r 0 0.6518313726
230444318 254940996
#r 0 0.8833911598
-15831657 485967923
#r 0 2.4290413624
54455605 -979741708
#r 0 0.4228594869
-369728487 858216368
#r 0 5.6308227249
-360647359 882405611
#r 0 0.0658847370
662672100 -215013444
#r 0 2.9432910149
-11355390 529776590
#r 0 0.6238934004
-734158700 -185084787
#r 0 3.2281962270
-772865419 -416576781
#r 0 1.6046013464
237192990 -357639731
#r 0 5.1370059515
-327403930 126930786
#r 0 0.7708212193
-330502509 737866688
#r 0 4.5661541099
313828430 370492524
#r 0 0.3192149312
267271657 477606911
#r 0 6.2492839186
-801491273 -273166093
#r 0 6.1557991287
-313746369 -186627280
#r 0 0.0200705113
548638366 816084709
#r 0 3.0450039639
-758608814 109574350
#r 0 0.8648397084
314825476 162822822
#r 0 4.9997705634
405557380 -23520966
#r 0 4.7870658706
315809080 65966617
#r 0 5.3515184450
675908822 -174553305
#r 0 3.4660382964
86406385 -56658845
#r 0 3.3828209357
-174495386 31341507
#r 0 1.8235165253
946583595 -228907972
#r 0 4.0526203876
134508800 57482156
#r 0 2.9862816070
42218446 908658904
#r 0 4.4753963581
260683047 -804089434
#r 0 0.3467968991
-557080587 -34651698
#r 0 4.9955945961
363121823 -191644299
#r 0 2.2606381514
719638582 -418139686
#r 0 2.4083360426
762240048 492472348
#r 0 3.9993115283
928198291 -311504082
#r 0 3.7299953460
-487609299 197836954
#r 0 0.0919516445
657610114 -317140451
#r 0 3.7198903695
251564474 965674731
#r 0 4.4782984240
27966474 455065912
#r 0 2.4861751902
-920312822 80077078
#r 0 1.6878668297
359216838 -525989368
#r 0 2.3898799976
413305424 -616598479
#r 0 2.5262566267
119175414 233395130
#r 0 4.9276597349
365784918 -837030362
#r 0 3.3780431307
748786401 -439180570
#r 0 0.7971598634
-586392617 -732075268
#r 0 0.3895553444
608790565 -132576557
#r 0 1.0812421958
506523396 -460727532
#r 0 1.7179145510
914417344 156120692
#r 0 6.1171440546
89376884 -895496211
#r 0 0.3388055663
568777897 -589935868
#r 0 0.3276567139
-323175477 -25341250
#r 0 0.3581905490
786013904 543343968
#r 0 5.0574823309
-109485911 885154260
#r 0 3.1955614204
-207585297 -214239914
#r 0 5.7090845172
-386183600 674076138
#r 0 3.8151975796
-478627764 -632661283
#r 0 4.8125764794
-833254232 -312253337
#r 0 1.1411643441
-884607652 122587534
#r 0 2.2884353664
-489795305 -629570441
#r 0 5.8554924049
178434596 711598272
#r 0 0.0327742379
-653452847 57945384
#r 0 5.2138876170
-542174544 -370312632
#r 0 1.4591596825
-759669271 24179426
#r 0 4.6002066331
721544737 -49327552
#r 0 1.9879362222
-297790139 -473030705
#r 0 4.8012031655
-680450560 431323108
#r 0 5.8233129011
-869395078 -156900320
#r 0 1.4003899451
-898534674 231282331
#r 0 5.0687820837
297453926 757511324
#r 0 2.4554409359
-109967069 -798147827
#r 0 2.8775293337
214816476 706088819
#r 0 5.2815720357
338152068 -331561880
#r 0 0.4124279607
514553736 41862431
#r 0 2.3482164292
696881388 -520371126
#r 0 0.9225443004
-381412315 854373836
#r 0 5.5965013506
-308743734 676248796
#r 0 1.2213875195
840249553 -17197412
#r 0 6.2534819975
-906618235 -354413288
#r 0 0.9321314695
-541859328 660342102
#r 0 0.6782708704
75910267 661882303
#r 0 0.2419103400
78386903 892787272
#r 0 4.1848011917
391797662 488532619
#r 0 6.2293936196
113217333 554025624
#r 0 2.9242098869
708676034 -196907606
#r 0 3.0008432030
-76156019 436582174
#r 0 4.8275250011
595520199 -57000498
#r 0 6.1736169634
-643269102 -182237412
#r 0 3.2232163606
-380978998 733579364
#r 0 0.1973737363
750631748 -170004063
#r 0 5.1059011056
-758422172 603428139
#r 0 5.7913497919
-604138047 -600572475
#r 0 5.9567334378
571392935 -572617441
#r 0 6.0108317983
-825888241 438403237
#r 0 5.6281494853
-982280742 -125750174
#r 0 5.9877133624
-796772748 141765679
#r 0 1.4868106287
-464793751 92480686
#r 0 0.8372408821
-49300443 38780875
#r 0 4.4558183875
-346646065 125041216
#r 0 3.0616637672
-633370107 -305035506
#r 0 0.7661254274
446239703 -821046911
#r 0 0.6345698564
1766163 231146800
#r 0 2.8018209756
620338415 638212522
#r 0 0.6665157098
784525653 -418206777
#r 0 0.7471169399
970239032 9071647
#r 0 3.6910827327
145411750 410244144
#r 0 2.6077313481
314828246 490971827
#r 0 6.0521027158
103535799 388530220
#r 0 3.8890191103
-107780264 162839785
#r 0 0.2546431826
-521909494 420144259
#r 0 0.5497362371
-726980674 -311854191
#r 0 0.4930643017
442987773 30363244
#r 0 4.3161337868
-913169501 123524478
#r 0 5.4093334125
914154240 -68454860
#r 0 1.1769403468
-353539207 322821497
#r 0 4.6050064973
416648279 -293919211
#r 0 0.0988497189
-450514237 847274818
#r 0 4.6346236146
-265011329 225225849
#r 0 0.1412765807
647180093 276117968
#r 0 3.7085128544
143667364 819035265
#r 0 0.2061905544
-153952690 186450869
#r 0 2.5217006426
432084509 527643257
#r 0 6.0492968892
-432102447 -83531075
#r 0 5.0370623304
-286950020 74734151
#r 0 1.1700633678
-283156988 -273964355
#r 0 0.6652432516
-95622210 -516354234
#r 0 2.4744621630
222304855 -817456638
#r 0 4.0564087433
308001360 -545628677
#r 0 3.4677141489
-876972382 -151523653
#r 0 5.9405932049
471611818 -78236448
#r 0 0.0758428714
229824465 735596569
#r 0 4.5789583023
-714698483 -35308266
#r 0 4.3028609015
765733456 -477226092
#r 0 1.8561647597
-457282080 -566398390
#r 0 5.5236818836
975778860 -125759596
#r 0 4.1379475827
-27628738 -606183642
#r 0 1.8053629579
-65675228 155237140
#r 0 4.8152980757
558282355 -200211884
#r 0 2.9333229653
-44864879 -324190553
#r 0 5.8293290615
150291310 -108144956
#r 0 5.7052323279
-384746582 -914438850
#r 0 0.7106441337
-64985821 206224784
#r 0 4.5999544853
-311071348 -701301410
#r 0 5.9374254454
644767892 -504947524
#r 0 4.1231968724
95179765 504192305
#r 0 5.1011198596
-774707191 -357841670
#r 0 1.5821415093
312028126 -213853374
#r 0 1.1675264844
-64023744 -339054143
#r 0 5.1819145320
-67433598 573468333
#r 0 2.0734915248
-386333815 -292849687
#r 0 2.4967578148
746869854 410818375
#r 0 0.1494669288
-672567330 217975378
#r 0 5.8147621944
-814032008 -226671612
#r 0 0.7944610753
-523911472 491821566
#r 0 3.8322939752
-742525105 -286221287
#r 0 0.4351020095
-656044233 699368464
#r 0 0.3911769569
215816832 -654787631
#r 0 2.1385089853
-953064043 -98103022
#r 0 5.7759046587
-822114157 -165857383
#r 0 5.7776050957
-79266839 -650863179
#r 0 0.8447979607
424231796 29490086
#r 0 1.5928730586
864378908 28984746
#r 0 0.8321501817
311033753 -153037413
#r 0 0.2902139950
550131970 172156637
#r 0 1.6125055124
-136181142 155251681
#r 0 0.5264356139
-164023989 -618221029
#r 0 4.4494249387
-210831976 64216364
#r 0 2.3595901214
-288618240 481951911
#r 0 4.9723360941
623107120 210623274
#r 0 0.8945749177
422557692 374901970
#r 0 1.7131809003
212534900 -5822140
#r 0 2.7653742406
-1976427 10970465
#r 0 0.3815017608
484700752 446860213
#r 0 2.9938095477
-887124505 225329669
#r 0 0.9665338568
-21028727 289887144
#r 0 0.1281988185
-562529547 -538951530
#r 0 6.2187337657
-600225625 560473968
#r 0 5.7064846737
-337423854 58561766
#r 0 1.7604443047
337716032 -464011342
#r 0 2.7885794710
270105975 -613393636
#r 0 3.0382152818
572492597 599693864
#r 0 4.9930401375
513147291 -658351100
#r 0 5.0413177625
-386831290 -23831386
#r 0 1.7012449486
-617026195 444594206
#r 0 0.2299260894
508544983 3155646
#r 0 4.4355632849
-993616503 -56692279
#r 0 5.5798316836
-315647006 793981990
#r 0 5.0495418871
93783622 333586964
#r 0 4.9485989524
-208573703 -291825164
#r 0 2.8617159840
-148659800 -978521905
#r 0 1.9586830983
333972450 391991204
#r 0 4.8357363118
-770761732 233300848
#r 0 3.4261753141
-432272552 55637336
#r 0 0.7472539386
-1009585 -982691563
#r 0 0.3708204364
-60424030 -712226300
#r 0 0.9828622473
33616680 -176455023
#r 0 2.2605341576
46469757 638884936
#r 0 3.8926338833
-52714368 486406251
#r 0 1.2230643173
519469930 -227246680
#r 0 3.8100366759
-222965626 -592730259
#r 0 1.6960628796
-710472563 -117803308
#r 0 3.9748404898
68246333 -659542852
#r 0 0.7513073580
-198859817 820098949
#r 0 4.4708435275
-22396933 -571016740
#r 0 0.9576784180
-109514260 186320481
#r 0 2.7521029087
625687901 325608098
#r 0 2.9785073720
-906924397 404854972
#r 0 0.0990345538
-624580573 221627122
#r 0 4.3321027618
-245730625 -661052037
#r 0 3.3721550295
-301030657 629764736
#r 0 4.3690083084
-294851174 -285970539
#r 0 5.7882228685
278406596 584270064
#r 0 1.1861136184
255785655 159763218
#r 0 5.2957304463
268493527 -810463131
#r 0 5.7457034950
7203627 -923672486
#r 0 2.5559166725
127417689 516670271
#r 0 2.8181136922
-572913803 699580940
#r 0 5.1337781951
-415958900 -691099724
#r 0 0.6098565845
509266265 -657249222
#r 0 5.2092755455
223331225 -709040159
#r 0 5.3462090676
-419563675 798580290
#r 0 0.0652294071
-722636336 384586580
#r 0 2.8800439210
104380678 -627939903
#r 0 4.9991714930
450350744 278493624
#r 0 0.5123637146
-44356064 742765704
#r 0 0.3502051079
398153494 725582553
#r 0 2.6799957276
236023235 -358147035
#r 0 0.9168402334
