701687785 -541700890
#r 0 4.6272214494
688928094 -691157206
#r 0 1.3357685405
723858595 -545281025
#r 0 4.4579588215
704981548 -617866541
#r 0 4.3693550928
692363835 -653195028
#r 0 1.0686443884
701537018 -636489176
#r 0 4.2617388646
697386509 -645067140
#r 0 4.1702021447
694921380 -649159278
#r 0 3.9457209445
693264072 -650879862
#r 0 4.3000942205
692766380 -652017802
#r 1 692856341 -652031298
-499127383 633119407
#r 0 0.4391637040
-363361249 696896808
#r 0 4.8852659560
-337558677 549132715
#r 0 3.9023901807
-446201629 445707820
#r 0 0.2536754038
-301002144 483352334
#r 0 5.7261218127
-173680451 404047943
#r 0 1.5482234135
-170294802 554009729
#r 0 0.1820168633
-22772710 581161752
#r 0 3.4894884562
-163786534 530023688
#r 0 0.1819912426
-16263746 557171931
#r 0 6.1959795323
133166252 544107638
#r 0 0.1826497194
280671131 571353016
#r 0 3.3384055091
207119023 556687163
#r 0 2.4564452007
178075984 580421442
#r 0 1.9396697389
167663872 607356215
#r 0 3.3221911760
132227276 600885920
#r 0 5.7302324787
156389096 585973839
#r 0 5.9661509281
179133965 578511217
#r 0 5.8260281917
204894124 565839460
#r 0 6.0019176177
240895420 555437701
#r 0 3.0146987801
187169227 562292055
#r 0 6.0291248537
213380761 555485663
#r 0 0.1895692321
226891655 558078041
#r 0 0.1897320902
233889042 559421833
#r 0 3.3564472905
230408331 558662262
#r 0 3.1341434915
228625944 558675540
#r 1 228296332 558304885
-483608482 -622730427
#r 0 0.6030306195
-360065390 -537659254
#r 0 2.5311686539
-482976147 -451677013
#r 0 5.4326151911
-384042939 -564425496
#r 0 5.4518078206
-282964145 -675254541
#r 0 5.3220422232
-197076664 -798231533
#r 0 2.5720460291
-323398496 -717343989
#r 0 0.6809287376
-206850236 -622916752
#r 0 4.2918292272
-268090960 -759845835
#r 0 1.4582037211
-251237730 -610795613
#r 0 5.4170316685
-154073482 -725072071
#r 0 2.2162452439
-199190264 -665159837
#r 0 2.4002714071
-226946120 -639748927
#r 0 6.1123852841
-208324152 -642960854
#r 0 2.7449970963
-233057813 -632602744
#r 0 5.7861550595
-221272587 -638995671
#r 0 5.8313855522
-215180989 -641951782
#r 0 2.9011987371
-218546684 -641126735
#r 0 6.2449098532
-213357604 -641325446
#r 0 3.0834650122
-215949660 -641174606
#r 1 -216903332 -641153511
-400050622 -282770132
#r 0 5.7668984621
-269601894 -356818288
#r 0 5.9077091695
-130051926 -411825619
#r 0 0.6547270540
-11069801 -320484205
#r 0 4.5841465013
-30253489 -469252435
#r 0 0.9247623201
60050170 -349480781
#r 0 0.9125332644
151811734 -230822383
#r 0 1.2716171855
196022121 -87485571
#r 0 4.6043493423
179847684 -236610980
#r 0 1.9326222106
126750311 -96323172
#r 0 2.0809802603
53499646 34575033
#r 0 5.7139667913
179848011 -46271060
#r 0 5.2967273870
262595163 -171382645
#r 0 0.8119657308
365806165 -62536474
#r 0 4.0326591310
318662445 -120867165
#r 0 3.2587973609
281187538 -125279624
#r 0 0.1388986518
299872724 -122667457
#r 0 5.2744935939
304902816 -130653184
#r 0 2.2556481510
301917810 -126998303
#r 0 1.8711454047
301209325 -124710793
#r 1 301011009 -124713408
301295572 728310821
#r 0 1.6902161959
283425138 877242509
#r 0 1.4291782355
294599719 955620743
#r 0 3.5321086830
155892807 898520896
#r 0 6.1947593849
305306753 885274286
#r 0 2.8487851305
161691161 928570494
#r 0 3.2766174444
13056462 908378263
#r 0 5.6888003222
137330422 824378364
#r 0 3.2300071797
-12083675 811133457
#r 0 0.0812464549
62668923 817220239
#r 0 3.3258869351
25803956 810348259
#r 0 2.8908860671
7448434 815049011
#r 0 3.6615500270
-1195565 810100276
#r 0 3.1537548993
-6663670 810033768
#r 0 0.3566616135
-4072472 810999239
#r 0 0.4089701405
-396694 812592348
#r 0 0.2159678629
5355348 813854285
#r 1 4699374 813362082
538670319 187274473
#r 0 4.4249200968
496141436 43429785
#r 0 0.8813950697
591552730 159173835
#r 0 4.4119040555
547155214 15894874
#r 0 2.4385042424
432727874 112881388
#r 0 5.7186264904
496089729 72753152
#r 0 4.7073560785
495897414 34541899
#r 0 1.1091228878
508045696 58958852
#r 0 3.9494450797
487945514 37935108
#r 0 0.7620316473
498466550 47975605
#r 0 0.9757337303
502551261 54009929
#r 0 4.2453511405
500910837 50756701
#r 1 500976840 51369540
-356518068 -65592954
#r 0 3.6147806216
-490036064 -133951895
#r 0 0.3940826036
-420784874 -105154800
#r 0 5.4158672211
-396375849 -133930484
#r 0 2.2015349815
-407502445 -118693720
#r 0 2.4602332921
-414868219 -112720724
#r 0 2.2880032912
-418024714 -109101465
#r 0 5.8276811349
-415862198 -110160799
#r 0 2.7649040790
-416981802 -109717908
#r 1 -417016463 -109746830
-276446552 932869643
#r 0 4.4181822862
-319943660 789314770
#r 0 1.8298028930
-358186465 933650071
#r 0 5.7540419523
-228700493 857930966
#r 0 3.4495647617
-371643029 812461949
#r 0 0.3802978580
-302001471 840301729
#r 0 3.7732477806
-332423727 818043200
#r 0 0.9580353232
-300467154 863498268
#r 0 1.3862260357
-293861911 898878105
#r 0 0.0607377072
-255453396 901213823
#r 0 3.4267276561
-279867868 894057399
#r 0 2.5917153950
-306569073 910423538
#r 0 5.5669832677
-271150906 879596605
#r 0 5.6293734689
-252235498 865102926
#r 0 2.2741286714
-260191820 874485371
#r 0 3.7244527070
-275043464 864694219
#r 0 3.9625593756
-291002439 847557584
#r 0 3.6505107384
-318580214 832170864
#r 0 3.8635351437
-353666578 801276952
#r 0 0.7270988172
-336203279 816814160
#r 0 0.4831349382
-325853401 822243727
#r 0 3.1024383623
-332001881 822484589
#r 0 6.1289906923
-328961786 822012072
#r 1 -329268048 822151094
-550539604 -271667289
#r 0 5.6683359248
-428010553 -358192613
#r 0 4.3355103243
-483213551 -497665295
#r 0 1.4031833512
-458189163 -349767425
#r 0 4.5773616425
-468285468 -424084748
#r 0 4.4740119982
-477149582 -460563010
#r 0 5.2326503554
-467805323 -476873210
#r 0 2.0588890249
-472212742 -468572060
#r 0 2.1298018304
-474707573 -464583936
#r 0 2.0824625452
-475859279 -462532989
#r 1 -475848072 -462316656
-618319202 -169265767
#r 0 3.6041742064
-752554718 -236204742
#r 0 1.4515286053
-734706944 -87270337
#r 0 4.5821397333
-744448040 -161635053
#r 0 4.7893583444
-741564190 -199028536
#r 0 4.3488525958
-748456566 -217145121
#r 0 1.0964837508
-744030109 -208523326
#r 0 4.1639786356
-746556400 -212658549
#r 0 4.1313816667
-747893539 -214694979
#r 0 0.7179576416
-746946829 -213868065
#r 1 -747168884 -213820540
755102565 -188650360
#r 0 2.2502629711
660845833 -71964163
#r 0 4.4130149319
616607510 -215292355
#r 0 0.9460976253
704335446 -93621449
#r 0 2.1486488514
622401487 32024189
#r 0 6.0634432046
768794542 -672501
#r 0 6.0260185162
913861711 -38823732
#r 0 0.8800652182
998014393 62986269
#r 0 3.9652682866
953135941 14533592
#r 0 4.1754097036
936190303 -13930642
#r 0 4.2855348767
929268074 -29150389
#r 0 0.9132077912
934827478 -21951402
#r 0 1.7259147825
932748589 -8657120
#r 0 4.7806855476
933207726 -15369356
#r 0 4.9053342617
933857608 -18695673
#r 1 934433725 -19431230
380790345 -501424583
#r 0 4.7335575687
383965396 -651390976
#r 0 0.4933751372
516076307 -580350797
#r 0 3.9209602205
409372581 -685775248
#r 0 0.7383555636
464840810 -635294800
#r 0 0.9548300235
486542746 -604635286
#r 0 0.8636004230
498963698 -590102157
#r 0 3.9829240721
492592956 -597228630
#r 1 493018544 -597877096
-579009961 358478730
#r 0 4.7712856220
-570180571 208738816
#r 0 1.8302759915
-608667222 353717358
#r 0 4.8736875239
-596622220 279690891
#r 0 4.1692351120
-616189452 247280047
#r 0 1.1214920707
-607967531 264330996
#r 0 1.0223253563
-602989466 272478356
#r 0 0.4872878302
-598738907 274730767
#r 0 1.1083434180
-597535904 277143976
#r 1 -597650349 277475713
299350043 -849072587
#r 0 0.4809090529
432336259 -779684791
#r 0 3.8117830594
314780747 -872855074
#r 0 1.1247698165
379488376 -737529826
#r 0 4.5861976529
360609874 -886337091
#r 0 1.4382445844
370522168 -811995002
#r 0 0.0878602346
407879033 -808704347
#r 0 3.2082261554
389169887 -809952851
#r 0 3.6730719131
381084123 -814706519
#r 0 0.4106973891
385383932 -812834121
#r 0 0.7526817507
387120134 -811207963
#r 1 386789181 -811503998
547958642 -796389549
#r 0 2.5132428822
426608847 -708217970
#r 0 2.6283050687
295938617 -634561396
#r 0 0.5206594626
426062315 -559943547
#r 0 1.2445074411
474141805 -417857789
#r 0 2.2874366023
375613541 -304755264
#r 0 2.2741694291
278594455 -190355540
#r 0 4.2436836267
210834709 -324178620
#r 0 4.0997490219
124580314 -446898543
#r 0 1.7604466164
96302994 -299588010
#r 0 1.3197770291
133561710 -154289049
#r 0 5.5060417292
240499635 -259475932
#r 0 0.1059635395
389658302 -243611129
#r 0 3.0136257635
240884791 -224468441
#r 0 2.9303321841
94219684 -193014564
#r 0 5.4386826488
193835164 -305160702
#r 0 1.9328301021
140708628 -164883936
#r 0 5.4026649634
236221129 -280544483
#r 0 4.0389423528
142668554 -397795989
#r 0 3.3180045533
-5003406 -424120734
#r 0 1.7664098759
-34158669 -276981444
#r 0 3.1460012041
-184157211 -277642724
#r 0 1.2011915190
-129970168 -137772197
#r 0 1.2880582861
-88122265 6272078
#r 0 0.4909905433
44157673 76997025
#r 0 2.9460204966
-102982824 106146197
#r 0 0.0391899673
46902002 112023187
#r 0 3.2439398796
-27705530 104360539
#r 0 0.3441839502
7735619 117064467
#r 0 3.4960132819
-9919005 110531439
#r 0 3.3481651378
-19132169 108600712
#r 0 3.8113407308
-22881387 105631915
#r 1 -22884810 106002494
120566706 -818818612
#r 0 1.3781310740
149288033 -671594003
#r 0 1.5977359934
145247572 -521648431
#r 0 1.8700592389
101025178 -378315323
#r 0 5.1449921655
132467847 -446406133
#r 0 2.3745519311
104993926 -419922840
#r 0 5.2683522043
133862601 -466384786
#r 0 2.1163239061
119671475 -443004449
#r 0 0.9840167526
127243932 -431615609
#r 0 4.1352074610
123512533 -437346106
#r 0 3.7679674413
120742238 -439350627
#r 0 0.4843228302
122427031 -438464227
#r 1 122169576 -438672799
137093106 -178832048
#r 0 1.7304007362
113253958 -30738513
#r 0 0.9716812144
197840746 93136728
#r 0 4.2408618269
163772197 26321056
#r 0 4.6058198013
159719088 -11567517
#r 0 2.4376338946
140561070 4699141
#r 0 0.9949197759
152742612 23460443
#r 0 2.4896170989
126090545 43804668
#r 0 4.8736498872
132163062 6475183
#r 0 4.7287705552
132504948 -14393129
#r 0 4.6100909189
131215474 -26954192
#r 0 4.9291876728
133189685 -35917270
#r 0 5.0485114169
136586494 -45639660
#r 0 3.0925497177
122760709 -44961059
#r 0 3.8861249893
116470320 -50757245
#r 0 4.5355081696
114686485 -60736803
#r 0 4.7212171726
114819050 -75752455
#r 0 4.0246256834
100522754 -93153376
#r 0 4.9449293934
107862604 -124146138
#r 0 4.0371369003
78619738 -160661443
#r 0 5.3485904982
118564071 -214738466
#r 0 5.7743576971
198942596 -259575256
#r 0 1.9977145542
148353093 -148364189
#r 0 6.1846973219
209431046 -154399159
#r 0 3.7168326195
143707830 -197013191
#r 0 3.7457186236
74147738 -245024338
#r 0 0.3262083485
177316628 -210122938
#r 0 2.2817692205
115165598 -137956819
#r 0 5.3144593918
142135249 -177203637
#r 0 4.3825202285
134331880 -199995299
#r 0 3.9195622073
118602799 -215492408
#r 0 0.1329034010
147822250 -211586017
#r 0 3.2084649054
133115485 -212570960
#r 0 3.4863225947
126149056 -215072379
#r 0 3.1824147893
122373236 -215226602
#r 0 3.3528210902
120525344 -215622840
#r 1 120890895 -215375630
-671832205 450572368
#r 0 2.1648694463
-755793343 574872518
#r 0 5.3755845008
-709620482 515770346
#r 0 5.0914616513
-695677144 480766548
#r 0 1.1405354278
-687653182 498250353
#r 0 4.3961254021
-690644726 489108826
#r 0 4.1664686919
-693173936 484945558
#r 1 -694125686 484686813
-468532303 -84888903
#r 0 1.0352172735
-391981439 44107086
#r 0 0.6642339662
-273873053 136575508
#r 0 2.9426728660
-420915145 166217088
#r 0 0.9366427166
-332040760 287053108
#r 0 4.1413747211
-372577186 223951617
#r 0 3.0515229227
-410073724 227338083
#r 0 4.2550975167
-423777397 199489610
#r 0 3.5351412702
-439198629 193086573
#r 0 5.0656281080
-433577111 177839860
#r 0 3.1766043791
-442165652 177539037
#r 0 3.2997096206
-454054681 175643355
#r 0 3.1124865102
-471274422 176144697
#r 0 3.0448321870
-496818620 178624108
#r 0 6.0642815362
-484292722 175837488
#r 0 2.7502974614
-490311559 178320678
#r 1 -490563791 177390645
242220329 -192797614
#r 0 4.0951546915
155403031 -315119962
#r 0 1.2714714677
199634304 -171789594
#r 0 3.8646072581
87162124 -271036804
#r 0 1.9802933651
27439924 -133438625
#r 0 2.5307688304
-95436446 -47407248
#r 0 4.3725447175
-145437486 -188828237
#r 0 1.4399866655
-125871947 -40109746
#r 0 3.6833763119
-254390488 -117459501
#r 0 0.4470212611
-186760082 -85038396
#r 0 0.5749601301
-155008423 -64463674
#r 0 0.4555319730
-137957445 -56110464
#r 0 1.1035012782
-133441006 -47159356
#r 0 0.9597125918
-130473692 -42923562
#r 0 0.5831552074
-128222490 -41438473
#r 0 0.3286103256
-126944677 -41002773
#r 1 -127269027 -41008009
474168597 127670696
#r 0 5.6637264867
596297514 40581503
#r 0 5.0452560362
645310621 -101184908
#r 0 4.0033466789
547644542 -215032776
#r 0 5.7506709038
676874526 -291187954
#r 0 0.8475908033
776143208 -178734724
#r 0 0.6268647956
897623801 -90743444
#r 0 0.3014744288
998230720 -59459471
#r 0 3.4953990897
948814330 -77711323
#r 0 6.2209830652
975174927 -79353129
#r 0 3.1454160354
961969187 -79403620
#r 0 0.0209337102
968570658 -79265407
#r 0 1.3232728424
969379764 -76063633
#r 0 4.5025445717
969035804 -77678623
#r 1 968934708 -78039876
595496296 -707793242
#r 0 3.3485347713
448696728 -738613476
#r 0 2.1423493695
367555892 -612454193
#r 0 1.0310948626
444637879 -483774873
#r 0 1.9784375795
385171134 -346066100
#r 0 0.5355732054
514167571 -269515990
#r 0 2.4615712850
397533679 -175194544
#r 0 1.0399396974
473474518 -45838489
#r 0 1.0520183217
547847412 84425368
#r 0 5.3638078449
638794712 -34858280
#r 0 4.7599893157
645932066 -184688378
#r 0 1.5824953531
645054659 -109693510
#r 0 5.0040344326
655850868 -145656220
#r 0 2.3396891990
616875998 -105373054
#r 0 1.9036000338
604813987 -70477514
#r 0 5.2472907031
617361194 -91653502
#r 0 5.2494290905
632889373 -117733166
#r 0 5.4381289947
660460685 -148807314
#r 0 2.6405247859
609594784 -120948576
#r 0 5.7423964755
634454530 -135876913
#r 0 5.8941523946
647891085 -141384891
#r 0 5.6850029901
653922487 -145495121
#r 0 1.7076473658
653422540 -141864734
#r 0 4.6796825348
653260899 -146805138
#r 0 1.4868588251
653468109 -144342316
#r 1 653620912 -143836046
677928845 -196320030
#r 0 4.9811766392
717763268 -340934064
#r 0 1.7427582250
704929595 -267040243
#r 0 4.7628280155
706820257 -304492550
#r 0 1.5736122272
706767459 -285742625
#r 0 1.8868817155
703846656 -276811886
#r 0 2.3956525682
700236294 -273475761
#r 0 0.3495452149
703978017 -272111854
#r 0 0.7925526236
705789292 -270274474
#r 0 3.9193580832
704870169 -271179672
#r 1 704829652 -271107015
134234208 -184258840
#r 0 5.9769723546
277256509 -229476329
#r 0 1.8127780804
241312442 -83846579
#r 0 0.5255908144
371066592 -8587955
#r 0 1.8606117456
328200290 135156541
#r 0 6.1564371243
476997020 116195178
#r 0 5.7366756997
605148576 38238917
#r 0 2.5814986934
541608187 78083852
#r 0 6.1537835587
578801521 73243925
#r 0 3.1085850249
560058277 73862820
#r 0 3.3693538908
550839286 71726014
#r 0 0.1839401899
555491159 72591463
#r 0 0.2121054515
557808423 73090473
#r 1 557622789 73338585
-222667336 -46611794
#r 0 2.7622038232
-362001010 8941130
#r 0 2.8423351604
-505334358 53162747
#r 0 3.8308642249
-621090780 -42233535
#r 0 0.5782062699
-558282458 -1244335
#r 0 0.8127454630
-532185166 26320847
#r 0 0.9045058055
-520452117 41243947
#r 0 0.9010054784
-514476367 48789907
#r 0 4.0057395219
-517601248 45129594
#r 1 -516804057 45675976
219528894 970092025
#r 0 5.2655561755
298336601 842462306
#r 0 1.9581730430
246669626 969099631
#r 0 5.1782446564
277387684 908001162
#r 0 5.1058498577
290577258 876227197
#r 0 1.9440262294
284305208 892244338
#r 0 5.3384429709
289346858 885271953
#r 0 2.4764782951
279242402 893197207
#r 0 5.6896433458
284565068 889606017
#r 0 5.4899800015
286828896 887306563
#r 1 286645711 888013003
-384209398 -106897359
#r 0 3.3504189485
-530950635 -137994134
#r 0 2.4806079769
-649358854 -45909968
#r 0 5.3831153442
-556125580 -163415528
#r 0 2.1702090344
-598437405 -101490497
#r 0 0.7816922354
-571687862 -74938487
#r 0 0.4805144352
-534923678 -55774609
#r 0 3.8914279117
-576950860 -94914053
#r 0 2.2687763814
-605045817 -61421474
#r 0 5.3923462257
-591302419 -78418205
#r 0 5.3446112713
-584841965 -87237649
#r 0 5.6015262492
-580567588 -90705917
#r 0 3.5173107487
-583148455 -91723956
#r 0 0.3871702625
-581863936 -91200192
#r 0 6.0402670076
-581190613 -91367050
#r 0 2.0858582189
615373946 -411111791
#r 0 1.7251845620
592307600 -262895922
#r 0 6.2504569856
742227271 -267804294
#r 0 3.0780422543
667378671 -263041222
#r 0 5.9629411332
703005913 -274857368
#r 0 2.6345389322
654339195 -247823155
#r 0 5.8759618871
679898577 -258847788
#r 0 5.6727247885
691415629 -266905170
#r 0 5.5684324542
696723576 -271511549
#r 0 2.3298248301
694305176 -268962119
#r 0 5.6091914384
695677984 -270058685
#r 1 695530946 -270115862
326662212 790338362
#r 0 2.9025092985
180928894 825860185
#r 0 3.5557221059
43608849 765501216
#r 0 4.1048591909
-42017303 642342123
#r 0 3.9874909621
-141476169 530057066
#r 0 2.4285743347
-254934816 628175032
#r 0 1.3850740396
-227236349 775595502
#r 0 0.6585851421
-108607512 867395279
#r 0 4.1018107648
-194608707 744497783
#r 0 2.0853573919
-268431627 875074107
#r 0 2.2675832515
-326974194 945033267
#r 0 5.4932398153
-294869218 912634972
#r 0 5.0963637079
-286265921 891341206
#r 0 1.9356925523
-290363672 902068215
#r 0 4.8246217946
-289720403 896360740
#r 0 1.4836689110
-288977742 904863014
#r 0 4.5681040767
-289591318 900640033
#r 0 4.6446984338
-289736107 898504316
#r 1 -289699626 899094919
340630368 -61653550
#r 0 0.6191653001
462784842 25399792
#r 0 0.7865336945
568730350 131586182
#r 0 2.4749336135
450846553 224340753
#r 0 1.8115863275
415076067 370013236
#r 0 1.6902291586
397203702 518944692
#r 0 4.8813400427
409814835 445012566
#r 0 4.7831703360
412473414 407514873
#r 0 4.6433499508
411176793 388763730
#r 0 1.2627608011
414080059 397888826
#r 0 4.2375611591
407703837 385485039
#r 0 1.0246927641
411325523 391444143
#r 1 411564779 392298011
-936931568 -253662529
#r 0 0.8537619859
-838358742 -140598839
#r 0 3.9752678156
-888770681 -196129338
#r 0 3.9597313899
-914415305 -223510683
#r 0 3.9932674735
-926809629 -237667296
#r 0 5.4661132427
-920332567 -244568233
#r 0 2.3560153197
-923678145 -241221456
#r 0 2.2208037517
-925111513 -239335981
#r 1 -925214963 -239150579
-55698254 -527054964
#r 0 3.2358114436
-205032958 -541166882
#r 0 1.5368799888
-199946483 -391253148
#r 0 2.5174563990
-321666712 -303593660
#r 0 5.1440445718
-258910446 -439834810
#r 0 1.1257075219
-194329741 -304448945
#r 0 4.9198388764
-163434969 -451232844
#r 0 4.0903770091
-250835692 -573139012
#r 0 0.9469724700
-207024963 -512265208
#r 0 6.2102732585
-169624474 -514996997
#r 0 1.9047953852
-180125299 -484735190
#r 0 3.8436972573
-194413758 -496821690
#r 0 4.1702954708
-208632366 -520429701
#r 0 5.5271547063
-178565775 -548780230
#r 0 1.9896644251
-198640562 -503690194
#r 0 4.1013825745
-216762348 -529563012
#r 0 0.8789392447
-206686276 -517400644
#r 0 0.9537104428
-202086832 -510918160
#r 0 4.6733695407
-202243017 -514918868
#r 0 1.5627607478
-202226931 -512917056
#r 1 -202290747 -511979166
-176767589 -188188183
#r 0 4.3126380171
-235145932 -326361875
#r 0 4.9130694113
-205245509 -473351551
#r 0 1.9371830014
-258982150 -333307367
#r 0 1.1145926376
-192900667 -198647657
#r 0 1.3107508489
-154331992 -53690914
#r 0 4.4885419241
-170980667 -126819716
#r 0 1.1420927088
-155371804 -92668607
#r 0 1.2364462651
-136924941 -39567695
#r 0 4.3034457199
-148101371 -65356952
#r 0 5.9851432662
-134592980 -69506625
#r 0 2.9136690910
-141475944 -67910093
#r 0 1.1458042990
-140012161 -64675740
#r 0 1.3657242872
-139185612 -60701868
#r 0 2.0792377850
-141633778 -56309076
#r 0 4.5732907950
-142404795 -61816252
#r 0 2.9918736638
-145720915 -61316023
#r 0 1.5777216924
-145737155 -58971102
#r 0 5.7536359185
-142798760 -60690980
#r 0 1.1322334659
-141299103 -57493595
#r 0 4.3044104776
-141999693 -59114469
#r 0 4.9356990922
-141803984 -59976253
#r 0 4.2841120704
-142058339 -60533394
#r 0 2.7297272502
133207554 429148051
#r 0 1.0939598408
202053181 562415750
#r 0 4.3443823667
175071464 492437276
#r 0 3.8357715416
145910709 468164274
#r 0 0.6317445909
161219919 479367404
#r 0 0.8397534309
167577361 486456454
#r 0 3.9497928118
164288400 483013976
#r 0 0.9399262165
165692556 484936298
#r 1 166214083 484745781
420725815 -425022251
#r 0 2.2991005898
320885056 -313076626
#r 0 2.3554536279
214897648 -206932058
#r 0 3.0640876619
65347949 -195317945
#r 0 6.0805011441
138812683 -210415390
#r 0 0.5363371319
171547726 -190955667
#r 0 4.2788320113
161843338 -211918492
#r 0 1.1499390689
166562033 -201376305
#r 0 1.4141855700
167462917 -195671035
#r 0 4.4770843960
166789616 -198479431
#r 1 167174801 -197904576
-984543034 144270826
#r 0 0.7349023774
-873258602 244848036
#r 0 1.1069472195
-806149530 378998595
#r 0 4.5533431906
-829905947 230891766
#r 0 1.8585664291
-872478157 374723637
#r 0 4.8896972495
-859249606 300899485
#r 0 5.2192283640
-840825941 267716638
#r 0 1.2464889628
-834706245 285920447
#r 0 3.1962051336
-862283895 284412864
#r 0 0.2036726904
-831654021 290739051
#r 0 4.2572721834
-844813083 263849883
#r 0 1.1976375228
-839356296 277787979
#r 0 4.8599248986
-838248762 270335651
#r 0 1.8454460465
-839270433 273961550
#r 1 -839284743 274269148
366737756 485628537
#r 0 2.6770119738
232636328 552835732
#r 0 2.9427153998
85592976 582471058
#r 0 3.3774771171
-60253227 547415601
#r 0 1.7606176096
-88555736 694721297
#r 0 1.8128642717
-124512355 840347948
#r 0 3.7737320421
-245527143 751717134
#r 0 0.4425010384
-109974611 815947276
#r 0 2.9572413694
-257432917 843443603
#r 0 0.5058489895
-126218405 916126145
#r 0 3.5663205220
-194554723 885220682
#r 0 0.5079865497
-161790011 903461396
#r 0 4.6990966250
-162040956 884583611
#r 0 1.6518771674
-162805499 893992325
#r 0 1.6249601250
-163063284 898747025
#r 0 4.9068989219
-162603101 896411081
#r 0 1.9071384429
-163003634 897556685
#r 1 -162889547 897701607
-649282821 -270779598
#r 0 5.2656009852
-570469395 -398405786
#r 0 5.1584560404
-505756279 -533728410
#r 0 0.5227836043
-375791374 -458834329
#r 0 0.4542609320
-241003538 -393014581
#r 0 0.9070530884
-148593086 -274860832
#r 0 4.2791311960
-211567556 -411001260
#r 0 2.1085880283
-288403655 -282174967
#r 0 5.3488769280
-243825548 -342489080
#r 0 5.1967176553
-226195885 -375997574
#r 0 2.2733258393
-238452515 -361520470
#r 0 5.3749450040
-232618369 -368998144
#r 0 5.4979029260
-229259403 -372356332
#r 0 5.4093420364
-227732184 -374180763
#r 0 5.4893609316
-226898097 -375029027
#r 1 -226798923 -375096005
411724544 245564399
#r 0 0.3776798388
551152954 300879122
#r 0 0.2593709404
696135680 339350010
#r 0 6.2798763610
846134859 338853669
#r 0 2.8339950199
703175306 384269155
#r 0 6.0526931108
776191861 367134900
#r 0 5.6958896455
807593395 346232594
#r 0 2.5662932379
791768386 356494649
#r 0 5.6119604796
799153072 350629364
#r 0 2.3304094966
795905943 354048419
#r 1 795657514 354399894
795592083 -315379132
#r 0 2.4318958534
681808161 -217638561
#r 0 3.5776545516
545844856 -280994536
#r 0 3.6896591235
417814822 -359150217
#r 0 2.3861106350
308623651 -256304273
#r 0 0.7468987657
418693541 -154399321
#r 0 2.3071361963
317956465 -43259583
#r 0 4.1914797497
243306118 -173364639
#r 0 1.8796208419
197715272 -30460913
#r 0 2.6265876838
67171731 43419963
#r 0 2.5456520448
-56971406 127613084
#r 0 1.3155830602
-19103640 272754506
#r 0 4.2319726544
-88425902 139734117
#r 0 6.2472869992
61477457 134350527
#r 0 1.8122847364
25605240 279997992
#r 0 2.2086090948
-63710707 400507998
#r 0 1.5476564592
-60240037 550467841
#r 0 1.8024087341
-94672113 696462472
#r 0 2.1202958279
-173011184 824380375
#r 0 5.8088248637
-39573429 755864935
#r 0 4.2605420225
-105067611 620918604
#r 0 5.4733593061
-1623944 512293525
#r 0 1.1590073728
58413462 649754464
#r 0 4.3884352102
34539676 578655644
#r 0 4.1811646850
15396669 546075285
#r 0 3.0283384820
-3395838 548212761
#r 0 0.5224967727
12186458 557186323
#r 0 0.3363127832
34355324 564936418
#r 0 3.4285302494
23093146 561613167
#r 0 4.0742794497
19587329 556885859
#r 0 1.1058395489
21247912 560196184
#r 1 20900460 559269563
-521849662 466816098
#r 0 2.4524519054
-637618563 562197236
#r 0 5.4647764655
-586364785 507442783
#r 0 3.6934699298
-618826091 487456645
#r 0 5.7117742385
-577127198 460645877
#r 0 2.0165883993
-589118290 485738367
#r 0 0.3835296575
-556717005 498812650
#r 0 2.5537278471
-576406567 511935106
#r 0 2.4567171685
-603822534 534327291
#r 0 2.5176567239
-646915557 565348567
#r 0 5.8177466775
-575775327 529619042
#r 0 2.5513260860
-608844440 551773422
#r 0 2.9777731848
-628783360 555069342
#r 0 5.2664056151
-623300480 546206624
#r 0 2.3037772344
-633470209 557502556
#r 0 5.6627873024
-627137112 552977494
#r 1 -627724131 553221594
-558514126 -706353026
#r 0 0.9116758253
-466650853 -587773352
#r 0 4.7533330687
-460510956 -737647638
#r 0 1.7359704032
-472842759 -663668408
#r 0 1.5031557615
-470269402 -625681863
#r 0 1.4276905367
-467553900 -606836086
#r 0 4.4816387913
-469731246 -616103959
#r 0 1.1683673110
-467852673 -611690635
#r 0 3.9882721960
-472555714 -617008544
#r 0 0.7673987690
-470000997 -614544177
#r 0 0.9723554040
-468994892 -613068627
#r 1 -468942752 -613248009
-218018041 -776753981
#r 0 2.0703148547
-289868484 -645081987
#r 0 4.9813437630
-250009893 -789689361
#r 0 1.6188307062
-257212279 -639862375
#r 0 4.7012800278
-258045433 -714857747
#r 0 2.0750323429
-276226379 -681910239
#r 0 5.1245023685
-268689912 -699150393
#r 0 5.3498607391
-263043472 -706774315
#r 0 5.2066603654
-260789216 -710957483
#r 0 2.0549265231
-261895075 -708854577
#r 1 -262023580 -708195859
517252615 315449462
#r 0 2.8717314121
372681430 355439117
#r 0 2.4614021949
256063488 449780283
#r 0 2.7892169353
115280173 501549561
#r 0 2.7121826476
-21101558 563999728
#r 0 3.0550770225
-170540536 576960890
#r 0 2.4138538164
-282542596 676738336
#r 0 5.8339142250
-147428008 611591976
#r 0 5.8283159241
-12680245 545690229
#r 0 2.7975915192
-83286204 570984466
#r 0 2.2403531457
-106844201 600746958
#r 0 5.2679899474
-96833738 584622849
#r 0 5.7574639680
-88519959 579799329
#r 0 5.4595325325
-85036764 576038897
#r 0 2.2445912508
-86635890 578041686
#r 0 2.6264046202
-87756982 578676437
#r 0 2.4421569369
-88276395 579113432
#r 0 2.4114636583
-836634468 79323631
#r 0 1.5951714596
-840290376 229279072
#r 0 1.7266263545
-863570394 377461530
#r 0 4.9473249864
-846111838 304521837
#r 0 4.4930332642
-854322747 267692206
#r 0 1.4088656785
-851280951 286312293
#r 0 5.6770926440
-843502265 280920740
#r 0 2.5287963846
-847373449 283642528
#r 0 2.2157247760
-848795889 285533485
#r 1 -848708258 285033255
-478957491 -425697431
#r 0 1.0698494156
-406919044 -294128202
#r 0 0.9432173098
-318841022 -172710485
#r 0 4.8815936237
-293581261 -320568337
#r 0 1.4411601853
-274190259 -171826988
#r 0 1.3697653519
-244238312 -24847803
#r 0 4.9360505057
-210968098 -171111581
#r 0 1.0004342150
-129977567 -44855754
#r 0 1.3471319419
-96706935 101407929
#r 0 1.0921966925
-27626444 234554036
#r 0 4.3412812842
-54825040 164659570
#r 0 3.9294708669
-81579289 137772288
#r 0 0.2227371897
-62373053 142122409
#r 0 3.3524447158
-72001342 140061634
#r 0 3.5486639646
-76522858 138112166
#r 0 2.7185499548
-78833398 139152433
#r 0 5.9318685864
-77643824 138716429
#r 1 -77507963 138536462
744680137 283363242
#r 0 2.8910550141
599363247 320551969
#r 0 6.2146654400
749011262 310282030
#r 0 0.5326311818
878232352 386452299
#r 0 5.7474519320
935923062 352204515
#r 0 2.9487356697
788703963 380954069
#r 0 5.9966419519
860645956 359756203
#r 0 6.0902786365
897771771 352504205
#r 0 0.2074534047
916438984 356433310
#r 0 5.8209678173
925361762 351987860
#r 1 924915245 352766018
787479252 -388621533
#r 0 3.7293880549
662654470 -471800700
#r 0 3.7407612973
538783758 -556394120
#r 0 3.3420772439
391788230 -586265756
#r 0 3.6828605346
263229811 -663549214
#r 0 3.1133503919
113289629 -659313438
#r 0 3.3952048111
-31912237 -696948768
#r 0 1.9849183348
-92270184 -559628273
#r 0 5.0390322765
-68205262 -630662628
#r 0 5.3038203447
-47137852 -662030179
#r 0 1.2756507641
-41597527 -643806937
#r 0 4.5583240381
-43058954 -653217551
#r 0 4.2284621712
-45317973 -657515432
#r 0 4.3357729879
-46213091 -659778723
#r 0 4.1402296960
-46872027 -660801885
#r 1 -46825718 -660703317
734374273 161323653
#r 0 2.5124959887
613090367 249585843
#r 0 2.4131747557
501156088 349439322
#r 0 2.8672121180
356767104 390081927
#r 0 2.2950013218
257386078 502435884
#r 0 3.0861569889
107616502 510746975
#r 0 2.8201606518
-34701096 558135807
#r 0 2.8722946898
-179294783 598044022
#r 0 6.1557150403
-30511784 578975220
#r 0 3.0976049320
-105439236 582273235
#r 0 6.2319978788
-67988354 580354545
#r 0 4.9158964679
-64198676 561990523
#r 0 0.2538517597
-45939964 566727725
#r 0 2.8041710719
-55233815 569988366
#r 0 3.9778992704
-64048664 560227013
#r 0 0.7594760895
-59279625 564755000
#r 0 3.7888636793
-61902648 562772238
#r 1 -61674352 562580777
-835925574 -325109799
#r 0 0.8633372441
-738439864 -211107447
#r 0 1.0214053345
-660114673 -83181044
#r 0 1.2073790172
-606794110 57022086
#r 0 0.9176061254
-515635662 176144449
#r 0 4.9254997798
-483910460 29537793
#r 0 0.8223216003
-381832169 139446948
#r 0 1.2981307021
-341437238 283905418
#r 0 1.1858601911
-285112246 422928780
#r 0 1.6568692195
-298007244 572373482
#r 0 1.1243713841
-233245702 707672938
#r 0 4.3122701100
-262460289 638596836
#r 0 0.4644962403
-228861713 655431780
#r 0 3.6602265996
-245180908 646117610
#r 0 3.5775816595
-253722020 642138394
#r 1 -253843431 642210417
191098699 -491490599
#r 0 4.1487981087
110964926 -618291934
#r 0 4.0960567503
24258005 -740692546
#r 0 3.7836908198
-95868142 -830524104
#r 0 4.2439365027
-163594045 -964364315
#r 0 0.7522796398
-54074083 -861868569
#r 0 3.8158178211
-112663401 -908690485
#r 0 3.8264778112
-141883161 -932556402
#r 0 4.3052058268
-149508830 -950237624
#r 0 1.2020819968
-146038820 -941256915
#r 0 4.2255644121
-148290861 -945511539
#r 0 5.0573257314
-147465721 -947808052
#r 0 1.9896606233
-147961974 -946693405
#r 1 -148004301 -946603259
76967052 -918743877
#r 0 1.7181632448
54941937 -770369707
#r 0 1.8489513977
13754622 -626135158
#r 0 1.3992046482
39367252 -478338023
#r 0 1.6100740541
33477108 -328453714
#r 0 1.7597718985
5299188 -181124135
#r 0 1.6870293523
-12096534 -32136253
#r 0 1.7174625786
-34017683 116253313
#r 0 1.6674644496
-48495329 265553004
#r 0 1.7142229333
-69935634 414012808
#r 0 1.7332231887
-94192674 562038468
#r 0 1.4496531726
-76065615 710939139
#r 0 2.3157484414
-177756106 821207194
#r 0 5.8109681417
-44171810 752977905
#r 0 4.5961094277
-61574464 603990833
#r 0 3.7046905353
-188415288 523919582
#r 0 0.5942338212
-126271961 565910137
#r 0 0.4861174629
-93084083 583446987
#r 1 -93857941 582885734
-458212991 -390070259
#r 0 1.2819861909
-415491215 -246282743
#r 0 1.3029724551
-375796187 -101630385
#r 0 1.2610070388
-330067493 41229289
#r 0 1.4074762395
-305678243 189233223
#r 0 1.3675028166
-275393827 336144265
#r 0 1.3063181868
-236182989 480928622
#r 0 1.4674933479
-220715087 630128971
#r 0 1.1773108078
-163203604 768665715
#r 0 1.3303207177
-127478917 914349437
#r 0 4.4765520753
-145003177 841425502
#r 0 4.0628849714
-167683346 811560464
#r 0 0.4206888674
-147999542 820366979
#r 0 3.5231952544
-158005989 816351670
#r 0 3.3157840449
-163323515 815415919
#r 0 0.1633853326
-160659852 815855037
#r 0 0.1769553840
-159330967 816092676
#r 2 -158983667 816051591
