701687785 -541700890
#r 0 2.2755393370
604512073 -427434180
#r 0 3.0591104334
455022033 -415075871
#r 0 5.8614616720
591879746 -476475923
#r 0 4.5152718122
562503275 -623571208
#r 0 0.2471139948
707946634 -586880211
#r 0 0.2693017519
833737420 -552161130
#r 0 3.6260772215
701000150 -622023976
#r 0 2.7445152590
562670874 -564015258
#r 0 3.9918434862
463701672 -676732147
#r 0 3.8699567236
351762018 -776579601
#r 0 4.5745241212
331147736 -925156353
#r 0 2.3005967132
231139605 -813360227
#r 0 5.1892396209
299987119 -946626952
#r 0 1.8865174810
253411810 -804041046
#r 0 6.0635203080
399807385 -836726449
#r 0 3.3484064031
253003862 -867527838
#r 0 5.6010275619
341903252 -939735157
#r 0 1.5007211151
352405933 -790103296
#r 0 3.8712668452
240597188 -890097318
#r 0 0.6673981884
299504790 -843676479
#r 0 1.0460265248
318365508 -811096923
#r 0 4.2232726838
309521807 -827712502
#r 0 1.2398203606
312584038 -818800711
#r 0 4.2094511574
305810798 -831112934
#r 0 1.1851450884
308453776 -824602822
#r 0 0.7307311201
311105622 -822226144
#r 1 311376489 -822462955
-499127383 633119407
#r 0 5.8071802425
-365802490 564384605
#r 0 4.9770723634
-326561936 419608298
#r 0 1.2903187115
-285039741 563746799
#r 0 4.8388622099
-266119291 414944862
#r 0 0.3590314142
-125683652 467649998
#r 0 2.7664736373
-265253255 522607489
#r 0 2.2197825349
-355910110 642112027
#r 0 2.0000578554
-418340027 778503029
#r 0 5.5057177218
-311436189 673281503
#r 0 1.2228125240
-260285716 814290826
#r 0 4.1765145200
-336874683 685317456
#r 0 4.9055301497
-308083293 538106533
#r 0 5.8238169694
-173633381 471599231
#r 0 4.3203920915
-230938570 332977028
#r 0 5.1578459465
-166308025 197614948
#r 0 2.1372625552
-206557045 260900147
#r 0 1.5874103453
-207189088 298939394
#r 0 4.7814205243
-205876996 279962452
#r 0 2.8569873160
-215030553 282640299
#r 0 5.8433200665
-204474544 277672473
#r 0 2.6024478714
-209480361 280667292
#r 1 -208986880 280595565
-483608482 -622730427
#r 0 3.3713373277
-629667168 -656889764
#r 0 5.2838229562
-548541354 -783058708
#r 0 3.8374471140
-583407343 -812179703
#r 0 0.6688321217
-565587303 -798095545
#r 0 0.5450498919
-555868907 -792203136
#r 0 1.4223235003
-555002191 -786408552
#r 0 4.3857357888
-556169795 -789854951
#r 1 -555589352 -790593865
-400050622 -282770132
#r 0 1.5138718924
-391516568 -133013096
#r 0 4.6498018106
-396207542 -207866250
#r 0 4.0517386460
-419219423 -237476949
#r 0 0.7564847342
-401335367 -220598283
#r 0 3.4516655583
-430945164 -230085496
#r 0 0.1694515911
-415621547 -227463743
#r 0 0.7698932699
-409931437 -221947402
#r 0 5.2433251681
-407728527 -225699110
#r 0 2.1102404831
-408845902 -223832695
#r 1 -409242143 -223306603
301295572 728310821
#r 0 4.9319922863
333971943 581913230
#r 0 2.8592016171
189913156 623711146
#r 0 5.0235764935
235841555 480915550
#r 0 5.2160202455
308232921 349540171
#r 0 4.7768568210
317896400 199851771
#r 0 4.8973822721
345487391 52411148
#r 0 6.1371332585
493890393 30581144
#r 0 3.7237184086
368596024 -51888978
#r 0 4.4320765858
327097644 -196034337
#r 0 4.8972198402
354664686 -343479439
#r 0 0.5669248031
481198156 -262923366
#r 0 3.5172493108
341658120 -317955887
#r 0 5.8751960765
479346192 -377470548
#r 0 4.4375438113
438636504 -521840632
#r 0 5.7711657547
569400028 -595331453
#r 0 6.2337566794
719216826 -602742728
#r 0 1.9543936110
663078016 -463644079
#r 0 2.8819658065
518105140 -425136091
#r 0 3.0679973219
368511177 -414106754
#r 0 1.4557831748
385725140 -265097763
#r 0 2.2495531202
291551262 -148344687
#r 0 0.3720364256
431289613 -93817693
#r 0 4.8406746246
450479722 -242585094
#r 0 1.7422938506
437680365 -168685322
#r 0 4.3978195832
426055960 -204411699
#r 0 2.2762017292
390164439 -162264279
#r 0 0.8935600619
415183483 -131149955
#r 0 0.9727870877
426628787 -114348726
#r 0 1.2339594742
430107900 -104413565
#r 0 1.2334114967
431872498 -99383313
#r 1 432212957 -99153531
538670319 187274473
#r 0 4.4303787263
496927261 43199780
#r 0 2.8940757442
351498697 79949375
#r 0 2.1160459969
273703961 208199050
#r 0 1.1127640290
340031574 342737698
#r 0 5.2983048054
422975977 217756795
#r 0 2.2151319441
377925922 277719221
#r 0 3.0484646585
340461244 281218353
#r 0 5.9946172378
369949795 272464558
#r 0 5.7163377512
402165447 251958332
#r 0 2.3989469745
361645405 289153816
#r 0 5.3269955779
378304107 265551165
#r 0 5.8988369318
418238433 249399184
#r 0 2.8899757477
397378107 254761643
#r 0 2.4855154567
388695805 261445611
#r 0 5.7805351517
393591442 258754241
#r 1 393424938 257941512
-356518068 -65592954
#r 0 4.1806999545
-432566556 -194885751
#r 0 2.1274497820
-511818734 -67531551
#r 0 2.2871961486
-610319799 45594662
#r 0 2.8325945367
-753215608 91210315
#r 0 5.9716498259
-681825805 68221273
#r 0 1.6451183077
-684610332 105617991
#r 0 5.4163883722
-653700354 69216837
#r 0 5.6575671352
-633680473 54753978
#r 0 2.7599042112
-645323678 59427233
#r 0 5.8279677593
-639689461 56669248
#r 1 -639719560 56206468
-276446552 932869643
#r 0 5.3971204848
-181576793 816681310
#r 0 3.5249049286
-320691436 760582147
#r 0 0.3073417063
-249205851 783271595
#r 0 3.2797551240
-286562156 778077262
#r 0 5.9759474998
-233252196 761162834
#r 0 2.6907595989
-267386195 777686520
#r 0 3.3346863195
-313637432 768643023
#r 0 0.1301650786
-290273228 771701519
#r 0 0.2349178976
-278769793 774454715
#r 0 1.9364901669
-280885600 779980207
#r 0 5.3038939347
-277067951 774296961
#r 0 2.4666468453
-281072350 777501826
#r 0 5.6619446536
-278987020 776009181
#r 1 -279109468 776072095
-550539604 -271667289
#r 0 5.4819989005
-446161333 -379394614
#r 0 4.1210384422
-529783743 -503922894
#r 0 1.3514061326
-497138572 -357518342
#r 0 4.6815848614
-501758459 -507447181
#r 0 1.6481411407
-507553538 -432671402
#r 0 4.8853804018
-501098667 -469611687
#r 0 1.6110316491
-501852876 -450876862
#r 0 2.2180452326
-507604569 -443267519
#r 0 5.8170177586
-502871773 -445648844
#r 0 2.7064872478
-505274008 -444532250
#r 1 -505261823 -444555744
-618319202 -169265767
#r 0 6.1003427344
-470819580 -196539591
#r 0 4.4743727433
-506185868 -342310732
#r 0 0.6516351671
-386921895 -251337633
#r 0 1.1667882062
-327955856 -113413718
#r 0 1.6379739893
-338024928 36247946
#r 0 0.5140256722
-207409098 110000946
#r 0 0.4098291382
-69830761 169768839
#r 0 1.6641754780
-83817287 319115339
#r 0 1.0067437015
-3624972 445879658
#r 0 1.4714499940
11252477 595140040
#r 0 3.7889528072
-108399316 504677626
#r 0 3.8094000256
-226176522 411787746
#r 0 0.6206721954
-165164944 455406405
#r 0 0.7991715522
-138958146 482345245
#r 0 3.8007067463
-153813567 470836953
#r 0 0.6616429942
-146400432 476609864
#r 0 3.3447869200
-151001711 475661827
#r 0 0.3583153826
-144552240 478077030
#r 0 3.7005428724
-147535032 476211329
#r 1 -147575625 476458542
755102565 -188650360
#r 0 2.4400797861
640522561 -91844252
#r 0 0.1182113553
789475737 -74153817
#r 0 3.2254054995
714739005 -80432424
#r 0 3.0194388359
677474426 -75857636
#r 0 0.0876682108
697528013 -74095056
#r 0 5.8094823247
724093192 -87713248
#r 0 2.7415075417
710345761 -81899548
#r 0 2.5838940472
703979302 -77928481
#r 0 4.8628603311
704541764 -81638225
#r 0 1.7204072648
704262129 -79783112
#r 1 704335129 -79188123
380790345 -501424583
#r 0 2.4368988025
266518858 -404254488
#r 0 5.9879348308
410028251 -447901413
#r 0 0.4986024853
541766007 -376171618
#r 0 2.9248022292
395277080 -343907175
#r 0 2.3307364034
291945379 -235175581
#r 0 5.7429185692
420581106 -312330295
#r 0 3.4365798141
277060225 -355939430
#r 0 0.3618686970
347202991 -329387741
#r 0 0.0892623055
384720336 -326029934
#r 0 2.9397782044
365915657 -322182502
#r 0 5.9555463454
375002253 -325270936
#r 0 0.1674346803
379807933 -324458694
#r 0 4.0213788750
378164434 -326445911
#r 0 0.8690101593
378996843 -325461216
#r 1 379103802 -325561893
-579009961 358478730
#r 0 3.9687443511
-680556192 248077810
#r 0 0.8411580304
-630561188 303983977
#r 0 1.1948751228
-616791129 338872187
#r 0 4.2695384150
-624827394 321927606
#r 0 4.3342353434
-628304839 313174325
#r 1 -627992333 313455381
299350043 -849072587
#r 0 1.2102992923
352260947 -708714345
#r 0 3.3102679149
204389743 -733895829
#r 0 2.9931698618
56038912 -711714062
#r 0 5.9175230914
196121989 -765349233
#r 0 5.2576279052
273915347 -893599744
#r 0 1.9115235589
223789456 -752222960
#r 0 1.3039481994
263343321 -607531938
#r 0 2.9428604885
116295670 -577917947
#r 0 0.3949629286
254747294 -520201851
#r 0 2.7816596545
114359230 -467370122
#r 0 1.7524499671
87260792 -319838177
#r 0 0.9391441133
175832640 -198780225
#r 0 3.6110229113
42058714 -266636962
#r 0 0.2724358913
186526460 -226275219
#r 0 0.0474557115
336357588 -219159534
#r 0 2.0659649932
265080578 -87176248
#r 0 5.2823483950
305550418 -150320463
#r 0 4.7130808948
305576509 -188029535
#r 0 5.5216389307
321419265 -203134004
#r 0 5.6179848865
330037892 -209895072
#r 1 330440683 -210584361
547958642 -796389549
#r 0 2.2793826384
450344487 -682497158
#r 0 3.3577921799
303836521 -714675036
#r 0 0.3897598144
442586573 -657680098
#r 0 5.5014950543
549045143 -763352104
#r 0 3.3314476208
401740401 -791659575
#r 0 2.9478582833
254546583 -762780864
#r 0 0.0617646985
404260558 -753522049
#r 0 3.9791716121
303871006 -864975797
#r 0 0.4553647386
438586108 -799007310
#r 0 0.6289022217
559887174 -710768705
#r 0 0.6614505922
678252477 -618629381
#r 0 0.7385227630
789172052 -517649939
#r 0 6.0974183172
848720815 -528841165
#r 0 4.0367082198
754906518 -645883370
#r 0 0.8041025614
803073584 -595879868
#r 0 1.2418912627
816172161 -557501599
#r 0 5.1867192919
822187225 -569217151
#r 0 1.9191202808
819939703 -563027851
#r 1 819608133 -562742484
120566706 -818818612
#r 0 1.2051187931
174204023 -678736357
#r 0 3.8887439141
64159867 -780669098
#r 0 0.7416979867
119459058 -730003535
#r 0 5.3264987730
141068370 -760652699
#r 0 2.0366529934
121222252 -721178705
#r 0 4.8132379551
124639537 -754948919
#r 0 1.6067779408
124029013 -737988567
#r 0 1.8512039428
121670769 -729800098
#r 0 4.7710590961
121923875 -734109196
#r 0 5.5591724996
126774462 -738398050
#r 0 2.3328798328
124539279 -736056135
#r 0 2.4471965985
123286527 -735012901
#r 1 123011543 -735150673
137093106 -178832048
#r 0 0.2700657581
281656109 -138812826
#r 0 2.1876873178
194880809 -16460681
#r 0 4.3300233853
138913368 -155628370
#r 0 2.5598211688
13589790 -73202641
#r 0 4.0209361541
-82058759 -188750705
#r 0 3.9272277457
-188099643 -294841849
#r 0 2.1358922150
-268424163 -168161261
#r 0 5.3675287141
-222728910 -227633470
#r 0 5.6789828209
-191619039 -249109363
#r 0 4.6975488737
-191959367 -272040690
#r 0 4.5374504606
-193971839 -283426976
#r 0 2.4457452027
-198898008 -279312568
#r 0 5.4715415742
-196689104 -281640574
#r 0 5.9712574033
-195141624 -282139566
#r 1 -195171084 -282575358
-671832205 450572368
#r 0 3.1074549187
-821744810 455692034
#r 0 3.9872008679
-921236245 343435834
#r 0 0.9808891615
-879514954 405760258
#r 0 5.4307173366
-854388264 377014956
#r 0 2.2660651513
-866616872 391673465
#r 0 2.4578405029
-874019988 397706162
#r 0 5.9469876348
-869417896 396097894
#r 0 2.9716017246
-876304877 397280027
#r 0 6.1832539665
-872828459 396931463
#r 0 0.0615256548
-871076306 397039402
#r 1 -871720447 396803906
-468532303 -84888903
#r 0 2.8706919655
-613061843 -44748995
#r 0 1.9340388711
-666357902 95463451
#r 0 2.9190834799
-812659922 128565095
#r 0 3.0288409415
-961707461 145442039
#r 0 3.2754311071
-989917702 141643717
#r 0 0.2837651728
-845916487 183639550
#r 0 6.0685810571
-699357375 151695434
#r 0 1.6799040234
-715691077 300803483
#r 0 1.7729284654
-745804854 447749597
#r 0 5.9331981544
-604898286 396316736
#r 0 4.8740585687
-580753349 248272749
#r 0 4.7631436198
-573143421 98465910
#r 0 5.6976962738
-448127130 15574856
#r 0 0.9603943066
-362147591 138487503
#r 0 5.3189834466
-276636670 15248376
#r 0 5.6783241017
-153249515 -70048811
#r 0 4.8341605192
-135028892 -218938061
#r 0 4.2836070070
-197393394 -355358986
#r 0 1.0149743534
-157820266 -291648960
#r 0 1.3041918532
-147782642 -254895369
#r 0 1.2096987226
-141043042 -237049520
#r 0 1.3432727774
-138890707 -227753489
#r 0 4.2354853318
-141099610 -232028661
#r 0 1.1801960266
-140183521 -229803831
#r 1 -140354623 -230308982
242220329 -192797614
#r 0 0.6510128338
361540895 -101898755
#r 0 3.7139894109
298495506 -142522380
#r 0 0.5445089971
330572320 -123097450
#r 0 0.3767076183
348021139 -116194695
#r 0 3.6943663601
339648161 -121360220
#r 0 1.8907921259
335041026 -107457544
#r 0 5.0198128120
337257021 -114437292
#r 0 4.9493234171
338116608 -117997099
#r 0 5.0440557275
338718260 -119744117
#r 1 339081695 -120193001
474168597 127670696
#r 0 2.2950909436
374777502 240015746
#r 0 5.4632127668
425945598 185181214
#r 0 4.6738135952
424498362 147682750
#r 0 1.2942425269
431809078 173440410
#r 0 1.2633174267
441246432 203159683
#r 0 3.8466291534
409885892 176473909
#r 0 5.5592764990
440120573 149746228
#r 0 4.4953174084
435750884 129933226
#r 0 5.8380606491
453118011 121648131
#r 0 3.1108854232
442175588 121984248
#r 0 4.4687323489
438255901 106216937
#r 0 1.4650634244
439113234 114295179
#r 0 4.2629484038
437315331 110567915
#r 0 3.1421295904
431111407 110564584
#r 0 4.4538515451
429078796 102878577
#r 0 4.5895646529
427659843 91384026
#r 0 2.9868720478
410927842 93993668
#r 0 4.8801089555
414429390 73312452
#r 0 4.9178795950
420145265 45889332
#r 0 1.8191015259
416703071 59466002
#r 0 5.2244358247
420140620 53349900
#r 0 2.3026702391
413202872 61073115
#r 0 5.2692772133
416453606 55852085
#r 0 5.8934368237
424583153 52512785
#r 0 2.7454269177
420529178 54208485
#r 0 3.0295747290
418345695 54454102
#r 1 418574132 54564684
595496296 -707793242
#r 0 3.6718438251
466094286 -783655748
#r 0 0.2151030297
612637447 -751638535
#r 0 1.4814144229
626026888 -602237321
#r 0 2.6221399709
495813238 -527776557
#r 0 1.9071418960
446307292 -386181496
#r 0 5.2016880709
516808393 -518580872
#r 0 2.0091116162
484977297 -450670775
#r 0 2.0882475866
466379152 -417995585
#r 0 2.8334761894
448456556 -412291684
#r 0 5.9632842826
457383623 -415249039
#r 0 5.8814029415
461711862 -417088090
#r 1 461825762 -416799828
677928845 -196320030
#r 0 2.0362785051
610600785 -62279244
#r 0 1.1902170040
666319546 76988196
#r 0 2.1634861118
582530437 201404374
#r 0 4.3019023437
522672099 63865364
#r 0 3.6170505654
389309618 -4796479
#r 0 1.9262574562
337106212 135826437
#r 0 4.3947211369
290253421 -6668531
#r 0 1.4129799900
313827729 141467393
#r 0 5.1090327221
371776454 3112974
#r 0 1.9401890372
344697766 73053981
#r 0 1.9127195731
332114697 108409389
#r 0 1.6117612190
331341109 127282988
#r 0 4.6423861801
330680492 117861397
#r 0 5.0583426386
332301395 113364507
#r 0 4.4876032938
331748762 110947566
#r 1 331766362 111800613
134234208 -184258840
#r 0 1.1272534090
198605545 -48773302
#r 0 6.1344547627
346949543 -71000724
#r 0 6.2452243723
496841479 -76693497
#r 0 0.3054599363
639897789 -31583719
#r 0 3.7749754061
518993295 -120364930
#r 0 4.8836842871
544562121 -268169650
#r 0 5.4097210041
640888343 -383153383
#r 0 5.5632411676
753664727 -482054784
#r 0 3.6234479462
620744228 -551568386
#r 0 1.5967776090
616847474 -401619010
#r 0 3.0672025332
467262324 -390470781
#r 0 4.3832750076
418781622 -532420143
#r 0 0.1632921644
566786237 -508035025
#r 0 5.0597156714
617844040 -649077929
#r 0 0.5129786013
748537023 -575461734
#r 0 0.7816221571
855002789 -469796978
#r 0 3.8683482209
798952733 -519630612
#r 0 5.9168710236
834069965 -533102601
#r 0 2.7938727081
816389140 -526694243
#r 0 2.6630144380
808039524 -522362420
#r 1 808345145 -522497633
-222667336 -46611794
#r 0 4.1227066752
-306081887 -171279403
#r 0 5.2327018260
-231509146 -301428957
#r 0 4.6816983560
-236112017 -451358319
#r 0 3.2086053410
-385775341 -461402700
#r 0 2.6417455399
-517423718 -389508996
#r 0 5.7780645712
-451790015 -425802478
#r 0 2.6605405539
-485034086 -408450774
#r 0 2.7395043694
-502298686 -401108882
#r 0 5.4282520729
-496044096 -408299924
#r 0 2.2422907649
-499008837 -404569233
#r 0 2.3504614180
-500687219 -402871495
#r 1 -501214362 -402388090
219528894 970092025
#r 0 3.3329466857
72266752 941563767
#r 0 3.1319479174
-77726271 943010455
#r 0 6.1554875484
-3336943 933459131
#r 0 2.9847170948
-40376451 939317865
#r 0 6.0103148903
-22320178 934264801
#r 0 1.8291622466
-24747479 943449641
#r 0 5.1054224552
-22928235 939061747
#r 0 4.7888993938
-22743439 936651155
#r 1 -22762948 936753663
-384209398 -106897359
#r 0 5.6274411175
-265320241 -198359747
#r 0 6.2567391270
-115372693 -202326212
#r 0 0.3082950669
27555151 -156811033
#r 0 4.7513496511
33397773 -306697202
#r 0 0.5274041181
163015243 -231203418
#r 0 3.4926774711
22165216 -282790916
#r 0 0.4153388435
90788690 -252528417
#r 0 6.2519498379
128424773 -253704380
#r 0 3.2049001412
109635264 -254895488
#r 0 0.1031980727
118998794 -253925745
#r 0 3.1856323138
114296552 -254132964
#r 1 115143104 -253673116
615373946 -411111791
#r 0 5.1944325906
684912578 -544019197
#r 0 2.0502923103
650312674 -477477131
#r 0 5.2631725754
669938490 -509431431
#r 0 5.2002085317
678771161 -526078297
#r 0 2.0326628922
674572307 -517643063
#r 0 2.1212738938
672106219 -513625079
#r 0 5.2861460604
673385693 -515604824
#r 1 672776652 -514834950
326662212 790338362
#r 0 5.9639207325
469082187 743258104
#r 0 4.9532437591
504862110 597587938
#r 0 3.5813096364
369131284 533735430
#r 0 1.2791801444
412256366 677402501
#r 0 0.6489155249
531767312 768050909
#r 0 3.6278248673
399152341 697956192
#r 0 0.3571969808
469418383 724179905
#r 0 1.3556362288
477556810 761419392
#r 0 4.4127574922
471931140 743209363
#r 0 4.7747528897
472529278 733630700
#r 0 1.6511240369
472144227 738413887
#r 0 4.8021172273
472359226 736024209
#r 0 4.6614534692
472298141 734825994
#r 1 472357161 734704038
340630368 -61653550
#r 0 2.4476448179
225321308 34282995
#r 0 1.3144086776
263359499 179379845
#r 0 1.1936646675
318597782 318838556
#r 0 4.5190334661
289774839 171633808
#r 0 1.4151905928
301398230 245727645
#r 0 1.5032933168
303931272 283195513
#r 0 5.3963229574
316107791 268258458
#r 0 1.9202597693
307438151 292048664
#r 0 4.8971442877
310103844 277784969
#r 0 2.7729215416
290550775 285339007
#r 0 5.9000729478
300271747 281421202
#r 0 6.0016940332
305306930 279965180
#r 0 5.8952584484
307745732 278968604
#r 1 308587359 278431595
-936931568 -253662529
#r 0 5.6897630440
-812576798 -337542748
#r 0 0.7883823198
-706827770 -231160686
#r 0 5.5543197615
-594938202 -331064262
#r 0 2.2416382210
-688185051 -213569474
#r 0 1.5711767680
-688242117 -63569485
#r 0 0.6683534525
-570515654 29384697
#r 0 5.6203625763
-452276891 -62916954
#r 0 0.9694800729
-367417641 60771799
#r 0 1.5591214410
-365666448 210761576
#r 0 4.6230380232
-372358856 136060763
#r 0 5.3434768556
-350099946 105601745
#r 0 1.1497542777
-340278895 127532399
#r 0 1.4547481621
-336106719 163322973
#r 0 4.7537888928
-333887808 109756606
#r 0 2.4621996501
-356977986 128405571
#r 0 4.8484916447
-352335275 94504633
#r 0 1.7332067283
-355101704 111388173
#r 0 2.0992101013
-359417480 118780881
#r 0 5.0139484995
-357942970 114040390
#r 0 1.1258087881
-354844280 120538122
#r 0 2.0804524546
-356832782 124095961
#r 0 6.0386056725
-354740920 123573882
#r 0 2.3296163238
-356572703 125505719
#r 0 1.0722882403
-355872733 126791561
#r 0 1.1747374318
-355495402 127693932
#r 0 0.2901518703
-354707507 127929180
#r 0 1.1790459069
-354264627 129001263
#r 0 5.2703673171
-353529196 127822946
#r 0 1.7531311272
-353846304 129542784
#r 0 0.8118778794
-352699947 130751517
#r 0 6.1636826480
-350277824 130460681
#r 0 1.2325683415
-349115099 133766279
#r 0 1.6494072575
-349488761 138509792
#r 0 3.2366718533
-355748914 137912782
#r 0 4.5840320620
-356362462 133159050
#r 0 1.1513508624
-355386444 135347884
#r 0 6.0997587595
-351884981 134698321
#r 0 0.2325704788
-347946200 135631246
#r 0 5.0889162164
-345819742 130253138
#r 0 5.4592755302
-341977919 126103395
#r 0 1.1862067550
-339131118 133136973
#r 0 6.0488926543
-330151643 130993788
#r 0 1.2271652090
-325611653 143681434
#r 0 1.2072279414
-319408297 159985362
#r 0 2.1438600463
-332713876 180604593
#r 0 2.5147533782
-356023549 197487436
#r 0 2.6248731415
-386057839 214553342
#r 0 4.8108908368
-381587012 169311982
#r 0 0.7983225229
-364928540 186406717
#r 0 6.0898668062
-336202049 180783125
#r 0 1.2112761409
-326289805 207155635
#r 0 1.7791768608
-335032194 248500585
#r 0 5.1369516003
-309887696 192878092
#r 0 1.1962438803
-295282980 230029842
#r 0 6.2431916507
-235887755 227653142
#r 0 3.3852024344
-311859358 208770700
#r 0 4.9133107837
-302662628 163615621
#r 0 1.8053439032
-308017438 186025802
#r 0 0.6921422587
-299137984 193386372
#r 0 1.2442635024
-295936350 202840326
#r 0 3.2728666371
-304359008 201728255
#r 0 0.9689580799
-301446573 205968602
#r 0 1.1201047288
-299098051 210821839
#r 0 1.0144543817
-295685287 216309787
#r 0 0.2012705499
-286942980 218093507
#r 0 1.1230983476
-281184788 230084269
#r 0 1.1662146117
-273833207 247252659
#r 0 1.0934881132
-261406627 271279569
#r 0 1.1764678409
-245975790 308361889
#r 0 2.8631313797
-303381531 324773565
#r 0 5.5031913945
-262037308 283873813
#r 0 0.6667337841
-226624701 311741819
#r 0 1.4076506792
-215769068 377689940
#r 0 1.1623928650
-177179029 466867135
#r 0 4.3170478168
-195889989 422030312
#r 0 1.4255754893
-192374044 446070896
#r 0 4.7797784167
-189940693 410016779
#r 0 1.7202676429
-192631306 427883388
#r 0 1.5358888535
-192313899 436972510
#r 0 2.1107410768
-194652638 440874606
#r 0 5.3589048772
-193282371 439059013
#r 1 -192979366 438315470
-55698254 -527054964
#r 0 0.9897910297
26631429 -401668269
#r 0 4.6485174836
17057217 -551362405
#r 0 3.7820860618
-103212933 -641001074
#r 0 4.4312932766
-144824210 -785113883
#r 0 4.3626229743
-196225909 -926031821
#r 0 4.3122369876
-217396350 -976083411
#r 0 1.1347790478
-205920572 -951453271
#r 0 4.2981720152
-211388646 -963890492
#r 0 1.0560927230
-208044565 -957977524
#r 0 1.3425551954
-207268332 -954635853
#r 1 -207399322 -955490964
-176767589 -188188183
#r 0 5.5824094694
-62116267 -284909816
#r 0 5.5595100612
50290321 -384231309
#r 0 4.1181256276
-33694461 -508515485
#r 0 5.4338713000
65380294 -621139608
#r 0 5.5507629779
176913820 -721440518
#r 0 5.2575864081
254701856 -849694257
#r 0 6.0931652770
402001924 -878026042
#r 0 3.0140540142
327611077 -868486555
#r 0 1.9654206884
313137616 -833733927
#r 0 5.1153947063
320519727 -851048977
#r 0 4.8642867528
321943924 -860352779
#r 0 1.6950492132
321360682 -855682972
#r 0 5.0990363230
322248658 -857863975
#r 1 321758996 -857223724
133207554 429148051
#r 0 2.7791336540
-7046609 482334231
#r 0 5.5706718094
106461556 384273553
#r 0 0.0407054960
256337303 390377691
#r 0 2.7428325449
118105835 448619095
#r 0 6.2042621873
267638913 436792913
#r 0 6.0732140428
414344449 405528144
#r 0 5.8248544504
548863288 339160367
#r 0 2.6304298536
483450069 375849747
#r 0 2.9079567608
446867243 384555796
#r 0 6.2127720668
466168530 383194479
#r 0 5.8752227484
492068699 372000140
#r 0 2.8422684247
478588088 376160202
#r 0 0.7310364929
483901193 380924919
#r 0 4.0847127376
478651829 373690022
#r 0 1.3517171224
480356760 381347376
#r 0 4.6102395393
479956782 377445392
#r 1 479420940 376812545
420725815 -425022251
#r 0 4.2280752630
350885648 -557771455
#r 0 4.5909541812
332715163 -706666833
#r 0 2.9209421021
186351872 -673837166
#r 0 6.1283873762
260455074 -685400700
#r 0 6.0352683479
296965789 -694642447
#r 0 5.9733935128
314926767 -700391719
#r 0 6.0211776576
324036276 -702834638
#r 0 4.6405831865
323695947 -707566062
#r 0 1.4575048772
323964080 -705209443
#r 1 323907218 -704306488
-984543034 144270826
#r 0 0.1082777119
-835421480 160480765
#r 0 1.4215002240
-813110165 308812168
#r 0 1.1165799080
-747296417 443602934
#r 0 0.1933820660
-600092434 472429786
#r 0 3.3829664732
-672918221 454502023
#r 0 3.2228630742
-710380417 451450734
#r 0 3.3749877058
-728739251 447086336
#r 0 3.2222820491
-738149171 446325403
#r 0 4.8185435047
-737643564 441580369
#r 0 1.6291970571
-737782826 443962248
#r 0 1.5940376272
-737810613 445157616
#r 1 -737925157 445000853
366737756 485628537
#r 0 3.1775295795
216834605 480239158
#r 0 3.2615936706
67913328 462282175
#r 0 3.0515154782
-81478541 475775487
#r 0 6.2112641820
-6672433 470386052
#r 0 0.6099747615
24075040 491874886
#r 0 3.9662660730
6123707 472455035
#r 0 2.4403291774
-17798546 492656195
#r 0 5.4894639472
-6821056 481494432
#r 0 5.7001054094
-231156 477147870
#r 0 5.4621423718
2460539 474257105
#r 1 1882721 474729495
-649282821 -270779598
#r 0 4.6283168828
-661878785 -420249801
#r 0 4.5254271708
-689759962 -567635825
#r 0 4.3759151562
-730194945 -683238861
#r 0 1.1291929259
-704023614 -627878011
#r 0 4.1330619349
-720785581 -653499818
#r 0 4.5097475265
-723924401 -668776745
#r 0 0.0141307301
-716043683 -668665377
#r 0 3.2421337661
-719964534 -669060917
#r 0 3.1943486144
-721946797 -669165590
#r 1 -722676377 -668890894
411724544 245564399
#r 0 4.5741968947
391061645 96994400
#r 0 4.8029986563
404634506 -52390263
#r 0 2.9675961819
256899391 -26422286
#r 0 5.2207141778
329906624 -157456419
#r 0 0.0271716006
479851255 -153381180
#r 0 0.5362853531
608793144 -76739225
#r 0 1.3696886563
638756364 70237662
#r 0 4.5562910868
627096509 -3850445
#r 0 4.7088969393
626965293 -41426097
#r 0 3.5129783105
608461790 -48632437
#r 0 0.2186068676
622181673 -45584468
#r 0 3.3142300935
615258947 -46791606
#r 0 3.6124659517
612121122 -48388963
#r 0 0.3340231608
613784324 -47811788
#r 1 613617518 -47917572
795592083 -315379132
#r 0 1.2375451676
844659640 -173631557
#r 0 1.6457460736
833427701 -24052670
#r 0 4.9181106176
848748223 -97471206
#r 0 1.3129805254
858471474 -60596591
#r 0 4.3715423995
852097492 -78567180
#r 0 3.9780285837
845664937 -85692289
#r 0 0.8126399143
848965070 -82207271
#r 0 3.6528385943
846870931 -83382074
#r 0 0.4899983156
847930244 -82817051
#r 1 847837003 -82826368
-521849662 466816098
#r 0 1.2985340905
-481513008 611290851
#r 0 1.0280593048
-404040763 739735591
#r 0 1.6138871919
-410502393 889596351
#r 0 4.8283569661
-401824276 815100108
#r 0 4.5587712801
-407592691 777845496
#r 0 4.7512425186
-406849317 758722404
#r 0 1.4035035282
-405251336 768185131
#r 0 4.7120221300
-405256559 753947490
#r 0 1.7478063438
-406512395 760967955
#r 1 -406190919 761831083
-558514126 -706353026
#r 0 0.1659551505
-410574973 -681573861
#r 0 6.1141193170
-262713620 -706813120
#r 0 2.8422345705
-334378068 -684695103
#r 0 5.9266106623
-299236894 -697785092
#r 0 0.0048502340
-280425850 -697693853
#r 0 0.3530235254
-271079152 -694249981
#r 0 0.3031779047
-263876578 -691996860
#r 0 2.8296947663
-270948973 -689716568
#r 0 0.0819517435
-261492494 -688939853
#r 0 0.2882702179
-252904639 -686393297
#r 0 0.2962578954
-242071287 -683086516
#r 0 0.3227515307
-227158566 -678099017
#r 0 0.3238648290
-205495589 -670827098
#r 0 3.3344260248
-216709289 -673016681
#r 0 3.7816522416
-221369140 -676486576
#r 1 -220720106 -676255446
-218018041 -776753981
#r 0 5.7961326480
-85460623 -846957478
#r 0 1.1506191912
-24272295 -710004973
#r 0 3.0106482961
-172988150 -690419402
#r 0 5.2555820488
-95457337 -818828798
#r 0 5.0140649934
-50889195 -962054776
#r 0 1.8159301199
-69090654 -889296911
#r 0 2.0601676922
-86774572 -856092721
#r 0 1.3306827910
-82224958 -837510509
#r 0 4.2739388773
-87084476 -847874419
#r 0 1.0344536542
-84159885 -842954750
#r 1 -84503680 -843888167
517252615 315449462
#r 0 4.8057244108
531232611 166102351
#r 0 4.8251388251
548109277 17054781
#r 0 4.7725586642
557129285 -132673772
#r 0 4.6081897100
541527663 -281860197
#r 0 3.4437533962
398323306 -326497760
#r 0 3.4418488478
255034194 -370862502
#r 0 5.3515832415
344516539 -491249004
#r 0 2.9670773088
196794918 -465204374
#r 0 5.4381112857
296346305 -577407410
#r 0 5.4057358332
392213534 -692774105
#r 0 0.5434065088
520606379 -615215886
#r 0 4.7082349802
519983281 -765214592
#r 0 4.9509868786
538770037 -842452875
#r 0 1.7442787213
531909494 -803304356
#r 0 1.8648121081
526126109 -784204130
#r 0 1.7463106549
524383597 -774378253
#r 0 2.2654841598
521129927 -770473449
#r 0 1.5990790419
521053823 -767783319
#r 1 520746688 -768450284
-836634468 79323631
#r 0 2.5703215500
-962816623 160428894
#r 0 3.9250798782
-991233700 132120216
#r 0 0.8174941709
-977514630 146749467
#r 0 4.2988523192
-981548966 137556336
#r 0 1.0540395947
-979068919 141920593
#r 0 1.4020081103
-978642830 144420974
#r 1 -978083215 145139192
-478957491 -425697431
#r 0 5.2334128399
-404292231 -555793929
#r 0 5.2462234503
-327966527 -684923271
#r 0 5.3047766919
-244215005 -809364753
#r 0 2.0237237064
-277034976 -741927009
#r 0 6.1693292676
-239061216 -746269331
#r 0 2.5430457638
-283680278 -715838877
#r 0 2.6358100708
-307303996 -702755241
#r 0 2.5741086584
-318811578 -695420025
#r 0 2.2857829367
-323377295 -690161417
#r 0 2.1165028773
-325184566 -687185081
#r 1 -325534234 -687499982
744680137 283363242
#r 0 2.9465337446
597524699 312436891
#r 0 4.8325209137
615501178 163517966
#r 0 3.9530726814
512237321 54721937
#r 0 4.9381917412
545820644 -91470267
#r 0 4.8296901884
563375503 -240439482
#r 0 3.5198202910
423977416 -295830576
#r 0 3.5094695979
284013470 -349775861
#r 0 5.6719348585
406853125 -435859652
#r 0 5.6072135872
523868029 -529708000
#r 0 2.9996718336
375376109 -508491268
#r 0 2.8620170208
231200215 -467099101
#r 0 4.8432697502
250776330 -615816201
#r 0 2.2840407702
152632710 -502379743
#r 0 2.4775216741
34509254 -409930572
#r 0 3.1972119759
-115258793 -418269170
#r 0 0.1280477147
-40872811 -408691814
#r 0 6.1893476593
-3342535 -412223940
#r 0 0.1572706442
15384062 -409254272
#r 0 6.2193962506
24933173 -409864228
#r 0 5.6580697407
28815866 -412666213
#r 0 2.6777178095
25991355 -411253155
#r 1 26087442 -410785948
787479252 -388621533
#r 0 3.9394425070
682742124 -495999995
#r 0 3.9185586210
575785519 -601167883
#r 0 0.0472018695
725618449 -594090231
#r 0 3.0924245085
650709087 -590404106
#r 0 3.4021814908
614140442 -600155214
#r 0 2.7553200522
596369791 -592927813
#r 0 5.7493972393
605913702 -598568425
#r 0 2.1210593804
598007251 -585680285
#r 0 5.3598791122
602567357 -591710165
#r 0 5.0229827321
603733481 -595343152
#r 0 5.4620502297
605059821 -596767848
#r 1 605387574 -597601948
734374273 161323653
#r 0 2.8138910663
592356579 209603820
#r 0 2.8772647631
447566332 248792904
#r 0 4.5106575098
417511434 101834736
#r 0 4.5286510096
390105550 -45640406
#r 0 4.6131284531
375240908 -194902064
#r 0 4.3395632256
320603631 -334597332
#r 0 4.7130491889
320702662 -484597299
#r 0 4.6670494587
313904064 -634443150
#r 0 4.4904406606
280884479 -780763712
#r 0 4.7050284368
279780407 -930759649
#r 0 1.8225493380
242415093 -785488064
#r 0 5.1906483386
311450273 -918657670
#r 0 2.2255720434
220103069 -799679990
#r 0 5.5618590110
332742648 -898737171
#r 0 2.8521828184
188980778 -855929173
#r 0 6.0055829499
261109423 -876482967
#r 0 5.9983339594
297103319 -887022491
#r 0 2.9885694030
278569835 -884164091
#r 0 3.0261694820
269095666 -883065670
#r 1 269806827 -882449318
-835925574 -325109799
#r 0 1.5021514018
-825636920 -175463070
#r 0 1.4535323916
-808087614 -26493201
#r 0 1.4324347846
-787399539 122073294
#r 0 1.5059844339
-777684560 271758361
#r 0 1.4924342261
-765942271 421298050
#r 0 1.4512744628
-748056647 570227914
#r 0 1.3162708303
-714348764 699789856
#r 0 4.0947690792
-801213225 577500995
#r 0 1.0018495461
-760807347 640686159
#r 0 0.8835316365
-736960117 669741646
#r 0 4.3015129096
-744470158 652503859
#r 0 1.2551562353
-741551742 661440768
#r 0 1.0773832646
-739305251 665618108
#r 0 4.2614584113
-740338778 663483619
#r 2 -740568371 663341853
