701687785 -541700890
#r 0 2.5542457432
535205019 -430869989
#r 0 2.5530210052
368858117 -319835273
#r 0 4.1557072750
263183750 -489637888
#r 0 2.1873294997
147541730 -326460306
#r 0 6.2256241710
347210493 -337966177
#r 0 6.2124606603
546710504 -352099317
#r 0 5.3499671572
665760736 -512807258
#r 0 5.3483840119
763745567 -645517396
#r 0 2.2078321269
708022222 -584704891
#r 0 1.6145939917
707346867 -569297432
#r 1 707355266 -569306143
-499127383 633119407
#r 0 4.4864115702
-543939189 438204292
#r 0 4.4634347240
-593217307 244370169
#r 0 0.9488362873
-476691452 406917777
#r 0 3.6710481944
-649307889 305905076
#r 0 0.5289293922
-568720663 365114020
#r 0 5.2851047787
-563050813 356320592
#r 1 -563073338 356351845
-483608482 -622730427
#r 0 1.2820967553
-426667311 -431007442
#r 0 1.2816960919
-369649328 -239307287
#r 0 5.9368480931
-181524854 -307198246
#r 0 6.2211515240
18090450 -319597047
#r 0 5.9768173266
208777503 -379916595
#r 0 5.6114391125
365324725 -504387344
#r 0 0.8544462227
496651980 -353545864
#r 0 3.0302863905
297889610 -331330549
#r 0 6.1578639899
397868389 -333390559
#r 0 5.2418036205
404523545 -344764456
#r 0 2.1066077820
395255312 -354132300
#r 0 0.9292524381
402448014 -344502978
#r 0 0.9325724761
397868389 -333390559
#r 0 5.2388557218
404475167 -344758362
#r 0 2.0850772639
395255312 -354132300
#r 0 2.7724544176
354872493 -338509340
#r 1 355096652 -338518194
-400050622 -282770132
#r 0 2.1959869397
-517100990 -120599816
#r 0 5.3353463537
-450587301 -195271960
#r 0 2.4366333661
-483690401 -167107854
#r 1 -483795205 -166977995
301295572 728310821
#r 0 5.2662643332
406492998 558212315
#r 0 4.6726808999
398553469 358369967
#r 0 1.5334558000
391820643 458143055
#r 0 5.0635796267
401312905 432234837
#r 1 401297392 432196024
538670319 187274473
#r 0 2.9327561424
343015760 228738839
#r 0 3.2068132732
143440982 215703961
#r 0 0.7501730590
289755161 352057036
#r 0 4.3412446640
217218747 165674449
#r 0 1.8350040689
164989830 358734389
#r 0 3.2385221238
-34071373 339378837
#r 0 5.9460695445
154671147 273225521
#r 0 5.9553575764
344019951 208828080
#r 0 5.5550457111
493302703 75731649
#r 0 5.5547214941
642542295 -57413175
#r 0 4.9600908258
691577614 -251308862
#r 0 2.6651033397
513855491 -159576387
#r 0 2.2158494693
393607310 237176
#r 0 2.8713634152
200865365 53627649
#r 0 4.8333780025
225004177 -144910301
#r 0 6.1404887540
422971399 -173352856
#r 0 4.5967627111
399897639 -372017401
#r 0 1.4471589500
401789288 -272035295
#r 0 4.7368127981
403519725 -342870783
#r 1 403514971 -343062295
-356518068 -65592954
#r 0 2.4712121569
-513235133 58663883
#r 0 5.6123588436
-428835580 5028863
#r 0 5.3455496473
-405377173 -26932223
#r 0 2.4709092689
-441831260 -11346737
#r 0 0.5603491504
-432440647 -5454642
#r 0 3.6060782050
-428835580 5028863
#r 0 2.7078003544
-469226874 23738917
#r 1 -469499286 23877276
-276446552 932869643
#r 0 3.9284631314
-417659538 791240223
#r 0 3.9417307519
-556981065 647749763
#r 0 3.5640594988
-739397121 565747431
#r 0 5.8263379703
-559907589 477523240
#r 0 4.6328884460
-575790952 278154941
#r 0 4.6316448048
-591922245 78806549
#r 0 1.9034106291
-657225277 267844942
#r 0 2.6878385637
-836986849 355513506
#r 0 1.0970293969
-745738541 533484701
#r 0 1.0994693877
-654924752 711678011
#r 0 4.2432638135
-690564133 618244428
#r 0 4.0862202838
-729732217 564089710
#r 0 4.1123249072
-709211262 627696020
#r 0 3.7509485579
-691076853 640353216
#r 0 4.0315075612
-690564133 618244428
#r 0 5.3259979446
-697378676 627920293
#r 0 4.2367126786
-709211262 627696020
#r 0 4.3871727728
-732499396 558630318
#r 0 1.2123825409
-690564133 618244428
#r 0 4.0888527420
-730249398 563069360
#r 0 4.0232424140
-709211262 627696020
#r 0 4.3881109497
-732285283 559052744
#r 0 1.2286022150
-690564133 618244428
#r 0 3.8724476293
-712042461 598989985
#r 0 4.2358533396
-709211262 627696020
#r 0 4.1064923445
-665550906 690713579
#r 0 5.2986338250
-690564133 618244428
#r 0 4.0866037491
-729806329 563943494
#r 0 4.1049822073
-709211262 627696020
#r 0 3.7503364818
-691089744 640327782
#r 0 4.2385676666
-690564133 618244428
#r 0 5.4990965860
-698348028 626007852
#r 0 4.2370099526
-709211262 627696020
#r 0 4.3893651690
-732003159 559609349
#r 0 1.2649076042
-690564133 618244428
#r 0 0.1201472570
-703046816 616737571
#r 0 4.2369172441
-709211262 627696020
#r 0 4.3895543167
-731961085 559692358
#r 0 1.2723034779
-690564133 618244428
#r 0 3.8736415963
-712085514 598905045
#r 0 3.8734728346
-709211262 627696020
#r 0 4.3883734013
-732225782 559170135
#r 0 1.2337497002
-690564133 618244428
#r 0 4.0867315359
-729831211 563894405
#r 0 4.1008026140
-709211262 627696020
#r 0 4.1053745363
-665832820 690157388
#r 0 5.3492643813
-690564133 618244428
#r 0 4.0884780482
-730174614 563216902
#r 0 4.0427249073
-709211262 627696020
#r 0 0.4891387057
-693162505 636238414
#r 0 4.2390214371
-550539604 -271667289
#r 0 0.7042514390
-398120318 -142174582
#r 0 1.0783954225
-303571733 34065496
#r 0 1.0738135174
-208216628 209870513
#r 0 4.2161741305
-246373710 117436552
#r 0 2.4009166243
-254324343 124706304
#r 0 4.2146008081
-264757987 127389759
#r 0 0.2846911756
-250633766 131523061
#r 0 5.3318985973
-246373710 117436552
#r 0 3.8800688920
-269810805 96101713
#r 1 -269974830 95874866
-618319202 -169265767
#r 0 3.6894780438
-789044781 -273442428
#r 0 2.2134887267
-908915348 -113345435
#r 0 5.9989373554
-716940783 -169432567
#r 0 4.6357648946
-732250609 -368845729
#r 0 0.6719789348
-575732361 -244338549
#r 0 3.0593085152
-775055675 -227900286
#r 0 2.8316575589
-965526349 -166900921
#r 0 5.7770905405
-790597490 -263853973
#r 0 0.4319950650
-608971039 -180117290
#r 0 3.5728397616
-694948566 -231184546
#r 0 3.1782520243
-722121071 -232181162
#r 1 -721658629 -232135730
755102565 -188650360
#r 0 3.1949173385
555386850 -199310243
#r 0 0.0496938808
654197037 -183930169
#r 0 3.3441925645
586972211 -197739351
#r 1 587294876 -197731851
380790345 -501424583
#r 0 1.7881715569
337656871 -306131205
#r 0 4.9286440643
369206047 -401024037
#r 0 4.8129103175
378289920 -491087071
#r 0 1.6377601950
348787293 -405509843
#r 0 5.0481040870
377682594 -488322610
#r 0 5.0987331907
369206047 -401024037
#r 0 3.0843845399
358367575 -400403386
#r 0 3.0867413222
348787293 -405509843
#r 0 5.0486225801
377601052 -487951444
#r 0 5.0620845324
369206047 -401024037
#r 0 3.0875302442
358375114 -400437706
#r 0 0.2304333320
348787293 -405509843
#r 0 0.2333679126
358958239 -403092006
#r 0 3.0599982568
369206047 -401024037
#r 0 3.3011632421
358869418 -402687707
#r 0 3.0664382944
348787293 -405509843
#r 0 3.0273629655
359766117 -406769353
#r 0 4.0797008059
369206047 -401024037
#r 0 4.8136366187
378412804 -491646421
#r 0 1.6777195826
348787293 -405509843
#r 0 0.4356818398
358496462 -400990064
#r 0 3.0817759682
369206047 -401024037
#r 0 4.8139407334
378464803 -491883116
#r 0 1.6890475275
348787293 -405509843
#r 0 5.0497495795
377426264 -487155834
#r 0 5.0217047735
369206047 -401024037
#r 0 0.2136163373
358990786 -403240157
#r 0 4.9307936464
348787293 -405509843
#r 0 3.0258886398
359769855 -406786367
#r 0 4.9329210834
369206047 -401024037
#r 0 4.1202566303
361138769 -413017469
#r 0 3.5465296162
348787293 -405509843
#r 0 3.0270987274
359766754 -406772254
#r 0 5.2464795486
369206047 -401024037
#r 0 4.8168704550
378979475 -494225830
#r 0 1.7386888015
348787293 -405509843
#r 0 5.2882241299
364963054 -430425072
#r 0 5.2917622624
369206047 -401024037
#r 0 3.0192484405
358206826 -399671683
#r 0 0.4310533020
348787293 -405509843
#r 0 3.5855951269
358476879 -400900925
#r 0 0.2066980526
369206047 -401024037
#r 0 4.8139319507
378463231 -491875961
#r 0 1.6894494926
348787293 -405509843
#r 0 3.0272135675
359766512 -406771151
#r 0 0.2288981728
369206047 -401024037
#r 0 4.8130700279
378316818 -491209508
#r 0 1.6468312394
348787293 -405509843
#r 0 5.0481680573
377672524 -488276776
#r 0 5.0934569774
369206047 -401024037
#r 0 0.2145316545
358992827 -403249446
#r 0 3.0575072532
348787293 -405509843
#r 0 2.9144510200
360061902 -408115723
#r 0 4.9317627743
369206047 -401024037
#r 0 4.8144229269
378547689 -492260401
#r 0 1.7037054626
348787293 -405509843
#r 0 5.0485555610
377611550 -487999229
#r 0 5.0653503698
369206047 -401024037
#r 0 4.8130101935
378306729 -491163587
#r 0 1.6441617409
348787293 -405509843
#r 0 2.3691845480
362404194 -418777506
#r 0 4.9322846096
369206047 -401024037
#r 0 5.1944527047
350758326 -365767167
#r 0 3.4366898866
348787293 -405509843
#r 0 0.2173527711
358994223 -403255803
#r 0 3.5079995499
369206047 -401024037
#r 0 3.0861810272
358371924 -400423183
#r 0 1.8448278918
348787293 -405509843
#r 0 3.5121793607
358647786 -401678870
#r 0 2.4173238540
369206047 -401024037
#r 0 3.0860963275
358371672 -400422037
#r 0 5.2390180673
348787293 -405509843
#r 0 5.2898546228
364933652 -430291237
#r 0 4.9329466408
369206047 -401024037
#r 0 4.8145410900
378568165 -492353605
#r 0 1.7045635425
348787293 -405509843
#r 0 5.0487282457
377584584 -487876483
#r 0 5.0546872841
-579009961 358478730
#r 0 4.7398116582
-573526113 158553926
#r 0 5.3612768744
-452665973 -797342
#r 0 3.4408827411
-643775181 -59765727
#r 0 3.7909165921
-803073733 -180695340
#r 0 3.7924178051
-955054618 -296429883
#r 0 0.6521320295
-885614888 -230845646
#r 0 0.4121776801
-847123102 -214016181
#r 0 0.6318328689
-873496583 -246716150
#r 0 1.5069967439
-872652949 -233510109
#r 0 1.0316419681
-885614888 -230845646
#r 0 0.4563235772
-839549275 -208233005
#r 0 0.4730685547
-873496583 -246716150
#r 0 1.2711279675
-868416911 -230275581
#r 0 1.2710276855
-885614888 -230845646
#r 0 0.4143384294
-846816756 -213782263
#r 0 0.6294962629
-873496583 -246716150
#r 0 1.2702391872
-868395830 -230259484
#r 0 1.2738031158
-885614888 -230845646
#r 0 0.4121603453
-847125430 -214017959
#r 0 3.5551136842
-873496583 -246716150
#r 0 1.2697242047
-868383816 -230250310
#r 0 1.2743820047
-885614888 -230845646
#r 0 0.4115401449
-847212507 -214084449
#r 0 0.6339180383
-873496583 -246716150
#r 0 0.8399067675
-837794140 -206892829
#r 0 4.0196898161
-885614888 -230845646
#r 0 0.4132827113
-846967039 -213897016
#r 0 0.6302683634
-873496583 -246716150
#r 0 1.2705969062
-868404358 -230265996
#r 0 1.2708430369
-885614888 -230845646
#r 0 0.4129698906
-847011367 -213930863
#r 0 0.6304674902
-873496583 -246716150
#r 0 1.2710073498
-868413964 -230273331
#r 0 1.2690568304
-885614888 -230845646
#r 0 0.4121726555
-847123745 -214016673
#r 0 0.6311689394
-873496583 -246716150
#r 0 6.1574719170
-887611668 -244932199
#r 0 0.6501215139
-885614888 -230845646
#r 0 0.4129278174
-847017473 -213935526
#r 0 0.6327020394
-873496583 -246716150
#r 0 1.2720956866
-868439547 -230292865
#r 0 1.2680536134
-885614888 -230845646
#r 0 5.9675929378
-874090958 -234608136
#r 0 0.9900066354
-873496583 -246716150
#r 0 1.2720281959
-868438268 -230291888
#r 0 1.2704460386
-885614888 -230845646
#r 0 0.4119510401
-847154935 -214040489
#r 0 0.6303122543
-873496583 -246716150
#r 0 1.2729527642
-868459693 -230308248
#r 0 1.2670727587
-885614888 -230845646
#r 0 0.4143896124
-846809428 -213776668
#r 0 0.6308160120
-873496583 -246716150
#r 0 1.2709518608
-868412764 -230272414
#r 0 1.2708376345
-885614888 -230845646
#r 0 0.4129018023
-847020999 -213938218
#r 0 0.6314672909
-873496583 -246716150
#r 0 1.2711488963
-868417183 -230275788
#r 0 1.2697938689
-885614888 -230845646
#r 0 0.4137102178
-846906507 -213850795
#r 0 0.6312182630
-873496583 -246716150
#r 0 1.2727003407
-868453815 -230303760
#r 0 1.2670205220
-885614888 -230845646
#r 0 0.4132030484
-846978533 -213905793
#r 0 3.5551351250
-873496583 -246716150
#r 0 1.2707627680
-868408247 -230268965
#r 0 1.2706903579
299350043 -849072587
#r 0 3.1350107131
99354375 -847756208
#r 0 3.1470509785
-100642646 -848847868
#r 0 3.0577072978
-299939383 -832090466
#r 0 6.2418067586
-100110577 -840363814
#r 0 3.1244719304
-199727142 -849112518
#r 0 2.7785320797
-228544450 -838164718
#r 1 -228408772 -838232112
547958642 -796389549
#r 0 1.0150312060
653477326 -626490146
#r 0 1.0167789979
758698901 -456406578
#r 0 4.1581359962
715244383 -546471580
#r 0 2.9763169250
704101508 -544613109
#r 0 3.1114934602
697468402 -535468742
#r 0 4.2834974716
662702065 -611497281
#r 1 662282744 -612272063
120566706 -818818612
#r 0 3.6622774805
-52929034 -918313477
#r 0 0.6602622183
105037253 -795648681
#r 0 3.8017321036
32889267 -864892223
#r 0 0.4325143814
-9165731 -884307699
#r 0 0.6585689317
20069332 -848378676
#r 0 6.1166232203
34080755 -850734224
#r 1 34198777 -850725586
137093106 -178832048
#r 0 1.8808654207
76068219 11630450
#r 0 1.1356417635
160378332 192991429
#r 0 1.1385154805
244166917 374593943
#r 0 2.5603945355
77005827 484399088
#r 0 4.4859623186
32106460 289504124
#r 0 4.4838838583
-13197891 94702903
#r 0 1.3431477030
-935942 193948278
#r 0 0.7585322897
12811962 206976732
#r 1 12958457 207104203
-671832205 450572368
#r 0 0.4709705697
-493606543 541322648
#r 0 4.2899455930
-575604596 358904668
#r 0 4.7011657111
-577849203 158917264
#r 0 1.5607233715
-587299759 258469697
#r 0 0.7077012849
-576755509 267490825
#r 1 -576628073 267593957
-468532303 -84888903
#r 0 5.4110225393
-339897908 -238033255
#r 0 1.1185896208
-252507609 -58136241
#r 0 1.5467465069
-247698109 141805922
#r 0 1.6960641065
-272686193 340238771
#r 0 3.1885642160
-472465601 330847913
#r 0 5.5155307107
-328557319 191958006
#r 0 1.3785800154
-290350348 388274657
#r 0 5.5933682182
-136077862 260995437
#r 0 6.2827182030
63922116 260902016
#r 0 6.2804639797
263921375 260357751
#r 0 2.4592792260
108698181 386475791
#r 0 5.5973918616
192285556 331583619
#r 0 4.7051286462
192188197 318156866
#r 0 3.8563357273
179046247 315404352
#r 0 2.2603819816
144797393 356936219
#r 1 145010221 356789612
242220329 -192797614
#r 0 4.4756414815
195311910 -387218807
#r 0 6.1587392528
393765226 -412043825
#r 0 3.0168264374
293785318 -410039313
#r 0 2.7625599804
255178595 -394662613
#r 1 255244853 -394705003
474168597 127670696
#r 0 4.9791282954
526886091 -65256404
#r 0 5.8672122375
709830802 -146072446
#r 0 4.1994303757
611679359 -320331719
#r 0 0.5832369474
778616228 -210185990
#r 0 0.5919964278
944581886 -98582225
#r 0 4.5650979756
915230084 -296416680
#r 0 1.4337375582
918463422 -196468967
#r 0 4.7176799766
918853270 -270147145
#r 1 918927560 -269474859
595496296 -707793242
#r 0 2.3813159755
450567221 -569968849
#r 0 5.5198069916
529648619 -631174506
#r 0 2.5083978105
464737743 -583528654
#r 1 464333280 -583116372
677928845 -196320030
#r 0 1.8224841985
628121044 -2621339
#r 0 4.9645563015
663056959 -96320227
#r 0 4.5777464735
659337436 -123778606
#r 1 659325902 -123898625
134234208 -184258840
#r 0 4.6706612069
125891075 -384084745
#r 0 2.0868794240
27195641 -210132995
#r 0 4.9197385268
68369030 -405848993
#r 0 4.4137536642
9525790 -596996771
#r 0 3.6220048887
-167835107 -689425728
#r 0 1.2383941072
-102572168 -500373490
#r 0 1.2509584179
-39689629 -310516211
#r 0 4.5350424765
-74973293 -507379268
#r 0 2.1023193840
-176342665 -334972045
#r 0 1.4238154587
-147052220 -137128496
#r 0 2.1998710323
-264731588 24585963
#r 0 0.4353398606
-83386234 108929680
#r 0 4.1773143206
-185367287 -63116432
#r 0 1.6668783415
-204554137 135961103
#r 0 4.8066898923
-184783195 37935036
#r 0 2.1567471461
-197027559 56383358
#r 1 -196819210 56086742
-222667336 -46611794
#r 0 5.0043395189
-165103182 -238148652
#r 0 3.8247623387
-320218330 -364399556
#r 0 0.6856917918
-249863039 -293335269
#r 0 4.1341771493
-268773476 -322311551
#r 1 -268918040 -322521091
219528894 970092025
#r 0 3.5441480993
35516324 891737867
#r 0 3.5442967383
-148484598 813356359
#r 0 1.8073117075
-189121050 981953781
#r 0 3.7985160740
-347496009 859817085
#r 0 0.1853060468
-150920027 896666555
#r 0 3.3216590006
-246892204 868571337
#r 0 0.3067296984
-168008542 893555795
#r 1 -168014619 893591424
-384209398 -106897359
#r 0 1.2037487648
-312437154 79780827
#r 0 0.3460751384
-124294894 147622481
#r 0 0.3427947782
64068898 214846596
#r 0 0.3454417875
252254088 282569076
#r 0 3.4884020471
162275996 238934882
#r 0 0.6391919302
191381364 260568642
#r 1 191640909 260684684
615373946 -411111791
#r 0 1.7475831084
580200476 -214229016
#r 0 4.8877215696
607841071 -310333113
#r 0 4.6258714448
604351967 -350561333
#r 1 604417841 -349666109
326662212 790338362
#r 0 3.7686905418
164715439 672978903
#r 0 2.2839046820
33877864 824245320
#r 0 2.2814952122
-96594860 975826547
#r 0 5.4226182569
-23825796 907235999
#r 0 5.1405560475
-8233032 873071562
#r 1 -8233808 873021440
340630368 -61653550
#r 0 0.4826476866
517784202 31171658
#r 0 0.4815404310
695040708 123800654
#r 0 0.4846145964
872011620 216974128
#r 0 0.4785905115
964289656 264849878
#r 0 3.6191966967
920877361 236263108
#r 0 3.3538780042
900621958 231897433
#r 1 901099094 232035106
-936931568 -253662529
#r 0 1.0378489038
-835316728 -81399868
#r 0 4.1794676633
-876840269 -172371268
#r 0 1.2583011865
-862142675 -126879296
#r 1 -862163126 -126971983
-55698254 -527054964
#r 0 5.3989841718
71083257 -681736730
#r 0 2.9863560965
-126511740 -650813967
#r 0 6.1291888678
-26633125 -655739641
#r 0 5.7797603320
110455 -670468952
#r 0 5.7815367875
-29839818 -676397935
#r 0 2.8474238786
-101442321 -654705378
#r 1 -101733791 -654661333
-176767589 -188188183
#r 0 1.3318331782
-129428516 6128600
#r 0 1.3292613042
-81589842 200322990
#r 0 4.4693377756
-95378911 101278246
#r 0 4.2885887767
-119290535 48275289
#r 0 1.1015433923
-115670147 106309520
#r 0 4.6586061348
-118656841 50830988
#r 0 4.6306679923
-95378911 101278246
#r 0 4.2882399613
-119263369 48384848
#r 0 1.0750360609
-115670147 106309520
#r 0 4.6574299817
-118740936 50491832
#r 0 4.6756254988
-95378911 101278246
#r 0 2.5161505294
-104512757 107874383
#r 0 2.8309639840
-115670147 106309520
#r 0 4.6602952816
-118537862 51310835
#r 0 4.5909497986
-95378911 101278246
#r 0 4.2891778972
-119336457 48090083
#r 0 1.1344010039
-115670147 106309520
#r 0 4.6598262325
-118570638 51178648
#r 0 4.6014700882
-95378911 101278246
#r 0 4.2897624945
-119382383 47904861
#r 0 1.1589189306
-115670147 106309520
#r 0 4.6579982583
-118700128 50656411
#r 0 4.6498709431
-95378911 101278246
#r 0 4.2899000447
-119393244 47861059
#r 0 1.1639724391
-115670147 106309520
#r 0 4.6594848478
-118594651 51081804
#r 0 4.6058686521
-95378911 101278246
#r 0 4.2871553494
-119179737 48722136
#r 1 -118784392 49272233
133207554 429148051
#r 0 4.6063059855
112030726 230272356
#r 0 2.3612214264
-30099757 370981012
#r 0 2.3611255692
-172216751 511703292
#r 0 2.2803257150
-302512112 663437003
#r 0 2.2643220259
-430362592 817236401
#r 0 4.6126345549
-450280405 618230671
#r 0 0.4159595582
-267334602 699044241
#r 0 3.5551851854
-354200255 649502761
#r 0 0.6282151224
-314491342 678346720
#r 1 -314769381 678154509
420725815 -425022251
#r 0 4.1292903441
310603176 -591974353
#r 0 0.9868999905
356708041 -503236868
#r 0 0.5654301005
378282065 -489547217
#r 1 378188806 -489566229
-984543034 144270826
#r 0 5.6960754638
-818033999 33479395
#r 0 4.5265460569
-854989001 -163076775
#r 0 5.0684003807
-785281296 -350535666
#r 0 2.1312727971
-891599262 -181135282
#r 0 5.8216940256
-712521372 -270192058
#r 0 1.8085000864
-759615687 -75815811
#r 0 4.0834596963
-877271537 -237547381
#r 0 0.9349882707
-826624334 -151321743
#r 0 4.5071814235
-831727115 -175838113
#r 0 4.0760856707
-809803779 -163736126
#r 0 4.1355012099
-758506275 -76629379
#r 0 4.0777067601
-826624334 -151321743
#r 0 4.2067016297
-865647765 -221798044
#r 1 -865929188 -222224659
366737756 485628537
#r 0 0.4230006920
549110010 567728239
#r 0 0.4282103385
731052080 650776918
#r 0 4.2149366078
635614434 475016696
#r 0 1.7363720214
602650398 672281423
#r 0 4.8773077401
629288701 575894698
#r 0 2.1400756383
614967604 598273260
#r 1 615185436 597962862
-649282821 -270779598
#r 0 1.4263389653
-620491728 -72862765
#r 0 3.6963669210
-790495601 -178213052
#r 0 3.6931249319
-959380916 -282113908
#r 0 0.5496675260
-880718476 -221767990
#r 0 0.3213378363
-837277857 -207307731
#r 0 3.4396494625
-869890818 -239441534
#r 0 0.7915623761
-839488664 -208662177
#r 0 0.7568337096
-880718476 -221767990
#r 0 0.3223610646
-837100500 -207199074
#r 0 3.4776105180
-869890818 -239441534
#r 0 0.7923854558
-839614930 -208739534
#r 0 0.7403823783
-880718476 -221767990
#r 0 0.3228519038
-837014956 -207146665
#r 0 3.4889577830
-869890818 -239441534
#r 0 0.7909755052
-839397716 -208606458
#r 0 0.7732716116
-880718476 -221767990
#r 0 1.4889439253
-881768219 -234564655
#r 0 0.5534817503
-869890818 -239441534
#r 0 0.7900258524
-839250353 -208516176
#r 0 0.8084638824
-880718476 -221767990
#r 0 0.3230402142
-836982154 -207126569
#r 0 3.4969985263
-869890818 -239441534
#r 0 0.7908816367
-839383431 -208597706
#r 0 0.7764247115
-880718476 -221767990
#r 0 0.3225929186
-837060021 -207174274
#r 0 3.4837228176
-869890818 -239441534
#r 0 0.7906733500
-839351145 -208577926
#r 0 0.7848899763
-880718476 -221767990
#r 0 0.3225771842
-837062828 -207175994
#r 0 3.4831031641
-869890818 -239441534
#r 0 0.7891202607
-839108856 -208429488
#r 0 0.8487759520
-880718476 -221767990
#r 0 0.3215080538
-837248189 -207289555
#r 0 3.4484796886
-869890818 -239441534
#r 0 1.5094115006
-869114584 -226812433
#r 0 0.5572520289
-880718476 -221767990
#r 0 0.3219048208
-837179695 -207247592
#r 0 3.4637535257
-869890818 -239441534
#r 0 0.7911140081
-839419444 -208619769
#r 0 0.7703353012
-880718476 -221767990
#r 0 5.8092541946
-869920626 -227306253
#r 0 0.5587470634
-869890818 -239441534
#r 0 0.7910156484
-839404027 -208610324
#r 0 0.7733619054
-880718476 -221767990
#r 0 0.3219755089
-837167595 -207240179
#r 0 3.4656749603
-869890818 -239441534
#r 0 0.7885682457
-839021766 -208376133
#r 1 -838435450 -207664205
411724544 245564399
#r 0 2.8712475783
218988785 298977198
#r 0 2.4535072130
64496127 425989082
#r 0 2.1555991358
-45910867 592753274
#r 0 5.2983017602
17791622 515668951
#r 0 2.4033280464
-13877627 544485163
#r 1 -13964286 544525893
795592083 -315379132
#r 0 1.5450906970
800732643 -115445206
#r 0 4.6861546204
808573127 -215137366
#r 0 2.0659710135
798601201 -196672758
#r 1 798583623 -196762149
-521849662 466816098
#r 0 4.2085824562
-618402181 291665845
#r 0 1.9660115762
-695403552 476248588
#r 0 4.3337537564
-769334093 290414589
#r 0 1.1989324333
-742936297 386867460
#r 0 4.4886507126
-758650901 317806756
#r 1 -758762362 317496470
-558514126 -706353026
#r 0 6.0614768907
-363409486 -750332335
#r 0 6.0592577184
-168402924 -794744506
#r 0 1.3423281863
-123105777 -599941610
#r 0 1.3450679865
-78342520 -405015340
#r 0 4.4899569560
-90086582 -504323330
#r 0 1.7055475054
-94102969 -474698049
#r 1 -94075979 -474890840
-218018041 -776753981
#r 0 0.7837475234
-76363442 -635566253
#r 0 5.3161612670
37186928 -800206204
#r 0 0.7424892265
184544491 -664981397
#r 0 3.8868711253
118546044 -740109320
#r 0 2.2580796758
111903226 -732015904
#r 1 111857262 -731980204
517252615 315449462
#r 0 4.3445323184
445329353 128829408
#r 0 2.5081685188
284128260 247211027
#r 0 2.4537522565
129604483 374185050
#r 0 3.0765109677
-69972104 387192200
#r 0 3.3049781201
-267308556 354660298
#r 0 1.4699370952
-247170892 553643902
#r 0 2.2787694593
-377229959 705580202
#r 0 2.2726676169
-506359519 858307268
#r 0 4.0154677509
-634731492 704942876
#r 0 0.3322920882
-445672067 770184994
#r 0 0.3044393498
-254869035 830136665
#r 0 3.4466513240
-346589946 790296055
#r 0 3.3276668115
-433127954 774005122
#r 0 3.3631447776
-352868953 810236517
#r 0 3.5639299349
-434352481 773619533
#r 1 -434796098 773627915
-836634468 79323631
#r 0 1.5957973255
-841634147 279261129
#r 0 4.7443199575
-828011563 180193349
#r 0 1.7326015662
-841014123 259850096
#r 1 -841017056 260301582
-478957491 -425697431
#r 0 5.6284910023
-320310669 -547480788
#r 0 0.0531618490
-120593221 -536853426
#r 0 0.0515303729
79141300 -526551912
#r 0 6.2776617163
279138249 -527656625
#r 0 3.1489118415
179765229 -538837094
#r 0 2.9982373818
110842553 -528888435
#r 0 3.0048059004
179612218 -517931961
#r 0 3.2188457328
79144128 -529120446
#r 0 0.1610961559
179765229 -538837094
#r 0 3.0018231222
109139181 -528900902
#r 0 3.1443913117
179612218 -517931961
#r 0 3.2418361331
79144128 -529120446
#r 0 0.1608756979
179765229 -538837094
#r 0 3.0780809972
79144128 -529120446
#r 0 0.1616988822
179612218 -517931961
#r 0 3.2421571605
79144128 -529120446
#r 0 0.1608487729
179765229 -538837094
#r 0 3.0002311508
109905304 -528895295
#r 0 2.9969640592
179612218 -517931961
#r 0 3.2441513375
79144128 -529120446
#r 0 0.1617652514
179765229 -538837094
#r 0 3.0004956271
109779149 -528896218
#r 0 2.9951700854
179612218 -517931961
#r 0 3.2438993519
79144128 -529120446
#r 0 0.1618693974
179765229 -538837094
#r 0 2.9997726860
110122978 -528893702
#r 0 2.9983096585
179612218 -517931961
#r 0 3.2435973773
79144128 -529120446
#r 0 0.1607083413
179765229 -538837094
#r 0 2.9999391568
110044355 -528894277
#r 0 2.9969683094
179612218 -517931961
#r 0 3.2428592652
79144128 -529120446
#r 0 0.1613500078
179765229 -538837094
#r 0 2.9998139960
110103711 -528893843
#r 0 2.9988372905
179612218 -517931961
#r 0 3.2181696161
79144128 -529120446
#r 0 0.1607387218
179765229 -538837094
#r 0 4.3705230899
183494711 -528356671
#r 0 3.1214652751
179612218 -517931961
#r 0 3.2436038480
79144128 -529120446
#r 0 0.1620494513
179765229 -538837094
#r 0 2.9996936089
110160402 -528893428
#r 0 2.9999266794
179612218 -517931961
#r 0 3.2433354525
79144128 -529120446
#r 0 0.1631444495
179765229 -538837094
#r 0 2.9971189052
111357957 -528884662
#r 0 3.0100514210
179612218 -517931961
#r 0 3.2436358970
79144128 -529120446
#r 0 3.1422947420
179765229 -538837094
#r 0 4.3697391047
183503933 -528356603
#r 0 3.1456528583
179612218 -517931961
#r 0 3.2421354255
79144128 -529120446
#r 0 0.1621165016
179765229 -538837094
#r 0 3.0019882663
109058627 -528901492
#r 0 2.9864980348
179612218 -517931961
#r 0 3.2420567746
79144128 -529120446
#r 0 0.1609910970
179765229 -538837094
#r 0 2.9988315730
110565821 -528890460
#r 0 3.0026249342
179612218 -517931961
#r 0 3.2437671734
79144128 -529120446
#r 0 3.1449290874
179765229 -538837094
#r 0 4.3700932604
183499464 -528356636
#r 0 3.1486204667
179612218 -517931961
#r 0 3.2433237806
79144128 -529120446
#r 0 0.1616500896
179765229 -538837094
#r 0 3.0754762690
79144128 -529120446
#r 0 0.1617168489
179612218 -517931961
#r 0 3.2425454369
79144128 -529120446
#r 0 0.1604178658
744680137 283363242
#r 0 3.0404448215
545702353 303558332
#r 0 4.3216571494
469529315 118632216
#r 0 4.1163501334
357255561 -46880938
#r 0 4.1168272626
245060791 -212447642
#r 0 4.2651351941
158562576 -392775285
#r 0 3.9584934534
21665797 -538580881
#r 0 0.8283220354
81205082 -458237410
#r 0 4.0878929103
29281452 -530281679
#r 0 0.8331607709
96608353 -472372021
#r 0 4.6716500612
97267732 -456193254
#r 0 4.6715209537
81205082 -458237410
#r 0 4.9020953816
83659852 -471022516
#r 0 3.9698551618
96608353 -472372021
#r 0 3.8484425768
31012617 -528395132
#r 0 3.9631764552
81205082 -458237410
#r 0 4.0892427967
29962112 -529539926
#r 1 30226373 -529241752
787479252 -388621533
#r 0 3.7111904304
619055660 -496480208
#r 0 3.1986738379
419381398 -507890246
#r 0 3.1981950489
219701696 -519204681
#r 0 4.2846630358
136741158 -701186958
#r 0 4.2829766055
53473838 -883029069
#r 0 1.1378591214
85709452 -788367224
#r 0 4.4494269145
69646731 -848036503
#r 1 69689672 -847899455
734374273 161323653
#r 0 2.6561086907
557484429 254650944
#r 0 4.1750250955
455109791 82838740
#r 0 2.7572557634
269700338 157827637
#r 0 2.7673472499
83543589 230941690
#r 0 2.7554449775
-101729771 306266201
#r 0 4.9448438570
-55656358 111645440
#r 0 2.5865660551
-225633643 217038621
#r 0 2.6322402561
-400245737 314561012
#r 0 2.5386581262
-564980758 427973414
#r 0 5.6800731740
-477145542 380172004
#r 0 2.6688377178
-548739416 416787753
#r 1 -549273310 417137179
-835925574 -325109799
#r 0 1.0270913247
-732463520 -153950214
#r 0 1.5668455400
-731673365 46048225
#r 0 1.5703501924
-731584138 246048205
#r 0 1.5704143632
-731507745 446048190
#r 0 1.7983970638
-774663369 632373833
#r 0 4.9405897986
-743411356 541995601
#r 0 1.0210056529
-750853106 529852246
#r 0 1.0217401774
-762884979 537472923
#r 0 1.3124656972
-757423364 558142286
#r 1 -757449497 558165456
191098699 -491490599
#r 0 3.4911098095
3191065 -559979438
#r 0 0.3489314205
93076361 -516154407
#r 0 4.8428104633
94469066 -526770858
#r 1 94450618 -526627937
76967052 -918743877
#r 0 2.0703223660
-18834857 -743181939
#r 0 2.0720915482
-114947217 -567789766
#r 0 1.6665873904
-134076144 -368706657
#r 0 2.2117487890
-253667971 -208401339
#r 0 2.1261130185
-359110457 -38454635
#r 0 1.3975379865
-324631894 158551021
#r 0 1.3961067678
-289871408 355507129
#r 0 1.3988745046
-255656177 552558691
#r 0 1.4010149401
-221862800 749683037
#r 0 4.5438882691
-228236572 649886369
#r 0 1.8574417431
-234959636 672694343
#r 1 -235017597 672844333
-458212991 -390070259
#r 0 1.9403720185
-530456952 -203574119
#r 0 1.9376686050
-602196473 -16883356
#r 0 1.7903664502
-645758490 178314878
#r 0 1.7892372112
-689100054 373562180
#r 0 1.7907377359
-732734543 568744227
#r 0 4.9116384762
-702803559 473328630
#r 0 2.5679521039
-715067403 481252302
#r 0 1.7694535697
-723295641 469190688
#r 0 2.4510470533
-710496334 458615274
#r 0 2.4531806821
-702803559 473328630
#r 0 1.8829403316
-731298284 561631526
#r 1 -731317676 561773047
-561441965 -303326039
#r 0 1.8648711108
-619412860 -111911893
#r 0 1.8676337599
-677912344 79341369
#r 0 1.8670159315
-736293655 270630738
#r 0 1.8670404390
-794679654 461918676
#r 0 1.8631338283
-825516035 564378663
#r 0 5.0109400774
-804521152 515170456
#r 0 2.0166828969
-820949320 549539595
#r 2 -820966308 549614739
