701687785 -541700890
#r 0 3.5810097337
611187805 -584242089
#r 0 1.9875046110
570712543 -492799467
#r 0 3.6341321470
526655801 -516442719
#r 0 3.6193850033
478542225 -541356316
#r 0 0.7286009556
498754705 -523318675
#r 0 3.8781857829
488720867 -532417977
#r 0 0.8790744057
493040898 -527202029
#r 0 4.1521298472
491241386 -530070643
#r 0 3.8546786232
489938856 -531197213
#r 1 489946480 -531119274
-499127383 633119407
#r 0 4.2307310341
-545452296 544496597
#r 0 5.1742527384
-500890560 454974244
#r 0 1.9857931922
-521049913 500730123
#r 0 5.8431863720
-498431111 490081661
#r 0 2.3696159081
-507387775 498801073
#r 0 2.2193562241
-511554937 504299123
#r 0 2.3032815474
-514946543 508070075
#r 0 5.9937562716
-512516124 507346318
#r 0 4.0834328516
-513262058 506321003
#r 0 2.2980316885
-513683528 506794590
#r 0 5.9639159493
-513382561 506695097
#r 0 2.2541686031
-513482635 506817999
#r 0 2.2889858145
-513549178 506894147
#r 0 5.2479054789
-513523376 506850663
#r 0 5.1764210925
-513511691 506827315
#r 0 2.2966270312
-513520356 506837079
#r 0 2.3033026594
-513525008 506842252
#r 0 6.0714297010
-513521608 506841521
#r 0 2.2393049850
-513522685 506842885
#r 0 2.2153680456
-513523408 506843847
#r 0 2.3288476075
-483608482 -622730427
#r 0 3.8243022572
-561195091 -685820190
#r 0 0.7375099414
-524187827 -652197840
#r 0 3.3276230438
-548756482 -656821821
#r 0 0.1176050507
-536342826 -655355144
#r 0 0.1672919826
-530151305 -654309580
#r 0 3.1474610910
-533290842 -654328004
#r 0 0.0345826074
-531721986 -654273727
#r 1 -532096222 -654380759
-400050622 -282770132
#r 0 0.9989682732
-345933603 -198678823
#r 0 1.8941395668
-377707435 -103860979
#r 0 3.2872131673
-476649041 -118371619
#r 0 3.8780319410
-550735523 -185537036
#r 0 1.1035085589
-528212199 -140897369
#r 0 0.0689169979
-500144626 -138959968
#r 0 0.4202871652
-485884116 -132586703
#r 0 3.6007237983
-492885242 -136047829
#r 0 3.5110802863
-496532164 -137460187
#r 0 3.5509477499
-498326290 -138238595
#r 1 -497829515 -138018515
301295572 728310821
#r 0 5.5617119738
376378914 662261659
#r 0 3.5844145801
331201609 640837114
#r 0 5.0845758286
331201609 640837114
#r 0 6.1444723770
355961478 637380401
#r 0 6.2671260293
372052481 637121969
#r 0 3.6349461752
364965495 633311272
#r 0 6.1460523188
368950994 632761277
#r 0 4.8083084176
369207240 630097999
#r 0 4.7978328687
369530608 626322642
#r 0 5.7439185348
374288638 623475278
#r 0 3.5344667695
371727397 622413852
#r 0 4.9608520898
372278714 620240794
#r 0 0.0070649496
375615581 620264369
#r 0 4.7394049896
375615581 620264369
#r 0 5.1071209958
377266614 616301229
#r 0 4.8468495517
378115184 610028387
#r 0 4.7479814476
378442874 600825559
#r 0 0.2851789067
382861241 602120891
#r 0 4.6308770763
382673795 599826371
#r 0 0.2168929535
383797907 600074080
#r 0 4.6664126314
538670319 187274473
#r 0 1.3152071744
563951866 284025925
#r 0 0.9085070215
625444244 362884580
#r 0 2.7503852229
579221777 381949825
#r 0 2.8933762438
531186832 394123941
#r 0 5.9993068625
554972003 387184423
#r 0 0.1457362803
567244668 388985767
#r 0 3.2824872681
561104047 388114816
#r 0 3.3105606411
558047098 387593317
#r 1 557652367 387580396
-356518068 -65592954
#r 0 1.7045654967
-369855126 33513670
#r 0 1.7339270684
-386095943 132186036
#r 0 1.6090780701
-389923182 232112770
#r 0 0.2144550780
-292213931 253394272
#r 0 3.0561438803
-342031505 257661513
#r 0 3.0314422612
-369007174 260644970
#r 0 4.6636887053
-369007174 260644970
#r 0 4.6811282613
-369431315 247081526
#r 0 4.7748421424
-368514739 232424402
#r 0 1.7843447064
-370070908 239600486
#r 0 4.9650517608
-369153111 236045615
#r 0 1.8258997150
-369616346 237821925
#r 1 -369391314 237023329
-276446552 932869643
#r 0 4.5100322139
-296544408 834910079
#r 0 5.3877049403
-234030012 756859132
#r 0 3.9341006587
-304236165 685647504
#r 0 4.2556318465
-348340165 595898759
#r 0 0.2682451141
-300128290 609150745
#r 0 4.4907009574
-305625206 584762553
#r 0 5.9281664525
-284930202 577090365
#r 0 3.3501092780
-295726847 574805880
#r 0 4.3367489931
-298302203 568275509
#r 0 4.2739985487
-302131080 560108383
#r 0 5.3882068780
-294342992 550394736
#r 0 4.0740763180
-305119464 535869708
#r 0 4.1123165433
-318925152 515693126
#r 0 4.0699102858
-339997860 487536253
#r 0 0.1498500515
-322610352 490161451
#r 0 3.8081405694
-329520742 484725389
#r 0 3.8077104818
-333785087 481373807
#r 0 3.9501523150
-336806436 478209156
#r 0 3.7591196741
-340825107 475355167
#r 0 3.7988266864
-345658005 471625705
#r 0 3.7133142026
-550539604 -271667289
#r 0 5.4958204250
-479968131 -342516898
#r 0 6.0362427105
-383001700 -366960943
#r 0 4.6458030562
-389655373 -466739341
#r 0 1.5618158207
-389206354 -416741357
#r 0 4.8840807174
-384935118 -441373786
#r 0 1.6005982913
-385307587 -428879337
#r 0 2.3382965595
-389733565 -424292023
#r 0 5.4445801053
-387602926 -426662373
#r 0 5.4624863627
-386515203 -427829735
#r 1 -386185430 -428163299
-618319202 -169265767
#r 0 1.6525492172
-626485387 -69599758
#r 0 3.5486678492
-672399524 -89396019
#r 0 0.8369957094
-655657101 -70830157
#r 0 3.5632170424
-667062417 -75945696
#r 0 0.4018728169
-661310355 -73501055
#r 0 3.5258572657
-664207461 -74672547
#r 0 2.8740770011
-665714851 -74259394
#r 0 0.1712218847
-664944787 -74126238
#r 0 2.9566430894
-665328868 -74054381
#r 0 3.5396449112
-665530308 -74139086
#r 0 3.5908853535
-665629523 -74186926
#r 0 3.5663523749
-665680523 -74209993
#r 0 2.7671787926
-665708517 -74198993
#r 0 4.0368566884
-665727505 -74222690
#r 0 0.6986652298
-665715880 -74212925
#r 0 2.9243732699
-665723293 -74211289
#r 0 0.2137843965
-665719584 -74210484
#r 0 0.7535383563
-665717966 -74208966
#r 0 3.5518985663
-665718983 -74209408
#r 0 5.8492502966
-665718480 -74209641
#r 0 3.5565283704
755102565 -188650360
#r 0 2.3705682850
683382846 -118963332
#r 0 3.5353303348
591034688 -157327609
#r 0 1.8248076455
578470259 -108931998
#r 0 0.7013642216
618727680 -74929649
#r 0 0.7121244550
648335133 -49371625
#r 0 3.8226509090
633141618 -61684649
#r 0 4.0386568855
627035041 -69333676
#r 0 0.8343305606
630322091 -65708105
#r 1 630352840 -65123951
380790345 -501424583
#r 0 3.5840017532
290418054 -544236369
#r 0 3.1254093655
190431149 -542618111
#r 0 0.0285075831
240410832 -541192925
#r 0 6.2514378882
265448083 -541988060
#r 0 6.0654654772
277687645 -544695775
#r 0 2.9315858890
271557604 -543389160
#r 0 2.8688130993
268539424 -542544815
#r 0 6.0596738304
270067473 -542892155
#r 1 270493020 -543113897
-579009961 358478730
#r 0 0.4681729437
-489770536 403604388
#r 0 5.2046440676
-442509093 315477457
#r 0 5.4114411491
-378159847 238932212
#r 0 1.4634714695
-372803900 288644522
#r 0 4.5039799198
-377976491 264185490
#r 0 4.4909473843
-380749832 251866846
#r 0 4.5468490416
-381836703 245361317
#r 0 4.4963218784
-382630616 241744293
#r 0 4.5667202705
-383013941 239131449
#r 0 4.4586423661
-383623721 236780142
#r 0 4.4880325372
-384276966 233917521
#r 0 4.6013220483
-384715327 229986948
#r 0 4.3825251066
-386511460 224740814
#r 0 4.5540085215
-387810000 216610618
#r 0 4.4853424347
-390547033 204763535
#r 0 4.4383891729
-395464190 187269057
#r 0 4.9715338166
-388483299 160936613
#r 0 1.7530692652
-390952320 174332005
#r 0 5.0254276444
-388855014 167852464
#r 0 1.6455291675
-389109262 171248217
#r 0 4.9238799620
299350043 -849072587
#r 0 1.4427208124
312122609 -749891633
#r 0 1.3887636085
330225517 -651543859
#r 0 6.0187815722
378487941 -664610547
#r 0 2.0139111149
367769054 -642025034
#r 0 5.7732330698
378678651 -648126728
#r 0 1.6013194776
378487911 -641879640
#r 0 5.8626759621
381340664 -643155344
#r 0 5.8447506063
383893594 -644352336
#r 0 5.8021074246
386747014 -645841769
#r 0 1.7899352560
386397152 -644270877
#r 0 2.3177957197
385546193 -643351922
#r 0 5.8368909757
386111076 -643622215
#r 0 1.7921798539
386042324 -643316748
#r 0 3.6402901291
385904837 -643391625
#r 0 5.7643345368
385972812 -643430441
#r 0 1.7996460886
385963933 -643392323
#r 0 2.0524563690
385950244 -643366135
#r 0 5.7981455505
385963314 -643373023
#r 0 3.1674417119
385955930 -643373214
#r 0 5.8744053161
385959319 -643374682
#r 0 5.8225688334
547958642 -796389549
#r 0 2.1455285629
493597635 -712455760
#r 0 2.2423800611
431374978 -634172039
#r 0 1.9978304092
389957672 -543152224
#r 0 2.2208043333
329438394 -463544329
#r 0 3.1325842030
229442452 -462643496
#r 0 1.7608033257
210555875 -364443205
#r 0 5.6821892105
251794513 -392716420
#r 0 5.4821536987
277340862 -419074277
#r 0 1.5766355804
277233694 -400721440
#r 0 1.8189362915
273958731 -387795393
#r 0 4.9002296519
275203757 -394345349
#r 0 5.0982991542
276463091 -397445005
#r 0 4.9511029184
276861022 -399080200
#r 1 276722623 -398433516
120566706 -818818612
#r 0 1.7681501223
100959188 -720759725
#r 0 6.0715496375
149843620 -731262693
#r 0 6.0210807589
194427616 -743223522
#r 0 2.6464451890
174119325 -732256672
#r 0 5.8802390400
184735202 -736781907
#r 0 5.4767285061
188762216 -740982202
#r 0 2.3745800939
186667458 -738963089
#r 1 187091323 -739193738
137093106 -178832048
#r 0 4.5791493483
123808531 -277945720
#r 0 1.5327556637
125710105 -227981894
#r 0 5.4208512206
141976775 -246965977
#r 0 3.2835438658
129602503 -248734414
#r 0 3.3595104509
119294985 -251016850
#r 0 4.5498911589
117360735 -262815130
#r 0 5.6299513652
131583435 -273700045
#r 0 5.6532767570
150207236 -287276324
#r 0 3.8768771000
141660971 -295006245
#r 0 5.9860841340
147170278 -296692990
#r 0 5.9663921356
151871243 -298234127
#r 0 5.8864509391
156982519 -300375492
#r 0 5.8824533474
163772150 -303251962
#r 0 5.8880608833
173443620 -307285525
#r 0 5.5347578345
184678394 -317718849
#r 0 0.2699784589
206840060 -311585942
#r 0 3.5066682267
196100466 -315690708
#r 0 2.5405282567
191316704 -312410480
#r 0 5.5751124201
193519732 -314296676
#r 0 5.8422610451
194846051 -314922579
#r 1 195134909 -315039243
-671832205 450572368
#r 0 0.0719490448
-572090927 457761066
#r 0 4.0769622157
-601766978 417520143
#r 0 5.1807139909
-584282320 382955955
#r 0 0.3293171342
-531944113 400843169
#r 0 5.5230945566
-478142591 349698140
#r 0 5.2709416969
-420275441 257101099
#r 0 5.1921735112
-347032626 116340756
#r 0 1.4687035778
-338946869 195265508
#r 0 4.9788022463
-328503113 156996044
#r 0 1.9547559376
-335932998 175386334
#r 0 2.7587453864
-345258366 179141828
#r 0 0.8570052603
-341967441 182941349
#r 0 0.8550458337
-338795066 186589529
#r 0 0.9647259224
-335501680 191341302
#r 0 4.1344398589
-337080917 188920055
#r 1 -337222910 188962681
-468532303 -84888903
#r 0 0.3386150373
-374210740 -51670794
#r 0 1.6286354212
-379991425 48161985
#r 0 1.5897257126
-381884251 148144069
#r 0 2.3802723324
-454276829 217131855
#r 0 6.0633136261
-405480558 206226635
#r 0 5.8183112581
-377460760 192173754
#r 0 2.6193945046
-391045083 199991318
#r 0 3.7659593165
-397424018 195395156
#r 0 0.5747972607
-394124601 197532379
#r 0 0.6429816437
-392547672 198713796
#r 1 -391989549 199368391
242220329 -192797614
#r 0 6.0715703985
339989629 -213801520
#r 0 5.7769950800
427449430 -262286395
#r 0 2.6789256521
382706166 -239969581
#r 0 0.0918490768
407600786 -237676581
#r 0 3.3034120630
395264090 -239690507
#r 0 3.0220789693
389028379 -238941685
#r 0 6.1422644651
392137505 -239382749
#r 1 393002827 -239325414
474168597 127670696
#r 0 1.1478080656
515217315 218857333
#r 0 2.8766548034
466961876 231949797
#r 0 2.9442439129
415712410 242197195
#r 0 3.3672288242
353050844 227813548
#r 0 3.7417173449
288203034 183436902
#r 0 3.1536157289
191136547 182269808
#r 0 6.2062102459
239529575 178537377
#r 0 3.1133705318
215270864 179222191
#r 0 2.9860210280
203254766 181106783
#r 0 6.1190509141
209254526 180113076
#r 0 6.0912431996
212239650 179532963
#r 0 2.9291817559
210753338 179853507
#r 1 210963603 179779504
595496296 -707793242
#r 0 2.9836697461
496740689 -692066512
#r 0 3.0435769006
397220659 -682280623
#r 0 1.8492188468
369736733 -586131604
#r 0 1.7033932191
356515865 -487009414
#r 0 3.0491025788
256943281 -477773588
#r 0 6.1409756945
306438542 -484860126
#r 0 6.2717348888
331498611 -485147087
#r 0 6.1734679705
343966427 -486520538
#r 0 6.2712848078
350245460 -486595265
#r 0 3.1194115182
347106494 -486525628
#r 1 346821522 -486651825
677928845 -196320030
#r 0 0.6735018777
756093070 -133947328
#r 0 4.9465322263
767693555 -182583002
#r 0 4.9917972046
780215622 -226227017
#r 0 5.0088547827
795782305 -277187114
#r 0 5.1284348458
824664612 -342555632
#r 0 4.7896941607
832664000 -445827452
#r 0 1.6046870007
830909118 -394066607
#r 0 1.7506909854
826267055 -368541231
#r 1 827059511 -368804437
134234208 -184258840
#r 0 3.6411374202
46454136 -232161438
#r 0 3.5106634575
-46812159 -268236334
#r 0 0.2212562874
1968966 -257263561
#r 0 3.4148511449
-22103449 -264010322
#r 0 3.3001875349
-34479902 -265989788
#r 1 -34116428 -266423952
-222667336 -46611794
#r 0 0.9945712796
-168181093 37240751
#r 0 2.8270189664
-215727511 52711306
#r 0 5.8609957801
-192922663 42467339
#r 0 6.0797892366
-180539502 39913336
#r 0 6.1211490537
-174300272 38893413
#r 0 2.9415752137
-177398272 39521465
#r 0 5.9963875987
-175882318 39074367
#r 1 -176021922 39200622
219528894 970092025
#r 0 5.0399788393
251705093 875409967
#r 0 4.1620083870
199403927 790177414
#r 0 3.5358439838
107075487 751765708
#r 0 5.0216740754
137513260 656510567
#r 0 5.7804680699
225140921 608329730
#r 0 3.8034076425
185697014 577602247
#r 0 4.4568474054
174011930 532875207
#r 0 3.2989919288
110353576 522771855
#r 0 5.3177161860
128692065 496270615
#r 0 2.7451652549
113827966 502492554
#r 0 2.6640796456
104691319 507220347
#r 0 2.8526238940
96759299 509578458
#r 0 2.8404967918
87713489 512387520
#r 0 2.7786827824
76070651 516808639
#r 0 2.9318276779
59053194 520431600
#r 0 6.2093400371
67728905 519789773
#r 0 5.6068221991
71183049 517017256
#r 0 2.4590296567
69464605 518414195
#r 1 69025174 518803677
-384209398 -106897359
#r 0 0.4974794873
-296330581 -59176153
#r 0 0.0051594656
-196331912 -58660209
#r 0 2.0140247575
-217774820 -13491618
#r 0 0.8679416073
-188404412 21176814
#r 0 2.5708462420
-207521983 33450718
#r 0 2.5745164868
-227786040 46355907
#r 0 2.4487533129
-251130361 65734513
#r 0 2.0800018708
-272082767 103262365
#r 0 2.6940138045
-330124171 131126443
#r 0 2.7865955457
-415980072 162953384
#r 0 1.2825246850
-415980072 162953384
#r 0 5.8893654311
-373702118 145385741
#r 0 2.6169707503
-393514849 156851670
#r 0 5.7188244396
-383844067 150729667
#r 0 2.6904041177
-388994206 153225022
#r 0 5.7938530664
-386468589 151880054
#r 0 5.8527134698
-385166518 151282153
#r 1 -384820282 151213778
615373946 -411111791
#r 0 0.8700524080
679852595 -334675518
#r 0 2.5192386258
639227174 -305528046
#r 0 2.4788615932
596561744 -272228092
#r 0 2.7376279157
532126179 -244683528
#r 0 2.4291389671
461714373 -183861519
#r 0 5.6176360688
498307444 -212588369
#r 0 2.8026873330
476369610 -204855157
#r 0 5.9780904554
487462964 -208348759
#r 0 5.9002093576
492863085 -210524292
#r 1 493057427 -210689480
326662212 790338362
#r 0 5.5312958658
399702177 722036359
#r 0 4.6712168309
395586125 622121104
#r 0 4.5179737083
376266839 524005024
#r 0 1.3470073109
387363126 572758202
#r 0 4.5038325902
382186932 548299932
#r 0 4.5334060587
379961055 535996762
#r 0 4.3347024207
377647410 530165013
#r 0 4.4427364229
376806556 527122675
#r 1 377075481 527720264
340630368 -61653550
#r 0 2.4938654634
260884647 -1316000
#r 0 3.2565134283
161544260 -12782799
#r 0 3.2345475300
61975979 -22064906
#r 0 1.9389672313
25985028 71233815
#r 0 4.6520744298
22971129 21324735
#r 0 4.8628000019
27342404 -7517972
#r 0 4.7737322263
28493848 -26264934
#r 0 4.8774158815
31265605 -42907971
#r 0 1.7885928533
29442736 -34671135
#r 0 4.9265140915
30339044 -38792871
#r 0 4.7663979431
30452897 -40898857
#r 1 30531027 -40308188
-936931568 -253662529
#r 0 0.3087203486
-841659252 -223278556
#r 0 0.3037198695
-746236193 -193371368
#r 0 2.1078196805
-771815224 -150409604
#r 0 3.3556964546
-821130889 -161132628
#r 0 4.4706313325
-828965408 -192905302
#r 0 1.0213055261
-820420215 -178951798
#r 0 0.9947192081
-815562964 -171474226
#r 0 4.4167623144
-816861852 -175739156
#r 0 0.9557715781
-815575671 -173918464
#r 0 4.2976683186
-816024774 -174938562
#r 0 4.2829997905
-816265882 -175465135
#r 0 4.3411101172
-816384873 -175770761
#r 0 0.9823205135
-816293845 -175634359
#r 0 3.1885705367
-816375748 -175638209
#r 0 1.1172794373
-816357786 -175601357
#r 0 1.0388238469
-816339537 -175570352
#r 0 1.0565005816
-816320194 -175536118
#r 0 4.3970862970
-816326291 -175554809
#r 0 1.0558063466
-816321449 -175546254
#r 0 4.4005290066
-816322957 -175550932
#r 0 4.3228865782
-55698254 -527054964
#r 0 5.8003932051
32871959 -573480359
#r 0 5.9374083817
126953200 -607373131
#r 0 2.7816222260
80157839 -589760804
#r 0 2.8034488451
56568787 -581465719
#r 0 5.5237250616
65635709 -590074078
#r 0 2.3243319755
61358464 -585515196
#r 0 2.3818732478
59084735 -583355341
#r 1 58490452 -582994034
-176767589 -188188183
#r 0 4.9944955466
-148929633 -284235297
#r 0 4.8801471869
-132232388 -382831453
#r 0 2.8588666305
-180247313 -368882729
#r 0 5.0109997693
-172892494 -392776381
#r 0 5.2809585744
-161623578 -410412933
#r 0 0.7276320919
-153809079 -403452854
#r 0 1.4207335974
-152174522 -392642250
#r 0 5.0365529806
-150433276 -397824266
#r 0 5.0468948132
-149355901 -400924028
#r 0 2.2564809386
-150394878 -399654051
#r 0 5.0719804874
-150106181 -400421991
#r 0 5.1471958788
-149916046 -400831367
#r 0 5.0591473079
-149819570 -401098348
#r 0 5.0761132037
-149731457 -401329822
#r 0 5.0369988472
-149643285 -401591839
#r 0 1.5971244496
-149646924 -401453660
#r 0 5.1566986685
-149617217 -401516063
#r 0 5.1629042492
-149599771 -401552132
#r 0 5.0731971013
-149589373 -401579689
#r 0 5.1892967310
-149576689 -401604238
#r 0 5.1370903690
133207554 429148051
#r 0 6.2669030427
233194299 427519896
#r 0 0.7142171189
308754927 493022503
#r 0 4.7108153574
308676246 443022565
#r 0 4.5099025719
300927901 405280979
#r 0 2.9767708061
300927901 405280979
#r 0 4.6812548201
299818287 369652742
#r 0 0.9395823553
310335945 384041261
#r 0 4.4984562250
308444018 375333032
#r 0 0.9348429376
311090451 378917659
#r 0 3.5864525801
309079441 377958948
#r 0 4.4701447599
308755396 376647539
#r 0 4.3017996588
308485794 376028237
#r 0 4.5087421293
308415367 375687204
#r 0 4.5063690796
308379023 375513297
#r 0 0.8603138096
308436959 375580636
#r 0 4.6107400555
308432452 375536450
#r 0 4.5411902689
308427492 375507762
#r 0 2.4516943315
308416265 375517026
#r 0 4.5328821264
308414966 375509866
#r 0 0.1743213721
308418549 375510497
#r 0 0.0558264263
420725815 -425022251
#r 0 4.9179268845
441135192 -522917385
#r 0 4.9914362194
468679179 -619049215
#r 0 4.8455448030
481955448 -718164000
#r 0 1.7355000358
473757445 -668840652
#r 0 4.8116917895
476235937 -693717489
#r 0 1.4809933290
477356966 -681267860
#r 0 4.6705598649
477095610 -687512392
#r 0 4.5244564056
476510430 -690589424
#r 1 476653664 -691113896
-984543034 144270826
#r 0 5.0616484488
-950322826 50308188
#r 0 5.0327852844
-918828554 -44602880
#r 0 1.7892073873
-929662489 4209268
#r 0 5.0912887335
-920415027 -19017536
#r 0 1.9268603852
-924772375 -7301586
#r 0 1.5381260697
-924568116 -1051665
#r 0 4.7306918321
-924510893 -4177769
#r 0 4.5355545914
-924786616 -5720697
#r 1 -924619089 -5709167
366737756 485628537
#r 0 0.6628261565
445563387 547163241
#r 0 3.9061351709
409478432 512552896
#r 0 3.4533243803
385438617 504806354
#r 0 0.2543909555
397660744 507984406
#r 0 0.5267951968
403136861 511169426
#r 0 3.7247589698
400492876 509425180
#r 1 400619309 509372577
-649282821 -270779598
#r 0 2.8393246983
-744749202 -241010987
#r 0 2.9353120462
-842629151 -220528908
#r 0 0.0103777767
-792631844 -220010028
#r 0 3.1298648958
-817630124 -219716841
#r 0 3.2805764410
-830015637 -221449397
#r 0 2.8005119903
-835974890 -219334141
#r 0 5.9240697450
-833014822 -220445331
#r 1 -832722645 -220499186
411724544 245564399
#r 0 0.6457839632
491587364 305746871
#r 0 0.7291897618
566158812 372373436
#r 0 0.5162767007
653125131 421737991
#r 0 3.5683789255
607610094 401040617
#r 0 0.2920227624
631551681 408237865
#r 0 3.3588596662
619345554 405543344
#r 0 3.5790092184
613652461 402881093
#r 0 0.4944194992
616418547 404372230
#r 1 616773448 404375473
795592083 -315379132
#r 0 4.5569525702
780110957 -414173538
#r 0 4.6721567852
776088823 -514092617
#r 0 4.5712173600
762018505 -613097800
#r 0 4.7305014914
762629644 -646835393
#r 0 1.4194672850
765173068 -630156645
#r 0 4.6224912217
764415731 -638558362
#r 0 4.4415385813
763282981 -642637787
#r 0 4.5379960046
762914432 -644729642
#r 1 763092573 -643885176
-521849662 466816098
#r 0 4.7068808109
-522400476 366817615
#r 0 3.5531538238
-614050217 326813553
#r 0 0.5821417441
-572285867 354304261
#r 0 1.3970098695
-567839332 379632356
#r 0 0.5563411301
-547793579 392098091
#r 0 0.2773550603
-530562410 397003682
#r 0 5.1320154627
-524192399 382725135
#r 0 1.6581091170
-524874101 390512866
#r 0 1.7323332119
-525568155 394771994
#r 0 0.3797785747
-523027943 395785935
#r 0 1.6870359043
-523470529 399576303
#r 0 1.8176225255
-524392142 403234023
#r 0 3.7196927728
-525971688 402203438
#r 0 0.2790959314
-525065169 402463224
#r 0 1.7680624107
-525165445 402964939
#r 0 3.6165412696
-525392948 402847955
#r 0 1.6076767751
-525397664 402975777
#r 0 3.7881168257
-525448711 402937250
#r 0 1.6978302310
-525452762 402968969
#r 0 1.6804460420
-525455800 402996560
#r 0 1.7312510191
-558514126 -706353026
#r 0 1.0132149418
-505600580 -621499289
#r 0 4.1451507850
-532465821 -663668695
#r 0 2.4508359449
-551734923 -647740680
#r 0 5.5857393460
-542153861 -655768956
#r 0 5.5938586240
-537330681 -659744244
#r 0 5.6054505920
-534896144 -661703855
#r 1 -534366398 -662210485
-218018041 -776753981
#r 0 0.2644609713
-121494687 -750615079
#r 0 0.3206171160
-26590576 -719099850
#r 0 3.5637843176
-72200229 -739587882
#r 0 3.0052042939
-97222084 -736153873
#r 0 6.0307036678
-84994256 -739308494
#r 0 1.1240333981
-82229778 -733537970
#r 0 4.2261423153
-83724831 -736366421
#r 0 4.2590065905
-84426576 -737806685
#r 1 -84595157 -738385843
517252615 315449462
#r 0 3.3308250628
419037724 296638956
#r 0 2.5120404404
338208600 355517243
#r 0 4.1243342307
282734242 272315106
#r 0 0.4338880951
328101144 293335195
#r 0 3.6150999953
305851785 281934932
#r 0 3.3970723175
293738541 278771109
#r 0 3.7719690763
288585423 275010923
#r 0 0.7176104340
290988384 277108345
#r 1 291848566 277533995
-836634468 79323631
#r 0 0.9497680083
-778447290 160651685
#r 0 0.9447621440
-719853726 241687444
#r 0 0.9324241338
-660264827 321994125
#r 0 3.9960252061
-693097156 284284204
#r 0 1.0562723709
-680794144 306047380
#r 0 4.1663958644
-687284982 295364731
#r 0 4.3471516948
-689519509 289521210
#r 0 4.2342870399
-690978557 286705606
#r 1 -690676182 287134849
-478957491 -425697431
#r 0 6.1616630167
-379694966 -437819772
#r 0 6.1264676907
-280920475 -453427462
#r 0 6.0343830648
-183999669 -478051788
#r 0 6.2126894009
-84248050 -485095541
#r 0 2.9928651832
-133696071 -477686553
#r 0 0.0342728482
-108710753 -476829900
#r 0 3.2959099638
-121062211 -478751219
#r 0 1.5448008762
-120899758 -472503332
#r 0 4.7982301646
-120631834 -475616824
#r 0 4.5146713377
-120942570 -477167907
#r 1 -120987625 -477484234
744680137 283363242
#r 0 1.9145441927
710978331 377513060
#r 0 2.0677686620
663301699 465416068
#r 0 5.1882906341
686208704 420972068
#r 0 1.7712486392
681230889 445471483
#r 0 4.9853868073
684601132 433434397
#r 0 4.6497718653
684207979 427163918
#r 0 1.6070659316
684094067 430303248
#r 1 684301202 429916266
787479252 -388621533
#r 0 1.8646670120
758513339 -292908546
#r 0 2.6363962499
671005395 -244510614
#r 0 2.5445677941
588304210 -188292165
#r 0 2.7623344136
495410259 -151269013
#r 0 2.4126614281
420821588 -84661730
#r 0 0.2056762093
469767742 -74450272
#r 0 1.3482115463
478706576 -34956455
#r 0 3.0477130824
458549346 -33058524
#r 0 2.7198865160
438985351 -24281715
#r 0 1.5580899882
439359285 5145654
#r 0 3.2357115317
424709540 3762751
#r 0 3.2369615391
409046597 2264448
#r 0 1.4292425324
410156517 10052981
#r 0 3.0424629012
410156517 10052981
#r 0 2.7494229809
402831201 13082684
#r 0 2.7376873558
391897619 17755743
#r 0 3.3819974836
374574999 13509175
#r 0 3.3422455376
349550782 8419504
#r 0 2.9756354346
312416646 14639389
#r 0 1.2496129741
318359730 32502409
#r 0 3.0932192538
734374273 161323653
#r 0 1.9463246948
697697860 254355050
#r 0 3.0490733288
598125546 263593789
#r 0 1.6662013295
588599512 363139028
#r 0 1.5974887324
585930588 463103406
#r 0 1.5132841963
591678631 562938069
#r 0 3.2182562368
541825493 559108644
#r 0 5.4541186865
558714598 540676116
#r 0 5.1948355163
567941861 523057571
#r 0 5.3760332232
582235949 504777770
#r 0 5.3155816741
598948384 480515853
#r 0 2.2925445480
589215997 491573301
#r 0 1.9801788986
586243446 498424118
#r 1 586628277 498864194
-835925574 -325109799
#r 0 1.7212434076
-850913592 -226239382
#r 0 0.8741549993
-786749072 -149539223
#r 0 1.4860732356
-778286895 -49897908
#r 0 4.6978294225
-779014847 -99892609
#r 0 4.3600085599
-787685525 -123471635
#r 0 5.2891817761
-780573112 -134403816
#r 0 2.1359607546
-784065518 -128896743
#r 0 2.2546067555
-786125653 -126368918
#r 1 -786346867 -125791830
191098699 -491490599
#r 0 0.6972993298
267756621 -427275624
#r 0 2.0865036739
218441589 -340281213
#r 0 1.3576549946
239594708 -242544088
#r 0 2.0203718215
196136383 -152480921
#r 0 1.9682177859
157432177 -60274715
#r 0 1.9078748404
124359034 34097777
#r 0 3.0031628362
25315646 47896589
#r 0 6.1117066433
74582321 39364614
#r 0 6.1529686095
99397722 36114845
#r 0 2.9781539728
87050841 38150965
#r 0 5.8053726177
92606916 35273841
#r 0 2.6288799986
89880766 36808460
#r 0 2.7115721227
88457240 37461354
#r 1 88616414 37381051
76967052 -918743877
#r 0 1.6846207922
65609168 -819390978
#r 0 2.5608466481
-17996191 -764526199
#r 0 1.9043165035
-50733316 -670036619
#r 0 1.7846495629
-71956009 -572314578
#r 0 2.7632953119
-164885493 -535380705
#r 0 1.1046227720
-142411921 -490715971
#r 0 1.4549166737
-136179567 -437173934
#r 0 1.0761021480
-100661382 -371330383
#r 0 0.3301722826
-4632517 -338419622
#r 0 1.1190060449
48496981 -228934089
#r 0 1.1277405546
126498128 -64554676
#r 0 1.2467122342
213299383 193837628
#r 0 2.0371223458
29514896 558958460
#r 0 3.3784668147
-522534349 425690355
#r 0 1.7657725586
-522534349 425690355
#r 0 1.7398231857
-522534349 425690355
#r 0 1.7580103277
-522534349 425690355
#r 0 1.8140800424
-522534349 425690355
#r 0 0.2282962174
-245948306 489954261
#r 0 0.3022343712
-110396767 532217350
#r 0 3.5528019561
-458212991 -390070259
#r 0 2.8678389537
-554489279 -363035533
#r 0 1.4931724357
-546734683 -263336655
#r 0 0.3389828704
-452425345 -230083853
#r 0 1.5071195000
-446061965 -130286521
#r 0 1.3886934310
-427952155 -31940017
#r 0 0.0228615527
-327978286 -29654061
#r 0 0.7252913313
-253147666 36681287
#r 0 1.2899747340
-225433151 132764093
#r 0 2.2396984458
-287445658 211214389
#r 0 5.8021249816
-243120419 188078419
#r 0 1.2357934369
-234901122 211688652
#r 0 6.0897102562
-209117992 206637070
#r 0 5.6208674938
-178181918 182512330
#r 0 0.0662779438
-121820600 186253322
#r 0 0.1177379955
-38652687 196090844
#r 0 5.9883727812
80596627 159879425
#r 0 2.7953085179
21982455 181028778
#r 0 2.9127560116
-8442119 188115165
#r 0 2.8524020303
-23416200 192570426
#r 0 3.2376765821
-31199084 191820306
#r 0 0.1865188965
-561441965 -303326039
#r 0 2.9853346173
-660223618 -287763746
#r 0 2.9498508577
-758390997 -268706840
#r 0 3.1611082054
-858371955 -270658271
#r 0 0.2818517518
-810344853 -256751531
#r 0 3.4650467640
-834048432 -264697617
#r 0 3.2533901139
-846491874 -266094587
#r 0 6.0386829640
-840417277 -267610162
#r 0 2.8909668257
-843449878 -266833790
#r 1 -844192591 -266701840
-143029320 -288205830
#r 0 1.2929635787
-115602105 -192040619
#r 0 0.6245555025
-34479794 -133566945
#r 0 0.6208996912
46855744 -75390229
#r 0 0.6222242745
128114150 -17105828
#r 0 0.0972306654
227641832 -7398074
#r 0 3.2347594424
177858677 -12049677
#r 0 3.0744281359
152914632 -10371798
#r 0 3.5068637858
140913103 -14961576
#r 0 3.5523779471
134964248 -17552690
#r 0 0.3433463998
138019218 -16460518
#r 0 0.4783908485
139465806 -15710365
#r 1 139982378 -15386406
-217724255 370576245
#r 0 5.5345913709
-144459598 302515316
#r 0 1.4957110293
-140708860 352374437
#r 0 2.7630303089
-177475824 366998375
#r 0 1.2715815301
-171520417 386304267
#r 0 1.2209205706
-163155285 409229490
#r 0 2.8922512060
-174979801 412240491
#r 0 1.1770846328
-172639371 417874646
#r 0 1.2905502642
-170864614 424040835
#r 0 1.1597218975
-167528481 431694111
#r 0 1.2506829320
-163927613 442555959
#r 0 1.1421562770
-156999942 457715770
#r 0 1.2822756294
-150046572 481143372
#r 0 1.4023372845
-143918569 517175423
#r 0 0.7140442451
-102487534 553078950
#r 0 3.9004430596
-122378180 534217332
#r 0 3.8154560003
-133109617 525647617
#r 0 3.8376828851
-138378887 521244474
#r 0 0.8418602926
-136091982 523805388
#r 0 3.9087111759
-137327856 522613890
#r 1 -137629249 522070481
231282029 -813119927
#r 0 2.0088246914
188866549 -722560957
#r 0 2.0419374986
143476207 -633455868
#r 0 2.7299128296
51831213 -593440931
#r 0 0.6331146865
92140643 -563857999
#r 0 1.7236029537
85558786 -521120661
#r 0 1.7192475606
76212066 -458622298
#r 0 1.6598409806
67882869 -365330096
#r 0 1.6946567961
50674538 -227108105
#r 0 1.7065534206
22468900 -20620563
#r 0 1.7811285357
-42741672 284830007
#r 0 5.0121969336
3380166 135629158
#r 0 2.0470678336
-32418673 205022763
#r 0 5.1736361417
-15042551 170060960
#r 0 2.0875200773
-24686529 187033231
#r 0 1.7844337841
-26762255 196601077
#r 0 4.8131185422
-26269996 191730681
#r 1 -26397123 192413246
-173650117 941397434
#r 0 5.1002533812
-135828886 848825546
#r 0 5.8541310316
-44892927 807224447
#r 0 4.5771162519
-58378982 708137988
#r 0 3.4749526826
-152873803 675415996
#r 0 6.1160616977
-103570438 667098660
#r 0 6.1660985667
-73256912 663533039
#r 0 0.2068106197
-50247508 668360652
#r 0 3.2416811090
-61943872 667186056
#r 0 3.4740773583
-67562441 665245945
#r 0 3.4224872320
-70419170 664421713
#r 0 3.6202286524
-71738905 663736931
#r 1 -72008524 663714115
-974261600 -135035256
#r 0 5.6834322643
-891714097 -191479119
#r 0 2.5803618504
-934044130 -164867690
#r 0 5.7202111829
-912902342 -178210282
#r 0 1.9638988425
-917690543 -166663720
#r 0 5.1507092089
-915037924 -172322881
#r 0 5.1150099286
-913810952 -175203868
#r 1 -913822798 -175105023
-219071864 876570219
#r 0 4.3751202935
-252162953 782204018
#r 0 4.4099673424
-281946235 686742213
#r 0 4.5009057165
-302937270 588970149
#r 0 4.2730158019
-345474496 498468302
#r 0 4.3915361978
-377012090 403571620
#r 0 1.1900547743
-358431639 449991086
#r 0 1.4207180000
-354680371 474798543
#r 0 4.6098184174
-355964837 462319736
#r 1 -356877103 462612315
841216372 -245702053
#r 0 1.1754384315
879730222 -153416175
#r 0 1.1664700822
919070164 -61479409
#r 0 1.2791270474
947825304 34297112
#r 0 4.3144413864
928448947 -11795803
#r 0 1.0907351392
939994783 10378364
#r 0 1.2758980891
943652214 22419089
#r 0 1.5101240885
944033904 28702387
#r 0 4.7538373404
944164323 25557650
#r 1 943985114 25673158
-554460271 622376857
#r 0 4.8205311365
-543667121 522961024
#r 0 1.6506443869
-547655283 572801715
#r 0 4.8370948845
-544545710 547995859
#r 0 4.6796635158
-544955527 535477442
#r 0 1.5359638175
-544737430 541736204
#r 0 1.6275967253
-544915193 544862449
#r 0 4.8530280838
-544695727 543312260
#r 1 -544718919 543170948
-710372218 -603481641
#r 0 0.8283476248
-642762800 -529800119
#r 0 0.8240515577
-574837466 -456409731
#r 0 0.8915764583
-512018844 -378603429
#r 0 0.8328222444
-444739799 -304620120
#r 0 0.8481284278
-378600993 -229615732
#r 0 0.7445945379
-305064720 -161848362
#r 0 0.8505414132
-239107090 -86684600
#r 0 0.8342648371
-171934843 -12604311
#r 0 0.7858146903
-101253624 58135814
#r 0 0.7738781908
-29733071 128027233
#r 0 0.8215513982
38375538 201247568
#r 0 0.7900608407
108755748 272287177
#r 0 0.7938814084
178864033 343595160
#r 0 0.7860852271
249526112 414354404
#r 0 0.7249319325
324380568 480662853
#r 0 0.8099347462
393335137 553087071
#r 0 0.6907962273
470409031 616802178
#r 0 1.9573926334
432705220 709421952
#r 0 5.0995654703
451583990 663123011
#r 0 5.0423315694
459683710 639471480
#r 0 5.3037440057
57367412 137137296
#r 0 0.8529124565
123146640 212457235
#r 0 0.8189661041
191444317 285501244
#r 0 0.8054876974
260720278 357618103
#r 0 0.9253787097
320873488 437502966
#r 0 0.9181520762
381602421 516951041
#r 0 0.8817417589
445183195 594135788
#r 0 0.9076195411
506745534 672939839
#r 0 4.1904276107
481816469 629597692
#r 0 3.8169966233
461920455 613659235
#r 0 0.7617154507
471144448 622456359
#r 0 4.0071611819
467013284 617603387
#r 0 0.7358179031
469375458 619742217
#r 2 469380954 620039701
