701687785 -541700890
#r 0 1.7948892174
701687785 -540700890
#r 0 0.7592628757
701500398 -540878730
#r 0 4.6214827573
-499127383 633119407
#r 0 5.5424375830
-499127383 632119407
#r 0 4.1322326992
-498717592 632744669
#r 0 6.1234142894
-483608482 -622730427
#r 0 1.2724145333
-483608482 -621730427
#r 0 1.2734618679
-400050622 -282770132
#r 0 3.5513306019
-400050622 -281770132
#r 0 3.5506541713
844052158 257568197
#r 0 2.6062284618
301295572 728310821
#r 0 4.4066892175
301295572 727310821
#r 0 4.3881687174
296118475 711906450
#r 0 0.1282319180
538670319 187274473
#r 0 1.5919847792
538670319 186274473
#r 0 4.8509095594
538695309 186095220
#r 0 4.8310932506
-356518068 -65592954
#r 0 1.8391559151
-356518068 -64592954
#r 0 1.6378369729
-356429238 -65915979
#r 0 4.0679805817
-276446552 932869643
#r 0 3.5927020184
-276446552 931869643
#r 0 4.8121388371
-276542006 932823403
#r 0 4.2111894546
-550539604 -271667289
#r 0 5.7089896520
-550539604 -270667289
#r 0 5.7485194339
-568820455 -259841334
#r 0 4.7601876524
-618319202 -169265767
#r 0 1.9704009817
-618319202 -168265767
#r 0 5.0903154860
-611696407 -184947432
#r 0 5.6468366701
755102565 -188650360
#r 0 2.9135597270
755102565 -187650360
#r 0 1.9916883252
755602102 -188766287
#r 0 2.9158262877
380790345 -501424583
#r 0 2.6168535239
380790345 -500424583
#r 0 2.3606041416
383215483 -502828427
#r 0 2.6129934986
-579009961 358478730
#r 0 0.4672278729
-579009961 357478730
#r 0 3.8193747784
-575682355 360157452
#r 0 3.6685883704
299350043 -849072587
#r 0 2.7493936121
299350043 -848072587
#r 0 2.7844611230
274656458 -838858632
#r 0 2.7000670841
547958642 -796389549
#r 0 3.0533987161
547958642 -795389549
#r 0 0.7862521714
547041323 -796308437
#r 0 3.0539741924
120566706 -818818612
#r 0 2.5214989911
120566706 -817818612
#r 0 1.9978397507
121240777 -819299933
#r 0 2.5556291949
137093106 -178832048
#r 0 4.5397363249
137093106 -177832048
#r 0 4.5712482141
136326062 -183230519
#r 0 2.5189611615
-671832205 450572368
#r 0 1.4818565177
-671832205 449572368
#r 0 1.5323162360
-671764458 451332079
#r 0 6.0401942487
-468532303 -84888903
#r 0 5.9579278252
-468532303 -83888903
#r 0 2.5935260366
-464872165 -86123228
#r 0 5.7492768714
242220329 -192797614
#r 0 1.5054325623
242220329 -191797614
#r 0 3.4103996840
242286988 -191779251
#r 0 4.7441554249
474168597 127670696
#r 0 4.4410986782
474168597 126670696
#r 0 4.4024568847
472052985 120064625
#r 1 471991254 120236300
595496296 -707793242
#r 0 0.5686277601
595496296 -706793242
#r 0 0.5827921472
545824619 -739535144
#r 0 3.4408510653
677928845 -196320030
#r 0 1.8946967761
677928845 -195320030
#r 0 1.5708882176
677928937 -196320304
#r 0 2.5609086433
134234208 -184258840
#r 0 4.6437319100
134234208 -183258840
#r 0 4.6214582193
134513913 -180191303
#r 0 4.6042036587
-222667336 -46611794
#r 0 2.1928344152
-222667336 -45611794
#r 0 1.9292396044
-221882780 -47706030
#r 0 1.6052340051
219528894 970092025
#r 0 5.3023452546
219528894 969092025
#r 0 4.9762771883
219075881 970768677
#r 0 5.0800457549
-384209398 -106897359
#r 0 1.5295575981
-384209398 -105897359
#r 0 2.6197074862
-384169092 -105920538
#r 0 5.5980069182
615373946 -411111791
#r 0 1.9260344782
615373946 -410111791
#r 0 6.1676526974
614986280 -410066803
#r 0 0.9502073568
326662212 790338362
#r 0 5.4404834391
326662212 789338362
#r 0 4.7884147344
326578923 790431789
#r 0 4.3624233796
340630368 -61653550
#r 0 4.3113524442
340630368 -60653550
#r 0 3.1522786593
341056314 -60648998
#r 0 3.1696130805
-936931568 -253662529
#r 0 5.6661837349
-936931568 -252662529
#r 0 5.6118486581
-925172405 -262004386
#r 0 2.5744457421
-55698254 -527054964
#r 0 1.3254876016
-55698254 -526054964
#r 0 1.0018269165
-55286852 -525411661
#r 0 2.5908489902
-176767589 -188188183
#r 0 5.2104552577
-176767589 -187188183
#r 0 5.5964899883
-177748813 -186383780
#r 0 6.1434143887
133207554 429148051
#r 0 0.9094360987
133207554 428148051
#r 0 3.2224082871
132376907 428080775
#r 0 1.0313438454
420725815 -425022251
#r 0 2.0659858586
420725815 -424022251
#r 0 6.2721978993
420182518 -424016281
#r 0 2.2428990451
-984543034 144270826
#r 0 0.4279570953
-984543034 143270826
#r 0 5.8335720834
-985608304 143784902
#r 0 5.7614323402
366737756 485628537
#r 0 0.0717881673
366737756 484628537
#r 0 1.7442539407
366564718 485616094
#r 0 1.4890121646
-649282821 -270779598
#r 0 1.7904632983
-649282821 -269779598
#r 0 1.6469257420
-649166963 -271298513
#r 0 3.4919483695
411724544 245564399
#r 0 0.6298379638
411724544 244564399
#r 0 4.2246856930
412589330 246194713
#r 0 5.4806660431
795592083 -315379132
#r 0 4.3706094572
795592083 -314379132
#r 0 4.8933860523
795712921 -315039451
#r 0 2.7770856510
-521849662 466816098
#r 0 5.1145690514
-521849662 465816098
#r 0 0.1021015485
-521442061 465857860
#r 0 1.9805916898
-558514126 -706353026
#r 0 1.6119316364
-558514126 -705353026
#r 0 1.7388683664
-558568466 -705032762
#r 0 3.0405848932
-218018041 -776753981
#r 0 4.7236285226
-218018041 -775753981
#r 0 0.9390223235
-218029111 -775769107
#r 0 1.4273170430
517252615 315449462
#r 0 0.4648489315
517252615 314449462
#r 0 0.4551008051
434886117 274142453
#r 0 5.2972863544
-836634468 79323631
#r 0 4.4400754994
-836634468 78323631
#r 0 4.5219901608
-836012383 81551326
#r 0 4.5160902641
-478957491 -425697431
#r 0 5.6847514972
-478957491 -424697431
#r 0 5.4831291373
-476083220 -427657224
#r 0 2.4489799527
744680137 283363242
#r 0 4.2081302534
744680137 282363242
#r 0 3.2429652792
744095472 282303769
#r 0 2.5054691481
787479252 -388621533
#r 0 5.3156196052
787479252 -387621533
#r 0 5.3408324132
774249996 -369417806
#r 0 5.3466189458
734374273 161323653
#r 0 3.4618075305
734374273 160323653
#r 0 4.1214333537
735237222 161609831
#r 0 1.7920260566
-835925574 -325109799
#r 0 0.2041612106
-835925574 -324109799
#r 0 2.5588868201
-834770958 -324870740
#r 0 1.7052011515
191098699 -491490599
#r 0 1.9273222870
191098699 -490490599
#r 0 1.3558210751
190961049 -491121011
#r 0 1.3536524425
76967052 -918743877
#r 0 1.0910966952
76967052 -917743877
#r 0 0.5382612813
77721677 -917293314
#r 0 1.5751179583
-458212991 -390070259
#r 0 2.8398628905
-458212991 -389070259
#r 0 4.6670301209
-458257749 -390056329
#r 0 4.6636651707
-561441965 -303326039
#r 0 4.6411132774
-561441965 -302326039
#r 0 1.1056927516
-561358725 -302160164
#r 0 4.6520947689
-143029320 -288205830
#r 0 0.0625094682
-143029320 -287205830
#r 0 4.1918758446
-143623897 -288243045
#r 0 0.0211678891
-217724255 370576245
#r 0 2.0439194539
-217724255 369576245
#r 0 2.0788631050
-211379099 358180969
#r 0 2.0632505730
231282029 -813119927
#r 0 5.5244560771
231282029 -812119927
#r 0 2.6056983247
228458552 -810443170
#r 0 5.5355536730
-173650117 941397434
#r 0 3.5301439082
-173650117 940397434
#r 0 4.0731796782
-172581697 941834805
#r 0 4.3329874034
-974261600 -135035256
#r 0 0.7654257420
-974261600 -134035256
#r 0 0.5167418590
-971714404 -132587828
#r 0 5.7795028745
-219071864 876570219
#r 0 4.5215022381
-219071864 875570219
#r 0 5.2622232849
-219218781 875809936
#r 0 5.2538089952
841216372 -245702053
#r 0 2.8484773052
841216372 -244702053
#r 0 4.5898787555
841097657 -245666224
#r 0 4.5819790045
-554460271 622376857
#r 0 2.2417089209
-554460271 621376857
#r 0 2.2074326347
-565245277 635964426
#r 0 5.0097534820
-710372218 -603481641
#r 0 4.8757812973
-710372218 -602481641
#r 0 1.5618462689
-710380707 -603430147
#r 0 4.8842577602
57367412 137137296
#r 0 0.4710254361
57367412 136137296
#r 0 5.4719983329
56727294 136811312
#r 0 4.4625378613
350298717 99524416
#r 0 6.2582805602
350298717 98524416
#r 0 5.3518260875
349541011 99543290
#r 0 2.6713661373
124361302 -505132095
#r 0 2.2042458725
124361302 -504132095
#r 0 4.4939055571
124190816 -504899955
#r 0 1.5369134255
-544744435 413022941
#r 0 6.0854165627
-544744435 412022941
#r 0 3.8890203470
-543857274 412845164
#r 0 6.1061418091
-119196968 -904270036
#r 0 1.9932599253
-119196968 -903270036
#r 0 2.7767611343
-119739676 -903062760
#r 0 0.7525017580
-804414631 -463783652
#r 0 6.2694624340
-804414631 -462783652
#r 0 2.1078229902
-803814331 -463791890
#r 0 0.3066349286
551441948 -761356956
#r 0 0.6937974274
551441948 -760356956
#r 0 3.3475968930
553047673 -760021410
#r 0 2.7602237312
27156741 -865736728
#r 0 2.5742820502
27156741 -864736728
#r 0 1.2038640414
26848009 -865540010
#r 0 1.2426294302
940217810 -146619311
#r 0 3.4470468553
940217810 -145619311
#r 0 2.7633233116
941620866 -146176896
#r 0 1.3670050349
-914055295 46387478
#r 0 0.3015807055
-914055295 45387478
#r 0 6.0065348193
-915735966 45864673
#r 0 0.9105580990
-936955659 -34943340
#r 0 5.7900124261
-936955659 -33943340
#r 0 5.7868300583
-693570553 -165755690
#r 0 5.9472231359
-369379595 277222742
#r 0 4.6891216081
-369379595 276222742
#r 0 1.6891728421
-369399058 276386391
#r 0 5.4906479515
-821124475 11788443
#r 0 4.2210612747
-821124475 10788443
#r 0 4.1947776019
-830007357 -4812133
#r 0 4.2035162815
-490967586 616064171
#r 0 4.7225973985
-490967586 615064171
#r 0 5.1926991688
-490957173 615044185
#r 0 5.6845888992
-678074763 -588467848
#r 0 4.5799439372
-678074763 -587467848
#r 0 1.1773807829
-677878560 -586995131
#r 0 5.9883751332
217643120 -215305082
#r 0 3.7935427270
217643120 -214305082
#r 0 3.2681322054
219215282 -214105073
#r 0 4.6698594077
-682169509 -158834214
#r 0 5.6901924556
-682169509 -157834214
#r 0 3.5356414553
-683087197 -158215785
#r 0 5.2536183383
557597791 508080141
#r 0 2.4792085550
557597791 507080141
#r 0 4.5844750200
557714682 507988974
#r 0 1.3326322394
639262792 -399950495
#r 0 4.9368375827
639262792 -398950495
#r 0 6.1126880315
639025157 -398909582
#r 0 6.1321540391
61684808 -566926225
#r 0 1.7069764810
61684808 -565926225
#r 0 4.7984376636
61917644 -568625408
#r 0 0.9930910980
523190902 523430949
#r 0 4.7869268559
523190902 522430949
#r 0 0.6376338716
523261663 522483374
#r 0 3.6654969817
-97120665 -106773775
#r 0 0.2523667735
-97120665 -105773775
#r 0 0.1244018441
-89591506 -104832272
#r 0 0.7897172713
-565009351 514254679
#r 0 1.9419749646
-565009351 513254679
#r 0 6.1812685605
-564603996 513213223
#r 0 5.1336703652
334580786 -482417867
#r 0 2.9306176669
334580786 -481417867
#r 0 2.2479672806
335552009 -482625866
#r 0 1.1534560659
-302732954 278207160
#r 0 4.3886826488
-302732954 277207160
#r 0 5.6333368091
-303000296 277410331
#r 0 2.3531999940
-258338693 -552221732
#r 0 0.6996450541
-258338693 -551221732
#r 0 3.2044432053
-257054581 -551140918
#r 0 0.7281379254
-571070279 -284224233
#r 0 1.9946606160
-571070279 -283224233
#r 0 1.3536371343
-571218459 -283895831
#r 0 4.7837022507
481874853 641887316
#r 0 5.4674055711
481874853 640887316
#r 0 5.4934568304
500397277 622203778
#r 0 5.4681956109
-479273610 -106822827
#r 0 2.2752803792
-479273610 -105822827
#r 0 1.6106720881
-479231748 -106872077
#r 0 2.2613450502
-4238218 -621301856
#r 0 3.0175183882
-4238218 -620301856
#r 0 5.5893677594
-2823910 -621478241
#r 0 3.9730803254
-213551122 -22815755
#r 0 2.5410853569
-213551122 -21815755
#r 0 5.2805622958
-212416754 -23592663
#r 0 5.2602369728
-874003763 -51756842
#r 0 5.0673077682
-874003763 -50756842
#r 0 5.0087406025
-872269966 -56435033
#r 0 5.0351318328
-191082364 -706539912
#r 0 5.0155653146
-191082364 -705539912
#r 0 4.9886059834
-188061863 -716195630
#r 0 5.0434321276
-712230836 221529366
#r 0 2.4493519469
-712230836 220529366
#r 0 2.4294805740
-741558336 245845093
#r 0 4.9733491058
-780382671 126943689
#r 0 5.7233001504
-780382671 125943689
#r 0 1.3796448225
-780210090 126835517
#r 0 4.3707816563
-236286024 -513307999
#r 0 1.6208043525
-236286024 -512307999
#r 0 0.9075089736
-236333061 -512368196
#r 0 1.6601954165
432125842 146983063
#r 0 5.8858730144
432125842 145983063
#r 0 5.8974783337
505745442 116090169
#r 0 5.9286070568
-261116530 -918750953
#r 0 1.0176354251
-261116530 -917750953
#r 0 2.0907557172
-260819462 -918269842
#r 0 1.0236301505
118024946 613168088
#r 0 0.4799939055
118024946 612168088
#r 0 4.4281077706
118369564 613347497
#r 0 3.6697804375
-464226731 -787773296
#r 0 1.8145725322
-464226731 -786773296
#r 0 0.1452259451
-464466724 -786808396
#r 0 1.5714970217
-243669211 -909135288
#r 0 1.1997446771
-243669211 -908135288
#r 0 1.1583186770
-240159360 -900114239
#r 0 1.1338317857
-477273716 873997373
#r 0 3.7905671294
-477273716 872997373
#r 0 4.3112768413
-476648450 874471692
#r 0 4.8797002135
-723337552 322551553
#r 0 0.3345195264
-723337552 321551553
#r 0 4.2646222850
-722760995 322751954
#r 0 4.2509265404
-109826943 -461038229
#r 0 3.2381656068
-109826943 -460038229
#r 0 3.2864180454
-130246691 -463016378
#r 0 3.2641784614
273596302 -710435175
#r 0 3.1298327027
273596302 -709435175
#r 0 4.4749715150
273355007 -710432337
#r 0 3.4001393883
-495340295 -231301155
#r 0 1.7785292163
-495340295 -230301155
#r 0 2.7432209043
-495571586 -230203810
#r 0 6.0109827597
-335666797 -774290530
#r 0 5.7151954669
-335666797 -773290530
#r 0 0.1257444206
-336974760 -773455871
#r 0 1.3564734820
-44434562 -424288087
#r 0 0.8268431862
-44434562 -423288087
#r 0 0.8134925985
-9587591 -386425959
#r 0 3.9758991654
482272679 648017210
#r 0 2.8525545896
482272679 647017210
#r 0 2.8526036344
-848718430 -335529233
#r 0 0.6152752104
-848718430 -334529233
#r 0 1.2949220816
-849072336 -335779374
#r 0 2.3694889257
-538168394 -366123595
#r 0 2.7944193570
-538168394 -365123595
#r 0 2.8379355150
-558795224 -358660221
#r 0 2.7797220410
780704324 -493859950
#r 0 1.0593404201
780704324 -492859950
#r 0 1.0558210434
849199365 -371824508
#r 0 4.2027764884
101574837 -660299922
#r 0 4.3382009756
101574837 -659299922
#r 0 4.3306895090
119701209 -614140319
#r 0 4.3377027051
274165912 -778182756
#r 0 4.1384512039
274165912 -777182756
#r 0 1.3059774480
273698792 -778905250
#r 0 4.1375314097
-30247511 -354320033
#r 0 0.9721538341
-30247511 -353320033
#r 0 4.8259861241
-30149770 -354176748
#r 0 0.9200471502
196232884 -273237791
#r 0 3.3926566978
196232884 -272237791
#r 0 3.4263904353
168669785 -280307055
#r 0 2.1781594465
-43571381 -254057842
#r 0 3.5484607916
-43571381 -253057842
#r 0 3.9358783915
-45274894 -254791907
#r 0 4.8698427609
245238934 77228773
#r 0 2.0119105383
245238934 76228773
#r 0 2.4960024015
245971677 75676820
#r 0 5.0529826093
691449954 36763389
#r 0 4.9929629747
691449954 35763389
#r 0 3.6191829365
691700728 35893178
#r 0 4.9673963865
305194638 -415436078
#r 0 2.3153359863
305194638 -414436078
#r 0 3.0153604836
304151168 -414303654
#r 0 3.0408094698
326597884 -216545057
#r 0 4.2568320143
326597884 -215545057
#r 0 3.1944128489
327100839 -215518466
#r 0 3.1913975238
48717586 -293671845
#r 0 5.7063714787
48717586 -292671845
#r 0 0.6710153168
48025320 -293221440
#r 0 0.8236784431
530625494 -89118625
#r 0 3.4454340311
530625494 -88118625
#r 0 3.9146319074
529114994 -89592243
#r 0 4.5430057308
42124448 645983829
#r 0 3.8726949016
42124448 644983829
#r 0 4.6267703653
42217435 646067229
#r 0 3.8381023915
-178491570 670902010
#r 0 3.7486963773
-178491570 669902010
#r 0 5.0199293913
-178751780 670721264
#r 0 4.1086276812
78464923 432039983
#r 0 5.1326734468
78464923 431039983
#r 0 4.4713135683
78623528 431685094
#r 0 3.2238197686
160031141 -417843750
#r 0 0.3109070921
160031141 -416843750
#r 0 0.3088441872
599707761 -276563357
#r 0 2.0769387129
-430166093 553065446
#r 0 5.6324256265
-430166093 552065446
#r 0 2.4116248134
-437659210 558770734
#r 0 5.1325480908
17710008 853207122
#r 0 5.9383613280
17710008 852207122
#r 0 4.2161638742
18163276 853044320
#r 0 5.7741789935
14875479 -715975258
#r 0 6.1492414241
14875479 -714975258
#r 0 2.5878309868
16943551 -716253932
#r 0 6.1526474783
-415569731 -638404763
#r 0 0.7690167636
-415569731 -637404763
#r 0 0.9205815208
-418450853 -641193005
#r 0 2.1196291871
-773961145 -176289730
#r 0 2.2931674289
-773961145 -175289730
#r 0 0.4594203675
-774574849 -175593346
#r 0 5.6018750339
940988252 -325744210
#r 0 3.8504289735
940988252 -324744210
#r 0 2.3263312027
941509332 -325297380
#r 0 3.8362161333
-826089410 389315028
#r 0 5.1822556905
-826089410 388315028
#r 0 6.2054792290
-825560708 388273862
#r 0 5.2757326028
787581078 -76307990
#r 0 2.5452107856
787581078 -75307990
#r 0 2.5097507872
806413038 -89091846
#r 0 3.1224078331
-720594767 -54294382
#r 0 1.4714320211
-720594767 -53294382
#r 0 0.5432872722
-720488688 -53230320
#r 0 0.4962130086
594911311 732837332
#r 0 4.2031564667
594911311 731837332
#r 0 3.1893810485
594337641 731809896
#r 0 3.6569922138
288809318 -738112341
#r 0 4.2307274906
288809318 -737112341
#r 0 4.2369020228
254464205 -803816386
#r 0 4.2543209204
-344837829 -486706031
#r 0 1.2352111335
-344837829 -485706031
#r 0 0.2571012318
-344453840 -485605073
#r 0 3.7192959942
-62712054 -847301326
#r 0 3.1220585541
-62712054 -846301326
#r 0 0.7216989267
-63823641 -847279609
#r 0 1.8156744703
-250419138 -693493865
#r 0 5.7983420330
-250419138 -692493865
#r 0 1.5346570646
-250454617 -693475175
#r 0 0.5055744156
366755340 -91389671
#r 0 2.8879402949
366755340 -90389671
#r 0 3.6699958901
365569115 -91082159
#r 0 3.6434240660
961566412 68953195
#r 0 0.5110831019
961566412 67953195
#r 0 0.5185968510
597164501 -516317146
#r 0 3.8641880531
597164501 -515317146
#r 0 0.3994586669
599340708 -514398449
#r 0 5.2955858276
-877313621 -335845740
#r 0 2.1558350056
-877313621 -334845740
#r 0 2.1469568275
-843425550 -387005741
#r 0 0.8163766638
-380835327 -806301119
#r 0 1.0999102230
-380835327 -805301119
#r 0 0.0827236258
-380303811 -805257049
#r 0 1.1960920188
822465216 -184570263
#r 0 1.8143298221
822465216 -183570263
#r 0 3.4033751023
822232259 -183632679
#r 0 2.0669446967
186036512 447263379
#r 0 4.2761991175
186036512 446263379
#r 0 1.0019591061
184315832 443571996
#r 0 5.9752127629
-324336703 -906969741
#r 0 0.8947293958
-324336703 -905969741
#r 0 0.4164827505
-323093304 -905419711
#r 0 0.5358461031
-23877194 30146238
#r 0 1.4543199255
-23877194 29146238
#r 0 4.8934272316
-23948573 29536195
#r 0 1.0441466422
-646955563 126488175
#r 0 4.4409239380
-646955563 125488175
#r 0 4.9906015028
-647096528 125981717
#r 0 3.3953830167
647455009 119171730
#r 0 3.0643068129
647455009 118171730
#r 0 1.4715012161
647553869 119164074
#r 0 3.3781189296
-614105525 708095676
#r 0 2.3560002122
-614105525 707095676
#r 0 2.3502904991
-144601442 -246545691
#r 0 0.4557649179
-144601442 -245545691
#r 0 5.2147781393
-144168602 -246333519
#r 0 1.5406790850
-755786970 456770808
#r 0 4.6916053938
-755786970 455770808
#r 0 6.1024699872
-755807678 455774592
#r 0 6.0313107666
-942398078 -178453409
#r 0 4.8805865977
-942398078 -177453409
#r 0 4.8843954892
-949920780 -134150595
#r 0 5.4995146573
711522906 98276513
#r 0 3.7187743283
711522906 97276513
#r 0 1.6853084555
711415904 98206839
#r 0 3.6401342363
-865732126 -389513957
#r 0 0.7046150588
-865732126 -388513957
#r 0 0.6252793072
-857937846 -382887194
#r 0 5.1757428282
457994694 -775492143
#r 0 1.7528169463
457994694 -774492143
#r 0 3.3755740417
457818371 -774534169
#r 0 0.5193042963
223679184 -734348721
#r 0 3.0626090677
223679184 -733348721
#r 0 4.9395844252
223914680 -734367360
#r 0 3.0861150158
590989480 604339845
#r 0 4.2791431492
590989480 603339845
#r 0 4.2893995354
607792062 640665398
#r 0 3.9736342488
33739637 326385330
#r 0 3.6648371725
33739637 325385330
#r 0 3.9734203609
35660587 327493484
#r 0 5.4777352556
107088828 -31836439
#r 0 4.8360786812
107088828 -30836439
#r 0 2.2331292159
106940925 -30646783
#r 0 6.0813609628
-86557720 15314172
#r 0 1.4792042478
-86557720 14314172
#r 0 1.9197235708
-86631055 14515745
#r 0 2.2856285821
187576655 288198927
#r 0 4.8444065309
187576655 287198927
#r 0 0.6557531886
187697137 287291616
#r 0 4.8422033928
376013911 294524797
#r 0 1.8141149468
376013911 293524797
#r 0 1.1458726841
376174209 293879053
#r 0 0.9220178368
278966036 620220652
#r 0 0.8219296954
278966036 619220652
#r 0 0.7388848850
272898871 613693180
#r 0 0.8078165957
-721859489 -551390151
#r 0 0.2058919596
-721859489 -550390151
#r 0 6.2202157103
-718181727 -550622045
#r 0 6.2251047830
388898961 -22604958
#r 0 3.4436475163
388898961 -21604958
#r 0 3.4278883988
447017979 -4495701
#r 0 5.2219586625
-862956667 140643757
#r 0 5.2421879756
-862956667 139643757
#r 0 0.2633406318
-862450880 139780118
#r 0 5.7416384052
-64393835 -548376194
#r 0 2.4115788250
-64393835 -547376194
#r 0 2.7960509973
-66263140 -546703274
#r 0 2.4341763790
-682022435 430113840
#r 0 4.6565742860
-682022435 429113840
#r 0 6.0676750900
-682077633 429125923
#r 0 6.1309316596
129522077 617343422
#r 0 0.3076550358
129522077 616343422
#r 0 3.9493694966
130895617 617779856
#r 0 4.8858851965
-709725211 -135667791
#r 0 0.4463911313
-709725211 -134667791
#r 0 4.7053325893
-709732291 -135671180
#r 0 4.3694513396
882172595 169931446
#r 0 3.6511758220
882172595 168931446
#r 0 2.2105056919
881647035 169637757
#r 0 5.6056877620
29768177 179516482
#r 0 1.9209504752
29768177 178516482
#r 0 6.1498453673
30152192 178464972
#r 0 6.1656484632
258981388 553416150
#r 0 5.9726593736
258981388 552416150
#r 0 0.9423469594
259570694 553227037
#r 0 1.0378015292
867622611 474026919
#r 0 3.3171908962
867622611 473026919
#r 0 3.3614052961
494169261 705240858
#r 0 2.9869553903
494169261 704240858
#r 0 4.5741655204
494305419 705219633
#r 0 5.1846518674
122469093 -725635014
#r 0 3.0959728992
122469093 -724635014
#r 0 3.4835234895
119978819 -725521329
#r 0 3.0968437262
-603116602 -663308573
#r 0 0.6700629137
-603116602 -662308573
#r 0 3.4291632042
-601102859 -661712970
#r 0 1.0319621929
-145539966 -887360284
#r 0 2.6143431038
-145539966 -886360284
#r 0 2.6359706142
-180500970 -867004999
#r 0 2.6427850107
682414660 608429595
#r 0 4.0559064230
682414660 607429595
#r 0 4.1020816757
689992717 618265044
#r 0 4.6147054910
-490982295 -354183775
#r 0 1.4001352077
-490982295 -353183775
#r 0 2.5414846400
-490828137 -353289264
#r 0 0.1588991849
-802812116 -220135267
#r 0 0.5415524433
-802812116 -219135267
#r 0 5.0551000829
-802518371 -219958567
#r 0 3.4742755252
250470454 471718324
#r 0 0.1078253348
250470454 470718324
#r 0 5.3627318324
249767587 471642242
#r 0 1.3793946696
439852827 37625603
#r 0 0.4956552949
439852827 36625603
#r 0 2.6767180250
438893327 37106826
#r 0 3.4094731652
-160210028 -311873695
#r 0 0.9113303078
-160210028 -310873695
#r 0 0.9795267907
-165221877 -318338515
#r 0 0.6245638995
378118500 -176315695
#r 0 2.8769710096
378118500 -175315695
#r 0 2.4454340179
379889143 -176795497
#r 0 2.8871740987
-866575725 -214630372
#r 0 5.4839907692
-866575725 -213630372
#r 0 0.6748035994
-867122746 -214068045
#r 0 3.7854922180
135413484 36622920
#r 0 4.0416529971
135413484 35622920
#r 0 5.2869119049
135056982 36173615
#r 0 4.6971376612
133848038 926203271
#r 0 5.6136659909
133848038 925203271
#r 0 5.6074952825
152317393 -838586251
#r 0 0.1499938696
152317393 -837586251
#r 0 1.1037537751
151771545 -838668744
#r 0 3.1624333985
866394399 -388688067
#r 0 3.8514057140
866394399 -387688067
#r 0 3.8551460963
713082262 -520414417
#r 0 3.0166990655
-110683473 -855371776
#r 0 3.0733863039
-110683473 -854371776
#r 0 2.0955696109
-110080718 -855412952
#r 0 3.0710038443
-778756986 -564076853
#r 0 1.5349339198
-778756986 -563076853
#r 0 5.2982171454
-778722949 -563128150
#r 0 5.2814968963
-737950047 -439455128
#r 0 0.4559911741
-737950047 -438455128
#r 0 6.2613199088
-735998198 -438497813
#r 0 1.9323062726
-609784449 -471338019
#r 0 1.3020770331
-609784449 -470338019
#r 0 5.6992568186
-609551465 -470491974
#r 0 1.1511041546
-23189346 649857189
#r 0 4.6191671852
-23189346 648857189
#r 0 4.7856699971
-23230468 649417344
#r 0 3.9660986607
919027675 186956176
#r 0 2.3425341306
919027675 185956176
#r 0 5.2823359551
917150165 188885695
#r 0 3.0898273410
-462062882 -817316296
#r 0 1.8407243320
-462062882 -816316296
#r 0 1.7924188017
-460848973 -821703697
#r 0 1.6025334577
-122964257 -333624352
#r 0 1.5634840990
-122964257 -332624352
#r 0 3.9810940900
-122956885 -332616135
#r 0 1.5408662996
-340634393 559951828
#r 0 5.0610523344
-340634393 558951828
#r 0 5.0459541632
-348043404 580333439
#r 0 5.2669404402
-909594700 -252680642
#r 0 3.5926270123
-909594700 -251680642
#r 0 3.6101706296
-955367958 -274850069
#r 0 0.4517493174
43912064 302995607
#r 0 4.0912619545
43912064 301995607
#r 0 4.1105547080
60990795 326861522
#r 0 4.1190241745
117420708 890129395
#r 0 5.5159910008
117420708 889129395
#r 0 5.7158524610
120478557 887180897
#r 0 3.8446634520
-468178342 -347725758
#r 0 1.7594385896
-468178342 -346725758
#r 0 1.9095209071
-468595089 -345542835
#r 0 3.0299486552
71200613 -222501511
#r 0 0.5850455195
71200613 -221501511
#r 0 5.3510043535
71698275 -222171858
#r 0 6.2187373300
-243623499 -789879633
#r 0 5.1087342803
-243623499 -788879633
#r 0 0.7876601120
-243918131 -789175601
#r 0 5.1326158239
-769324329 107708350
#r 0 6.0732315393
-769324329 106708350
#r 0 4.7000878125
-769312059 107705735
#r 0 6.0945843901
635566251 196520845
#r 0 3.2402790308
635566251 195520845
#r 0 2.2096398141
634874382 196452344
#r 0 4.0262645401
195202581 -473800941
#r 0 2.5425238946
195202581 -472800941
#r 0 3.1348223922
193723292 -472790926
#r 0 2.0556495406
308865562 -904406367
#r 0 2.2471956351
308865562 -903406367
#r 0 2.2482267168
-71672296 -430347820
#r 0 1.9336498485
710295145 -265660052
#r 0 3.7545888541
710295145 -264660052
#r 0 3.4146207215
712657161 -263998638
#r 0 1.8497257833
-659887626 -690524746
#r 0 3.1603913640
-659887626 -689524746
#r 0 3.1934393489
-690106158 -691092882
#r 0 3.1492635149
582191960 -738122481
#r 0 0.9126943351
582191960 -737122481
#r 0 2.3437904394
582623242 -737564597
#r 0 0.6575954428
619956929 619639294
#r 0 4.0239668847
619956929 618639294
#r 0 4.0337844459
660578125 669015552
#r 0 3.0475766507
279378978 182926265
#r 0 3.4773699760
279378978 181926265
#r 0 3.4572264360
234820088 167375530
#r 0 3.5274946590
-31041134 -356688329
#r 0 0.9577677697
-31041134 -355688329
#r 0 0.0111591765
-30332132 -355680417
#r 0 0.9680367383
531322273 778893238
#r 0 3.5119682770
531322273 777893238
#r 0 4.8863513768
531157760 778829358
#r 0 3.8249392894
-409016762 -551302065
#r 0 3.4049323704
-409016762 -550302065
#r 0 0.2777195765
-473590556 -568711211
#r 0 0.3407083246
-242530425 -410578653
#r 0 4.7708012035
-242530425 -409578653
#r 0 0.7959559733
-242585608 -409635014
#r 0 4.7539983548
280793211 -921368331
#r 0 2.0849118631
280793211 -920368331
#r 0 1.9335387916
281950391 -923417255
#r 0 1.9406663506
730390034 137322819
#r 0 2.2256525066
730390034 136322819
#r 0 3.3431235030
731053796 136458428
#r 0 4.0356631728
336241334 349827929
#r 0 0.6861588723
336241334 348827929
#r 0 4.4999653652
336503275 350042432
#r 0 6.1442772244
182629508 -60733374
#r 0 6.2637165069
182629508 -59733374
#r 0 6.2529383533
275351560 -62538789
#r 0 3.1209940659
-14583895 -391538609
#r 0 3.9986232114
-14583895 -390538609
#r 0 1.4920228961
-14670748 -391638889
#r 0 4.0152280443
-529968658 -541423045
#r 0 5.9357090431
-529968658 -540423045
#r 0 5.9047712960
-501723081 -551652777
#r 0 5.8963837918
-295721070 -115687762
#r 0 0.9669100281
-295721070 -114687762
#r 0 1.0278141646
-300541474 -122675299
#r 0 5.7812281529
-860392259 105310463
#r 0 4.6697567129
-860392259 104310463
#r 0 4.5401175412
-860448772 103985667
#r 0 6.2403259584
134282577 690186611
#r 0 3.7143786577
134282577 689186611
#r 0 5.3308264638
133794840 689872066
#r 0 5.7447798037
120775521 105317247
#r 0 2.9727174559
120775521 104317247
#r 0 0.5501028792
122051445 105099703
#r 0 4.1637532566
705482076 -427802156
#r 0 3.1035788995
705482076 -426802156
#r 0 6.2457595799
67711290 -820628312
#r 0 1.4929593338
67711290 -819628312
#r 0 2.1109288204
67780307 -819743415
#r 0 1.9744287853
433987350 508403551
#r 0 5.8493240324
433987350 507403551
#r 0 5.8684407334
477429687 488276596
#r 0 2.6771815844
-118050258 19266698
#r 0 1.7023934886
-118050258 18266698
#r 0 1.6744622430
-118536460 22939966
#r 0 0.9749133220
-797637337 -148047045
#r 0 2.3094527657
-797637337 -147047045
#r 0 0.6387810594
-798180581 -147450486
#r 0 6.0912659991
-297627869 -312378482
#r 0 4.9708851394
-297627869 -311378482
#r 0 6.2069150654
-297897734 -311357859
#r 0 5.9589886474
526708312 738674488
#r 0 3.2694473748
526708312 737674488
#r 0 5.1695841403
526245615 738615006
#r 0 4.4805252960
902408713 326691638
#r 0 3.6636297714
902408713 325691638
#r 0 4.0056596857
904086887 327657041
#r 0 2.6740634569
194389026 724215994
#r 0 6.2541007828
194389026 723215994
#r 0 6.0565399808
189426612 724360364
#r 0 6.2539967864
479784988 -770379991
#r 0 2.9918876090
479784988 -769379991
#r 0 1.9097375312
480157334 -770436153
#r 0 2.5101243594
-131810955 348029062
#r 0 4.7078817759
-131810955 347029062
#r 0 4.6898386061
-131816588 346779312
#r 0 0.6982785627
586522933 -217901995
#r 0 2.9263479109
586522933 -216901995
#r 0 2.3697931164
587848254 -218191752
#r 0 3.9039330958
-187748036 23994930
#r 0 3.9483565395
-187748036 22994930
#r 0 1.0430539371
-186259771 25548190
#r 0 4.7466554308
352205545 -810872443
#r 0 3.2650673977
352205545 -809872443
#r 0 2.3207950954
353040594 -810768808
#r 0 2.3420598341
-281264150 625950435
#r 0 5.7526570886
-281264150 624950435
#r 0 5.3883040652
-282778455 626838767
#r 0 4.5091149030
805993669 -555805939
#r 0 1.4947593298
805993669 -554805939
#r 0 3.8185580481
806074821 -554740720
#r 0 2.8895022337
109176579 830254230
#r 0 5.7375600052
109176579 829254230
#r 0 5.6687386168
99019783 836420443
#r 0 5.6645330646
454603456 -115132683
#r 0 3.9910545779
454603456 -114132683
#r 0 5.8788124798
455242411 -114406128
#r 0 5.9196641720
-841858840 456991149
#r 0 6.1472982883
-841858840 455991149
#r 0 6.2157257529
-827401197 455014361
#r 0 6.1520400868
-394302774 -111391377
#r 0 2.6984302328
-394302774 -110391377
#r 0 5.6799416758
-389635538 -113606679
#r 0 5.7690273717
-44928054 515757560
#r 0 3.6663968017
-44928054 514757560
#r 0 3.3872760785
-47974887 513993570
#r 0 3.2555973734
-121117037 -740886462
#r 0 2.9556362519
-121117037 -739886462
#r 0 2.9740700908
-173686498 -730996574
#r 0 2.9262419080
-104972969 -794518837
#r 0 2.4205589256
-104972969 -793518837
#r 0 2.4488806870
-125384117 -776579510
#r 0 3.7987145454
-228728329 -70115130
#r 0 1.5888795578
-228728329 -69115130
#r 0 5.2539418316
-228746975 -69084133
#r 0 1.1305571979
211817052 -353830981
#r 0 4.6757449744
211817052 -352830981
#r 0 4.6698622692
212081818 -346608862
#r 0 4.6554104988
714039536 -444378998
#r 0 2.7485410915
714039536 -443378998
#r 0 2.6490325218
722232593 -447776057
#r 0 2.8707436978
210279624 -719446913
#r 0 4.9879213222
210279624 -718446913
#r 0 1.0949737701
210097062 -718801187
#r 0 3.1855403727
-252990652 907596128
#r 0 4.1743382553
-252990652 906596128
#r 0 3.5127095490
-253767953 906293642
#r 0 4.2682425561
-111775591 385835601
#r 0 4.9406433829
-111775591 384835601
#r 0 2.9773161863
-111533984 384795550
#r 0 4.9626905183
-751715650 246572132
#r 0 1.8425664734
-751715650 245572132
#r 0 0.5601294840
-751478440 245720894
#r 0 1.8656171869
734240015 -107718197
#r 0 3.3256019918
734240015 -106718197
#r 0 2.3116375996
735021602 -107572732
#r 0 3.3300849663
451097033 876365304
#r 0 3.9596111650
451097033 875365304
#r 0 4.1694565700
452792673 878175342
#r 0 4.3185557860
-213751703 -188883800
#r 0 4.7562563870
-213751703 -187883800
#r 0 4.8861856593
-213810232 -187550430
#r 0 1.6966511693
-871609781 -439190600
#r 0 1.8729491374
-871609781 -438190600
#r 0 0.9084243438
-871832476 -438476139
#r 0 6.2342295867
873731973 -187795839
#r 0 3.2641678860
873731973 -186795839
#r 0 2.0804405558
874254863 -187731423
#r 0 4.3591887592
476321941 -514170025
#r 0 2.9063813221
476321941 -513170025
#r 0 2.0968164321
476996360 -514331647
#r 0 2.1292123579
648529161 -258031637
#r 0 2.6884486286
648529161 -257031637
#r 0 3.0887115870
646225057 -256909680
#r 0 3.4619358657
-947200162 54478327
#r 0 5.2715383410
-947200162 53478327
#r 0 0.1948651613
-946643187 53588257
#r 0 0.8282021358
-72923073 965837855
#r 0 5.5677562767
-72923073 964837855
#r 0 4.8804667133
-73122098 966010811
#r 0 4.7880071657
533900477 -572149686
#r 0 2.3074339139
533900477 -571149686
#r 0 5.7976931607
532161328 -570232091
#r 0 2.4429122503
-787439174 -505763987
#r 0 0.5748891672
-787439174 -504763987
#r 0 1.4719632242
-787545137 -505832639
#r 0 1.5088727486
-244124713 -774407860
#r 0 5.0470403660
-244124713 -773407860
#r 0 5.0301655169
-238043021 -791897540
#r 0 0.2195588124
912688030 366379819
#r 0 2.8160405271
912688030 365379819
#r 0 2.8378766994
65744808 676218049
#r 0 3.8746312909
65744808 675218049
#r 0 5.3094630361
65323101 675838342
#r 0 0.1113772064
-530446177 836542796
#r 0 4.9597303491
-530446177 835542796
#r 0 4.7903549584
-530559300 836990789
#r 0 3.7704715770
-415563059 -298865844
#r 0 0.0627920065
-415563059 -297865844
#r 0 4.5218808729
-415758273 -298878118
#r 0 4.5221761430
-886033412 -228132643
#r 0 3.8328498244
-886033412 -227132643
#r 0 1.4332802207
-886189698 -228261962
#r 0 3.7909487830
-277974413 -935647969
#r 0 1.1615950106
-277974413 -934647969
#r 0 1.3129179992
-278647534 -937200076
#r 0 0.9765684000
200104270 740576328
#r 0 6.1796193584
200104270 739576328
#r 0 4.3389558143
200480756 740537197
#r 0 5.8387674283
-138670661 -326693416
#r 0 0.3537327276
-138670661 -325693416
#r 0 1.1693119122
-139174134 -326879331
#r 0 0.3410963599
-420259027 -893966584
#r 0 2.5088797546
-420259027 -892966584
#r 0 0.5982074621
-420965847 -893448288
#r 0 1.0132552274
-798050443 -196980374
#r 0 6.1424624658
-798050443 -195980374
#r 0 5.8444861995
-794997317 -197412877
#r 0 2.1218066806
-402542994 -134498653
#r 0 2.5321791669
-402542994 -133498653
#r 0 4.1023444044
-403012766 -134170730
#r 0 1.3851066639
508744237 816338581
#r 0 3.7832717185
508744237 815338581
#r 0 4.9155326976
508565725 816205205
#r 0 3.7957544450
-397593185 913590386
#r 0 4.7574523458
-397593185 912590386
#r 0 4.9126151887
-397535209 912304713
#r 0 3.7451061857
-443314379 -868631678
#r 0 2.5196199792
-443314379 -867631678
#r 0 0.5038636465
-444102885 -868066405
#r 0 2.5357691711
-533147680 613971414
#r 0 4.8934565512
-533147680 612971414
#r 0 4.9607065851
-532489060 610373826
#r 0 5.4151318651
-770932227 -336799630
#r 0 1.6661324215
-770932227 -335799630
#r 0 1.6699162982
-773421733 -310765851
#r 0 4.8873015371
-313801222 -169811900
#r 0 2.6273882330
-313801222 -168811900
#r 0 0.1971599929
-315109016 -169073138
#r 0 5.6092556686
396351162 236536477
#r 0 1.5887259330
396351162 235536477
#r 0 5.5544265896
396369385 235520209
#r 0 5.0225173695
653214263 -656222690
#r 0 0.2035293131
653214263 -655222690
#r 0 0.1847247372
704412124 -645656116
#r 0 3.2894353579
-126037657 252119065
#r 0 3.7259031056
-126037657 251119065
#r 0 2.7437354572
-126962199 251507622
#r 0 4.0964388475
795662488 -210263076
#r 0 2.2763493173
795662488 -209263076
#r 0 3.4903250414
795012099 -209499553
#r 0 2.8039826546
-552602322 134431660
#r 0 2.5770502986
-552602322 133431660
#r 0 0.2577543462
-551487388 133725577
#r 0 3.3198208906
-25074801 475442830
#r 0 4.2978258813
-25074801 474442830
#r 0 5.3526680623
-25351449 474814181
#r 0 4.5547157394
-581753711 58339560
#r 0 2.8499679271
-581753711 57339560
#r 0 3.8803839483
-580927987 58091692
#r 0 2.0721579268
-123676106 -141587957
#r 0 2.1707105128
-123676106 -140587957
#r 0 0.4592146954
-124187239 -140840698
#r 0 2.2642984172
-770394741 -202777594
#r 0 3.4968924584
-770394741 -201777594
#r 0 4.6904575306
-770416856 -202785800
#r 0 1.5727581782
226219170 40973701
#r 0 2.3697047682
226219170 39973701
#r 0 4.1632905200
226602652 40600443
#r 0 4.9308115431
-730767039 -317649186
#r 0 0.6724280209
-730767039 -316649186
#r 0 6.1908250559
-729641974 -316753394
#r 0 3.0153003957
313987082 -595303530
#r 0 1.6896163779
313987082 -594303530
#r 0 3.2535761853
313869281 -594316777
#r 0 1.2717200557
422385780 609464897
#r 0 5.0875202669
422385780 608464897
#r 0 5.9473095348
422842318 608305518
#r 0 5.0931866246
-283682688 -708434606
#r 0 6.2348406837
-283682688 -707434606
#r 0 5.1515484654
-283202009 -708457862
#r 0 6.0580775811
-165174039 -771223105
#r 0 2.0029282044
-165174039 -770223105
#r 0 0.0431005930
-165626248 -770242608
#r 0 1.9407376652
-595802012 -385074130
#r 0 1.4104927218
-595802012 -384074130
#r 0 0.7401244386
-595612306 -383900868
#r 0 2.7441795350
277214466 -802769623
#r 0 3.7118684084
277214466 -801769623
#r 0 3.7829374679
267715856 -808861630
#r 0 3.7675754132
-49223034 10182434
#r 0 5.2712969877
-49223034 9182434
#r 0 5.5975623095
-47942456 8134916
#r 0 5.1436518792
606551053 -19018638
#r 0 2.0160244349
606551053 -18018638
#r 0 3.6913271970
606181827 -18244877
#r 0 2.0387159154
-355498144 909755308
#r 0 4.4507688255
-355498144 908755308
#r 0 6.0296595201
-355748530 908820183
#r 0 5.3068173817
47076853 -733059593
#r 0 0.3189115682
47076853 -732059593
#r 0 4.1272511183
46228798 -733339605
#r 0 0.2945441872
-374230082 240356462
#r 0 5.2828747378
-374230082 239356462
#r 0 4.7897302040
-374318223 240493827
#r 0 1.6157928914
57914385 673072022
#r 0 4.3600116190
57914385 672072022
#r 0 4.3374386857
52314473 657843490
#r 0 5.9576253101
-434227853 -134865342
#r 0 1.6698625094
-434227853 -133865342
#r 0 5.4044362278
-434340788 -133729076
#r 0 0.2046807849
-803935016 3201268
#r 0 4.0144612195
-803935016 2201268
#r 0 3.9793424387
-816181929 -11400081
#r 0 3.9934120794
612533705 664406426
#r 0 4.9717865597
612533705 663406426
#r 0 4.3255134413
612694405 663800872
#r 0 4.3046034118
-128789750 -864403732
#r 0 2.9475131598
-128789750 -863403732
#r 0 2.9506591546
-435019084 -804213265
#r 0 6.0783013720
49745228 181238661
#r 0 2.1432832860
49745228 180238661
#r 0 2.1528901664
80747021 133135298
#r 0 4.8345174334
582907428 511612935
#r 0 1.8370911673
582907428 510612935
#r 0 3.3077998521
583168266 510656692
#r 0 4.6332943048
616180789 -199370439
#r 0 1.7665905445
616180789 -198370439
#r 0 2.5575883559
615952534 -198219584
#r 0 3.4400423695
144982153 -279834439
#r 0 1.8331364655
144982153 -278834439
#r 0 3.4269192516
144733231 -278907455
#r 0 1.8618071399
-152837913 140842892
#r 0 0.4399897590
-152837913 139842892
#r 0 0.4713757655
-127150680 152935620
#r 0 0.9182801236
549838263 -730153584
#r 0 0.5271128376
549838263 -729153584
#r 0 2.5972911410
550680484 -729663373
#r 0 0.5326529912
-591139324 -247371007
#r 0 4.9558926180
-591139324 -246371007
#r 0 5.0868758172
-591814582 -244652942
#r 0 4.9526858740
-753947354 98952221
#r 0 0.1397842865
-753947354 97952221
#r 0 0.1607446152
-707309165 105514303
#r 0 3.2808294583
-98352464 -743450637
#r 0 0.1226589670
-98352464 -742450637
#r 0 2.9916685068
-94707292 -743001268
#r 0 2.9959067734
611104978 -524723090
#r 0 1.6733961758
611104978 -523723090
#r 0 2.8647184122
610998913 -523692949
#r 0 3.1572962775
-276948858 -364114257
#r 0 0.4511311735
-276948858 -363114257
#r 0 4.8388745920
-276829073 -364056227
#r 0 5.0789699802
-558362802 302376104
#r 0 0.2700054720
-558362802 301376104
#r 0 3.4092413531
-952739295 193226878
#r 0 0.0335877313
-267275647 10250653
#r 0 0.3486600816
-267275647 9250653
#r 0 1.9672487957
-267638976 10118579
#r 0 2.1824602066
425647155 -827346206
#r 0 0.5889843464
425647155 -826346206
#r 0 1.6561497514
425728090 -827292135
#r 0 1.4433866162
112162654 -453062467
#r 0 1.4810477648
112162654 -452062467
#r 0 3.9987097363
112263081 -451946494
#r 0 0.4734972892
