701687785 -541700890
#r 0 2.4609008565
507403401 -384368191
#r 0 2.5830615686
295394785 -251882921
#r 0 4.3247655523
200897477 -483335419
#r 0 1.1880942103
247576036 -367378047
#r 0 4.2246800214
218288337 -422591094
#r 0 1.3469606405
225300938 -391786839
#r 0 4.8676384635
232626009 -438589735
#r 0 1.8130841607
226943085 -415595251
#r 0 1.6823410925
225614837 -403736919
#r 1 225421213 -403877603
-499127383 633119407
#r 0 1.9792727196
-578227949 815875258
#r 0 0.0702798038
-328845101 833430749
#r 0 2.8999423987
-488231502 872714156
#r 0 6.1817954388
-406574990 864406526
#r 0 5.8870396816
-367977787 848262967
#r 0 5.6177753655
-351517133 835344480
#r 0 2.4900046712
-359835950 841689351
#r 0 1.9029717302
-361542158 846635494
#r 0 5.0822705544
-360596433 844196341
#r 1 -360571540 844454836
-483608482 -622730427
#r 0 1.4415724967
-451392361 -374814874
#r 0 4.7956058234
-430612154 -623949743
#r 0 2.7554440728
-662203769 -529793895
#r 0 5.2549720719
-533116316 -743888335
#r 0 1.2928871700
-464529909 -503480547
#r 0 1.8817056289
-541011026 -265466601
#r 0 2.5834451603
-753070447 -133062666
#r 0 1.7896704677
-807353137 110972966
#r 0 3.6729322933
-999997474 -2247571
#r 0 0.5645484904
-905608031 57529645
#r 0 0.5761476746
-858711531 87997193
#r 0 4.8224652576
-855621148 60035752
#r 0 1.5250772712
-854017561 95086124
#r 0 4.4483951053
-860448985 71292704
#r 0 0.8613317001
-838859066 96438249
#r 0 3.9991508380
-849701392 83906302
#r 0 3.9699062986
-855303536 77801437
#r 0 3.8539273074
-858443257 75089986
#r 0 0.7161198371
-856878540 76451644
#r 1 -856957054 76064922
-400050622 -282770132
#r 0 1.6655031864
-423691958 -33890468
#r 0 5.1535125188
-316953028 -259958601
#r 0 1.8321706890
-381555148 -18449665
#r 0 4.4303899827
-451124209 -258574936
#r 0 0.2310139950
-207765527 -201333761
#r 0 3.5049181111
-324605549 -245756832
#r 0 5.2624038640
-291370634 -299962544
#r 0 4.7711152139
-286527691 -382334144
#r 0 2.4436703018
-365418418 -316165103
#r 0 0.7727783588
-328453589 -280121673
#r 0 1.2513950978
-308899582 -220997004
#r 0 4.4647841846
-316530750 -251184529
#r 0 3.5614926405
-330819934 -257563972
#r 0 0.3451837688
-323457173 -254916470
#r 0 0.6029682613
-320216981 -252685588
#r 1 -319529426 -252635983
301295572 728310821
#r 0 1.5818288643
298802070 954315106
#r 0 4.3703045387
214939199 718800735
#r 0 5.8406494991
440856363 611742643
#r 0 0.8964010542
594581528 804035325
#r 0 5.0931648265
687491743 571941180
#r 0 5.3739458094
841078241 374681991
#r 0 2.9519151697
595561967 421817534
#r 0 4.2606623239
486432055 196893853
#r 0 4.4994950209
433609704 -47462033
#r 0 1.2142702738
520864919 186816706
#r 0 3.8117437632
324932964 31540600
#r 0 5.5180258485
505250943 -141622405
#r 0 4.5645929816
468436313 -388896914
#r 0 0.8795996394
627801230 -196275982
#r 0 3.9292837079
539615779 -284866762
#r 0 2.2801782706
498563264 -237045343
#r 0 3.2337153442
421485847 -244166077
#r 0 5.1978147960
456982636 -311455142
#r 0 5.1750177165
474451834 -346482714
#r 0 5.3393786531
487018762 -363828031
#r 0 5.1123298971
493093826 -378199275
#r 0 1.9711663310
490053211 -371014958
#r 0 1.9522557930
488601101 -367394693
#r 0 5.0648657544
489274396 -369225105
#r 1 489311612 -369295131
538670319 187274473
#r 0 3.5732652214
311603511 82676842
#r 0 2.7211392600
83377518 184720442
#r 0 5.0455317517
165131172 -51534378
#r 0 2.3925657655
-17956786 118697228
#r 0 4.9471925883
40206211 -124442785
#r 0 1.4810210831
62619886 124550442
#r 0 1.2064653194
151700959 358141029
#r 0 0.4616365231
375532151 469494510
#r 0 1.7127689158
340158118 716979212
#r 0 2.8800308191
98661297 781626607
#r 0 1.5225021611
108928073 994049634
#r 0 3.6913522579
-104234464 863429066
#r 0 4.4629490961
-165949768 621166355
#r 0 5.9647278126
71480109 542890858
#r 0 0.2831209940
311527173 612729295
#r 0 2.0929932298
186830810 829410667
#r 0 4.0633385682
35723265 630246138
#r 0 0.4481828378
261032270 738578278
#r 0 4.4125992368
187202436 499728627
#r 0 4.4877445804
131512508 256010281
#r 0 4.4040390998
55640819 17801367
#r 0 1.9341120363
-33203044 251482278
#r 0 0.8644339834
129064657 441664278
#r 0 0.0460740849
378799351 453178724
#r 0 0.5014334539
598022958 573349479
#r 0 1.1129572078
677799520 735246768
#r 0 3.0405587962
429074415 760462282
#r 0 2.5538882029
221020504 899075305
#r 0 4.9205806929
272693254 654473737
#r 0 1.6893868023
257904166 778595785
#r 0 4.6305249364
252752536 715807327
#r 0 4.5306938492
235948177 624340766
#r 0 0.0863282118
373005764 636202183
#r 0 2.6054655177
242483890 713755324
#r 0 5.5965151838
314622556 654619414
#r 0 6.0390050610
441621712 622977339
#r 0 0.6884395174
578078102 735242198
#r 0 0.5999267988
633892686 773421012
#r 0 3.7745465643
606630966 753420486
#r 0 0.7392488602
619123916 764810472
#r 0 3.7716207436
612293887 759830303
#r 0 4.3015938818
610586109 755909576
#r 0 1.2572666787
611245587 757943596
#r 1 611527398 758102414
-356518068 -65592954
#r 0 3.9396475892
-531043242 -244592853
#r 0 5.0293186038
-453130599 -482142048
#r 0 4.1595791344
-584400755 -694905170
#r 0 1.3421962854
-527747203 -451409020
#r 0 1.1564327146
-427095333 -222565840
#r 0 1.4078411311
-386536594 24122199
#r 0 6.0720266779
-142089411 -28276035
#r 0 3.8634361287
-329736634 -193468406
#r 0 2.2985302923
-496031467 -6797497
#r 0 5.7241964793
-284083517 -139379798
#r 0 0.8338155207
-116069702 45745451
#r 0 0.3127240429
121805059 122658376
#r 0 2.1290438415
-10620086 334704552
#r 0 2.5651238299
-220218236 470971259
#r 0 5.6176360631
-121896018 393784853
#r 0 0.0922732029
-59170323 399589237
#r 0 5.3036135437
-36585935 365948007
#r 0 2.6203123604
-54200512 376063409
#r 0 2.5688426734
-79447250 392343899
#r 0 1.7629339302
-88018818 436405179
#r 0 3.2108960917
-151766870 431980133
#r 0 2.6896214709
-228870733 469413174
#r 0 5.9757926639
-106643965 430611675
#r 0 2.8191762193
-167458990 450928355
#r 0 2.8517991976
-198188594 460091550
#r 0 2.7615594497
-213078095 466039180
#r 0 5.6671764384
-206487748 461373868
#r 0 2.5886597343
-209923406 463494177
#r 0 5.6785707024
-208262637 462346697
#r 1 -207971316 462555053
-276446552 932869643
#r 0 5.7754996522
-57978557 811330616
#r 0 2.8231126452
-295406672 889611458
#r 0 6.1068842231
-49281878 845764158
#r 0 5.7859053308
170438963 726504977
#r 0 6.1066403800
416553058 682597662
#r 0 6.0651118985
660632077 628510396
#r 0 3.8399901033
469163678 467762605
#r 0 3.8815115514
284532867 299205601
#r 0 0.2846238456
524474703 369404714
#r 0 1.7569615717
478201761 615085024
#r 0 1.8335560975
413265115 856504228
#r 0 2.9612480886
167319628 901346368
#r 0 0.0937370239
387156939 922013831
#r 0 3.2388641309
277275494 911291662
#r 0 3.7002672767
230466191 882030946
#r 0 6.1186439679
263037566 876622713
#r 0 6.1649126607
312121951 870790151
#r 0 3.0512042130
287507992 873021047
#r 0 3.1162150704
275144944 873334859
#r 0 0.7304570997
279817457 877520221
#r 0 4.0913999807
274928875 870686896
#r 0 1.2637759815
276937199 877021398
#r 0 4.4520488305
276081925 873810740
#r 1 276144456 874040402
-550539604 -271667289
#r 0 5.8542440919
-323187950 -375644331
#r 0 0.2323982408
-79908737 -318066343
#r 0 5.8998810188
151949748 -411563097
#r 0 2.7677340029
35584115 -365911815
#r 0 1.6205473567
32475681 -303483580
#r 0 5.0985303431
53816023 -355974706
#r 0 4.9424490212
69663849 -423640689
#r 0 1.8059102602
61569050 -389848177
#r 0 2.0049187023
54261000 -374085159
#r 0 5.7395207668
62012972 -378770621
#r 0 2.5594823412
58229896 -376280643
#r 1 57401388 -376419474
-618319202 -169265767
#r 0 2.4865525793
-816575081 -16968011
#r 0 5.6327705679
-717095989 -92657576
#r 0 2.6548323188
-772337977 -63421641
#r 0 5.7455812496
-745495589 -79424467
#r 0 2.6780664238
-759472160 -72438302
#r 0 2.8356684475
-766962828 -70072454
#r 0 0.2653019845
-762836746 -68951370
#r 0 3.4847097759
-764849969 -69670590
#r 1 -764800329 -69457432
755102565 -188650360
#r 0 1.7000371736
722882226 59264645
#r 0 3.2317099955
473896681 36765791
#r 0 5.6158645504
670267337 -117955137
#r 0 1.4353738787
704019563 129755959
#r 0 0.9148639743
856494158 327875867
#r 0 2.0805645744
734500415 546090272
#r 0 2.2449903807
578433438 741392855
#r 0 5.3135079697
649129146 638304946
#r 0 4.0502865672
610501078 588748693
#r 0 6.0554493243
674374120 573945701
#r 0 2.8707749345
642786003 582715784
#r 0 2.9493255303
626666722 585853754
#r 0 3.0680928268
618477487 586456748
#r 0 2.6188116406
614882149 588528599
#r 0 5.3660168690
616215829 586787377
#r 0 2.1383206638
615626330 587712109
#r 1 615701664 587677282
380790345 -501424583
#r 0 1.0255542604
510446613 -287674139
#r 0 0.4301181379
737675737 -183429593
#r 0 3.5644562609
623686045 -234726281
#r 0 2.5974582201
570209750 -202369720
#r 0 6.2662259041
622280270 -203252890
#r 0 0.5344097240
682571916 -167568919
#r 0 3.1405601267
577628674 -167460562
#r 0 0.2331965149
644621171 -151548661
#r 0 0.3542461327
734255172 -118397714
#r 0 5.4411901849
827696578 -223063364
#r 0 2.5087937233
697159565 -127326165
#r 0 6.2456893129
820131183 -131939270
#r 0 2.3319568025
700582310 -6450077
#r 0 5.4939613569
761624942 -67961577
#r 0 4.7890398724
764944336 -111182092
#r 0 3.5668470602
738089363 -123344433
#r 0 6.2531178522
779316118 -124584390
#r 0 3.0775650358
758735677 -123264870
#r 0 3.2814376523
748513223 -124703822
#r 0 3.0256409874
743292454 -124095737
#r 0 2.8437400377
740779665 -123324349
#r 1 741103557 -123496750
-579009961 358478730
#r 0 1.9190264710
-664318640 593473260
#r 0 4.8073402429
-640616477 344599381
#r 0 1.2328029881
-557717819 580454872
#r 0 1.1001488874
-444351962 803273593
#r 0 5.5760364234
-254297651 640856356
#r 0 4.5513106918
-294393308 394092626
#r 0 4.5483606164
-335216762 147448255
#r 0 6.1006954458
-89368041 102078592
#r 0 5.8147208863
133697629 -10800578
#r 0 5.4341049121
298866066 -198468869
#r 0 2.2866156889
216836580 -104149394
#r 0 2.4778597796
167603741 -65644211
#r 0 2.4160252491
143484898 -44251607
#r 0 1.6416313662
142251508 -26868592
#r 0 0.0530115628
151340231 -26386333
#r 0 2.5710150716
141434320 -20028881
#r 0 1.7907324479
140120698 -14152753
#r 0 0.9439455709
142245704 -11218887
#r 0 2.6867029248
138401701 -9338785
#r 0 5.1794085904
139510602 -11538016
#r 0 1.8105184701
138814976 -8692015
#r 0 0.2078765924
141522764 -8120879
#r 0 1.3922417132
142257281 -4051006
#r 0 2.6066215016
137568454 -1272340
#r 0 0.1595695168
142645367 -455273
#r 0 6.1281663270
149402351 -1511206
#r 0 2.6277514584
141457300 2973081
#r 0 2.6113554241
134638167 6970700
#r 0 1.7595501322
132968577 15710734
#r 0 2.8127053253
120418651 19993799
#r 0 2.8114213529
104556615 25429977
#r 0 2.7072681658
83467215 35212623
#r 0 3.0949223525
49444394 36801632
#r 0 2.0058984278
29049814 80678796
#r 0 5.1100571758
38418905 58373949
#r 0 5.2267056631
44377913 47827775
#r 0 5.2766930966
47622836 42701204
#r 0 2.0907072949
46115728 45333966
#r 1 46051757 45799060
299350043 -849072587
#r 0 2.8683206354
58626796 -781601717
#r 0 3.7661117862
-144184299 -927778527
#r 0 2.7623222801
-376418054 -835217829
#r 0 5.9649977594
-257692556 -874323529
#r 0 5.7641460108
-203222005 -905441840
#r 0 2.6797454639
-231302126 -891464918
#r 0 2.0011883538
-237866933 -877165484
#r 0 4.9181786046
-235820642 -886968325
#r 0 5.7534633100
-224919874 -893351201
#r 0 2.6467083869
-230478111 -890351541
#r 0 2.5658470986
-233130215 -888630048
#r 1 -232477735 -888849216
547958642 -796389549
#r 0 0.8307755962
716534447 -611775904
#r 0 1.1349530114
822078204 -385147320
#r 0 2.3704260139
642803693 -210904243
#r 0 3.5085765995
409450254 -300604703
#r 0 1.8456260774
341604484 -59986849
#r 0 1.6077376505
332371253 189842588
#r 0 6.1408200995
579842048 154371391
#r 0 0.7905860793
755699266 332062806
#r 0 0.8612133081
879394171 476094415
#r 0 5.1556434446
924794656 380466613
#r 0 4.7914561397
944540857 131247658
#r 0 2.3124432883
775665051 315586916
#r 0 4.2995470283
675361519 86590843
#r 0 1.4036616584
716950927 333107214
#r 0 0.7394194974
877516250 479546901
#r 0 3.4582275049
639944099 401704284
#r 0 6.1244490965
886801059 362186676
#r 0 2.8552988010
766888925 397486536
#r 0 1.2564582208
786524604 457882187
#r 0 1.6120169714
783290172 536304051
#r 0 5.5964843967
859323078 473971911
#r 0 3.1129656048
743882576 477277535
#r 0 5.6488634422
795637827 439198345
#r 0 5.0554435298
822571389 363791658
#r 0 1.7146095729
809205476 456089414
#r 0 2.0311520113
769713709 535727277
#r 0 3.2518318256
677003025 525465324
#r 0 1.6682385826
670718679 589754100
#r 0 2.1133288556
621527234 671348546
#r 0 5.2229224298
644805114 629785302
#r 0 2.0416797153
633999098 651011954
#r 0 2.1656112505
627315087 660891482
#r 0 5.4116548391
631153904 656327082
#r 0 5.2811205826
632777334 653787220
#r 1 632717636 652804333
120566706 -818818612
#r 0 0.8526961550
285055501 -630554340
#r 0 3.0368686443
36425138 -604421166
#r 0 2.2644041141
-123403743 -412185039
#r 0 0.8706403934
37680493 -220999608
#r 0 0.7159252559
226302069 -56920660
#r 0 0.5976168309
432971796 83747829
#r 0 1.1653257204
531584609 313477046
#r 0 4.7232351774
534296105 63491751
#r 0 5.5267964114
716125867 -108083124
#r 0 2.7280199606
487203151 -7612282
#r 0 2.9132843973
243690481 48970219
#r 0 1.8643521144
171351051 288275478
#r 0 4.2010904720
49023526 70248011
#r 0 5.2006538580
166297082 -150539020
#r 0 0.7626376890
347051165 22168715
#r 0 3.9297509712
258907119 -66463261
#r 0 0.8458528905
300350438 -19679703
#r 0 0.5207930278
327547520 -4079040
#r 0 0.8212250985
338687426 7889112
#r 0 1.1668143918
341939929 15497398
#r 0 0.8789128742
344620833 18733221
#r 1 344335757 18788710
137093106 -178832048
#r 0 2.9304450123
-107354652 -126436500
#r 0 0.0880013475
141677943 -104464548
#r 0 6.2621776328
391622780 -109716080
#r 0 2.2681397715
231076887 81921642
#r 0 4.0206333134
71604324 -110610178
#r 0 1.3580044284
124401736 133751098
#r 0 5.6128051042
320298113 -21569890
#r 0 5.3435628323
467821327 -223403736
#r 0 5.7250226143
679878735 -355810895
#r 0 0.7351000169
865319655 -188145558
#r 0 5.7978352785
969944149 -243327653
#r 0 2.5800790977
919882958 -211836159
#r 0 2.7406578297
892499399 -200228389
#r 0 5.9220359764
906411192 -205483090
#r 0 2.5718759032
900140153 -201466057
#r 0 5.0470878730
903802859 -211997624
#r 0 1.8323639357
902361152 -206612106
#r 0 1.8721256672
901529417 -203935938
#r 0 2.1186395280
900791431 -202726406
#r 1 900464882 -202617557
-671832205 450572368
#r 0 0.8249332386
-502180704 634197988
#r 0 1.8558501895
-559261737 828991138
#r 0 5.3503073125
-410380624 628156843
#r 0 2.8286677083
-648239928 705117556
#r 0 4.6112865767
-673472491 456394180
#r 0 2.2484161937
-794686265 607020378
#r 0 4.6603059428
-807701138 357359382
#r 0 3.3721692104
-945728729 324957183
#r 0 4.9836943232
-878731414 84101708
#r 0 0.0534596743
-629088571 97460261
#r 0 1.9346197197
-718051059 331096037
#r 0 1.7978559958
-774329469 574679166
#r 0 6.2204257117
-524821653 558999565
#r 0 2.9213286300
-768781602 613621384
#r 0 3.7346739079
-810832992 585277591
#r 0 0.4559942464
-788067851 596443200
#r 0 3.7380231224
-798556906 589322083
#r 0 0.8445938223
-794265521 594154169
#r 0 4.6122698427
-795204850 584803429
#r 0 1.2736092674
-792915589 592278400
#r 0 2.6782415055
-801519708 596577271
#r 0 5.7217297942
-797448866 594016797
#r 0 5.9105169319
-795187915 593132910
#r 1 -794490685 593022238
-468532303 -84888903
#r 0 2.4390478069
-659332372 76651598
#r 0 1.3673663843
-608824940 321496445
#r 0 3.1429774119
-858824700 321150256
#r 0 4.4292182258
-928675081 81106668
#r 0 1.1359879804
-823365934 307844366
#r 0 4.3018166270
-873257706 193232800
#r 0 1.4311360091
-864552176 255160600
#r 0 4.5489457152
-869640054 224308969
#r 0 5.0770144587
-864061764 209694367
#r 0 2.0287933778
-867520063 216709789
#r 0 2.2165844031
-869894079 219860109
#r 0 5.5822996336
-868191242 218423249
#r 1 -868891688 218938400
242220329 -192797614
#r 0 0.7536943736
424511742 -21713305
#r 0 1.2741308818
497594979 217365846
#r 0 1.5946906641
491621963 467294482
#r 0 1.3553641397
545064374 711515506
#r 0 3.7895443654
345733943 560626874
#r 0 2.1535744391
208147541 769361112
#r 0 5.3572905642
283287515 669466246
#r 0 2.2384287229
244591986 718546852
#r 0 5.3670639859
263620156 693757920
#r 0 2.2088112663
254313874 706309164
#r 0 2.8528924626
246822619 708534050
#r 0 5.9096188131
250460470 707108115
#r 1 251021458 707219547
474168597 127670696
#r 0 1.1792786743
569566514 358753446
#r 0 2.0517643168
453907124 580390323
#r 0 1.1530396925
555334883 808890672
#r 0 2.5977426277
341404160 938249265
#r 0 3.4578080779
103799380 860506299
#r 0 3.0288354470
-144613030 888635905
#r 0 3.7179258945
-354229653 752397617
#r 0 3.5942010315
-579057024 643069427
#r 0 0.1990192097
-333991784 692496426
#r 0 0.8750332648
-173748953 884387632
#r 0 4.7413181047
-166517681 634492236
#r 0 5.3410973715
-19492528 432295291
#r 0 5.6779495530
186099469 290056299
#r 0 4.2804247702
81435620 63020005
#r 0 1.4463350735
112470663 311086178
#r 0 0.4000237579
342733598 408446234
#r 0 1.0254652768
472408886 622185139
#r 0 1.6315807965
457222124 871723437
#r 0 4.6389153917
448046187 747060684
#r 0 4.8210603568
454945711 683821004
#r 0 5.0675611248
466084551 653789158
#r 0 5.0771855837
471833833 638734306
#r 0 2.0270087066
468284028 645967879
#r 0 4.9287594456
469156154 642000270
#r 0 1.3219414985
470656390 647903866
#r 0 4.3895970371
469690273 645015545
#r 0 4.5554547329
469450975 643503254
#r 1 469447168 643676362
595496296 -707793242
#r 0 4.0963088873
472710303 -881217889
#r 0 1.0208322057
528240270 -790638920
#r 0 0.8277842936
564335027 -751346894
#r 0 0.9091276403
580787487 -730221013
#r 0 1.3594275680
583600965 -717109079
#r 0 4.5581301028
582570727 -723734652
#r 1 582507675 -723785452
677928845 -196320030
#r 0 1.0557233407
801078437 21244163
#r 0 1.3651982076
852116617 265978926
#r 0 0.7805648749
936804826 349852422
#r 0 3.5029116356
702946984 261475333
#r 0 0.8356987979
870611860 446916670
#r 0 2.1006921023
744251007 662631609
#r 0 4.9569952413
804794588 420073421
#r 0 4.9979435515
875216990 180197025
#r 0 1.8877054764
836263100 298972420
#r 0 3.4936528245
777538939 277399223
#r 0 1.1777636648
805354518 344488662
#r 0 1.1744421140
819944960 379352129
#r 0 1.2135484126
827541840 399704690
#r 0 4.2585642508
822779835 389942102
#r 0 4.4977363397
821612248 384586474
#r 0 4.8841051062
822081592 381880135
#r 1 821560021 382138943
134234208 -184258840
#r 0 5.3848452310
289961552 -379832341
#r 0 0.8719968933
450786297 -188428575
#r 0 5.3106234971
591582416 -395011374
#r 0 2.0479771737
534172820 -283974722
#r 0 1.7840942111
520750315 -222003512
#r 0 0.6979500823
550478554 -197067757
#r 0 4.4442314510
537222062 -245312558
#r 0 2.5077304843
495535059 -214670660
#r 0 2.2713993269
478813446 -194842339
#r 0 5.2629651667
486334566 -207093751
#r 0 5.3181947982
497765928 -223596508
#r 0 5.3825303844
515990302 -246593018
#r 0 5.8873271694
556299997 -263439225
#r 0 3.6792901618
500704289 -296591175
#r 0 0.3445042470
556767447 -276474993
#r 0 3.2626526023
488380114 -284794643
#r 0 0.3952283991
536112683 -264881572
#r 0 4.3953174768
518252488 -319309750
#r 0 1.1477460055
530011205 -293192976
#r 0 1.2695323224
534308030 -279364447
#r 0 2.9689281728
527119101 -278110690
#r 0 6.1710106420
530744888 -278519126
#r 0 6.1613412736
532562333 -278741673
#r 1 532855884 -278978270
-222667336 -46611794
#r 0 4.2188781085
-341097521 -266780573
#r 0 1.8407955278
-407780188 -25837796
#r 0 4.7229609993
-405137233 -275823825
#r 0 5.4869444637
-230287624 -454506825
#r 0 2.3189517846
-315323620 -362888708
#r 0 5.8952278712
-257428083 -386548832
#r 0 1.8308072666
-281157893 -297350172
#r 0 4.5645135646
-290427918 -359580644
#r 0 3.8937789041
-342284021 -408101800
#r 0 0.5646752007
-280425733 -368915713
#r 0 3.0100985809
-357566354 -358713308
#r 0 6.2140069523
-318753229 -361402628
#r 0 5.8798427472
-300791844 -369067449
#r 0 2.7526008776
-309826608 -365364309
#r 0 5.9674664611
-305185799 -366880205
#r 0 6.0163782177
-302818510 -367527241
#r 0 5.3620398719
-302048610 -368540729
#r 1 -301915457 -368713714
219528894 970092025
#r 0 5.2773383862
353372165 758938103
#r 0 2.0571603575
294945334 869442878
#r 0 2.2206836571
256894071 919508574
#r 0 5.5238063167
279699094 897860447
#r 0 2.4346979523
267744452 908071428
#r 0 4.8537510043
268855039 900267495
#r 0 1.7591849544
268116931 904139043
#r 0 1.5836664419
268091513 906113872
#r 1 268223346 906324146
-384209398 -106897359
#r 0 3.0696974832
-633563562 -88939047
#r 0 2.2422089606
-789086717 106796868
#r 0 0.1511725907
-541937925 144446231
#r 0 4.6716393359
-552122517 -105346231
#r 0 1.9218551163
-638095570 129406051
#r 0 2.7453041440
-868720562 225905341
#r 0 2.2942744341
-948632236 316380907
#r 0 5.6525588618
-746717665 168968200
#r 0 2.4574112848
-843584754 247973054
#r 0 2.6561521041
-899022380 277218935
#r 0 2.4472215684
-923307294 297441258
#r 0 2.5572814749
-936495866 306163489
#r 0 2.2647629971
-941569313 312261186
#r 0 5.2741098420
-939456763 308904465
#r 1 -939696306 309605826
615373946 -411111791
#r 0 2.8737589460
374287333 -344951040
#r 0 1.4016648480
416368904 -98518207
#r 0 4.3330425030
323790532 -330744918
#r 0 4.7933123729
343999307 -579926790
#r 0 4.1327348087
207065649 -789089821
#r 0 4.3975629834
141665672 -989914560
#r 0 1.2254386627
177415701 -890547219
#r 0 1.4091872913
185919697 -838385329
#r 0 1.0156709073
200055049 -815592975
#r 0 4.2564391524
194150474 -827632945
#r 0 1.2701554825
196155442 -821166109
#r 0 0.7281535924
203631345 -814500610
#r 0 3.8942801246
199976276 -817924053
#r 0 3.9463479130
198239259 -819729653
#r 1 197442140 -820234286
326662212 790338362
#r 0 2.5033680598
125873523 939280976
#r 0 2.5475332053
36992830 999315531
#r 0 5.9283548200
271419179 912457677
#r 0 2.7182783894
157452617 963805730
#r 0 2.8330770484
97625007 982872285
#r 0 3.3062671193
66638795 977723017
#r 0 0.0949506601
82273624 979212032
#r 0 3.3983614719
74641466 977208097
#r 0 2.6684700060
64106006 982601204
#r 0 5.8202393099
69400904 979958397
#r 0 5.7704449262
71979567 978506708
#r 1 72586238 978248800
340630368 -61653550
#r 0 3.0597450460
91467279 -41214486
#r 0 1.5022018482
108602454 208197594
#r 0 4.1528110416
-24104685 -3672213
#r 0 2.1798929092
-167136370 201369092
#r 0 6.2091127778
82178101 182867889
#r 0 5.1963882207
198508796 -38417378
#r 0 0.6133104661
402945564 105477055
#r 0 0.6773667655
597752009 262162884
#r 0 3.8199793814
500428744 183720663
#r 0 3.9496142823
457245575 138538011
#r 0 0.6095267411
483307905 156735111
#r 0 2.6006421677
442453736 181277124
#r 0 5.6104338105
461091000 166428024
#r 0 6.0587503778
472906687 163730730
#r 0 5.7837581437
478408617 160729103
#r 0 5.6740024035
481000591 158920674
#r 1 480322859 159019656
-936931568 -253662529
#r 0 1.3778244775
-888987462 -8302869
#r 0 5.3750329997
-735186597 -205394964
#r 0 0.1948607408
-489917936 -156987486
#r 0 0.3730197284
-257110157 -65880197
#r 0 3.4073142207
-377723065 -98705894
#r 0 3.3855219111
-439066463 -113973364
#r 0 0.0363427193
-405786475 -112763346
#r 0 0.6003807852
-366573978 -85914708
#r 0 3.9303730340
-416733711 -136414896
#r 0 1.0814678268
-398867557 -102865066
#r 0 5.4867627428
-361833699 -140724613
#r 0 2.2574578449
-378621199 -120245531
#r 0 2.3245118719
-387751574 -110517472
#r 0 2.6990894026
-393849329 -107628099
#r 0 2.5097824292
-396640904 -105584970
#r 1 -396566658 -105586319
-55698254 -527054964
#r 0 4.8204143703
-28744401 -775597696
#r 0 4.6349865266
-46066125 -998938392
#r 0 1.5993421619
-49262987 -886978323
#r 0 1.7200526509
-57683640 -830980496
#r 0 4.9099816503
-52125393 -858743275
#r 0 4.8816055910
-49735672 -872730485
#r 0 1.5811397166
-49809397 -865603028
#r 1 -50769103 -865533139
-176767589 -188188183
#r 0 2.1364000025
-310748983 22878124
#r 0 2.7024213225
-537025062 129175519
#r 0 3.2389127029
-785842097 104883894
#r 0 1.4605586605
-758338465 353366389
#r 0 1.2040701765
-668698165 586742944
#r 0 5.1596100221
-560582777 361329850
#r 0 5.0596666455
-475497964 126254172
#r 0 2.8419842275
-714360997 200040697
#r 0 5.2515087041
-586015804 -14499536
#r 0 2.0459038693
-643195064 96655906
#r 0 1.8836837467
-662511651 156364537
#r 0 5.1772269587
-647316480 126064419
#r 0 1.7949593502
-658412900 174734057
#r 0 4.9066044201
-653595838 150244020
#r 0 5.0935527024
-648949237 138649626
#r 0 4.7719775515
-648571351 132315549
#r 0 1.4973432575
-648338518 135479663
#r 0 4.6319570591
-648465972 133898457
#r 1 -648505601 134148515
133207554 429148051
#r 0 2.0721338667
13057826 648383183
#r 0 3.1576769799
-236909837 644362275
#r 0 3.1372743117
-486907506 645441857
#r 0 2.7277785534
-682168298 731195195
#r 0 4.4410658407
-749169900 490340913
#r 0 6.2148236794
-499753837 473263814
#r 0 1.5027940179
-482766359 722685997
#r 0 3.8982376302
-664552178 551064564
#r 0 1.3425504893
-608163506 793811784
#r 0 3.8928495932
-750467306 660907574
#r 0 5.4234252877
-587312477 471486082
#r 0 2.3602906856
-676062137 559511632
#r 0 2.2003029227
-713084461 610341387
#r 0 3.4539107086
-743005490 600680326
#r 0 0.2469125859
-727761246 604522726
#r 0 0.3747683422
-720415092 607412402
#r 0 0.4457508247
-716853711 609114119
#r 0 0.2474874945
-714932093 609599649
#r 1 -714470616 610032770
420725815 -425022251
#r 0 0.1242429479
668798757 -394041363
#r 0 6.0164843107
890666249 -454657708
#r 0 2.8469103877
780623878 -421257738
#r 0 6.1471003021
837636601 -429064566
#r 0 2.7073434338
759422575 -392790929
#r 0 5.9135058762
799618369 -408366575
#r 0 5.5290678195
815393917 -423184816
#r 0 2.6180193447
805431575 -417433394
#r 1 805775025 -417350529
-984543034 144270826
#r 0 0.0526217559
-734889085 157420194
#r 0 0.3093485902
-496756063 233529747
#r 0 0.3326565087
-260461517 315168510
#r 0 5.4696300791
-88731748 133485031
#r 0 0.6004660306
117536348 274741792
#r 0 4.5306819286
72359152 28857630
#r 0 6.0229267525
313940021 -35474972
#r 0 2.2622809566
154519647 157100064
#r 0 2.9731285477
-91941216 199017163
#r 0 5.9708659596
145964652 122200511
#r 0 2.3150429069
-23389795 306100134
#r 0 5.5417609977
68798632 221682755
#r 0 5.1443087206
95150863 164512941
#r 0 2.2344738441
74784080 190556940
#r 0 5.1997770857
97892794 146958704
#r 0 1.7964930766
91842436 173309436
#r 0 3.9527593341
66210721 146321490
#r 0 0.7912018968
79293410 159556924
#r 0 0.7387275148
86175594 165824934
#r 0 0.8898694272
89130469 169472047
#r 0 0.5298744060
91157770 170659535
#r 1 90386900 170128140
366737756 485628537
#r 0 6.1918510179
615695737 462826698
#r 0 2.7093340132
388690269 567557389
#r 0 5.5997219657
582537853 409686827
#r 0 5.1923800243
697980661 187937062
#r 0 0.5913852947
905522951 327314959
#r 0 0.7832868254
934442886 356113032
#r 0 4.1066465284
792099739 150593134
#r 0 3.6076637707
568764554 38248151
#r 0 5.3118236557
709808504 -168165521
#r 0 2.1204253874
644512135 -61575728
#r 0 5.5844467209
692484056 -101878586
#r 0 2.5946540200
612654591 -53270348
#r 0 5.7392119362
652641215 -77456002
#r 0 5.8020900353
673355072 -88268713
#r 0 5.4972724936
681651000 -96573184
#r 0 2.4996406435
676820426 -92961932
#r 0 2.0309988002
672817984 -84887624
#r 0 5.1379788998
674678298 -88991613
#r 0 5.0276335970
675377665 -91136122
#r 1 675563526 -91235503
-649282821 -270779598
#r 0 5.4363795685
-483687931 -458071702
#r 0 5.2039955100
-365677237 -678465613
#r 0 2.9313491274
-610172267 -626291096
#r 0 2.0554146819
-726639940 -405077893
#r 0 5.8473181012
-500013877 -510627064
#r 0 0.1155986394
-251682398 -481791726
#r 0 3.1992479996
-376474697 -488994652
#r 0 3.3031006191
-438368020 -499078750
#r 0 3.1949061386
-469682574 -500749822
#r 0 0.0734340067
-454045277 -499599444
#r 0 3.1733558557
-461881100 -499848419
#r 0 3.1542121563
-465807475 -499897971
#r 1 -465961574 -499779541
411724544 245564399
#r 0 5.5230729604
592914196 73313681
#r 0 5.5357794246
776277860 -96620914
#r 0 1.9966574369
673001577 131049921
#r 0 5.8236010278
897060822 20156031
#r 0 2.7361474856
782194959 69459516
#r 0 5.9614237116
841487447 49694626
#r 0 2.5943379891
814615191 66068812
#r 0 4.3654702116
798572597 21695943
#r 0 4.3004079982
778851596 -23433399
#r 0 4.3394489876
755899074 -82098095
#r 0 1.1531190771
768675663 -53308341
#r 0 4.2421012910
761539236 -67347365
#r 0 4.7608308063
761921589 -75234231
#r 0 1.5305141015
762080583 -71289370
#r 0 1.5597861687
762102487 -69299990
#r 1 762017946 -69668536
795592083 -315379132
#r 0 1.4313521964
830340249 -67805779
#r 0 1.9340684376
741506574 165879005
#r 0 5.3918978740
898609343 -28591352
#r 0 2.1555119419
829614060 75642283
#r 0 3.8039952706
779891217 36860359
#r 0 0.5558469765
806673941 53497227
#r 0 0.7940159037
817849421 64867001
#r 0 3.6408083926
810846178 61048240
#r 0 0.7037597056
819909133 68740295
#r 0 3.9278164940
815709855 64534076
#r 0 3.4678021743
812875716 63575300
#r 1 813691203 63720496
-521849662 466816098
#r 0 2.3764014592
-702162146 639984826
#r 0 5.2727462911
-569289922 428218511
#r 0 2.2242671144
-645283146 527465828
#r 0 2.0248945175
-672935407 584116413
#r 0 5.6622186616
-647295029 565774073
#r 0 2.5557225087
-660429133 574489744
#r 1 -659903336 573861649
-558514126 -706353026
#r 0 6.0573238928
-314863736 -762339521
#r 0 2.4949648411
-514393754 -611714914
#r 0 5.1816657216
-401333421 -834688816
#r 0 1.5519850848
-396630888 -584733048
#r 0 4.6834569320
-400246889 -709680734
#r 0 4.6431033384
-404574221 -772037164
#r 0 0.5652311686
-378085296 -755236274
#r 0 3.7704800545
-390768553 -764462228
#r 0 3.6891157281
-397491187 -768561034
#r 0 3.5412300216
-401125351 -770095981
#r 1 -400367130 -769956221
-218018041 -776753981
#r 0 2.7956727783
-453209030 -691988429
#r 0 2.5951529830
-666804043 -562076265
#r 0 1.1588469189
-566704940 -332990758
#r 0 4.3410719747
-612060314 -449472043
#r 0 4.0027336598
-652850755 -496961901
#r 0 4.6611754464
-654555231 -530214546
#r 0 4.0039022800
-665660824 -543174732
#r 0 0.7722000253
-659547427 -537220613
#r 1 -658914942 -536889091
517252615 315449462
#r 0 0.2461615930
759716345 376370228
#r 0 0.7578537073
874509802 485007841
#r 0 3.7584309664
810048379 439295239
#r 0 2.0317785066
792126627 475378870
#r 0 0.0122980158
844211884 476019448
#r 0 5.9267302758
888082731 459683655
#r 0 2.7173127470
866751305 469319398
#r 0 3.0926192408
855008317 469894952
#r 0 2.4694067553
850152125 473759599
#r 1 850996582 473269969
-836634468 79323631
#r 0 5.8232958729
-612609074 -31638627
#r 0 1.4381233508
-579538050 216164334
#r 0 1.3724451889
-530274783 461262540
#r 0 1.4297564689
-495131602 708780129
#r 0 4.3716802969
-578670383 473150606
#r 0 5.2159846666
-458025897 254187349
#r 0 0.2036269455
-213191004 304743015
#r 0 2.1967970290
-359668132 507337316
#r 0 2.4080120056
-545363583 674720706
#r 0 5.8654166409
-316864454 573290198
#r 0 2.7880730813
-434134459 616565431
#r 0 2.6014919241
-487958757 648836680
#r 0 2.9043415773
-518562083 656236721
#r 0 0.2702364615
-502874219 660582459
#r 0 3.4421949282
-510648564 658172441
#r 0 6.0960791649
-506646246 657414720
#r 0 3.0512625766
-508674648 657598446
#r 1 -509464801 657938096
-478957491 -425697431
#r 0 0.1165399646
-230653266 -396628345
#r 0 0.0234859251
19277789 -390757403
#r 0 0.1277739375
267239792 -358900767
#r 0 5.9066864097
499729185 -450817480
#r 0 2.7409614021
384627312 -402067520
#r 0 2.8978318931
323939679 -386974119
#r 0 5.5072297306
346518936 -409130939
#r 0 2.2941847960
336049019 -397274814
#r 0 2.7070477450
328838871 -393928343
#r 0 1.9868163881
327120001 -390037802
#r 0 2.8007327216
325039057 -389299681
#r 0 5.9533585497
326083537 -389657239
#r 1 326137406 -389626538
744680137 283363242
#r 0 0.5345924990
921607758 388122582
#r 0 5.0211607168
976126083 217204672
#r 0 1.9426899090
943530462 300773927
#r 0 1.7442710565
935758213 345126945
#r 0 3.0612978776
913198963 346942238
#r 0 6.1945099754
924470585 345940095
#r 0 6.2785529681
930128963 345913883
#r 1 929574900 346006631
787479252 -388621533
#r 0 1.7792853871
735733773 -144035341
#r 0 1.8884877634
657640184 93454430
#r 0 1.3897234658
702661433 339367193
#r 0 2.3895792818
520082684 510144828
#r 0 2.8748039808
278927062 576053599
#r 0 5.9689810947
397807390 537421131
#r 0 6.2560594307
460424676 535722166
#r 0 2.6446253876
431895778 551195417
#r 0 5.6528556750
445004845 541630783
#r 0 5.9534443084
452816590 538957326
#r 0 5.8476407137
456564350 537213309
#r 0 5.8866461704
458472945 536414143
#r 0 5.8333195038
459405314 535963912
#r 0 5.9198706183
459894938 535777761
#r 0 5.8800347243
734374273 161323653
#r 0 1.3284550469
794368310 404018349
#r 0 1.7680456852
745375117 649170683
#r 0 4.8976456361
768399967 526309558
#r 0 3.3290266456
706985785 514661730
#r 0 6.0786986324
776011149 500346880
#r 0 6.0556108505
823777996 489284733
#r 0 2.9283048826
799817992 494474039
#r 0 3.1021548978
787567264 494957431
#r 1 788184820 495522690
-835925574 -325109799
#r 0 0.5199306247
-618962162 -200904816
#r 0 1.2283146757
-535005749 34576225
#r 0 1.0932841318
-420112979 256611473
#r 0 1.3293977159
-360347750 499362616
#r 0 1.0148819132
-228417690 711717176
#r 0 1.2264492403
-144022149 947041192
#r 0 4.3792559925
-184897820 828913383
#r 0 1.3256379038
-169728444 889544562
#r 0 4.4729714596
-177138969 859185930
#r 0 1.4379521541
-175069379 874673260
#r 0 4.4208063397
-177340567 867106094
#r 0 1.1036439266
-172005210 877683961
#r 0 4.2093323797
-174861023 872494197
#r 0 4.3266082781
-175976937 869746529
#r 1 -176156777 869107243
191098699 -491490599
#r 0 1.3037914766
257059601 -250349231
#r 0 1.0815398026
374552042 -29678603
#r 0 1.3686621350
424742174 215231484
#r 0 1.0651991075
545824680 433952829
#r 0 2.2413384596
390471972 629824052
#r 0 5.5956240864
583670995 471160454
#r 0 2.5011631894
483441095 545852936
#r 0 5.2873402239
517503613 493285396
#r 0 2.1571703765
500173238 519372910
#r 0 5.5959463784
512279747 509437040
#r 0 2.4611491444
506192874 514363726
#r 0 2.6038365835
502829915 516369339
#r 2 503357210 516182484
