701687785 -541700890
#r 0 2.5766187199
701687785 -540700890
#r 0 2.9511232928
699420693 -540263780
#r 0 2.8815236280
-499127383 633119407
#r 0 3.0822888611
-499127383 632119407
#r 0 3.0862005900
-244326102 617990985
#r 0 3.7745526381
-483608482 -622730427
#r 0 2.6512128001
-483608482 -621730427
#r 0 3.1313509257
-485518213 -621710867
#r 0 6.0929144337
-400050622 -282770132
#r 0 1.5816660658
-400050622 -281770132
#r 0 4.2935691730
-400061233 -281793969
#r 0 0.5229260919
301295572 728310821
#r 0 4.0874316917
301295572 727310821
#r 0 5.1841489654
300996729 727896578
#r 0 5.1476005949
538670319 187274473
#r 0 5.9436990743
538670319 186274473
#r 0 5.1714765949
538071463 187485964
#r 0 3.5767775229
-356518068 -65592954
#r 0 1.9443054462
-356518068 -64592954
#r 0 6.2076521667
-356921952 -64562389
#r 0 4.3709889804
-276446552 932869643
#r 0 4.1929130916
-276446552 931869643
#r 0 3.9467000046
-277858094 930401334
#r 0 4.3232451193
-550539604 -271667289
#r 0 3.6292077230
-550539604 -270667289
#r 0 1.7519418991
-550372666 -271578757
#r 0 6.0331017146
-618319202 -169265767
#r 0 2.7067876159
-618319202 -168265767
#r 0 2.8246689848
-625646771 -165862480
#r 0 0.0173834752
755102565 -188650360
#r 0 1.4880254136
755102565 -187650360
#r 0 4.6780469131
755043926 -189357194
#r 0 4.6076569540
380790345 -501424583
#r 0 1.4432857371
380790345 -500424583
#r 0 0.7790087353
380937131 -500279661
#r 0 3.7643674991
-579009961 358478730
#r 0 4.4167138829
-579009961 357478730
#r 0 3.9952521070
-579478086 356941899
#r 0 3.9877292724
299350043 -849072587
#r 0 5.4227222082
299350043 -848072587
#r 0 5.3949875128
314183317 -866318409
#r 0 5.3583265362
547958642 -796389549
#r 0 3.2317079224
547958642 -795389549
#r 0 3.2847934183
529380850 -798068238
#r 0 3.2658896074
120566706 -818818612
#r 0 0.0440216595
120566706 -817818612
#r 0 3.4608778023
117076866 -818972340
#r 0 1.2432015248
137093106 -178832048
#r 0 0.5379316529
137093106 -177832048
#r 0 2.6247000903
137951428 -178319955
#r 0 0.2857734356
-671832205 450572368
#r 0 4.8223220287
-671832205 449572368
#r 0 0.6677200811
-671730665 449652437
#r 0 3.8125171345
-468532303 -84888903
#r 0 0.3313344994
-468532303 -83888903
#r 0 4.7909853873
-468455622 -84862523
#r 0 1.3075133378
242220329 -192797614
#r 0 1.6826684176
242220329 -191797614
#r 0 2.8303722276
242103776 -191760122
#r 0 2.0021965499
474168597 127670696
#r 0 3.8309784741
474168597 126670696
#r 0 3.2441480887
472782380 126528031
#r 0 5.3811227615
595496296 -707793242
#r 0 3.0621786802
595496296 -706793242
#r 0 1.5077576777
595433489 -707788244
#r 0 1.3820915737
677928845 -196320030
#r 0 5.6502010777
677928845 -195320030
#r 0 1.4101095419
677783987 -196213749
#r 0 1.6992461697
134234208 -184258840
#r 0 1.2077182464
134234208 -183258840
#r 0 2.8434532532
134574411 -183363384
#r 0 2.6151542364
-222667336 -46611794
#r 0 3.7590634482
-222667336 -45611794
#r 0 3.9455043247
-225719539 -48779156
#r 0 1.0030246993
219528894 970092025
#r 0 4.7988818590
219528894 969092025
#r 0 3.7726550338
219610437 969151612
#r 0 5.4815710578
-384209398 -106897359
#r 0 4.4716452530
-384209398 -105897359
#r 0 2.7013794659
-383989341 -106001015
#r 0 1.7613260247
615373946 -411111791
#r 0 5.0189699270
615373946 -410111791
#r 0 3.0979020061
615052942 -410097757
#r 0 4.9735777349
326662212 790338362
#r 0 4.1959008784
326662212 789338362
#r 0 4.8045471549
326582727 790198401
#r 0 4.8065890812
340630368 -61653550
#r 0 2.3884139419
340630368 -60653550
#r 0 2.5303073997
336405930 -57692922
#r 0 1.0012567683
-936931568 -253662529
#r 0 1.5508820863
-936931568 -252662529
#r 0 1.6284376982
-936916762 -252919116
#r 0 1.5956180673
-55698254 -527054964
#r 0 1.6854624817
-55698254 -526054964
#r 0 1.7757361435
-55956536 -524812376
#r 0 1.6912396337
-176767589 -188188183
#r 0 0.1858552167
-176767589 -187188183
#r 0 0.7692064643
-178049468 -188429209
#r 0 0.6969471799
133207554 429148051
#r 0 5.0892311798
133207554 428148051
#r 0 2.5396000153
133751108 427774594
#r 0 4.0163090107
420725815 -425022251
#r 0 5.9731840346
420725815 -424022251
#r 0 0.5242376127
419612888 -424665748
#r 0 0.4561682488
-984543034 144270826
#r 0 4.8134539988
-984543034 143270826
#r 0 5.2360305981
-984420018 143057777
#r 0 5.2303653857
366737756 485628537
#r 0 1.7337040887
366737756 484628537
#r 0 1.7561732545
368068315 477533357
#r 0 1.2514088153
-649282821 -270779598
#r 0 3.0462773789
-649282821 -269779598
#r 0 3.9189898517
-650208979 -270691053
#r 0 0.7058536453
411724544 245564399
#r 0 2.0663006422
411724544 244564399
#r 0 0.0007580633
412264802 244564809
#r 0 0.0055933443
795592083 -315379132
#r 0 2.1547458727
795592083 -314379132
#r 0 2.1367653571
812035117 -340261604
#r 0 3.9108513091
-521849662 466816098
#r 0 3.7928144480
-521849662 465816098
#r 0 6.1549121867
-522971851 465960839
#r 0 6.1051688518
-558514126 -706353026
#r 0 2.5845253449
-558514126 -705353026
#r 0 2.6588631560
-568636966 -700047797
#r 0 0.8111201669
-218018041 -776753981
#r 0 2.2673153881
-218018041 -775753981
#r 0 1.5036479799
-218080286 -776679557
#r 0 0.6006285385
517252615 315449462
#r 0 2.1250858260
517252615 314449462
#r 0 2.3282497873
519044929 312554070
#r 0 6.1576626734
-836634468 79323631
#r 0 2.0452856227
-836634468 78323631
#r 0 2.0734774575
-828825634 64120301
#r 0 2.0863668291
-478957491 -425697431
#r 0 0.8061829810
-478957491 -424697431
#r 0 0.8200052723
-513125883 -461316553
#r 0 0.8045904289
744680137 283363242
#r 0 1.4481261195
744680137 282363242
#r 0 5.1329282740
744583491 282579346
#r 0 5.1033512523
787479252 -388621533
#r 0 1.8295696290
787479252 -387621533
#r 0 3.9368701695
787270819 -387834126
#r 0 3.9722651364
734374273 161323653
#r 0 0.4741754223
734374273 160323653
#r 0 1.3097411243
734683874 161482550
#r 0 1.3023383770
-835925574 -325109799
#r 0 2.4468441430
-835925574 -324109799
#r 0 5.1732643837
-835078538 -325815677
#r 0 5.0907916925
191098699 -491490599
#r 0 2.1409054278
191098699 -490490599
#r 0 2.8671380839
190316352 -490270321
#r 0 1.5074069133
76967052 -918743877
#r 0 2.9144221571
76967052 -917743877
#r 0 0.1082050165
74024058 -918063572
#r 0 0.1973923642
-458212991 -390070259
#r 0 4.5695978596
-458212991 -389070259
#r 0 4.5319818724
-457534023 -385347643
#r 0 4.5324544632
-561441965 -303326039
#r 0 5.4968149049
-561441965 -302326039
#r 0 6.0662139800
-562721547 -302043966
#r 0 1.4584636366
-143029320 -288205830
#r 0 1.4733318962
-143029320 -287205830
#r 0 5.9911232494
-142934338 -287234387
#r 0 4.7801473058
-217724255 370576245
#r 0 1.5164699544
-217724255 369576245
#r 0 5.7739277557
-217777032 369605715
#r 0 6.1277082665
231282029 -813119927
#r 0 5.6122396152
231282029 -812119927
#r 0 5.6250256386
182819080 -774650299
#r 0 1.7417774220
-173650117 941397434
#r 0 3.9397278748
-173650117 940397434
#r 0 4.6642543949
-173599441 941449418
#r 0 3.9036806776
-974261600 -135035256
#r 0 4.5766412029
-974261600 -134035256
#r 0 4.6031692313
-974817737 -139106897
#r 0 4.6553428734
-219071864 876570219
#r 0 4.8089933415
-219071864 875570219
#r 0 4.8569862628
-218782159 873580671
#r 0 0.6506000032
841216372 -245702053
#r 0 3.3228055921
841216372 -244702053
#r 0 1.4624944024
841105435 -245722379
#r 0 4.0278397036
-554460271 622376857
#r 0 0.3211618307
-554460271 621376857
#r 0 0.2545691046
-568260098 617785940
#r 0 4.4187064508
-710372218 -603481641
#r 0 2.8982606945
-710372218 -602481641
#r 0 2.9057035398
0 0
#r 0 0.7377599889
57367412 137137296
#r 0 0.4185818271
57367412 136137296
#r 0 2.0101147736
56978725 136964380
#r 0 6.2181959153
350298717 99524416
#r 0 6.1703490156
350298717 98524416
#r 0 6.0990898890
336578683 101079138
#r 0 3.2237400139
124361302 -505132095
#r 0 2.6641992877
124361302 -504132095
#r 0 2.6364578970
152383254 -519627912
#r 0 4.8309586714
-544744435 413022941
#r 0 3.4643424902
-544744435 412022941
#r 0 4.1028882994
-543833572 413327574
#r 0 5.3776926962
-119196968 -904270036
#r 0 2.7256076796
-119196968 -903270036
#r 0 0.3171358594
-120495704 -903696299
#r 0 0.3355891409
-804414631 -463783652
#r 0 2.5664185517
-804414631 -462783652
#r 0 5.0498742337
-803960383 -464078138
#r 0 1.3602559089
551441948 -761356956
#r 0 3.9191902823
551441948 -760356956
#r 0 3.9182486691
0 0
#r 0 4.1454033629
27156741 -865736728
#r 0 3.3337109411
27156741 -864736728
#r 0 1.0554775078
26520259 -865860535
#r 0 1.3640367984
940217810 -146619311
#r 0 4.3520544863
940217810 -145619311
#r 0 4.2472822244
941729961 -142606009
#r 0 4.3177198849
-914055295 46387478
#r 0 4.8842454372
-914055295 45387478
#r 0 0.6924462113
-913903570 45513327
#r 0 0.9075654293
-936955659 -34943340
#r 0 0.3688913009
-936955659 -33943340
#r 0 0.3434685435
-902406149 -21586906
#r 0 0.2121487702
-369379595 277222742
#r 0 0.4329843920
-369379595 276222742
#r 0 6.0227220786
-370751797 276588458
#r 0 4.5487977120
-821124475 11788443
#r 0 1.9501844404
-821124475 10788443
#r 0 1.0972370405
-820900236 11226023
#r 0 5.3304251062
-490967586 616064171
#r 0 4.7446887338
-490967586 615064171
#r 0 2.4712125787
-490934425 615037879
#r 0 2.4449449771
-678074763 -588467848
#r 0 3.1643813337
-678074763 -587467848
#r 0 3.1575621716
-531484815 -585126678
#r 0 1.1892613193
217643120 -215305082
#r 0 3.7146790799
217643120 -214305082
#r 0 1.5922744388
217664308 -215291409
#r 0 0.9100986549
-682169509 -158834214
#r 0 2.4748242844
-682169509 -157834214
#r 0 2.6005287403
-687542074 -154605965
#r 0 5.6409203608
557597791 508080141
#r 0 5.7425900606
557597791 507080141
#r 0 2.4596198761
552873911 510915598
#r 0 3.7051851699
639262792 -399950495
#r 0 4.8452338479
639262792 -398950495
#r 0 0.9469253000
639150085 -399107082
#r 0 4.7156447899
61684808 -566926225
#r 0 5.5904947575
61684808 -565926225
#r 0 2.9428750426
60093703 -565605816
#r 0 2.8851138988
523190902 523430949
#r 0 5.7889511026
523190902 522430949
#r 0 2.7788272732
529469311 520047895
#r 0 2.8579479690
-97120665 -106773775
#r 0 0.8995794968
-97120665 -105773775
#r 0 0.8028215927
-92648435 -101142922
#r 0 0.7949821162
-565009351 514254679
#r 0 5.3682379556
-565009351 513254679
#r 0 4.1981482846
-564683585 513831318
#r 0 4.1710400942
334580786 -482417867
#r 0 2.5606469719
334580786 -481417867
#r 0 4.6735626533
334542906 -482392998
#r 0 1.7202481458
-302732954 278207160
#r 0 3.2276863761
-302732954 277207160
#r 0 5.2936493173
-303354673 278153501
#r 0 4.1467989774
-258338693 -552221732
#r 0 5.6969587996
-258338693 -551221732
#r 0 5.7468928994
-272685229 -542694137
#r 0 2.4895987552
-571070279 -284224233
#r 0 5.4050451004
-571070279 -283224233
#r 0 0.2739887357
-571743158 -283413351
#r 0 5.4543854535
481874853 641887316
#r 0 3.8790066384
481874853 640887316
#r 0 4.1016267400
483797551 643633815
#r 0 3.1934010854
-479273610 -106822827
#r 0 1.1771906473
-479273610 -105822827
#r 0 4.8181219833
-479189083 -106619283
#r 0 1.2305286769
-4238218 -621301856
#r 0 3.8090337788
-4238218 -620301856
#r 0 3.7904010117
29350613 -594830579
#r 0 1.4639277416
-213551122 -22815755
#r 0 5.8333066677
-213551122 -21815755
#r 0 5.9278387384
-222495184 -18496619
#r 0 2.7331086694
-874003763 -51756842
#r 0 3.9316581439
-874003763 -50756842
#r 0 2.2269585140
-873570511 -51319526
#r 0 2.1712489195
-191082364 -706539912
#r 0 0.9230828560
-191082364 -705539912
#r 0 3.8669144062
-188784411 -703502713
#r 0 0.2356000784
-712230836 221529366
#r 0 5.1123780406
-712230836 220529366
#r 0 3.7468256747
-711903733 220755671
#r 0 0.6949060078
-780382671 126943689
#r 0 4.9238303960
-780382671 125943689
#r 0 5.8641213812
-780145327 125837964
#r 0 0.8602663212
-236286024 -513307999
#r 0 2.9181313040
-236286024 -512307999
#r 0 2.5166542298
-234262282 -513767908
#r 0 4.3307731796
432125842 146983063
#r 0 0.1522109141
432125842 145983063
#r 0 4.6459449209
432193070 146993376
#r 0 4.6611829104
-261116530 -918750953
#r 0 3.0104256174
-261116530 -917750953
#r 0 2.4470176631
-259690265 -918939112
#r 0 2.9756375904
118024946 613168088
#r 0 6.0808475993
118024946 612168088
#r 0 5.2809890466
117289550 613318951
#r 0 0.0916755868
-464226731 -787773296
#r 0 1.5148605752
-464226731 -786773296
#r 0 5.2465653972
-464175579 -786859769
#r 0 5.2875546201
-243669211 -909135288
#r 0 0.5593927821
-243669211 -908135288
#r 0 0.9456980303
-244985624 -909959499
#r 0 0.8377931219
-477273716 873997373
#r 0 5.7709085737
-477273716 872997373
#r 0 5.7744895979
-264690132 754450651
#r 0 3.6333593757
-723337552 322551553
#r 0 0.6100529160
-723337552 321551553
#r 0 5.5967012365
-723996123 322091214
#r 0 3.3803082127
-109826943 -461038229
#r 0 0.8588336986
-109826943 -460038229
#r 0 0.8745149154
-136549169 -492004470
#r 0 4.9942262886
273596302 -710435175
#r 0 2.5761550148
273596302 -709435175
#r 0 2.6492087343
263402238 -703966527
#r 0 3.0518193880
-495340295 -231301155
#r 0 4.8719074443
-495340295 -230301155
#r 0 0.4179090690
-495490453 -230367835
#r 0 4.8603035848
-335666797 -774290530
#r 0 0.3459814959
-335666797 -773290530
#r 0 0.2859622620
-320620250 -768866533
#r 0 5.8161967212
-44434562 -424288087
#r 0 2.8022463204
-44434562 -423288087
#r 0 2.7602007054
-23612524 -431638299
#r 0 2.8021306054
482272679 648017210
#r 0 3.0966033815
482272679 647017210
#r 0 3.5838900764
484200911 647930402
#r 0 4.9231789140
-848718430 -335529233
#r 0 4.1087944197
-848718430 -334529233
#r 0 4.1752573075
-853091438 -341872195
#r 0 0.2920857185
-538168394 -366123595
#r 0 1.2706374704
-538168394 -365123595
#r 0 5.8088907230
-537901321 -365260705
#r 0 5.7246456750
780704324 -493859950
#r 0 3.3859404166
780704324 -492859950
#r 0 1.1552208822
780208495 -493983575
#r 0 3.4354459363
101574837 -660299922
#r 0 0.3062233107
101574837 -659299922
#r 0 0.2326438267
114195612 -656309633
#r 0 0.3046428891
274165912 -778182756
#r 0 0.8132460638
274165912 -777182756
#r 0 2.2477798140
274600397 -777723372
#r 0 5.1650782801
-30247511 -354320033
#r 0 4.1004398389
-30247511 -353320033
#r 0 4.1431349477
-37502028 -364656693
#r 0 5.3360601850
196232884 -273237791
#r 0 5.7452878052
196232884 -272237791
#r 0 5.7610131016
148896765 -244998234
#r 0 3.8368206094
-43571381 -254057842
#r 0 3.4581411123
-43571381 -253057842
#r 0 1.6898438618
-43456278 -254020138
#r 0 5.8011290302
245238934 77228773
#r 0 0.9222864328
245238934 76228773
#r 0 4.2398508978
246809259 79300836
#r 0 0.8268629089
691449954 36763389
#r 0 3.9074605872
691449954 35763389
#r 0 6.2382531965
690456556 35808055
#r 0 3.8021765158
305194638 -415436078
#r 0 3.7664455150
305194638 -414436078
#r 0 1.0071738938
304033197 -416273780
#r 0 4.1691578590
326597884 -216545057
#r 0 5.4988176110
326597884 -215545057
#r 0 6.1898738731
325492127 -215441577
#r 0 1.7329011439
48717586 -293671845
#r 0 5.3347341777
48717586 -292671845
#r 0 1.9922168107
49912405 -295337202
#r 0 5.3447749836
530625494 -89118625
#r 0 0.7194203601
530625494 -88118625
#r 0 0.1007558368
531915909 -87988166
#r 0 5.6791468507
42124448 645983829
#r 0 3.9285066170
42124448 644983829
#r 0 4.0546350179
45555667 649425466
#r 0 6.1530427804
-178491570 670902010
#r 0 2.0403136015
-178491570 669902010
#r 0 2.0320581592
-202885251 718981756
#r 0 5.1716493549
78464923 432039983
#r 0 0.7121043035
78464923 431039983
#r 0 2.4909269592
77849330 431508607
#r 0 4.4215127932
160031141 -417843750
#r 0 5.4745137528
160031141 -416843750
#r 0 6.1104910248
158885971 -416643996
#r 0 6.0436162715
-430166093 553065446
#r 0 2.3911552184
-430166093 552065446
#r 0 2.4451826946
-419775835 543377426
#r 0 4.7275642825
17710008 853207122
#r 0 3.3809362097
17710008 852207122
#r 0 5.0475223972
17389017 853128793
#r 0 3.8009129567
14875479 -715975258
#r 0 2.7134652762
14875479 -714975258
#r 0 2.5518610175
19574494 -718119684
#r 0 0.4561376084
-415569731 -638404763
#r 0 0.6796780530
-415569731 -637404763
#r 0 0.6079478857
-406661866 -631206059
#r 0 0.6997548432
-773961145 -176289730
#r 0 0.9150402081
-773961145 -175289730
#r 0 2.2995260416
-773547942 -175752634
#r 0 0.9328227957
940988252 -325744210
#r 0 2.8971913170
940988252 -324744210
#r 0 1.6016987215
941019404 -325751979
#r 0 2.5889280576
-826089410 389315028
#r 0 4.6216658656
-826089410 388315028
#r 0 5.5621716986
-826173648 388389061
#r 0 6.1868673468
787581078 -76307990
#r 0 2.8616777239
787581078 -75307990
#r 0 0.0653548270
784747496 -75493442
#r 0 2.8939549483
-720594767 -54294382
#r 0 2.0105063573
-720594767 -53294382
#r 0 3.7675186313
-720945814 -53548151
#r 0 4.5868892356
594911311 732837332
#r 0 3.4698939807
594911311 731837332
#r 0 3.9624335286
596275765 733302103
#r 0 3.4466615196
288809318 -738112341
#r 0 0.5036681253
288809318 -737112341
#r 0 2.0744406305
289232006 -737879408
#r 0 2.5501934250
-344837829 -486706031
#r 0 5.6582900463
-344837829 -485706031
#r 0 0.9484210550
-345310631 -486364987
#r 0 2.5489052812
-62712054 -847301326
#r 0 4.2849043572
-62712054 -846301326
#r 0 4.2838385674
98934430 -492486683
#r 0 1.7234722197
-250419138 -693493865
#r 0 2.2581346243
-250419138 -692493865
#r 0 6.2743893923
-251245979 -692486592
#r 0 0.8416919425
366755340 -91389671
#r 0 2.3046615262
366755340 -90389671
#r 0 2.4355145506
362849626 -87059143
#r 0 2.3877124092
961566412 68953195
#r 0 3.1586178043
961566412 67953195
#r 0 5.0642529711
961201551 68946983
#r 0 3.1141101732
597164501 -516317146
#r 0 0.1850860059
597164501 -515317146
#r 0 0.1888627162
341533348 -564178675
#r 0 0.5913837038
-877313621 -335845740
#r 0 4.4600253786
-877313621 -334845740
#r 0 4.4630945672
-897385542 -413685774
#r 0 1.0771031028
-380835327 -806301119
#r 0 4.6137932602
-380835327 -805301119
#r 0 4.5684070926
-380524022 -803153968
#r 0 4.5760064110
822465216 -184570263
#r 0 1.7275334691
822465216 -183570263
#r 0 3.8095580195
822324702 -183681121
#r 0 3.8979527023
186036512 447263379
#r 0 1.4863528189
186036512 446263379
#r 0 5.5413335514
185957961 446335370
#r 0 3.6792288613
-324336703 -906969741
#r 0 0.0167223044
-324336703 -905969741
#r 0 2.9190989235
-320220853 -906900908
#r 0 2.9709686326
-23877194 30146238
#r 0 1.6772890049
-23877194 29146238
#r 0 0.6324363619
-23778063 29218887
#r 0 4.3836421705
-646955563 126488175
#r 0 3.6031908432
-646955563 125488175
#r 0 3.4743314021
-653540878 123212370
#r 0 3.5751087067
647455009 119171730
#r 0 5.4961039554
647455009 118171730
#r 0 0.8367837968
647928536 118696606
#r 0 3.2454898581
-614105525 708095676
#r 0 5.2825340857
-614105525 707095676
#r 0 5.6676484645
-612932433 706266074
#r 0 5.5989193235
-144601442 -246545691
#r 0 0.9269230636
-144601442 -245545691
#r 0 5.1483762324
-144313982 -246162708
#r 0 5.9384086139
-755786970 456770808
#r 0 4.0877797063
-755786970 455770808
#r 0 5.6723835546
-756266061 456106226
#r 0 5.1975108235
-942398078 -178453409
#r 0 2.7398386350
-942398078 -177453409
#r 0 4.8534114745
-942247001 -178517596
#r 0 4.8118659094
711522906 98276513
#r 0 2.1690179202
711522906 97276513
#r 0 4.1434811440
711852810 97792449
#r 0 5.4304662624
-865732126 -389513957
#r 0 3.7611442892
-865732126 -388513957
#r 0 3.8106396820
-878640035 -398720295
#r 0 3.7069368224
457994694 -775492143
#r 0 5.8791048598
457994694 -774492143
#r 0 0.9268193800
457426391 -775249130
#r 0 5.8679517959
223679184 -734348721
#r 0 2.2279880638
223679184 -733348721
#r 0 5.3297210971
232553276 -745849396
#r 0 1.8253386849
590989480 604339845
#r 0 5.4060866030
590989480 603339845
#r 0 5.0521303159
590374756 605079077
#r 0 3.3619487939
33739637 326385330
#r 0 0.9925120891
33739637 325385330
#r 0 2.4990534837
33301146 325713539
#r 0 5.5297831368
107088828 -31836439
#r 0 6.2753615431
107088828 -30836439
#r 0 4.4923425449
106865551 -31834692
#r 0 0.7676410802
-86557720 15314172
#r 0 4.9525180431
-86557720 14314172
#r 0 5.0746609296
-85865939 12488888
#r 0 4.9906449285
187576655 288198927
#r 0 0.8209120681
187576655 287198927
#r 0 0.7277158029
182108078 282327451
#r 0 0.7342247767
376013911 294524797
#r 0 2.9110676977
376013911 293524797
#r 0 3.3291033641
378369974 293971836
#r 0 1.9259196439
278966036 620220652
#r 0 3.0730713291
278966036 619220652
#r 0 3.4494255321
281552900 620043119
#r 0 0.6100844704
-721859489 -551390151
#r 0 3.8982965525
-721859489 -550390151
#r 0 4.0325570884
-725274329 -554614434
#r 0 4.0319762742
388898961 -22604958
#r 0 1.2209725234
388898961 -21604958
#r 0 2.3454237055
389164721 -21876506
#r 0 6.2539618342
-862956667 140643757
#r 0 4.6925665442
-862956667 139643757
#r 0 4.6606138061
-862988776 139024156
#r 0 4.6309241258
-64393835 -548376194
#r 0 5.8195234766
-64393835 -547376194
#r 0 2.7299945061
-80145536 -540500063
#r 0 4.6618223540
-682022435 430113840
#r 0 5.5180987096
-682022435 429113840
#r 0 5.4695494487
-692231499 439916381
#r 0 4.6178919060
129522077 617343422
#r 0 2.8552085763
129522077 616343422
#r 0 2.9107566811
146341873 612390344
#r 0 5.9562353155
-709725211 -135667791
#r 0 2.6170524926
-709725211 -134667791
#r 0 2.8122218636
-713948467 -133224189
#r 0 2.6207265021
882172595 169931446
#r 0 3.6990491077
882172595 168931446
#r 0 3.2082341031
880376204 168811554
#r 0 1.0355167120
29768177 179516482
#r 0 3.5728143014
29768177 178516482
#r 0 5.9009303631
28608259 178982803
#r 0 2.1022295749
258981388 553416150
#r 0 2.5668994908
258981388 552416150
#r 0 6.2796683860
260533959 552410690
#r 0 2.5452993394
867622611 474026919
#r 0 4.3303048103
867622611 473026919
#r 0 4.9681447990
867464207 473632713
#r 0 4.3073070824
494169261 705240858
#r 0 3.4528156345
494169261 704240858
#r 0 5.4903793925
493421096 705000191
#r 0 3.6486548313
122469093 -725635014
#r 0 1.1289829753
122469093 -724635014
#r 0 2.7930331643
122872714 -724781689
#r 0 5.5352485604
-603116602 -663308573
#r 0 1.0799118421
-603116602 -662308573
#r 0 2.7096233575
-602687754 -662506275
#r 0 5.3727957799
-145539966 -887360284
#r 0 6.1859944505
-145539966 -886360284
#r 0 6.1939655796
-269905348 -875234903
#r 0 3.2101390987
682414660 608429595
#r 0 2.9625006929
682414660 607429595
#r 0 4.0992869206
683038723 608316620
#r 0 4.6866965058
-490982295 -354183775
#r 0 5.2261695738
-490982295 -353183775
#r 0 5.1948173644
-483708568 -367072850
#r 0 5.1992278805
-802812116 -220135267
#r 0 4.7437390176
-802812116 -219135267
#r 0 1.0042236039
-802842003 -219182248
#r 0 0.9353238496
250470454 471718324
#r 0 4.6700905344
250470454 470718324
#r 0 4.3115415212
250423435 470607375
#r 0 2.0894285128
439852827 37625603
#r 0 1.7439952945
439852827 36625603
#r 0 5.0893126956
440166341 35833601
#r 0 1.7760966173
-160210028 -311873695
#r 0 0.0595029991
-160210028 -310873695
#r 0 2.1563607475
-159572080 -311835690
#r 0 6.0292984530
378118500 -176315695
#r 0 3.9790361973
378118500 -175315695
#r 0 1.8471123867
378334186 -176076303
#r 0 0.6373611041
-866575725 -214630372
#r 0 2.6856705389
-866575725 -213630372
#r 0 0.6349126055
-867390690 -214230729
#r 0 3.4508320801
135413484 36622920
#r 0 4.8791180232
135413484 35622920
#r 0 6.2451850207
135582859 35616481
#r 0 1.5638616752
133848038 926203271
#r 0 2.7501946935
133848038 925203271
#r 0 5.3526768206
132772315 926647211
#r 0 5.2841979755
152317393 -838586251
#r 0 2.4196493389
152317393 -837586251
#r 0 3.3879581957
151433990 -837808404
#r 0 1.5748571047
866394399 -388688067
#r 0 1.6121925649
866394399 -387688067
#r 0 4.0220090115
866354957 -387735819
#r 0 3.1472880604
-110683473 -855371776
#r 0 0.6666205299
-110683473 -854371776
#r 0 5.3883745505
-110191730 -854984888
#r 0 5.3808578152
-778756986 -564076853
#r 0 5.4391685552
-778756986 -563076853
#r 0 5.3761091082
-772261259 -571382526
#r 0 5.3590158124
-737950047 -439455128
#r 0 2.7744385526
-737950047 -438455128
#r 0 2.7826205450
-844753993 -398379107
#r 0 5.9787276072
-609784449 -471338019
#r 0 2.0928339350
-609784449 -470338019
#r 0 2.8283388557
-610491466 -470109003
#r 0 3.9179530272
-23189346 649857189
#r 0 2.8870657133
-23189346 648857189
#r 0 6.1263781522
-13391619 647308118
#r 0 4.5043173510
919027675 186956176
#r 0 1.5078084868
919027675 185956176
#r 0 1.4209348524
918919359 185238823
#r 0 4.4861561768
-462062882 -817316296
#r 0 0.5159293582
-462062882 -816316296
#r 0 5.4512596637
-461462223 -816975621
#r 0 5.3942635574
-122964257 -333624352
#r 0 2.1894367273
-122964257 -332624352
#r 0 5.2472937159
-119429690 -338589619
#r 0 5.3624158103
-340634393 559951828
#r 0 0.6993434951
-340634393 558951828
#r 0 6.0096107830
-341525836 559201976
#r 0 6.1498339550
-909594700 -252680642
#r 0 2.1853780122
-909594700 -251680642
#r 0 2.6931012975
-910663401 -251166388
#r 0 2.7982180744
43912064 302995607
#r 0 2.4646667690
43912064 301995607
#r 0 2.4322438203
25666376 317657652
#r 0 2.4866531238
117420708 890129395
#r 0 5.4369871014
117420708 889129395
#r 0 3.8515532125
117923447 889561479
#r 0 2.5675946596
-468178342 -347725758
#r 0 4.8225484775
-468178342 -346725758
#r 0 3.3788821852
-468286068 -346751811
#r 0 4.8348509383
71200613 -222501511
#r 0 4.0848984925
71200613 -221501511
#r 0 4.6525767715
71135340 -222591508
#r 0 1.9407271243
-243623499 -789879633
#r 0 3.7097752094
-243623499 -788879633
#r 0 1.3697420538
-243857791 -790029207
#r 0 1.2273772248
-769324329 107708350
#r 0 6.0565704706
-769324329 106708350
#r 0 1.1215631924
-768890450 107608308
#r 0 5.9237672123
635566251 196520845
#r 0 0.3194135419
635566251 195520845
#r 0 3.6405466329
640234646 198064864
#r 0 3.2998753506
195202581 -473800941
#r 0 4.5263118563
195202581 -472800941
#r 0 5.4647624242
195359314 -472968384
#r 0 0.7642448529
308865562 -904406367
#r 0 0.5535735018
308865562 -903406367
#r 0 0.3909515502
313723111 -901404242
#r 0 0.4514582452
710295145 -265660052
#r 0 0.4340201535
710295145 -264660052
#r 0 0.4286624678
864316466 -194271822
#r 0 0.4531021744
-659887626 -690524746
#r 0 0.9078726172
-659887626 -689524746
#r 0 2.3041688197
-659469322 -689989008
#r 0 6.1968618355
582191960 -738122481
#r 0 1.2878954585
582191960 -737122481
#r 0 3.9067401941
582595234 -736735218
#r 0 3.8492643334
619956929 619639294
#r 0 3.0022290180
619956929 618639294
#r 0 3.0287608214
657049128 614436262
#r 0 3.0300320325
279378978 182926265
#r 0 3.8083770965
279378978 181926265
#r 0 3.4893128965
277023745 181072618
#r 0 4.3009882535
-31041134 -356688329
#r 0 4.1021379411
-31041134 -355688329
#r 0 3.0408292693
-30388018 -355754363
#r 0 4.1813135311
531322273 778893238
#r 0 3.6096849779
531322273 777893238
#r 0 4.0626397580
532556000 779516971
#r 0 3.7813338255
-409016762 -551302065
#r 0 5.9283302027
-409016762 -550302065
#r 0 1.8792186972
-408655530 -551435916
#r 0 6.0128304269
-242530425 -410578653
#r 0 0.2765029060
-242530425 -409578653
#r 0 1.1352253615
-243066617 -410730809
#r 0 0.3377826355
280793211 -921368331
#r 0 0.5147444225
280793211 -920368331
#r 0 0.4925268550
315316543 -901841789
#r 0 0.4624318456
730390034 137322819
#r 0 1.2233807973
730390034 136322819
#r 0 4.2120547664
729317780 134361630
#r 0 3.2943899454
336241334 349827929
#r 0 2.9888550961
336241334 348827929
#r 0 4.4038559369
336545140 349781162
#r 0 3.3537871678
182629508 -60733374
#r 0 1.4820742017
182629508 -59733374
#r 0 1.1828790312
182743218 -59455098
#r 0 1.1397053636
-14583895 -391538609
#r 0 2.5172724567
-14583895 -390538609
#r 0 3.5075675555
-15489946 -390885844
#r 0 3.4693800678
-529968658 -541423045
#r 0 0.6148078613
-529968658 -540423045
#r 0 0.4321557754
-525884803 -538539437
#r 0 1.1922700672
-295721070 -115687762
#r 0 5.3086201615
-295721070 -114687762
#r 0 0.1534460463
-296335228 -114782749
#r 0 0.1466946680
-860392259 105310463
#r 0 1.7151634829
-860392259 104310463
#r 0 1.7623214025
-859811318 101314403
#r 0 1.7512304387
134282577 690186611
#r 0 6.1045607200
134282577 689186611
#r 0 5.3162470369
133494626 690328875
#r 0 5.2328732258
120775521 105317247
#r 0 0.9499920432
120775521 104317247
#r 0 0.9945064815
127898538 115277782
#r 0 0.9975083120
705482076 -427802156
#r 0 2.7919663785
705482076 -426802156
#r 0 4.2012231516
705016415 -427632374
#r 0 3.0813506682
67711290 -820628312
#r 0 6.0251239349
67711290 -819628312
#r 0 1.0878686873
67250697 -820506740
#r 0 1.7098733046
433987350 508403551
#r 0 5.0509157322
433987350 507403551
#r 0 2.2962980457
434571232 506745173
#r 0 2.7781395901
-118050258 19266698
#r 0 5.2343740332
-118050258 18266698
#r 0 5.2014806118
-125173186 31650077
#r 0 3.0439934955
-797637337 -148047045
#r 0 1.8311310241
-797637337 -147047045
#r 0 1.2804293259
-797778170 -147518353
#r 0 0.2929865554
-297627869 -312378482
#r 0 2.6374257128
-297627869 -311378482
#r 0 3.6443293088
-298535651 -311877636
#r 0 0.0267844548
526708312 738674488
#r 0 3.4802186207
526708312 737674488
#r 0 3.2504656421
522591162 737224462
#r 0 3.5447544970
902408713 326691638
#r 0 5.0426011148
902408713 325691638
#r 0 5.0364924326
885505070 376007629
#r 0 2.9637507692
194389026 724215994
#r 0 3.9467815788
194389026 723215994
#r 0 4.7000232792
194401554 724229027
#r 0 5.0807745122
479784988 -770379991
#r 0 5.6036695730
479784988 -769379991
#r 0 5.4893221419
484564778 -774241396
#r 0 5.5302937809
-131810955 348029062
#r 0 5.7988648322
-131810955 347029062
#r 0 0.6561866352
-131039426 347623149
#r 0 4.8381308672
586522933 -217901995
#r 0 6.0812051803
586522933 -216901995
#r 0 1.5093955188
586462219 -217889563
#r 0 1.2969812819
-187748036 23994930
#r 0 6.1939330309
-187748036 22994930
#r 0 5.5686669002
-189033506 24109967
#r 0 1.2248751076
352205545 -810872443
#r 0 4.4139201862
352205545 -809872443
#r 0 1.5090400623
352128156 -811123984
#r 0 4.4785955994
-281264150 625950435
#r 0 3.0898933412
-281264150 624950435
#r 0 5.9835205831
-285151820 626151604
#r 0 0.5489190776
805993669 -555805939
#r 0 3.2376029102
805993669 -554805939
#r 0 2.8535080430
808540568 -555560656
#r 0 2.8529855489
109176579 830254230
#r 0 4.2615910514
109176579 829254230
#r 0 4.5774742008
109365219 830643949
#r 0 2.3983450773
454603456 -115132683
#r 0 2.5866856945
454603456 -114132683
#r 0 2.5455355436
471701301 -125731246
#r 0 0.0784067130
-841858840 456991149
#r 0 4.5737244304
-841858840 455991149
#r 0 0.5821829921
-842012519 455889983
#r 0 4.4578254372
-394302774 -111391377
#r 0 0.1150914782
-394302774 -110391377
#r 0 3.2610428098
-620589014 -137550599
#r 0 5.3494989389
-44928054 515757560
#r 0 2.5677847334
-44928054 514757560
#r 0 4.4970990363
-44736456 515633720
#r 0 2.5324665619
-121117037 -740886462
#r 0 2.3588775804
-121117037 -739886462
#r 0 0.8627901504
-121579405 -740426569
#r 0 0.9421128927
-104972969 -794518837
#r 0 4.9672755684
-104972969 -793518837
#r 0 4.8296399943
-104757990 -795343924
#r 0 4.9937609428
-228728329 -70115130
#r 0 0.3723617764
-228728329 -69115130
#r 0 6.1794959358
-226706678 -69325508
#r 0 2.8430777271
211817052 -353830981
#r 0 0.7107879614
211817052 -352830981
#r 0 2.8853167267
212707573 -353064331
#r 0 2.9003498800
714039536 -444378998
#r 0 1.2581014101
714039536 -443378998
#r 0 3.8641939322
714491737 -442980301
#r 0 4.0680965730
210279624 -719446913
#r 0 2.1289578487
210279624 -718446913
#r 0 2.1544454600
198827201 -701105174
#r 0 2.0923754160
-252990652 907596128
#r 0 4.1208711070
-252990652 906596128
#r 0 4.1617903367
-245858854 918212774
#r 0 4.1361380752
-111775591 385835601
#r 0 0.3135778813
-111775591 384835601
#r 0 0.2696030540
-132632291 379072252
#r 0 0.2135118698
-751715650 246572132
#r 0 0.1867640629
-751715650 245572132
#r 0 4.8029422578
-751804920 246555263
#r 0 0.2269260188
734240015 -107718197
#r 0 2.1117757677
734240015 -106718197
#r 0 2.2524299894
731925550 -103865647
#r 0 2.1537920918
451097033 876365304
#r 0 4.2114050848
451097033 875365304
#r 0 4.5300456319
451375040 876873005
#r 0 3.9873255245
-213751703 -188883800
#r 0 4.9461287236
-213751703 -187883800
#r 0 0.5217036834
-213961132 -188004185
#r 0 3.8469240033
-871609781 -439190600
#r 0 0.3490706579
-871609781 -438190600
#r 0 2.2620029838
-870973903 -438959156
#r 0 2.2035439835
873731973 -187795839
#r 0 1.1000410856
873731973 -186795839
#r 0 3.3971450784
874318933 -186642487
#r 0 0.4966910088
476321941 -514170025
#r 0 0.0335083819
476321941 -513170025
#r 0 0.0349490587
-216983233 -537410258
#r 0 0.6982168436
648529161 -258031637
#r 0 0.0645929616
648529161 -257031637
#r 0 0.0631763169
0 0
#r 0 3.9396649550
-947200162 54478327
#r 0 5.5882396295
-947200162 53478327
#r 0 5.3816377785
-949523117 56414939
#r 0 0.6995130937
-72923073 965837855
#r 0 0.9002474197
-72923073 964837855
#r 0 0.9692787192
-67824874 972265658
#r 0 0.8931679132
533900477 -572149686
#r 0 0.3630449004
533900477 -571149686
#r 0 4.2063230415
533198478 -572416364
#r 0 2.0522785981
-787439174 -505763987
#r 0 1.7387064956
-787439174 -504763987
#r 0 5.0542568094
-787762879 -503854295
#r 0 5.0770529072
-244124713 -774407860
#r 0 2.0411772866
-244124713 -773407860
#r 0 3.8381614087
-244481446 -773706245
#r 0 0.4913279768
912688030 366379819
#r 0 3.6417611809
912688030 365379819
#r 0 3.9960108956
914349143 367287653
#r 0 3.8589908160
65744808 676218049
#r 0 6.0094377518
65744808 675218049
#r 0 3.9010882437
66557625 675989812
#r 0 6.2535286594
-530446177 836542796
#r 0 5.5721047756
-530446177 835542796
#r 0 5.8798839620
-528145841 834561265
#r 0 4.7967022269
-415563059 -298865844
#r 0 3.4121575770
-415563059 -297865844
#r 0 4.2758634465
-416098948 -299014482
#r 0 4.7722479015
-886033412 -228132643
#r 0 3.2934353586
-886033412 -227132643
#r 0 0.2319969582
-898048275 -229971164
#r 0 3.3927438201
-277974413 -935647969
#r 0 2.7876496899
-277974413 -934647969
#r 0 2.8033493560
-334338733 -914821167
#r 0 2.8092367558
200104270 740576328
#r 0 4.6358352817
200104270 739576328
#r 0 3.8354232461
200022339 739508178
#r 0 5.7455102332
-138670661 -326693416
#r 0 0.0272630817
-138670661 -325693416
#r 0 5.4196213008
-137835402 -326670639
#r 0 3.3980300728
-420259027 -893966584
#r 0 6.2608938423
-420259027 -892966584
#r 0 6.1950294333
-405128098 -894303930
#r 0 0.0124146647
-798050443 -196980374
#r 0 2.0462973409
-798050443 -195980374
#r 0 2.9438324942
-798624587 -195865327
#r 0 4.2466548099
-402542994 -134498653
#r 0 0.0954996251
-402542994 -133498653
#r 0 5.5393927524
-401558606 -134404357
#r 0 3.3719756353
508744237 816338581
#r 0 4.1727358396
508744237 815338581
#r 0 3.8614858781
507482704 814232369
#r 0 3.7002192210
-397593185 913590386
#r 0 5.1881645088
-397593185 912590386
#r 0 4.3403943275
-397371153 913159467
#r 0 4.2829254911
-443314379 -868631678
#r 0 5.8480768015
-443314379 -867631678
#r 0 5.7995288266
-426771414 -876321156
#r 0 5.6612716616
-533147680 613971414
#r 0 0.8297275710
-533147680 612971414
#r 0 0.8484415660
-509296269 640037070
#r 0 3.9603563066
-770932227 -336799630
#r 0 6.0192221547
-770932227 -335799630
#r 0 4.4362256662
-771195469 -336728484
#r 0 4.3996387975
-313801222 -169811900
#r 0 1.1934134954
-313801222 -168811900
#r 0 3.6218664823
-313301688 -168551663
#r 0 5.9928402989
396351162 236536477
#r 0 4.9253665320
396351162 235536477
#r 0 4.9360165263
400752694 216183252
#r 0 1.5602657603
653214263 -656222690
#r 0 1.2555354617
653214263 -655222690
#r 0 3.9901199427
653732068 -654635003
#r 0 1.6423453772
-126037657 252119065
#r 0 5.8911161768
-126037657 251119065
#r 0 1.1403615829
-125651769 251959510
#r 0 0.2690211259
795662488 -210263076
#r 0 3.9365619935
795662488 -209263076
#r 0 3.8799914907
804822495 -200926025
#r 0 2.5048359750
-552602322 134431660
#r 0 3.3652774292
-552602322 133431660
#r 0 3.4007957543
-526060764 140469643
#r 0 2.3473518500
-25074801 475442830
#r 0 4.1907336112
-25074801 474442830
#r 0 2.1072893471
-25367075 474934317
#r 0 2.2045809184
-581753711 58339560
#r 0 0.0659807809
-581753711 57339560
#r 0 2.9590361691
-585742724 58075979
#r 0 3.3414851069
-123676106 -141587957
#r 0 0.9152865575
-123676106 -140587957
#r 0 0.6714034443
-121699661 -139017591
#r 0 3.8106518390
-770394741 -202777594
#r 0 2.9102510882
-770394741 -201777594
#r 0 6.2295316236
-775893667 -201482273
#r 0 0.0641623989
226219170 40973701
#r 0 4.0512129282
226219170 39973701
#r 0 4.0186443058
214161464 25475186
#r 0 0.8688944037
-730767039 -317649186
#r 0 4.1668903079
-730767039 -316649186
#r 0 3.6258304811
-729875480 -316180218
#r 0 1.5556048597
313987082 -595303530
#r 0 3.4169448398
313987082 -594303530
#r 0 3.4630059276
294157514 -600905955
#r 0 3.4330023049
422385780 609464897
#r 0 4.1280681567
422385780 608464897
#r 0 3.2370397826
421679712 608397299
#r 0 4.1348482111
-283682688 -708434606
#r 0 4.2115587235
-283682688 -707434606
#r 0 0.0852042995
-283108460 -707385561
#r 0 0.1498189514
-165174039 -771223105
#r 0 0.8003887081
-165174039 -770223105
#r 0 5.2889568722
-164784669 -770821883
#r 0 0.8484647112
-595802012 -385074130
#r 0 6.1430884506
-595802012 -384074130
#r 0 6.1811288392
-621703110 -381421540
#r 0 2.0683489780
277214466 -802769623
#r 0 5.2386292812
277214466 -801769623
#r 0 5.3164587049
273545096 -796452682
#r 0 6.2470381147
-49223034 10182434
#r 0 3.6010971389
-49223034 9182434
#r 0 4.6921340074
-49202571 10192560
#r 0 4.7172438970
606551053 -19018638
#r 0 4.0282170418
606551053 -18018638
#r 0 4.0461495455
584767262 -45728047
#r 0 0.9090594481
-355498144 909755308
#r 0 4.8202028573
-355498144 908755308
#r 0 4.9237734599
-355279767 907737661
#r 0 4.9537258864
47076853 -733059593
#r 0 6.0899587417
47076853 -732059593
#r 0 2.6425512227
49938979 -733619619
#r 0 2.6596641123
-374230082 240356462
#r 0 4.4319290892
-374230082 239356462
#r 0 4.3079847356
-375111052 237298095
#r 0 2.9828802981
57914385 673072022
#r 0 5.0842252875
57914385 672072022
#r 0 5.9830242771
58357895 671934750
#r 0 5.7567659519
-434227853 -134865342
#r 0 5.8720401707
-434227853 -133865342
#r 0 1.5194523194
-434278116 -134843428
#r 0 4.6496501202
-803935016 3201268
#r 0 5.0981981468
-803935016 2201268
#r 0 3.4216344064
-803571334 2305863
#r 0 1.9212761564
612533705 664406426
#r 0 4.6577861567
612533705 663406426
#r 0 5.2465802424
612483671 663491006
#r 0 5.1091439900
-128789750 -864403732
#r 0 5.7349012055
-128789750 -863403732
#r 0 5.7447831505
-202934865 -819119841
#r 0 0.8692290817
49745228 181238661
#r 0 5.9793746153
49745228 180238661
#r 0 5.9181773824
35171072 185807900
#r 0 2.9478064573
582907428 511612935
#r 0 5.0658436302
582907428 510612935
#r 0 4.7368293226
582881248 511683893
#r 0 2.8991432029
616180789 -199370439
#r 0 2.5914217340
616180789 -198370439
#r 0 4.5300990171
616015177 -199268862
#r 0 4.3525646274
144982153 -279834439
#r 0 2.2983940475
144982153 -278834439
#r 0 3.5552867872
144341894 -279115532
#r 0 3.5726148836
-152837913 140842892
#r 0 5.1601262302
-152837913 139842892
#r 0 6.2521540023
-152350377 139827758
#r 0 5.3638474262
549838263 -730153584
#r 0 3.7288853885
549838263 -729153584
#r 0 4.2076611103
548964483 -730735208
#r 0 4.2777435975
-591139324 -247371007
#r 0 5.4308615958
-591139324 -246371007
#r 0 2.0586983793
-589789131 -248915197
#r 0 5.4562706658
-753947354 98952221
#r 0 6.1633876340
-753947354 97952221
#r 0 6.1747094135
-666768629 88458163
#r 0 2.9314846490
-98352464 -743450637
#r 0 1.1794757345
-98352464 -742450637
#r 0 4.7925119549
-98285250 -743287732
#r 0 1.1666202090
611104978 -524723090
#r 0 0.5321776361
611104978 -523723090
#r 0 6.1088621665
612412242 -523953313
#r 0 6.0919117394
-276948858 -364114257
#r 0 3.4269665831
-276948858 -363114257
#r 0 0.9034744876
-277973650 -364414912
#r 0 2.6316241570
-558362802 302376104
#r 0 2.3549205582
-558362802 301376104
#r 0 2.3445922200
-606148242 350283450
#r 0 2.3723863417
-267275647 10250653
#r 0 2.7713933338
