701687785 -541700890
#r 0 3.9075421683
701687785 -540700890
#r 0 0.4851900189
703988674 -539487803
#r 0 0.4867555318
-499127383 633119407
#r 0 6.1466972360
-499127383 632119407
#r 0 6.1933374029
-477964044 630212792
#r 1 -477749759 630178759
-483608482 -622730427
#r 0 4.4242227385
-483608482 -621730427
#r 0 4.0671112559
-483119537 -621080907
#r 0 4.0693135990
-400050622 -282770132
#r 0 6.2047165331
-400050622 -281770132
#r 0 5.5949146562
-398706179 -282875846
#r 0 5.5948156864
301295572 728310821
#r 0 1.3599838171
301295572 727310821
#r 0 5.0777726422
301158342 727669535
#r 0 5.0985789822
538670319 187274473
#r 0 1.3034931734
538670319 186274473
#r 0 3.9335039088
538291306 185890490
#r 0 4.5429148363
-356518068 -65592954
#r 0 0.4501814193
-356518068 -64592954
#r 0 2.0202613379
-356126873 -65403898
#r 0 0.8663846956
-276446552 932869643
#r 0 5.7415592429
-276446552 931869643
#r 0 6.1823103362
-274448245 931667377
#r 0 5.6514634093
-550539604 -271667289
#r 0 0.9345728870
-550539604 -270667289
#r 0 5.8182063928
-550000640 -270937668
#r 0 1.8306598386
-618319202 -169265767
#r 0 0.7012235100
-618319202 -168265767
#r 0 2.4871470481
-617698710 -168741835
#r 0 2.4857430618
755102565 -188650360
#r 0 4.0019445083
755102565 -187650360
#r 0 3.6424211471
756728571 -186760319
#r 0 1.8584331607
380790345 -501424583
#r 0 2.2261199515
380790345 -500424583
#r 0 0.4112815025
380214692 -500675657
#r 0 6.1464872671
-579009961 358478730
#r 0 0.2604404332
-579009961 357478730
#r 0 0.9499164812
-578126290 358714222
#r 0 2.7038524958
299350043 -849072587
#r 0 5.7050022587
299350043 -848072587
#r 0 5.6751272273
322360984 -864088944
#r 0 2.5467343333
547958642 -796389549
#r 0 3.1208983068
547958642 -795389549
#r 0 1.5642102808
547952057 -796389413
#r 0 1.7817824697
120566706 -818818612
#r 0 1.8523272665
120566706 -817818612
#r 0 1.8418171420
127643669 -843288374
#r 0 0.1588390868
137093106 -178832048
#r 0 3.6502921522
137093106 -177832048
#r 0 2.3252387071
137709795 -178488150
#r 0 2.3237809026
-671832205 450572368
#r 0 3.4455416269
-671832205 449572368
#r 0 3.4384285913
-800109523 410335826
#r 0 0.2959773342
-468532303 -84888903
#r 0 1.1515852375
-468532303 -83888903
#r 0 0.7511470165
-467769113 -83176281
#r 0 0.3892222025
242220329 -192797614
#r 0 2.8774874208
242220329 -191797614
#r 0 0.6241194702
241210808 -192524617
#r 0 5.2101388724
474168597 127670696
#r 0 2.0620930509
474168597 126670696
#r 0 4.6704558755
474207504 127597981
#r 0 3.8263176419
595496296 -707793242
#r 0 1.7749105080
595496296 -706793242
#r 0 1.7353468694
596335772 -711848741
#r 0 3.6277873841
677928845 -196320030
#r 0 3.7085652462
677928845 -195320030
#r 0 4.1756165105
676970828 -196930005
#r 0 1.6027006780
134234208 -184258840
#r 0 2.1005818799
134234208 -183258840
#r 0 2.1206662586
121084644 -161805095
#r 0 2.1206452414
-222667336 -46611794
#r 0 2.0675645581
-222667336 -45611794
#r 0 1.1390298679
-222916405 -46152354
#r 0 1.5914011493
219528894 970092025
#r 0 4.6177531856
219528894 969092025
#r 0 4.8101717667
219480653 969583797
#r 0 4.6212752863
-384209398 -106897359
#r 0 0.8846162833
-384209398 -105897359
#r 0 0.1612277751
-383264629 -105743702
#r 0 1.9110616044
615373946 -411111791
#r 0 6.0576614184
615373946 -410111791
#r 0 3.4064870832
613376726 -410653575
#r 0 2.0073840045
326662212 790338362
#r 0 1.4998892337
326662212 789338362
#r 0 4.1105313820
326582994 789223030
#r 0 1.5053532687
340630368 -61653550
#r 0 0.0925950320
340630368 -60653550
#r 0 4.5912290417
340507219 -61664986
#r 0 4.6017810639
-936931568 -253662529
#r 0 0.6337447882
-936931568 -252662529
#r 0 0.9869151748
-938215905 -254606344
#r 0 5.3218404391
-55698254 -527054964
#r 0 1.3465952751
-55698254 -526054964
#r 0 1.3043200786
-54312956 -520980019
#r 1 -54253185 -520916146
-176767589 -188188183
#r 0 1.1633757493
-176767589 -187188183
#r 0 1.1658219192
-240588896 -336070591
#r 0 4.4200649274
133207554 429148051
#r 0 3.6478464185
133207554 428148051
#r 0 5.7616933094
132321811 428656950
#r 0 5.3557118174
420725815 -425022251
#r 0 1.3794108748
420725815 -424022251
#r 0 5.3510883463
420879475 -424229194
#r 0 0.9244547950
-984543034 144270826
#r 0 5.5403586653
-984543034 143270826
#r 0 0.2123839212
-983661139 143460994
#r 0 0.6996553760
366737756 485628537
#r 0 2.1666048828
366737756 484628537
#r 0 6.2256981772
367443286 484587933
#r 0 5.5170156115
-649282821 -270779598
#r 0 2.1103323103
-649282821 -269779598
#r 0 2.0607384057
-644406188 -278923620
#r 0 0.3157649875
411724544 245564399
#r 0 1.8214759104
411724544 244564399
#r 0 4.6990687911
411737206 245514950
#r 0 1.0635768625
795592083 -315379132
#r 0 3.5776406070
795592083 -314379132
#r 0 1.0004963583
794677294 -315805389
#r 0 0.9993269998
-521849662 466816098
#r 0 1.7069614061
-521849662 465816098
#r 0 3.3126009525
-521715816 465839213
#r 0 1.7110511833
-558514126 -706353026
#r 0 5.1365179268
-558514126 -705353026
#r 0 5.0965936852
-554649548 -714911800
#r 1 -554340647 -715677269
-218018041 -776753981
#r 0 1.9638406889
-218018041 -775753981
#r 0 1.6754094897
-217877439 -777093093
#r 0 5.7196512666
517252615 315449462
#r 0 2.9487474570
517252615 314449462
#r 0 0.3741584666
518953507 315117326
#r 0 4.6970152631
-836634468 79323631
#r 0 2.0582192589
-836634468 78323631
#r 0 1.9945876784
-839663229 85037385
#r 1 -839751415 85256370
-478957491 -425697431
#r 0 4.5532575794
-478957491 -424697431
#r 0 0.1244678196
-478793714 -424676940
#r 0 0.1176407846
744680137 283363242
#r 0 5.1601453184
744680137 282363242
#r 0 2.5509747311
745388543 281888291
#r 0 2.8112258273
787479252 -388621533
#r 0 5.3721754516
787479252 -387621533
#r 0 3.5445418262
786896273 -387870042
#r 0 3.3110882208
734374273 161323653
#r 0 3.7074409871
734374273 160323653
#r 0 3.7011356724
620913403 89261622
#r 0 0.5472140591
-835925574 -325109799
#r 0 0.9095412946
-835925574 -324109799
#r 0 1.4138160650
-836124276 -325365161
#r 0 1.4250831003
191098699 -491490599
#r 0 2.1982948291
191098699 -490490599
#r 0 2.9349945363
190243391 -490311336
#r 0 3.3632631822
76967052 -918743877
#r 0 1.1950839341
76967052 -917743877
#r 0 0.3308600645
77423320 -917587155
#r 0 0.9882584487
-458212991 -390070259
#r 0 6.0116491240
-458212991 -389070259
#r 0 6.2411500544
-462443957 -388892304
#r 0 6.2274567599
-561441965 -303326039
#r 0 1.7983738791
-561441965 -302326039
#r 0 6.2034181231
-561677923 -302307177
#r 0 5.7575117471
-143029320 -288205830
#r 0 6.1643504253
-143029320 -287205830
#r 0 5.5873604460
-141632240 -288372638
#r 0 0.3857432962
-217724255 370576245
#r 0 2.7603379602
-217724255 369576245
#r 0 3.8799689498
-216961470 370270469
#r 0 0.8856298546
231282029 -813119927
#r 0 3.3151222281
231282029 -812119927
#r 0 5.7626892726
232618011 -812885739
#r 0 5.7693370949
-173650117 941397434
#r 0 0.1252601738
-173650117 940397434
#r 0 5.3172168482
-174286015 941317362
#r 0 4.4326783830
-974261600 -135035256
#r 0 0.5086544772
-974261600 -134035256
#r 0 5.9289997989
-973183285 -134433994
#r 0 0.5043319345
-219071864 876570219
#r 0 0.2646119224
-219071864 875570219
#r 0 0.0642452873
-223911383 875258874
#r 0 0.2766332258
841216372 -245702053
#r 0 1.0805912354
841216372 -244702053
#r 0 1.0396097788
847037472 -234794001
#r 0 1.0390770972
-554460271 622376857
#r 0 2.6070703787
-554460271 621376857
#r 0 2.5895348145
-596244960 647113725
#r 0 2.6067875008
-710372218 -603481641
#r 0 5.3760767895
-710372218 -602481641
#r 0 0.1061729215
-711094086 -602558573
#r 0 0.9737285496
57367412 137137296
#r 0 5.2141208626
57367412 136137296
#r 0 2.3140060281
58728274 134656477
#r 0 1.8411022406
350298717 99524416
#r 0 1.9164358923
350298717 98524416
#r 0 5.6816287342
350777044 98196081
#r 0 5.6882652717
124361302 -505132095
#r 0 2.4652894017
124361302 -504132095
#r 0 3.3726352604
123397733 -504358768
#r 0 1.1866187400
-544744435 413022941
#r 0 5.9202705910
-544744435 412022941
#r 0 1.4090597024
-544590793 412964598
#r 0 5.8182090188
-119196968 -904270036
#r 0 0.6925379926
-119196968 -903270036
#r 0 1.1888352691
-119799421 -904769838
#r 0 0.6934521428
-804414631 -463783652
#r 0 0.7927186103
-804414631 -462783652
#r 0 1.5428082572
-804443445 -463812891
#r 0 0.8344533875
551441948 -761356956
#r 0 1.5673095355
551441948 -760356956
#r 0 1.8341493796
551445390 -760369723
#r 0 3.5472398300
27156741 -865736728
#r 0 0.8555139006
27156741 -864736728
#r 0 3.1669648513
28045082 -864714184
#r 0 1.8362244187
940217810 -146619311
#r 0 1.5810494909
940217810 -145619311
#r 0 3.8952915200
940207654 -145628843
#r 0 1.5896866521
-914055295 46387478
#r 0 1.1337769782
-914055295 45387478
#r 0 5.6937923079
-914411250 45625497
#r 0 0.1912391941
-936955659 -34943340
#r 0 0.0034589900
-936955659 -33943340
#r 0 6.2828443814
-673792888 -34033059
#r 0 3.1352612105
-369379595 277222742
#r 0 0.2114161831
-369379595 276222742
#r 0 0.2432870367
-339599958 283614149
#r 0 0.2090503353
-821124475 11788443
#r 0 5.2879019231
-821124475 10788443
#r 0 5.2926816417
-758693037 -84441413
#r 0 2.1482196888
-490967586 616064171
#r 0 2.8039594743
-490967586 615064171
#r 0 2.7976179816
-631041272 665240697
#r 0 5.9472435788
-678074763 -588467848
#r 0 5.2440883690
-678074763 -587467848
#r 0 5.2357786293
-647579161 -640313299
#r 0 5.2492798250
217643120 -215305082
#r 0 0.9593699220
217643120 -214305082
#r 0 5.4334845553
218033122 -214748766
#r 0 5.7051381004
-682169509 -158834214
#r 0 2.2988300162
-682169509 -157834214
#r 0 0.7384714387
-682661600 -158282160
#r 0 1.6473263629
557597791 508080141
#r 0 4.1945524528
557597791 507080141
#r 0 4.8528501366
557484513 507881301
#r 0 3.6210122778
639262792 -399950495
#r 0 0.6739001475
639262792 -398950495
#r 0 3.4512475948
641351892 -398282093
#r 0 1.8289761700
61684808 -566926225
#r 0 2.1008344058
61684808 -565926225
#r 0 2.1248137387
50591593 -547994796
#r 0 2.1228466062
523190902 523430949
#r 0 3.7439441427
523190902 522430949
#r 0 3.8424991408
529591119 527831703
#r 0 2.9087289581
-97120665 -106773775
#r 0 4.7821247220
-97120665 -105773775
#r 0 1.2685993160
-97177728 -105956820
#r 0 1.1141004445
-565009351 514254679
#r 0 6.2398163512
-565009351 513254679
#r 0 1.9259544828
-565386303 514271037
#r 0 6.2318366681
334580786 -482417867
#r 0 6.0748239565
334580786 -481417867
#r 0 0.8386288424
333825493 -482258175
#r 0 0.8304924583
-302732954 278207160
#r 0 1.5975657337
-302732954 277207160
#r 0 1.5914644758
-302823619 281593249
#r 0 1.6001713890
-258338693 -552221732
#r 0 0.0895077625
-258338693 -551221732
#r 0 0.0497157539
-233332949 -549977527
#r 0 1.7399902725
-571070279 -284224233
#r 0 1.1443078169
-571070279 -283224233
#r 0 6.2669130492
-570619236 -283231573
#r 0 1.4502529391
481874853 641887316
#r 0 5.7522378232
481874853 640887316
#r 0 3.2899605293
483232337 641090214
#r 0 4.4188158025
-479273610 -106822827
#r 0 0.7642033559
-479273610 -105822827
#r 0 1.6499130890
-479199927 -106752203
#r 0 5.8843133378
-4238218 -621301856
#r 0 5.9172000240
-4238218 -620301856
#r 0 1.1702910930
-4602497 -621162245
#r 0 1.8337927285
-213551122 -22815755
#r 0 1.8250548297
-213551122 -21815755
#r 0 5.6717645674
-213868900 -21592981
#r 0 0.1092945472
-874003763 -51756842
#r 0 0.6803263914
-874003763 -50756842
#r 0 0.6609287404
-842365406 -26155041
#r 0 6.1354615384
-191082364 -706539912
#r 0 5.3358632067
-191082364 -705539912
#r 0 1.8387525042
-190638256 -707157443
#r 0 2.0148296432
-712230836 221529366
#r 0 0.3480989017
-712230836 220529366
#r 0 1.6658947648
-712323031 221495911
#r 0 4.4057979697
-780382671 126943689
#r 0 0.3357875015
-780382671 125943689
#r 0 4.9607864736
-780615681 126862368
#r 0 0.4043841420
-236286024 -513307999
#r 0 5.1430363245
-236286024 -512307999
#r 0 3.9267369482
-236600863 -512622679
#r 0 1.7642636333
432125842 146983063
#r 0 3.8102492230
432125842 145983063
#r 0 4.4548316513
432458474 147245865
#r 0 4.8793040999
-261116530 -918750953
#r 0 0.6710189983
-261116530 -917750953
#r 0 0.2651308341
-259202255 -917231183
#r 0 1.2760059378
118024946 613168088
#r 0 6.2205188773
118024946 612168088
#r 0 0.2304150858
121388214 612957048
#r 0 5.2869950042
-464226731 -787773296
#r 0 0.3368742843
-464226731 -786773296
#r 0 0.4734223226
-470397480 -789934440
#r 0 3.5385860605
-243669211 -909135288
#r 0 0.2374870333
-243669211 -908135288
#r 0 0.2352100052
171420668 -808660759
#r 0 2.0153893679
-477273716 873997373
#r 0 6.2795199334
-477273716 872997373
#r 0 4.1246841895
-476609102 873994937
#r 0 4.5744763341
-723337552 322551553
#r 0 1.6687092399
-723337552 321551553
#r 0 5.7708218465
-723233581 321493073
#r 0 1.6557755519
-109826943 -461038229
#r 0 5.7440657882
-109826943 -460038229
#r 0 1.2423038062
-110110057 -460868861
#r 0 5.8803020814
273596302 -710435175
#r 0 5.8287548300
273596302 -709435175
#r 0 4.9880632526
273924539 -710595529
#r 0 5.0005572820
-495340295 -231301155
#r 0 0.8671982634
-495340295 -230301155
#r 0 6.1785508102
-494561253 -230382969
#r 0 6.1080663224
-335666797 -774290530
#r 0 1.2801230423
-335666797 -773290530
#r 0 3.3669520637
-335345625 -773216900
#r 0 0.5908468943
-44434562 -424288087
#r 0 0.6490557723
-44434562 -423288087
#r 0 5.3739085150
-43945126 -423916744
#r 0 1.9780279570
482272679 648017210
#r 0 4.6274622060
482272679 647017210
#r 0 3.2702464386
482186599 647006074
#r 0 3.1867771388
-848718430 -335529233
#r 0 6.2090908798
-848718430 -334529233
#r 0 1.0124046274
-849315456 -335484916
#r 0 0.7344100038
-538168394 -366123595
#r 0 6.1734203558
-538168394 -365123595
#r 0 1.5183379714
-538220598 -366117842
#r 0 1.5551756041
780704324 -493859950
#r 0 0.4267110191
780704324 -492859950
#r 0 0.4088851018
827564893 -472554968
#r 0 0.4138171572
101574837 -660299922
#r 0 2.0163522377
101574837 -659299922
#r 0 0.3546543589
101169022 -659450200
#r 0 5.5256934534
274165912 -778182756
#r 0 5.1906462423
274165912 -777182756
#r 0 5.1982666110
245962073 -723776968
#r 0 1.0637043818
-30247511 -354320033
#r 0 3.3321663506
-30247511 -353320033
#r 0 2.8759927286
-28096703 -353905110
#r 0 2.8807882020
196232884 -273237791
#r 0 1.7847203008
196232884 -272237791
#r 0 0.6915000673
196048752 -272390227
#r 0 2.1704905175
-43571381 -254057842
#r 0 4.3137903996
-43571381 -253057842
#r 0 3.7334336886
-42983930 -252662942
#r 0 0.3651960731
245238934 77228773
#r 0 2.4719598779
245238934 76228773
#r 0 6.1771089048
246698403 76073374
#r 0 1.9232653986
691449954 36763389
#r 0 2.2534475416
691449954 35763389
#r 0 4.4123448466
691674061 36487753
#r 0 1.8586453915
305194638 -415436078
#r 0 0.3959664786
305194638 -414436078
#r 0 0.3223477311
317092352 -410462277
#r 0 0.3870860096
326597884 -216545057
#r 0 1.7618263099
326597884 -215545057
#r 0 5.4205266248
326348079 -215253330
#r 0 1.6574805062
48717586 -293671845
#r 0 3.4878672146
48717586 -292671845
#r 0 3.4928200488
-129609001 -358014284
#r 0 0.3458655502
530625494 -89118625
#r 0 2.2401580069
530625494 -88118625
#r 0 2.2489306339
486253250 -33037531
#r 0 5.3886188027
42124448 645983829
#r 0 4.5595761546
42124448 644983829
#r 0 6.2291341426
41971707 644992093
#r 0 6.0886034926
-178491570 670902010
#r 0 2.6347710579
-178491570 669902010
#r 0 2.6221187022
-238478486 704206340
#r 0 6.0536296966
78464923 432039983
#r 0 3.9109092252
78464923 431039983
#r 0 3.0813303366
77492802 431098636
#r 0 0.1201237403
160031141 -417843750
#r 0 2.1492552606
160031141 -416843750
#r 0 3.0972058732
159358670 -416813882
#r 0 1.0946475892
-430166093 553065446
#r 0 5.8116061441
-430166093 552065446
#r 0 5.1635816429
-430809629 553393620
#r 0 5.8078373858
17710008 853207122
#r 0 3.4344293325
17710008 852207122
#r 0 0.2459928816
-2120710 847228067
#r 0 2.2266550225
14875479 -715975258
#r 0 6.1077352670
14875479 -714975258
#r 0 0.6868084093
13872729 -715797498
#r 0 1.4506238933
-415569731 -638404763
#r 0 5.9864846044
-415569731 -637404763
#r 0 0.3198366829
-417139755 -637924768
#r 0 0.2414405064
-773961145 -176289730
#r 0 0.6633698896
-773961145 -175289730
#r 0 1.7002625079
-773842974 -176197377
#r 0 0.0149532881
940988252 -325744210
#r 0 4.1082731805
940988252 -324744210
#r 0 4.1124037033
863339372 -438246849
#r 0 4.1237674842
-826089410 389315028
#r 0 0.5820786391
-826089410 388315028
#r 0 0.4324668704
-831177608 385966264
#r 0 5.8080996009
787581078 -76307990
#r 0 0.8653907354
787581078 -75307990
#r 0 2.0283549320
787893079 -75941608
#r 0 3.0447199834
-720594767 -54294382
#r 0 2.8579119038
-720594767 -53294382
#r 0 2.8741446697
-777636296 -37664285
#r 0 2.8733293031
594911311 732837332
#r 0 3.4868422009
594911311 731837332
#r 0 2.6538466632
593787906 732433294
#r 0 3.2007323599
288809318 -738112341
#r 0 5.9338236121
288809318 -737112341
#r 0 5.9189613785
347884354 -759633690
#r 0 0.8132799591
-344837829 -486706031
#r 0 0.6114728389
-344837829 -485706031
#r 0 0.8026125355
-347832541 -488805664
#r 0 0.7941373136
-62712054 -847301326
#r 0 4.1727943609
-62712054 -846301326
#r 0 4.1982923460
-72621933 -863848716
#r 0 4.2004212186
-250419138 -693493865
#r 0 5.5054819154
-250419138 -692493865
#r 0 1.1146317183
-250749967 -693168089
#r 0 1.6010100407
366755340 -91389671
#r 0 4.4725676224
366755340 -90389671
#r 0 0.3157066175
367021093 -90302868
#r 0 0.3144926283
961566412 68953195
#r 0 2.2246867724
961566412 67953195
#r 0 2.2168238360
914993560 129724590
#r 0 3.4223871269
597164501 -516317146
#r 0 2.4113636846
597164501 -515317146
#r 0 3.1400282471
596045639 -515315396
#r 0 0.8409939588
-877313621 -335845740
#r 0 1.2922075332
-877313621 -334845740
#r 0 6.2731703422
-877028411 -334848596
#r 0 0.8865120848
-380835327 -806301119
#r 0 3.2289286169
-380835327 -805301119
#r 0 1.5183966761
-380888017 -806305732
#r 0 3.2285444558
822465216 -184570263
#r 0 5.2241279972
822465216 -183570263
#r 0 5.2190852790
869591656 -268478280
#r 0 2.0653296642
186036512 447263379
#r 0 1.1533893577
186036512 446263379
#r 0 1.3946419997
186333862 447933893
#r 0 1.7956492213
-324336703 -906969741
#r 0 2.7580005965
-324336703 -905969741
#r 0 1.4495911840
-324452798 -906922887
#r 0 2.7585632541
-23877194 30146238
#r 0 1.1865339549
-23877194 29146238
#r 0 4.5657596310
-23644525 30721634
#r 0 5.4604480221
-646955563 126488175
#r 0 1.8415192086
-646955563 125488175
#r 0 3.9735963361
-646742841 125721710
#r 0 3.9694636784
647455009 119171730
#r 0 6.1951181153
647455009 118171730
#r 0 2.0539881508
646904847 119220307
#r 0 6.2028200858
-614105525 708095676
#r 0 0.1138484383
-614105525 707095676
#r 0 4.5699102044
-613959682 708112352
#r 0 4.5727635415
-144601442 -246545691
#r 0 0.3021462997
-144601442 -245545691
#r 0 4.0745681145
-145565258 -246846102
#r 0 2.8253316980
-755786970 456770808
#r 0 5.4361242190
-755786970 455770808
#r 0 5.4582065473
-735436793 433742384
#r 0 5.4459121383
-942398078 -178453409
#r 0 0.7629513878
-942398078 -177453409
#r 0 0.7565753675
-859961553 -99637099
#r 0 0.7226841211
711522906 98276513
#r 0 2.7373150575
711522906 97276513
#r 0 2.0306848104
710894407 98545413
#r 0 0.9808201441
-865732126 -389513957
#r 0 0.9808146786
-865732126 -388513957
#r 0 0.0651798697
-865032000 -388468258
#r 0 0.7360063415
457994694 -775492143
#r 0 3.9506001581
457994694 -774492143
#r 0 3.9754995739
439365135 -795022807
#r 0 0.8215318316
223679184 -734348721
#r 0 3.2607839904
223679184 -733348721
#r 0 5.3438591402
224351653 -734268187
#r 0 5.3490256970
590989480 604339845
#r 0 3.1394606498
590989480 603339845
#r 0 3.2741633544
598370379 604324109
#r 0 3.8756143042
33739637 326385330
#r 0 2.5242536292
33739637 325385330
#r 0 2.5067468276
-3764702 353009639
#r 1 -3167672 352623610
107088828 -31836439
#r 0 2.1809206907
107088828 -30836439
#r 0 6.2458311471
106370969 -30809611
#r 0 1.3185439959
-86557720 15314172
#r 0 2.2367152214
-86557720 14314172
#r 0 4.7323856019
-86578242 15340293
#r 0 5.7919219791
187576655 288198927
#r 0 0.6093078775
187576655 287198927
#r 0 2.9002365124
186517382 287459672
#r 0 1.4478557273
376013911 294524797
#r 0 1.1510548161
376013911 293524797
#r 0 0.3925739794
375466496 293298130
#r 0 4.8626461701
278966036 620220652
#r 0 3.7454578982
278966036 619220652
#r 0 3.7161899216
255354650 603932899
#r 1 255293063 603698331
-721859489 -551390151
#r 0 1.2977310827
-721859489 -550390151
#r 0 0.4854799493
-721530872 -550216774
#r 0 1.5867785124
388898961 -22604958
#r 0 1.3178438327
388898961 -21604958
#r 0 4.4557039254
405921046 43247227
#r 0 1.3237755505
-862956667 140643757
#r 0 0.2828807881
-862956667 139643757
#r 0 0.2890657192
-714140006 183901176
#r 0 0.2916360611
-64393835 -548376194
#r 0 0.2281676554
-64393835 -547376194
#r 0 0.2214315388
76682483 -515616666
#r 0 3.3675323898
-682022435 430113840
#r 0 3.1205523721
-682022435 429113840
#r 0 3.1038895121
-741982992 431375613
#r 0 6.2548470111
129522077 617343422
#r 0 6.0598541373
129522077 616343422
#r 0 5.1748265539
128959946 617471093
#r 0 6.0569721565
-709725211 -135667791
#r 0 1.2956122204
-709725211 -134667791
#r 0 2.2521526845
-709515784 -134926054
#r 0 2.2535390442
882172595 169931446
#r 0 5.3812544377
882172595 168931446
#r 0 1.4565097027
882272826 169804637
#r 0 4.0271466433
29768177 179516482
#r 0 5.5009259305
29768177 178516482
#r 0 1.3253205658
29968766 179317148
#r 0 3.0243935457
258981388 553416150
#r 0 2.0105237132
258981388 552416150
#r 0 2.5998013332
259637656 552021164
#r 0 2.2124138465
867622611 474026919
#r 0 5.1493870924
867622611 473026919
#r 0 3.4853521068
868022810 473170179
#r 0 5.1426691841
494169261 705240858
#r 0 3.3835079885
494169261 704240858
#r 0 3.3811698599
90790316 605708033
#r 0 5.6202262758
122469093 -725635014
#r 0 0.8313117163
122469093 -724635014
#r 0 6.0709764455
123231422 -724799260
#r 0 1.9811647190
-603116602 -663308573
#r 0 5.0773391240
-603116602 -662308573
#r 0 1.6907563677
-602940506 -663769478
#r 0 5.0866423676
-145539966 -887360284
#r 0 0.2715951387
-145539966 -886360284
#r 0 0.2600703261
-64760399 -864865096
#r 0 3.3998409868
682414660 608429595
#r 0 2.6588295272
682414660 607429595
#r 0 3.6612309788
683326894 607951468
#r 0 5.1804397529
-490982295 -354183775
#r 0 2.3215006685
-490982295 -353183775
#r 0 0.0012192828
-491914148 -353184911
#r 0 4.6133275626
-802812116 -220135267
#r 0 1.5130036650
-802812116 -219135267
#r 0 0.8665876679
-802750030 -219062183
#r 0 1.5191540950
250470454 471718324
#r 0 1.5456041954
250470454 470718324
#r 0 2.1315178913
250446229 470756902
#r 0 1.7623720206
439852827 37625603
#r 0 2.5519618070
439852827 36625603
#r 0 2.5207096894
418217966 52099782
#r 0 2.5452398845
-160210028 -311873695
#r 0 0.7180877430
-160210028 -310873695
#r 0 1.1732983877
-160873101 -312453015
#r 0 6.2695777693
378118500 -176315695
#r 0 0.8163997001
378118500 -175315695
#r 0 4.2819347679
377220697 -177270964
#r 0 1.4360968899
-866575725 -214630372
#r 0 1.1331167548
-866575725 -213630372
#r 0 1.1763849737
-870341011 -222676733
#r 0 1.2955908568
135413484 36622920
#r 0 4.6297634369
135413484 35622920
#r 0 5.1607944291
135342832 35769778
#r 0 4.6342300352
133848038 926203271
#r 0 5.9810660087
133848038 925203271
#r 0 6.0005855724
180821249 911563606
#r 0 6.0059194931
152317393 -838586251
#r 0 2.3191558460
152317393 -837586251
#r 0 6.1446965602
151250820 -837437591
#r 0 6.1464262111
866394399 -388688067
#r 0 1.6774435201
866394399 -387688067
#r 0 4.4470747499
866317602 -387970699
#r 0 2.9034612356
-110683473 -855371776
#r 0 5.9504278312
-110683473 -854371776
#r 0 5.9354266393
-51448106 -875844039
#r 0 2.7989796075
-778756986 -564076853
#r 0 1.2193470274
-778756986 -563076853
#r 0 6.0936641994
-778414410 -563142567
#r 0 0.0584549534
-737950047 -439455128
#r 0 5.7107426520
-737950047 -438455128
#r 0 0.8456946686
-738514089 -439091648
#r 0 0.8850572510
-609784449 -471338019
#r 0 0.4095624834
-609784449 -470338019
#r 0 1.4239585265
-609942499 -471406630
#r 0 1.2591343926
-23189346 649857189
#r 0 3.4020654726
-23189346 648857189
#r 0 4.8863655739
-23357235 649812442
#r 0 6.0852142267
919027675 186956176
#r 0 3.8775472674
919027675 185956176
#r 0 1.6318021813
918969795 186903754
#r 0 4.9229824174
-462062882 -817316296
#r 0 3.1759937290
-462062882 -816316296
#r 0 0.5301489406
-463875453 -817378675
#r 0 0.8984116555
-122964257 -333624352
#r 0 6.1359378582
-122964257 -332624352
#r 0 6.1164416492
-72927811 -341045806
#r 0 2.9773639029
-340634393 559951828
#r 0 5.4866105109
-340634393 558951828
#r 0 3.3774603998
-339842595 559142130
#r 0 0.5565034747
-909594700 -252680642
#r 0 0.8550024259
-909594700 -251680642
#r 0 0.4731092027
-908027301 -250878316
#r 0 1.0828011440
43912064 302995607
#r 0 0.0550869885
43912064 301995607
#r 0 0.0579078070
397288494 322481765
#r 0 2.0878352015
117420708 890129395
#r 0 3.9552443642
117420708 889129395
#r 0 5.8936539142
116739821 889408904
#r 0 5.8830748648
-468178342 -347725758
#r 0 2.3748444255
-468178342 -346725758
#r 0 6.2042640972
-469309188 -346636324
#r 0 6.0482738646
71200613 -222501511
#r 0 0.9257903771
71200613 -221501511
#r 0 0.9109375804
96014409 -189519966
#r 0 0.9181278168
-243623499 -789879633
#r 0 5.8565176925
-243623499 -788879633
#r 0 6.1409548627
-246834839 -788419778
#r 0 1.6018567932
-769324329 107708350
#r 0 4.5516769363
-769324329 106708350
#r 0 1.0348051998
-769547288 106332994
#r 0 4.5562264981
635566251 196520845
#r 0 5.0971207779
635566251 195520845
#r 0 5.1015311073
667852126 116784881
#r 0 2.2996270818
195202581 -473800941
#r 0 0.9231151129
195202581 -472800941
#r 0 0.3588417977
196258876 -472404745
#r 0 3.4496303988
308865562 -904406367
#r 0 1.3691926375
308865562 -903406367
#r 0 1.3633841248
315964706 -869671370
#r 0 1.3675665017
710295145 -265660052
#r 0 0.2378103050
710295145 -264660052
#r 0 3.9397814355
709018848 -265969423
#r 0 0.2424408485
-659887626 -690524746
#r 0 5.4528060653
-659887626 -689524746
#r 0 5.4501483472
582191960 -738122481
#r 0 1.8304368852
582191960 -737122481
#r 0 1.6782298038
582373524 -738805985
#r 0 3.5086575697
619956929 619639294
#r 0 3.8870494113
619956929 618639294
#r 0 5.6177630911
619371441 619098803
#r 0 4.5798335372
279378978 182926265
#r 0 5.1661060680
279378978 181926265
#r 0 2.3730507666
280301643 181034193
#r 0 0.4917522112
-31041134 -356688329
#r 0 2.8107895512
-31041134 -355688329
#r 0 1.2846422941
-31308361 -356596557
#r 0 2.8099158644
531322273 778893238
#r 0 4.4747174033
531322273 777893238
#r 0 3.5754828120
531049394 777766803
#r 0 4.5448403060
-409016762 -551302065
#r 0 0.1230710185
-409016762 -550302065
#r 0 4.2485883660
-409549942 -551368017
#r 0 0.7935180633
-242530425 -410578653
#r 0 2.5116465210
-242530425 -409578653
#r 0 2.5476164992
-261151533 -397003265
#r 0 5.7029261481
280793211 -921368331
#r 0 1.0247957754
280793211 -920368331
#r 0 1.0163370886
313114093 -868175373
#r 0 1.0017985889
730390034 137322819
#r 0 2.9902403461
730390034 136322819
#r 0 3.4271356210
732631764 136980913
#r 0 3.4346416239
336241334 349827929
#r 0 0.7969281373
336241334 348827929
#r 0 1.9955885901
335932128 349511509
#r 0 5.6745626737
182629508 -60733374
#r 0 0.4773899101
182629508 -59733374
#r 0 1.5107527301
182567463 -60765470
#r 0 0.7859991409
-14583895 -391538609
#r 0 5.0742122289
-14583895 -390538609
#r 0 2.4820504020
-15119590 -390123247
#r 0 2.4854119036
-529968658 -541423045
#r 0 0.2178303504
-529968658 -540423045
#r 0 0.4184296047
-534445978 -542414066
#r 0 2.0350249417
-295721070 -115687762
#r 0 1.4592102641
-295721070 -114687762
#r 0 1.9613680427
-295632990 -114901693
#r 0 5.9339100238
-860392259 105310463
#r 0 5.1695015902
-860392259 104310463
#r 0 5.1684224043
134282577 690186611
#r 0 5.7093645684
134282577 689186611
#r 0 5.0556107209
133817867 690486987
#r 0 4.9212722710
120775521 105317247
#r 0 3.2924499833
120775521 104317247
#r 0 4.9148846607
120576425 105286982
#r 0 2.9178542486
705482076 -427802156
#r 0 2.8657918166
705482076 -426802156
#r 0 6.0142097600
569573246 -389338136
#r 0 2.8854282460
67711290 -820628312
#r 0 2.1408816400
67711290 -819628312
#r 0 3.4661578872
67183950 -819805743
#r 0 3.4656960387
433987350 508403551
#r 0 5.4341750112
433987350 507403551
#r 0 4.5056547699
434156724 508211131
#r 0 5.4317605134
-118050258 19266698
#r 0 0.0720932149
-118050258 18266698
#r 0 2.2605323420
-118828772 19210475
#r 0 2.1669327999
-797637337 -148047045
#r 0 1.5236726210
-797637337 -147047045
#r 0 1.5188983648
-797125502 -137193568
#r 0 1.5259991312
-297627869 -312378482
#r 0 0.7029958525
-297627869 -311378482
#r 0 5.1265823331
-297307570 -312107054
#r 0 5.1222486874
526708312 738674488
#r 0 2.5443539357
526708312 737674488
#r 0 2.5369457675
434878279 801127245
#r 0 2.7155941210
902408713 326691638
#r 0 1.5133059519
902408713 325691638
#r 0 3.8947793071
902347876 325634600
#r 0 1.5108365529
194389026 724215994
#r 0 4.9862619691
194389026 723215994
#r 0 4.9458589909
192839890 729730264
#r 0 5.4993581514
479784988 -770379991
#r 0 3.6739763892
479784988 -769379991
#r 0 3.6931060384
441420608 -792981351
#r 1 440943032 -793305865
-131810955 348029062
#r 0 2.3446636316
-131810955 347029062
#r 0 1.0212912577
-131434475 347643798
#r 0 2.3489768725
586522933 -217901995
#r 0 0.7356512259
586522933 -216901995
#r 0 4.5337978816
586307164 -218097298
#r 0 3.9925767450
-187748036 23994930
#r 0 0.9559328848
-187748036 22994930
#r 0 4.5476834058
-187530662 24302745
#r 0 2.5311482289
352205545 -810872443
#r 0 4.1100213030
352205545 -809872443
#r 0 4.1197668947
319732421 -858097951
#r 0 4.1001884440
-281264150 625950435
#r 0 3.5492435043
-281264150 624950435
#r 0 5.2792563525
-281763453 625734815
#r 0 5.7981265214
805993669 -555805939
#r 0 1.4380132269
805993669 -554805939
#r 0 1.1492272052
806183895 -554381758
#r 0 1.1572700205
109176579 830254230
#r 0 5.2272271698
109176579 829254230
#r 0 0.0062649956
109740309 829257762
#r 0 0.0042275402
454603456 -115132683
#r 0 0.9909333474
454603456 -114132683
#r 0 0.9886223415
584963716 83898931
#r 0 0.3904047873
-841858840 456991149
#r 0 6.0500477680
-841858840 455991149
#r 0 0.7517315214
-841005810 456788592
#r 0 5.7161460260
-394302774 -111391377
#r 0 6.1981404485
-394302774 -110391377
#r 0 1.2887401967
-394585570 -111367269
#r 0 5.1636748073
-44928054 515757560
#r 0 0.3080967012
-44928054 514757560
#r 0 6.1089012496
-46951115 515113761
#r 0 3.8573768921
-121117037 -740886462
#r 0 5.0612697294
-121117037 -739886462
#r 0 0.3528147164
-121437829 -740004585
#r 0 0.3555733344
-104972969 -794518837
#r 0 1.0890167363
-104972969 -793518837
#r 0 5.1005762100
-104743499 -794079975
#r 0 5.1016598011
-228728329 -70115130
#r 0 1.7704090232
-228728329 -69115130
#r 0 5.9828643342
-228944158 -69048290
#r 0 5.8546558666
211817052 -353830981
#r 0 0.3178618401
211817052 -352830981
#r 0 0.3096623025
322156831 -317527195
#r 0 3.4598554920
714039536 -444378998
#r 0 2.5400938452
714039536 -443378998
#r 0 1.3656046527
713857428 -444254010
#r 0 2.0451655904
210279624 -719446913
#r 0 1.9087720422
210279624 -718446913
#r 0 5.3615791343
209625010 -717584361
#r 0 5.3600529129
-252990652 907596128
#r 0 0.2077407157
-252990652 906596128
#r 0 0.2074954467
-111775591 385835601
#r 0 2.6465036093
-111775591 384835601
#r 0 3.5951533711
-110802258 385310057
#r 0 2.6458957320
-751715650 246572132
#r 0 5.5085361559
-751715650 245572132
#r 0 1.4692376134
-751622983 246481436
#r 0 0.3827558226
734240015 -107718197
#r 0 2.2856736071
734240015 -106718197
#r 0 2.1417616984
736710280 -110563977
#r 0 3.8552620662
451097033 876365304
#r 0 3.1760058455
451097033 875365304
#r 0 3.1767243052
-213751703 -188883800
#r 0 0.7826120965
-213751703 -187883800
#r 0 6.2469640144
-212781470 -187918958
#r 0 4.4968994965
-871609781 -439190600
#r 0 6.2235209300
-871609781 -438190600
#r 0 1.3767877888
-871803982 -439178999
#r 0 5.7870613918
873731973 -187795839
#r 0 4.2007355643
873731973 -186795839
#r 0 4.2135410240
855439200 -220372416
#r 0 4.1972433045
476321941 -514170025
#r 0 6.1798246541
476321941 -513170025
#r 0 0.8635408949
475536789 -514088581
#r 0 6.1869501454
648529161 -258031637
#r 0 0.1283631711
648529161 -257031637
#r 0 5.4711719399
649373918 -257922602
#r 0 3.4593467741
-947200162 54478327
#r 0 0.2889642159
-947200162 53478327
#r 0 1.0557807055
-946519713 54680614
#r 0 0.2745439748
-72923073 965837855
#r 0 5.0219991839
-72923073 964837855
#r 0 5.0212616907
533900477 -572149686
#r 0 2.2550787733
533900477 -571149686
#r 0 2.2647948296
492287034 -521138373
#r 0 2.2603549991
-787439174 -505763987
#r 0 0.2001211129
-787439174 -504763987
#r 0 1.1091192109
-787992560 -505876234
#r 0 1.5144501063
-244124713 -774407860
#r 0 1.7855808281
-244124713 -773407860
#r 0 0.9283616938
-244293623 -773633574
#r 0 5.7786015099
912688030 366379819
#r 0 1.8264871368
912688030 365379819
#r 0 1.8164209939
906578426 389751310
#r 0 1.8011909171
65744808 676218049
#r 0 5.6872712878
65744808 675218049
#r 0 5.8501307910
70378043 673075997
#r 0 1.0156331705
-530446177 836542796
#r 0 5.8843313896
-530446177 835542796
#r 0 0.0441537895
-528298528 835637685
#r 0 5.8852560547
-415563059 -298865844
#r 0 5.7159777067
-415563059 -297865844
#r 0 4.4734429114
-415773935 -298731509
#r 0 5.6243617655
-886033412 -228132643
#r 0 1.1162700617
-886033412 -227132643
#r 0 1.1241510598
-910096419 -277376515
#r 0 6.2672082149
-277974413 -935647969
#r 0 0.5057769044
-277974413 -934647969
#r 0 0.9213716150
-279284719 -936373652
#r 0 1.5229285223
200104270 740576328
#r 0 0.9826224544
200104270 739576328
#r 0 4.8999012122
199956555 740354837
#r 0 4.8794192123
-138670661 -326693416
#r 0 3.6808705536
-138670661 -325693416
#r 0 5.4314727999
-138096186 -326349622
#r 0 6.0567723733
-420259027 -893966584
#r 0 2.5942122109
-420259027 -892966584
#r 0 2.5918268036
-798050443 -196980374
#r 0 0.9118351696
-798050443 -195980374
#r 0 1.5342758916
-798088789 -197029888
#r 0 1.5354864589
-402542994 -134498653
#r 0 1.7691116941
-402542994 -133498653
#r 0 2.8928205148
-402754761 -133444857
#r 0 0.8942535508
508744237 816338581
#r 0 4.5785870802
508744237 815338581
#r 0 4.4786994979
508434455 814037188
#r 0 3.7855078105
-397593185 913590386
#r 0 5.2086286421
-397593185 912590386
#r 0 4.3146222044
-397356610 913153441
#r 0 5.8644958947
-443314379 -868631678
#r 0 2.6868251409
-443314379 -867631678
#r 0 2.6954629170
-537140018 -822755758
#r 0 2.6252407312
-533147680 613971414
#r 0 2.6414979738
-533147680 612971414
#r 0 4.7584140517
-533194927 613997231
#r 0 4.7634081201
-770932227 -336799630
#r 0 0.3089322808
-770932227 -335799630
#r 0 1.6413947459
-770863072 -336777559
#r 0 1.1589746000
-313801222 -169811900
#r 0 6.0389482877
-313801222 -168811900
#r 0 0.9855257014
-314370009 -169670151
#r 0 4.9454273201
396351162 236536477
#r 0 1.8427751226
396351162 235536477
#r 0 1.4616150453
396429851 236254327
#r 0 0.9833389218
653214263 -656222690
#r 0 2.4413750713
653214263 -655222690
#r 0 2.7351396274
650788490 -654178587
#r 0 1.8161935406
-126037657 252119065
#r 0 0.7855721015
-126037657 251119065
#r 0 4.5063069488
-125773330 252383484
#r 0 2.4526476386
795662488 -210263076
#r 0 5.9036660201
795662488 -209263076
#r 0 3.3197244322
793935061 -209574082
#r 0 1.4587157059
-552602322 134431660
#r 0 1.1836997654
-552602322 133431660
#r 0 1.5109861850
-552532130 134603841
#r 0 5.7206509290
-25074801 475442830
#r 0 0.9014539789
-25074801 474442830
#r 0 3.7239965696
-26726824 473354792
#r 0 0.6187981103
-581753711 58339560
#r 0 0.9514345304
-581753711 57339560
#r 0 1.1865920119
-580819834 59649445
#r 0 0.6898545787
-123676106 -141587957
#r 0 5.1075937702
-123676106 -140587957
#r 0 1.7733658665
-123271520 -142557834
#r 0 4.2215295894
-770394741 -202777594
#r 0 1.6935693440
-770394741 -201777594
#r 0 6.0857652396
-770521257 -201752288
#r 0 1.6974252917
226219170 40973701
#r 0 0.0897745777
226219170 39973701
#r 0 1.6957101720
226095006 40962524
#r 0 2.5486197963
-730767039 -317649186
#r 0 5.0687505088
-730767039 -316649186
#r 0 1.7845178463
-730246529 -319047449
#r 0 1.7935908508
313987082 -595303530
#r 0 0.4450520593
313987082 -594303530
#r 0 1.5794061581
313995657 -595299440
#r 0 2.5665564701
422385780 609464897
#r 0 4.9929938129
422385780 608464897
#r 0 3.5586035630
422641358 608578116
#r 0 4.6883558240
-283682688 -708434606
#r 0 5.6360953125
-283682688 -707434606
#r 0 1.0635261530
-284074093 -708138851
#r 0 3.5525446890
-165174039 -771223105
#r 0 5.4723106721
-165174039 -770223105
#r 0 1.3700282404
-165341654 -771046725
#r 0 0.8834947311
-595802012 -385074130
#r 0 6.2428996159
-595802012 -384074130
#r 0 2.0863245395
-595222128 -385097504
#r 0 6.2401855669
277214466 -802769623
#r 0 5.3222267525
277214466 -801769623
#r 0 5.3118483814
308350415 -847333749
#r 0 5.3080963110
-49223034 10182434
#r 0 1.1679181289
-49223034 9182434
#r 0 4.6268398390
-49115672 10434345
#r 0 5.4975572306
606551053 -19018638
#r 0 1.8519154588
606551053 -18018638
#r 0 5.2080528659
605931284 -16872372
#r 0 2.7739171997
-355498144 909755308
#r 0 5.7632719119
-355498144 908755308
#r 0 5.3095412311
-356611459 910392622
#r 0 4.9800617733
47076853 -733059593
#r 0 3.9708934010
47076853 -732059593
#r 0 0.4587700399
48749147 -731233617
#r 0 1.6295187760
-374230082 240356462
#r 0 0.5167113472
-374230082 239356462
#r 0 6.0542623065
-375478193 239647281
#r 0 0.6240341322
57914385 673072022
#r 0 5.1452596720
57914385 672072022
#r 0 2.9578766151
58419889 671978094
#r 0 0.6296190309
-434227853 -134865342
#r 0 5.5735806125
-434227853 -133865342
#r 0 0.9493379139
-434671259 -134484526
#r 0 1.2368948991
-803935016 3201268
#r 0 5.0331238302
-803935016 2201268
#r 0 6.1138055777
-803582800 2141033
#r 0 5.0325923597
612533705 664406426
#r 0 4.0245580990
612533705 663406426
#r 0 4.2780635360
613598898 665702761
#r 0 3.6012985748
-128789750 -864403732
#r 0 6.2258420899
-128789750 -863403732
#r 0 6.2124431445
-54463822 -868670498
#r 0 3.0829930536
49745228 181238661
#r 0 5.3997624636
49745228 180238661
#r 0 2.8364949621
50852402 179889978
#r 0 1.5762773176
582907428 511612935
#r 0 3.4063169790
582907428 510612935
#r 0 3.5702896944
588284976 513070716
#r 0 3.4116636971
616180789 -199370439
#r 0 2.2317000962
616180789 -198370439
#r 0 3.5309247812
615591291 -198612295
#r 0 3.8907509001
144982153 -279834439
#r 0 1.7803489817
144982153 -278834439
#r 0 2.4653357116
144725711 -278628647
#r 0 1.7796512755
-152837913 140842892
#r 0 2.3599677385
-152837913 139842892
#r 0 4.9926665003
-153240896 141242846
#r 0 1.8199542279
549838263 -730153584
#r 0 2.7673995620
549838263 -729153584
#r 0 1.6614344867
549932514 -730190596
#r 0 1.8403718085
-591139324 -247371007
#r 0 2.3254170177
-591139324 -246371007
#r 0 2.3295482960
-705220483 -126042237
#r 0 6.0930583865
-753947354 98952221
#r 0 4.4365355289
-753947354 97952221
#r 0 4.4352938766
-813955949 -113039677
#r 0 1.3002681352
-98352464 -743450637
#r 0 6.0126229238
-98352464 -742450637
#r 0 1.0212295675
-98876026 -743305420
#r 0 4.9021861684
611104978 -524723090
#r 0 2.1408382360
611104978 -523723090
#r 0 1.9971106229
612663010 -527153612
#r 0 2.3381895446
-276948858 -364114257
#r 0 5.1894569172
-276948858 -363114257
#r 0 5.1778845668
-259138027 -398571954
#r 1 -259274300 -398247622
-558362802 302376104
#r 0 0.4235111711
-558362802 301376104
#r 0 0.4500012415
-527370451 316347164
#r 0 4.9978769293
-267275647 10250653
#r 0 0.4161951743
-267275647 9250653
#r 0 0.8876402296
-266004423 10812555
#r 0 5.3012149352
425647155 -827346206
#r 0 5.0165238540
425647155 -826346206
#r 0 3.4530834950
425362090 -826437989
#r 0 5.0216991034
112162654 -453062467
#r 0 1.1584310723
