701687785 -541700890
#r 0 1.8868136280
686148607 -494176854
#r 0 2.9034512849
637559702 -482382011
#r 0 3.1170680248
587574738 -481155902
#r 0 1.1261916307
609079790 -436016864
#r 0 1.4247989379
616353754 -386548799
#r 0 0.4453001216
661477826 -365012361
#r 0 0.3338046982
708717957 -348630357
#r 0 1.2746907052
723307834 -300806352
#r 0 1.9395897311
705283323 -254168202
#r 0 4.3754614118
697018599 -277762573
#r 0 4.1682159553
687969245 -292717307
#r 0 1.7765190134
686183930 -284161820
#r 0 4.2035165778
684054952 -287978019
#r 0 2.6068241760
684054952 -287978019
#r 0 2.6083054917
684054952 -287978019
#r 0 4.5883417082
683674685 -291027778
#r 0 4.4730678782
683127714 -293269487
#r 0 2.5599299948
683127714 -293269487
#r 0 4.4317097798
682452795 -295610600
#r 0 0.8318250875
683273305 -294710132
#r 0 4.4873593870
-499127383 633119407
#r 0 4.8408926147
-492719870 583531669
#r 0 0.8004493228
-475310263 601473395
#r 0 2.7289172869
-475310263 601473395
#r 0 5.2809344408
-475310263 601473395
#r 0 4.7510387397
-474827261 588982731
#r 0 2.8540238265
-474827261 588982731
#r 0 5.5259019402
-468030924 582558194
#r 0 2.7879298987
-472417652 584177708
#r 0 3.0435521664
-475092423 584440787
#r 0 3.0682112130
-477361139 584607568
#r 0 2.9616487989
-479848294 585060010
#r 0 2.8367829796
-482887287 586016120
#r 0 2.9572099885
-487108818 586803440
#r 0 2.6071358183
-492475785 589980253
#r 0 5.5793849379
-490098390 587962307
#r 0 2.7649419615
-491548270 588535784
#r 0 3.0188743131
-492400123 588640850
#r 0 4.3873769295
-492400123 588640850
#r 0 3.0673550879
-493069044 588690601
#r 0 2.7845993370
-493734075 588938640
#r 0 2.7915820599
-483608482 -622730427
#r 0 5.9600781574
-436195810 -638606150
#r 0 1.5159621672
-433455476 -588681301
#r 0 4.7825478030
-431702944 -613619797
#r 0 4.7918543906
-430695308 -626273278
#r 0 0.3516136790
-430695308 -626273278
#r 0 1.4097103638
-429677348 -620008676
#r 0 2.1063717289
-431387560 -617126771
#r 0 2.9087068156
-433100596 -616720457
#r 0 4.7619598730
-433100596 -616720457
#r 0 2.1328563634
-434006872 -615281519
#r 0 5.9675282737
-433198606 -615545480
#r 0 4.8091237917
-433198606 -615545480
#r 0 2.9332792486
-433614553 -615457557
#r 0 4.7961025952
-433614553 -615457557
#r 0 0.5632402059
-433434820 -615344060
#r 0 1.4130972291
-433410444 -615190771
#r 0 1.2592442408
-433347121 -614994141
#r 0 1.6587859195
-433372209 -614709750
#r 0 4.8223002525
-433356551 -614851636
#r 0 0.2861320975
-433356551 -614851636
#r 0 1.9342207692
-400050622 -282770132
#r 0 3.7340905268
-441528040 -310691875
#r 0 3.4587057197
-489035020 -326283119
#r 0 3.4431502115
-536778772 -341133511
#r 0 2.4155055162
-574167675 -307936072
#r 0 2.8292465049
-621748437 -292571466
#r 0 6.0245803183
-597579745 -298964770
#r 0 5.8333901371
-586290587 -304415203
#r 0 5.9807840609
-580265073 -306294978
#r 0 5.9912341583
-577241480 -307203685
#r 1 -576969157 -307072791
301295572 728310821
#r 0 5.2360808194
326299602 685011878
#r 0 1.6663917210
323913356 709897733
#r 0 1.6584492135
322636787 724424324
#r 0 1.7062957344
321171639 735171016
#r 0 1.7028553731
319787291 745592803
#r 0 1.7029692464
318119490 758137565
#r 0 1.6975343953
315955260 775122435
#r 0 2.3023448453
299570875 793373745
#r 0 1.4344449152
303994407 825614588
#r 0 1.4612451673
309315668 873993414
#r 0 4.5972837030
306520728 849819152
#r 0 4.6278187088
305492901 837694617
#r 0 1.4603208527
306163669 843741539
#r 0 1.4629685915
306491266 846767906
#r 1 306359619 846040518
538670319 187274473
#r 0 4.7238895613
539245335 137277780
#r 0 4.8637599803
546785015 87849517
#r 0 6.1692808231
596461010 82166600
#r 0 6.2100584276
646327381 78513514
#r 0 2.7278081329
623437239 88565447
#r 0 5.8394961383
634726915 83199518
#r 0 4.6229580020
634726915 83199518
#r 0 5.8649981276
640443436 80659096
#r 0 5.9182479380
643368683 79541505
#r 0 6.0522607498
644893209 79183060
#r 1 644682287 79220685
-356518068 -65592954
#r 0 0.8172353487
-322306070 -29130107
#r 0 0.7383877173
-285328333 4524714
#r 0 3.7635621449
-305646646 -10041210
#r 0 0.6262801092
-295518978 -2714524
#r 0 3.7514441172
-300642309 -6294184
#r 0 0.5997517344
-298062698 -4530317
#r 0 3.7117943786
-299377997 -5373757
#r 1 -299118773 -5167025
-276446552 932869643
#r 0 4.7615938459
-273987301 882930159
#r 0 4.7685571016
-271180371 833009010
#r 0 4.8074616220
-266433897 783234810
#r 0 1.6344233846
-268023500 808184222
#r 0 1.8887315398
-271934936 820069492
#r 0 5.0483770976
-269872261 814163130
#r 0 5.0122862031
-268947854 811173685
#r 0 5.0346381452
-268452359 809689666
#r 1 -268424900 809441936
-550539604 -271667289
#r 0 4.2289451840
-573781157 -315937259
#r 0 4.2396372486
-596548053 -360453194
#r 0 1.0292769407
-583662088 -339030031
#r 0 4.1894168054
-589905304 -349859263
#r 0 4.1362101404
-593311623 -355102006
#r 0 4.1989279324
-594847534 -357825680
#r 1 -594607849 -357147569
-618319202 -169265767
#r 0 2.0362426391
-640760286 -124584700
#r 0 1.9465605050
-659109461 -78073327
#r 0 1.6581712903
-663472653 -28264065
#r 0 3.8423350489
-701690839 -60503331
#r 0 3.8757298890
-738811291 -94000675
#r 0 3.7142790894
-780833704 -121095266
#r 0 0.5693623347
-759777581 -107617889
#r 0 0.5645354766
-749216999 -100930022
#r 0 3.6869823119
-754560341 -104172253
#r 0 0.5127223425
-751837148 -102639263
#r 1 -752388846 -102991607
755102565 -188650360
#r 0 0.5078591993
798791945 -164334972
#r 0 5.6479082560
839037311 -194004999
#r 0 2.5545225445
818223132 -180156898
#r 0 2.4562280464
808523319 -172226594
#r 0 2.5028964304
803493694 -168492000
#r 0 2.3239118284
801347592 -166202660
#r 1 801269356 -166141584
380790345 -501424583
#r 0 3.8877442076
344075010 -535365476
#r 0 3.9117082561
308183501 -570176387
#r 0 3.9174426034
272492198 -605192539
#r 0 3.7896742603
232630032 -635375444
#r 0 0.6464008460
252586452 -620317512
#r 0 0.5944255681
262942360 -613317081
#r 0 0.9957820648
266351802 -608056131
#r 0 4.1482073952
264675676 -610704917
#r 0 4.0406758256
263700199 -611931860
#r 1 263970536 -611580201
-579009961 358478730
#r 0 1.1525053850
-558699994 404167955
#r 0 4.4146757930
-566033363 380267710
#r 0 1.2678096089
-562303710 392198330
#r 1 -562658400 393083475
299350043 -849072587
#r 0 2.0967579673
274247798 -805830509
#r 0 1.1133031474
296332822 -760972380
#r 0 0.8663366571
328713933 -722874300
#r 0 1.0108355009
355271583 -680510504
#r 0 2.1845746733
326473569 -639636620
#r 0 0.6827578118
365265353 -608089869
#r 0 0.6759508639
404270973 -576807900
#r 0 0.6171966790
445046177 -547870334
#r 0 0.7087491120
483005010 -515326102
#r 0 4.0555526296
467739647 -535124301
#r 0 4.0718875318
459962523 -545558862
#r 0 0.8056528742
464469528 -540865481
#r 0 1.4890357024
464739331 -537572928
#r 0 0.6887733642
466234237 -536342208
#r 0 0.5494564249
467059916 -535836597
#r 0 0.5706565368
467474201 -535570669
#r 0 3.8709631475
467290677 -535734700
#r 0 1.1514815704
467340784 -535622290
#r 0 0.7923570288
467391008 -535571362
#r 0 0.7349856623
467421866 -535543468
#r 0 0.8155482281
547958642 -796389549
#r 0 1.4562357624
553674149 -746717293
#r 0 4.6634412855
552450945 -771687351
#r 0 1.5448330284
552775450 -759191564
#r 0 1.4864800031
553302081 -752960478
#r 1 553176762 -751977060
120566706 -818818612
#r 0 3.5888296288
75484432 -840442408
#r 0 0.4814384638
97642675 -828866043
#r 0 0.3538066394
109382140 -824530091
#r 0 3.4154068697
103357940 -826222101
#r 1 103657947 -826421009
137093106 -178832048
#r 0 5.5497253059
174236235 -212304245
#r 0 2.4343948478
155231598 -196061592
#r 0 5.6718868167
165467891 -203235733
#r 0 2.5482589656
160286134 -199741183
#r 1 160744707 -200061140
-671832205 450572368
#r 0 1.2194435940
-654623794 497517768
#r 0 1.9103726462
-671278176 544662562
#r 0 3.0744411380
-721165485 548017615
#r 0 0.3724255719
-697879299 557114509
#r 0 0.8390824114
-688067158 568041062
#r 0 1.6893463314
-689769239 582331232
#r 0 3.6350683439
-689769239 582331232
#r 0 0.7583862046
-689769239 582331232
#r 0 1.7168057471
-692821823 603089212
#r 0 1.8412612698
-701140724 633093318
#r 0 5.0798809812
-695547515 618564773
#r 0 4.5994414092
-696433045 610757953
#r 0 1.4680418556
-696030090 614665673
#r 0 1.4237285832
-695742227 616608891
#r 1 -695741361 616642695
-468532303 -84888903
#r 0 1.3190411914
-456077096 -36465068
#r 0 1.3238321427
-443854027 12017883
#r 0 1.8064805273
-455529443 60635623
#r 0 6.0809403809
-406548537 50592173
#r 0 0.9373917965
-376953922 90893026
#r 0 1.0017472061
-350012359 133013712
#r 0 2.1752971408
-378429930 174153008
#r 0 5.9281549691
-354989031 165462538
#r 0 6.0197725227
-339141082 161188676
#r 0 6.0010183050
-324638435 156984330
#r 0 2.8774340064
-331926436 158955585
#r 1 -332676149 158998681
242220329 -192797614
#r 0 4.3225008154
223216080 -239045193
#r 0 4.2559583873
201178735 -283926764
#r 0 4.3786288831
184798838 -331167625
#r 0 4.3936819654
169131890 -378649693
#r 0 4.0862430334
139830580 -419164298
#r 0 0.9230022689
154916300 -399228877
#r 0 0.9421542237
162270331 -389113806
#r 0 4.1663756942
159023284 -394457567
#r 0 1.0728602775
160516524 -391710750
#r 0 0.9649278734
161408802 -390422795
#r 1 161635510 -390130718
474168597 127670696
#r 0 4.1035723374
445573741 86654428
#r 0 5.1514999089
466830486 41397928
#r 0 5.2119908061
490784289 -2490741
#r 0 5.0985961220
509618171 -48807961
#r 0 5.2391007198
534752845 -92031197
#r 0 4.9674854852
547369785 -140413144
#r 0 1.8565641934
540322429 -116427008
#r 0 1.7887940227
537616448 -104211377
#r 1 537419646 -103928822
595496296 -707793242
#r 0 1.7132208119
588399123 -658299504
#r 0 1.3128599902
601153408 -609953582
#r 0 1.6213651988
598626042 -560017499
#r 0 2.0354732000
576219344 -515319178
#r 0 2.0113617659
554896795 -470093644
#r 0 1.9324431723
537206043 -423327873
#r 0 5.1019927624
546701591 -446454364
#r 0 5.1116552820
551564668 -457980192
#r 1 550920120 -458328544
677928845 -196320030
#r 0 3.6141966554
633409547 -219080350
#r 0 4.5811067785
626864276 -268650093
#r 0 4.6284913783
622674315 -318474226
#r 0 0.2822668201
670695641 -304547552
#r 0 4.7280931950
671480819 -354541387
#r 0 4.6132408715
666531532 -404295830
#r 0 1.4576951751
669353036 -379455558
#r 0 1.4807779292
670476966 -367003746
#r 0 1.4324675656
671338954 -360812098
#r 1 671305566 -361746841
134234208 -184258840
#r 0 6.1767778899
183951412 -189569177
#r 0 2.7502856045
160841128 -180034252
#r 0 6.1960311394
173293684 -181122300
#r 0 0.0208849055
180091776 -180980302
#r 0 4.8558925699
180091776 -180980302
#r 0 4.3329594865
180091776 -180980302
#r 0 6.1755995824
184772674 -181485852
#r 0 1.0131691059
184772674 -181485852
#r 0 4.1856963479
184772674 -181485852
#r 0 4.5395950288
184772674 -181485852
#r 0 6.2731337576
188834937 -181526685
#r 0 3.0907680695
186806326 -181423493
#r 0 1.6709808345
186806326 -181423493
#r 0 0.4353723294
187727198 -180995159
#r 0 4.0282282939
187406252 -181388684
#r 0 3.5234564605
187127427 -181500653
#r 0 2.7950186370
186972125 -181444565
#r 0 1.6409448480
186972125 -181444565
#r 0 3.3629546236
186890598 -181462913
#r 0 1.7132465420
186890598 -181462913
#r 0 4.2761626245
-222667336 -46611794
#r 0 2.7088676689
-268058656 -25644486
#r 0 3.9200957993
-303656928 -60755211
#r 0 0.5749213165
-282676052 -47160993
#r 0 3.8439839021
-292217295 -55236552
#r 0 3.8180075495
-297169637 -59212040
#r 0 3.8506893624
-299700094 -61383069
#r 0 3.8783178129
-301183786 -62728929
#r 0 5.3068152743
-301183786 -62728929
#r 0 3.8545257439
-302380550 -63763701
#r 0 4.8923507752
-302380550 -63763701
#r 0 3.8571173518
-303613829 -64835643
#r 0 3.8995694696
-305095574 -66238274
#r 0 1.8904371544
-305095574 -66238274
#r 0 3.8628343876
-307224116 -68109831
#r 0 2.4532734730
-307224116 -68109831
#r 0 4.5427353774
-307914174 -72138185
#r 0 3.8421173315
-312559696 -76055223
#r 0 3.8765291655
-319125900 -81990067
#r 0 3.8075588821
-329454928 -90105682
#r 0 3.7990846754
-344920060 -102046219
#r 0 1.6998315195
219528894 970092025
#r 0 3.1859290926
169578029 967875929
#r 0 3.1136662348
119597525 969272068
#r 0 0.1856890268
144167756 973887662
#r 0 3.3427498362
131919807 971390121
#r 0 3.3878657306
125856934 969866062
#r 1 126057519 970157393
-384209398 -106897359
#r 0 4.4039290082
-399388981 -154537471
#r 0 1.4333286196
-395963102 -129773316
#r 0 4.5735160998
-397693439 -142152974
#r 0 4.6107394517
-398327656 -148370724
#r 0 1.4954904649
-398092547 -145254576
#r 0 4.6794366158
-398144026 -146816230
#r 1 -398180075 -147149676
615373946 -411111791
#r 0 1.9433120025
597175960 -364541057
#r 0 5.0737747589
606015231 -387926250
#r 0 5.0860060218
610578113 -399565357
#r 0 5.1345893220
613139741 -405267820
#r 1 612926328 -404597920
326662212 790338362
#r 0 3.2562381763
276990442 784618635
#r 0 2.6666805971
232523795 807481647
#r 0 2.5575426202
190811981 835052004
#r 0 2.4951258151
150901129 865170501
#r 0 2.5134588267
110444852 894552292
#r 0 4.7567884972
111554475 869576930
#r 0 4.1702116347
101339533 852619663
#r 0 2.0300295553
101339533 852619663
#r 0 3.7851005188
80889208 837281703
#r 0 2.4241528825
80889208 837281703
#r 0 3.4931410436
45512682 824306152
#r 0 1.4109835927
45512682 824306152
#r 0 2.2349054055
45512682 824306152
#r 0 3.6367401856
-4216421 797451520
#r 0 3.3581661995
-86867064 779266365
#r 0 0.7852834316
-56943261 809183302
#r 0 1.7495335459
-56943261 809183302
#r 0 3.5044015015
-76722920 801674685
#r 0 1.5927160309
-76722920 801674685
#r 0 5.6239206963
-76722920 801674685
#r 0 3.1847274107
340630368 -61653550
#r 0 4.1622239406
314488972 -104275462
#r 0 2.5289240671
273583154 -75522826
#r 0 6.1135939276
298224499 -79742316
#r 0 5.8071113687
311305346 -86487204
#r 0 2.7405365151
304530562 -83614433
#r 0 6.1142335976
308157525 -84233112
#r 0 5.8044152501
309875692 -85124924
#r 0 2.0749451024
309408130 -84277433
#r 0 2.7114308958
308839437 -84016507
#r 0 2.8539069966
308496396 -83915003
#r 0 1.0776836256
308496396 -83915003
#r 0 3.5079803397
308279427 -83998257
#r 0 2.1213699395
308279427 -83998257
#r 0 5.9585625683
308389554 -84035318
#r 0 5.7635903112
308459389 -84075265
#r 0 6.0734291319
308539825 -84092389
#r 0 1.0728464622
308539825 -84092389
#r 0 5.8116859079
308621174 -84133865
#r 0 2.0763632917
308599063 -84093921
#r 0 1.0773484197
308599063 -84093921
#r 0 6.0391332312
-936931568 -253662529
#r 0 6.1046677250
-887726168 -262541074
#r 0 4.8480828233
-880962278 -312081459
#r 0 4.9915572471
-867184467 -360145707
#r 0 5.0793582506
-849245060 -406816658
#r 0 5.1626266502
-827486083 -451833843
#r 0 4.2295307730
-850701708 -496117415
#r 0 4.1327824986
-859991351 -510308608
#r 0 0.9803109760
-855269614 -503263961
#r 1 -855016370 -502974526
-55698254 -527054964
#r 0 0.5929659760
-14233910 -499113808
#r 0 0.5721257858
27803687 -472042782
#r 0 0.6954750032
66191159 -440005272
#r 0 5.2230582869
90629223 -483626151
#r 0 2.4672923877
71100622 -468017379
#r 0 2.4507857453
60141168 -458957269
#r 0 2.6081904884
51575883 -453899500
#r 1 51081279 -453645892
-176767589 -188188183
#r 0 0.9578838906
-148004979 -147289378
#r 0 4.9904293648
-141143184 -171329256
#r 0 2.2098108646
-148598242 -161295708
#r 0 2.5888103506
-154563748 -157615349
#r 0 2.1766115822
-158046644 -152587406
#r 0 0.9412395445
-158046644 -152587406
#r 0 2.3290416913
-161950285 -148465803
#r 0 2.3221857590
-166727106 -143352502
#r 0 0.8938720442
-166727106 -143352502
#r 0 2.1074350079
-171617614 -135131360
#r 0 2.0840468004
-178137971 -123562937
#r 0 2.3649744150
-191816281 -110122732
#r 0 0.2279574888
-191816281 -110122732
#r 0 1.7591823180
-197195952 -81904713
#r 0 6.1269931077
-197195952 -81904713
#r 0 1.7546779381
-204676447 -41683217
#r 0 0.6437934256
-204676447 -41683217
#r 0 2.0663974432
-233174703 11032326
#r 0 5.1064870698
-221669717 -16633629
#r 0 0.1209820409
-221669717 -16633629
#r 0 0.5211540496
133207554 429148051
#r 0 5.3155583190
161570324 387970955
#r 0 4.5822500029
155081727 338393762
#r 0 4.5769402931
148329982 288851720
#r 0 4.5166222170
138604047 239806780
#r 0 4.7378600730
139877464 189822999
#r 0 1.5924414173
139336379 214817142
#r 0 2.7886163581
139336379 214817142
#r 0 2.7795842929
139336379 214817142
#r 0 2.7668441448
139336379 214817142
#r 0 2.7678038900
139336379 214817142
#r 0 2.7255615928
139336379 214817142
#r 0 2.7843963312
139336379 214817142
#r 0 2.7598114120
139336379 214817142
#r 0 2.7849951624
139336379 214817142
#r 0 2.7404298695
139336379 214817142
#r 0 2.8372597662
139336379 214817142
#r 0 2.7675669154
139336379 214817142
#r 0 2.7341908586
139336379 214817142
#r 0 2.7398433701
139336379 214817142
#r 0 2.7620431900
139336379 214817142
#r 0 2.7379385436
420725815 -425022251
#r 0 0.7724674054
456535357 -390127026
#r 0 0.8703005274
488765198 -351900891
#r 0 3.5818512179
466149160 -362555226
#r 0 0.7942994289
474908969 -353638066
#r 0 0.8390174510
479574534 -348443289
#r 0 0.7778709623
483072298 -344997789
#r 0 1.4550351690
483589042 -340553866
#r 0 0.7128227829
488306645 -336475740
#r 0 0.7642429284
493876862 -331136353
#r 0 0.6840485835
502163561 -324379549
#r 0 0.8384797354
512396221 -312998522
#r 0 0.7365776844
529255168 -297710265
#r 0 0.7462218875
554090226 -274748661
#r 0 0.7026830465
592662873 -242082052
#r 0 1.0111177251
632794223 -178025821
#r 0 4.1037035441
611183670 -209032522
#r 0 4.1638338406
601305948 -225195858
#r 0 4.2561755273
597127397 -233710626
#r 0 4.3050240912
595247964 -238066187
#r 1 595611755 -237354298
-984543034 144270826
#r 0 0.4562627073
-939657764 166300636
#r 0 0.3846496496
-893311266 185062356
#r 0 1.1929209830
-874863939 231534887
#r 0 6.0124148991
-826685683 218161194
#r 0 5.7509661769
-783601528 192788855
#r 0 2.6052743000
-805091420 205563223
#r 0 2.6114609210
-815875857 211883917
#r 0 2.6770950530
-821463765 214683811
#r 0 5.9005174828
-818564731 213516923
#r 0 2.8046628354
-820039408 214033482
#r 1 -819535890 213895138
366737756 485628537
#r 0 3.9653553855
332764492 448943154
#r 0 5.8122226002
377321086 426255934
#r 0 4.1473849106
350550123 384026613
#r 0 6.1718672448
400240650 378472198
#r 0 2.1238200879
373977517 421019205
#r 0 6.0054256142
398019320 414164158
#r 0 6.0122173863
415247409 409378187
#r 0 2.9659986499
406444630 410939987
#r 0 5.9813958222
410712734 409611335
#r 0 2.1858459486
409423105 411436811
#r 0 5.9905447204
410493125 411114424
#r 0 5.9711857356
411215980 410881279
#r 0 0.7671384187
411215980 410881279
#r 0 5.9874830136
411869346 410682242
#r 0 2.9328290614
411535256 410753019
#r 0 5.9623188509
411697293 410699166
#r 0 2.2997855799
411640423 410762843
#r 0 5.9795450169
411681157 410750080
#r 0 5.4498968707
411699114 410730315
#r 0 0.7347301113
411699114 410730315
#r 0 6.0193040365
-649282821 -270779598
#r 0 0.5280961172
-606094422 -245585111
#r 0 1.3144567560
-593417350 -197218885
#r 0 1.3123805929
-580639889 -148879083
#r 0 1.3132765460
-567905744 -100527852
#r 0 1.0264104493
-542011102 -57755577
#r 0 1.6199742180
-544469006 -7816026
#r 0 1.7598225572
-553864134 41293358
#r 0 1.1192487708
-532046209 86282003
#r 0 6.0969086881
-482911178 77021942
#r 0 1.4121683751
-475013001 126394189
#r 0 1.7084029771
-481871640 175921546
#r 0 1.8983336228
-497957251 223263421
#r 0 4.9995878061
-490875579 199287393
#r 0 5.1369448086
-485718258 187878605
#r 0 1.9599077280
-488093152 193670795
#r 0 5.0354738667
-487099373 190702665
#r 1 -486691604 189931919
411724544 245564399
#r 0 3.2266277465
361905209 241317767
#r 0 0.6429506018
381913464 256306755
#r 0 0.5811430850
395156242 265004657
#r 0 0.5813341677
405829674 272017923
#r 0 5.8956231448
405829674 272017923
#r 0 2.8461662319
399720626 273877102
#r 0 5.7063988385
402396930 272135938
#r 0 0.5236363610
402396930 272135938
#r 0 4.0853426075
402396930 272135938
#r 0 0.5525370651
402396930 272135938
#r 0 0.5974452374
402396930 272135938
#r 0 5.9323021700
404009675 271545626
#r 0 0.6208233158
404009675 271545626
#r 0 2.1662132430
403528074 272256551
#r 0 5.5405826177
403844378 271966224
#r 0 2.8836747461
403636807 272020980
#r 0 0.6190644942
403724223 272083264
#r 0 0.6066929810
403793124 272131082
#r 0 3.2461985205
403751419 272126703
#r 0 5.8887137919
403770776 272118645
#r 0 0.5674762469
795592083 -315379132
#r 0 0.5714284944
837648546 -288337425
#r 0 0.5302200191
880783337 -263051267
#r 0 0.4472840307
925864594 -241425350
#r 0 3.6590349780
904137414 -253791823
#r 0 0.5216612003
914974821 -247562810
#r 0 0.5279855245
920373815 -244414040
#r 1 919686099 -244827357
-521849662 466816098
#r 0 1.7103887218
-528806636 516329738
#r 0 2.0370769474
-551284990 560992067
#r 0 1.5193156388
-548712092 610925825
#r 0 4.3735646523
-557021554 587347174
#r 0 1.2081429206
-552587101 599034158
#r 0 1.2659844260
-550710326 604999438
#r 0 1.2728783114
-549792427 607988787
#r 0 1.2273225086
-549265494 609462106
#r 1 -549031445 609961403
-558514126 -706353026
#r 0 5.8740220309
-512641425 -726245117
#r 0 5.4171222934
-480249890 -764334334
#r 0 5.3766032233
-449427859 -803704404
#r 0 5.3607582506
-419233489 -843557886
#r 0 0.5824921916
-377478775 -816052543
#r 0 3.7556607533
-397911544 -830457471
#r 0 3.7148059157
-408424041 -837243407
#r 0 3.6394921424
-413923410 -840232744
#r 0 3.7596073418
-416476599 -842047847
#r 1 -415969613 -841610142
-218018041 -776753981
#r 0 1.7108780900
-224999245 -727243752
#r 0 6.1550682655
-175409033 -733632094
#r 0 4.6684996864
-177602793 -783583945
#r 0 5.9650155500
-130112315 -799225380
#r 0 0.0493243853
-80173125 -796760161
#r 0 3.8335819795
-99422580 -812711916
#r 0 0.0378859008
-86931550 -812238456
#r 0 6.0133807285
-78792325 -814489340
#r 0 3.7400034091
-82280977 -816867925
#r 0 0.0370657226
-80171245 -816789690
#r 0 0.0299826843
-78830857 -816749490
#r 0 6.2744458665
-77700661 -816759368
#r 0 3.7314687087
-78170280 -817073720
#r 0 2.7616968610
-78170280 -817073720
#r 0 0.0284935739
-77887836 -817065670
#r 0 3.7929855523
-78000187 -817151327
#r 0 3.7512590445
-78076826 -817204853
#r 0 3.7610644190
-78142378 -817251599
#r 0 3.7515283203
-78216172 -817303168
#r 0 0.0689200297
-78171266 -817300068
#r 0 3.6976856820
517252615 315449462
#r 0 1.1167458995
539183073 360383358
#r 0 0.9920561651
566531558 402240978
#r 0 4.1465324027
553128082 381137737
#r 0 4.0560678283
545499235 371233063
#r 0 5.1215783919
545499235 371233063
#r 0 5.1570984734
545499235 371233063
#r 0 5.1649761974
545499235 371233063
#r 0 5.1194269096
545499235 371233063
#r 0 5.1065047763
545499235 371233063
#r 0 5.1094545149
545499235 371233063
#r 0 5.1232960672
545499235 371233063
#r 0 5.0833129989
545499235 371233063
#r 0 5.1225383389
545499235 371233063
#r 0 5.1247425712
545499235 371233063
#r 0 5.0955150916
545499235 371233063
#r 0 5.1301130954
545499235 371233063
#r 0 5.0867466323
545499235 371233063
#r 0 5.1042611176
545499235 371233063
#r 0 5.1181826716
545499235 371233063
#r 0 5.0891252345
545499235 371233063
#r 0 5.1349787385
-836634468 79323631
#r 0 6.1624289548
-786998578 73300477
#r 0 1.7387286836
-795355786 122597100
#r 0 0.1816335829
-746178290 131628926
#r 0 1.9732320348
-765761321 177634414
#r 0 1.8605001936
-780044743 225550840
#r 0 1.1823854719
-761108837 271826443
#r 0 1.3186690317
-748635609 320245639
#r 0 1.5791094900
-749051262 370243911
#r 0 1.6500243759
-753008521 420087066
#r 0 1.6340681396
-756170001 469987016
#r 0 4.1036802813
-770465215 449477340
#r 0 0.9874696972
-763580172 459910276
#r 0 4.1210412212
-767064424 454721589
#r 0 1.5504586734
-767000873 457845942
#r 0 1.5330648423
-766925516 459842185
#r 0 0.9328797528
-765929195 461186184
#r 0 1.4361844900
-765749818 462510679
#r 0 0.8437900411
-764624371 463775879
#r 0 4.1514020009
-765074815 463058983
#r 0 1.5523298807
-765066998 463482242
#r 0 1.4812906675
-478957491 -425697431
#r 0 3.4233827914
-526985450 -439601212
#r 0 1.7296220264
-534893390 -390230527
#r 0 3.6616413490
-578283139 -415076647
#r 0 3.6102060095
-622892910 -437659125
#r 0 3.7056812283
-665146722 -464391416
#r 0 3.6966652387
-707639831 -490741665
#r 0 1.1788014405
-698089013 -467637946
#r 0 3.6641811973
-708920638 -473877006
#r 0 3.7428027109
-715894398 -478660410
#r 0 3.7394628940
-721941325 -482778457
#r 0 3.7713261721
-728555926 -487598561
#r 0 3.7240160803
-737387839 -493415591
#r 0 3.7564981115
-749586324 -502030719
#r 0 3.7925414774
-766864406 -515191479
#r 0 3.7312509797
-793490906 -533006230
#r 0 0.6516903489
-780755451 -523290669
#r 0 3.7899562996
-787139303 -528127239
#r 0 3.8357985759
-790217089 -530689286
#r 1 -789590988 -530196030
744680137 283363242
#r 0 4.9448059187
756196644 234707615
#r 0 4.9905265845
769924909 186629192
#r 0 2.4681632140
750382723 202220952
#r 0 2.4720087957
737444304 212462707
#r 0 5.2518470038
741682450 205383712
#r 0 5.1261163208
743543285 201145583
#r 0 5.2479347954
745309843 198168528
#r 0 5.0885943395
746502547 195149171
#r 0 5.1058539573
748048828 191424191
#r 0 5.2465843316
750860890 186670605
#r 0 5.1559092831
754198963 179644387
#r 0 6.0505517390
765338989 177005058
#r 0 5.0153077609
765338989 177005058
#r 0 6.1706323223
779905117 175358639
#r 0 4.8892146946
779905117 175358639
#r 0 4.8585178196
779905117 175358639
#r 0 4.8677295180
779905117 175358639
#r 0 4.8533409227
779905117 175358639
#r 0 4.9014943020
779905117 175358639
#r 0 4.8839389098
779905117 175358639
#r 0 5.0021311856
787479252 -388621533
#r 0 0.8112782753
821907854 -352363135
#r 0 1.6682309476
817043828 -302600285
#r 0 0.5517792071
859623488 -276390124
#r 0 2.0033894693
838662164 -230996040
#r 0 0.1841630622
887816657 -221839849
#r 0 0.2416933487
936363360 -209872494
#r 0 0.1072751390
978696210 -205313731
#r 0 3.1333223627
957408136 -205137668
#r 0 6.1794487129
967995315 -206239903
#r 0 0.2084621091
973249497 -205128459
#r 1 972506808 -205327725
734374273 161323653
#r 0 5.5627027042
771948644 128336282
#r 0 5.5133109304
807848550 93534030
#r 0 2.4012111990
789393268 110398268
#r 0 0.9070553063
789393268 110398268
#r 0 0.9224097397
789393268 110398268
#r 0 0.8358359444
789393268 110398268
#r 0 0.9151403463
789393268 110398268
#r 0 0.8815610146
789393268 110398268
#r 0 0.8389275338
789393268 110398268
#r 0 0.8438202325
789393268 110398268
#r 0 0.8816365787
789393268 110398268
#r 0 0.8921318784
789393268 110398268
#r 0 0.8900955512
789393268 110398268
#r 0 0.9130806807
789393268 110398268
#r 0 0.9175247906
789393268 110398268
#r 0 0.9291486253
789393268 110398268
#r 0 0.9361358297
789393268 110398268
#r 0 0.8674278886
789393268 110398268
#r 0 0.9002957229
789393268 110398268
#r 0 0.8824675602
789393268 110398268
#r 0 0.9083820238
-835925574 -325109799
#r 0 4.7952186789
-831788823 -374938378
#r 0 1.4810126277
-829547245 -350039075
#r 0 4.7889412892
-828591276 -362502465
#r 0 4.7277444094
-828492695 -368921915
#r 0 4.7962763009
-828205291 -372339950
#r 0 4.7633827574
-828092479 -374550301
#r 0 4.7497800183
-828023010 -376407332
#r 0 4.7803989490
-827885662 -378423747
#r 0 1.6019617947
-827917151 -377413695
#r 0 4.6969206573
-827924966 -377918906
#r 0 4.7774145538
-827908514 -378171555
#r 0 4.7343130767
-827905738 -378298137
#r 0 4.7731819291
-827901874 -378361622
#r 0 4.7055828640
-827902092 -378393723
#r 0 5.6192969804
-827902092 -378393723
#r 0 4.7517729748
-827901418 -378410822
#r 0 1.4637131090
-827900504 -378402315
#r 0 4.7344826170
-827900410 -378406591
#r 0 4.8151575677
-827900187 -378408754
#r 0 4.7647187219
-827900124 -378409955
#r 0 4.8279906702
191098699 -491490599
#r 0 4.9838030277
204503398 -539660237
#r 0 4.4393735108
191021576 -587808347
#r 0 2.2406532990
159977882 -548612823
#r 0 1.7422852612
151445400 -499346234
#r 0 4.5902392199
148399244 -524159959
#r 0 4.6219069029
147176889 -537632438
#r 0 1.7392671324
146042751 -530964291
#r 0 1.1771474206
147423729 -527639251
#r 0 2.4308216331
147423729 -527639251
#r 0 5.0511955568
148022049 -529337120
#r 0 4.6079634044
147888508 -530611283
#r 0 4.5715190454
147756583 -531541580
#r 0 3.9427154875
147127333 -532190937
#r 0 4.5451643134
146991066 -532998201
#r 0 3.9254740124
146196447 -533790414
#r 0 3.9762840882
145246307 -534839166
#r 0 4.5786030957
144982475 -536799430
#r 0 5.1364253357
146202543 -539502148
#r 0 5.1677168411
148080162 -543336816
#r 0 4.4969136303
146739652 -549461408
#r 0 5.2333811797
76967052 -918743877
#r 0 1.2379824815
93302240 -871487537
#r 0 0.7116894911
131165216 -838831833
#r 0 3.8185913928
111678807 -854493245
#r 0 3.8376749772
102075270 -862518088
#r 0 0.7314062077
106732338 -858338588
#r 0 3.8861485953
104431485 -860458776
#r 1 104486832 -860523957
-458212991 -390070259
#r 0 1.4351666265
-451452278 -340529440
#r 0 0.7456156170
-414718758 -306608229
#r 0 2.1132180872
-440529340 -263785176
#r 0 3.8404787156
-478807307 -295953441
#r 0 3.7765332961
-519062652 -325609927
#r 0 3.7569175126
-559891951 -354471118
#r 0 0.6050050774
-539329471 -340251962
#r 0 0.2631393513
-527258459 -337000202
#r 0 0.3170780320
-520591990 -334812602
#r 0 0.2161163074
-516036054 -333812369
#r 0 3.8268293036
-517841820 -335288329
#r 0 1.6627324741
-517841820 -335288329
#r 0 3.8072075097
-518939437 -336150114
#r 0 1.3423970936
-518781453 -335470483
#r 0 5.2930423652
-518590071 -335762179
#r 0 0.7246162443
-518590071 -335762179
#r 0 3.7758109434
-518590071 -335762179
#r 0 5.2320367136
-518460450 -335988752
#r 0 0.7476382711
-518460450 -335988752
#r 0 1.1751658768
-518460450 -335988752
#r 0 3.7414209802
-561441965 -303326039
#r 0 0.2903135625
-513534257 -289013405
#r 0 0.3650177794
-466828386 -271165110
#r 0 1.4482050461
-460714164 -221540355
#r 0 0.1316587563
-411146889 -214976419
#r 0 3.8627540382
-429922875 -231482853
#r 0 1.5157868498
-429235603 -219001761
#r 0 0.6317773999
-421758462 -213529686
#r 0 1.8018706295
-421758462 -213529686
#r 0 2.0013802830
-421758462 -213529686
#r 0 5.0293898422
-421758462 -213529686
#r 0 0.5797974282
-417278720 -210595997
#r 0 1.5088550192
-417278720 -210595997
#r 0 0.6634980325
-414310230 -208275453
#r 0 2.2200002640
-414310230 -208275453
#r 0 1.5622071578
-414278407 -204570537
#r 0 1.5558094490
-414196980 -199137714
#r 0 1.5061497172
-413675977 -191089704
#r 0 3.9159860557
-416558539 -193909511
#r 0 1.8054861872
-416558539 -193909511
#r 0 5.0241784248
-416558539 -193909511
#r 0 1.5030596266
-143029320 -288205830
#r 0 0.4466374575
-97934090 -266609066
#r 0 2.1518805775
-125380617 -224815668
#r 0 1.7971197220
-136600427 -176090768
#r 0 0.7935402986
-101534125 -140448736
#r 0 1.0094232367
-74916672 -98122489
#r 0 2.2109972456
-104784501 -58023701
#r 0 2.6009345649
-147653008 -32288685
#r 0 2.4182485815
-185132833 806069
#r 0 0.0474882076
-160161017 1992828
#r 0 0.5604547350
-144706373 11691903
#r 0 0.6045893994
-126573616 24219743
#r 0 0.6159710333
-101959883 41642427
#r 0 1.8883622774
-101959883 41642427
#r 0 2.2488367471
-101959883 41642427
#r 0 0.6416275912
-67146352 67650806
#r 0 0.0881046099
-3228998 73296836
#r 0 0.7802009241
60350954 136219319
#r 0 0.8116605001
152477481 233316444
#r 0 4.0494165669
111288440 180569406
#r 0 0.9123338443
131763808 207035536
#r 0 0.8628650671
-217724255 370576245
#r 0 6.0331021367
-169279663 358202018
#r 0 5.8765713555
-123356399 338426936
#r 0 3.6292626944
-145442074 326712716
#r 0 1.9992618101
-145442074 326712716
#r 0 5.9426527145
-133659863 322537852
#r 0 0.4106681190
-124978455 326317961
#r 0 5.8717711685
-119379611 323875110
#r 0 1.5232861781
-119379611 323875110
#r 0 5.8533711783
-112522953 320732045
#r 0 5.9011435382
-102896939 316864484
#r 0 5.9292153442
-88956224 311712916
#r 0 4.9681251107
-88956224 311712916
#r 0 5.9299446785
-68523488 304179258
#r 0 5.8746582142
-38858863 291338000
#r 0 2.0562491856
-46400366 305633023
#r 0 5.8693064982
-39001497 302383066
#r 0 5.8017874000
-34106200 299825817
#r 0 5.8449142115
-29701986 297761693
#r 0 5.8662090871
-24588501 295496672
#r 0 2.1415756218
-26099329 297849736
#r 0 5.7830333710
231282029 -813119927
#r 0 0.1605045974
280639367 -805129110
#r 0 3.1006618238
255660307 -804106125
#r 0 0.0097838197
268159708 -803983829
#r 0 6.1202580166
274342775 -805000229
#r 1 274802940 -804746114
-173650117 941397434
#r 0 0.3568310186
-126799693 958862765
#r 0 0.3706131225
-80194420 976972115
#r 0 3.5796385194
-102833977 966367849
#r 0 0.4163726735
-91401953 971423420
#r 0 0.4981145365
-85908844 974410885
#r 0 0.5244320658
-83198559 975978681
#r 0 3.6420849738
-84572077 975227446
#r 1 -84913917 974931576
-974261600 -135035256
#r 0 0.0955628675
-924489733 -130264382
#r 0 1.3658299646
-914313022 -81310990
#r 0 1.1389903779
-893387439 -35900419
#r 0 1.4233671283
-886042654 13557180
#r 0 1.4165779715
-878362265 62963775
#r 0 1.1911281000
-859831648 109403157
#r 0 1.4503905943
-853825897 159041156
#r 0 1.4124164574
-845939969 208415361
#r 0 1.4970244026
-842254718 258279365
#r 0 1.1049504763
-819795784 302951462
#r 0 1.7292335987
-827684546 352325214
#r 0 1.9325442803
-845380026 399089196
#r 0 5.0884070458
-836199535 375835840
#r 0 5.1255754211
-831179392 364385434
#r 1 -831788469 365078650
-219071864 876570219
#r 0 3.6871576860
-261813576 850625160
#r 0 3.7029755747
-304139562 824007291
#r 0 3.7302460959
-345724017 796245211
#r 0 3.6977591572
-388188276 769848493
#r 0 0.5166931891
-366451838 782198686
#r 0 0.6088083567
-356181749 789358443
#r 1 -355549799 789786507
841216372 -245702053
#r 0 1.7251754706
833528039 -196296694
#r 0 2.0280041230
811455818 -151432264
#r 0 1.5432156928
812834675 -101451280
#r 0 1.5056468069
816089847 -51557354
#r 0 1.4852408780
820362403 -1740236
#r 0 1.6597358029
815921290 48062139
#r 0 4.8136285472
818447958 23190148
#r 0 4.7502874966
818921648 10697234
#r 0 5.0520338166
821007288 4794547
#r 0 1.8844181629
820041615 7772025
#r 0 1.9213173507
819503823 9242933
#r 1 819325859 9605559
-554460271 622376857
#r 0 2.5089725982
-594784328 651939848
#r 0 2.4371515217
-632883008 684320252
#r 0 5.1973648028
-621228334 662203097
#r 0 6.0789256933
-607340267 659326204
#r 0 6.0540728416
-600246890 657671976
#r 0 3.0058973681
-603855268 658164644
#r 0 6.1165135621
-602059575 657862550
#r 1 -601905611 657836811
-710372218 -603481641
#r 0 2.7942028803
-757385446 -586459408
#r 0 2.7001447130
-802592145 -565096956
#r 0 2.6747351388
-836461039 -548026395
#r 0 5.7560600360
-820071428 -557566163
#r 0 1.1453734722
-820071428 -557566163
#r 0 1.1377628513
-820071428 -557566163
#r 0 1.1095502708
-820071428 -557566163
#r 0 1.1271203551
-820071428 -557566163
#r 0 1.1717951620
-820071428 -557566163
#r 0 1.1336651906
-820071428 -557566163
#r 0 1.1919632201
-820071428 -557566163
#r 0 1.1733953212
-820071428 -557566163
#r 0 1.1346033970
-820071428 -557566163
#r 0 1.2042719897
-820071428 -557566163
#r 0 1.1769019269
-820071428 -557566163
#r 0 1.1921419615
-820071428 -557566163
#r 0 1.1676801208
-820071428 -557566163
#r 0 1.1343796791
-820071428 -557566163
#r 0 1.1187801032
-820071428 -557566163
#r 0 1.1082854291
-820071428 -557566163
#r 0 1.1788362284
57367412 137137296
#r 0 0.4291481376
102833439 157942113
#r 0 0.9976822560
129945997 199952935
#r 0 1.1010285192
152579960 244536606
#r 0 4.2011207620
140347868 222733489
#r 0 4.4135414956
136661299 210766980
#r 0 1.1928266242
138971731 216585823
#r 0 4.2075762943
137457745 213845914
#r 0 1.1134079021
138148942 215250215
#r 1 138137086 215300884
350298717 99524416
#r 0 0.8672379173
382645478 137651664
#r 0 0.8972806510
413832368 176733346
#r 0 6.1568898658
463434134 170435348
#r 0 1.1738989932
482762070 216548588
#r 0 1.1676525389
502377672 262540198
#r 0 5.8181205680
547067299 240116165
#r 0 1.6281742375
544199977 290033882
#r 0 1.5390089561
545789078 340008623
#r 0 1.5950801844
544575004 389993881
#r 0 4.8103340417
547019717 365113702
#r 0 1.7801171018
544422273 377340855
#r 0 4.9531030372
545912249 371271056
#r 0 4.8627947359
546380958 368178293
#r 0 1.7643700784
546080089 369713120
#r 1 546063901 369970722
124361302 -505132095
#r 0 3.2002686532
74447349 -508064212
#r 0 2.2433008483
43299992 -468951015
#r 0 4.2189784551
19618374 -512987147
#r 0 4.2171614296
-4143220 -556980177
#r 0 4.2141718399
-28036229 -600901973
#r 0 1.0803697958
-16261174 -578848672
#r 0 2.1686064832
-16261174 -578848672
#r 0 4.2058450575
-22325650 -589779003
#r 0 4.2206765932
-25277267 -595289969
#r 0 3.0381066249
-25277267 -595289969
#r 0 4.2353908682
-26712806 -598067708
#r 0 4.2252377963
-27444935 -599449776
#r 0 3.0973202557
-27444935 -599449776
#r 0 4.2166382177
-27817868 -600139374
#r 0 4.3134944467
-27971916 -600504858
#r 0 4.2699273605
-28058039 -600686632
#r 0 4.2035805170
-28110757 -600781144
#r 0 4.2406330755
-28143015 -600844373
#r 0 0.6998977237
-28115868 -600821512
#r 0 4.1911310221
-28124705 -600836900
#r 0 0.7597588792
-544744435 413022941
#r 0 2.1159701224
-570672770 455774800
#r 0 2.0906330057
-595509690 499169816
#r 0 5.3145414286
-581349249 478566857
#r 0 2.1671910169
-588370039 488908931
#r 0 2.1151986936
-591607065 494255589
#r 0 4.4904229755
-592295050 491207156
#r 0 0.1468251643
-592295050 491207156
#r 0 5.3345807400
-590969619 489359152
#r 0 5.3004896289
-590237785 488261634
#r 0 2.8021236294
-590859713 488481262
#r 0 2.1281173655
-591093689 488856691
#r 0 5.2523023436
-590979986 488666969
#r 0 2.7687202408
-591082979 488707257
#r 0 2.7234180312
-591151432 488737677
#r 0 2.8230573971
-591214246 488758391
#r 0 2.0869381096
-591252631 488826035
#r 0 2.0761048655
-591291810 488896855
#r 0 2.1040015818
-591343186 488983899
#r 0 2.0712382381
-591410373 489106755
#r 0 2.0832627866
-591509299 489282592
#r 0 2.1036452731
-119196968 -904270036
#r 0 2.8255600566
-166720766 -888730131
#r 0 2.8544611025
-214673775 -874570012
#r 0 6.0318608254
-190459178 -880787188
#r 0 5.9525845271
-178620937 -884850028
#r 1 -178031770 -885137470
-804414631 -463783652
#r 0 4.6093224089
-809558841 -513518319
#r 0 4.4654800924
-821779229 -562001946
#r 0 1.1998372137
-812716493 -538702445
#r 0 4.3443853715
-817213410 -550365537
#r 0 4.3675900285
-819325975 -556247734
#r 1 -819425180 -556084054
551441948 -761356956
#r 0 1.8322796954
538516259 -713056578
#r 0 1.2976073294
552006436 -664910808
#r 0 1.3400847818
563439950 -616235611
#r 0 1.1488772898
583915548 -570620373
#r 0 2.4419620851
545661542 -538423619
#r 0 1.0801343527
569222035 -494322563
#r 0 1.1033589008
591752040 -449686267
#r 0 2.5695252026
549712864 -422617693
#r 0 1.1426312905
570472973 -377131235
#r 0 1.1727406846
589854310 -331040414
#r 0 2.4928712567
550011463 -300832012
#r 0 0.9343592158
579728157 -260621092
#r 0 1.0673614975
603850010 -216824560
#r 0 1.5143398364
606671335 -166904222
#r 0 0.7778044787
642294129 -131818377
#r 0 1.0467629203
667312947 -88527977
#r 0 0.8290638937
701091259 -51663012
#r 0 1.5676994007
701246105 -1663252
#r 0 0.8922659868
732628584 37261548
#r 0 0.8765225343
764619959 75687476
#r 0 0.9435882008
27156741 -865736728
#r 0 1.6005679902
25668378 -815758885
#r 0 0.8715476990
57850519 -777492584
#r 0 0.8950149911
89125875 -738481661
#r 0 0.8618406939
121677945 -700529550
#r 0 1.5686344804
121786037 -650529667
#r 0 1.1229716239
143436325 -605460109
#r 0 0.7564913381
179798762 -571141409
#r 0 2.1848198282
150990729 -530274586
#r 0 1.6489800968
147085522 -480427326
#r 0 2.2363055167
116212535 -441097202
#r 0 2.2205432259
85963290 -401285355
#r 0 0.5621058894
128270021 -374636893
#r 0 2.3107756157
94556390 -337712767
#r 0 0.5218962781
137900160 -312786523
#r 0 0.5699794159
179995764 -285805787
#r 0 2.4532359941
141381213 -254042342
#r 0 0.4777567068
185782643 -231052931
#r 0 1.6542616598
181614220 -181226991
#r 0 0.4003313135
227660816 -161740817
#r 0 2.6137116495
184466998 -136555621
#r 0 1.6650294050
940217810 -146619311
#r 0 1.7078262555
933387735 -97088007
#r 0 2.1492832958
906049849 -55223464
#r 0 2.1183785384
