701687785 -541700890
#r 0 2.8475848971
701687785 -540700890
#r 0 2.8974728161
683064074 -536061953
#r 0 2.9450568952
-499127383 633119407
#r 0 4.6753904436
-499127383 632119407
#r 0 2.0200766581
-499161759 632190703
#r 0 2.0064902492
-483608482 -622730427
#r 0 1.5947635545
-483608482 -621730427
#r 0 3.3527269099
-483632331 -621735539
#r 0 0.6496610927
-400050622 -282770132
#r 0 6.0446413061
-400050622 -281770132
#r 0 1.8615749691
-399727874 -282848616
#r 0 0.7850381054
301295572 728310821
#r 0 0.1729789813
301295572 727310821
#r 0 0.2215055577
321107109 731772395
#r 0 4.5438992546
538670319 187274473
#r 0 6.0487146642
538670319 186274473
#r 0 2.5277261014
536523593 187787249
#r 0 2.6518125569
-356518068 -65592954
#r 0 3.5409780511
-356518068 -64592954
#r 0 2.8411700203
-355151702 -65016253
#r 0 3.0266026487
-276446552 932869643
#r 0 5.1999751127
-276446552 931869643
#r 0 4.4682144040
-276277045 932549995
#r 0 5.1242370682
-550539604 -271667289
#r 0 1.4034552570
-550539604 -270667289
#r 0 1.0610365645
-550297542 -270234295
#r 0 6.1085558635
-618319202 -169265767
#r 0 0.4984399208
-618319202 -168265767
#r 0 2.1318352780
-617850955 -169010910
#r 0 2.1862428021
755102565 -188650360
#r 0 2.7408724335
755102565 -187650360
#r 0 2.6897716865
771320408 -195520927
#r 0 2.7347571241
380790345 -501424583
#r 0 5.0467608723
380790345 -500424583
#r 0 5.0341394346
389012947 -525092398
#r 0 6.2513038763
-579009961 358478730
#r 0 1.8296642723
-579009961 357478730
#r 0 2.4843253411
-578677134 357221875
#r 0 1.8728353882
299350043 -849072587
#r 0 2.5645225635
299350043 -848072587
#r 0 3.9629907578
298770572 -848695358
#r 0 3.9455380647
547958642 -796389549
#r 0 1.2427300500
547958642 -795389549
#r 0 2.9507039345
548278002 -795451263
#r 0 2.4632378029
120566706 -818818612
#r 0 2.0977206142
120566706 -817818612
#r 0 1.5081887312
120510114 -818721341
#r 0 2.0283311551
137093106 -178832048
#r 0 4.6750102082
137093106 -177832048
#r 0 2.1119035915
137128311 -177890632
#r 0 4.5793539267
-671832205 450572368
#r 0 5.2657649652
-671832205 449572368
#r 0 2.6250172417
-670880484 449031768
#r 0 2.8928872381
-468532303 -84888903
#r 0 5.1651617635
-468532303 -83888903
#r 0 5.1226227011
-464429667 -93322220
#r 0 5.1343125409
242220329 -192797614
#r 0 1.9328830250
242220329 -191797614
#r 0 3.9643189388
241951338 -192087476
#r 0 4.0246932117
474168597 127670696
#r 0 3.9740386440
474168597 126670696
#r 0 3.3749418396
473007344 126394691
#r 0 3.8918920140
595496296 -707793242
#r 0 2.7496787623
595496296 -706793242
#r 0 2.5983418273
600743899 -709962044
#r 0 2.7553377401
677928845 -196320030
#r 0 2.6898729230
677928845 -195320030
#r 0 2.6005459332
686573718 -200514331
#r 0 3.6496176648
134234208 -184258840
#r 0 4.6404449256
134234208 -183258840
#r 0 1.2504112422
134326272 -182981385
#r 0 4.6634676680
-222667336 -46611794
#r 0 3.1898375912
-222667336 -45611794
#r 0 4.4596045227
-222928908 -46624423
#r 0 3.2236891379
219528894 970092025
#r 0 3.7352254988
219528894 969092025
#r 0 3.7545004066
-384209398 -106897359
#r 0 0.4425223643
-384209398 -105897359
#r 0 2.4862908048
-383404549 -106515969
#r 0 3.1802049677
615373946 -411111791
#r 0 4.0273649853
615373946 -410111791
#r 0 3.0836909049
616154008 -410157008
#r 0 2.3554721939
326662212 790338362
#r 0 3.6965486351
326662212 789338362
#r 0 5.1885417255
326271425 790096096
#r 0 3.6959644975
340630368 -61653550
#r 0 1.0923505645
340630368 -60653550
#r 0 2.2813603105
340953968 -61029606
#r 0 1.9490713011
-936931568 -253662529
#r 0 1.1083931458
-936931568 -252662529
#r 0 1.3263299635
-937430946 -254664401
#r 0 1.3647830987
-55698254 -527054964
#r 0 0.8876679232
-55698254 -526054964
#r 0 1.7470575105
-55552125 -526875411
#r 0 3.7776180720
-176767589 -188188183
#r 0 3.8466756453
-176767589 -187188183
#r 0 2.8047843035
-175935064 -187479692
#r 0 2.6866627679
133207554 429148051
#r 0 2.7238068676
133207554 428148051
#r 0 2.6645014481
119508899 435229150
#r 0 0.4501768104
420725815 -425022251
#r 0 2.6951864721
420725815 -424022251
#r 0 3.0630908025
418225608 -423825576
#r 0 4.7712968785
-984543034 144270826
#r 0 6.2776426328
-984543034 143270826
#r 0 0.0152934244
-936552282 144004826
#r 0 0.2388383241
366737756 485628537
#r 0 5.3278190924
366737756 484628537
#r 0 3.2520729434
367393367 484701265
#r 0 1.8000846622
-649282821 -270779598
#r 0 0.6663080057
-649282821 -269779598
#r 0 2.0063058380
-648942150 -270511741
#r 0 2.2153515027
411724544 245564399
#r 0 2.7832787482
411724544 244564399
#r 0 2.4818297362
409232307 246497690
#r 0 3.4324544164
795592083 -315379132
#r 0 2.5248762342
795592083 -314379132
#r 0 4.1362313596
795147274 -315063779
#r 0 4.1081765042
-521849662 466816098
#r 0 3.1424729934
-521849662 465816098
#r 0 3.7283142588
-520343496 466817424
#r 0 4.8790547772
-558514126 -706353026
#r 0 4.9264746272
-558514126 -705353026
#r 0 1.9154554757
-559065444 -703817270
#r 0 1.7274057301
-218018041 -776753981
#r 0 4.5986039446
-218018041 -775753981
#r 0 4.5948318420
-214487727 -745861821
#r 0 0.3241720259
517252615 315449462
#r 0 2.8892452399
517252615 314449462
#r 0 2.7907509136
508005240 317833841
#r 0 4.1383948363
-836634468 79323631
#r 0 5.3621373908
-836634468 78323631
#r 0 1.0628783132
-836313199 78900801
#r 0 1.7277743764
-478957491 -425697431
#r 0 0.9209542353
-478957491 -424697431
#r 0 0.8982755777
-462335660 -403825313
#r 0 1.6580085959
744680137 283363242
#r 0 3.7381964991
744680137 282363242
#r 0 4.6020057758
744799993 283444644
#r 0 3.7412282565
787479252 -388621533
#r 0 2.7038830116
787479252 -387621533
#r 0 2.4451158680
790194446 -389892204
#r 0 3.8986115273
734374273 161323653
#r 0 3.5447119564
734374273 160323653
#r 0 3.5509869286
868850334 218674328
#r 0 4.2772825659
-835925574 -325109799
#r 0 5.9188789433
-835925574 -324109799
#r 0 5.8287763049
-826595228 -328667715
#r 0 5.0378340947
191098699 -491490599
#r 0 3.3604471969
191098699 -490490599
#r 0 1.2867847570
190786529 -491560031
#r 0 4.1929697401
76967052 -918743877
#r 0 2.3334989114
76967052 -917743877
#r 0 2.3100071245
96782088 -939479390
#r 0 1.2832097405
-458212991 -390070259
#r 0 1.6272116432
-458212991 -389070259
#r 0 4.5356585459
-458255898 -389310509
#r 0 2.4606027386
-561441965 -303326039
#r 0 2.1173730276
-561441965 -302326039
#r 0 1.0856005355
-561724424 -302861778
#r 0 1.8470212225
-143029320 -288205830
#r 0 1.2033465481
-143029320 -287205830
#r 0 4.8687602138
-142917472 -287915264
#r 0 2.1681444841
-217724255 370576245
#r 0 4.9267171271
-217724255 369576245
#r 0 0.2379812010
-217517501 369626399
#r 0 4.9717256528
231282029 -813119927
#r 0 1.7602725509
231282029 -812119927
#r 0 4.7502897089
231329293 -813366381
#r 0 2.5679440344
-173650117 941397434
#r 0 4.2734559092
-173650117 940397434
#r 0 3.8075968350
-174394023 939812894
#r 0 4.3965020934
-974261600 -135035256
#r 0 2.2461609676
-974261600 -134035256
#r 0 2.2568004333
-219071864 876570219
#r 0 0.0100078678
-219071864 875570219
#r 0 4.2279289312
-218542784 876575514
#r 0 3.7834051445
841216372 -245702053
#r 0 3.7100905149
841216372 -244702053
#r 0 3.3367425141
843482991 -244254021
#r 0 2.0538049695
-554460271 622376857
#r 0 4.7923249963
-554460271 621376857
#r 0 0.8575917274
-554386953 621461606
#r 0 0.8335056871
-710372218 -603481641
#r 0 3.2222224719
-710372218 -602481641
#r 0 4.6237539184
-710461729 -603488874
#r 0 4.5932890390
57367412 137137296
#r 0 2.5388803592
57367412 136137296
#r 0 0.3570795609
58309743 136488854
#r 0 0.3686432823
350298717 99524416
#r 0 4.9158064497
350298717 98524416
#r 0 4.8744074725
349511333 103341656
#r 0 3.6335767252
124361302 -505132095
#r 0 1.5729522139
124361302 -504132095
#r 0 3.5885534508
124359148 -504133127
#r 0 3.7061185006
-544744435 413022941
#r 0 3.1377696449
-544744435 412022941
#r 0 4.1138901339
-544064273 413020341
#r 0 3.1062950949
-119196968 -904270036
#r 0 3.1535952046
-119196968 -903270036
#r 0 0.9619577999
-119900043 -904278475
#r 0 3.1188207198
-804414631 -463783652
#r 0 5.6104939363
-804414631 -462783652
#r 0 5.0121725105
-804004554 -464110338
#r 0 1.3174924928
551441948 -761356956
#r 0 1.1970501252
551441948 -760356956
#r 0 2.3901362567
551728960 -760625117
#r 0 1.1720956361
27156741 -865736728
#r 0 1.3312264335
27156741 -864736728
#r 0 2.8207462599
27382663 -864811808
#r 0 2.0160940732
940217810 -146619311
#r 0 3.6084965712
940217810 -145619311
#r 0 2.3525403686
940879443 -146285797
#r 0 2.5080610773
-914055295 46387478
#r 0 6.1188582146
-914055295 45387478
#r 0 4.2898015009
-913636820 46318085
#r 0 5.6137875307
-936955659 -34943340
#r 0 0.4934155380
-936955659 -33943340
#r 0 4.1491857066
-937911731 -35457500
#r 0 4.1595175366
-369379595 277222742
#r 0 3.7712200296
-369379595 276222742
#r 0 4.9929249558
-369617739 277049244
#r 0 2.6529955071
-821124475 11788443
#r 0 0.8827209120
-821124475 10788443
#r 0 0.8844863565
-593179525 289058095
#r 0 3.6206057812
-490967586 616064171
#r 0 2.0037669915
-490967586 615064171
#r 0 0.4273584252
-490585745 615238072
#r 0 1.9904758497
-678074763 -588467848
#r 0 3.3352201675
-678074763 -587467848
#r 0 4.2696073380
-678597555 -588570359
#r 0 3.3465309290
217643120 -215305082
#r 0 4.0891337320
217643120 -214305082
#r 0 0.7875378375
220228090 -211709026
#r 0 4.0951629791
-682169509 -158834214
#r 0 0.0363359675
-682169509 -157834214
#r 0 0.7918359636
-683193462 -158871437
#r 0 0.0624450580
557597791 508080141
#r 0 3.6668460192
557597791 507080141
#r 0 3.0084374999
556196262 507267873
#r 0 3.6307498752
639262792 -399950495
#r 0 4.8081750657
639262792 -398950495
#r 0 4.7667438132
639388239 -401256140
#r 0 3.3652328687
61684808 -566926225
#r 0 1.3306350634
61684808 -565926225
#r 0 3.4139219250
61947673 -565852815
#r 0 4.4573301383
523190902 523430949
#r 0 2.8836007837
523190902 522430949
#r 0 4.8934939028
522998494 523481720
#r 0 4.8149074769
-97120665 -106773775
#r 0 5.2411735832
-97120665 -105773775
#r 0 1.8920291269
-96347684 -108096725
#r 0 0.4312589275
-565009351 514254679
#r 0 4.4139803750
-565009351 513254679
#r 0 4.4173354066
-539527443 597097500
#r 0 1.2787568837
334580786 -482417867
#r 0 1.6094852999
334580786 -481417867
#r 0 2.8130067182
334541560 -481404493
#r 0 4.5141718427
-302732954 278207160
#r 0 3.4147914875
-302732954 277207160
#r 0 0.6879716120
-300887005 278724404
#r 0 5.5721453891
-258338693 -552221732
#r 0 2.0288898106
-258338693 -551221732
#r 0 5.9539249938
-258931678 -551019110
#r 0 1.9956725976
-571070279 -284224233
#r 0 0.9410296774
-571070279 -283224233
#r 0 5.6864123045
-570582857 -283555393
#r 0 5.7669421639
481874853 641887316
#r 0 2.4764055805
481874853 640887316
#r 0 3.6253084133
482638332 641288405
#r 0 2.4986301207
-479273610 -106822827
#r 0 6.1462097216
-479273610 -105822827
#r 0 6.1003667171
-458017018 -109752809
#r 0 6.0028656875
-4238218 -621301856
#r 0 5.5819938556
-4238218 -620301856
#r 0 5.6332314090
-16115338 -611273681
#r 0 1.2111427778
-213551122 -22815755
#r 0 4.4486755946
-213551122 -21815755
#r 0 3.4245122088
-213258121 -21730574
#r 0 4.0566991787
-874003763 -51756842
#r 0 0.4001428293
-874003763 -50756842
#r 0 0.8862214208
-875250422 -52284131
#r 0 0.8606455608
-191082364 -706539912
#r 0 0.7827509050
-191082364 -705539912
#r 0 3.7502689760
-187724057 -703199338
#r 0 0.8054736012
-712230836 221529366
#r 0 2.1023933776
-712230836 220529366
#r 0 5.4057215247
-710219000 218108251
#r 0 2.1100359549
-780382671 126943689
#r 0 2.9117982479
-780382671 125943689
#r 0 2.5030725874
-782349938 127403885
#r 0 1.5263956117
-236286024 -513307999
#r 0 4.0189675826
-236286024 -512307999
#r 0 5.6922245714
-235752453 -512665997
#r 0 4.5696312615
432125842 146983063
#r 0 2.8617039443
432125842 145983063
#r 0 2.2631640568
431036952 147296047
#r 0 3.2964640236
-261116530 -918750953
#r 0 0.6074697112
-261116530 -917750953
#r 0 0.6538631087
-275169601 -928520074
#r 0 0.6037298138
118024946 613168088
#r 0 3.3638320405
118024946 612168088
#r 0 3.9214408954
119335580 613464255
#r 0 4.9642258704
-464226731 -787773296
#r 0 0.1350183739
-464226731 -786773296
#r 0 1.1090854521
-464760384 -787845790
#r 0 1.2495476832
-243669211 -909135288
#r 0 0.8493263819
-243669211 -908135288
#r 0 0.8259815945
-224489611 -887332160
#r 0 3.9619275539
-477273716 873997373
#r 0 5.5650032324
-477273716 872997373
#r 0 5.5851691363
-448664588 848997096
#r 0 2.3745619782
-723337552 322551553
#r 0 4.1538502442
-723337552 321551553
#r 0 4.1379086755
-741402585 293643604
#r 0 4.1934433137
-109826943 -461038229
#r 0 4.8142948129
-109826943 -460038229
#r 0 1.4177429353
-109888438 -460436873
#r 0 0.4557599361
273596302 -710435175
#r 0 4.4733451127
273596302 -709435175
#r 0 4.5084699611
272230926 -716037784
#r 0 2.9363550717
-495340295 -231301155
#r 0 2.8858959281
-495340295 -230301155
#r 0 1.1823348754
-495709999 -231204507
#r 0 1.2470516785
-335666797 -774290530
#r 0 0.2276407115
-335666797 -773290530
#r 0 2.0622650852
-335190573 -774180210
#r 0 0.2747374410
-44434562 -424288087
#r 0 3.4749728830
-44434562 -423288087
#r 0 2.8598336793
-42861656 -423743380
#r 0 0.3801455680
482272679 648017210
#r 0 2.5072879765
482272679 647017210
#r 0 3.3805253238
483293802 647265941
#r 0 2.5215845887
-848718430 -335529233
#r 0 1.5123752937
-848718430 -334529233
#r 0 1.4404396006
-848612832 -333723758
#r 0 4.9771466833
-538168394 -366123595
#r 0 0.9225118584
-538168394 -365123595
#r 0 5.8085203940
-537623131 -365403777
#r 0 2.3328330310
780704324 -493859950
#r 0 3.3872351463
780704324 -492859950
#r 0 2.3260057563
781465949 -493669006
#r 0 3.3650002056
101574837 -660299922
#r 0 2.2223936664
101574837 -659299922
#r 0 4.0796192404
101200958 -659809735
#r 0 3.1783261839
274165912 -778182756
#r 0 2.6827191871
274165912 -777182756
#r 0 4.4332159990
273914814 -778058702
#r 0 4.4170583460
-30247511 -354320033
#r 0 0.7759910399
-30247511 -353320033
#r 0 5.9447576796
-29497509 -353584010
#r 0 2.3020186066
196232884 -273237791
#r 0 3.7864193427
196232884 -272237791
#r 0 1.7267554542
196373493 -273132043
#r 0 3.9769287161
-43571381 -254057842
#r 0 2.8536350304
-43571381 -253057842
#r 0 4.5702245858
-43708690 -254017172
#r 0 2.6538349228
245238934 77228773
#r 0 4.1151211502
245238934 76228773
#r 0 4.1580505464
252136769 87370659
#r 0 5.6247883109
691449954 36763389
#r 0 2.7858119594
691449954 35763389
#r 0 3.7343155993
692406800 36407831
#r 0 2.5570533970
305194638 -415436078
#r 0 2.7104406526
305194638 -414436078
#r 0 5.2311569263
305968919 -415792260
#r 0 2.7060380094
326597884 -216545057
#r 0 2.0690667137
326597884 -215545057
#r 0 2.0476772265
336854368 -235396851
#r 0 3.6452216114
48717586 -293671845
#r 0 4.8605976762
48717586 -292671845
#r 0 4.8459219798
50057252 -302644618
#r 0 4.8730342886
530625494 -89118625
#r 0 2.8184604820
530625494 -88118625
#r 0 2.5982137277
534340717 -90362739
#r 0 2.6569695067
42124448 645983829
#r 0 2.5994773770
42124448 644983829
#r 0 3.5076064036
43139066 645372716
#r 0 4.9556105100
-178491570 670902010
#r 0 1.8844583212
-178491570 669902010
#r 0 3.5195838700
-178204212 670016115
#r 0 1.9368250501
78464923 432039983
#r 0 1.0079916912
78464923 431039983
#r 0 1.0354615349
88374657 447748191
#r 0 0.7717000689
160031141 -417843750
#r 0 1.9387403193
160031141 -416843750
#r 0 1.9288453171
172770632 -450890443
#r 0 3.9599343343
-430166093 553065446
#r 0 2.2136678709
-430166093 552065446
#r 0 2.2026649274
-462348550 596031716
#r 0 1.9616359672
17710008 853207122
#r 0 4.0085651010
17710008 852207122
#r 0 4.8451839916
17594590 853071151
#r 0 0.3917076204
14875479 -715975258
#r 0 0.0559341266
14875479 -714975258
#r 0 1.0289048050
14252475 -716010142
#r 0 2.3723267694
-415569731 -638404763
#r 0 5.5393499209
-415569731 -637404763
#r 0 3.0544758344
-416770486 -637299892
#r 0 3.2098565597
-773961145 -176289730
#r 0 0.0761447399
-773961145 -175289730
#r 0 0.0558587565
-724882159 -172545384
#r 0 6.2483850886
940988252 -325744210
#r 0 2.6762661117
940988252 -324744210
#r 0 3.7730780620
940177546 -325337154
#r 0 3.8402772265
-826089410 389315028
#r 0 5.3110252309
-826089410 388315028
#r 0 0.7200417665
-825662629 388689375
#r 0 0.9751213103
787581078 -76307990
#r 0 3.8326271866
787581078 -75307990
#r 0 2.4287141105
788172226 -75819065
#r 0 2.4882181660
-720594767 -54294382
#r 0 5.2749698207
-720594767 -53294382
#r 0 2.3751467214
-722199596 -51749259
#r 0 1.3094323556
594911311 732837332
#r 0 3.1168825398
594911311 731837332
#r 0 3.6439719681
596653134 732794283
#r 0 4.0018874031
288809318 -738112341
#r 0 4.4233836980
288809318 -737112341
#r 0 2.8913650600
289085649 -737182967
#r 0 0.5569686343
-344837829 -486706031
#r 0 4.9799013874
-344837829 -485706031
#r 0 4.9273584164
-343764177 -490623298
#r 0 0.6033998974
-62712054 -847301326
#r 0 2.7059331408
-62712054 -846301326
#r 0 0.8343309967
-63349615 -847004548
#r 0 6.0486108052
-250419138 -693493865
#r 0 0.0870407123
-250419138 -692493865
#r 0 0.0881041138
366755340 -91389671
#r 0 1.5283278845
366755340 -90389671
#r 0 2.0626213848
366794711 -90463161
#r 0 2.1358279275
961566412 68953195
#r 0 4.2319564935
961566412 67953195
#r 0 2.6882030935
961150791 68155703
#r 0 3.8691509376
597164501 -516317146
#r 0 6.0511970105
597164501 -515317146
#r 0 6.0091279991
619441423 -521579883
#r 0 6.0352797840
-877313621 -335845740
#r 0 0.6873147858
-877313621 -334845740
#r 0 5.0939821604
-877011777 -335597977
#r 0 0.8009780094
-380835327 -806301119
#r 0 0.7988536139
-380835327 -805301119
#r 0 0.4375124562
-379048127 -804465165
#r 0 0.3953219151
822465216 -184570263
#r 0 4.2785858460
822465216 -183570263
#r 0 4.2189872134
825807475 -177355180
#r 0 2.5992147196
186036512 447263379
#r 0 2.7293367605
186036512 446263379
#r 0 2.7311454618
650524940 244135212
#r 0 3.8013621824
-324336703 -906969741
#r 0 0.0661652333
-324336703 -905969741
#r 0 1.1978868038
-324738328 -906996353
#r 0 0.1232258785
-23877194 30146238
#r 0 2.0855177218
-23877194 29146238
#r 0 6.2621045653
-23304795 29134170
#r 0 2.8227903016
-646955563 126488175
#r 0 3.6996155921
-646955563 125488175
#r 0 1.3713311257
-646724218 126632580
#r 0 1.0704975937
647455009 119171730
#r 0 2.0650578447
647455009 118171730
#r 0 2.3430683944
648661112 116933541
#r 0 2.3255300741
-614105525 708095676
#r 0 0.7536148022
-614105525 707095676
#r 0 0.7606721218
-539256768 778331601
#r 0 1.3704400342
-144601442 -246545691
#r 0 2.5236113820
-144601442 -245545691
#r 0 2.2983209237
-142175066 -248270518
#r 0 2.2932751072
-755786970 456770808
#r 0 1.2544537391
-755786970 455770808
#r 0 2.3560444504
-756033563 456017475
#r 0 0.4542996928
-942398078 -178453409
#r 0 2.2283358047
-942398078 -177453409
#r 0 0.0422227372
-943145854 -177485001
#r 0 0.0152894568
711522906 98276513
#r 0 3.2881997626
711522906 97276513
#r 0 3.4264730438
718410948 99293647
#r 0 3.4151853226
-865732126 -389513957
#r 0 5.2200247744
-865732126 -388513957
#r 0 1.5126140509
-865784853 -389419169
#r 0 2.0080291884
457994694 -775492143
#r 0 3.6841168221
457994694 -774492143
#r 0 1.7940253965
458194378 -775371760
#r 0 1.7454483678
223679184 -734348721
#r 0 1.7832515134
223679184 -733348721
#r 0 2.1737462626
223365050 -732892447
#r 0 0.4530664609
590989480 604339845
#r 0 3.1675227044
590989480 603339845
#r 0 4.6632962053
591038675 604341121
#r 0 3.6730190867
33739637 326385330
#r 0 3.9096638338
33739637 325385330
#r 0 5.4202160145
33271141 325932794
#r 0 2.6149793653
107088828 -31836439
#r 0 4.6407945103
107088828 -30836439
#r 0 2.9016373682
107159308 -30853683
#r 0 3.1910687500
-86557720 15314172
#r 0 1.9907237713
-86557720 14314172
#r 0 0.0611422251
-86123114 14340778
#r 0 1.9240175752
187576655 288198927
#r 0 1.7418874007
187576655 287198927
#r 0 2.9675827779
187754847 287167603
#r 0 3.5446797702
376013911 294524797
#r 0 4.6662899772
376013911 293524797
#r 0 3.0564213942
375967960 293528720
#r 0 4.7653550299
278966036 620220652
#r 0 4.1903125002
278966036 619220652
#r 0 0.9820538023
274809037 612995139
#r 0 1.3842201650
-721859489 -551390151
#r 0 4.0306948271
-721859489 -550390151
#r 0 4.7292180653
-721843000 -551369831
#r 0 4.7518418398
388898961 -22604958
#r 0 2.3328503061
388898961 -21604958
#r 0 2.3706783295
375804692 -8884610
#r 0 2.4643363115
-862956667 140643757
#r 0 0.1395237915
-862956667 139643757
#r 0 0.2056017180
-848275045 142705589
#r 0 0.0689294210
-64393835 -548376194
#r 0 4.2221933590
-64393835 -547376194
#r 0 4.2316395501
-87442392 -591567447
#r 0 4.3115118202
-682022435 430113840
#r 0 2.4223240261
-682022435 429113840
#r 0 2.6634273132
-679225182 427664077
#r 0 2.7130467193
129522077 617343422
#r 0 4.4459362667
129522077 616343422
#r 0 4.2606880653
128898080 615057240
#r 0 4.9196018686
-709725211 -135667791
#r 0 4.4055601427
-709725211 -134667791
#r 0 4.3934313938
-701916147 -111020650
#r 0 2.1956080704
882172595 169931446
#r 0 3.1267126120
882172595 168931446
#r 0 3.1623362894
910240603 169513762
#r 0 3.2214558610
29768177 179516482
#r 0 1.0329526975
29768177 178516482
#r 0 5.5861461456
29370354 178849555
#r 0 1.0270871496
258981388 553416150
#r 0 5.0690877458
258981388 552416150
#r 0 1.4363022599
259080654 553149763
#r 0 1.3993488513
867622611 474026919
#r 0 3.9545601216
867622611 473026919
#r 0 3.9535685206
390677191 -29969231
#r 0 2.2391282796
494169261 705240858
#r 0 2.7849117686
494169261 704240858
#r 0 4.5291808143
494342581 705176276
#r 0 3.3778676633
122469093 -725635014
#r 0 5.2189013741
122469093 -724635014
#r 0 3.0367574084
121879910 -724573020
#r 0 3.0003315597
-603116602 -663308573
#r 0 3.1423377132
-603116602 -662308573
#r 0 5.1484117314
-602650833 -663308226
#r 0 3.1922870554
-145539966 -887360284
#r 0 3.2677613184
-145539966 -886360284
#r 0 3.0807062730
-140215270 -886684887
#r 0 3.3070202252
682414660 608429595
#r 0 3.2350535234
682414660 607429595
#r 0 3.3896336689
688683376 609017186
#r 0 3.6615577013
-490982295 -354183775
#r 0 1.9369790719
-490982295 -353183775
#r 0 2.2583316943
-491701729 -352307700
#r 0 5.9663261036
-802812116 -220135267
#r 0 0.5421782256
-802812116 -219135267
#r 0 0.3959595883
-797387820 -216867702
#r 0 1.4728353117
250470454 471718324
#r 0 3.2762339377
250470454 470718324
#r 0 3.2507592125
211798507 466479790
#r 0 3.2730407631
439852827 37625603
#r 0 3.6857755783
439852827 36625603
#r 0 2.7437182095
438877617 37035474
#r 0 3.5789802307
-160210028 -311873695
#r 0 4.9356305742
-160210028 -310873695
#r 0 0.0058683617
-160436752 -310875026
#r 0 2.3310350190
378118500 -176315695
#r 0 1.0207288645
378118500 -175315695
#r 0 3.9879313018
380115175 -173059529
#r 0 3.6789354148
-866575725 -214630372
#r 0 0.4980448409
-866575725 -213630372
#r 0 0.2596240524
-862980510 -212675415
#r 0 0.3144791996
135413484 36622920
#r 0 1.7638374270
135413484 35622920
#r 0 6.2409463085
135610588 35614590
#r 0 6.0329207855
133848038 926203271
#r 0 3.9575746265
133848038 925203271
#r 0 3.9494068582
75876136 864572317
#r 0 3.4708618875
152317393 -838586251
#r 0 2.1263844615
152317393 -837586251
#r 0 5.5369164166
150859923 -836238599
#r 0 3.2793499599
866394399 -388688067
#r 0 3.0581468407
866394399 -387688067
#r 0 3.3400881927
862882969 -388394371
#r 0 3.7364481811
-110683473 -855371776
#r 0 1.5228889582
-110683473 -854371776
#r 0 3.4671795403
-110634740 -854355324
#r 0 2.0283399910
-778756986 -564076853
#r 0 4.8418370075
-778756986 -563076853
#r 0 4.8588408484
-779864877 -555566132
#r 0 1.5287782248
-737950047 -439455128
#r 0 0.8466381944
-737950047 -438455128
#r 0 0.5516556235
-736009274 -437260804
#r 0 4.4894560744
-609784449 -471338019
#r 0 5.4496256002
-609784449 -470338019
#r 0 3.8714698420
-610285457 -470786269
#r 0 4.2819252101
-23189346 649857189
#r 0 2.5398373527
-23189346 648857189
#r 0 3.6312580033
-22369456 649294156
#r 0 3.5483134200
919027675 186956176
#r 0 3.3807681164
919027675 185956176
#r 0 3.7210153434
921463725 187550190
#r 0 3.1974124452
-462062882 -817316296
#r 0 3.4252395973
-462062882 -816316296
#r 0 2.5189365263
-461072227 -817027513
#r 0 3.4756090002
-122964257 -333624352
#r 0 0.0140795203
-122964257 -332624352
#r 0 2.6705618044
-121053467 -333597447
#r 0 6.0482170840
-340634393 559951828
#r 0 2.2590934742
-340634393 558951828
#r 0 2.2015112685
-347143561 567865928
#r 0 2.2010918079
-909594700 -252680642
#r 0 0.8553693443
-909594700 -251680642
#r 0 0.7741761486
-903812062 -246026355
#r 0 0.2650046220
43912064 302995607
#r 0 2.7162808894
43912064 301995607
#r 0 5.2966798936
42967930 303423261
#r 0 5.5770995533
117420708 890129395
#r 0 3.4781926670
117420708 889129395
#r 0 3.4020648172
105428697 885933198
#r 0 3.4528416441
-468178342 -347725758
#r 0 4.6183729657
-468178342 -346725758
#r 0 1.5312150799
-468246619 -348449847
#r 0 1.7480824424
71200613 -222501511
#r 0 1.7362354408
71200613 -221501511
#r 0 4.6815193157
71174553 -222345432
#r 0 0.6710903627
-243623499 -789879633
#r 0 2.2670605425
-243623499 -788879633
#r 0 2.3484014369
-249161374 -783254764
#r 0 2.2577670052
-769324329 107708350
#r 0 1.4853011617
-769324329 106708350
#r 0 2.4048388872
-769403851 106780488
#r 0 0.7276244821
635566251 196520845
#r 0 3.9595062514
635566251 195520845
#r 0 3.5407198971
634017007 194867428
#r 0 3.5494677683
195202581 -473800941
#r 0 2.0291340954
195202581 -472800941
#r 0 2.5475791998
194462635 -472301193
#r 0 3.6061750214
308865562 -904406367
#r 0 3.3033465367
308865562 -903406367
#r 0 3.2958696919
439299371 -883122239
#r 0 1.8685097283
710295145 -265660052
#r 0 4.5123513199
710295145 -264660052
#r 0 4.5097682918
725775856 -189306076
#r 0 2.7046751794
-659887626 -690524746
#r 0 2.7690796605
-659887626 -689524746
#r 0 2.5208939344
-656803180 -691730015
#r 0 5.8337704251
582191960 -738122481
#r 0 3.6368576329
582191960 -737122481
#r 0 3.3621418191
585356777 -736412941
#r 0 2.6168463589
619956929 619639294
#r 0 4.6638404432
619956929 618639294
#r 0 2.6961130035
619909444 618661968
#r 0 3.4884566135
279378978 182926265
#r 0 3.2561875362
279378978 181926265
#r 0 4.3312635124
279799072 182974617
#r 0 2.8619425897
-31041134 -356688329
#r 0 2.3624815765
-31041134 -355688329
#r 0 5.9570406288
-32581298 -355167410
#r 0 5.9780411001
531322273 778893238
#r 0 3.7186973753
531322273 777893238
#r 0 3.6926315865
503926977 761057854
#r 0 3.2869809298
-409016762 -551302065
#r 0 2.4866548266
-409016762 -550302065
#r 0 5.3425964312
-407358122 -552575943
#r 0 1.9312507126
-242530425 -410578653
#r 0 4.6446178522
-242530425 -409578653
#r 0 5.5876766565
-242466189 -409632267
#r 0 4.6607794465
280793211 -921368331
#r 0 3.0296117250
280793211 -920368331
#r 0 2.3140071674
281818122 -921483584
#r 0 3.0182444412
730390034 137322819
#r 0 3.5185006349
730390034 136322819
#r 0 2.1372431073
729881966 137121710
#r 0 3.5305623610
336241334 349827929
#r 0 4.4882051715
336241334 348827929
#r 0 1.9913185093
336090317 349165623
#r 0 4.7295225013
182629508 -60733374
#r 0 1.2670365141
182629508 -59733374
#r 0 4.4794124429
181653082 -63848361
#r 0 1.2407966854
-14583895 -391538609
#r 0 0.1343598227
-14583895 -390538609
#r 0 4.2747883076
-15083333 -391606120
#r 0 2.4842272550
-529968658 -541423045
#r 0 6.1853330344
-529968658 -540423045
#r 0 5.5900052400
-528603527 -541557054
#r 0 5.5988101961
-295721070 -115687762
#r 0 5.9480951795
-295721070 -114687762
#r 0 5.9661859529
-345325135 -98414527
#r 0 3.2306979811
-860392259 105310463
#r 0 1.2143674803
-860392259 104310463
#r 0 5.3740381727
-860644155 104633925
#r 0 1.1942307594
134282577 690186611
#r 0 1.7630039527
134282577 689186611
#r 0 0.5025480380
134458383 689283237
#r 0 4.5556023556
120775521 105317247
#r 0 3.4388646198
120775521 104317247
#r 0 1.7953903813
120562015 105251840
#r 0 1.4942836241
705482076 -427802156
#r 0 4.2019200728
705482076 -426802156
#r 0 2.8107849072
705951731 -426963448
#r 0 4.2125911184
67711290 -820628312
#r 0 5.7833183686
67711290 -819628312
#r 0 0.4514930131
66741384 -820098617
#r 0 1.9614428828
433987350 508403551
#r 0 3.3197349579
433987350 507403551
#r 0 2.0330640537
433530096 508321222
#r 0 1.8418643963
-118050258 19266698
#r 0 3.2854260915
-118050258 18266698
#r 0 3.2783230391
-256081813 -724908
#r 0 5.5791941964
-797637337 -148047045
#r 0 5.9329500508
-797637337 -147047045
#r 0 0.3559816510
-798993973 -147551472
#r 0 2.9759587672
-297627869 -312378482
#r 0 2.8593333377
-297627869 -311378482
#r 0 6.1063585199
-306611874 -309773102
#r 0 3.8427000737
526708312 738674488
#r 0 2.9820105615
526708312 737674488
#r 0 2.9571233354
487706646 744951833
#r 0 2.6253165617
902408713 326691638
#r 0 3.5626382007
902408713 325691638
#r 0 3.8357818802
905008978 327856107
#r 0 3.5852699951
194389026 724215994
#r 0 0.4950214717
194389026 723215994
#r 0 0.4656951926
167574711 709740135
#r 0 4.4062222957
479784988 -770379991
#r 0 2.8561640581
479784988 -769379991
#r 0 1.9161348442
480187203 -770498018
#r 0 1.9240311312
-131810955 348029062
#r 0 6.0949237806
-131810955 347029062
#r 0 0.6756777855
-130802947 347837019
#r 0 6.1236013730
586522933 -217901995
#r 0 2.9662250946
586522933 -216901995
#r 0 3.0088306610
563608255 -213841796
#r 0 2.5209051744
-187748036 23994930
#r 0 3.5912324257
-187748036 22994930
#r 0 4.3998167270
-187365154 24179713
#r 0 0.7406446504
352205545 -810872443
#r 0 1.7989508526
352205545 -809872443
#r 0 0.8006086634
352018194 -810065582
#r 0 2.3443868277
-281264150 625950435
#r 0 4.9685680680
-281264150 624950435
#r 0 4.5851576715
-281178202 625622308
#r 0 1.2702674869
805993669 -555805939
#r 0 2.8115454324
805993669 -554805939
#r 0 2.9615777612
799766736 -553672731
#r 0 2.7510011138
109176579 830254230
#r 0 1.7908794972
109176579 829254230
#r 0 6.0200874724
109414629 829190113
#r 0 1.8283017994
454603456 -115132683
#r 0 2.5934787717
454603456 -114132683
#r 0 2.2034452234
455930756 -115943017
#r 0 3.7522931500
-841858840 456991149
#r 0 0.2567163664
-841858840 455991149
#r 0 0.2272889237
-873886382 448583644
#r 0 0.2487945203
-394302774 -111391377
#r 0 4.4875084444
-394302774 -110391377
#r 0 2.3251922149
-394118802 -110587125
#r 0 0.1644078898
-44928054 515757560
#r 0 2.8199262832
-44928054 514757560
#r 0 4.9286360227
-45165089 515836549
#r 0 2.6380357474
-121117037 -740886462
#r 0 4.0698119103
-121117037 -739886462
#r 0 0.1379927361
-120281635 -739770445
#r 0 0.9423841843
-104972969 -794518837
#r 0 0.4754581244
-104972969 -793518837
#r 0 1.4558747264
-105095693 -794582021
#r 0 0.6843220513
-228728329 -70115130
#r 0 4.4628206428
-228728329 -69115130
#r 0 4.4466554400
-224715667 -54371925
#r 0 4.4648166433
211817052 -353830981
#r 0 3.3198601311
211817052 -352830981
#r 0 2.8940014629
214126746 -353414820
#r 0 2.9526479946
714039536 -444378998
#r 0 4.0265495571
714039536 -443378998
#r 0 4.0428759951
689964458 -473797495
#r 0 4.0141434724
210279624 -719446913
#r 0 1.9319391914
210279624 -718446913
#r 0 3.3387822572
209928418 -718517079
#r 0 2.8126731652
-252990652 907596128
#r 0 3.8373428178
-252990652 906596128
#r 0 4.1023192343
-251311445 908998348
#r 0 4.9143981291
-111775591 385835601
#r 0 3.6887245748
-111775591 384835601
#r 0 5.7824192339
-112640296 385308852
#r 0 3.7694175260
-751715650 246572132
#r 0 4.9430435457
-751715650 245572132
#r 0 4.9145701429
-753328157 253438715
#r 0 1.3770813010
734240015 -107718197
#r 0 2.3923664667
734240015 -106718197
#r 0 2.9042370450
732787026 -106366696
#r 0 3.7292883239
451097033 876365304
#r 0 4.0114737545
451097033 875365304
#r 0 3.7662292308
448942357 873811929
#r 0 3.2270198226
-213751703 -188883800
#r 0 2.6501800971
-213751703 -187883800
#r 0 2.3081610033
-211984269 -189829738
#r 0 2.1163268846
-871609781 -439190600
#r 0 1.5312219382
-871609781 -438190600
#r 0 5.2542251289
-871572630 -438252320
#r 0 1.9150154758
873731973 -187795839
#r 0 3.0211479714
873731973 -186795839
#r 0 4.1117901870
873099402 -187719279
#r 0 3.0632507428
476321941 -514170025
#r 0 6.1655466592
476321941 -513170025
#r 0 4.1668631031
475755601 -514103092
#r 0 4.3278502683
648529161 -258031637
#r 0 2.6849423508
648529161 -257031637
#r 0 2.4060729486
650946818 -259219393
#r 0 2.3808153420
-947200162 54478327
#r 0 0.7218294313
-947200162 53478327
#r 0 0.7271687256
-842178013 146930357
#r 0 3.8875861495
-72923073 965837855
#r 0 5.8063210235
-72923073 964837855
#r 0 3.4643688057
-71748130 965230842
#r 0 5.7888705593
533900477 -572149686
#r 0 0.3887425285
533900477 -571149686
#r 0 0.4040966508
478482960 -594847910
#r 0 3.8533447335
-787439174 -505763987
#r 0 0.8815857262
-787439174 -504763987
#r 0 4.8975382983
-787286567 -505578786
#r 0 4.9182396551
-244124713 -774407860
#r 0 2.6381438241
-244124713 -773407860
#r 0 2.7000118442
-256932756 -767353330
#r 0 2.6038928988
912688030 366379819
#r 0 2.7865117536
912688030 365379819
#r 0 3.7148969951
913671858 366015018
#r 0 3.0738390927
65744808 676218049
#r 0 0.4252595006
65744808 675218049
#r 0 4.4981709030
65986143 676327349
#r 0 5.1107639007
-530446177 836542796
#r 0 5.4697932711
-530446177 835542796
#r 0 0.1806957555
-529639923 835690089
#r 0 4.5325502347
-415563059 -298865844
#r 0 4.9736821518
-415563059 -297865844
#r 0 1.6414329465
-415466848 -299225638
#r 0 0.7417571983
-886033412 -228132643
#r 0 5.1292444560
-886033412 -227132643
#r 0 5.8268756919
-886599195 -226854922
#r 0 2.3333716764
-277974413 -935647969
#r 0 0.0456618736
-277974413 -934647969
#r 0 0.7075572825
-279209596 -935704409
#r 0 0.6720906125
200104270 740576328
#r 0 2.1891543365
200104270 739576328
#r 0 2.1955469944
253143993 666022970
#r 0 2.9019905774
-138670661 -326693416
#r 0 2.3951054107
-138670661 -325693416
#r 0 5.2011232754
-137624066 -327661576
#r 0 2.2083668072
-420259027 -893966584
#r 0 2.6866614063
-420259027 -892966584
#r 0 0.7509114986
-420962038 -893622705
#r 0 2.6680648716
-798050443 -196980374
#r 0 0.3083488773
-798050443 -195980374
#r 0 1.6619714882
-797961601 -196952077
#r 0 1.6568818171
-402542994 -134498653
#r 0 1.8702561970
-402542994 -133498653
#r 0 1.8600319244
-394313318 -161153946
#r 0 3.1333995904
508744237 816338581
#r 0 3.6550610795
508744237 815338581
#r 0 2.9210882575
507475315 815623009
#r 0 3.5757286127
-397593185 913590386
#r 0 4.0156968191
-397593185 912590386
#r 0 4.0087694350
-457523649 841958879
#r 0 0.8216866884
-443314379 -868631678
#r 0 2.8183908830
-443314379 -867631678
#r 0 6.1243764633
-449035561 -866715388
#r 0 2.8105075787
-533147680 613971414
#r 0 6.1615333985
-533147680 612971414
#r 0 1.2709936748
-532849817 613934999
#r 0 1.2574635690
-770932227 -336799630
#r 0 4.6752505277
-770932227 -335799630
#r 0 4.8485187750
-770903000 -336013005
#r 0 0.7346036340
-313801222 -169811900
#r 0 2.7877826270
-313801222 -168811900
#r 0 2.4146786119
-311878231 -170522161
#r 0 2.2910811153
396351162 236536477
#r 0 3.1595997847
396351162 235536477
#r 0 2.9232669157
392182258 236461399
#r 0 3.3932777264
653214263 -656222690
#r 0 1.5962783562
653214263 -655222690
#r 0 2.0066208356
653187300 -655164790
#r 0 2.5255509834
-126037657 252119065
#r 0 0.5516924751
-126037657 251119065
#r 0 3.7742751943
-117548338 257343700
#r 0 0.5228658266
795662488 -210263076
#r 0 4.0499945555
795662488 -209263076
#r 0 4.0054301521
804629154 -198766595
#r 0 2.6629971722
-552602322 134431660
#r 0 5.0191413868
-552602322 133431660
#r 0 0.8730073986
-552372418 133705840
#r 0 0.8626827055
-25074801 475442830
#r 0 6.0332522170
-25074801 474442830
#r 0 4.8420378159
-25209670 475477258
#r 0 3.8700641884
-581753711 58339560
#r 0 5.4813084607
-581753711 57339560
#r 0 5.4929611441
-539761187 14939755
#r 0 3.9138650386
-123676106 -141587957
#r 0 2.8269729314
-123676106 -140587957
#r 0 4.1542948345
-124194986 -141419099
#r 0 5.1415777594
-770394741 -202777594
#r 0 0.5314537445
-770394741 -201777594
#r 0 0.5871985376
-783275634 -210349904
#r 0 1.7128324878
226219170 40973701
#r 0 3.9159704435
226219170 39973701
#r 0 3.8116315374
220839389 35711206
#r 0 3.9216755662
-730767039 -317649186
#r 0 0.6632154637
-730767039 -316649186
#r 0 2.4508490859
-730145093 -317163278
#r 0 0.6533455268
313987082 -595303530
#r 0 5.8955069893
313987082 -594303530
#r 0 3.6326240737
312926701 -594870530
#r 0 3.3946657377
422385780 609464897
#r 0 2.0449889917
422385780 608464897
#r 0 4.3330224110
422610164 609027716
#r 0 2.1829576397
-283682688 -708434606
#r 0 4.9802123277
-283682688 -707434606
#r 0 4.9662744962
-278913712 -725813231
#r 0 4.9679838507
-165174039 -771223105
#r 0 4.2532812340
-165174039 -770223105
#r 0 3.0548954351
-164700065 -770264300
#r 0 3.0412503149
-595802012 -385074130
#r 0 1.7753404391
-595802012 -384074130
#r 0 1.8228660514
-596868367 -379933712
#r 0 0.7591843368
277214466 -802769623
#r 0 4.3758249724
277214466 -801769623
#r 0 2.7593123932
277521194 -801892946
#r 0 4.3096090159
-49223034 10182434
#r 0 1.4241030365
-49223034 9182434
#r 0 2.1320802220
-49342673 9372718
#r 0 0.6884487916
606551053 -19018638
#r 0 1.6235145918
606551053 -18018638
#r 0 2.3272990135
606495161 -17959419
#r 0 2.7698275592
-355498144 909755308
#r 0 4.6928239900
-355498144 908755308
#r 0 3.7452975227
-355517979 908741630
#r 0 3.7035395328
47076853 -733059593
#r 0 0.9017137653
47076853 -732059593
#r 0 0.8595825434
56689705 -720903152
#r 0 0.8107443723
-374230082 240356462
#r 0 0.4224242281
-374230082 239356462
#r 0 2.4811338445
-375045527 239989933
#r 0 1.5550924084
57914385 673072022
#r 0 5.1334360481
57914385 672072022
#r 0 5.1083223789
51637086 687089199
#r 0 4.7831486567
-434227853 -134865342
#r 0 2.3036483703
-434227853 -133865342
#r 0 2.2888091073
-404567418 -167818933
#r 0 2.2741179666
-803935016 3201268
#r 0 1.5999821125
-803935016 2201268
#r 0 1.9004721541
-803903099 2107987
#r 0 6.1360494688
612533705 664406426
#r 0 3.6619930397
612533705 663406426
#r 0 3.7383742175
621938497 669796252
#r 0 2.8073895138
-128789750 -864403732
#r 0 0.6971902444
-128789750 -863403732
#r 0 3.4453271139
-126881585 -862805651
#r 0 1.4545826939
49745228 181238661
#r 0 1.2081048398
49745228 180238661
#r 0 6.0532538729
49396707 180320240
#r 0 1.2385947811
582907428 511612935
#r 0 3.7864225225
582907428 510612935
#r 0 3.5751866317
579448419 509011489
#r 0 2.3238600555
616180789 -199370439
#r 0 4.2338355564
616180789 -198370439
#r 0 2.4732929626
616548827 -198661001
#r 0 2.4831302738
144982153 -279834439
#r 0 4.3388288970
144982153 -278834439
#r 0 4.3541388535
136623971 -301158262
#r 0 4.3889481977
-152837913 140842892
#r 0 2.6557962536
-152837913 139842892
#r 0 3.4079010925
-151589144 140183541
#r 0 4.0276189624
549838263 -730153584
#r 0 2.5342996636
549838263 -729153584
#r 0 2.5043383964
571870725 -745463878
#r 0 1.2038673823
-591139324 -247371007
#r 0 6.0980386527
-591139324 -246371007
#r 0 2.2357821595
-590220219 -247543148
#r 0 5.5986220090
-753947354 98952221
#r 0 4.0602164904
-753947354 97952221
#r 0 4.0502944444
-791552403 49707624
#r 0 4.0881237572
-98352464 -743450637
#r 0 0.2591454719
-98352464 -742450637
#r 0 2.1198378220
-97826055 -743311082
#r 0 3.9888679269
611104978 -524723090
#r 0 6.1883525624
611104978 -523723090
#r 0 6.1584012968
644089025 -527860468
#r 0 0.0011475105
-276948858 -364114257
#r 0 1.4261386306
-276948858 -363114257
#r 0 4.7305878849
-276932679 -364003192
#r 0 2.2308834804
-558362802 302376104
#r 0 1.9022502291
-558362802 301376104
#r 0 5.0475587541
-529556673 218673892
#r 0 3.7801695388
-267275647 10250653
#r 0 3.2490575886
-267275647 9250653
#r 0 4.4205793021
-266965202 10284144
#r 0 0.1993702166
425647155 -827346206
#r 0 2.8272930942
