701687785 -541700890
#r 0 2.9325000944
701687785 -540700890
#r 0 1.1561228992
701285191 -541615462
#r 0 3.2964905114
-499127383 633119407
#r 0 6.1778816270
-499127383 632119407
#r 0 5.5067498240
-500268234 633239989
#r 0 0.4521001887
-483608482 -622730427
#r 0 0.8847433231
-483608482 -621730427
#r 0 4.4865970630
-483927775 -623120417
#r 0 2.3132448559
-400050622 -282770132
#r 0 3.5251218075
-400050622 -281770132
#r 0 3.4905255389
-374856003 -272603834
#r 0 3.5526674566
301295572 728310821
#r 0 4.7196890029
301295572 727310821
#r 0 0.8677624321
301302810 727319361
#r 0 3.6721053360
538670319 187274473
#r 0 1.4181642828
538670319 186274473
#r 0 3.3146770374
538512239 186246835
#r 0 1.4939749412
-356518068 -65592954
#r 0 3.3508233415
-356518068 -64592954
#r 0 1.7241156219
-356368446 -65561183
#r 0 2.8565093049
-276446552 932869643
#r 0 0.0160682144
-276446552 931869643
#r 0 5.4893126688
-277414453 932854089
#r 0 4.8202682382
-550539604 -271667289
#r 0 3.2932407480
-550539604 -270667289
#r 0 5.9394851741
-548581610 -271368066
#r 0 0.7581078699
-618319202 -169265767
#r 0 1.7246494450
-618319202 -168265767
#r 0 5.6127596514
-618496024 -168125556
#r 0 1.7526995206
755102565 -188650360
#r 0 3.4414972712
755102565 -187650360
#r 0 3.4483906411
622981177 -229506487
#r 0 0.1490917754
380790345 -501424583
#r 0 2.2251380502
380790345 -500424583
#r 0 4.1935210444
380462989 -500997826
#r 0 4.5692762075
-579009961 358478730
#r 0 3.6646316930
-579009961 357478730
#r 0 5.5548828331
-579690942 358086073
#r 0 5.6598651992
299350043 -849072587
#r 0 1.7365057905
299350043 -848072587
#r 0 3.5739866836
299194784 -848144243
#r 0 2.7018590747
547958642 -796389549
#r 0 1.4328461126
547958642 -795389549
#r 0 1.8064878173
548046617 -795755873
#r 0 1.8112290376
120566706 -818818612
#r 0 0.3912713597
120566706 -817818612
#r 0 5.7901638572
121619540 -818384274
#r 0 0.8547980617
137093106 -178832048
#r 0 3.3037868657
137093106 -177832048
#r 0 0.8197077499
135991122 -179012367
#r 0 5.3385096659
-671832205 450572368
#r 0 5.6322967852
-671832205 449572368
#r 0 0.2336044965
-670831761 449810422
#r 0 4.9155249284
-468532303 -84888903
#r 0 0.2781952630
-468532303 -83888903
#r 0 6.1285592266
-466267152 -84241973
#r 0 4.6106567023
242220329 -192797614
#r 0 1.8565624442
242220329 -191797614
#r 0 6.1158800600
241911182 -191745404
#r 0 1.8834689734
474168597 127670696
#r 0 0.6570908124
474168597 126670696
#r 0 1.1253537375
474924443 128253796
#r 0 1.1838820447
595496296 -707793242
#r 0 3.1110392041
595496296 -706793242
#r 0 1.5357554891
595461278 -707792172
#r 0 2.1687213445
677928845 -196320030
#r 0 3.9342439292
677928845 -195320030
#r 0 3.9568764651
656660882 -217898770
#r 0 3.7675450777
134234208 -184258840
#r 0 0.6923852097
134234208 -183258840
#r 0 6.2793439740
135434407 -183263450
#r 0 4.0011402610
-222667336 -46611794
#r 0 3.9193354323
-222667336 -45611794
#r 0 6.1271820018
-221791746 -45749508
#r 0 2.2399719284
219528894 970092025
#r 0 3.8270398862
219528894 969092025
#r 0 5.6302775084
218896988 969575309
#r 0 3.4693037378
-384209398 -106897359
#r 0 5.7886879907
-384209398 -105897359
#r 0 3.8770257861
-384901953 -106523948
#r 0 4.4268085860
615373946 -411111791
#r 0 1.3415380308
615373946 -410111791
#r 0 3.8044579710
615659294 -409889018
#r 0 1.3450078662
326662212 790338362
#r 0 4.3256334314
326662212 789338362
#r 0 0.4870662678
326142938 789063341
#r 0 0.4655866505
340630368 -61653550
#r 0 3.7775854844
340630368 -60653550
#r 0 3.5484331481
343882889 -59252104
#r 0 2.0983406297
-936931568 -253662529
#r 0 0.4296676318
-936931568 -252662529
#r 0 5.7650763312
-935959063 -253216909
#r 0 6.1203175693
-55698254 -527054964
#r 0 5.6904105266
-55698254 -526054964
#r 0 2.5063987109
-39954750 -537659502
#r 0 1.5017277086
-176767589 -188188183
#r 0 1.1930508800
-176767589 -187188183
#r 0 6.1260729392
-176394256 -187247326
#r 0 2.6769191366
133207554 429148051
#r 0 6.0064807850
133207554 428148051
#r 0 1.9220490845
132798540 429264207
#r 0 5.9979107508
420725815 -425022251
#r 0 0.4495567274
420725815 -424022251
#r 0 4.1748195195
419888978 -425426032
#r 0 0.6394751388
-984543034 144270826
#r 0 0.4729569454
-984543034 143270826
#r 0 0.4838538929
-912224551 181275574
#r 0 0.4974166656
366737756 485628537
#r 0 2.6320872252
366737756 484628537
#r 0 5.0743676565
366257485 485896869
#r 0 3.8281494847
-649282821 -270779598
#r 0 0.6053975865
-649282821 -269779598
#r 0 1.3433190732
-649558465 -270970369
#r 0 3.3582430115
411724544 245564399
#r 0 2.4029691010
411724544 244564399
#r 0 0.3186287703
412530712 244830328
#r 0 2.6601010982
795592083 -315379132
#r 0 0.3315159164
795592083 -314379132
#r 0 3.0083485486
797683006 -314659396
#r 0 1.2913713626
-521849662 466816098
#r 0 4.6172773648
-521849662 465816098
#r 0 4.6188882069
-516345287 524514277
#r 0 5.7557636438
-558514126 -706353026
#r 0 1.2323456956
-558514126 -705353026
#r 0 6.0439563583
-558189961 -705432090
#r 0 6.0132077522
-218018041 -776753981
#r 0 1.3964916681
-218018041 -775753981
#r 0 0.0884028286
-217839157 -775738126
#r 0 2.7984218210
517252615 315449462
#r 0 5.3229855921
517252615 314449462
#r 0 5.9497472020
518176322 314129517
#r 0 5.9814160931
-836634468 79323631
#r 0 1.1145187677
-836634468 78323631
#r 0 6.1958889605
-837105074 78364818
#r 0 5.5663977132
-478957491 -425697431
#r 0 1.3933696218
-478957491 -424697431
#r 0 1.5198093081
-479028823 -426095239
#r 0 5.0654924497
744680137 283363242
#r 0 4.5101139380
744680137 282363242
#r 0 4.5497884804
745500083 287361424
#r 0 0.3536172958
787479252 -388621533
#r 0 2.3278436506
787479252 -387621533
#r 0 2.2346746236
792027858 -393435651
#r 0 0.7846498133
734374273 161323653
#r 0 4.3778716207
734374273 160323653
#r 0 1.5026023410
734459276 161568210
#r 0 1.5325887649
-835925574 -325109799
#r 0 0.9438332320
-835925574 -324109799
#r 0 0.2521311032
-835034864 -323880340
#r 0 0.9400659389
191098699 -491490599
#r 0 0.5359712527
191098699 -490490599
#r 0 3.9595175019
188985868 -492745550
#r 0 5.9871125597
76967052 -918743877
#r 0 0.2036146596
76967052 -917743877
#r 0 0.2307543154
41833931 -925998023
#r 0 6.1948342672
-458212991 -390070259
#r 0 1.4687735148
-458212991 -389070259
#r 0 1.3796855191
-457995552 -387946380
#r 0 4.9257632246
-561441965 -303326039
#r 0 6.2296789085
-561441965 -302326039
#r 0 0.0898031850
-568405613 -302953083
#r 0 0.1247264288
-143029320 -288205830
#r 0 0.1985538281
-143029320 -287205830
#r 0 1.6195356921
-142981016 -288196111
#r 0 5.4673639880
-217724255 370576245
#r 0 5.4914933744
-217724255 369576245
#r 0 3.7312315235
-217129619 369974076
#r 0 3.4070339580
231282029 -813119927
#r 0 5.5609467655
231282029 -812119927
#r 0 4.5353695787
231127493 -812983776
#r 0 5.7298161307
-173650117 941397434
#r 0 5.9393025778
-173650117 940397434
#r 0 4.7527629294
-173691106 941412113
#r 0 5.8744157625
-974261600 -135035256
#r 0 6.0848516482
-974261600 -134035256
#r 0 5.3876528877
-973307115 -135227084
#r 0 5.3838718245
-219071864 876570219
#r 0 4.5549849153
-219071864 875570219
#r 0 4.6746772673
-219022369 876882066
#r 0 4.6248489371
841216372 -245702053
#r 0 3.0740580997
841216372 -244702053
#r 0 1.5778352691
841223414 -245702529
#r 0 3.3605538500
-554460271 622376857
#r 0 0.2975532118
-554460271 621376857
#r 0 5.7524899093
-555579454 622033651
#r 0 4.6610132448
-710372218 -603481641
#r 0 5.9129991925
-710372218 -602481641
#r 0 0.8071568960
-711070264 -603210745
#r 0 5.7107098945
57367412 137137296
#r 0 2.0629368981
57367412 136137296
#r 0 2.0561552473
24861837 197766092
#r 0 4.5564476026
350298717 99524416
#r 0 1.9351816724
350298717 98524416
#r 0 2.1687598877
351165498 97251893
#r 0 4.5059809054
124361302 -505132095
#r 0 0.4516652333
124361302 -504132095
#r 0 5.5212100748
125056070 -504795056
#r 0 5.3605618490
-544744435 413022941
#r 0 5.3153184412
-544744435 412022941
#r 0 0.3830562019
-544205499 412240111
#r 0 5.4997750108
-119196968 -904270036
#r 0 0.3024969795
-119196968 -903270036
#r 0 5.2029813772
-118739137 -904127159
#r 0 0.5287939195
-804414631 -463783652
#r 0 1.7809492062
-804414631 -462783652
#r 0 1.7915204566
-808735124 -443528392
#r 0 6.0111180957
551441948 -761356956
#r 0 1.5406563508
551441948 -760356956
#r 0 1.8760861448
551469465 -760444271
#r 0 3.1558836764
27156741 -865736728
#r 0 4.0151191499
27156741 -864736728
#r 0 5.8903410458
27778544 -864994393
#r 0 4.1046697290
940217810 -146619311
#r 0 4.8291804517
940217810 -145619311
#r 0 3.5694227786
940106443 -145670094
#r 0 4.0819198306
-914055295 46387478
#r 0 1.0553533218
-914055295 45387478
#r 0 5.3261862105
-914369324 45833171
#r 0 5.3471162591
-936955659 -34943340
#r 0 0.9790331495
-936955659 -33943340
#r 0 5.0865065016
-936707823 -34574597
#r 0 5.5763311890
-369379595 277222742
#r 0 4.1312811248
-369379595 276222742
#r 0 4.1131354600
-386443690 251240227
#r 0 3.9989714932
-821124475 11788443
#r 0 6.2472718574
-821124475 10788443
#r 0 4.9678299669
-821388094 11797915
#r 0 5.4379075046
-490967586 616064171
#r 0 4.0621227308
-490967586 615064171
#r 0 0.4644701735
-492196570 614448415
#r 0 0.0975897045
-678074763 -588467848
#r 0 1.7703926465
-678074763 -587467848
#r 0 2.0231895025
-678421283 -586754858
#r 0 0.0354998050
217643120 -215305082
#r 0 4.8081750134
217643120 -214305082
#r 0 5.1695120075
217523716 -214062327
#r 0 1.5385209157
-682169509 -158834214
#r 0 4.0363775487
-682169509 -157834214
#r 0 1.4421506006
-682323744 -159026507
#r 0 0.9861885514
557597791 508080141
#r 0 4.7286814529
557597791 507080141
#r 0 5.8121426812
557614221 507071773
#r 0 4.5983260033
639262792 -399950495
#r 0 2.9827740382
639262792 -398950495
#r 0 4.3620987418
638917633 -399895212
#r 0 4.0353597168
61684808 -566926225
#r 0 5.6028224936
61684808 -565926225
#r 0 6.2055004042
60317605 -565819800
#r 0 4.2324820194
523190902 523430949
#r 0 4.8661436806
523190902 522430949
#r 0 5.3560148842
523386232 522170577
#r 0 3.0365898405
-97120665 -106773775
#r 0 6.2489399634
-97120665 -105773775
#r 0 1.9779519398
-96682944 -106788771
#r 0 4.4370681249
-565009351 514254679
#r 0 4.0332469877
-565009351 513254679
#r 0 5.5452895032
-565474896 513677970
#r 0 4.0090305465
334580786 -482417867
#r 0 0.9956410277
334580786 -481417867
#r 0 0.9738420322
348609011 -460778255
#r 1 349038647 -460030751
-302732954 278207160
#r 0 5.2581894944
-302732954 277207160
#r 0 6.1127190695
-302054704 277090408
#r 0 0.2864608862
-258338693 -552221732
#r 0 2.6501535914
-258338693 -551221732
#r 0 2.1570171810
-257308369 -552773201
#r 0 2.0761296788
-571070279 -284224233
#r 0 5.2081221076
-571070279 -283224233
#r 0 6.2487183003
-571621329 -283205232
#r 0 1.9888758216
481874853 641887316
#r 0 1.9417316518
481874853 640887316
#r 0 4.8503488975
481658933 642442467
#r 0 2.0206515767
-479273610 -106822827
#r 0 4.6188121981
-479273610 -105822827
#r 0 0.8573201966
-479168346 -105701218
#r 0 2.4438257211
-4238218 -621301856
#r 0 5.4053462242
-4238218 -620301856
#r 0 4.5856060595
-4348721 -621168771
#r 0 5.4374426215
-213551122 -22815755
#r 0 1.1662597435
-213551122 -21815755
#r 0 2.0925370993
-213305731 -22242614
#r 0 1.1144595525
-874003763 -51756842
#r 0 5.1670318046
-874003763 -50756842
#r 0 0.1649948218
-874455769 -50832105
#r 0 4.7554528603
-191082364 -706539912
#r 0 0.2694681311
-191082364 -705539912
#r 0 3.3349834107
-178636395 -703102514
#r 0 5.8340248088
-712230836 221529366
#r 0 2.3046342164
-712230836 220529366
#r 0 2.2899725545
-742323402 254896852
#r 0 1.7257615677
-780382671 126943689
#r 0 5.6092345389
-780382671 125943689
#r 0 1.2479826498
-780118687 126732844
#r 0 5.0928239713
-236286024 -513307999
#r 0 0.6762645525
-236286024 -512307999
#r 0 1.3567893739
-236549273 -513519257
#r 0 5.6825478311
432125842 146983063
#r 0 0.8270232759
432125842 145983063
#r 0 2.0515329397
431792985 146621274
#r 0 3.9554598429
-261116530 -918750953
#r 0 2.1734279900
-261116530 -917750953
#r 0 5.9259646485
-262042250 -917405444
#r 0 5.9467916643
118024946 613168088
#r 0 4.4436240853
118024946 612168088
#r 0 4.3894617806
116468347 607516543
#r 0 2.9875800336
-464226731 -787773296
#r 0 0.7565606152
-464226731 -786773296
#r 0 1.5959594807
-464202147 -787750090
#r 0 2.1281327039
-243669211 -909135288
#r 0 2.0692603654
-243669211 -908135288
#r 0 2.1978518068
-245856701 -905116455
#r 0 5.7607763550
-477273716 873997373
#r 0 6.2126521805
-477273716 872997373
#r 0 4.5772217139
-477139014 873987856
#r 0 6.2130821926
-723337552 322551553
#r 0 4.2862701849
-723337552 321551553
#r 0 0.0790975538
-723808426 321514230
#r 0 5.1383719305
-109826943 -461038229
#r 0 3.8978886898
-109826943 -460038229
#r 0 2.7291101877
-109102836 -460355088
#r 0 2.8051890367
273596302 -710435175
#r 0 0.9670693236
273596302 -709435175
#r 0 4.8477233263
273710016 -710270282
#r 0 0.9610396803
-495340295 -231301155
#r 0 1.2695808758
-495340295 -230301155
#r 0 1.2343756352
-492557817 -222344733
#r 0 1.3792892956
-335666797 -774290530
#r 0 5.6574460932
-335666797 -773290530
#r 0 2.3780174204
-331405505 -777369778
#r 0 6.2719431917
-44434562 -424288087
#r 0 2.5334879548
-44434562 -423288087
#r 0 1.5966523479
-44408226 -424306419
#r 0 1.8798608367
482272679 648017210
#r 0 3.4051850987
482272679 647017210
#r 0 3.3182145518
471330588 645064247
#r 0 4.3352067367
-848718430 -335529233
#r 0 6.2371312077
-848718430 -334529233
#r 0 0.7236276923
-849794169 -335479656
#r 0 0.8327802763
-538168394 -366123595
#r 0 1.8594359410
-538168394 -365123595
#r 0 5.6623026855
-538545392 -364853950
#r 0 0.6049441608
780704324 -493859950
#r 0 2.3067760090
780704324 -492859950
#r 0 3.6867978152
780119731 -493214522
#r 0 2.6198694988
101574837 -660299922
#r 0 3.3477218224
101574837 -659299922
#r 0 0.2327503273
65793166 -667781836
#r 0 3.5118716655
274165912 -778182756
#r 0 0.6723740911
274165912 -777182756
#r 0 1.3463052271
273886840 -778404932
#r 0 4.2608120621
-30247511 -354320033
#r 0 0.7361551739
-30247511 -353320033
#r 0 0.6985404311
-15157134 -340647189
#r 0 0.8057744480
196232884 -273237791
#r 0 2.9464817864
196232884 -272237791
#r 0 5.5507377177
197657974 -273519424
#r 0 3.0614687361
-43571381 -254057842
#r 0 1.3775023199
-43571381 -253057842
#r 0 2.1945050640
-43417504 -253271702
#r 0 5.4514279811
245238934 77228773
#r 0 4.5134649802
245238934 76228773
#r 0 4.4625554498
244278802 72465977
#r 0 4.5649625931
691449954 36763389
#r 0 4.5078333090
691449954 35763389
#r 0 1.8975284050
691321274 36143115
#r 0 4.6146990038
305194638 -415436078
#r 0 2.6575137045
305194638 -414436078
#r 0 4.6176243327
305104113 -415388479
#r 0 5.5802971621
326597884 -216545057
#r 0 5.1216633154
326597884 -215545057
#r 0 5.9975537970
326100796 -215399081
#r 0 3.3832304674
48717586 -293671845
#r 0 1.4517541312
48717586 -292671845
#r 0 1.4861307805
48425383 -296114855
#r 0 1.4030867209
530625494 -89118625
#r 0 5.3734517796
530625494 -88118625
#r 0 3.5636994186
530049047 -88377509
#r 0 1.4537097797
42124448 645983829
#r 0 5.2513129978
42124448 644983829
#r 0 5.5443212235
43437953 643787214
#r 0 5.3712705969
-178491570 670902010
#r 0 0.8114875848
-178491570 669902010
#r 0 4.8060814324
-178577073 670811925
#r 0 3.8655692472
78464923 432039983
#r 0 6.1709960458
78464923 431039983
#r 0 4.0979733635
79118487 431966351
#r 0 6.1209652537
160031141 -417843750
#r 0 0.2292942731
160031141 -416843750
#r 0 0.4194940485
155326737 -418941754
#r 0 4.1322757872
-430166093 553065446
#r 0 4.9525085697
-430166093 552065446
#r 0 0.5748247614
-429954768 552202342
#r 0 0.1377686811
17710008 853207122
#r 0 4.8719738717
17710008 852207122
#r 0 1.1903560629
17824773 852494090
#r 0 6.2327804969
14875479 -715975258
#r 0 1.2046278793
14875479 -714975258
#r 0 2.4604640963
15168018 -715212369
#r 0 1.1159991704
-415569731 -638404763
#r 0 3.8884492679
-415569731 -637404763
#r 0 5.0126906467
-415329058 -638181962
#r 0 1.1821986027
-773961145 -176289730
#r 0 6.0711530937
-773961145 -175289730
#r 0 5.9939480972
-761812596 -178904923
#r 0 5.9897906904
940988252 -325744210
#r 0 1.5996509986
940988252 -324744210
#r 0 2.9510028387
940959228 -324738610
#r 0 1.5374542941
-826089410 389315028
#r 0 5.1653067244
-826089410 388315028
#r 0 5.4090310564
-824925892 386924199
#r 0 5.1536679472
787581078 -76307990
#r 0 6.0656693038
787581078 -75307990
#r 0 4.1276888404
787003644 -76180370
#r 0 6.0648186994
-720594767 -54294382
#r 0 0.9576306738
-720594767 -53294382
#r 0 0.1641772163
-719798278 -53162429
#r 0 4.3241573988
594911311 732837332
#r 0 3.8615667144
594911311 731837332
#r 0 3.5374922299
592732917 730926833
#r 0 2.7520259333
288809318 -738112341
#r 0 3.9142300230
288809318 -737112341
#r 0 4.0186240122
284415240 -742395682
#r 0 2.8777726497
-344837829 -486706031
#r 0 5.3266650857
-344837829 -485706031
#r 0 1.2740252160
-345051143 -486403588
#r 0 5.4957444365
-62712054 -847301326
#r 0 0.6364648991
-62712054 -846301326
#r 0 1.1648272162
-63342037 -847766923
#r 0 5.1375248106
-250419138 -693493865
#r 0 3.3094403759
-250419138 -692493865
#r 0 2.4925789314
-249341658 -693311295
#r 0 0.7683048775
366755340 -91389671
#r 0 3.1721173353
366755340 -90389671
#r 0 5.3022065621
367411228 -91369644
#r 0 3.7247815415
961566412 68953195
#r 0 2.5083714239
961566412 67953195
#r 0 4.6540428928
961622423 68912080
#r 0 2.4561036526
597164501 -516317146
#r 0 2.2590254542
597164501 -515317146
#r 0 1.9259222221
597839943 -517138488
#r 0 4.2755150507
-877313621 -335845740
#r 0 0.3414705286
-877313621 -334845740
#r 0 0.3520311310
-380835327 -806301119
#r 0 0.9934215739
-380835327 -805301119
#r 0 1.8714505914
-380625259 -805978643
#r 0 1.7678775668
822465216 -184570263
#r 0 3.9358542578
822465216 -183570263
#r 0 1.0223332003
820849172 -186215211
#r 0 6.0636262982
186036512 447263379
#r 0 4.4918497762
186036512 446263379
#r 0 4.3946643692
185332206 444121758
#r 0 4.3990785113
-324336703 -906969741
#r 0 6.0737885119
-324336703 -905969741
#r 0 0.6125976210
-325429236 -906737565
#r 0 5.8274327226
-23877194 30146238
#r 0 1.2324893711
-23877194 29146238
#r 0 5.7699940800
-24170810 29311707
#r 0 2.9593953379
-646955563 126488175
#r 0 4.6547256881
-646955563 125488175
#r 0 6.1360030228
-647012800 125496661
#r 0 5.1614152091
647455009 119171730
#r 0 5.5413794093
647455009 118171730
#r 0 0.7682710028
647986154 118684985
#r 0 2.0827086966
-614105525 708095676
#r 0 4.9975830278
-614105525 707095676
#r 0 0.3673351004
-613842062 707197057
#r 0 4.5634852304
-144601442 -246545691
#r 0 5.4352893305
-144601442 -245545691
#r 0 4.9077292868
-144346371 -246834817
#r 0 1.9151576204
-755786970 456770808
#r 0 5.3900486524
-755786970 455770808
#r 0 5.3110890511
-760266593 462336954
#r 0 4.8151627473
-942398078 -178453409
#r 0 5.3823211256
-942398078 -177453409
#r 0 6.2292008451
-943225646 -177408690
#r 0 5.8060942176
711522906 98276513
#r 0 1.3730090840
711522906 97276513
#r 0 1.3819098891
715668194 118960819
#r 0 1.4205654015
-865732126 -389513957
#r 0 5.9511061149
-865732126 -388513957
#r 0 1.1416172378
-866127378 -389377654
#r 0 0.5291877350
457994694 -775492143
#r 0 0.9647694991
457994694 -774492143
#r 0 2.3630838990
458406340 -774898156
#r 0 1.0778218580
223679184 -734348721
#r 0 0.6536872909
223679184 -733348721
#r 0 5.8938597427
224529303 -733697497
#r 0 0.0438659752
590989480 604339845
#r 0 4.6112744134
590989480 603339845
#r 0 5.0603046169
590910199 603558449
#r 0 5.5857873879
33739637 326385330
#r 0 5.1911111525
33739637 325385330
#r 0 5.4103438925
35100837 323762533
#r 0 4.5327194632
107088828 -31836439
#r 0 5.6502945930
107088828 -30836439
#r 0 5.7038001664
94472365 -22581613
#r 0 1.5258587758
-86557720 15314172
#r 0 4.8505234214
-86557720 14314172
#r 0 1.6143219315
-86621143 15770385
#r 0 3.2249807935
187576655 288198927
#r 0 1.6613106857
187576655 287198927
#r 0 3.2621126163
187666431 287209799
#r 0 1.5852236052
376013911 294524797
#r 0 2.5952827049
376013911 293524797
#r 0 5.1159692835
375437134 294875500
#r 0 4.3972786670
278966036 620220652
#r 0 3.1343770118
278966036 619220652
#r 0 2.1429748576
278318983 620225321
#r 0 3.5181990224
-721859489 -551390151
#r 0 5.5781829158
-721859489 -550390151
#r 0 1.1737663626
-722168529 -551127196
#r 0 1.6822709150
388898961 -22604958
#r 0 3.3919695229
388898961 -21604958
#r 0 1.5653162961
388893473 -22606361
#r 0 6.1243829835
-862956667 140643757
#r 0 4.7269627671
-862956667 139643757
#r 0 0.9174488952
-862942364 139662441
#r 0 5.4463765569
-64393835 -548376194
#r 0 5.9501107691
-64393835 -547376194
#r 0 2.2045216272
-63408501 -548717084
#r 0 2.2100471338
-682022435 430113840
#r 0 4.8793424690
-682022435 429113840
#r 0 5.2973163882
-681796390 428772503
#r 0 4.3429738529
129522077 617343422
#r 0 4.3021422577
129522077 616343422
#r 0 3.2651594519
129062317 616286320
#r 0 4.2369441737
-709725211 -135667791
#r 0 3.8499983203
-709725211 -134667791
#r 0 0.7699573056
-718588475 -143261484
#r 0 3.8732830431
882172595 169931446
#r 0 1.9704034127
882172595 168931446
#r 0 2.7806969149
882675009 168741822
#r 0 4.8562525658
29768177 179516482
#r 0 1.8827460520
29768177 178516482
#r 0 1.9490188032
31479547 174209557
#r 0 1.9211824128
258981388 553416150
#r 0 5.5243371714
258981388 552416150
#r 0 3.6151486483
259665987 552766971
#r 0 2.8340314306
867622611 474026919
#r 0 4.2251258890
867622611 473026919
#r 0 4.1076623242
865351204 469740257
#r 0 4.8514664514
494169261 705240858
#r 0 4.4623450200
494169261 704240858
#r 0 2.6921030886
493941886 704350549
#r 0 3.8964304672
122469093 -725635014
#r 0 0.7350568215
122469093 -724635014
#r 0 2.6171041040
123143582 -725025231
#r 0 0.1999317332
-603116602 -663308573
#r 0 5.7192991469
-603116602 -662308573
#r 0 6.1790902571
-605010887 -662110672
#r 0 5.8300256959
-145539966 -887360284
#r 0 0.0028370910
-145539966 -886360284
#r 0 5.3566598240
-144790360 -887358157
#r 0 2.3635131034
682414660 608429595
#r 0 4.6354776521
682414660 607429595
#r 0 5.3724298929
682344557 607519914
#r 0 3.0952783154
-490982295 -354183775
#r 0 6.0394077974
-490982295 -353183775
#r 0 0.8901769888
-491656254 -354016145
#r 0 5.9917376293
-802812116 -220135267
#r 0 4.5301017194
-802812116 -219135267
#r 0 0.6342197550
-802598867 -218978401
#r 0 0.6133163972
250470454 471718324
#r 0 2.5201025261
250470454 470718324
#r 0 1.2546433018
250735489 471528517
#r 0 3.6993920230
439852827 37625603
#r 0 3.1722116928
439852827 36625603
#r 0 1.1423721329
440316022 37639790
#r 0 5.4447754267
-160210028 -311873695
#r 0 4.7725675361
-160210028 -310873695
#r 0 0.2378809040
-160269412 -310888094
#r 0 4.8098790875
378118500 -176315695
#r 0 5.1934079556
378118500 -175315695
#r 0 3.6671433650
377717860 -175548048
#r 0 5.4005823352
-866575725 -214630372
#r 0 0.3554585095
-866575725 -213630372
#r 0 5.0094981073
-866300801 -214528313
#r 0 5.0832467805
135413484 36622920
#r 0 3.1084472193
135413484 35622920
#r 0 5.1468130460
134942248 36638545
#r 0 5.2027003528
133848038 926203271
#r 0 3.0801689463
133848038 925203271
#r 0 3.2194740449
141014426 925762530
#r 0 4.1918222943
152317393 -838586251
#r 0 5.7030429252
152317393 -837586251
#r 0 5.7397710290
132821071 -825808908
#r 0 5.6283595354
866394399 -388688067
#r 0 1.0026264502
866394399 -387688067
#r 0 2.0490559903
866680485 -388239930
#r 0 2.9655341665
-110683473 -855371776
#r 0 5.1320521058
-110683473 -854371776
#r 0 0.8485479576
-110979654 -854707943
#r 0 0.9504644672
-778756986 -564076853
#r 0 1.4697165495
-778756986 -563076853
#r 0 1.1183372310
-778628818 -562813182
#r 0 0.6680149698
-737950047 -439455128
#r 0 1.7932791728
-737950047 -438455128
#r 0 1.7857818463
-731671429 -467208637
#r 0 6.2172939988
-609784449 -471338019
#r 0 5.7545323995
-609784449 -470338019
#r 0 5.8289172270
-620225160 -465239507
#r 0 5.5236407581
-23189346 649857189
#r 0 1.2331325972
-23189346 648857189
#r 0 3.6864500448
-23635365 648586878
#r 0 5.4568670703
919027675 186956176
#r 0 2.6274493587
919027675 185956176
#r 0 4.1962259450
919457414 186713455
#r 0 1.9823188322
-462062882 -817316296
#r 0 1.9440292158
-462062882 -816316296
#r 0 1.8782355819
-460384560 -821602244
#r 0 1.8171892054
-122964257 -333624352
#r 0 1.2268113395
-122964257 -332624352
#r 0 0.6019285332
-122489097 -332297931
#r 0 4.1801830698
-340634393 559951828
#r 0 6.2303551933
-340634393 558951828
#r 0 0.0684545410
-332399941 559516396
#r 0 1.1656610037
-909594700 -252680642
#r 0 0.4416737837
-909594700 -251680642
#r 0 0.3179383044
-902636922 -249390817
#r 0 5.9819354821
43912064 302995607
#r 0 0.6499536497
43912064 301995607
#r 0 4.4819866173
44197531 303212600
#r 0 3.5499560460
117420708 890129395
#r 0 2.5989167988
117420708 889129395
#r 0 4.1193453714
117899908 889840403
#r 0 4.1673607124
-468178342 -347725758
#r 0 0.9871348779
-468178342 -346725758
#r 0 1.1027191467
-470334234 -350990212
#r 0 2.0285284900
71200613 -222501511
#r 0 6.1490330737
71200613 -221501511
#r 0 4.3259325962
70814879 -222449451
#r 0 4.2093608298
-243623499 -789879633
#r 0 0.1238826181
-243623499 -788879633
#r 0 2.7325087575
-241831586 -789656503
#r 0 2.2087982380
-769324329 107708350
#r 0 5.6887077132
-769324329 106708350
#r 0 5.7755985910
-760981644 102068193
#r 0 4.4378456191
635566251 196520845
#r 0 2.3132944562
635566251 195520845
#r 0 2.4401725854
639648141 192072796
#r 0 0.3988459482
195202581 -473800941
#r 0 0.3483854034
195202581 -472800941
#r 0 5.2377167614
195681427 -473627024
#r 0 0.2177231515
308865562 -904406367
#r 0 3.4981514376
308865562 -903406367
#r 0 3.5353389444
285589082 -913076370
#r 0 3.6532286272
710295145 -265660052
#r 0 4.0649328016
710295145 -264660052
#r 0 3.9099662661
713105026 -261944252
#r 0 2.5887603412
-659887626 -690524746
#r 0 6.1287706065
-659887626 -689524746
#r 0 6.2003365218
-673658897 -688381195
#r 0 6.1140040253
582191960 -738122481
#r 0 1.8619057329
582191960 -737122481
#r 0 1.8408791659
585834234 -750278736
#r 0 3.0659653547
619956929 619639294
#r 0 3.2044022405
619956929 618639294
#r 0 3.7070281167
621706235 619749312
#r 0 4.4578211160
279378978 182926265
#r 0 2.0880680326
279378978 181926265
#r 0 4.4605750499
279556141 182614877
#r 0 4.0301185539
-31041134 -356688329
#r 0 3.6893107563
-31041134 -355688329
#r 0 1.5102825360
-31104047 -356726704
#r 0 0.7417767143
531322273 778893238
#r 0 2.8280806897
531322273 777893238
#r 0 2.8787121573
549472427 773008882
#r 0 2.6816833857
-409016762 -551302065
#r 0 3.4041427629
-409016762 -550302065
#r 0 3.4121462389
-525292599 -582551658
#r 0 0.2665727180
-242530425 -410578653
#r 0 0.1895846438
-242530425 -409578653
#r 0 5.8773679631
-240921561 -410269929
#r 0 4.2205954278
280793211 -921368331
#r 0 1.5561163839
280793211 -920368331
#r 0 1.3281631587
280808818 -920305276
#r 0 3.5248294706
730390034 137322819
#r 0 1.4627182746
730390034 136322819
#r 0 1.1532154933
730246410 135999103
#r 0 4.3521598708
336241334 349827929
#r 0 6.0463798124
336241334 348827929
#r 0 5.1085857949
335776044 349940219
#r 0 6.0131316799
182629508 -60733374
#r 0 5.0334266594
182629508 -59733374
#r 0 5.6790317627
182197895 -59435453
#r 0 5.3171537248
-14583895 -391538609
#r 0 3.3747456771
-14583895 -390538609
#r 0 1.0497279377
-15248459 -391696424
#r 0 2.7846256686
-529968658 -541423045
#r 0 6.0201034049
-529968658 -540423045
#r 0 6.1101732944
-540543388 -538575014
#r 0 6.1131449019
-295721070 -115687762
#r 0 1.3433115353
-295721070 -114687762
#r 0 0.0788977567
-295485262 -114669119
#r 0 5.4533688955
-860392259 105310463
#r 0 5.8762122592
-860392259 104310463
#r 0 6.0496519065
-855215300 103079001
#r 0 0.9261949420
134282577 690186611
#r 0 4.8606547406
134282577 689186611
#r 0 4.5221275322
134366699 689623402
#r 0 4.5011483430
120775521 105317247
#r 0 4.9968072170
120775521 104317247
#r 0 3.4688764558
121041470 104407535
#r 0 3.3424483509
705482076 -427802156
#r 0 3.4928590419
705482076 -426802156
#r 0 1.9553865024
705834542 -427672990
#r 0 2.3528585702
67711290 -820628312
#r 0 6.2731207764
67711290 -819628312
#r 0 4.2636688655
67232134 -820623489
#r 0 1.6333003065
433987350 508403551
#r 0 5.5164170383
433987350 507403551
#r 0 5.8277453344
436098679 506369460
#r 0 5.1186885157
-118050258 19266698
#r 0 2.6391623887
-118050258 18266698
#r 0 2.6397058758
-797637337 -148047045
#r 0 4.4375979902
-797637337 -147047045
#r 0 4.8884580531
-797528260 -147660142
#r 0 4.9663017090
-297627869 -312378482
#r 0 5.5415054309
-297627869 -311378482
#r 0 5.6366814017
-303820884 -306704598
#r 0 3.0514190538
526708312 738674488
#r 0 5.4588352182
526708312 737674488
#r 0 3.5717893911
527357678 737972456
#r 0 5.4789181699
902408713 326691638
#r 0 2.4581043463
902408713 325691638
#r 0 2.4568450338
425490727 715116131
#r 0 1.7904626281
194389026 724215994
#r 0 2.3080292478
194389026 723215994
#r 0 4.1570000893
194757652 723810031
#r 0 4.7688866979
479784988 -770379991
#r 0 2.8001380184
479784988 -769379991
#r 0 1.2042095994
479447143 -770259930
#r 0 1.5437652740
-131810955 348029062
#r 0 1.7198280674
-131810955 347029062
#r 0 0.7124407718
-131678047 347143865
#r 0 5.4708306498
586522933 -217901995
#r 0 4.4978466964
586522933 -216901995
#r 0 4.2963246397
586952820 -215929092
#r 0 4.1647606898
-187748036 23994930
#r 0 1.2253121363
-187748036 22994930
#r 0 1.3352916983
-187028098 25995207
#r 0 1.2576713372
352205545 -810872443
#r 0 2.8142715518
352205545 -809872443
#r 0 3.6421168644
351077536 -810489445
#r 0 1.8223728014
-281264150 625950435
#r 0 5.7238005217
-281264150 624950435
#r 0 5.7610980336
-261562101 613615123
#r 0 5.7894965148
805993669 -555805939
#r 0 3.5510736250
805993669 -554805939
#r 0 2.2591259586
806599813 -555542864
#r 0 2.1229810860
109176579 830254230
#r 0 2.3409001773
109176579 829254230
#r 0 2.1627218364
106984841 832514057
#r 0 2.2296807075
454603456 -115132683
#r 0 5.4232398273
454603456 -114132683
#r 0 5.7415203040
452816889 -113057714
#r 0 3.5714007969
-841858840 456991149
#r 0 5.2021790881
-841858840 455991149
#r 0 5.1825997411
-852745727 477412286
#r 0 5.6610338759
-394302774 -111391377
#r 0 3.9864685595
-394302774 -110391377
#r 0 0.8990779934
-401928334 -119982615
#r 0 6.1331984451
-44928054 515757560
#r 0 2.7105657148
-44928054 514757560
#r 0 0.7203749773
-44180444 515413761
#r 0 0.7302843664
-121117037 -740886462
#r 0 0.3946947306
-121117037 -739886462
#r 0 0.4573016727
-134355229 -746400878
#r 0 0.3389110674
-104972969 -794518837
#r 0 6.1035814969
-104972969 -793518837
#r 0 4.8518756490
-104828898 -794544995
#r 0 2.5288268752
-228728329 -70115130
#r 0 1.8461881653
-228728329 -69115130
#r 0 3.9108738025
-228950196 -69329958
#r 0 1.7722366841
211817052 -353830981
#r 0 0.1141219866
211817052 -352830981
#r 0 1.7551882702
211999659 -353810051
#r 0 3.6575328408
714039536 -444378998
#r 0 4.0176745928
714039536 -443378998
#r 0 3.7453809668
715998993 -442027536
#r 0 2.3200251257
210279624 -719446913
#r 0 5.8665667935
210279624 -718446913
#r 0 2.8467343776
203075604 -716258970
#r 0 0.3911601555
-252990652 907596128
#r 0 5.5550411358
-252990652 906596128
#r 0 0.0799629979
-251961543 906678594
#r 0 5.0909886548
-111775591 385835601
#r 0 1.8401538592
-111775591 384835601
#r 0 5.2759279296
-111285338 384059749
#r 0 5.2964306923
-751715650 246572132
#r 0 1.1213743994
-751715650 245572132
#r 0 1.1202154902
-914968996 -91887392
#r 0 5.9289004542
734240015 -107718197
#r 0 2.8348485350
734240015 -106718197
#r 0 4.2677132889
733825997 -107587060
#r 0 0.0528555626
451097033 876365304
#r 0 3.2666584654
451097033 875365304
#r 0 3.8434247521
452486495 876539990
#r 0 3.9095419143
-213751703 -188883800
#r 0 3.1924014701
-213751703 -187883800
#r 0 6.0398321145
-210408633 -188713796
#r 0 5.9770465141
-871609781 -439190600
#r 0 1.1079104332
-871609781 -438190600
#r 0 0.9996344592
-869375933 -434714384
#r 0 1.2556479782
873731973 -187795839
#r 0 3.9962842477
873731973 -186795839
#r 0 3.9682146579
889575283 -169589315
#r 0 3.7195321633
476321941 -514170025
#r 0 1.2248101056
476321941 -513170025
#r 0 3.7756273820
476812446 -512809351
#r 0 4.9426619833
648529161 -258031637
#r 0 1.6987577984
648529161 -257031637
#r 0 1.7703632481
648175554 -255283352
#r 0 1.7509756113
-947200162 54478327
#r 0 6.1887578601
-947200162 53478327
#r 0 6.2402256513
-927866405 52647244
#r 0 5.7145126993
-72923073 965837855
#r 0 5.8427279367
-72923073 964837855
#r 0 4.5023563863
-72729360 965746551
#r 0 6.0630859428
533900477 -572149686
#r 0 3.6230927838
533900477 -571149686
#r 0 3.5838437133
554314625 -561482904
#r 0 1.3206510198
-787439174 -505763987
#r 0 0.7322656936
-787439174 -504763987
#r 0 0.1147736608
-786163217 -504616894
#r 0 0.7849804042
-244124713 -774407860
#r 0 2.9565478491
-244124713 -773407860
#r 0 2.7819398936
-238828671 -775399206
#r 0 2.7601813888
912688030 366379819
#r 0 3.8998098599
912688030 365379819
#r 0 3.7407991590
908901461 362793697
#r 0 3.7509525939
65744808 676218049
#r 0 4.8578662670
65744808 675218049
#r 0 3.5816656449
65881865 675282585
#r 0 4.9690218085
-530446177 836542796
#r 0 4.5610968938
-530446177 835542796
#r 0 5.0499452341
-530552466 835845623
#r 0 6.2184524061
-415563059 -298865844
#r 0 3.1597898877
-415563059 -297865844
#r 0 3.2955650948
-422862243 -298998684
#r 0 3.0605657837
-886033412 -228132643
#r 0 5.2485445362
-886033412 -227132643
#r 0 5.6444473376
-887096895 -226342917
#r 0 5.3354512780
-277974413 -935647969
#r 0 6.1780296612
-277974413 -934647969
#r 0 1.9638588394
-277540797 -935693735
#r 0 2.0769221910
200104270 740576328
#r 0 2.2481773117
200104270 739576328
#r 0 2.2365350270
166853280 781915858
#r 0 4.1773458330
-138670661 -326693416
#r 0 4.6715293757
-138670661 -325693416
#r 0 4.4391703975
-138622796 -325522606
#r 0 2.5747083882
-420259027 -893966584
#r 0 1.3639520638
-420259027 -892966584
#r 0 0.1954644685
-420040085 -892923235
#r 0 1.9832303318
-798050443 -196980374
#r 0 0.4230976624
-798050443 -195980374
#r 0 0.2938438575
-791279474 -193931453
#r 0 0.3829797162
-402542994 -134498653
#r 0 3.2371815963
-402542994 -133498653
#r 0 3.8189265018
-403954666 -134634006
#r 0 3.8462902595
508744237 816338581
#r 0 2.9504907681
508744237 815338581
#r 0 3.0405486970
519605129 814237403
#r 0 2.9915651135
-397593185 913590386
#r 0 4.3422963015
-397593185 912590386
#r 0 5.8258732945
-397918958 912750700
#r 0 5.9234269665
-443314379 -868631678
#r 0 0.7841289279
-443314379 -867631678
#r 0 1.9545350266
-443026544 -868344573
#r 0 6.0471839390
-533147680 613971414
#r 0 0.4106883064
-533147680 612971414
#r 0 4.1193075736
-532193635 614386853
#r 0 4.5685606026
-770932227 -336799630
#r 0 2.7036792968
-770932227 -335799630
#r 0 1.5442220850
-770958481 -336787337
#r 0 1.5083260088
-313801222 -169811900
#r 0 1.0241336359
-313801222 -168811900
#r 0 2.4618846337
-313393309 -169141567
#r 0 4.6513368873
396351162 236536477
#r 0 5.4966303254
396351162 235536477
#r 0 5.1328004502
395541110 237348405
#r 0 0.2600758019
653214263 -656222690
#r 0 2.6791747550
653214263 -655222690
#r 0 2.8104648207
646749232 -653000106
#r 0 2.6861316887
-126037657 252119065
#r 0 5.8925602043
-126037657 251119065
#r 0 4.4780029744
-125820258 252029543
#r 0 4.7375826213
795662488 -210263076
#r 0 3.2601862915
795662488 -209263076
#r 0 6.1493622037
799602901 -209793565
#r 0 6.1790616448
-552602322 134431660
#r 0 2.6370002475
-552602322 133431660
#r 0 4.6428020340
-552535206 134394593
#r 0 4.1226046002
-25074801 475442830
#r 0 1.3474524280
-25074801 474442830
#r 0 5.6485077665
-25269391 474586107
#r 0 4.1906442749
-581753711 58339560
#r 0 3.4244583091
-581753711 57339560
#r 0 2.2710416469
-582430617 58142811
#r 0 4.7251392310
-123676106 -141587957
#r 0 1.6545869828
-123676106 -140587957
#r 0 4.1133268750
-123750894 -140697494
#r 0 5.6494723402
-770394741 -202777594
#r 0 1.0292917025
-770394741 -201777594
#r 0 1.0451366232
-786718154 -229916488
#r 0 5.0901911754
226219170 40973701
#r 0 4.8376836026
226219170 39973701
#r 0 4.7591654703
226144673 41565164
#r 0 4.6090979842
-730767039 -317649186
#r 0 2.3136433984
-730767039 -316649186
#r 0 5.9842725080
-732047785 -316254530
#r 0 2.2410826732
313987082 -595303530
#r 0 4.5407055616
313987082 -594303530
#r 0 3.1828337442
314161722 -594296324
#r 0 4.5403655321
422385780 609464897
#r 0 1.6229193997
422385780 608464897
#r 0 3.3687604935
422437329 608476813
#r 0 1.7250743222
-283682688 -708434606
#r 0 5.4058089951
-283682688 -707434606
#r 0 3.2014615710
-284474352 -707482059
#r 0 2.0533313173
-165174039 -771223105
#r 0 5.4399369904
-165174039 -770223105
#r 0 0.4732975979
-165785633 -770536315
#r 0 5.1351411622
-595802012 -385074130
#r 0 2.2151278020
-595802012 -384074130
#r 0 2.8866746768
-596736205 -383830691
#r 0 1.0110316438
277214466 -802769623
#r 0 1.4480117358
277214466 -801769623
#r 0 0.7961376188
277355676 -801625347
#r 0 3.9292150728
-49223034 10182434
#r 0 2.7724242132
-49223034 9182434
#r 0 1.1961450395
-48881736 10050383
#r 0 0.4912055091
606551053 -19018638
#r 0 5.7571281371
606551053 -18018638
#r 0 4.2215850470
606143192 -18781821
#r 0 1.7203353139
-355498144 909755308
#r 0 5.5934921529
-355498144 908755308
#r 0 5.7725342426
-351718948 906638150
#r 0 6.2348116992
47076853 -733059593
#r 0 2.5386579604
47076853 -732059593
#r 0 1.7532666468
47288228 -733205115
#r 0 4.4875305062
-374230082 240356462
#r 0 3.5845257644
-374230082 239356462
#r 0 3.3899030098
-378758539 238208304
#r 0 3.0504361102
57914385 673072022
#r 0 4.9874200189
57914385 672072022
#r 0 4.9645034672
54957948 683549076
#r 0 5.0186869214
-434227853 -134865342
#r 0 4.1041639913
-434227853 -133865342
#r 0 2.4987059873
-433770238 -134208114
#r 0 4.6177800472
-803935016 3201268
#r 0 4.9884872396
-803935016 2201268
#r 0 1.4106696838
-803832146 2838198
#r 0 0.1860770525
612533705 664406426
#r 0 5.3948590181
612533705 663406426
#r 0 5.3237759196
607436348 670678129
#r 0 2.7524951005
-128789750 -864403732
#r 0 5.6181362997
-128789750 -863403732
#r 0 0.4801939576
-129555984 -863802831
#r 0 0.7990858883
49745228 181238661
#r 0 2.6300394793
49745228 180238661
#r 0 2.7048327603
60319260 175302404
#r 0 2.6165065294
582907428 511612935
#r 0 5.8046487190
582907428 510612935
#r 0 2.7629032753
591181574 507320704
#r 0 3.6656841574
616180789 -199370439
#r 0 4.2105945947
616180789 -198370439
#r 0 5.5166149121
616539760 -198716141
#r 0 5.4022214081
144982153 -279834439
#r 0 3.0518738107
144982153 -278834439
#r 0 3.7585559211
143731050 -279721889
#r 0 3.0045925021
-152837913 140842892
#r 0 4.4162591562
-152837913 139842892
#r 0 4.2837390957
-153755880 137834159
#r 0 2.7889315761
549838263 -730153584
#r 0 2.1511799689
549838263 -729153584
#r 0 3.0543483667
549142651 -729092741
#r 0 1.1403670792
-591139324 -247371007
#r 0 1.8443125478
-591139324 -246371007
#r 0 0.4597492228
-591385654 -246492974
#r 0 2.8050957092
-753947354 98952221
#r 0 5.6359847133
-753947354 97952221
#r 0 6.2349399607
-752533954 97883978
#r 0 5.8623759475
-98352464 -743450637
#r 0 5.8701672633
-98352464 -742450637
#r 0 0.1171862323
-100151188 -742662393
#r 0 0.4475445442
611104978 -524723090
#r 0 3.6782965768
611104978 -523723090
#r 0 2.1222712642
611555304 -524455165
#r 0 2.2896980026
-276948858 -364114257
#r 0 5.4938051778
-276948858 -363114257
#r 0 5.7286139364
-279522310 -361520228
#r 0 1.4239026929
-558362802 302376104
#r 0 4.6037611985
-558362802 301376104
#r 0 4.7166956064
-558366945 302338114
#r 0 4.8341254383
-267275647 10250653
#r 0 1.2218982478
-267275647 9250653
#r 0 0.3807178883
-267701420 9080239
#r 0 0.4696953853
