701687785 -541700890
#r 0 2.7325725432
701687785 -540700890
#r 0 1.5625846744
701679602 -541697343
#r 0 3.9459882829
-499127383 633119407
#r 0 4.4510449164
-499127383 632119407
#r 0 4.2576333506
-499717843 630911758
#r 0 5.4735992360
-483608482 -622730427
#r 0 2.1953342318
-483608482 -621730427
#r 0 0.0592249172
-484299722 -621771414
#r 0 4.2083836699
-400050622 -282770132
#r 0 1.5465608163
-400050622 -281770132
#r 0 1.4071843124
-400022210 -281598029
#r 0 1.4842160623
301295572 728310821
#r 0 4.1669670489
301295572 727310821
#r 0 6.2493707657
300700954 727330935
#r 0 2.4059798163
538670319 187274473
#r 0 5.2949216126
538670319 186274473
#r 0 5.1248404052
537367446 189252136
#r 0 5.1428954609
-356518068 -65592954
#r 0 0.9742354956
-356518068 -64592954
#r 0 3.4292529092
-355668213 -64341510
#r 0 2.4713081529
-276446552 932869643
#r 0 0.1542146768
-276446552 931869643
#r 0 0.1876539626
-247409857 937383366
#r 0 5.0049648062
-550539604 -271667289
#r 0 2.7326449889
-550539604 -270667289
#r 0 1.4286226689
-550674383 -271608879
#r 0 0.3447701946
-618319202 -169265767
#r 0 6.0172347507
-618319202 -168265767
#r 0 5.8709460105
-612254653 -170917771
#r 0 0.8282155159
755102565 -188650360
#r 0 5.9082096220
755102565 -187650360
#r 0 4.9101022792
755320044 -188735959
#r 0 1.8627660957
380790345 -501424583
#r 0 2.8229338918
380790345 -500424583
#r 0 3.0162943574
375887023 -499806970
#r 0 5.0765614815
-579009961 358478730
#r 0 4.9910300605
-579009961 357478730
#r 0 4.9895915833
-631337329 541388082
#r 0 0.2471786416
299350043 -849072587
#r 0 2.9218570614
299350043 -848072587
#r 0 2.8915244699
330529166 -856036189
#r 0 0.8135844605
547958642 -796389549
#r 0 2.3070767767
547958642 -795389549
#r 0 1.3098128554
547752357 -796161935
#r 0 3.2318440882
120566706 -818818612
#r 0 0.3462898915
120566706 -817818612
#r 0 0.4422965335
111698265 -822018609
#r 0 0.5020734645
137093106 -178832048
#r 0 2.5755708426
137093106 -177832048
#r 0 5.1923572673
137870953 -179326269
#r 0 2.5055042495
-671832205 450572368
#r 0 4.3165829618
-671832205 449572368
#r 0 4.0350943182
-672702013 448490782
#r 0 4.4213432699
-468532303 -84888903
#r 0 1.0113800296
-468532303 -83888903
#r 0 3.9469153544
-466735134 -82018653
#r 0 3.8765800710
242220329 -192797614
#r 0 0.5091590709
242220329 -191797614
#r 0 0.5023650067
354859695 -129916103
#r 0 1.2401680454
474168597 127670696
#r 0 5.7478086690
474168597 126670696
#r 0 5.9287394669
478651145 125011817
#r 0 6.0395159972
595496296 -707793242
#r 0 1.5277360726
595496296 -706793242
#r 0 1.5894747736
595509327 -707490808
#r 0 2.6356317408
677928845 -196320030
#r 0 1.5557587247
677928845 -195320030
#r 0 4.4979243029
677944999 -195245866
#r 0 5.5796949310
134234208 -184258840
#r 0 0.1115507855
134234208 -183258840
#r 0 0.3876115586
130858679 -184636953
#r 0 0.0708578677
-222667336 -46611794
#r 0 1.9291372712
-222667336 -45611794
#r 0 3.1218413793
-223044637 -45604341
#r 0 1.9388121104
219528894 970092025
#r 0 3.0267919629
219528894 969092025
#r 0 3.4243195995
221993060 969807888
#r 0 4.0892023588
-384209398 -106897359
#r 0 2.1478377246
-384209398 -105897359
#r 0 4.7090904253
-384212680 -106892317
#r 0 4.6029319414
615373946 -411111791
#r 0 5.6239146227
615373946 -410111791
#r 0 1.2256767114
615092772 -410893899
#r 0 1.2351442570
326662212 790338362
#r 0 5.4836633752
326662212 789338362
#r 0 5.3380772248
323848233 793232974
#r 0 3.2257003180
340630368 -61653550
#r 0 3.0024112066
340630368 -60653550
#r 0 5.3654932460
341487334 -61773600
#r 0 3.6666519336
-936931568 -253662529
#r 0 1.2178758471
-936931568 -252662529
#r 0 5.0187966737
-936761376 -253200480
#r 0 5.0505776692
-55698254 -527054964
#r 0 0.7451437401
-55698254 -526054964
#r 0 5.4829393654
-55186146 -526582510
#r 0 2.1700093995
-176767589 -188188183
#r 0 2.9269441547
-176767589 -187188183
#r 0 2.2436626264
-175803090 -188398450
#r 0 3.0727042076
133207554 429148051
#r 0 5.7027137190
133207554 428148051
#r 0 3.8837942301
133843291 428731108
#r 0 6.0648970671
420725815 -425022251
#r 0 0.1616176684
420725815 -424022251
#r 0 6.2497746046
425815836 -424192375
#r 0 5.9809345402
-984543034 144270826
#r 0 4.9994216849
-984543034 143270826
#r 0 5.1210474962
-983615774 141129532
#r 0 5.4996554916
366737756 485628537
#r 0 4.3875815731
366737756 484628537
#r 0 0.6779185007
366275752 484256520
#r 0 0.7670384727
-649282821 -270779598
#r 0 0.8357235484
-649282821 -269779598
#r 0 1.0692788687
-650675918 -272320473
#r 0 4.8383209248
411724544 245564399
#r 0 4.1496906664
411724544 244564399
#r 0 6.2375139976
411111501 244592417
#r 0 5.5084648188
795592083 -315379132
#r 0 2.0249617919
795592083 -314379132
#r 0 1.9425558061
797528170 -319344874
#r 0 1.9920362040
-521849662 466816098
#r 0 4.5459362355
-521849662 465816098
#r 0 4.0082139687
-522059091 465569552
#r 0 4.6986452696
-558514126 -706353026
#r 0 2.8380866708
-558514126 -705353026
#r 0 4.3235149722
-558877266 -706239297
#r 0 4.3370739682
-218018041 -776753981
#r 0 1.3612178791
-218018041 -775753981
#r 0 1.4419786596
-218349331 -778311513
#r 0 1.3884466044
517252615 315449462
#r 0 5.7031860841
517252615 314449462
#r 0 5.8118110759
524126818 310945709
#r 0 5.7111003750
-836634468 79323631
#r 0 2.8236097165
-836634468 78323631
#r 0 2.7141488159
-844547206 81928127
#r 0 5.8317403634
-478957491 -425697431
#r 0 0.1821728420
-478957491 -424697431
#r 0 0.3068119461
-486498930 -427086679
#r 0 0.2467534429
744680137 283363242
#r 0 4.2069021412
744680137 282363242
#r 0 5.4928716522
744325116 282721771
#r 0 4.2752213853
787479252 -388621533
#r 0 1.5690449265
787479252 -387621533
#r 0 3.3663222463
787481004 -387621132
#r 0 0.4498976632
734374273 161323653
#r 0 3.6461837370
734374273 160323653
#r 0 2.3951146219
733697371 160949814
#r 0 3.1347790180
-835925574 -325109799
#r 0 0.5201595690
-835925574 -324109799
#r 0 3.7936919333
-841168081 -328112569
#r 0 3.6958162069
191098699 -491490599
#r 0 3.5252365654
191098699 -490490599
#r 0 3.6008478833
180094863 -495932233
#r 0 3.3878275789
76967052 -918743877
#r 0 0.6163226783
76967052 -917743877
#r 0 0.8057311357
73965345 -920870202
#r 0 0.7084544024
-458212991 -390070259
#r 0 5.7308867488
-458212991 -389070259
#r 0 5.6137309683
-452501778 -393589921
#r 0 5.7030393560
-561441965 -303326039
#r 0 5.6764945307
-561441965 -302326039
#r 0 2.5931924334
-573475914 -294974424
#r 0 1.2392065437
-143029320 -288205830
#r 0 4.0470201209
-143029320 -287205830
#r 0 0.7270818537
-140429388 -284892733
#r 0 0.9940028706
-217724255 370576245
#r 0 1.3042070865
-217724255 369576245
#r 0 3.2159283252
-218003014 369555485
#r 0 1.4889093334
231282029 -813119927
#r 0 3.0724249065
231282029 -812119927
#r 0 3.5947610872
229484267 -812995381
#r 0 3.4032737590
-173650117 941397434
#r 0 5.4798147955
-173650117 940397434
#r 0 5.4707688503
0 0
#r 0 3.2323739726
-974261600 -135035256
#r 0 0.2813485132
-974261600 -134035256
#r 0 0.2533385732
-941054119 -125437799
#r 0 4.9132944438
-219071864 876570219
#r 0 0.3579110430
-219071864 875570219
#r 0 0.3496289700
-325322371 836830425
#r 0 0.3156798867
841216372 -245702053
#r 0 5.7042071139
841216372 -244702053
#r 0 5.8124191372
834309287 -241186829
#r 0 2.2239308739
-554460271 622376857
#r 0 0.5283987609
-554460271 621376857
#r 0 5.1660030543
-554839783 622155310
#r 0 5.1357140241
-710372218 -603481641
#r 0 4.4349847978
-710372218 -602481641
#r 0 4.4973680236
-711309503 -606773294
#r 0 4.4795989457
57367412 137137296
#r 0 0.6474964202
57367412 136137296
#r 0 2.2826242971
56845327 136742463
#r 0 0.8771434055
350298717 99524416
#r 0 4.4639977447
350298717 98524416
#r 0 2.5571042501
350081532 98668106
#r 0 1.1662665759
124361302 -505132095
#r 0 0.1590564420
124361302 -504132095
#r 0 0.0175563159
131361488 -504009185
#r 0 6.2716153901
-544744435 413022941
#r 0 4.4756707903
-544744435 412022941
#r 0 6.0384492151
-544971968 412079766
#r 0 4.5840461182
-119196968 -904270036
#r 0 0.4203862574
-119196968 -903270036
#r 0 2.1025485875
-118731186 -904061815
#r 0 0.2546233077
-804414631 -463783652
#r 0 0.0394674097
-804414631 -462783652
#r 0 5.2326114589
-803854446 -463761531
#r 0 1.7803801936
551441948 -761356956
#r 0 2.4441277798
551441948 -760356956
#r 0 1.4265661352
551312468 -761248456
#r 0 1.0877365215
27156741 -865736728
#r 0 0.2699570520
27156741 -864736728
#r 0 0.2615364586
137721255 -835142211
#r 0 1.2948573681
940217810 -146619311
#r 0 3.8230433705
940217810 -145619311
#r 0 3.9972240081
937279064 -149002821
#r 0 3.9789639460
-914055295 46387478
#r 0 4.6860829259
-914055295 45387478
#r 0 1.9365355661
-914079916 45451767
#r 0 4.4290168303
-936955659 -34943340
#r 0 5.1763688125
-936955659 -33943340
#r 0 1.3225190232
-937123924 -34607089
#r 0 1.4658087916
-369379595 277222742
#r 0 3.9941023264
-369379595 276222742
#r 0 2.1575510927
-369757214 276790704
#r 0 3.0026028767
-821124475 11788443
#r 0 0.8796650211
-821124475 10788443
#r 0 3.1673936838
-821969760 10766629
#r 0 0.6568715260
-490967586 616064171
#r 0 5.7180063102
-490967586 615064171
#r 0 4.1292707818
-490502509 615769225
#r 0 6.1969401131
-678074763 -588467848
#r 0 4.2429280302
-678074763 -587467848
#r 0 4.1998013419
-672928440 -578323071
#r 0 0.8864094609
217643120 -215305082
#r 0 0.5096115078
217643120 -214305082
#r 0 1.2513869083
217237396 -215531821
#r 0 0.5640662801
-682169509 -158834214
#r 0 1.1125415245
-682169509 -157834214
#r 0 0.2394551171
-681608694 -157697297
#r 0 3.8059545672
557597791 508080141
#r 0 4.8867818454
557597791 507080141
#r 0 0.6123705366
557754571 507190271
#r 0 1.2603109727
639262792 -399950495
#r 0 2.6326510812
639262792 -398950495
#r 0 2.7945689256
634168825 -397108214
#r 0 2.7789753186
61684808 -566926225
#r 0 1.6081423967
61684808 -565926225
#r 0 4.8943563018
61637924 -565671427
#r 0 2.9326003758
523190902 523430949
#r 0 2.1020623761
523190902 522430949
#r 0 1.9343653497
522111519 525267825
#r 0 1.9921354523
-97120665 -106773775
#r 0 4.2873965449
-97120665 -105773775
#r 0 3.4940981747
-96577692 -105574031
#r 0 3.5328661754
-565009351 514254679
#r 0 4.7666556454
-565009351 513254679
#r 0 5.4699752977
-564951721 513193751
#r 0 5.4276799821
334580786 -482417867
#r 0 3.2749064900
334580786 -481417867
#r 0 3.2547255915
383382267 -475873136
#r 0 4.2865295447
-302732954 278207160
#r 0 2.4925454495
-302732954 277207160
#r 0 4.1857890874
-302329535 277901085
#r 0 2.4767831801
-258338693 -552221732
#r 0 3.3596129763
-258338693 -551221732
#r 0 1.3227312384
-258607032 -552281180
#r 0 1.4487830310
-571070279 -284224233
#r 0 0.3925813748
-571070279 -283224233
#r 0 1.0560005040
-571808977 -284530110
#r 0 4.5901185137
481874853 641887316
#r 0 0.8602536711
481874853 640887316
#r 0 4.7443821957
481843997 641851456
#r 0 0.6297843992
-479273610 -106822827
#r 0 2.8695828887
-479273610 -105822827
#r 0 3.8000653173
-480223653 -106557838
#r 0 3.6434381266
-4238218 -621301856
#r 0 5.4004417749
-4238218 -620301856
#r 0 0.6801195157
-4731971 -620701233
#r 0 5.4112350629
-213551122 -22815755
#r 0 3.4218199022
-213551122 -21815755
#r 0 2.0799665203
-213070133 -22677326
#r 0 0.0650735355
-874003763 -51756842
#r 0 4.3053584965
-874003763 -50756842
#r 0 1.3282380906
-874584507 -53103946
#r 0 1.8173455448
-191082364 -706539912
#r 0 2.1751452937
-191082364 -705539912
#r 0 4.0620989386
-191444318 -706015752
#r 0 4.1585374574
-712230836 221529366
#r 0 5.9163266086
-712230836 220529366
#r 0 3.9004793856
-711480417 221241015
#r 0 5.8697181143
-780382671 126943689
#r 0 3.7939911200
-780382671 125943689
#r 0 3.7658373744
-803287324 109444628
#r 0 3.7955756012
-236286024 -513307999
#r 0 2.5712945958
-236286024 -512307999
#r 0 0.1146728762
-237607783 -512460237
#r 0 4.8515416143
432125842 146983063
#r 0 2.0257455594
432125842 145983063
#r 0 5.7791747041
432795750 145613594
#r 0 2.7294213055
-261116530 -918750953
#r 0 1.2063804279
-261116530 -917750953
#r 0 1.2816152024
-262468706 -922295758
#r 0 1.1619149548
118024946 613168088
#r 0 4.2890981267
118024946 612168088
#r 0 4.1783325402
116133397 608969549
#r 0 4.1455609400
-464226731 -787773296
#r 0 0.1577969981
-464226731 -786773296
#r 0 1.3348068114
-464476769 -787813082
#r 0 6.1630477735
-243669211 -909135288
#r 0 2.3302042949
-243669211 -908135288
#r 0 1.4455218070
-243780396 -909018168
#r 0 1.4485110252
-477273716 873997373
#r 0 0.2896995986
-477273716 872997373
#r 0 5.3446185162
-477874964 873818150
#r 0 5.9974171640
-723337552 322551553
#r 0 5.8817606574
-723337552 321551553
#r 0 5.8509130842
-750437456 334054745
#r 0 4.2628230352
-109826943 -461038229
#r 0 1.0681210486
-109826943 -460038229
#r 0 4.3450191169
-111109694 -463371432
#r 0 4.2648512765
273596302 -710435175
#r 0 3.8153188802
273596302 -709435175
#r 0 0.4531645545
276807882 -707871251
#r 0 2.6010094046
-495340295 -231301155
#r 0 1.3023402692
-495340295 -230301155
#r 0 0.9604836652
-494886833 -229652782
#r 0 1.8340539234
-335666797 -774290530
#r 0 1.7578945620
-335666797 -773290530
#r 0 0.3984638004
-335842135 -773364345
#r 0 1.6400888713
-44434562 -424288087
#r 0 4.2521986445
-44434562 -423288087
#r 0 5.8610462341
-44029137 -423470180
#r 0 0.4898081412
482272679 648017210
#r 0 4.6151761060
482272679 647017210
#r 0 4.6835526335
482313638 648437217
#r 0 0.7994280328
-848718430 -335529233
#r 0 5.1909347451
-848718430 -334529233
#r 0 0.5112138306
-849120260 -334754641
#r 0 3.7381084177
-538168394 -366123595
#r 0 1.6305159771
-538168394 -365123595
#r 0 6.1300965658
-538228741 -365114284
#r 0 0.6439401819
780704324 -493859950
#r 0 1.5750307753
780704324 -492859950
#r 0 2.6132128823
780700079 -492857472
#r 0 3.2299402299
101574837 -660299922
#r 0 1.1518074537
101574837 -659299922
#r 0 3.0956583137
102011263 -659319983
#r 0 1.1575224609
274165912 -778182756
#r 0 3.4105509877
274165912 -777182756
#r 0 3.3705346223
297634910 -771713832
#r 0 0.1706155422
-30247511 -354320033
#r 0 5.0122070076
-30247511 -353320033
#r 0 5.9149426632
-30598515 -353184601
#r 0 1.1655707901
196232884 -273237791
#r 0 4.4950063139
196232884 -272237791
#r 0 5.9774364736
196439362 -272302965
#r 0 1.0108669291
-43571381 -254057842
#r 0 2.9775557249
-43571381 -253057842
#r 0 3.2380316360
-47384343 -253426704
#r 0 1.1093684116
245238934 77228773
#r 0 5.2584470103
245238934 76228773
#r 0 5.3879519517
247753595 73090738
#r 0 3.1589884919
691449954 36763389
#r 0 4.5848056853
691449954 35763389
#r 0 4.3699608988
691249560 35201228
#r 0 1.4408529470
305194638 -415436078
#r 0 1.7062952129
305194638 -414436078
#r 0 1.3840893821
305115452 -414855257
#r 0 2.4784701065
326597884 -216545057
#r 0 2.3003299097
326597884 -215545057
#r 0 2.6746633171
324970179 -214724516
#r 0 2.3333708700
48717586 -293671845
#r 0 2.3230805455
48717586 -292671845
#r 0 0.5690361098
48132151 -293046295
#r 0 3.4882096058
530625494 -89118625
#r 0 3.4926921763
530625494 -88118625
#r 0 1.1727594255
530128465 -89300674
#r 0 5.6415488562
42124448 645983829
#r 0 1.5901437947
42124448 644983829
#r 0 4.9099502547
42145869 644876819
#r 0 1.5693564991
-178491570 670902010
#r 0 4.4002222952
-178491570 669902010
#r 0 5.2128231390
-178694522 670273128
#r 0 5.1862050208
78464923 432039983
#r 0 3.0677145984
78464923 431039983
#r 0 2.4703614451
77076511 432142743
#r 0 2.7821602436
160031141 -417843750
#r 0 2.6060261168
160031141 -416843750
#r 0 4.7538700318
160073694 -417869002
#r 0 4.7006314634
-430166093 553065446
#r 0 4.1353974750
-430166093 552065446
#r 0 6.1539799814
-430766219 552143420
#r 0 6.0890163457
17710008 853207122
#r 0 4.9701190989
17710008 852207122
#r 0 2.8947117488
17992357 852135964
#r 0 5.0136950542
14875479 -715975258
#r 0 0.0138408469
14875479 -714975258
#r 0 2.2442437194
15664644 -715964335
#r 0 1.4608489219
-415569731 -638404763
#r 0 3.1449609685
-415569731 -637404763
#r 0 0.9141011764
-416342561 -638407366
#r 0 0.2611881198
-773961145 -176289730
#r 0 4.1788182331
-773961145 -175289730
#r 0 2.7413845238
-773488528 -175489665
#r 0 2.8121361078
940988252 -325744210
#r 0 1.7425471037
940988252 -324744210
#r 0 1.6268473905
941071190 -326222351
#r 0 1.6379142733
-826089410 389315028
#r 0 5.7612729430
-826089410 388315028
#r 0 5.3992172167
-827641285 390207517
#r 0 5.9775098731
787581078 -76307990
#r 0 2.4722918503
787581078 -75307990
#r 0 1.7948752582
787859114 -76527949
#r 0 1.8746986580
-720594767 -54294382
#r 0 2.3380834671
-720594767 -53294382
#r 0 0.9105973374
-721024902 -53848377
#r 0 0.1618526684
594911311 732837332
#r 0 5.5013671831
594911311 731837332
#r 0 3.8626739907
595445542 732306912
#r 0 5.4589758574
288809318 -738112341
#r 0 3.9191258063
288809318 -737112341
#r 0 1.2323572798
288270718 -738642535
#r 0 4.0189130718
-344837829 -486706031
#r 0 2.3399598809
-344837829 -485706031
#r 0 0.5553022162
-345442631 -486081265
#r 0 1.0085355597
-62712054 -847301326
#r 0 2.1647270997
-62712054 -846301326
#r 0 0.2503385446
-63287890 -846448569
#r 0 1.8654293005
-250419138 -693493865
#r 0 0.3526834209
-250419138 -692493865
#r 0 5.4307943807
-249757723 -693250416
#r 0 5.4036565688
366755340 -91389671
#r 0 4.0119330391
366755340 -90389671
#r 0 0.4921170288
368293723 -89564928
#r 0 3.9509368226
961566412 68953195
#r 0 1.7573007358
961566412 67953195
#r 0 2.6632378985
961775575 67844740
#r 0 1.8266160069
597164501 -516317146
#r 0 1.6460897703
597164501 -515317146
#r 0 0.6315103503
597093010 -515369437
#r 0 0.8598842537
-877313621 -335845740
#r 0 4.0554345279
-877313621 -334845740
#r 0 3.9960521341
-870556690 -327084573
#r 0 4.1993107952
-380835327 -806301119
#r 0 2.9645358350
-380835327 -805301119
#r 0 0.0427109102
-385346590 -805493916
#r 0 2.8220888226
822465216 -184570263
#r 0 4.3855995743
822465216 -183570263
#r 0 5.6516032680
822736815 -183768949
#r 0 3.1727562940
186036512 447263379
#r 0 5.9231183193
186036512 446263379
#r 0 5.7938773579
179627086 449676396
#r 0 0.4281042908
-324336703 -906969741
#r 0 2.5906173924
-324336703 -905969741
#r 0 0.9645032936
-324822946 -906670970
#r 0 0.9664905888
-23877194 30146238
#r 0 3.2668639281
-23877194 29146238
#r 0 5.7682814380
-25322813 29964190
#r 0 3.2910893481
-646955563 126488175
#r 0 0.5070139292
-646955563 125488175
#r 0 0.2376768042
-650148522 124714662
#r 0 0.9704099724
647455009 119171730
#r 0 5.1128284374
647455009 118171730
#r 0 3.8778860646
647760946 118449006
#r 0 4.1531868912
-614105525 708095676
#r 0 4.9425755426
-614105525 707095676
#r 0 5.7298046656
-613831517 706926403
#r 0 5.2601951207
-144601442 -246545691
#r 0 5.6133607956
-144601442 -245545691
#r 0 4.6572938668
-144654285 -246503841
#r 0 4.3108342998
-755786970 456770808
#r 0 6.2792702754
-755786970 455770808
#r 0 4.4148157241
-755480658 456769609
#r 0 0.4509693518
-942398078 -178453409
#r 0 6.2693137477
-942398078 -177453409
#r 0 0.7009450035
-943563881 -178437236
#r 0 1.5755942357
711522906 98276513
#r 0 3.6846238164
711522906 97276513
#r 0 0.2048809077
708996128 96751457
#r 0 3.4206811910
-865732126 -389513957
#r 0 2.7194491844
-865732126 -388513957
#r 0 6.2063814291
-868418921 -388307194
#r 0 2.5083580762
457994694 -775492143
#r 0 2.4871291532
457994694 -774492143
#r 0 3.3340603308
456955357 -774694689
#r 0 2.5977163295
223679184 -734348721
#r 0 0.1768591173
223679184 -733348721
#r 0 4.5189984288
223476243 -734384992
#r 0 1.1305576994
590989480 604339845
#r 0 1.2858261310
590989480 603339845
#r 0 6.1234307992
590709741 603384919
#r 0 1.3402630881
33739637 326385330
#r 0 5.2082680332
33739637 325385330
#r 0 2.7757089178
34422036 325123879
#r 0 0.6048373244
107088828 -31836439
#r 0 2.9961924508
107088828 -30836439
#r 0 0.1650495222
103893923 -31368598
#r 0 5.0323904555
-86557720 15314172
#r 0 5.7569215605
-86557720 14314172
#r 0 5.5664271430
-90000778 17314276
#r 0 3.3637392247
187576655 288198927
#r 0 0.5538105852
187576655 287198927
#r 0 1.7043481069
187452609 288122222
#r 0 6.1404698345
376013911 294524797
#r 0 4.9746859908
376013911 293524797
#r 0 1.2566787924
376160910 293977278
#r 0 2.2074951126
278966036 620220652
#r 0 5.2481018390
278966036 619220652
#r 0 3.2382470229
279527347 619275075
#r 0 3.3582777258
-721859489 -551390151
#r 0 0.4846257184
-721859489 -550390151
#r 0 2.3648051549
-721196987 -551041341
#r 0 1.8148003576
388898961 -22604958
#r 0 1.3625455939
388898961 -21604958
#r 0 4.8322042625
388975657 -22242011
#r 0 5.7668359901
-862956667 140643757
#r 0 5.1226154005
-862956667 139643757
#r 0 3.8597686654
-862641530 139919138
#r 0 5.0657288787
-64393835 -548376194
#r 0 5.4538222676
-64393835 -547376194
#r 0 5.8276860132
-66054469 -546562723
#r 0 4.1080996031
-682022435 430113840
#r 0 4.2754563045
-682022435 429113840
#r 0 5.1634975960
-682260221 429604704
#r 0 4.1035490454
129522077 617343422
#r 0 3.2411999953
129522077 616343422
#r 0 2.1889671468
128858114 617277067
#r 0 1.7022439442
-709725211 -135667791
#r 0 4.0409616390
-709725211 -134667791
#r 0 0.2561803857
-708721790 -134404959
#r 0 5.3733518195
882172595 169931446
#r 0 2.2928743300
882172595 168931446
#r 0 2.4033332096
886607349 164896250
#r 0 2.3943871138
29768177 179516482
#r 0 0.7793166776
29768177 178516482
#r 0 1.4536900513
29901293 179647988
#r 0 2.3178536690
258981388 553416150
#r 0 0.1802374020
258981388 552416150
#r 0 0.3780048785
263635011 554264109
#r 0 0.6036681050
867622611 474026919
#r 0 2.7027892643
867622611 473026919
#r 0 3.2447998912
869368132 473207712
#r 0 4.7746750631
494169261 705240858
#r 0 0.0256119148
494169261 704240858
#r 0 0.0404741822
561379067 706962606
#r 0 2.3410429873
122469093 -725635014
#r 0 2.6919160933
122469093 -724635014
#r 0 4.9312707802
122718294 -725755292
#r 0 5.4060250636
-603116602 -663308573
#r 0 2.9712429976
-603116602 -662308573
#r 0 2.0615669688
-602528130 -663409800
#r 0 4.9469013988
-145539966 -887360284
#r 0 2.0038373283
-145539966 -886360284
#r 0 0.1756495092
-145967217 -886436112
#r 0 2.0441760517
682414660 608429595
#r 0 4.3120294844
682414660 607429595
#r 0 4.2136184579
680517145 603946044
#r 0 4.3082816052
-490982295 -354183775
#r 0 5.5852555725
-490982295 -353183775
#r 0 5.6135496089
-512216361 -336373585
#r 0 5.5890343370
-802812116 -220135267
#r 0 2.4548448516
-802812116 -219135267
#r 0 0.3839614692
-803629178 -219465371
#r 0 6.1318018548
250470454 471718324
#r 0 3.7420284621
250470454 470718324
#r 0 4.7318820737
250451215 471705150
#r 0 5.5003317528
439852827 37625603
#r 0 3.0241412368
439852827 36625603
#r 0 5.5521036386
438568920 37777097
#r 0 1.8155329879
-160210028 -311873695
#r 0 4.0499191024
-160210028 -310873695
#r 0 4.0454288811
-75474462 -203248117
#r 0 0.3870856846
378118500 -176315695
#r 0 5.5204394534
378118500 -175315695
#r 0 3.1163695433
377043766 -175288581
#r 0 3.1528911433
-866575725 -214630372
#r 0 1.9218075334
-866575725 -213630372
#r 0 1.8956453512
-862380476 -226087326
#r 0 2.0221289696
135413484 36622920
#r 0 5.9069560419
135413484 35622920
#r 0 5.3512578039
134362218 37038220
#r 0 4.7720145898
133848038 926203271
#r 0 2.3517949676
133848038 925203271
#r 0 2.5027283791
137606617 922411474
#r 0 4.1530936276
152317393 -838586251
#r 0 1.8843124604
152317393 -837586251
#r 0 1.8030879005
153192443 -841285282
#r 0 2.0049356808
866394399 -388688067
#r 0 3.5479040468
866394399 -387688067
#r 0 0.9201296092
865262363 -389175129
#r 0 0.8160759736
-110683473 -855371776
#r 0 0.1157624465
-110683473 -854371776
#r 0 1.4971619908
-110757879 -855380428
#r 0 0.0561381418
-778756986 -564076853
#r 0 2.1299548999
-778756986 -563076853
#r 0 5.2659800388
-728663684 -644126491
#r 0 5.4937567520
-737950047 -439455128
#r 0 2.6032428593
-737950047 -438455128
#r 0 2.0248783206
-737261140 -439866536
#r 0 2.1152498927
-609784449 -471338019
#r 0 4.8007813774
-609784449 -470338019
#r 0 2.7414659541
-609876524 -470299077
#r 0 2.8442350259
-23189346 649857189
#r 0 3.7070902855
-23189346 648857189
#r 0 3.5534950454
-28246496 646647746
#r 0 0.9095081824
919027675 186956176
#r 0 5.1722651028
919027675 185956176
#r 0 2.8461332580
919610890 185778664
#r 0 5.1899391082
-462062882 -817316296
#r 0 0.3012594191
-462062882 -816316296
#r 0 1.5621923268
-462071509 -817318977
#r 0 2.6516619282
-122964257 -333624352
#r 0 3.7301686464
-122964257 -332624352
#r 0 1.5876256062
-122947613 -333613242
#r 0 2.6777406760
-340634393 559951828
#r 0 5.4628394830
-340634393 558951828
#r 0 5.9233065296
-339198009 558411368
#r 0 5.4885833619
-909594700 -252680642
#r 0 0.6968725397
-909594700 -251680642
#r 0 1.4687333859
-909706721 -252774399
#r 0 1.4439581345
43912064 302995607
#r 0 0.1403961662
43912064 301995607
#r 0 2.2273478552
43217150 302897398
#r 0 3.3515361574
117420708 890129395
#r 0 2.1695935170
117420708 889129395
#r 0 1.9914745262
116121551 892033278
#r 0 2.1451766009
-468178342 -347725758
#r 0 1.7520726648
-468178342 -346725758
#r 0 5.3684867113
-468418902 -346413290
#r 0 5.2557515163
71200613 -222501511
#r 0 0.5313075015
71200613 -221501511
#r 0 1.0791101501
70419084 -222960796
#r 0 4.8309907231
-243623499 -789879633
#r 0 1.0766577217
-243623499 -788879633
#r 0 1.0309299046
-238290384 -779979955
#r 0 1.0407678656
-769324329 107708350
#r 0 0.1592879396
-769324329 106708350
#r 0 4.1553923238
-768632322 107819520
#r 0 3.5700753503
635566251 196520845
#r 0 4.4299296340
635566251 195520845
#r 0 4.2997833291
634705054 193553442
#r 0 2.2525608804
195202581 -473800941
#r 0 3.7739503747
195202581 -472800941
#r 0 3.7366660281
213122600 -460670369
#r 0 3.7023406415
308865562 -904406367
#r 0 0.5426785388
308865562 -903406367
#r 0 2.3679572052
309498544 -904024630
#r 0 0.9346583344
710295145 -265660052
#r 0 5.9113489994
710295145 -264660052
#r 0 1.5102612765
710235935 -265636962
#r 0 5.9136518689
-659887626 -690524746
#r 0 5.5982480931
-659887626 -689524746
#r 0 2.5838113929
-665069053 -686292246
#r 0 2.5792350648
582191960 -738122481
#r 0 1.5789337082
582191960 -737122481
#r 0 1.4693707682
582184425 -737196518
#r 0 1.3770538007
619956929 619639294
#r 0 1.7277025165
619956929 618639294
#r 0 2.2336136449
620155348 618385115
#r 0 5.6152006120
279378978 182926265
#r 0 5.8788641497
279378978 181926265
#r 0 1.3573320339
279577345 182841384
#r 0 5.3019000671
-31041134 -356688329
#r 0 0.8374268463
-31041134 -355688329
#r 0 1.7995150349
-30856139 -356483008
#r 0 2.0697523720
531322273 778893238
#r 0 5.0411518610
531322273 777893238
#r 0 5.2194503600
532206319 776301816
#r 0 5.1156521164
-409016762 -551302065
#r 0 1.7336950715
-409016762 -550302065
#r 0 1.8211456505
-409476793 -548503061
#r 0 1.5791721785
-242530425 -410578653
#r 0 0.2882882736
-242530425 -409578653
#r 0 0.0622748505
-238260463 -409312397
#r 0 0.1869910801
280793211 -921368331
#r 0 2.5530284075
280793211 -920368331
#r 0 0.9163283654
280285799 -921029645
#r 0 0.9470378531
730390034 137322819
#r 0 1.6978236875
730390034 136322819
#r 0 1.7079765565
732096415 123961975
#r 0 3.4892600856
336241334 349827929
#r 0 2.0500532021
336241334 348827929
#r 0 1.9037855296
335207170 351817982
#r 0 1.9261715703
182629508 -60733374
#r 0 4.6001706099
182629508 -59733374
#r 0 3.7994765392
182752949 -59637989
#r 0 5.3566678316
-14583895 -391538609
#r 0 5.6566245436
-14583895 -390538609
#r 0 1.8298406939
-14255999 -391775960
#r 0 5.7496667301
-529968658 -541423045
#r 0 4.3759143954
-529968658 -540423045
#r 0 0.9046723559
-529338402 -539621156
#r 0 3.6550188528
-295721070 -115687762
#r 0 4.2583275013
-295721070 -114687762
#r 0 0.1589818927
-295191559 -114602863
#r 0 5.6287861051
-860392259 105310463
#r 0 5.2815484984
-860392259 104310463
#r 0 5.3447416322
-855348355 97426694
#r 0 5.2991810557
134282577 690186611
#r 0 3.5497806421
134282577 689186611
#r 0 2.5904843160
133327567 689773590
#r 0 2.5374230214
120775521 105317247
#r 0 3.8104398772
120775521 104317247
#r 0 3.1314326342
119526364 104329939
#r 0 6.2458390001
705482076 -427802156
#r 0 1.1730806224
705482076 -426802156
#r 0 2.8028089809
705848010 -426931100
#r 0 3.7641988919
67711290 -820628312
#r 0 6.2031713283
67711290 -819628312
#r 0 2.7456197314
70671016 -820865638
#r 0 0.1936182793
433987350 508403551
#r 0 1.1819783461
433987350 507403551
#r 0 1.0955073043
431978718 503500549
#r 0 5.1857611198
-118050258 19266698
#r 0 0.7827313909
-118050258 18266698
#r 0 1.8257901794
-118257256 19060802
#r 0 2.6073397427
-797637337 -148047045
#r 0 5.6517395343
-797637337 -147047045
#r 0 2.7550448306
-800720842 -145791981
#r 0 3.0937351419
-297627869 -312378482
#r 0 5.3744328827
-297627869 -311378482
#r 0 1.5352081526
-297661917 -312334796
#r 0 5.4243135815
526708312 738674488
#r 0 5.5856431714
526708312 737674488
#r 0 5.9319943513
528828228 736897796
#r 0 5.9485575850
902408713 326691638
#r 0 4.2952678211
902408713 325691638
#r 0 2.2132907735
902130381 326063526
#r 0 4.9328045625
194389026 724215994
#r 0 2.9244809653
194389026 723215994
#r 0 3.0277967040
203796459 722140821
#r 0 3.7061798802
479784988 -770379991
#r 0 2.9363959081
479784988 -769379991
#r 0 2.4311904006
481318490 -770699153
#r 0 0.9810271483
-131810955 348029062
#r 0 3.9411740473
-131810955 347029062
#r 0 0.0878740051
-132874021 346935405
#r 0 3.0655415908
586522933 -217901995
#r 0 4.7532494486
586522933 -216901995
#r 0 6.0779861659
586481699 -216893413
#r 0 3.0080451024
-187748036 23994930
#r 0 3.4805150076
-187748036 22994930
#r 0 2.5678810231
-188749295 23641961
#r 0 2.4896375446
352205545 -810872443
#r 0 0.8570232543
352205545 -809872443
#r 0 1.9369781498
352471340 -810565560
#r 0 3.2514077109
-281264150 625950435
#r 0 5.9805685962
-281264150 624950435
#r 0 4.9467801590
-281522165 626030989
#r 0 3.8697641424
805993669 -555805939
#r 0 3.5358697996
805993669 -554805939
#r 0 1.1764512716
805490386 -556015337
#r 0 3.6721387244
109176579 830254230
#r 0 1.9477474279
109176579 829254230
#r 0 4.1398162472
109421837 829634708
#r 0 3.9760316172
454603456 -115132683
#r 0 5.2749256772
454603456 -114132683
#r 0 0.9913711472
454282358 -114623398
#r 0 3.4130637246
-841858840 456991149
#r 0 5.6759841444
-841858840 455991149
#r 0 5.2854139619
-843028377 457803698
#r 0 4.4539866221
-394302774 -111391377
#r 0 4.7764859582
-394302774 -110391377
#r 0 1.7921448606
-394392571 -109992344
#r 0 2.6957085513
-44928054 515757560
#r 0 2.6601308246
-44928054 514757560
#r 0 3.3843426593
-43629528 515079118
#r 0 1.2021468442
-121117037 -740886462
#r 0 0.8292077996
-121117037 -739886462
#r 0 3.0823299219
-120248248 -739938009
#r 0 0.4818556072
-104972969 -794518837
#r 0 6.1689410442
-104972969 -793518837
#r 0 6.2751779034
-114341851 -793443815
#r 0 6.2786852776
-228728329 -70115130
#r 0 1.8192458771
-228728329 -69115130
#r 0 3.2686314029
-228974058 -69146516
#r 0 2.8815987909
211817052 -353830981
#r 0 1.2555597834
211817052 -352830981
#r 0 1.1815661023
213408550 -348950749
#r 0 4.2475868477
714039536 -444378998
#r 0 3.7355536401
714039536 -443378998
#r 0 0.5605402020
735045592 -430193448
#r 0 3.6791537252
210279624 -719446913
#r 0 4.5101260139
210279624 -718446913
#r 0 4.6498358892
210189445 -719886665
#r 0 1.7899391786
-252990652 907596128
#r 0 6.1810281055
-252990652 906596128
#r 0 0.0801138887
-247520186 907035328
#r 0 5.0883214702
-111775591 385835601
#r 0 2.6210184729
-111775591 384835601
#r 0 2.2264402034
-113151457 386624419
#r 0 2.1841602464
-751715650 246572132
#r 0 0.2162492392
-751715650 245572132
#r 0 0.2799924903
-736979822 249809363
#r 0 4.1688742512
734240015 -107718197
#r 0 2.6824065156
734240015 -106718197
#r 0 4.4656356994
734016025 -107607448
#r 0 2.2100416832
451097033 876365304
#r 0 4.9056419721
451097033 875365304
#r 0 4.8008485538
450934830 877194159
#r 0 5.3611472105
-213751703 -188883800
#r 0 3.1904128717
-213751703 -187883800
#r 0 1.9894096501
-213316258 -188862525
#r 0 1.7183818897
-871609781 -439190600
#r 0 2.0812768287
-871609781 -438190600
#r 0 2.0235328480
-867906458 -445803799
#r 0 1.6135920235
873731973 -187795839
#r 0 4.0562869191
873731973 -186795839
#r 0 1.9554409154
873997280 -187451229
#r 0 5.2844570514
476321941 -514170025
#r 0 0.2031209968
476321941 -513170025
#r 0 4.2787301190
475810066 -514275452
#r 0 0.0736701038
648529161 -258031637
#r 0 3.7137152630
648529161 -257031637
#r 0 6.0865316285
649715125 -257267915
#r 0 1.7690016466
-947200162 54478327
#r 0 0.8723313610
-947200162 53478327
#r 0 5.1778040086
-947514416 54104067
#r 0 0.8365172640
-72923073 965837855
#r 0 3.9210919766
-72923073 964837855
#r 0 0.3697773632
-74587896 964192558
#r 0 4.5954005879
533900477 -572149686
#r 0 5.3406768983
533900477 -571149686
#r 0 3.6847307393
533395471 -571454560
#r 0 0.9577048865
-787439174 -505763987
#r 0 5.1304597639
-787439174 -504763987
#r 0 1.1150453766
-787672217 -505239423
#r 0 1.0081668463
-244124713 -774407860
#r 0 0.8973499195
-244124713 -773407860
#r 0 0.1908969675
-243181381 -773225561
#r 0 0.8283665072
912688030 366379819
#r 0 2.4336521218
912688030 365379819
#r 0 4.3077331909
913001430 366111563
#r 0 4.7844830246
65744808 676218049
#r 0 1.8758036484
65744808 675218049
#r 0 1.9408002043
67416754 670907438
#r 0 1.9075840514
-530446177 836542796
#r 0 5.4904374856
-530446177 835542796
#r 0 4.6489170360
-530386471 836482205
#r 0 4.5857190142
-415563059 -298865844
#r 0 1.8507368807
-415563059 -297865844
#r 0 4.6283166313
-415628227 -298639163
#r 0 4.7895032618
-886033412 -228132643
#r 0 1.8214445133
-886033412 -227132643
#r 0 1.8065276860
-882149808 -243301045
#r 0 4.6592972553
-277974413 -935647969
#r 0 2.7102643617
-277974413 -934647969
#r 0 2.5739806142
-272336639 -938242640
#r 0 1.4974614210
200104270 740576328
#r 0 5.4389889274
200104270 739576328
#r 0 6.1656860551
201097266 739459112
#r 0 2.1511325111
-138670661 -326693416
#r 0 2.6907091942
-138670661 -325693416
#r 0 1.5816715795
-138659728 -326698709
#r 0 0.4125416250
-420259027 -893966584
#r 0 2.1494233165
-420259027 -892966584
#r 0 0.6369060600
-420699429 -893292370
#r 0 2.3720173580
-798050443 -196980374
#r 0 2.6580761272
-798050443 -195980374
#r 0 2.6475361189
-724093680 -235814234
#r 0 0.9402137466
-402542994 -134498653
#r 0 1.7340375711
-402542994 -133498653
#r 0 3.0863113977
-402709216 -133489455
#r 0 4.8776117700
508744237 816338581
#r 0 5.6041247562
508744237 815338581
#r 0 4.5620167644
508879243 816229616
#r 0 4.8956405547
-397593185 913590386
#r 0 6.1751148606
-397593185 912590386
#r 0 6.1624341568
0 0
#r 0 3.1190622073
-443314379 -868631678
#r 0 2.4378090260
-443314379 -867631678
#r 0 2.4458821787
-515804386 -807103827
#r 0 2.3738356290
-533147680 613971414
#r 0 4.3196614501
-533147680 612971414
#r 0 4.9769464977
-533311472 613576018
#r 0 5.8123019824
-770932227 -336799630
#r 0 2.1576432967
-770932227 -335799630
#r 0 5.1725935930
-768985081 -339727675
#r 0 2.0740803730
-313801222 -169811900
#r 0 4.2200044394
-313801222 -168811900
#r 0 2.9551106553
-313314074 -168903812
#r 0 3.7442721085
396351162 236536477
#r 0 2.0186309759
396351162 235536477
#r 0 0.4013117047
396750205 235705807
#r 0 3.4330403645
653214263 -656222690
#r 0 3.1033226087
653214263 -655222690
#r 0 1.7884943566
653437356 -656231232
#r 0 3.0205173817
-126037657 252119065
#r 0 2.0568980003
-126037657 251119065
#r 0 2.0884083935
-118700292 238232826
#r 0 3.1104469335
795662488 -210263076
#r 0 3.0646848737
795662488 -209263076
#r 0 4.1598624911
795073869 -210217717
#r 0 4.0955946942
-552602322 134431660
#r 0 0.6331089543
-552602322 133431660
#r 0 0.4303406099
-556240618 131761561
#r 0 0.5192627169
-25074801 475442830
#r 0 3.7025117872
-25074801 474442830
#r 0 1.3544659973
-24819829 475603011
#r 0 4.0322335511
-581753711 58339560
#r 0 5.8957141300
-581753711 57339560
#r 0 3.4780434029
-580434189 57801061
#r 0 1.0741969512
-123676106 -141587957
#r 0 0.8935319529
-123676106 -140587957
#r 0 2.5204978117
-123165672 -140953205
#r 0 2.1047398457
-770394741 -202777594
#r 0 4.1723073940
-770394741 -201777594
#r 0 2.2854941678
-770040178 -202186203
#r 0 2.7288711965
226219170 40973701
#r 0 5.7467459011
226219170 39973701
#r 0 5.0158806358
225834346 41202517
#r 0 5.0309164515
-730767039 -317649186
#r 0 2.3177792791
-730767039 -316649186
#r 0 3.2969589456
-731575728 -316775850
#r 0 1.0593014578
313987082 -595303530
#r 0 0.4773748027
313987082 -594303530
#r 0 5.2098478252
314411013 -595084239
#r 0 2.8636694635
422385780 609464897
#r 0 6.2237300970
422385780 608464897
#r 0 6.1942941765
388602722 611475846
#r 0 0.5949076997
-283682688 -708434606
#r 0 5.9280804703
-283682688 -707434606
#r 0 1.9005000015
-283290761 -708579942
#r 0 5.9468895317
-165174039 -771223105
#r 0 1.6930963219
-165174039 -770223105
#r 0 2.6092177747
-165306547 -770145043
#r 0 2.4884010151
-595802012 -385074130
#r 0 6.0390939193
-595802012 -384074130
#r 0 3.0550012777
-601965377 -383539098
#r 0 4.2956650485
277214466 -802769623
#r 0 3.0390732276
277214466 -801769623
#r 0 0.4034892731
275326934 -802575434
#r 0 3.1703673367
-49223034 10182434
#r 0 1.4271946888
-49223034 9182434
#r 0 2.8442555689
-49361496 9224862
#r 0 1.3575312353
606551053 -19018638
#r 0 1.5369378008
606551053 -18018638
#r 0 4.6894204827
606479659 -21126417
#r 0 1.6180381537
-355498144 909755308
#r 0 0.2263504080
-355498144 908755308
#r 0 5.0214636572
-355795579 909686810
#r 0 5.7716453843
47076853 -733059593
#r 0 5.5728114586
47076853 -732059593
#r 0 5.5436284422
66271318 -749570267
#r 0 2.2759135856
-374230082 240356462
#r 0 2.0241337682
-374230082 239356462
#r 0 5.4032995907
-373044202 237922279
#r 0 2.9648606267
57914385 673072022
#r 0 2.2829282637
57914385 672072022
#r 0 1.8208648135
57551642 673492231
#r 0 1.8265106647
-434227853 -134865342
#r 0 5.1178916061
-434227853 -133865342
#r 0 2.8706038289
-434715282 -133729923
#r 0 3.0214201283
-803935016 3201268
#r 0 4.1211976029
-803935016 2201268
#r 0 4.0891576700
-814089845 -11926236
#r 0 4.3966769128
612533705 664406426
#r 0 1.5312316837
612533705 663406426
#r 0 2.5066921049
612495241 663434760
#r 0 2.1911054384
-128789750 -864403732
#r 0 0.2489497338
-128789750 -863403732
#r 0 2.1931567711
-128182951 -864249470
#r 0 2.0635264114
49745228 181238661
#r 0 3.4664629816
49745228 180238661
#r 0 2.0808919831
49274454 181080103
#r 0 3.5689978561
582907428 511612935
#r 0 0.7241727576
582907428 510612935
#r 0 5.1311337153
582588075 511330474
#r 0 0.6871626897
616180789 -199370439
#r 0 3.4914620302
616180789 -198370439
#r 0 5.8824100723
617448879 -198907738
#r 0 2.6481848282
144982153 -279834439
#r 0 4.8013295677
144982153 -278834439
#r 0 5.2875387937
144878753 -278674935
#r 0 1.3514764644
-152837913 140842892
#r 0 2.4082811944
-152837913 139842892
#r 0 3.3400480774
-151930473 140025380
#r 0 1.3590464375
549838263 -730153584
#r 0 1.0416700433
549838263 -729153584
#r 0 1.0633649624
538531072 -749490580
#r 0 1.1186334212
-591139324 -247371007
#r 0 1.2420575396
-591139324 -246371007
#r 0 0.8806226167
-590558048 -245666966
#r 0 1.0577737594
-753947354 98952221
#r 0 0.1454192184
-753947354 97952221
#r 0 5.4223276008
-754710698 98840427
#r 0 3.2134422901
-98352464 -743450637
#r 0 1.9024928007
-98352464 -742450637
#r 0 3.1661484170
-98693996 -742459025
#r 0 6.0015434217
611104978 -524723090
#r 0 1.7434677913
611104978 -523723090
#r 0 1.7740057965
609969345 -518211742
#r 0 1.7101147215
-276948858 -364114257
#r 0 5.9258302821
-276948858 -363114257
#r 0 1.8088145439
-276682073 -364213871
#r 0 5.4728340273
-558362802 302376104
#r 0 3.5264875771
-558362802 301376104
#r 0 2.9403491008
-560004556 301711030
#r 1 -560328573 301649517
-267275647 10250653
#r 0 1.5876440699
