701687785 -541700890
#r 0 2.4232416481
626398582 -475886485
#r 0 2.3463236679
556389310 -404481290
#r 0 3.2827537935
457383980 -418550570
#r 0 2.2726193667
392822885 -342183922
#r 0 1.7956659324
370524960 -244701603
#r 0 3.4705421635
275886737 -277006507
#r 0 2.7471573642
183565365 -238577817
#r 0 0.3263618343
278286865 -206517914
#r 0 2.0701797139
230398433 -118730112
#r 0 4.9090912832
249942062 -216801752
#r 0 1.0331864736
301150510 -130908243
#r 0 3.2534425806
201775378 -142069929
#r 0 3.1038234740
101846695 -138293909
#r 0 2.6581424689
13307053 -91810237
#r 0 3.8014761126
-65699315 -153112715
#r 0 4.4040771073
-96044369 -248397434
#r 0 0.3953192389
-3757002 -209887151
#r 0 1.3473816179
18399073 -112372494
#r 0 3.1144871419
-81564194 -109662275
#r 0 6.1651075856
-31912348 -115552452
#r 0 0.4935407839
-499127383 633119407
#r 0 5.7162221294
-414773797 579412121
#r 0 2.8854999719
-511512506 604742382
#r 0 4.7736361789
-505391615 504929884
#r 0 3.9241024357
-576306237 434423740
#r 0 1.5575574155
-574982385 534414977
#r 0 0.8432425560
-508477908 609095326
#r 0 0.3774544916
-415517327 645950861
#r 0 4.1430275835
-469426757 561726320
#r 0 4.2062752058
-517904946 474262812
#r 0 1.3738993024
-498342220 572330644
#r 0 1.1919077726
-461353412 665238276
#r 0 4.3938427586
-477012725 617753690
#r 0 2.2713931483
-493188136 636934570
#r 0 5.4407459375
-484837349 627572312
#r 0 5.3313836080
-481195016 622459493
#r 0 5.3089738443
-479426483 619855396
#r 1 -479031364 620007151
-483608482 -622730427
#r 0 3.7866864767
-563512818 -682857768
#r 0 4.0495679416
-625047119 -761683714
#r 0 1.4638731029
-614375158 -662254798
#r 0 4.6301264929
-618483645 -712085715
#r 0 2.3810006580
-636605356 -694841478
#r 0 5.5137878909
-627620773 -703543045
#r 0 5.4890501430
-623237134 -708003961
#r 0 5.7048244070
-620613899 -709716483
#r 0 2.6871541061
-622021296 -709028912
#r 1 -622332069 -708641510
-400050622 -282770132
#r 0 4.0472170262
-461770066 -361451199
#r 0 0.8413199709
-428446099 -324175024
#r 0 1.0423088136
-415788405 -302496698
#r 0 1.0452298326
-409458116 -291581972
#r 0 4.3429447894
-411785369 -297592068
#r 0 1.2274642917
-410700599 -294557663
#r 0 4.3793359864
-411227360 -296080360
#r 1 -411414913 -296579417
301295572 728310821
#r 0 4.0183157763
237328238 651446133
#r 0 4.6511677551
231209939 551633476
#r 0 5.8992376080
323929251 514175110
#r 0 3.0907430871
224058507 519257876
#r 0 5.1734949160
268552388 429701779
#r 0 1.8448069198
241492931 525971119
#r 0 4.9255323369
252069589 477102578
#r 0 2.3244835408
234898042 495399232
#r 0 5.4157462436
243012703 485830550
#r 0 5.9558959507
248967839 483808787
#r 0 2.8713491644
245937479 484648258
#r 0 2.5899766418
244594084 485474890
#r 1 244553024 485343610
538670319 187274473
#r 0 3.2797576116
439623279 173501894
#r 0 4.8290192781
451259885 74181255
#r 0 4.5220136395
432337138 -24012073
#r 0 4.3952835554
401155377 -119026271
#r 0 4.9364476184
423374240 -216526641
#r 0 2.8362203427
328000732 -186461813
#r 0 1.1533667091
368541944 -95048411
#r 0 5.0874060739
405170787 -188098547
#r 0 5.9773121236
500529225 -218211141
#r 0 2.9014123353
451964470 -206317252
#r 0 6.0058282060
476009032 -213162620
#r 0 6.2330821343
488510586 -213789512
#r 0 5.8818778105
494404961 -216290703
#r 0 2.9085444786
491282560 -215549567
#r 0 2.6365884719
487072062 -213221928
#r 0 5.8410518252
489246273 -214251177
#r 1 490004764 -214784990
-356518068 -65592954
#r 0 5.7662047012
-269586518 -115018713
#r 0 1.7304082839
-285480029 -16289810
#r 0 5.0082830992
-270900268 -64116899
#r 0 4.4989360449
-276293475 -88998488
#r 0 5.2242657763
-269712644 -100711793
#r 0 2.3021254711
-274490335 -95387357
#r 0 5.3674418061
-272311303 -98223870
#r 0 5.6803865418
-270829534 -99243702
#r 1 -270515660 -99792792
-276446552 932869643
#r 0 0.1779897621
-178026392 950574788
#r 0 3.4287696747
-225978757 936412489
#r 0 3.0062943125
-251043578 939824563
#r 0 6.1155315647
-238572918 937713999
#r 0 2.7973147647
-244532050 939850690
#r 0 3.3397275197
-253782055 937993576
#r 0 0.2069604420
-249165428 938962915
#r 0 0.7501790365
-247439786 940571095
#r 0 3.9312520529
-248270197 939733576
#r 1 -248163137 939738416
-550539604 -271667289
#r 0 0.4659223472
-461198846 -226742587
#r 0 1.4798833115
-452120063 -127155561
#r 0 5.5231266587
-379640502 -196051956
#r 0 1.7764044756
-400056756 -98158256
#r 0 6.0532131405
-302689482 -120953298
#r 0 2.0876904679
-352107724 -34017475
#r 0 1.8840240428
-382920814 61116922
#r 0 1.9465857868
-419621515 154138739
#r 0 5.1049024417
-400495919 107941212
#r 0 1.2005018290
-391446139 131253249
#r 0 4.3572584671
-395793763 119529958
#r 0 4.4417140463
-397465751 113504447
#r 0 1.4409442875
-397060897 116604716
#r 1 -397041965 116116692
-618319202 -169265767
#r 0 5.6268534756
-539095609 -230287258
#r 0 1.6246683909
-544480210 -130432333
#r 0 1.3470427982
-522291096 -32925188
#r 0 0.7839185572
-451475871 37680789
#r 0 1.7881925074
-473044654 135327026
#r 0 4.7174268482
-472540869 35328295
#r 0 1.7162541114
-479788139 84800278
#r 0 4.6977666384
-480160811 59315620
#r 0 1.7627993671
-487444982 96786064
#r 0 1.4883742453
-485751341 117287902
#r 0 4.7578880514
-485283506 107012710
#r 0 4.8198976391
-484722717 101816598
#r 0 1.5982191973
-484794368 104428758
#r 0 1.9783944757
-485315609 105635954
#r 1 -485156683 105604132
755102565 -188650360
#r 0 3.1336787816
655105696 -187858981
#r 0 3.7778619872
574673885 -247278875
#r 0 4.1397271167
520486769 -331325032
#r 0 3.1460497300
420487762 -331770738
#r 0 3.9351202870
350354254 -403053914
#r 0 1.9721414209
311288564 -311000278
#r 0 4.4238996030
282838129 -406867753
#r 0 3.1660696639
182868084 -409315210
#r 0 2.9572295213
84562764 -390983160
#r 0 3.5368495937
-7727002 -429487693
#r 0 0.2263216040
89722838 -407048247
#r 0 0.3836963201
182451563 -369613190
#r 0 4.9216391350
203224210 -467431885
#r 0 1.7907486973
192315053 -418636494
#r 0 2.8059256972
168707579 -410400577
#r 0 2.8778532513
147931328 -404790375
#r 0 2.9554400112
123714215 -400229491
#r 0 3.0796989813
90658778 -398180952
#r 0 3.2372954521
42810993 -402774151
#r 0 0.5322213722
104647013 -366358617
#r 0 4.9942776340
380790345 -501424583
#r 0 4.1793269282
329973052 -587550089
#r 0 3.1676080502
230006890 -590151335
#r 0 3.0296402734
130632903 -578979468
#r 0 5.2953518849
185682892 -662462992
#r 0 3.3158258008
87196916 -679798287
#r 0 2.0452284458
41513580 -590843058
#r 0 5.4554110693
109165235 -664485801
#r 0 5.8372956796
199387971 -707611871
#r 0 2.6770404497
154686857 -685210746
#r 0 2.9329431689
130220552 -680030471
#r 0 0.4452995245
142030337 -674394005
#r 0 3.6153730908
136208095 -677379249
#r 0 3.7363255905
133496142 -679213702
#r 1 133999465 -678838617
-579009961 358478730
#r 0 3.3663645289
-676494459 336190332
#r 0 1.6197134060
-681384216 436070712
#r 0 5.1677634524
-637404350 346261072
#r 0 5.6367747918
-557579253 286028574
#r 0 5.4641433273
-489287118 212979383
#r 0 2.1382508721
-543035846 297306569
#r 0 5.2259816106
-518470369 253757317
#r 0 5.3745076951
-503056124 233982926
#r 0 5.3423996664
-495658000 223836432
#r 0 5.2575156713
-492394334 218454574
#r 1 -492325112 218153568
299350043 -849072587
#r 0 1.0157996742
352044089 -764082367
#r 0 0.8166715779
420509188 -691195261
#r 0 0.6769013363
498460928 -628557204
#r 0 3.9475827559
463841069 -664633030
#r 0 3.5272582355
440295055 -674192644
#r 0 0.5104347868
451381717 -667984893
#r 0 4.5049949586
450053353 -674297821
#r 0 1.6002464843
449805452 -665882605
#r 0 4.9093544512
451184229 -672791944
#r 0 1.8081051333
450356066 -669367891
#r 1 450852520 -670035457
547958642 -796389549
#r 0 3.0410585791
448463572 -786353068
#r 0 2.3591527318
377544024 -715851878
#r 0 2.5092213648
296881203 -656745961
#r 0 4.1631674934
244678866 -742039079
#r 0 1.1731717536
283401799 -649840736
#r 0 4.0698567110
223479334 -729898829
#r 0 6.2654746309
323463651 -731669804
#r 0 3.1240923777
273471308 -730794835
#r 0 3.2311622842
248571524 -733031083
#r 0 0.9330550448
256099219 -722872784
#r 0 4.0465166737
252193999 -727844056
#r 0 4.0824812526
250330554 -730400316
#r 0 1.0153008538
251164677 -729056456
#r 1 251191801 -728671985
120566706 -818818612
#r 0 3.1785100872
20634843 -822509517
#r 0 0.9619783290
77824666 -740477059
#r 0 1.2829596291
106212525 -644591036
#r 0 0.6213894419
187519561 -586374492
#r 0 6.2826714321
287519548 -586425880
#r 0 3.1994681497
237603264 -589318040
#r 0 2.9465806846
212993679 -584457100
#r 0 3.8498160557
203292280 -592765807
#r 0 0.8082479763
207703889 -588147838
#r 0 0.6457905810
210279480 -586206915
#r 1 210416891 -586316815
137093106 -178832048
#r 0 0.9474094109
195471942 -97641460
#r 0 2.0378267003
150448275 -8350534
#r 0 2.2370403255
88644517 70264322
#r 0 1.6463756806
81093775 169978846
#r 0 2.0763318733
32666168 257470371
#r 0 5.4924514837
102998553 186383413
#r 0 4.4760548438
79584529 89163130
#r 0 4.8213557680
90459656 -10243769
#r 0 3.9850069274
23968004 -84935537
#r 0 3.6922770894
-61248654 -137262597
#r 0 0.4710656214
-16694395 -114570792
#r 0 5.0291828227
-8857168 -138476808
#r 0 1.6749060435
-12120443 -107245559
#r 0 5.3569060232
625113 -124203714
#r 0 2.1274084518
-4978666 -115197898
#r 0 2.3558049077
-8756160 -111417460
#r 0 2.3066458617
-10554820 -109431104
#r 0 2.3337529305
-11483763 -108459503
#r 1 -11236406 -108547621
-671832205 450572368
#r 0 4.3040233780
-711543191 358795260
#r 0 4.4752741549
-735033107 261593286
#r 0 3.9994889720
-800436135 185946449
#r 0 4.5315964355
-818417061 87576300
#r 0 3.2067874263
-918204618 81061440
#r 0 0.4234427806
-827036648 122151600
#r 0 1.2067209918
-791428109 215596942
#r 0 2.4658640301
-869453252 278143541
#r 0 2.8137062307
-951963754 306210728
#r 0 1.1299468389
-909292965 396649679
#r 0 4.2888115794
-929844181 351068460
#r 0 4.1444471831
-943295645 329986927
#r 0 4.3410156887
-947887541 318196022
#r 0 4.4714341535
-949398008 312049139
#r 0 0.5519814513
-946682909 313721191
#r 0 3.6999282582
-948035118 312876556
#r 1 -948001038 312905346
-468532303 -84888903
#r 0 6.2015411008
-368865407 -93044256
#r 0 0.6929509218
-291928978 -29163227
#r 0 6.2738557359
-191933330 -30096171
#r 0 0.7219034829
-116878406 35985282
#r 0 2.8621682241
-212999840 63565527
#r 0 2.7764036166
-306405467 99278114
#r 0 6.1439742116
-207372890 85401925
#r 0 2.3846872272
-280069335 154069434
#r 0 5.2978291369
-224812706 70722539
#r 0 2.7942255606
-318839933 104764873
#r 0 3.2596462505
-418143909 92986915
#r 0 3.2498279442
-517558737 82184506
#r 0 6.2002006195
-417902862 73895558
#r 0 4.9814621329
-391319057 -22506212
#r 0 0.0389773594
-291395009 -18609463
#r 0 5.6713806495
-209533724 -76044034
#r 0 5.5405151620
-135867176 -143669766
#r 0 5.8833359876
-43755210 -182597721
#r 0 2.5032168476
-124061676 -123008531
#r 0 5.5519930228
-86842737 -156396412
#r 0 5.6007262957
242220329 -192797614
#r 0 5.3236911130
299613755 -274687751
#r 0 6.2449083244
399540508 -278514515
#r 0 1.8485059355
372125135 -182345927
#r 0 3.2544128366
272760880 -193604027
#r 0 3.9361584116
202701411 -264959971
#r 0 1.2049286571
238477378 -171578601
#r 0 5.2395298864
288783821 -258003492
#r 0 2.2029856763
259238202 -217666706
#r 0 2.0167794410
248336334 -194864720
#r 0 5.3329578512
255688562 -205150891
#r 0 4.9344470730
259843010 -223551201
#r 0 1.9260935752
256562000 -214708539
#r 0 1.6762664323
256056815 -209936468
#r 1 256262822 -209223618
474168597 127670696
#r 0 1.3571045837
495375508 225396163
#r 0 3.4713409758
400763121 193015671
#r 0 1.7766292132
380324867 290904781
#r 0 1.6136848080
376037334 390812824
#r 0 2.0234772360
332299535 480740600
#r 0 1.4038873038
348913048 579350900
#r 0 4.2430149616
303680239 490165739
#r 0 6.0391049338
400716237 465999333
#r 0 2.7008706541
310271847 508658591
#r 0 0.5805343153
393888818 563505670
#r 0 6.0859985252
491950978 543914529
#r 0 2.7835548401
398292353 578958244
#r 0 3.9164419302
326839704 508997405
#r 0 2.5036785458
246505734 568549511
#r 0 1.7123348974
232399087 667549524
#r 0 5.3503268365
291953101 587216969
#r 0 2.7154438292
200896656 628553682
#r 0 6.0504006151
298199433 605484882
#r 0 3.3450188313
200261418 585282278
#r 0 0.6629079696
279082015 646823431
#r 0 3.5915331481
595496296 -707793242
#r 0 1.7517318707
577501304 -609425665
#r 0 2.2124183644
517651736 -529313062
#r 0 2.8803821484
421043929 -503488044
#r 0 2.9781359740
322376862 -487215066
#r 0 1.1844281539
360059543 -394586692
#r 0 1.8348665259
333958362 -298053131
#r 0 1.7186700690
319224821 -199144472
#r 0 1.7266002279
303707390 -100355761
#r 0 3.3119038972
205154184 -117304671
#r 0 2.0026189869
163301500 -26484228
#r 0 5.5009087531
234232564 -96973831
#r 0 1.6672599760
224601152 2561268
#r 0 2.2126668920
164731675 82658994
#r 0 3.5764451669
74038457 40531329
#r 0 1.8320050384
48213612 137139183
#r 0 5.5435646238
122086039 69738408
#r 0 4.1328410454
67321464 -13932623
#r 0 6.0211991381
163909211 -39832569
#r 0 0.5600040981
248634504 13286398
#r 0 1.6211881044
243597459 113159458
#r 0 1.3465567771
677928845 -196320030
#r 0 3.3667215688
580452311 -218643233
#r 0 1.6054615801
576986480 -118703311
#r 0 3.4618098025
482069771 -150180579
#r 0 3.8782944362
408000922 -217365441
#r 0 0.7789998818
443581749 -182237037
#r 0 3.7797841270
423502387 -197130633
#r 0 4.0073872568
415243162 -206837379
#r 0 4.2094899705
412163750 -212435571
#r 0 1.6032881601
412058944 -209211102
#r 0 4.7748510408
412159635 -210821041
#r 1 412114316 -211434313
134234208 -184258840
#r 0 3.0611457509
34557619 -176222824
#r 0 4.8528939406
48561931 -275237365
#r 0 1.9146477250
14850378 -181091036
#r 0 3.4135070434
-81475472 -207948634
#r 0 1.2530549039
-50233288 -112954287
#r 0 2.7751469434
-143593962 -77124348
#r 0 5.9797881621
-95877610 -92062543
#r 0 0.9591085691
-81464424 -71514373
#r 0 5.3696296321
-65613495 -92054835
#r 0 4.4953279496
-68407664 -104724763
#r 0 0.9802274766
-62853036 -96438971
#r 0 4.4305921779
-65742995 -106421533
#r 0 4.6474847016
-66288761 -114818503
#r 0 0.5568185859
-59427903 -110547438
#r 0 4.5339704185
-60271293 -115224206
#r 0 4.6307537453
-60690899 -120352797
#r 0 4.5568203694
-61683312 -126680514
#r 0 4.4709599960
-63820172 -135358758
#r 0 4.4511259398
-67204219 -148015343
#r 0 4.4622062252
-72026158 -166885198
#r 0 4.9334124741
-222667336 -46611794
#r 0 1.5066695319
-216259051 53182664
#r 0 5.4991488821
-145452149 -17431659
#r 0 5.4050698966
-81591895 -94385333
#r 0 4.9073453208
-62219525 -192490946
#r 0 1.8161078207
-74362450 -143987860
#r 0 4.8064657378
-72008053 -168940328
#r 1 -71465022 -169214745
219528894 970092025
#r 0 3.8563620068
144004450 904547701
#r 0 2.9891509477
45164125 919732898
#r 0 2.7921621555
-48792659 953969176
#r 0 5.9060586955
-2306330 935556650
#r 0 5.8414221852
20310980 924860105
#r 0 2.6218499289
9453324 931073076
#r 0 3.9890273761
5288139 926356169
#r 0 0.6509604719
10033308 929970664
#r 0 3.2186475532
3280851 929449322
#r 0 0.0302571690
6665577 929551765
#r 0 0.2395889656
8313949 929954431
#r 1 8324536 929751267
-384209398 -106897359
#r 0 6.2586536637
-284239487 -109350277
#r 0 1.4136215990
-268586648 -10582931
#r 0 1.4132063310
-252892796 88177906
#r 0 3.5922362404
-342909494 44623410
#r 0 0.4441868753
-297761475 66109600
#r 0 0.5784851747
-276828306 79779075
#r 0 0.2188037064
-264447552 82532105
#r 0 0.2087879825
-258157045 83864911
#r 0 3.3008897304
-261331414 83354922
#r 0 3.2501645682
-262933395 83180305
#r 1 -262450228 83074096
615373946 -411111791
#r 0 0.5539534360
700419091 -358506437
#r 0 2.4747238445
621842866 -296653572
#r 0 1.9432695026
585450853 -203510556
#r 0 2.7460564445
493171844 -164980251
#r 0 2.3620081654
422051274 -94681854
#r 0 2.2182632830
361734479 -14920433
#r 0 2.1414936082
307712583 69232017
#r 0 2.9020976159
210566795 92953228
#r 0 3.5369948772
118282624 54435287
#r 0 1.9131074780
84716119 148633428
#r 0 4.9586956364
96907307 100142450
#r 0 2.4160326532
78032642 116883395
#r 0 5.5168917623
87121281 108135557
#r 0 5.5687165318
91893974 103996062
#r 0 5.8661916993
94784693 102715556
#r 1 94365722 102561882
326662212 790338362
#r 0 4.2999502206
286577734 698723764
#r 0 4.1557964468
233748121 613817745
#r 0 1.0276511666
259589675 656622115
#r 0 5.0243514235
267264236 632824486
#r 0 3.5291953209
235475751 619846670
#r 0 5.7796611510
276635496 597172291
#r 0 2.4869221133
236165143 628237350
#r 0 4.9025507184
244355176 585688975
#r 0 1.8091269660
239240551 606741310
#r 0 1.8977600687
235753470 617023563
#r 0 1.0360329997
238612877 621850923
#r 0 4.0344148193
236467975 619187494
#r 1 236921486 618986730
340630368 -61653550
#r 0 2.9903276857
241772243 -46584672
#r 0 1.6183684299
237016827 53302194
#r 0 5.8080368438
325939308 7555147
#r 0 2.0640359376
278591125 95635506
#r 0 2.2875605611
212896269 171029046
#r 0 4.0774485526
153583314 90518343
#r 0 3.7515406463
71615533 33235860
#r 0 0.4099795306
163328431 73094915
#r 0 3.3109186897
64758574 56243109
#r 0 0.3062915956
112431489 71319354
#r 0 5.1534835850
123302802 48292688
#r 0 1.9276998997
118854573 60222334
#r 0 3.1292638055
112444135 60301371
#r 0 0.0773786354
115640006 60549158
#r 1 116534645 60163227
-936931568 -253662529
#r 0 0.9785861671
-881111951 -170691629
#r 0 0.8655770732
-816291871 -94544684
#r 0 3.6860188939
-901834331 -146337421
#r 0 0.5506845631
-859226006 -120173885
#r 0 0.3193600141
-835489163 -112324603
#r 0 2.0855523899
-841930228 -100936976
#r 0 5.3351035695
-838114943 -106250632
#r 0 5.0261503610
-837093776 -109397722
#r 1 -837504353 -108805748
-55698254 -527054964
#r 0 2.8759105602
-152189617 -500798215
#r 0 2.6732013829
-241419188 -455653074
#r 0 2.9524845068
-339636416 -436854772
#r 0 6.2016840587
-289802385 -440925325
#r 0 5.8431049240
-266924300 -451698129
#r 0 3.2138340051
-279795603 -452629590
#r 0 6.2299823769
-273352252 -452972719
#r 0 2.9149015455
-276544974 -452236299
#r 0 5.9304267305
-275007579 -452802303
#r 1 -275391953 -452624000
-176767589 -188188183
#r 0 5.4840940223
-107031760 -259860452
#r 0 5.8918365342
-14592217 -298004008
#r 0 5.5787925185
61608273 -362761133
#r 0 5.4997979958
132460997 -433329480
#r 0 2.1843494084
74883386 -351568740
#r 0 4.4645741924
50354777 -448513814
#r 0 1.3846476604
59608551 -399377599
#r 0 0.7571073731
77848140 -382141902
#r 0 3.8666840787
68457158 -390463405
#r 0 4.0712753027
64701079 -395496500
#r 0 3.7635628306
62099169 -397361777
#r 1 61810139 -397561898
133207554 429148051
#r 0 4.3592359011
98621753 335319365
#r 0 1.6175049735
93952587 435210300
#r 0 4.5066496826
73523495 337319278
#r 0 4.6655076708
68837081 237429151
#r 0 4.3434255424
32772199 144158983
#r 0 1.3317485687
44611077 192737176
#r 0 0.9899769264
58558093 213986851
#r 0 0.9924713897
65553995 224703991
#r 0 4.2397937938
62641083 219006196
#r 0 3.8931716475
60277449 216797262
#r 1 60843658 217099548
420725815 -425022251
#r 0 3.4955881048
326926296 -459687079
#r 0 4.7393921892
329626289 -559650623
#r 0 2.3783437491
257366894 -490523350
#r 0 4.2183723244
209950283 -578566890
#r 0 4.6522758602
203942591 -678386265
#r 0 4.2923113296
163159456 -769691992
#r 0 5.6380224101
243059638 -829824852
#r 0 2.4624762794
204153237 -798419568
#r 0 2.5379363882
183547886 -784211810
#r 0 2.5309033939
173294835 -777035235
#r 0 2.6620242820
167742794 -774147828
#r 0 2.1765671323
165922920 -771520392
#r 0 5.0554015391
166480140 -773080664
#r 1 166222760 -772476462
-984543034 144270826
#r 0 5.5534067186
-910010830 77600363
#r 0 1.4883941755
-901779937 177261049
#r 0 4.5653965809
-909103118 127800247
#r 0 4.6741424508
-910063026 102714562
#r 0 4.9464158356
-907151073 90499737
#r 0 4.3654423932
-909397395 84287084
#r 0 1.2351005767
-908309253 87405850
#r 0 4.3834212555
-908842820 85842842
#r 1 -908773687 85372670
366737756 485628537
#r 0 3.2114429122
266981610 478649190
#r 0 0.0547216120
316906766 481383905
#r 0 0.1135342489
341751498 484216816
#r 0 3.4627452887
329878210 480266940
#r 0 0.6403645061
344812167 491394389
#r 0 3.8585646307
337792895 485275516
#r 0 3.7279655322
333892039 482684118
#r 0 2.7226504751
331751908 483637128
#r 0 5.6429684951
333298108 482485393
#r 1 332675722 483101522
-649282821 -270779598
#r 0 1.1650320239
-609810709 -178899500
#r 0 4.8648533413
-594623272 -277739481
#r 0 5.2203562621
-545983052 -365112984
#r 0 4.5641098480
-560756689 -464015662
#r 0 4.5391370237
-577995342 -562518600
#r 0 4.6549961429
-583731475 -662353948
#r 0 4.6136098623
-593593331 -761866479
#r 0 1.4418729231
-587165003 -712281435
#r 0 2.3251378007
-604300775 -694046823
#r 0 5.5865705348
-594704335 -702074417
#r 0 5.3871451726
-590740709 -707028794
#r 0 5.1387942080
-589426658 -709921413
#r 1 -588976723 -710521004
411724544 245564399
#r 0 3.8678816474
336960142 179154429
#r 0 3.5375681825
244698069 140583587
#r 0 4.8581995106
259227510 41644740
#r 0 1.5821621330
258659232 91641510
#r 0 1.8430613048
251816131 116151349
#r 0 1.8215484767
248658890 128477422
#r 0 1.6673167866
248045123 134816595
#r 0 4.4749714483
247261000 131576165
#r 0 5.6349953930
250993765 128749147
#r 0 2.6129737810
248972096 129929929
#r 0 2.2986696652
248182260 130816294
#r 1 248018166 130858155
795592083 -315379132
#r 0 0.3282062945
890254289 -283144573
#r 0 0.4638480289
969957910 -243272793
#r 0 3.4308057994
874111052 -271792607
#r 0 0.0582111804
963816995 -266564812
#r 0 2.9416549655
865809099 -246703986
#r 0 6.0427542351
914370870 -258610052
#r 0 5.8157119538
936725172 -269894311
#r 0 2.8205380705
923774709 -265587502
#r 0 2.1762835010
912376028 -249120717
#r 0 5.4831275310
931296838 -268604565
#r 0 2.6585219448
916869059 -261036905
#r 0 5.6821298796
923587397 -265643584
#r 0 1.8810036025
922326918 -261711420
#r 0 4.8400726614
923047174 -267321674
#r 0 1.7427641924
922563217 -264535240
#r 1 922832512 -263874201
-521849662 466816098
#r 0 1.4320010427
-508014654 565854437
#r 0 4.5083523275
-518145849 516891605
#r 0 5.1397589998
-507739883 494043531
#r 0 2.1419292955
-516028749 506943121
#r 0 5.3356200120
-511554070 500717897
#r 0 4.6444406093
-511815040 496883098
#r 0 1.5355365056
-511747291 498803737
#r 1 -511615817 499435932
-558514126 -706353026
#r 0 0.2518031283
-461667651 -681437963
#r 0 0.7623842643
-389348513 -612373194
#r 0 0.4402713510
-298884908 -569754699
#r 0 1.9276175803
-333814656 -476053511
#r 0 1.9295946818
-368929592 -382421565
#r 0 0.6709133722
-290604177 -320251400
#r 0 0.4686645639
-201386948 -275081875
#r 0 0.4455180878
-111148195 -231989330
#r 0 5.5306839933
-38150036 -300336011
#r 0 1.1923626077
-1203489 -207411565
#r 0 1.3414056746
21534929 -110031052
#r 0 4.6792536746
18222005 -209976160
#r 0 2.1308705513
-34902903 -125254592
#r 0 5.3611583934
-4692589 -165095988
#r 0 5.1169002337
5223700 -188258335
#r 0 1.7480471634
2992277 -175801381
#r 0 4.5910667268
728223 -194371224
#r 0 1.2628543232
4280897 -183201394
#r 0 4.4413241679
2711677 -188848003
#r 0 1.3292592590
3412591 -186002765
#r 0 0.8532532395
-218018041 -776753981
#r 0 5.5976461296
-140610260 -840063028
#r 0 2.4765636784
-179955204 -809208932
#r 0 2.5631627572
-200897059 -795535436
#r 0 2.0948017905
-207255032 -784533439
#r 0 5.5307439439
-202407629 -789071418
#r 0 2.3875844240
-204827772 -786798634
#r 0 2.4322389890
-206087369 -785717389
#r 1 -205837177 -785734223
517252615 315449462
#r 0 3.8570787092
441775166 249851026
#r 0 0.6060010528
482871782 278330284
#r 0 1.2076709297
491857429 301978262
#r 0 0.1826422671
505991846 304588897
#r 0 3.2882578371
498882259 303538627
#r 1 497905504 303362711
-836634468 79323631
#r 0 6.1482099927
-737544003 65867046
#r 0 6.2456552077
-637614420 62114917
#r 0 0.2771111284
-541429442 89472730
#r 0 6.1727291400
-442038850 78449560
#r 0 3.2210442039
-541723389 70512761
#r 0 6.2710359558
-491727079 69905308
#r 0 0.6333057252
-471406922 84824165
#r 0 3.6788521376
-482235522 78373454
#r 0 0.4495946171
-476559625 81112387
#r 0 3.6894826416
-479249478 79471023
#r 1 -480016076 79210831
-478957491 -425697431
#r 0 1.7265975099
-494474654 -326908678
#r 0 1.2694458124
-464793641 -231415027
#r 0 0.1249500018
-365573251 -218952514
#r 0 0.6981830566
-288972108 -154669819
#r 0 6.0390501003
-191937436 -178841546
#r 0 2.0480918442
-237875299 -90017491
#r 0 6.0610520691
-140332330 -112048586
#r 0 0.2476073431
-43382170 -87540088
#r 0 5.2507310417
7889156 -173396079
#r 0 4.5472256147
-8552192 -272035230
#r 0 5.3216974255
48677857 -354039629
#r 0 5.5811778447
125032597 -418614807
#r 0 2.2214821268
64459375 -339047950
#r 0 5.5787579146
140657625 -403807712
#r 0 3.0479455269
41095794 -394456681
#r 0 5.2283178596
90430097 -481440165
#r 0 1.2682144008
120228680 -385983136
#r 0 3.7554328367
38484474 -443584219
#r 0 0.6993355276
76747977 -411398753
#r 0 0.2602783929
101081770 -404918185
#r 0 0.6628089814
744680137 283363242
#r 0 2.8044616124
650309382 316441342
#r 0 2.2237840099
589553167 395868556
#r 0 2.8261637228
494486827 426890983
#r 0 1.0105516970
547626172 511603497
#r 0 2.6209921194
460874109 561343617
#r 0 5.4142347231
525436938 484978434
#r 0 1.0298947521
576927845 570702914
#r 0 0.8089419985
645954279 643058642
#r 0 3.5441735398
553948991 603879222
#r 0 0.0156213452
653936790 605441293
#r 0 3.2814741383
604425164 598470005
#r 0 1.2417324295
612627733 622490699
#r 0 4.6020567566
609238616 591898064
#r 0 1.7595385656
603931412 619682165
#r 0 4.8690154249
606137568 605712071
#r 0 5.2969867757
610044158 599808736
#r 0 2.1589722849
608080314 602753395
#r 0 1.8570842690
607580549 604451111
#r 1 607104394 604731120
787479252 -388621533
#r 0 2.7475907588
695141234 -350232858
#r 0 2.8981823513
598089065 -326131479
#r 0 3.3106404367
499514523 -342955857
#r 0 3.2054212170
399718158 -349334380
#r 0 2.7066974854
309026737 -307202847
#r 0 3.6871643145
223543658 -359093532
#r 0 3.5212566667
130664737 -396154375
#r 0 3.1999621734
30835039 -401988013
#r 0 6.2163940239
80723553 -405325095
#r 0 0.2523745553
105307421 -398985583
#r 0 0.0430857926
118053022 -398436089
#r 0 3.1093961681
111677608 -398230752
#r 0 3.5276379921
108706278 -399438418
#r 0 2.6935527879
107161052 -398695721
#r 1 107676237 -398987770
734374273 161323653
#r 0 2.1690471700
678054476 243955853
#r 0 3.7448770385
595706810 187220839
#r 0 1.7492202823
577958933 285633302
#r 0 3.8214730457
500194141 222763300
#r 0 3.9430667755
430629293 150925066
#r 0 1.7920128615
408687626 248488190
#r 0 4.1107882411
352091336 166045119
#r 0 1.1690913822
391190149 258084691
#r 0 1.9165984488
357295006 352165078
#r 0 1.7091492656
343503808 451209527
#r 0 1.9039598127
310800389 545710778
#r 0 4.9859946446
324310625 497570634
#r 0 1.8798893136
316705757 521385880
#r 0 5.1414390260
321905846 510018864
#r 0 2.1183987604
318651836 515354958
#r 1 319211127 514645681
-835925574 -325109799
#r 0 1.0447674259
-785715267 -238629020
#r 0 0.8192515614
-717438444 -165565518
#r 0 0.2415047600
-620340525 -141649119
#r 0 1.5630079067
-619561691 -41652152
#r 0 6.2225781500
-519745296 -47709158
#r 0 5.9031776614
-426879116 -84801915
#r 0 0.2009063840
-328890506 -64846158
#r 0 0.9524603366
-270922500 16638260
#r 0 6.1514326415
-171789183 3501078
#r 0 6.2017783609
-72120355 -4630628
#r 0 6.1096015807
26376859 -21901960
#r 0 6.2495605894
126320333 -25263798
#r 0 5.9751879557
221614591 -55578882
#r 0 2.6821991159
131982434 -11238422
#r 0 5.4409987106
198565734 -85848503
#r 0 2.1218866116
146204093 -653089
#r 0 5.3796377378
177145451 -39929448
#r 0 2.5928525804
155530331 -26714547
#r 0 5.7815264973
166636886 -32806030
#r 0 5.7379625475
172064241 -36098000
#r 1 172389419 -36619875
191098699 -491490599
#r 0 2.0677628410
143422579 -403587314
#r 0 2.0662197358
95882159 -315610564
#r 0 2.1432628553
41711461 -231553824
#r 0 2.1488336233
-12926654 -147800159
#r 0 5.1753508867
9403355 -192536841
#r 0 2.2210450042
-5930143 -172377018
#r 0 5.4349938247
2445252 -181876301
#r 0 5.2689615449
5807846 -187280792
#r 0 2.3397589404
3593661 -184992602
#r 1 4083239 -185081754
76967052 -918743877
#r 0 0.3648733734
170383947 -883060776
#r 0 0.4665565979
259696194 -838079418
#r 0 0.2220146559
357241775 -816059890
#r 0 2.3976816691
283659196 -748342801
#r 0 5.5390882425
320444184 -782208191
#r 0 5.4235375308
336761794 -801148510
#r 0 5.5760759484
346391546 -809377276
#r 0 2.4209655048
341632726 -805198185
#r 0 1.9350644306
340504345 -802238757
#r 0 5.0381292307
341011121 -803739104
#r 1 340943426 -804027285
-458212991 -390070259
#r 0 1.2441307301
-426124316 -295358502
#r 0 1.1195266522
-382513470 -205369091
#r 0 1.2802825457
-353869019 -109559408
#r 0 0.8006634193
-284245954 -37777594
#r 0 0.6616905845
-205350496 23667558
#r 0 1.7551726167
-223683839 121972637
#r 0 0.6045019003
-141405309 178807869
#r 0 2.5160215835
-222468195 237363898
#r 0 1.4004742011
-205518213 335916920
#r 0 2.0250384856
-249396358 425776301
#r 0 0.3388351076
-155082108 459015167
#r 0 0.3019101215
-59605081 488749615
#r 0 1.9098216546
-92861887 583057541
#r 0 2.1532642921
-147870550 666568301
#r 0 1.5524112727
-146032148 766551401
#r 0 4.6284535041
-150223996 716727427
#r 0 4.5886358503
-153323160 691812285
#r 0 1.1920326866
-148548268 703810110
#r 0 4.2297759547
-151544716 698091006
#r 0 0.7039156155
-149057388 700202758
#r 0 3.6376835900
-561441965 -303326039
#r 0 1.6179586122
-566156445 -203437232
#r 0 1.6345045206
-572522956 -103640100
#r 0 0.9478818668
-514182485 -22421940
#r 0 1.2163752916
-479477741 71362817
#r 0 1.6856027114
-490933176 170704515
#r 0 1.5273269131
-486587603 270610050
#r 0 0.7830344233
-415709981 341153389
#r 0 1.9333591004
-451177138 434652484
#r 0 1.2307909123
-417827918 528927770
#r 0 2.7874679684
-511622956 563604720
#r 0 1.7951563845
-533871206 661098388
#r 0 3.5089447933
-627199364 625183839
#r 0 3.0502168026
-726782177 634308714
#r 0 6.0810776499
-677799894 624271988
#r 0 3.2317005774
-703001607 621994948
#r 0 0.1793605518
-690552388 624252103
#r 0 3.3760214073
-696705444 622782632
#r 0 6.2431185410
-693535369 622655549
#r 1 -694462034 622719435
-143029320 -288205830
#r 0 0.9717241232
-86641671 -205619917
#r 0 0.9638882227
-29608625 -123478383
#r 0 1.7482535022
-47261351 -25048808
#r 0 1.2562791688
-16325616 70045778
#r 0 1.3629447643
4310202 167893430
#r 0 1.4780456319
13571979 267463604
#r 0 1.1431329259
55046557 358457337
#r 0 2.1418696977
993016 442589463
#r 0 2.0898399214
-48611976 529418863
#r 0 2.0987422701
-98987978 615803227
#r 0 2.1653522398
-155002071 698642960
#r 0 6.2329050082
-55128450 693617048
#r 0 5.6503555951
25507267 634474160
#r 0 3.0955447525
-74386731 639077323
#r 0 2.2983492102
-140891142 713757731
#r 0 4.3117245155
-179894169 621677527
#r 0 6.1030618207
-81512011 603762421
#r 0 2.2062062118
-140862756 684245270
#r 0 2.1421461521
-194939554 768362450
#r 0 5.0818321784
-158829929 675109595
#r 0 1.3341094318
-217724255 370576245
#r 0 1.3555932622
-196369674 468269550
#r 0 2.7869425229
-290146478 502995779
#r 0 0.1293035199
-190981284 515890130
#r 0 1.3249018401
-166638884 612882127
#r 0 1.3480822084
-144551132 710412282
#r 0 4.2483595289
-189306641 620986646
#r 0 1.2638227046
-159089129 716311889
#r 0 5.0882769516
-122379264 623293687
#r 0 1.9878548399
-142632907 669007908
#r 0 2.0012207397
-153081984 691766098
#r 0 1.3351819244
-150132444 704052090
#r 0 4.5670793409
-151047217 697801128
#r 0 1.3575920018
-150378844 700888377
#r 0 4.5939893091
-150565406 699320049
#r 1 -150776658 698994064
231282029 -813119927
#r 0 1.9076079721
198234072 -718738612
#r 0 1.9990784641
156703201 -627770559
#r 0 1.4922342257
164551332 -528079000
#r 0 1.4032644369
181226262 -429479067
#r 0 2.2898617132
115358088 -354236900
#r 0 2.2028456027
56278149 -273555051
#r 0 1.2424730281
88523783 -178896617
#r 0 1.6723205325
78388794 -79411533
#r 0 1.7239344289
63134768 19418193
#r 0 1.3656846478
83502418 117322017
#r 0 1.9738922778
44275615 209307113
#r 0 1.5109383029
50257844 309128017
#r 0 2.6284588145
-36863192 358219006
#r 0 2.1208460860
-89136157 443468857
#r 0 2.6271461661
-176192678 492674163
#r 0 0.2477348690
-79245644 517195024
#r 0 2.2636871833
-143122052 594135290
#r 0 6.0157837081
-46675980 567712662
#r 0 2.5548509237
-129950884 623077727
#r 0 0.1248084847
-30728731 635526198
#r 0 6.1217339125
-173650117 941397434
#r 0 3.9030096608
-246036025 872402649
#r 0 3.3986954378
-342749099 846974685
#r 0 5.4327337068
-276784719 771816847
#r 0 2.1432444905
-330953873 855874582
#r 0 5.2514474008
-305287465 812964962
#r 0 5.0255475490
-297577256 789154332
#r 0 1.9575641096
-302297470 800743893
#r 0 1.8053460825
-303759474 806862405
#r 0 4.9259862747
-303092727 803788506
#r 0 5.1277059178
-302457900 802348881
#r 1 -302735999 802761205
-974261600 -135035256
#r 0 1.1676506543
-935030223 -43052110
#r 0 1.3143617644
-909666891 53677934
#r 0 1.3109457517
-883973276 150320772
#r 0 0.9187373853
-823290855 229804379
#r 0 0.2628692520
-726726018 255789610
#r 0 0.2997663201
-631185466 285319306
#r 0 1.6500845930
-639105988 385005139
#r 0 1.4560999137
-627661478 484348096
#r 0 1.3734140864
-608051171 582406425
#r 0 1.3846951115
-589548286 680679734
#r 0 1.1408918487
-547869889 771580291
#r 0 4.3503787125
-565577635 724820953
#r 1 -564852745 725342845
-219071864 876570219
#r 0 5.4000700766
-155597161 799298218
#r 0 5.6233247264
-76589391 737997547
#r 0 5.5081601069
-5149051 668024139
#r 0 5.4497586847
62085268 594000181
#r 0 5.4477143863
129168120 519838931
#r 0 2.1221668955
76782602 605019665
#r 0 5.1850243800
99544319 560501083
#r 0 5.3390065064
114295081 540125606
#r 0 2.3110384263
105812171 549411427
#r 0 5.4894976255
110221873 544928004
#r 0 5.5262482547
112510705 542765885
#r 1 112243981 542128882
841216372 -245702053
#r 0 1.9915143725
800374773 -154422462
#r 0 1.8956646709
768456371 -59653186
#r 0 2.1015133984
717841180 26591249
#r 0 2.0053263605
675742764 117298048
#r 0 1.9220021619
641339735 211193903
#r 0 2.0996061728
590889124 297534715
#r 0 2.1277941293
538025106 382419317
#r 0 2.0799245400
489283485 469736293
#r 0 1.7247876945
473945137 568552967
#r 0 4.4276060723
445850226 472580700
#r 0 1.1792758688
464929939 518797197
#r 0 1.2203270451
473610552 542543239
#r 0 1.7843472809
470854184 555253742
#r 0 5.0268146471
472865359 549069587
#r 0 4.5163383329
472225572 545848127
#r 0 1.5146420202
472317739 547487727
#r 2 472698458 547963478
