701687785 -541700890
#r 0 1.1663979442
701687785 -540700890
#r 0 1.8833497054
701871910 -541270679
#r 0 0.8391622758
-499127383 633119407
#r 0 4.5159187961
-499127383 632119407
#r 0 0.4794012974
-499349392 632003996
#r 0 5.9209002914
-483608482 -622730427
#r 0 0.6853333603
-483608482 -621730427
#r 0 6.2384077917
-482448831 -621782388
#r 0 0.0009998951
-400050622 -282770132
#r 0 1.3716245742
-400050622 -281770132
#r 0 2.6344485117
-399869129 -281870973
#r 0 1.3683769889
301295572 728310821
#r 0 4.5744656028
301295572 727310821
#r 0 5.0446163109
301196589 727597714
#r 0 5.9403565378
538670319 187274473
#r 0 4.6611927369
538670319 186274473
#r 0 0.5906057089
538617255 186238897
#r 0 0.6012252753
-356518068 -65592954
#r 0 1.4601875823
-356518068 -64592954
#r 0 1.0668250826
-356378998 -64340774
#r 0 5.4145783509
-276446552 932869643
#r 0 4.8196652332
-276446552 931869643
#r 0 4.8002734161
-276931206 937370111
#r 0 3.7291074180
-550539604 -271667289
#r 0 1.2533012269
-550539604 -270667289
#r 0 3.9172788249
-550054719 -270191732
#r 0 1.2652825244
-618319202 -169265767
#r 0 5.8838282743
-618319202 -168265767
#r 0 5.8919890536
-722686550 -125219039
#r 0 5.2738903454
755102565 -188650360
#r 0 5.1955321515
755102565 -187650360
#r 0 5.1933523089
853698403 -376590678
#r 0 0.2961721653
380790345 -501424583
#r 0 4.1772605465
380790345 -500424583
#r 0 4.3062914852
379224792 -504065410
#r 0 2.2518828576
-579009961 358478730
#r 0 0.7116103534
-579009961 357478730
#r 0 1.7200692454
-579143088 358363930
#r 0 5.4191629404
299350043 -849072587
#r 0 3.0008055991
299350043 -848072587
#r 0 2.9234757312
311862815 -850845956
#r 0 2.9471525550
547958642 -796389549
#r 0 1.3977302434
547958642 -795389549
#r 0 3.2685005595
548137445 -795366735
#r 0 0.9383757511
120566706 -818818612
#r 0 5.1082644521
120566706 -817818612
#r 0 5.1087843384
-165812707 -133601796
#r 0 1.5892148850
137093106 -178832048
#r 0 5.0550014589
137093106 -177832048
#r 0 5.2227327402
136110133 -176076143
#r 0 4.9949764876
-671832205 450572368
#r 0 5.4710547597
-671832205 449572368
#r 0 1.0389176911
-671469142 450189356
#r 0 0.2052990219
-468532303 -84888903
#r 0 4.2124671933
-468532303 -83888903
#r 0 0.6613276448
-467582269 -83149554
#r 0 5.6599393210
242220329 -192797614
#r 0 3.7176088547
242220329 -191797614
#r 0 4.8631991400
242358642 -192707781
#r 0 3.7328964761
474168597 127670696
#r 0 2.8245759466
474168597 126670696
#r 0 1.2352466307
474481530 127568028
#r 0 0.3923344407
595496296 -707793242
#r 0 0.6184286797
595496296 -706793242
#r 0 0.6531109502
576834482 -721071860
#r 0 0.6690606812
677928845 -196320030
#r 0 3.5312173401
677928845 -195320030
#r 0 3.8207586688
675407837 -197355197
#r 0 3.8656645039
134234208 -184258840
#r 0 3.6624587011
134234208 -183258840
#r 0 5.1367615850
134593024 -184052983
#r 0 4.3429507869
-222667336 -46611794
#r 0 0.8550741993
-222667336 -45611794
#r 0 0.3267808205
-221434470 -45193936
#r 0 1.6436139876
219528894 970092025
#r 0 5.3761752220
219528894 969092025
#r 0 3.6271898395
220082540 969384209
#r 0 5.3635733711
-384209398 -106897359
#r 0 5.6078585059
-384209398 -105897359
#r 0 6.0361752497
-386031549 -105437886
#r 0 1.2467394864
615373946 -411111791
#r 0 2.9229288107
615373946 -410111791
#r 0 2.1070783043
616058789 -411263975
#r 0 1.5769830626
326662212 790338362
#r 0 5.8009252096
326662212 789338362
#r 0 5.5204240126
324348651 791549481
#r 0 5.4898466991
340630368 -61653550
#r 0 0.8264149916
340630368 -60653550
#r 0 4.6359379312
340546820 -61744249
#r 0 4.5253887715
-936931568 -253662529
#r 0 0.4108721418
-936931568 -252662529
#r 0 5.4124438906
-936315341 -253394058
#r 0 5.3822475259
-55698254 -527054964
#r 0 4.1250733584
-55698254 -526054964
#r 0 4.1141943715
-27013190 -483963258
#r 0 4.1374744154
-176767589 -188188183
#r 0 4.9676795263
-176767589 -187188183
#r 0 3.2139372381
-177023729 -187206746
#r 0 4.8146661780
133207554 429148051
#r 0 0.6815746223
133207554 428148051
#r 0 5.8421465883
132428325 428515886
#r 0 0.7294763653
420725815 -425022251
#r 0 3.2075951412
420725815 -424022251
#r 0 0.3158323474
416889575 -425275821
#r 0 0.8891208506
-984543034 144270826
#r 0 6.1708816040
-984543034 143270826
#r 0 6.2522069773
-972316598 142891950
#r 0 1.0327910075
366737756 485628537
#r 0 0.2374323841
366737756 484628537
#r 0 1.0991726631
367319575 485769335
#r 0 5.3755080471
-649282821 -270779598
#r 0 4.4722754420
-649282821 -269779598
#r 0 4.4370136874
-647448634 -263288137
#r 0 6.1555221272
411724544 245564399
#r 0 2.1617248640
411724544 244564399
#r 0 2.1475901681
390228767 277604548
#r 0 4.1944360680
795592083 -315379132
#r 0 1.2939128588
795592083 -314379132
#r 0 1.3048774551
789040167 -338434396
#r 0 1.2497472950
-521849662 466816098
#r 0 4.7954589490
-521849662 465816098
#r 0 1.8012685366
-521720605 465266081
#r 0 5.6132697997
-558514126 -706353026
#r 0 6.2169323690
-558514126 -705353026
#r 0 0.5490291151
-559988791 -706255182
#r 0 1.5322219896
-218018041 -776753981
#r 0 4.9704202014
-218018041 -775753981
#r 0 0.1537206042
-218271588 -775793266
#r 0 0.2687888722
517252615 315449462
#r 0 5.8795315519
517252615 314449462
#r 0 5.3128758500
516284620 315862899
#r 0 4.7991047935
-836634468 79323631
#r 0 6.1401542384
-836634468 78323631
#r 0 5.8606105358
-839906185 79794806
#r 0 0.0811381948
-478957491 -425697431
#r 0 5.9189186049
-478957491 -424697431
#r 0 1.3494376049
-479164753 -425618406
#r 0 2.5948427694
744680137 283363242
#r 0 3.5561793968
744680137 282363242
#r 0 3.4965628128
730275926 277024016
#r 0 1.8583764969
787479252 -388621533
#r 0 3.3361739708
787479252 -387621533
#r 0 0.2092002037
721826395 -401560058
#r 0 0.9740544292
734374273 161323653
#r 0 1.7640589694
734374273 160323653
#r 0 1.7313040255
733436989 166112917
#r 0 2.8307576541
-835925574 -325109799
#r 0 0.4192798716
-835925574 -324109799
#r 0 0.0527563546
-833380421 -323975401
#r 0 6.2493080234
191098699 -491490599
#r 0 4.5980875488
191098699 -490490599
#r 0 4.6188171494
190584588 -495968847
#r 0 4.6314386175
76967052 -918743877
#r 0 0.8355003386
76967052 -917743877
#r 0 0.8291850560
148716406 -839419037
#r 0 3.7624472092
-458212991 -390070259
#r 0 1.1767347268
-458212991 -389070259
#r 0 3.2741265263
-457772777 -389011572
#r 0 1.1557371182
-561441965 -303326039
#r 0 3.3392363670
-561441965 -302326039
#r 0 5.1031051348
-561061459 -303249840
#r 0 1.2922838154
-143029320 -288205830
#r 0 3.2842489893
-143029320 -287205830
#r 0 3.2061130333
-130374607 -286388208
#r 0 3.2283099164
-217724255 370576245
#r 0 5.5970915040
-217724255 369576245
#r 0 2.7802873112
-215456148 368719141
#r 0 4.8592823828
231282029 -813119927
#r 0 4.5560267342
231282029 -812119927
#r 0 4.5690086793
229567939 -823992743
#r 0 4.5019348483
-173650117 941397434
#r 0 4.3641658616
-173650117 940397434
#r 0 5.4716430247
-173912694 940674113
#r 0 4.0292596819
-974261600 -135035256
#r 0 0.5810632140
-974261600 -134035256
#r 0 0.5699043624
-911191892 -93618066
#r 0 0.5979358748
-219071864 876570219
#r 0 5.5226390037
-219071864 875570219
#r 0 4.7394686554
-219099667 876596673
#r 0 4.4794917475
841216372 -245702053
#r 0 4.9602290917
841216372 -244702053
#r 0 4.9556110445
854009364 -296258752
#r 0 4.9594169783
-554460271 622376857
#r 0 4.7678798800
-554460271 621376857
#r 0 4.7355906338
-554500127 623094368
#r 0 4.8248978615
-710372218 -603481641
#r 0 1.3720041858
-710372218 -602481641
#r 0 0.9870909490
-710082353 -602042769
#r 0 1.2153328656
57367412 137137296
#r 0 3.4555398296
57367412 136137296
#r 0 4.4912855636
57609887 137216024
#r 0 0.8027037354
350298717 99524416
#r 0 5.1971309046
350298717 98524416
#r 0 4.1788644756
350577129 98995772
#r 0 4.5114969705
124361302 -505132095
#r 0 4.5472004765
124361302 -504132095
#r 0 6.0162030857
124520740 -504175703
#r 0 3.3404845273
-544744435 413022941
#r 0 4.6338587717
-544744435 412022941
#r 0 6.2549091056
-544822952 412025162
#r 0 0.9640374894
-119196968 -904270036
#r 0 2.8070733965
-119196968 -903270036
#r 0 1.3923417122
-119366700 -904211040
#r 0 2.8684058653
-804414631 -463783652
#r 0 0.8656254628
-804414631 -462783652
#r 0 0.8328471829
-791108727 -448151100
#r 0 0.9011889291
551441948 -761356956
#r 0 0.8015623503
551441948 -760356956
#r 0 0.8457926655
541009749 -772131983
#r 0 0.7722647065
27156741 -865736728
#r 0 3.2390790877
27156741 -864736728
#r 0 3.2353608319
293647843 -839674848
#r 0 3.0382761339
940217810 -146619311
#r 0 5.2505809494
940217810 -145619311
#r 0 5.2190021015
948095134 -159814720
#r 0 5.2102179094
-914055295 46387478
#r 0 6.0227764894
-914055295 45387478
#r 0 0.4521340231
-912725771 46033214
#r 0 0.2113016489
-936955659 -34943340
#r 0 0.3619602562
-936955659 -33943340
#r 0 5.0594781413
-936637503 -34822873
#r 0 0.3581703261
-369379595 277222742
#r 0 3.3138368517
-369379595 276222742
#r 0 3.3370958641
-327824878 284451935
#r 0 5.9616638198
-821124475 11788443
#r 0 0.3730296384
-821124475 10788443
#r 0 5.6765318668
-822045878 11427850
#r 0 5.6267519975
-490967586 616064171
#r 0 0.0464136249
-490967586 615064171
#r 0 3.4238620047
-486861922 616254867
#r 0 2.3249308420
-678074763 -588467848
#r 0 0.5662436660
-678074763 -587467848
#r 0 1.2294825217
-678533582 -588759511
#r 0 1.1936673916
217643120 -215305082
#r 0 3.5696701103
217643120 -214305082
#r 0 3.5851792996
164658424 -239481795
#r 0 3.6819629339
-682169509 -158834214
#r 0 5.5039075348
-682169509 -157834214
#r 0 5.9519161613
-683722569 -157300049
#r 0 5.9308877990
557597791 508080141
#r 0 0.9872401412
557597791 507080141
#r 0 1.0317287448
563957598 517712374
#r 0 0.9967348456
639262792 -399950495
#r 0 3.1860043708
639262792 -398950495
#r 0 1.6981457321
639390110 -399944837
#r 0 3.2414005224
61684808 -566926225
#r 0 3.2155240112
61684808 -565926225
#r 0 5.8109196202
63394543 -566799591
#r 0 0.3472102856
523190902 523430949
#r 0 0.7706281431
523190902 522430949
#r 0 2.0690315098
522834913 523085324
#r 0 3.7182048731
-97120665 -106773775
#r 0 1.4349143748
-97120665 -105773775
#r 0 3.3516099688
-96979836 -105743756
#r 0 4.1536275541
-565009351 514254679
#r 0 1.7863788164
-565009351 513254679
#r 0 1.4636546409
-564937223 513925305
#r 0 0.7635491620
334580786 -482417867
#r 0 1.9182024409
334580786 -481417867
#r 0 2.1846131214
333835916 -480360738
#r 0 1.7714679641
-302732954 278207160
#r 0 3.2221240185
-302732954 277207160
#r 0 4.0834754953
-301960130 278269531
#r 0 4.5422983111
-258338693 -552221732
#r 0 6.1307335915
-258338693 -551221732
#r 0 6.1423098190
-342876763 -539232976
#r 0 6.0776413756
-571070279 -284224233
#r 0 5.6252581547
-571070279 -283224233
#r 0 3.4982423291
-571943358 -283549527
#r 0 4.0383601390
481874853 641887316
#r 0 2.4595178842
481874853 640887316
#r 0 2.4799008967
511923445 617484895
#r 0 6.1672306437
-479273610 -106822827
#r 0 4.0049206723
-479273610 -105822827
#r 0 4.8548533632
-479150777 -106679186
#r 0 2.2385416844
-4238218 -621301856
#r 0 1.9541107034
-4238218 -620301856
#r 0 0.4636938613
-4573806 -620469670
#r 0 0.4552373343
-213551122 -22815755
#r 0 2.9113094263
-213551122 -21815755
#r 0 2.9000652464
-129475473 -42526630
#r 0 0.5856914974
-874003763 -51756842
#r 0 0.5100447329
-874003763 -50756842
#r 0 0.1234828191
-871706513 -50471720
#r 0 0.5440297426
-191082364 -706539912
#r 0 0.9235010514
-191082364 -705539912
#r 0 1.6949599427
-190975244 -706398208
#r 0 4.7621537808
-712230836 221529366
#r 0 6.0306860197
-712230836 220529366
#r 0 0.8108559108
-711467630 221332454
#r 0 1.1687621912
-780382671 126943689
#r 0 0.3863040814
-780382671 125943689
#r 0 6.1014902600
-782076259 126254837
#r 0 0.9610252283
-236286024 -513307999
#r 0 5.5965222032
-236286024 -512307999
#r 0 5.8592755720
-238999939 -511083290
#r 0 5.8171766477
432125842 146983063
#r 0 0.2816389435
432125842 145983063
#r 0 2.0436194287
431680264 146854144
#r 0 5.7313372352
-261116530 -918750953
#r 0 0.4653338945
-261116530 -917750953
#r 0 0.4725150542
0 0
#r 0 3.6618093548
118024946 613168088
#r 0 4.3432130556
118024946 612168088
#r 0 0.2115380568
117602968 612077468
#r 0 3.6335296428
-464226731 -787773296
#r 0 1.9629163862
-464226731 -786773296
#r 0 0.7168433955
-464530713 -787038216
#r 0 1.3640600203
-243669211 -909135288
#r 0 0.7506552310
-243669211 -908135288
#r 0 0.4550950795
-241414249 -907031812
#r 0 0.4707168778
-477273716 873997373
#r 0 5.3059639580
-477273716 872997373
#r 0 5.7797033960
-476199842 872405848
#r 0 5.7564985708
-723337552 322551553
#r 0 5.2506286225
-723337552 321551553
#r 0 0.8010318654
-722968098 321932743
#r 0 0.2383927859
-109826943 -461038229
#r 0 1.9262659286
-109826943 -460038229
#r 0 6.0832530786
-110228382 -459956882
#r 0 0.0645822158
273596302 -710435175
#r 0 3.8531924201
273596302 -709435175
#r 0 4.3413092651
273010712 -710940137
#r 0 3.9263731238
-495340295 -231301155
#r 0 5.9881143462
-495340295 -230301155
#r 0 3.8547560780
-496195736 -231041149
#r 0 2.5824820070
-335666797 -774290530
#r 0 0.4394932936
-335666797 -773290530
#r 0 5.5980538085
-334890005 -773925312
#r 0 5.6312034677
-44434562 -424288087
#r 0 2.3907834024
-44434562 -423288087
#r 0 5.5615155311
-63273093 -406709681
#r 0 0.6769325958
482272679 648017210
#r 0 2.5492430280
482272679 647017210
#r 0 2.5153422108
462440664 661363442
#r 0 2.5682949273
-848718430 -335529233
#r 0 5.2246784123
-848718430 -334529233
#r 0 5.2535277674
-857471824 -319964001
#r 0 0.7191840096
-538168394 -366123595
#r 0 1.5450061297
-538168394 -365123595
#r 0 1.5079018260
-538124701 -364429814
#r 0 2.7456523299
780704324 -493859950
#r 0 2.4818019740
780704324 -492859950
#r 0 0.9122817071
780220815 -493484858
#r 0 2.9749847544
101574837 -660299922
#r 0 0.6853227494
101574837 -659299922
#r 0 1.0293666687
100391901 -661266976
#r 0 4.9358535324
274165912 -778182756
#r 0 3.9879375813
274165912 -777182756
#r 0 2.9378695806
274914098 -777337323
#r 0 4.0020256965
-30247511 -354320033
#r 0 3.2743768926
-30247511 -353320033
#r 0 2.9889037961
-26768727 -353855371
#r 0 2.7332641420
196232884 -273237791
#r 0 5.2851221661
196232884 -272237791
#r 0 2.4908138262
194966033 -271273168
#r 0 2.4019988732
-43571381 -254057842
#r 0 3.3890165604
-43571381 -253057842
#r 0 3.8183226519
-45387359 -254516557
#r 0 3.9336993697
245238934 77228773
#r 0 3.6056889348
245238934 76228773
#r 0 4.6087944560
245348608 77283672
#r 0 5.4260693317
691449954 36763389
#r 0 1.4213224064
691449954 35763389
#r 0 1.4204100445
666995953 -125616832
#r 0 5.4209369953
305194638 -415436078
#r 0 2.9168451610
305194638 -414436078
#r 0 5.3630381722
306116250 -415646767
#r 0 5.3677677505
326597884 -216545057
#r 0 4.4788717667
326597884 -215545057
#r 0 4.5077839189
324971486 -223382784
#r 0 4.5255151406
48717586 -293671845
#r 0 0.0096949600
48717586 -292671845
#r 0 0.4370384234
46531661 -293693038
#r 0 3.0324343285
530625494 -89118625
#r 0 4.6652390356
530625494 -88118625
#r 0 3.5337397030
530673618 -88098722
#r 0 5.1551998148
42124448 645983829
#r 0 3.7330903407
42124448 644983829
#r 0 3.9596165945
44651295 647681180
#r 0 4.1924541481
-178491570 670902010
#r 0 3.4889151250
-178491570 669902010
#r 0 3.5365253476
-160255267 677503500
#r 0 3.5073039022
78464923 432039983
#r 0 0.6022032892
78464923 431039983
#r 0 4.9969322393
78221402 431872592
#r 0 2.6589329658
160031141 -417843750
#r 0 4.9123082269
160031141 -416843750
#r 0 4.6761641609
160000399 -417692031
#r 0 6.2464668875
-430166093 553065446
#r 0 6.1462335774
-430166093 552065446
#r 0 6.1729944339
-393368085 547994150
#r 0 6.1022707025
17710008 853207122
#r 0 5.8812633735
17710008 852207122
#r 0 5.9125900057
45097983 841565574
#r 0 4.7607812550
14875479 -715975258
#r 0 5.3644744731
14875479 -714975258
#r 0 5.3093821964
21070826 -724089658
#r 0 5.4000917683
-415569731 -638404763
#r 0 2.0219289382
-415569731 -637404763
#r 0 2.0436522822
-424710894 -619535712
#r 0 4.4436758972
-773961145 -176289730
#r 0 6.2274202956
-773961145 -175289730
#r 0 6.1347840523
-763286218 -176885635
#r 0 1.0886162797
940988252 -325744210
#r 0 3.7305232548
940988252 -324744210
#r 0 1.8595265732
941236104 -325578643
#r 0 2.6685525335
-826089410 389315028
#r 0 5.3238290904
-826089410 388315028
#r 0 5.3700544240
-818495665 378483295
#r 0 5.2995342825
787581078 -76307990
#r 0 4.4268768978
787581078 -75307990
#r 0 1.2550190186
790471555 -66460752
#r 0 4.9152428125
-720594767 -54294382
#r 0 1.0016468129
-720594767 -53294382
#r 0 4.9251018977
-720433297 -54041995
#r 0 4.9111498561
594911311 732837332
#r 0 0.2172667604
594911311 731837332
#r 0 0.3631935467
601188696 734223073
#r 1 601889146 734680500
288809318 -738112341
#r 0 3.4900998228
288809318 -737112341
#r 0 4.1321927168
287948980 -738424934
#r 0 4.1940757471
-344837829 -486706031
#r 0 0.6318642815
-344837829 -485706031
#r 0 2.6218403991
-344071079 -486144790
#r 0 1.7957848757
-62712054 -847301326
#r 0 2.4195839101
-62712054 -846301326
#r 0 0.9109677890
-63172975 -846895426
#r 0 0.9217318608
-250419138 -693493865
#r 0 5.0166386738
-250419138 -692493865
#r 0 6.1586279658
-250745987 -692452942
#r 0 0.2432531326
366755340 -91389671
#r 0 0.7653231849
366755340 -90389671
#r 0 3.7764094264
371217299 -87103357
#r 0 2.2888817886
961566412 68953195
#r 0 3.9040673315
961566412 67953195
#r 0 3.8109558787
955467160 63127356
#r 0 2.8143170692
597164501 -516317146
#r 0 2.8640865718
597164501 -515317146
#r 0 1.7342696825
597337578 -516366448
#r 0 2.8157527715
-877313621 -335845740
#r 0 5.4191521803
-877313621 -334845740
#r 0 5.4086878358
-837511242 -382457317
#r 0 5.4436982759
-380835327 -806301119
#r 0 5.9210363364
-380835327 -805301119
#r 0 2.0552140103
-380178046 -806550135
#r 0 1.5813287297
822465216 -184570263
#r 0 3.3161996120
822465216 -183570263
#r 0 3.6031567303
819349902 -185119815
#r 0 4.5671601114
186036512 447263379
#r 0 0.2681037108
186036512 446263379
#r 0 0.9392786171
186951890 447514849
#r 0 0.9375509957
-324336703 -906969741
#r 0 0.1112043572
-324336703 -905969741
#r 0 1.2313143315
-324704356 -907010795
#r 0 0.1554468910
-23877194 30146238
#r 0 3.8162863798
-23877194 29146238
#r 0 5.2969195746
-24309857 29800141
#r 0 2.0633812212
-646955563 126488175
#r 0 5.2003696505
-646955563 125488175
#r 0 5.2690009140
-643343647 119683474
#r 0 5.1999038574
647455009 119171730
#r 0 4.0793354363
647455009 118171730
#r 0 1.9259870107
647208628 118835970
#r 0 5.0603312927
-614105525 708095676
#r 0 1.6248744300
-614105525 707095676
#r 0 4.6667535014
-614080755 707638080
#r 0 1.6524172700
-144601442 -246545691
#r 0 5.9220497384
-144601442 -245545691
#r 0 4.7940979637
-144516937 -246577609
#r 0 4.2410531954
-755786970 456770808
#r 0 5.0796369088
-755786970 455770808
#r 0 5.6040561045
-755228997 455320400
#r 0 5.0503761318
-942398078 -178453409
#r 0 5.7715597333
-942398078 -177453409
#r 0 6.1334631371
-944833279 -177086056
#r 0 6.2455839348
711522906 98276513
#r 0 4.2372350585
711522906 97276513
#r 0 6.2195926736
711024759 97308234
#r 0 4.2138994300
-865732126 -389513957
#r 0 5.7049934600
-865732126 -388513957
#r 0 0.1496895097
-866976828 -388701680
#r 0 0.3601747726
457994694 -775492143
#r 0 3.0608612193
457994694 -774492143
#r 0 0.4705592860
456298563 -775354914
#r 0 3.0715987311
223679184 -734348721
#r 0 4.0825305638
223679184 -733348721
#r 0 4.3374033262
222823497 -735522667
#r 0 4.3848841036
590989480 604339845
#r 0 0.3870199238
590989480 603339845
#r 0 0.4370588720
607763235 611176418
#r 0 0.3985744015
33739637 326385330
#r 0 3.4664759877
33739637 325385330
#r 0 4.2096280997
34414529 326612646
#r 0 2.1149511810
107088828 -31836439
#r 0 5.7384688088
107088828 -30836439
#r 0 4.9522614441
107375957 -32010399
#r 0 2.3747662603
-86557720 15314172
#r 0 0.0776408830
-86557720 14314172
#r 0 3.8470885051
-85265613 15414694
#r 0 2.2315612022
187576655 288198927
#r 0 4.1818025311
187576655 287198927
#r 0 4.7176687569
187571422 288190008
#r 0 2.9522608988
376013911 294524797
#r 0 5.9533771326
376013911 293524797
#r 0 5.0311495440
375641868 294652151
#r 0 2.6608867947
278966036 620220652
#r 0 6.1630672802
278966036 619220652
#r 0 4.2691706916
279415028 620166459
#r 0 3.9092380614
-721859489 -551390151
#r 0 2.0745761413
-721859489 -550390151
#r 0 2.1545691895
-725189256 -545349435
#r 0 2.0521831633
388898961 -22604958
#r 0 5.4945857354
388898961 -21604958
#r 0 4.0451246931
388459548 -22162722
#r 0 5.2367789465
-862956667 140643757
#r 0 6.0977381371
-862956667 139643757
#r 0 1.0006528525
-862384339 140536387
#r 0 5.4601421367
-64393835 -548376194
#r 0 3.9564533107
-64393835 -547376194
#r 0 4.0400275277
-69511967 -553805160
#r 0 4.0401411906
-682022435 430113840
#r 0 5.1313554535
-682022435 429113840
#r 0 5.5526978102
-681281536 428450146
#r 0 4.8826454008
129522077 617343422
#r 0 4.7777265493
129522077 616343422
#r 0 3.1467039719
129587486 616343756
#r 0 5.5576778584
-709725211 -135667791
#r 0 4.4663421288
-709725211 -134667791
#r 0 5.1464787021
-709562319 -135019169
#r 0 5.1650115594
882172595 169931446
#r 0 4.2378103385
882172595 168931446
#r 0 4.1748406261
878454386 162693907
#r 0 4.1839688923
29768177 179516482
#r 0 5.0375898586
29768177 178516482
#r 0 2.2385735965
30357158 177769654
#r 0 3.6053837711
258981388 553416150
#r 0 4.1875244721
258981388 552416150
#r 0 4.1266479707
254428146 545552706
#r 0 4.1346862431
867622611 474026919
#r 0 2.3120047871
867622611 473026919
#r 0 3.8688158508
868127035 473475821
#r 0 3.3190060098
494169261 705240858
#r 0 5.7343547670
494169261 704240858
#r 0 3.7952111557
494895252 704796916
#r 0 3.7461190226
122469093 -725635014
#r 0 5.8395998032
122469093 -724635014
#r 0 1.2843433650
122210704 -725512236
#r 0 2.9081738795
-603116602 -663308573
#r 0 1.1076590527
-603116602 -662308573
#r 0 0.2372954335
-602548647 -662171212
#r 0 2.2451636820
-145539966 -887360284
#r 0 3.0678805734
-145539966 -886360284
#r 0 0.1699745347
-149613676 -887059457
#r 0 2.9895771942
682414660 608429595
#r 0 3.7092955451
682414660 607429595
#r 0 6.0516462591
681269840 607699506
#r 0 6.0941129902
-490982295 -354183775
#r 0 0.8344691544
-490982295 -353183775
#r 0 0.0198125747
-490059342 -353165487
#r 0 2.9752058988
-802812116 -220135267
#r 0 1.0117749082
-802812116 -219135267
#r 0 6.1692747194
-802228312 -219202058
#r 0 5.7498439748
250470454 471718324
#r 0 1.7759271563
250470454 470718324
#r 0 0.8113775469
250641110 470898086
#r 0 1.8147026927
439852827 37625603
#r 0 4.2947940093
439852827 36625603
#r 0 2.4543986323
439527566 36892522
#r 0 4.3965623933
-160210028 -311873695
#r 0 1.8825924489
-160210028 -310873695
#r 0 1.9187015734
-163107056 -302885340
#r 0 1.8747956773
378118500 -176315695
#r 0 4.2846541190
378118500 -175315695
#r 0 4.4645400927
377549740 -177563297
#r 0 4.2947387803
-866575725 -214630372
#r 0 6.1499227265
-866575725 -213630372
#r 0 0.9093454165
-867280601 -214535878
#r 0 5.8300409298
135413484 36622920
#r 0 2.7225814064
135413484 35622920
#r 0 5.8106277117
120216028 43391671
#r 0 2.7624161255
133848038 926203271
#r 0 3.7663621048
133848038 925203271
#r 0 5.2765101367
133413567 925889959
#r 0 3.7533473427
152317393 -838586251
#r 0 3.6627199821
152317393 -837586251
#r 0 3.7293131236
141471350 -844812527
#r 0 3.7985596426
866394399 -388688067
#r 0 2.0890085183
866394399 -387688067
#r 0 1.3825276637
866251592 -388437612
#r 0 1.3505495060
-110683473 -855371776
#r 0 3.4105651951
-110683473 -854371776
#r 0 0.8808889365
-111751616 -855666212
#r 0 1.4086690427
-778756986 -564076853
#r 0 1.6442975641
-778756986 -563076853
#r 0 1.6513020440
-779600105 -552626708
#r 0 1.6043656521
-737950047 -439455128
#r 0 0.3382591507
-737950047 -438455128
#r 0 0.2587766003
-726464693 -435414817
#r 0 0.7804737988
-609784449 -471338019
#r 0 1.2751128398
-609784449 -470338019
#r 0 6.1236559378
-609494068 -470384740
#r 0 1.6424034313
-23189346 649857189
#r 0 2.9631687447
-23189346 648857189
#r 0 3.2523557139
-19759520 649238648
#r 0 3.2476940925
919027675 186956176
#r 0 3.9741936210
919027675 185956176
#r 0 3.9636725569
875487623 139098697
#r 0 4.1223090155
-462062882 -817316296
#r 0 6.2343105241
-462062882 -816316296
#r 0 1.3743045247
-462260023 -817306653
#r 0 0.4257009250
-122964257 -333624352
#r 0 2.3967923426
-122964257 -332624352
#r 0 3.5705323933
-123689279 -332955932
#r 0 3.5450155620
-340634393 559951828
#r 0 0.8137705397
-340634393 558951828
#r 0 3.8338429983
-344995654 555335792
#r 0 3.8354194438
-909594700 -252680642
#r 0 0.9243731729
-909594700 -251680642
#r 0 5.7436963853
-909074945 -251991838
#r 0 6.2830087194
43912064 302995607
#r 0 5.1348009216
43912064 301995607
#r 0 2.6359864493
44510420 301664354
#r 0 4.0996656110
117420708 890129395
#r 0 3.7974106864
117420708 889129395
#r 0 5.0626872456
117135515 889909961
#r 0 3.6667380185
-468178342 -347725758
#r 0 0.0425512346
-468178342 -346725758
#r 0 3.0682727705
-459559769 -347358806
#r 0 3.0138356780
71200613 -222501511
#r 0 3.8591467475
71200613 -221501511
#r 0 3.3204740820
72645834 -221240195
#r 0 6.0754560004
-243623499 -789879633
#r 0 5.2083039551
-243623499 -788879633
#r 0 0.4782414988
-244046015 -789098656
#r 0 0.9275959514
-769324329 107708350
#r 0 0.0700189032
-769324329 106708350
#r 0 6.1891262058
-775404427 107281931
#r 0 0.0360024144
635566251 196520845
#r 0 2.7269849593
635566251 195520845
#r 0 2.7380876046
711384795 163151561
#r 0 1.4790865237
195202581 -473800941
#r 0 0.3479357654
195202581 -472800941
#r 0 4.5589220317
195038704 -473860378
#r 0 4.0817260507
308865562 -904406367
#r 0 2.0668753552
308865562 -903406367
#r 0 0.5972013016
308469946 -903675400
#r 0 2.7913335077
710295145 -265660052
#r 0 2.9362988746
710295145 -264660052
#r 0 3.5480897677
708729465 -265334035
#r 0 3.0624997257
-659887626 -690524746
#r 0 0.9443322987
-659887626 -689524746
#r 0 5.8830484425
-659333523 -689759106
#r 0 0.2488365635
582191960 -738122481
#r 0 1.6712712781
582191960 -737122481
#r 0 0.9037110353
582102587 -737235968
#r 0 0.9279603704
619956929 619639294
#r 0 6.2697058651
619956929 618639294
#r 0 0.1055563588
628330006 619526423
#r 1 627626190 619457323
279378978 182926265
#r 0 5.2097136634
279378978 181926265
#r 0 5.5433430297
280454959 180944109
#r 0 4.4718588241
-31041134 -356688329
#r 0 2.9930027967
-31041134 -355688329
#r 0 2.9902416104
323037225 -409691441
#r 0 4.2875851719
531322273 778893238
#r 0 4.0137316325
531322273 777893238
#r 0 5.6087363630
530819761 778295007
#r 0 4.0834226375
-409016762 -551302065
#r 0 5.2822887496
-409016762 -550302065
#r 0 4.4562915566
-409202653 -551011986
#r 0 4.5099956601
-242530425 -410578653
#r 0 1.0083943359
-242530425 -409578653
#r 0 0.9905867405
-226114614 -384534242
#r 0 5.2679419289
280793211 -921368331
#r 0 1.9693386559
280793211 -920368331
#r 0 2.6549578966
280251439 -920081694
#r 0 2.6776856489
730390034 137322819
#r 0 3.7411382030
730390034 136322819
#r 0 2.6349080371
729582595 136770959
#r 0 5.8706715351
336241334 349827929
#r 0 2.8010742450
336241334 348827929
#r 0 4.5253298784
336418711 349765081
#r 0 5.0591344446
182629508 -60733374
#r 0 3.6839196396
182629508 -59733374
#r 0 4.6009732438
182509541 -60805666
#r 0 4.5609014257
-14583895 -391538609
#r 0 4.8121193559
-14583895 -390538609
#r 0 0.7293339521
-14675744 -390620696
#r 0 2.5219077705
-529968658 -541423045
#r 0 1.7511823867
-529968658 -540423045
#r 0 6.1799191357
-530154540 -540403781
#r 0 1.9438169119
-295721070 -115687762
#r 0 1.9276912009
-295721070 -114687762
#r 0 5.3675826191
-296445389 -113745168
#r 0 5.7638915194
-860392259 105310463
#r 0 5.1970907455
-860392259 104310463
#r 0 5.1978103044
-558261477 -468426391
#r 0 2.0361361521
134282577 690186611
#r 0 5.2729775351
134282577 689186611
#r 0 4.7302804018
134264159 690215950
#r 0 3.8017030242
120775521 105317247
#r 0 2.5576677021
120775521 104317247
#r 0 5.5110665746
117580582 107428439
#r 0 5.0147970928
705482076 -427802156
#r 0 0.9988602145
705482076 -426802156
#r 0 2.9464375107
706053119 -426915035
#r 0 0.9808313025
67711290 -820628312
#r 0 6.2145647579
67711290 -819628312
#r 0 2.1279714425
68362182 -820673047
#r 0 5.8674185410
433987350 508403551
#r 0 1.4471161537
433987350 507403551
#r 0 3.0451268519
433864513 507415437
#r 0 3.1147002797
-118050258 19266698
#r 0 3.2077377862
-118050258 18266698
#r 0 1.8857862857
-118369212 19245570
#r 0 5.8972757391
-797637337 -148047045
#r 0 5.8133304167
-797637337 -147047045
#r 0 0.9061074966
-798197916 -147762392
#r 0 1.4102587511
-297627869 -312378482
#r 0 0.2230813685
-297627869 -311378482
#r 0 6.2175695148
-294209851 -311603080
#r 0 2.5511497999
526708312 738674488
#r 0 5.0822108788
526708312 737674488
#r 0 3.8485978551
526999524 737923280
#r 0 3.7973275920
902408713 326691638
#r 0 4.8051733292
902408713 325691638
#r 0 3.5765214230
902497908 325733078
#r 0 2.8621099358
194389026 724215994
#r 0 3.3535064733
194389026 723215994
#r 0 4.8788206332
194226900 724181114
#r 0 5.3848992072
479784988 -770379991
#r 0 2.0389371597
479784988 -769379991
#r 0 0.5392222467
479396805 -769612269
#r 0 3.1147713978
-131810955 348029062
#r 0 4.1248596879
-131810955 347029062
#r 0 4.9920541178
-132011616 347727762
#r 0 4.2586208015
586522933 -217901995
#r 0 3.6361420306
586522933 -216901995
#r 0 4.5821721177
586382024 -217977979
#r 0 5.4632181551
-187748036 23994930
#r 0 2.4766589116
-187748036 22994930
#r 0 1.7499737102
-187959133 24160438
#r 0 4.8264478536
352205545 -810872443
#r 0 2.1291056599
352205545 -809872443
#r 0 0.4442216716
351724077 -810101597
#r 0 2.0716146178
-281264150 625950435
#r 0 0.6783803746
-281264150 624950435
#r 0 0.7465803286
-272877920 632709620
#r 0 0.6513582318
805993669 -555805939
#r 0 3.7550978664
805993669 -554805939
#r 0 1.5983484723
806020703 -555786903
#r 0 1.1601689225
109176579 830254230
#r 0 4.1911873763
109176579 829254230
#r 0 3.3904388235
108504340 829083405
#r 0 5.4848480854
454603456 -115132683
#r 0 5.1986367030
454603456 -114132683
#r 0 5.2242844346
445677570 -98246079
#r 0 5.5153679755
-841858840 456991149
#r 0 6.1714506901
-841858840 455991149
#r 0 6.0124244235
-847905684 457669617
#r 0 5.9597100102
-394302774 -111391377
#r 0 3.7529309076
-394302774 -110391377
#r 0 3.8744457523
-399323962 -114910791
#r 0 0.7681695959
-44928054 515757560
#r 0 3.2970391983
-44928054 514757560
#r 0 3.0350573085
-48720946 515163173
#r 0 3.3206417337
-121117037 -740886462
#r 0 0.0473208100
-121117037 -739886462
#r 0 4.2871551246
-121579827 -740908378
#r 0 0.0794811948
-104972969 -794518837
#r 0 1.2728572307
-104972969 -793518837
#r 0 3.8929481116
-104542371 -793116602
#r 0 1.2159658418
-228728329 -70115130
#r 0 1.7668932034
-228728329 -69115130
#r 0 0.8756749728
-228888764 -69307502
#r 0 0.9088483176
211817052 -353830981
#r 0 4.5207794251
211817052 -352830981
#r 0 4.4885548514
213129065 -347067659
#r 0 2.0629640956
714039536 -444378998
#r 0 2.9127551150
714039536 -443378998
#r 0 1.0657763992
713549763 -444264921
#r 0 3.4850221634
210279624 -719446913
#r 0 4.8830086674
210279624 -718446913
#r 0 4.7870605873
210411845 -720214327
#r 0 4.1931018930
-252990652 907596128
#r 0 3.4820561046
-252990652 906596128
#r 0 5.6163072771
-253866736 907285768
#r 0 3.4944578212
-111775591 385835601
#r 0 4.6646255230
-111775591 384835601
#r 0 1.3714879986
-111838209 384525596
#r 0 5.3021455726
-751715650 246572132
#r 0 5.3482809152
-751715650 245572132
#r 0 5.3822178487
-740848675 231850782
#r 0 0.9542533685
734240015 -107718197
#r 0 4.4760125903
734240015 -106718197
#r 0 4.0730681188
734596338 -106238939
#r 0 1.0328323414
451097033 876365304
#r 0 4.7523957802
451097033 875365304
#r 0 3.4735714563
451136516 875378915
#r 0 5.1429291615
-213751703 -188883800
#r 0 1.5300474093
-213751703 -187883800
#r 0 5.1248483459
-213714407 -187969037
#r 0 3.5057791341
-871609781 -439190600
#r 0 0.2142898107
-871609781 -438190600
#r 0 0.0000733079
-867013305 -438190263
#r 0 0.6725163246
873731973 -187795839
#r 0 0.1285345942
873731973 -186795839
#r 0 0.1056208269
916776417 -182232467
#r 0 0.2119302412
476321941 -514170025
#r 0 3.4806510034
476321941 -513170025
#r 0 2.1834503966
476885194 -513971378
#r 0 1.4063352992
648529161 -258031637
#r 0 2.9228600400
648529161 -257031637
#r 0 2.9019537159
693890887 -268115051
#r 0 2.9078806711
-947200162 54478327
#r 0 0.4044132520
-947200162 53478327
#r 0 5.4153128943
-947821965 54212192
#r 0 5.8147722703
-72923073 965837855
#r 0 4.2246003184
-72923073 964837855
#r 0 5.8265635565
-73343934 965044602
#r 0 5.8470314889
533900477 -572149686
#r 0 2.5879876832
533900477 -571149686
#r 0 3.7133864990
533107819 -571659763
#r 0 1.5127703599
-787439174 -505763987
#r 0 1.5757125800
-787439174 -504763987
#r 0 0.5615026238
-787444075 -504767070
#r 0 1.5663345273
-244124713 -774407860
#r 0 5.1900574752
-244124713 -773407860
#r 0 2.3788403778
-245149199 -772428755
#r 0 0.8915981252
912688030 366379819
#r 0 4.4836698490
912688030 365379819
#r 0 3.6778648567
912417854 365219234
#r 0 3.5907437214
65744808 676218049
#r 0 4.0023046927
65744808 675218049
#r 0 5.1963006515
65418633 675838633
#r 0 4.4722641569
-530446177 836542796
#r 0 5.1237274643
-530446177 835542796
#r 0 3.9092460269
-530139196 835839071
#r 0 5.7803530392
-415563059 -298865844
#r 0 1.1745627648
-415563059 -297865844
#r 0 5.8010570265
-415219841 -298045456
#r 0 5.5156806685
-886033412 -228132643
#r 0 5.8896108920
-886033412 -227132643
#r 0 5.1224262366
-885503000 -228352891
#r 0 6.2309230397
-277974413 -935647969
#r 0 0.7281423937
-277974413 -934647969
#r 0 0.5291793477
-274714563 -932741559
#r 0 0.5625149345
200104270 740576328
#r 0 4.8165400520
200104270 739576328
#r 0 2.9990512623
200210391 739561098
#r 0 6.0102121633
-138670661 -326693416
#r 0 4.8030089282
-138670661 -325693416
#r 0 4.8657518807
-138891139 -324267080
#r 0 4.7654893975
-420259027 -893966584
#r 0 1.5820375521
-420259027 -892966584
#r 0 0.3484381909
-420270223 -892970651
#r 0 1.4866507490
-798050443 -196980374
#r 0 4.7306119760
-798050443 -195980374
#r 0 6.2027176614
-798068695 -195978902
#r 0 4.7461667360
-402542994 -134498653
#r 0 1.7812848677
-402542994 -133498653
#r 0 2.3457642908
-402816263 -133219623
#r 0 4.7737597225
508744237 816338581
#r 0 4.4202795521
508744237 815338581
#r 0 5.5199737400
508510703 815561976
#r 0 3.9697544748
-397593185 913590386
#r 0 4.4698445430
-397593185 912590386
#r 0 4.4600429401
-403711223 888862569
#r 0 4.9552940659
-443314379 -868631678
#r 0 0.2100366502
-443314379 -867631678
#r 0 1.5338182944
-443351668 -868639627
#r 0 0.4167552100
-533147680 613971414
#r 0 3.8769317935
-533147680 612971414
#r 0 3.8262387063
-544485002 603715911
#r 0 3.8200568874
-770932227 -336799630
#r 0 4.6184875780
-770932227 -335799630
#r 0 0.1181587186
-770836984 -335788324
#r 0 0.1729847017
-313801222 -169811900
#r 0 3.8897279873
-313801222 -168811900
#r 0 1.6506451355
-313726735 -169742767
#r 0 0.8661569737
396351162 236536477
#r 0 0.7747482733
396351162 235536477
#r 0 5.9582832869
395591146 235792480
#r 0 0.8007593172
653214263 -656222690
#r 0 3.9633518691
653214263 -655222690
#r 0 3.9668381563
520714974 -798725763
#r 0 0.8481022734
-126037657 252119065
#r 0 3.3210658820
-126037657 251119065
#r 0 5.1288002162
-126447080 252044785
#r 0 3.2736386657
795662488 -210263076
#r 0 0.2371511861
795662488 -209263076
#r 0 3.5071453915
788573118 -211976572
#r 0 3.6614536065
-552602322 134431660
#r 0 3.7089896424
-552602322 133431660
#r 0 1.1107805005
-551878204 134893142
#r 0 5.7429217567
-25074801 475442830
#r 0 2.5118560841
-25074801 474442830
#r 0 2.6098024886
-17951638 470252100
#r 0 2.5793541271
-581753711 58339560
#r 0 2.4743606417
-581753711 57339560
#r 0 2.4775957940
-390529424 -92299028
#r 0 6.1252743997
-123676106 -141587957
#r 0 4.6503391159
-123676106 -140587957
#r 0 5.9244043537
-123615391 -140610726
#r 0 1.7995453699
-770394741 -202777594
#r 0 0.4554456344
-770394741 -201777594
#r 0 6.1673556553
-768744956 -201969547
#r 0 4.5877714694
226219170 40973701
#r 0 4.5052514775
226219170 39973701
#r 0 4.2975375773
225817218 39061028
#r 0 2.2387046339
-730767039 -317649186
#r 0 4.3396495056
-730767039 -316649186
#r 0 6.2581251007
-730379816 -316658892
#r 0 0.4985455188
313987082 -595303530
#r 0 4.1829723902
313987082 -594303530
#r 0 2.6213830300
314425323 -594554572
#r 0 1.5287331243
422385780 609464897
#r 0 1.1021728942
422385780 608464897
#r 0 1.1837229719
424478741 613599261
#r 0 1.1713067200
-283682688 -708434606
#r 0 5.1805096115
-283682688 -707434606
#r 0 0.6093982046
-284056400 -707695466
#r 0 2.5618045357
-165174039 -771223105
#r 0 0.6025314626
-165174039 -770223105
#r 0 0.1655922274
-163253684 -769902170
#r 0 1.5969116515
-595802012 -385074130
#r 0 2.0198749439
-595802012 -384074130
#r 0 2.0073424441
-581155086 -415467039
#r 0 2.2685446038
277214466 -802769623
#r 0 3.7337628221
277214466 -801769623
#r 0 3.4649764934
280176953 -800776748
#r 0 2.6259821996
-49223034 10182434
#r 0 3.6707161617
-49223034 9182434
#r 0 4.6493571604
-49157500 10220754
#r 0 5.7707743708
606551053 -19018638
#r 0 4.7482647967
606551053 -18018638
#r 0 5.3184165018
606513201 -17964020
#r 0 4.5585882383
-355498144 909755308
#r 0 4.9796358782
-355498144 908755308
#r 0 3.9059022407
-355281273 908963220
#r 0 3.9456589309
47076853 -733059593
#r 0 2.9617156493
47076853 -732059593
#r 0 2.9791490019
-8618820 -722931755
#r 0 3.3120953168
-374230082 240356462
#r 0 1.3646195070
-374230082 239356462
#r 0 4.6624370021
-374164385 240670580
#r 0 5.0793533370
57914385 673072022
#r 0 5.6062236935
57914385 672072022
#r 0 2.7518166663
60459851 671026362
#r 0 5.6495184077
-434227853 -134865342
#r 0 1.0423658400
-434227853 -133865342
#r 0 1.4431348957
-434392388 -135147171
#r 0 1.0320248946
-803935016 3201268
#r 0 0.4785804497
-803935016 2201268
#r 0 5.2193574013
-804366170 2977582
#r 0 0.5017271274
612533705 664406426
#r 0 5.8040318055
612533705 663406426
#r 0 3.6610697714
613449957 663930401
#r 0 5.8178564118
-128789750 -864403732
#r 0 3.4452386732
-128789750 -863403732
#r 0 3.4929941038
-147557879 -870284457
#r 0 0.1057163782
49745228 181238661
#r 0 2.6228631658
49745228 180238661
#r 0 3.5732258891
50714713 180685205
#r 0 4.9084807528
582907428 511612935
#r 0 3.3586180835
582907428 510612935
#r 0 4.4090657767
583243610 511687062
#r 0 5.2027077246
616180789 -199370439
#r 0 4.7077862853
616180789 -198370439
#r 0 3.2422556051
616185394 -198369974
#r 0 4.7011224792
144982153 -279834439
#r 0 5.4744798505
144982153 -278834439
#r 0 1.1586359498
144682304 -279520276
#r 0 1.1888040714
-152837913 140842892
#r 0 1.9484493278
-152837913 139842892
#r 0 2.1868610663
-151935692 138568541
#r 0 2.0399799551
549838263 -730153584
#r 0 0.5552329632
549838263 -729153584
#r 0 0.5285003552
577292561 -713122901
#r 0 1.2416737131
-591139324 -247371007
#r 0 4.4368416382
-591139324 -246371007
#r 0 3.9673373541
-590731608 -245928989
#r 0 4.4076484089
-753947354 98952221
#r 0 6.2463747888
-753947354 97952221
#r 0 5.3889181431
-754774757 98982692
#r 0 6.1899730395
-98352464 -743450637
#r 0 0.4322247940
-98352464 -742450637
#r 0 0.3843964481
-80745895 -735328436
#r 0 3.5528998325
611104978 -524723090
#r 0 2.7617139273
611104978 -523723090
#r 0 3.2432834594
609110224 -523926640
#r 0 4.7416994880
-276948858 -364114257
#r 0 6.2027829629
-276948858 -363114257
#r 0 0.1890728277
-280626213 -363817950
#r 0 0.5747884125
-558362802 302376104
#r 0 5.6860846989
-558362802 301376104
#r 0 1.5653462875
-558357372 302372412
#r 0 5.7148033576
-267275647 10250653
#r 0 5.0590988697
