701687785 -541700890
#r 0 2.4575817360
662935563 -510105553
#r 0 2.4867024611
623279822 -479651945
#r 0 6.0232248421
647439826 -486078004
#r 0 2.8355293750
635520737 -482311664
#r 0 2.9728773589
629346399 -481259961
#r 0 2.8830687562
626312646 -480457710
#r 0 6.0565136980
627841527 -480810324
#r 1 627914978 -480860467
-499127383 633119407
#r 0 4.1969529569
-523773097 589615513
#r 0 4.2625577496
-545513775 544589488
#r 0 4.6007807316
-551082609 494900575
#r 0 6.1320954818
-501652228 487374793
#r 0 3.2348583672
-526543575 485046529
#r 0 3.2066800395
-539737401 484186563
#r 0 5.1451920531
-539737401 484186563
#r 0 5.3410086243
-539737401 484186563
#r 0 3.9547238613
-545099356 478518637
#r 0 3.9652645120
-551025007 472121102
#r 0 3.9111863282
-559205067 464195603
#r 0 3.9677892334
-569966970 452517683
#r 0 3.9516728834
-585961868 435713060
#r 0 3.9993896648
-608430471 409730507
#r 0 3.7527678199
-650475681 380270710
#r 0 0.5936186183
-629197724 394629273
#r 0 0.6394674548
-618895798 402290984
#r 0 0.6076542209
-613624982 405956483
#r 0 0.7184726367
-611208169 408069670
#r 0 3.8771831128
-612398313 406992547
#r 1 -612134174 407246319
-483608482 -622730427
#r 0 1.9058301462
-500048537 -575510467
#r 0 5.1325789074
-489850190 -598335754
#r 0 2.0068405653
-495129655 -587005385
#r 0 4.8514207410
-494263503 -593195077
#r 0 1.7170976570
-494719065 -590103461
#r 0 1.6025352043
-494768651 -588541666
#r 1 -494904564 -588378039
-400050622 -282770132
#r 0 5.2770820152
-373292795 -325007778
#r 0 5.3397746911
-343941279 -365486025
#r 0 0.6326464096
-303618001 -335921972
#r 0 0.5845956848
-261921237 -308328859
#r 0 1.6207215703
-264416462 -258391159
#r 0 0.7355890483
-227344681 -224839958
#r 0 0.4106133666
-181500873 -204881369
#r 0 5.1083368273
-162216729 -251012940
#r 0 2.0614710469
-173997257 -228962562
#r 0 5.1961817642
-168183007 -240028026
#r 0 5.1322203057
-165635346 -245735532
#r 0 1.8123922511
-166383045 -242701146
#r 0 4.9604109849
-165999453 -244215905
#r 1 -165899393 -244512639
301295572 728310821
#r 0 5.6087691138
340349154 697088750
#r 0 5.1446035355
361293291 651686733
#r 0 5.6701867151
402189618 622920599
#r 0 3.7370166104
360794078 594877609
#r 0 3.0119586269
311213615 601341171
#r 0 5.0768256803
329034767 554624937
#r 0 3.8341190474
290552996 522700756
#r 0 3.8807197378
253600152 489018604
#r 0 0.9645605611
267844604 509563569
#r 0 2.1001517336
267844604 509563569
#r 0 4.1300529290
260969899 499123818
#r 0 4.0709039342
257227851 494113408
#r 0 4.0542891138
255315217 491639315
#r 0 0.9834204517
256181727 492940847
#r 1 256116308 492703512
538670319 187274473
#r 0 1.4023653278
547052107 236566923
#r 0 3.0167120437
497441480 242794737
#r 0 6.1758832162
522297695 240117330
#r 0 1.7765616428
522297695 240117330
#r 0 1.8141129304
522297695 240117330
#r 0 1.8441761838
522297695 240117330
#r 0 1.7964262817
522297695 240117330
#r 0 1.8313216322
522297695 240117330
#r 0 1.9006723760
522297695 240117330
#r 0 1.7702050829
522297695 240117330
#r 0 1.7940660339
522297695 240117330
#r 0 1.8047796983
522297695 240117330
#r 0 1.8138189549
522297695 240117330
#r 0 1.8148496262
522297695 240117330
#r 0 1.8054362093
522297695 240117330
#r 0 1.8087409087
522297695 240117330
#r 0 1.8164186418
522297695 240117330
#r 0 1.8538178313
522297695 240117330
#r 0 1.8263120273
522297695 240117330
#r 0 1.8469209709
522297695 240117330
#r 0 1.7966679373
-356518068 -65592954
#r 0 1.7555992200
-365705707 -16444330
#r 0 1.7384417002
-374048767 32854690
#r 0 4.8819758482
-369829388 8213326
#r 0 1.7252169467
-371751983 20564585
#r 0 1.7584190121
-372918025 26706312
#r 0 4.8812012823
-372392868 23625026
#r 1 -372077931 22681577
-276446552 932869643
#r 0 3.9066788197
-312512686 898239685
#r 0 3.9462961926
-347178931 862208428
#r 0 2.2026305983
-376710226 902555703
#r 0 5.3646923503
-361534765 882688511
#r 0 5.3237476119
-354357003 872448362
#r 0 5.2494419202
-351158126 867075987
#r 0 5.4739035075
-348989032 864800726
#r 1 -348855681 864428715
-550539604 -271667289
#r 0 0.7902631997
-515356688 -236140364
#r 0 5.7063900724
-473445956 -263407387
#r 0 1.9677852239
-483112035 -240351652
#r 0 0.8494907644
-483112035 -240351652
#r 0 5.6274156419
-473204800 -247973769
#r 0 3.7603892019
-473204800 -247973769
#r 0 5.0076292865
-470959168 -255357589
#r 0 5.5910554044
-467715950 -258045967
#r 0 4.7102247544
-467724441 -261969533
#r 0 5.1641929988
-466436629 -264623272
#r 0 5.7925540420
-463299228 -266299270
#r 0 3.6938163659
-463299228 -266299270
#r 0 5.5300067776
-459450732 -269907432
#r 0 6.0220603560
-451996769 -271899328
#r 0 0.9377191741
-451996769 -271899328
#r 0 4.1281619753
-451996769 -271899328
#r 0 0.9854070128
-451996769 -271899328
#r 0 4.6466239433
-451996769 -271899328
#r 0 4.6234687968
-451996769 -271899328
#r 0 0.4018739831
-441381209 -267387673
#r 0 5.8198463553
-618319202 -169265767
#r 0 0.7790087661
-582738687 -134137047
#r 0 0.3089872843
-535106586 -118932345
#r 0 4.8556693872
-527967053 -168419991
#r 0 0.5840986272
-486256579 -140847607
#r 0 0.5355872066
-443258124 -115330302
#r 0 5.3603599987
-413079628 -155195806
#r 0 0.7561888456
-376706812 -120888107
#r 0 0.8843951367
-345018937 -82211517
#r 0 0.8908312472
-313580643 -43331783
#r 0 0.4256293077
-268041689 -22687082
#r 0 3.4780269686
-291640133 -30940167
#r 0 0.3568819275
-279927750 -26573238
#r 0 0.3320293778
-274016638 -24535123
#r 0 0.2743006233
-271006435 -23688071
#r 1 -270141417 -23407844
755102565 -188650360
#r 0 1.0538714419
779813022 -145183208
#r 0 1.0671868260
803942524 -101390890
#r 0 2.3007509612
770600733 -64130657
#r 0 0.2668271323
818831350 -50947048
#r 0 0.2652070614
867083262 -37841593
#r 0 3.3461557263
842604517 -42920077
#r 0 3.5206119617
830949050 -47562170
#r 0 0.2814469739
836975175 -45819887
#r 0 3.5056322838
834044252 -46936633
#r 0 0.4083809364
835483521 -46313850
#r 1 835094996 -46494049
380790345 -501424583
#r 0 2.7430930255
334708134 -482022784
#r 0 2.4787311393
295296406 -451254038
#r 0 2.7188844229
249697342 -430742447
#r 0 5.8355338376
272233996 -441563687
#r 0 5.8133289808
283386344 -447226684
#r 0 5.9858240286
289396735 -449068553
#r 0 2.8473437349
286388688 -448156977
#r 1 286411072 -448085582
-579009961 358478730
#r 0 5.8290892425
-534077066 336546222
#r 0 2.4317213348
-553038209 352839626
#r 0 3.7248362519
-553038209 352839626
#r 0 0.2705292183
-553038209 352839626
#r 0 3.6962366825
-553038209 352839626
#r 0 0.5873975752
-553038209 352839626
#r 0 3.7467006185
-553038209 352839626
#r 0 5.6544162634
-542928808 345487756
#r 0 3.6986503740
-542928808 345487756
#r 0 2.3916684299
-547502186 349747651
#r 0 5.0674561231
-546415770 346817580
#r 0 5.3738694097
-545269533 345345176
#r 0 5.3957687058
-544529177 344435945
#r 0 0.6460507946
-544529177 344435945
#r 0 3.7861384253
-544529177 344435945
#r 0 5.6308963424
-543768228 343854715
#r 0 2.3927238673
-544118905 344180665
#r 0 3.6415996736
-544118905 344180665
#r 0 3.6136753218
-544118905 344180665
#r 0 0.0719535198
-543880141 344197875
#r 0 0.3182894883
299350043 -849072587
#r 0 1.8861264911
283843524 -801537885
#r 0 4.9695991392
290203111 -825715471
#r 0 1.8063035491
287286408 -813560520
#r 0 4.9702331595
288880136 -819603906
#r 0 4.9481562205
289610466 -822643970
#r 1 289697198 -823325710
547958642 -796389549
#r 0 2.8232761921
500470459 -780741147
#r 0 5.9953439768
524441932 -787838223
#r 0 2.8809598695
512364093 -784617073
#r 0 2.7026351809
506702437 -781958883
#r 0 5.8935744674
509595379 -783146725
#r 1 509280468 -783130100
120566706 -818818612
#r 0 2.3932657983
83925290 -784797933
#r 0 3.7827783089
43855934 -814705235
#r 0 1.9324731743
26163779 -767939995
#r 0 1.8893273610
10505188 -720455171
#r 0 2.1041809813
-14917349 -677400617
#r 0 2.5491939053
-56397535 -649482985
#r 0 5.4512198439
-39561933 -667964395
#r 0 5.5106818448
-30112360 -677173359
#r 0 5.4777929244
-24848004 -682652552
#r 0 2.5226828583
-27942477 -680448469
#r 0 5.4707683255
-26636043 -681827478
#r 0 5.5156807438
-25927473 -682511134
#r 0 2.4962968419
-26320786 -682215045
#r 0 5.4657351596
-26152398 -682394589
#r 0 5.4639129217
-26065919 -682487134
#r 0 5.5104329424
-26015617 -682536180
#r 0 5.4404721430
-25985129 -682570379
#r 0 5.4708391415
-25956700 -682600383
#r 0 0.5596869621
-25956700 -682600383
#r 0 2.4491799134
-25972607 -682587190
#r 0 3.0896936088
137093106 -178832048
#r 0 5.7264512116
179542376 -205252864
#r 0 5.6395720150
219539010 -235257351
#r 0 2.4961201847
199568620 -220217954
#r 0 5.5318173896
208703066 -228750941
#r 0 2.1288482419
205393475 -223449140
#r 0 5.2391330238
206964479 -226150541
#r 1 207205321 -226360612
-671832205 450572368
#r 0 2.1864477895
-700706730 491392238
#r 0 5.4929024104
-683115622 473628430
#r 0 2.4401495321
-692664518 481694939
#r 0 5.6048021865
-687798341 477772846
#r 0 2.4619665968
-690228990 479736915
#r 1 -689656071 479256464
-468532303 -84888903
#r 0 2.1454065413
-495707685 -42918692
#r 0 0.0024441895
-445707834 -42796483
#r 0 5.1655089473
-423819195 -87750765
#r 0 5.1895567800
-400855936 -132165726
#r 0 0.9127112423
-370275788 -92607484
#r 0 0.9022094391
-339281901 -53372564
#r 0 2.4216662794
-376874615 -20406098
#r 0 0.2859085263
-328904324 -6304637
#r 0 0.3160805431
-281381271 9237546
#r 0 0.4038307763
-235403148 28884739
#r 0 3.5100413970
-258725327 19880521
#r 0 3.5717211921
-270100942 14661655
#r 0 0.4523006877
-264472385 17396547
#r 1 -265247987 16931504
242220329 -192797614
#r 0 6.0740234738
291130594 -203179618
#r 0 5.0903814006
309583362 -249649989
#r 0 0.6210103458
350247912 -220557131
#r 0 0.5064137668
393972392 -196304919
#r 0 3.8026686307
374239091 -211654081
#r 0 2.5154451528
374239091 -211654081
#r 0 2.5555459828
374239091 -211654081
#r 0 2.4979865532
374239091 -211654081
#r 0 2.4686711566
374239091 -211654081
#r 0 2.4624054035
374239091 -211654081
#r 0 2.4981923974
374239091 -211654081
#r 0 2.4832536689
374239091 -211654081
#r 0 2.5978853385
374239091 -211654081
#r 0 2.5212693414
374239091 -211654081
#r 0 2.4920111002
374239091 -211654081
#r 0 2.4803072185
374239091 -211654081
#r 0 2.4919251291
374239091 -211654081
#r 0 2.5026469187
374239091 -211654081
#r 0 2.5113528823
374239091 -211654081
#r 0 2.4457747515
374239091 -211654081
#r 0 2.4752488721
474168597 127670696
#r 0 1.1976923333
492393978 174230716
#r 0 1.1743630002
511700515 220352919
#r 0 1.1278561918
533130401 265527691
#r 0 1.2503562271
548879615 312982535
#r 0 4.1558197293
535672707 291755724
#r 0 4.4059169986
531697706 279194171
#r 0 1.1759210227
534231964 285274948
#r 0 4.4448093468
533361072 282098296
#r 0 4.4546103779
532934473 280480213
#r 0 4.4702827544
532720590 279614114
#r 0 1.1344053997
532909126 280018369
#r 0 4.4525107692
532851816 279802829
#r 0 4.4472517461
532821700 279691918
#r 0 4.4702213812
532806403 279629989
#r 0 4.4542589399
532795264 279587801
#r 0 1.1717485097
532803740 279607903
#r 0 4.4781412429
532801208 279597294
#r 0 4.4111666228
532799547 279591946
#r 0 4.4854211912
532798876 279589042
#r 0 2.3427194469
532798876 279589042
#r 0 4.4690478154
595496296 -707793242
#r 0 3.4540255657
547916867 -723161976
#r 0 2.5745390885
505742502 -696304521
#r 0 2.5196871154
465104012 -667175272
#r 0 2.4572264245
426363019 -635566168
#r 0 5.5576890698
445067275 -652153837
#r 0 5.6787140445
455369691 -659269932
#r 0 2.5756896403
450085121 -655913155
#r 0 2.5152116245
447545341 -654075404
#r 0 5.5571097301
448717470 -655116108
#r 1 448815623 -655076079
677928845 -196320030
#r 0 3.4305105826
630001208 -210565789
#r 0 2.5138002410
589534902 -181197812
#r 0 2.7017216975
544294571 -159906677
#r 0 3.4187413843
496202596 -173587392
#r 0 3.4296241210
448262350 -187790659
#r 0 3.4320573737
400356806 -202110534
#r 0 3.4250758460
352352455 -216095609
#r 0 0.2739905571
376419925 -209331227
#r 0 3.2298569598
363968586 -210433099
#r 0 0.0292145834
370215918 -210250534
#r 0 0.1834477243
373299174 -209678486
#r 0 3.2548379908
371741280 -209855668
#r 1 371891696 -209913713
134234208 -184258840
#r 0 4.8110287436
139158202 -234015792
#r 0 0.8560740058
155543394 -215133911
#r 0 0.8612946402
167762972 -200902968
#r 0 1.2802521610
173124709 -182971069
#r 0 2.4727967967
173124709 -182971069
#r 0 2.5224564778
173124709 -182971069
#r 0 2.4643987384
173124709 -182971069
#r 0 3.7788147178
165603067 -188538851
#r 0 0.7645209926
168980027 -185300030
#r 0 4.5053816289
168499176 -187589623
#r 0 2.5137011111
168499176 -187589623
#r 0 4.7585019845
168569420 -189111853
#r 0 2.4442702925
167985356 -188622570
#r 0 0.7361720535
167985356 -188622570
#r 0 4.7208080247
167988563 -189003518
#r 0 0.7858450309
168123192 -188868768
#r 0 0.7289670904
168228417 -188774796
#r 0 1.7891221383
168228417 -188774796
#r 0 0.7656210169
168331799 -188675424
#r 0 0.5736859130
168478972 -188580324
#r 0 4.6783568371
-222667336 -46611794
#r 0 0.0187884038
-172676161 -45672429
#r 0 0.0254946514
-122692410 -44397835
#r 0 0.3998263025
-76635979 -24934917
#r 0 0.0517917753
-26703024 -22346486
#r 0 5.2559669509
-842946 -65139668
#r 0 2.1695977185
-14934266 -44489373
#r 0 5.6485538280
-4868139 -51900382
#r 0 2.4985987289
-9870039 -48152919
#r 0 2.5558165096
-12474231 -46425154
#r 1 -12354919 -46512901
219528894 970092025
#r 0 4.6774901742
217784308 920122470
#r 0 3.2388365169
168020531 915267936
#r 0 3.3045778008
118683166 907154710
#r 0 0.1989804926
143189881 912096461
#r 0 3.3210881429
130890708 909864796
#r 1 130486570 909532911
-384209398 -106897359
#r 0 5.1752767211
-361882707 -151635697
#r 0 2.2570368558
-377723537 -132294857
#r 0 0.1187286418
-377723537 -132294857
#r 0 4.5393886159
-379875271 -144608265
#r 0 4.1380858495
-385122043 -152716943
#r 0 0.4282130704
-380729004 -150711696
#r 0 0.4230575416
-377919244 -149446616
#r 0 5.1844916839
-377919244 -149446616
#r 0 5.3169406274
-377919244 -149446616
#r 0 5.4229973571
-377919244 -149446616
#r 0 4.0889166802
-378818801 -150697452
#r 0 5.4511181729
-378818801 -150697452
#r 0 5.1683740537
-378818801 -150697452
#r 0 5.0540393362
-378818801 -150697452
#r 0 5.0283537585
-378818801 -150697452
#r 0 5.4545490306
-378818801 -150697452
#r 0 5.6380360318
-378818801 -150697452
#r 0 5.2008487889
-378818801 -150697452
#r 0 4.8078565482
-378727756 -151648231
#r 0 3.8233952526
-378727756 -151648231
#r 0 0.9366573418
615373946 -411111791
#r 0 3.4973155610
568504198 -428525196
#r 0 3.4522986673
520898300 -443811742
#r 0 1.8152044152
508799198 -395297706
#r 0 2.1098026222
483135027 -352386748
#r 0 1.5471067455
484319395 -302400777
#r 0 2.1564890098
456680558 -260734308
#r 0 2.1913385625
427606739 -220056144
#r 0 3.5134162081
381023420 -238221893
#r 0 1.9171035794
364052089 -191190266
#r 0 3.6322125477
319950041 -214748904
#r 0 1.4553683219
325708634 -165081625
#r 0 1.7172513200
318412034 -115616894
#r 0 1.7071558573
311615167 -66081022
#r 0 1.7336012111
303510835 -16742195
#r 0 0.5257228180
346758906 8349722
#r 0 3.6142939872
324500366 -3032604
#r 0 0.4351157205
335835631 2236337
#r 0 0.6155326140
340945747 5850140
#r 1 340351074 5560023
326662212 790338362
#r 0 4.1224237185
298845604 748790362
#r 0 2.7649303029
252350731 767181305
#r 0 4.3042689631
232506508 721287876
#r 0 5.2170915190
256683862 677521959
#r 0 2.5169773305
236404159 692141590
#r 0 4.3071486011
236404159 692141590
#r 0 4.2272169426
236404159 692141590
#r 0 4.2650857031
236404159 692141590
#r 0 2.4389415558
225183933 701643219
#r 0 4.2240347296
225183933 701643219
#r 0 4.3723761346
225183933 701643219
#r 0 4.4624509021
225183933 701643219
#r 0 4.2376881929
225183933 701643219
#r 0 2.4510882613
217102700 708319808
#r 0 4.4771874657
217102700 708319808
#r 0 2.4489476585
209354873 714748897
#r 0 2.6651864260
198665604 720265111
#r 0 2.6562766202
183692165 728161901
#r 0 2.6451442544
162019693 739901876
#r 0 5.3161636552
169016686 729756786
#r 0 2.6364104587
340630368 -61653550
#r 0 2.9553721810
291494817 -52396248
#r 0 6.1474953438
316265023 -55778097
#r 0 3.0153552974
303864490 -54204318
#r 0 6.1375199187
310048299 -55111510
#r 1 309856760 -55058509
-936931568 -253662529
#r 0 0.3356543284
-889721819 -237193176
#r 0 0.6413385613
-849657036 -207279748
#r 0 5.1574765606
-828130190 -252408396
#r 0 1.9647341471
-837725879 -229323277
#r 0 5.0113787195
-834043943 -241268708
#r 0 5.1236235646
-831523154 -247049011
#r 0 5.1114230415
-830290912 -249971404
#r 0 5.5066001636
-829129307 -251112713
#r 0 5.0811513132
-828834421 -251875798
#r 0 1.0670478133
-828636973 -251517569
#r 0 5.5636491173
-828636973 -251517569
#r 0 4.9602367099
-828586801 -251715839
#r 0 0.9417243897
-828526632 -251633155
#r 0 1.9657783513
-828526632 -251633155
#r 0 5.1220217897
-828526632 -251633155
#r 0 5.1572720462
-828526632 -251633155
#r 0 5.9883660734
-828526632 -251633155
#r 0 5.1934449122
-828526632 -251633155
#r 0 5.9064825433
-828526632 -251633155
#r 0 1.8939649786
-828526632 -251633155
#r 0 5.9272455668
-55698254 -527054964
#r 0 4.2772733269
-76774018 -572396029
#r 0 4.4388858789
-90279317 -620537559
#r 0 4.4094614998
-105195100 -668260922
#r 0 1.2441857129
-97174234 -644582543
#r 0 3.2428282064
-97174234 -644582543
#r 0 1.3124146150
-93978489 -632490707
#r 0 1.1891206745
-91648193 -626684665
#r 0 4.2701772540
-92986836 -629511878
#r 0 1.1544353530
-92354277 -628081443
#r 1 -92522063 -628477296
-176767589 -188188183
#r 0 1.2107466383
-159151552 -141394217
#r 0 1.2111408778
-141553965 -94593310
#r 0 1.1988915391
-123384432 -48011467
#r 0 1.2305286485
-106697460 -878199
#r 0 4.1763546474
-119465724 -22371719
#r 0 4.4372221108
-122989428 -34852573
#r 0 4.4196080340
-124889216 -41154868
#r 0 1.1970770032
-123687661 -38090836
#r 0 4.3812871350
-124222622 -39647057
#r 0 4.4605812247
-124427999 -40445355
#r 0 1.3674662203
-124344774 -40041699
#r 0 4.3755017907
-124412892 -40236188
#r 0 1.2403643582
-124379462 -40138726
#r 0 4.9032717437
-124369688 -40189307
#r 0 4.4173541820
-124378957 -40219806
#r 0 4.6768807195
-124379626 -40238635
#r 0 1.1583081902
-124375850 -40230005
#r 0 4.4384721851
-124377124 -40234538
#r 0 4.3918431519
-124377880 -40236816
#r 0 1.6874296050
-124378020 -40235624
#r 0 0.6868571043
133207554 429148051
#r 0 3.5670828923
87665730 408509683
#r 0 3.6093420182
43036464 385965756
#r 0 0.5289115914
64620384 398580605
#r 0 3.8974589868
55524414 390006613
#r 0 0.7628423448
60042382 394325231
#r 1 60600247 395024529
420725815 -425022251
#r 0 3.9175140531
385037014 -460040953
#r 0 3.6007331870
340215328 -482199844
#r 0 3.5657134580
294645283 -502775826
#r 0 3.6891084316
251954265 -528804214
#r 0 3.8020140135
212467574 -559476697
#r 0 3.4905152241
165480493 -576570972
#r 0 0.3042015642
189332653 -569082685
#r 0 3.4238880614
177327422 -572564696
#r 0 3.4420526266
171354555 -574415331
#r 0 3.4820028813
168405525 -575459873
#r 0 3.5529326467
166971547 -576085410
#r 1 166781831 -576181281
-984543034 144270826
#r 0 5.0640114330
-967321962 97330069
#r 0 5.1605120283
-945658228 52266973
#r 0 4.9264949039
-935034535 3408635
#r 0 1.8410845291
-941709765 27500985
#r 0 1.6497939642
-942699317 40001262
#r 0 1.9408212581
-944980816 45883053
#r 0 5.1861928796
-943541549 43076154
#r 0 4.9602638181
-943150452 41530799
#r 1 -943267438 41967876
366737756 485628537
#r 0 3.7117596350
324647213 458639906
#r 0 0.6499775711
344549647 473769120
#r 0 0.3321518268
356441424 477870962
#r 0 3.4302941917
350412063 476080246
#r 0 0.3089848815
353407963 477036563
#r 0 3.4402684417
351905164 476573872
#r 1 351969434 476587791
-649282821 -270779598
#r 0 6.0162452346
-601053693 -283968654
#r 0 3.8940649884
-637553763 -318140937
#r 0 3.9676045046
-671444431 -354902637
#r 0 4.7799682899
-668068037 -404788506
#r 0 6.2281200716
-618143822 -407540377
#r 0 3.3861277317
-642400072 -413593009
#r 0 3.4131992655
-655470695 -417233028
#r 0 3.4021145167
-664025730 -419513633
#r 0 5.5128917046
-664025730 -419513633
#r 0 5.4275893149
-664025730 -419513633
#r 0 3.3577655755
-671482976 -421151277
#r 0 3.4065417742
-679549004 -423339816
#r 0 3.4142928770
-690054207 -426277779
#r 0 3.3783701807
-704997209 -429883584
#r 0 3.3531588735
-726823908 -434571530
#r 0 3.3343721038
-759150383 -440881776
#r 0 0.1368245366
-742835990 -438635532
#r 0 3.3260348287
-750930479 -440145660
#r 0 0.2044248790
-746899130 -439309877
#r 1 -747637356 -439367835
411724544 245564399
#r 0 6.2617615712
461713070 244493294
#r 0 6.2350966513
511655268 242089788
#r 0 6.2343985281
561595776 239651417
#r 0 3.0764914440
536648735 241277798
#r 0 3.1212233982
524148003 241532464
#r 0 3.2300627652
517919876 240980019
#r 0 0.0666095388
521039233 241188106
#r 1 522006695 241280964
795592083 -315379132
#r 0 2.5337466557
754548079 -286824102
#r 0 3.3702139314
705849090 -298155847
#r 0 3.3615752846
657054028 -309066481
#r 0 1.6860667591
651303261 -259398295
#r 0 2.3374249298
616617715 -223385618
#r 0 1.6534496645
612489752 -173556310
#r 0 2.4920492765
572671749 -143315168
#r 0 2.3418930687
537825640 -107457830
#r 0 2.5519742169
496267995 -79655634
#r 0 2.5922479799
453624652 -53549212
#r 0 2.5375890079
412471233 -25152097
#r 0 4.9390413054
418089151 -49512700
#r 0 1.8159097468
415055822 -37386328
#r 0 1.8772804588
413169502 -31425547
#r 0 1.6682115961
412862536 -28284415
#r 0 1.6325721224
412765095 -26709094
#r 1 412724854 -26498440
-521849662 466816098
#r 0 3.9906051867
-554885896 429284682
#r 0 4.0518207499
-585564179 389802496
#r 0 0.3393078925
-561989548 398123359
#r 0 0.2878415547
-546666622 402659920
#r 0 4.6110681855
-546666622 402659920
#r 0 3.8711393026
-552623121 397334206
#r 0 3.8570998897
-556170349 394251132
#r 0 3.9156332792
-558669521 391808094
#r 0 3.8702698470
-561330995 389432627
#r 0 4.9531207905
-561330995 389432627
#r 0 3.8715191341
-564578547 386526766
#r 0 0.2877220872
-562489205 387145073
#r 0 0.6325465753
-561455220 387903007
#r 0 3.8548624363
-561939970 387483586
#r 0 5.2728827202
-561939970 387483586
#r 0 3.9728603369
-562157374 387245263
#r 0 0.0232918736
-561996125 387249019
#r 0 1.0005816690
-561996125 387249019
#r 0 5.0419621273
-561996125 387249019
#r 0 4.7458388121
-561996125 387249019
#r 0 5.1670372893
-558514126 -706353026
#r 0 0.3255320342
-511140091 -690362380
#r 0 4.2063656535
-523257660 -712229352
#r 0 1.0946423384
-517528106 -701119798
#r 0 1.0133478655
-514218766 -695811271
#r 0 1.0949041758
-512785161 -693029736
#r 1 -512690411 -692946159
-218018041 -776753981
#r 0 2.3872024477
-254452506 -742511759
#r 0 2.4243553605
-292133733 -709646502
#r 0 2.4581598077
-330904213 -678073572
#r 0 5.9051496055
-307669427 -687300962
#r 0 2.7376293530
-319163307 -682387641
#r 0 2.7567988704
-324960173 -680040015
#r 0 2.9291928157
-328020260 -679380099
#r 1 -327202045 -679539728
517252615 315449462
#r 0 0.6940540196
555685573 347432391
#r 0 0.7801264205
591226804 382600855
#r 0 3.8904819680
572915667 365580214
#r 0 3.9796856648
564546493 356279041
#r 0 0.9388802579
568241917 361327066
#r 0 4.0747045216
566379676 358813754
#r 1 566613829 359341745
-836634468 79323631
#r 0 0.9076705602
-805855309 118727227
#r 0 0.9416742889
-776433553 159154449
#r 0 0.8663797660
-744054085 197253925
#r 0 0.8929606398
-712698653 236200515
#r 0 0.9102581539
-682021557 275683623
#r 0 4.1603274619
-695132647 254397493
#r 0 1.0805202949
-689246779 265425029
#r 0 4.1463799216
-692598452 260149730
#r 0 0.9623932589
-690812334 262713985
#r 1 -690614016 263117015
-478957491 -425697431
#r 0 0.6958338562
-440581519 -393646148
#r 0 5.8543291409
-395109420 -414437689
#r 0 4.3865330606
-411115409 -461806543
#r 0 0.1265583119
-361515300 -455495506
#r 0 6.2057611943
-311665087 -459362845
#r 0 0.3434453420
-264585082 -442526184
#r 0 4.7215174867
-264128663 -492524101
#r 0 1.6052562565
-264989991 -467538943
#r 0 1.2135007397
-260615413 -455820855
#r 0 4.3635168334
-262753272 -461698115
#r 0 4.3142966032
-263965574 -464580799
#r 1 -263877425 -464393845
744680137 283363242
#r 0 2.2507331224
713242943 322243865
#r 0 2.2443790445
682053433 361323456
#r 0 1.3937954843
690857337 410542266
#r 0 4.1803097513
678174182 388998415
#r 0 2.2513876672
678174182 388998415
#r 0 4.1314124302
670505366 377318208
#r 0 2.1928505619
670505366 377318208
#r 0 2.1656628915
670505366 377318208
#r 0 3.8868597335
663256284 370628793
#r 0 2.1542914620
663256284 370628793
#r 0 2.1740466485
663256284 370628793
#r 0 2.1228166291
663256284 370628793
#r 0 2.1444924971
663256284 370628793
#r 0 2.1786557241
663256284 370628793
#r 0 3.0687231624
652796955 371392311
#r 0 3.8655741305
641206986 361145192
#r 0 1.2798698637
643425738 368555309
#r 0 2.4884952999
643425738 368555309
#r 0 2.0602244510
641124205 372876190
#r 0 2.0337909080
638496531 378140130
#r 0 2.0634583708
787479252 -388621533
#r 0 1.8120978826
775530918 -340070145
#r 0 3.3919378699
727089570 -352457066
#r 0 3.3336643210
678009026 -362001710
#r 0 2.2580378179
646288662 -323351761
#r 0 3.6251070715
602020334 -346596440
#r 0 1.4775568411
606675556 -296813623
#r 0 1.6191171240
604260456 -246871984
#r 0 1.4553401883
610020446 -197204867
#r 0 3.4918018669
563055398 -214359583
#r 0 1.9700998468
543616561 -168292983
#r 0 1.2970966875
557131321 -120154108
#r 0 2.3622463291
521562666 -85013380
#r 0 3.6218356537
477218532 -108113115
#r 0 4.1110443663
448930946 -149341897
#r 0 3.5347616587
402745966 -168497774
#r 0 4.0851265193
373399439 -208979638
#r 0 1.8805905663
358156305 -161359822
#r 0 4.1183097036
344162654 -182076428
#r 0 2.0620581954
344162654 -182076428
#r 0 4.1311946739
333255978 -198680267
#r 0 1.8188153243
734374273 161323653
#r 0 2.8476781634
686518414 175808706
#r 0 1.4585700125
692117958 225494168
#r 0 4.2280457789
680477278 203369644
#r 0 2.8586968559
680477278 203369644
#r 0 1.8860284013
676601814 215253699
#r 0 3.7605430723
676601814 215253699
#r 0 3.7849529125
676601814 215253699
#r 0 1.8830834041
673745933 224099513
#r 0 2.8545343519
673745933 224099513
#r 0 1.9648500551
670208958 232605916
#r 0 1.9143880526
666329156 243449920
#r 0 1.9552343141
660436545 258015117
#r 0 1.9406029673
652231641 279181377
#r 0 1.9555750243
639679381 310177335
#r 0 1.9186099258
622704637 356997403
#r 0 1.9206392032
597221378 426843169
#r 0 1.8787779757
563483710 532901950
#r 0 4.9131749388
574582076 478372141
#r 0 1.7183923803
570490275 505893507
#r 0 1.9303941027
565580866 518952400
#r 0 5.1263659227
-835925574 -325109799
#r 0 5.1468350471
-814880174 -370464966
#r 0 5.1367330113
-794294020 -416030416
#r 0 5.6921480817
-752775862 -443891546
#r 0 1.0615588529
-728400281 -400235721
#r 0 5.8449800059
-683124549 -421451472
#r 0 1.0124533953
-656635474 -379044764
#r 0 4.5081071079
-661707074 -403524936
#r 0 4.4797496687
-664926623 -417113598
#r 0 4.5431014878
-666502568 -426333783
#r 0 4.7274227592
-666372349 -434994894
#r 0 4.8049047582
-665377280 -445719862
#r 0 5.8816097950
-665377280 -445719862
#r 0 4.5622455982
-667625860 -460583372
#r 0 5.5343768278
-667625860 -460583372
#r 0 5.5780470316
-667625860 -460583372
#r 0 5.5445881342
-667625860 -460583372
#r 0 5.5550203523
-667625860 -460583372
#r 0 1.0808276601
-664088695 -453951369
#r 0 4.8236520305
-663671413 -457686288
#r 0 4.5172781934
-664146612 -460090840
#r 0 4.4997782577
191098699 -491490599
#r 0 3.8089596195
151825998 -522436599
#r 0 3.7491321169
110773243 -550979047
#r 0 3.7946797294
71062655 -581361101
#r 0 0.7141392120
89954088 -564986921
#r 0 3.7228592765
79506990 -571850458
#r 0 0.5700241816
84768789 -568477631
#r 1 84862383 -568408882
76967052 -918743877
#r 0 3.2753837362
27413886 -925413492
#r 0 3.2843667894
-22077368 -932527970
#r 0 3.2840816647
-71570648 -939628337
#r 0 3.2915864347
-121009248 -947099936
#r 0 3.2272456297
-170825949 -951377350
#r 0 0.0825774121
-145911139 -949315260
#r 0 0.1149830209
-133493563 -947881124
#r 0 3.1555589647
-139743011 -947968411
#r 0 0.0058606471
-136618037 -947950096
#r 1 -135930407 -947999688
-458212991 -390070259
#r 0 4.6601824608
-460822131 -440002136
#r 0 4.5986388010
-466497383 -489679007
#r 0 0.2941959975
-418645604 -475180483
#r 0 3.7361349244
-439355728 -489183723
#r 0 4.4561476941
-442795777 -502313640
#r 0 4.5143091975
-445438518 -515480489
#r 0 3.6266694626
-460169767 -523245048
#r 0 5.8982171416
-452453020 -526371758
#r 0 4.4939915550
-452453020 -526371758
#r 0 3.6138765346
-456160362 -528265626
#r 0 3.9657300032
-458342285 -530623505
#r 0 3.9786458854
-460887440 -533446183
#r 0 4.5570662540
-461678443 -538497803
#r 0 4.4720604586
-463502545 -545941143
#r 0 0.4514329725
-460054607 -544269501
#r 0 4.5294435435
-460054607 -544269501
#r 0 4.6018592779
-460054607 -544269501
#r 0 4.5173661474
-460425887 -546149080
#r 0 3.9113620451
-461533036 -547222152
#r 0 4.6093198169
-461653900 -548390646
#r 0 4.6072186389
-561441965 -303326039
#r 0 4.9983518364
-547337898 -351295564
#r 0 4.9756853167
-534324663 -399572429
#r 0 6.1724307169
-484631014 -405098844
#r 0 4.7036796252
-485066476 -455096948
#r 0 0.0286041541
-435086930 -453666935
#r 0 3.7814218787
-455141873 -468593396
#r 0 0.2130779587
-442924566 -465950031
#r 0 0.1489283728
-435719900 -464869048
#r 0 4.4843404362
-435719900 -464869048
#r 0 0.1585589647
-430180283 -463983256
#r 0 5.7843669371
-425164417 -466715745
#r 0 3.6682571479
-425164417 -466715745
#r 0 3.6835362454
-425164417 -466715745
#r 0 0.1495536170
-417059450 -465494499
#r 0 0.1644607319
-406424361 -463729503
#r 0 4.0030058461
-409935403 -467819449
#r 0 4.3462561001
-411276825 -471318012
#r 0 0.2833587500
-409478079 -470794227
#r 0 0.1685246698
-407994536 -470541819
#r 0 0.2002535854
-406356248 -470209289
#r 0 4.3066428727
-143029320 -288205830
#r 0 4.2038320142
-167375187 -331878233
#r 0 4.8803133781
-159018372 -381174923
#r 0 4.9929740396
-145172478 -429219602
#r 0 1.8684696184
-152504893 -405319066
#r 0 3.8841819555
-152504893 -405319066
#r 0 3.9531562373
-152504893 -405319066
#r 0 3.9369846876
-152504893 -405319066
#r 0 3.9549212653
-152504893 -405319066
#r 0 3.8460986782
-152504893 -405319066
#r 0 3.8901358547
-152504893 -405319066
#r 0 3.8656877266
-152504893 -405319066
#r 0 3.8858527213
-152504893 -405319066
#r 0 3.9236812658
-152504893 -405319066
#r 0 3.9099065302
-152504893 -405319066
#r 0 3.9044631608
-152504893 -405319066
#r 0 3.9105991580
-152504893 -405319066
#r 0 3.9214999321
-152504893 -405319066
#r 0 3.9449953563
-152504893 -405319066
#r 0 3.8887583999
-152504893 -405319066
#r 0 3.9550733385
-152504893 -405319066
#r 0 3.9213685669
-217724255 370576245
#r 0 4.6762909993
-219528762 320608818
#r 0 1.0375513519
-206820500 342137870
#r 0 0.9732125602
-198252217 354727261
#r 0 0.2011561966
-185951950 357235458
#r 0 4.3184976572
-185951950 357235458
#r 0 0.5777822097
-171519010 366645782
#r 0 4.3642752221
-174457760 358547651
#r 0 0.1795121490
-174457760 358547651
#r 0 4.2285156067
-177148740 353427281
#r 0 0.2974123415
-174383502 354274835
#r 0 0.3066380634
-172346442 354919818
#r 0 0.2264598433
-170301289 355391046
#r 0 0.2434311539
-167768612 356020053
#r 0 0.1832436396
-164253090 356671559
#r 0 0.9579819211
-161269186 360915386
#r 0 0.1388747104
-154633975 361842819
#r 0 0.6592999734
-146691908 367997793
#r 0 0.1860237233
-132279928 370710122
#r 0 1.2605303145
-132279928 370710122
#r 0 1.7241956780
-132279928 370710122
#r 0 0.1315878059
231282029 -813119927
#r 0 3.2049750056
181382428 -816286923
#r 0 3.0878480511
131454623 -813600986
#r 0 6.1803749354
156322614 -816166720
#r 0 0.0578624019
168831695 -815442106
#r 0 3.1475812835
162566782 -815479625
#r 0 0.0722646833
165691118 -815253452
#r 1 164804276 -815257707
-173650117 941397434
#r 0 3.5178099625
-220153170 923027185
#r 0 0.5618003140
-198995735 936344951
#r 0 3.6945807533
-209632720 929779548
#r 0 3.7719037728
-214682138 926095536
#r 0 0.6708015293
-212234062 928038230
#r 1 -212507512 927713689
-974261600 -135035256
#r 0 5.7543479900
-931091887 -160261747
#r 0 0.7688880883
-895157674 -125494919
#r 0 5.1393936757
-874450359 -171005435
#r 0 5.4103219915
-842318589 -209314042
#r 0 5.4503324498
-808680199 -246306726
#r 0 4.9488024436
-796969331 -294915939
#r 0 4.9463246452
-785378942 -343554020
#r 0 5.5139123604
-749458112 -378334675
#r 0 5.5296407202
-712994705 -412546075
#r 0 4.6474395566
-716239893 -462440651
#r 0 4.7180528349
-715956702 -512439849
#r 0 4.7468675181
-714233117 -562410133
#r 0 4.7309079551
-713307221 -612401559
#r 0 4.8304456069
-707418092 -662053529
#r 0 1.8358776153
-713967785 -637926750
#r 0 4.9797079317
-710665953 -649982781
#r 0 4.9356245277
-709282283 -656077725
#r 0 5.1015162841
-708094853 -658973647
#r 0 1.9186832439
-708628365 -657502439
#r 1 -708698690 -657299195
-219071864 876570219
#r 0 5.9458881858
-171889234 860023333
#r 0 5.9790986793
-124183192 845052241
#r 0 4.3404537756
-142354142 798470951
#r 0 6.2101701971
-92487363 794823438
#r 0 6.1095353563
-43239328 786184510
#r 0 5.6866611969
-1874665 758095995
#r 0 1.2678762275
13040766 805819468
#r 0 1.2108296556
30652918 852614896
#r 0 1.1623691566
50511236 898502228
#r 0 4.2622511050
39633994 875992550
#r 0 4.3587844531
35297951 864245536
#r 0 4.2946351407
32757425 858522098
#r 1 33089818 859220146
841216372 -245702053
#r 0 3.4460555440
793515967 -260691094
#r 0 3.3079263481
744206046 -268969482
#r 0 3.4255981126
696209006 -282979626
#r 0 3.3026570794
646856149 -290998073
#r 0 1.4505498175
652853996 -241359118
#r 0 3.7429301023
632239504 -255502763
#r 0 3.3024521016
613293782 -258576923
#r 0 1.4324975023
613293782 -258576923
#r 0 1.4377045922
613293782 -258576923
#r 0 3.8137844975
595037311 -273105933
#r 0 3.7978977078
573321358 -289831587
#r 0 2.0086609281
573321358 -289831587
#r 0 3.4145116844
537910336 -299743249
#r 0 3.8340412347
495848493 -334631906
#r 0 3.2826018857
418035895 -345677507
#r 0 3.2199481378
300765453 -354885141
#r 0 1.7257587324
300765453 -354885141
#r 0 3.3505111771
128622781 -391381470
#r 0 4.3489805874
128622781 -391381470
#r 0 3.1819988616
-135094856 -402043103
#r 0 3.3411136247
-554460271 622376857
#r 0 0.0225061269
-504472934 623502068
#r 0 4.6411659386
-508031076 573628832
#r 0 0.0610829946
-458124325 576681083
#r 0 0.3564831198
-411267828 594130114
#r 0 4.9486279566
-399565442 545518859
#r 0 4.9369950577
-388429324 496774763
#r 0 0.5606979465
-346085116 523363633
#r 0 6.0261975209
-297727117 510655212
#r 0 0.1772995735
-248510939 519473818
#r 0 0.7151571468
-210761429 552260621
#r 0 0.6279988977
-170301188 581636953
#r 0 5.5413743682
-133438875 547855747
#r 0 5.5137157152
-97524885 513068029
#r 0 5.6002742954
-58737935 481515335
#r 0 5.5709287477
-20893483 448838165
#r 0 5.5275123097
15497026 414549233
#r 0 5.4769986819
50109796 378466603
#r 0 2.3044374049
33370335 397035137
#r 1 32463361 397022488
-710372218 -603481641
#r 0 5.2563984908
-684493676 -646263659
#r 0 5.1324458884
-664103055 -691916946
#r 0 5.1627472991
-642338647 -736931505
#r 0 1.9768841523
-652214105 -713964675
#r 0 5.1364021930
-647071336 -725357739
#r 1 -647548692 -724990567
57367412 137137296
#r 0 1.2566112914
72819487 184689724
#r 0 1.3054657469
85930902 232940017
#r 0 4.3682085384
77495270 209406210
#r 0 1.2658952408
81247755 221329667
#r 0 4.3116070431
78809390 215574942
#r 0 1.2581348216
79770615 218548436
#r 0 4.3564395926
79226115 217083881
#r 0 1.3129227002
79425353 217839298
#r 0 4.2363745774
79246353 217492100
#r 0 0.6203763960
79405271 217605643
#r 0 4.7021450073
79405271 217605643
#r 0 1.5183361207
79411420 217722740
#r 0 4.2743276390
79386550 217669647
#r 0 0.6180462974
79410441 217686633
#r 0 1.3128623336
79415048 217704096
#r 0 1.5151463352
79415576 217713577
#r 0 4.2874552436
79413619 217709252
#r 0 1.2908296475
79414275 217711533
#r 0 1.2714253140
79414632 217712690
#r 0 0.5756758953
79415175 217713042
#r 0 0.5829974526
350298717 99524416
#r 0 0.9602635117
378963922 140491549
#r 0 1.0528772136
403717583 183934112
#r 0 1.1455983359
424342641 229481966
#r 0 2.1353342748
397591365 271723761
#r 0 0.9415511252
427018100 312147359
#r 0 1.0033004271
453894208 354309840
#r 0 2.3322355722
419396011 390502027
#r 0 0.6849479387
458118610 422133662
#r 0 0.7026200033
496276196 454444630
#r 0 0.7397074092
533209487 488148221
#r 0 0.7018655234
571391440 520430391
#r 0 4.0533322626
556082155 500666135
#r 0 0.8713004032
564130056 510230720
#r 0 1.0370344855
567315098 515620131
#r 1 567289005 515310240
124361302 -505132095
#r 0 4.2241864858
100909345 -549290964
#r 0 3.1914751702
50971539 -551784056
#r 0 4.4095838917
36061597 -599509245
#r 0 4.4534055875
23256698 -647841786
#r 0 4.5370729260
14535730 -697075359
#r 0 4.4945400776
3729237 -745893590
#r 0 1.3846877096
8355140 -721325298
#r 0 1.0751781148
14305820 -710318291
#r 0 4.2281909811
11393524 -715855413
#r 0 4.2109171117
9889576 -718598767
#r 1 9704137 -719130373
-544744435 413022941
#r 0 0.1957817628
-495699640 422749612
#r 0 0.2088931287
-446786587 433118473
#r 0 4.9243439985
-436268009 384237398
#r 0 0.2222780101
-387498120 395260006
#r 0 0.6711784493
-348343654 426355468
#r 0 4.5457246534
-352490999 401701878
#r 0 0.6840258857
-342803063 409600857
#r 0 0.2128321325
-334178672 411464631
#r 0 0.2693296215
-324273139 414198920
#r 0 0.2482799725
-311203519 417512206
#r 0 0.3634893615
-293361555 424299144
#r 0 4.8590965861
-293361555 424299144
#r 0 0.7146682389
-272582754 442328463
#r 0 4.8607622115
-272582754 442328463
#r 0 4.5359566732
-274997033 428786862
#r 0 0.3550939957
-274997033 428786862
#r 0 0.7720829792
-270069538 433584852
#r 0 0.7564114303
-266761166 436706778
#r 0 0.7915372012
-263917531 439585544
#r 0 0.1900466315
-259454860 440444020
#r 0 0.8318811132
-119196968 -904270036
#r 0 1.6190973300
-121611079 -854328349
#r 0 2.5759984328
-163824594 -827532469
#r 0 2.6036929898
-206763926 -801915800
#r 0 2.5268608542
-247610334 -773078828
#r 0 1.2963412666
-234059212 -724950176
#r 0 2.7716386760
-280676411 -706871550
#r 0 1.3047008198
-267528092 -658631300
#r 0 1.3846543627
-258274647 -609495023
#r 0 1.1126568395
-236160636 -564651177
#r 0 1.0653602596
-211951185 -520903006
#r 0 1.7744610022
-222064166 -471936409
#r 0 1.8487506379
-235783619 -423855471
#r 0 5.0360698267
-227832159 -447557248
#r 0 1.9455490060
-232407688 -435924772
#r 1 -232270515 -436024134
-804414631 -463783652
#r 0 5.7857215234
-760474848 -487643565
#r 0 0.1249686326
-710864769 -481411384
#r 0 5.7146570905
-668730055 -508331002
#r 0 1.0433025685
-643561587 -465127435
#r 0 5.4665895649
-609326274 -501568392
#r 0 5.5127298756
-573446596 -536391498
#r 0 5.4693487246
-539110867 -572737856
#r 0 5.5143197072
-503175872 -607503876
#r 0 5.4613861088
-469130641 -644122481
#r 0 2.2678030013
-485178775 -624953304
#r 0 5.3689842378
-477548481 -634854243
#r 0 5.3960422404
-473594357 -639707588
#r 0 2.2057652171
-475450982 -637187577
#r 1 -475941198 -636597946
551441948 -761356956
#r 0 2.6911711068
506428765 -739589702
#r 0 2.7070653115
461075309 -718540616
#r 0 1.3798397228
470565219 -669449460
#r 0 1.8405249965
457241723 -621257298
#r 0 2.7525823947
410977478 -602293658
#r 0 1.7425918821
402429891 -553029688
#r 0 1.7279206009
394605963 -503645620
#r 0 1.3010546925
407930084 -455453631
#r 0 1.3178709690
420441950 -407044404
#r 0 3.0954032910
370495277 -404735757
#r 0 1.7509258824
361537425 -355544732
#r 0 3.2410032805
311784283 -360507081
#r 0 3.2144467579
261916917 -364146565
#r 0 1.6806211165
256436710 -314447799
#r 0 3.3368864189
207387175 -324150535
#r 0 3.3339286186
158309156 -333708150
#r 0 3.3569381375
109464025 -344392397
#r 0 3.4139452544
61306989 -357842300
#r 0 3.3739478845
12650651 -369355805
#r 0 0.9755868592
26667706 -348655028
#r 0 3.4490424444
27156741 -865736728
#r 0 1.1465171633
47739939 -820169942
#r 0 2.0228828572
25897769 -775193063
#r 0 2.0324279413
3627293 -730426715
#r 0 1.9993535091
-17150652 -684948401
#r 0 2.0049807417
