701687785 -541700890
#r 0 4.3627148184
684558200 -588675110
#r 0 4.4178648284
670043974 -636522129
#r 0 1.2998527897
676734991 -612434160
#r 0 1.2143554816
681099178 -600713340
#r 1 680755162 -600190299
-499127383 633119407
#r 0 5.6387001312
-459156924 603080059
#r 0 3.8581214430
-496861427 570241508
#r 0 4.1994604601
-521397977 526675951
#r 0 3.6320480758
-565503899 503124567
#r 0 3.5656677927
-611074883 482550666
#r 0 0.4173289885
-588220514 492683669
#r 0 3.6880389363
-598900221 486187991
#r 0 0.5420958358
-593546289 489412568
#r 0 0.6264310927
-591014601 491244656
#r 1 -591598808 490666883
-483608482 -622730427
#r 0 4.7385195156
-482302104 -672713358
#r 0 4.7641714165
-479714139 -722646337
#r 0 4.6614126400
-482261852 -772581386
#r 0 1.4266229670
-478669992 -747840762
#r 0 4.5270698275
-480973245 -760126730
#r 1 -480833839 -759947140
-400050622 -282770132
#r 0 3.5341741524
-446246848 -301898872
#r 0 3.4278886974
-494211671 -316018921
#r 0 0.2881828108
-470242623 -308913660
#r 0 0.0525135950
-457759811 -308257539
#r 0 3.1463561488
-464009761 -308287311
#r 0 3.2486568790
-467123954 -308622009
#r 1 -467681631 -308844745
301295572 728310821
#r 0 6.0655909910
350116553 717516756
#r 0 6.2275651378
400039233 714737181
#r 0 3.0676202743
375107601 716584804
#r 0 3.1417666686
362603392 716582628
#r 0 6.2400019558
368849667 716312725
#r 0 3.1426541824
365723618 716309407
#r 1 366709868 716367867
538670319 187274473
#r 0 5.8778633740
584619094 167558742
#r 0 5.9351874867
631621963 150507926
#r 0 0.6807083218
670478320 181975108
#r 0 3.8358860299
651265669 165979044
#r 0 3.7933427714
641326043 158395411
#r 0 3.7913323312
636347440 154612700
#r 0 3.8687858952
634009443 152532173
#r 0 3.8354864982
632806287 151531263
#r 1 632668037 151407463
-356518068 -65592954
#r 0 5.4342320881
-323479607 -103122411
#r 0 5.7776668092
-279733432 -127335469
#r 0 2.6039727501
-301206681 -114533141
#r 0 2.7283266593
-312666146 -109507940
#r 0 5.8574492514
-306968191 -112091793
#r 0 2.6024153315
-309652612 -110485672
#r 0 5.7202943560
-308329821 -111320332
#r 1 -308068359 -111460928
-276446552 932869643
#r 0 4.4891066119
-287518137 884110849
#r 0 3.7260690070
-329218193 856522712
#r 0 5.7645147906
-285794243 831736415
#r 0 2.9154765533
-310157854 837341270
#r 0 5.5562802995
-300817420 829034269
#r 0 3.3994343008
-300817420 829034269
#r 0 4.5355083886
-300817420 829034269
#r 0 2.8733440230
-306843898 830690788
#r 0 5.8882995330
-303959397 829488592
#r 0 3.4447222422
-303959397 829488592
#r 0 4.5263022142
-303959397 829488592
#r 0 4.1385174231
-303959397 829488592
#r 0 4.7833646556
-303959397 829488592
#r 0 4.0873141122
-303959397 829488592
#r 0 3.4129309624
-303959397 829488592
#r 0 4.9193872860
-303959397 829488592
#r 0 4.2451748974
-303959397 829488592
#r 0 2.8872526392
-305471630 829881727
#r 0 4.5968556436
-305471630 829881727
#r 0 4.8171861589
-305471630 829881727
#r 0 4.5858139037
-550539604 -271667289
#r 0 1.5420043324
-549100203 -221688012
#r 0 1.9240155007
-566396204 -174774812
#r 0 0.8286083827
-532601103 -137925238
#r 0 1.2422002338
-516465375 -90600421
#r 0 3.5841659004
-561648006 -112013731
#r 0 0.4006490886
-538627806 -102263329
#r 0 3.5488934008
-550105223 -107214983
#r 0 0.5953989867
-544930694 -103709739
#r 0 3.7279608241
-547533680 -105438924
#r 0 3.8112919938
-548758793 -106408925
#r 1 -548438381 -106181255
-618319202 -169265767
#r 0 0.7043807218
-580218566 -136887664
#r 0 2.6564564574
-624449138 -113571222
#r 0 1.8835632416
-639833763 -65996929
#r 0 0.7626054258
-603681832 -31456548
#r 0 1.4073893957
-595547797 17877390
#r 0 1.4187321066
-587973854 67300415
#r 0 0.2876758021
-540028559 81486630
#r 0 5.7481680888
-497015566 55993837
#r 0 5.2704925086
-470536644 13580789
#r 0 6.1092908728
-421290723 4929821
#r 0 5.9055996169
-374812851 -13504044
#r 0 5.3126211052
-346571149 -54764270
#r 0 2.4257778905
-365435119 -38358460
#r 0 2.4686966678
-375822186 -30080188
#r 0 2.0507477755
-379656176 -22714909
#r 0 2.5472613816
-383967240 -19801289
#r 0 3.3444179597
-383967240 -19801289
#r 0 2.4974893737
-388409700 -16465262
#r 0 2.5200342751
-394066184 -12413724
#r 0 3.5044484781
-394066184 -12413724
#r 0 3.4890373291
755102565 -188650360
#r 0 6.1731502539
804800177 -194141017
#r 0 2.4797490469
785078664 -178776712
#r 0 2.5108490867
772334767 -169470428
#r 0 2.4877015378
762102061 -161628466
#r 0 2.4855434766
751042529 -153114908
#r 0 5.6325550699
756595281 -157341659
#r 1 756444234 -157566446
380790345 -501424583
#r 0 1.9189860690
363730508 -454424988
#r 0 1.9027074981
347437984 -407153922
#r 0 5.8833628619
393494490 -426616662
#r 0 5.9165452199
440171344 -444540705
#r 0 1.5176510029
442827359 -394611299
#r 0 1.7434772542
434236158 -345354916
#r 0 5.4702157772
451419773 -363513203
#r 0 2.2698897129
443375723 -353945379
#r 0 5.3805225707
447247735 -358851499
#r 1 447527437 -359086381
-579009961 358478730
#r 0 3.9558829827
-613329194 322116796
#r 0 0.6047341587
-592762863 336330380
#r 0 5.0501127211
-592762863 336330380
#r 0 4.3496301306
-597198549 324643864
#r 0 6.1752105222
-597198549 324643864
#r 0 0.6827568385
-592349573 328587203
#r 0 1.8422503037
-592349573 328587203
#r 0 0.6427665837
-589246186 330911184
#r 0 0.1105813596
-586035795 331267648
#r 0 5.3085426972
-586035795 331267648
#r 0 0.7002928695
-582816870 333980523
#r 0 0.6246063371
-578671747 336968684
#r 0 5.8654417033
-578671747 336968684
#r 0 5.2281547487
-578671747 336968684
#r 0 3.9005642138
-580525478 335210428
#r 0 0.6310601492
-579494041 335964140
#r 0 1.4022883091
-579494041 335964140
#r 0 5.2383356125
-579494041 335964140
#r 0 0.6831838455
-578990628 336373888
#r 0 1.3898172145
-578990628 336373888
#r 0 0.1121669868
299350043 -849072587
#r 0 6.0996299792
348510091 -858198903
#r 0 3.5338327435
325408715 -867755386
#r 0 6.2052351735
337870757 -868728776
#r 0 6.1983827315
345328405 -869362724
#r 0 1.1558187915
345328405 -869362724
#r 0 6.2252920023
351122861 -869698559
#r 0 6.2490402187
357015792 -869899852
#r 0 6.1877988649
364215808 -870588726
#r 0 6.2081093120
374189848 -871338947
#r 0 6.1932715120
388554749 -872634042
#r 0 6.2219512382
409798349 -873936502
#r 0 6.1925188721
441306676 -876801103
#r 0 6.2293360838
477298692 -878741121
#r 0 3.1101218463
459285485 -878174044
#r 1 459932911 -877854316
547958642 -796389549
#r 0 1.9593098798
529017984 -750115891
#r 0 2.0387942356
506462965 -705492230
#r 0 1.3358600543
518102015 -656865771
#r 0 2.1355828801
491340239 -614630628
#r 0 0.9676187692
519703347 -573453765
#r 0 2.2108072087
489843139 -533349302
#r 0 0.6044522851
530983814 -504933727
#r 0 0.6331472781
571292279 -475349481
#r 0 3.7860540355
551306693 -490368679
#r 0 0.5582505116
561908981 -483747390
#r 0 3.7123378156
556649615 -487124010
#r 0 3.6601398496
553935004 -488673060
#r 0 0.5025247267
555304544 -487920381
#r 1 555526274 -487777093
120566706 -818818612
#r 0 3.6996392495
78152150 -845295120
#r 0 2.0326477509
55871834 -800533669
#r 0 5.1743333658
67014072 -822913358
#r 0 3.7505842709
67014072 -822913358
#r 0 5.1434374408
72236867 -834269960
#r 0 5.1256977045
74749493 -839999086
#r 0 3.6874227912
74749493 -839999086
#r 0 5.1808644245
76170655 -842807432
#r 0 2.0575798761
75434487 -841416503
#r 0 5.1848799794
75792594 -842117157
#r 0 5.1438190260
75957149 -842474611
#r 0 3.6689583565
75957149 -842474611
#r 0 3.6967070898
75957149 -842474611
#r 0 5.1800571950
76046277 -842651089
#r 0 5.2215677676
76094970 -842738308
#r 0 5.1569372416
76117010 -842784577
#r 0 5.1894209921
76130396 -842810477
#r 0 5.1496750673
76138944 -842828764
#r 0 5.1822475442
76147596 -842845802
#r 0 3.6819902735
76147596 -842845802
#r 0 5.1601114644
137093106 -178832048
#r 0 5.5088878727
172838729 -213792747
#r 0 2.8531771456
148871335 -206681909
#r 0 5.9018710040
160473538 -211333667
#r 0 1.5817931583
160473538 -211333667
#r 0 5.9002911554
166320742 -213688760
#r 0 5.8907584203
169332382 -214935262
#r 0 5.4976249741
170636001 -216239304
#r 0 5.9062687927
172166485 -216845134
#r 0 5.5314439858
173308088 -217912367
#r 0 2.2889643316
172793933 -217323976
#r 0 1.4117738365
172793933 -217323976
#r 0 5.9416920761
173162064 -217454816
#r 0 1.1909929547
173162064 -217454816
#r 0 5.9002702273
173384816 -217544540
#r 0 2.8165288387
173271033 -217506193
#r 0 5.8724379476
173326074 -217530165
#r 0 5.8677247052
173353739 -217542369
#r 0 0.2369966156
173368880 -217538712
#r 0 5.9133858590
173376790 -217541778
#r 0 5.8773097246
173380688 -217543453
#r 0 5.8713285279
-671832205 450572368
#r 0 1.2329283189
-655258385 497745544
#r 0 1.3006285370
-641913728 545931850
#r 0 4.4525923383
-648335828 521770795
#r 0 1.1216899251
-642908819 533031237
#r 0 4.2847720898
-645500715 527344009
#r 0 4.3130654335
-646716261 524463542
#r 0 1.2175919772
-646175533 525930264
#r 1 -646276868 525650018
-468532303 -84888903
#r 0 1.0708645354
-444564019 -41008140
#r 0 1.4835653597
-440208000 8801750
#r 0 4.6120427686
-442712447 -16072489
#r 0 4.6606837741
-443358585 -28557930
#r 0 4.5723219875
-444231732 -34750894
#r 0 1.4792526641
-443945865 -31636882
#r 1 -443709497 -30909986
242220329 -192797614
#r 0 5.2104231932
266105303 -236723780
#r 0 5.2294674368
290822435 -280187137
#r 0 2.0679093600
278900185 -258213062
#r 0 5.1145376142
283792641 -269715839
#r 0 1.9761643729
281327910 -263972356
#r 0 1.9243001917
280246064 -261040559
#r 1 280241648 -261262315
474168597 127670696
#r 0 5.0647189588
491422877 80742135
#r 0 1.7366771161
487294850 105398968
#r 0 2.4889687366
487294850 105398968
#r 0 0.4177189205
487294850 105398968
#r 0 0.4626338044
487294850 105398968
#r 0 1.7264671877
485290762 118168687
#r 0 5.1997168160
488317173 112458053
#r 0 2.3561544681
486032245 114743164
#r 0 2.0774163078
485181924 116275468
#r 0 5.1580788618
485559642 115484849
#r 0 2.3204490427
485261123 115805510
#r 0 5.0102504859
485325410 115596103
#r 0 2.4683625993
485239781 115664394
#r 0 2.0494933212
485206911 115727733
#r 0 2.3415645360
485173886 115761739
#r 0 2.4334361696
485136819 115793481
#r 0 2.4104004114
485090338 115835177
#r 0 2.5077071206
485020504 115886510
#r 0 1.1171462444
485020504 115886510
#r 0 2.3273874532
484933364 115978820
#r 0 1.1497483965
595496296 -707793242
#r 0 2.2528641080
563976320 -668979699
#r 0 3.5769263584
518639852 -690065349
#r 0 1.3095462824
531554271 -641761956
#r 0 3.5556634107
485779742 -661878926
#r 0 1.4292966774
492831139 -612378645
#r 0 3.6883324222
450119936 -638373896
#r 0 1.9533187122
431456849 -591987592
#r 0 0.6733956847
470542273 -560805391
#r 0 0.5830311318
512282157 -533277549
#r 0 0.5741187216
554265719 -506122798
#r 0 0.6678184649
593524444 -475159069
#r 0 3.8261900420
574157601 -490968098
#r 0 3.7611578925
563978099 -498228657
#r 0 0.5803519143
569206256 -494800703
#r 1 569439831 -494256712
677928845 -196320030
#r 0 1.0991791123
700645222 -151778295
#r 0 3.6876128567
679280274 -164760550
#r 0 2.8842237308
679280274 -164760550
#r 0 2.8971075015
679280274 -164760550
#r 0 2.9344021357
679280274 -164760550
#r 0 2.8970926702
679280274 -164760550
#r 0 2.9214635249
679280274 -164760550
#r 0 1.0802295710
685169347 -153734726
#r 0 4.9182570572
685169347 -153734726
#r 0 4.9150381039
685169347 -153734726
#r 0 2.5716715694
685169347 -153734726
#r 0 1.0565233415
689005948 -146944066
#r 0 3.0340547241
689005948 -146944066
#r 0 6.0421371354
689005948 -146944066
#r 0 3.0200948829
689005948 -146944066
#r 0 3.6965036690
685691357 -148998724
#r 0 2.4990715358
685691357 -148998724
#r 0 3.0741612841
683314430 -148838201
#r 0 3.9810254877
683314430 -148838201
#r 0 1.0024571948
683314430 -148838201
#r 0 1.0209811531
134234208 -184258840
#r 0 1.4780342585
138865663 -134473806
#r 0 1.5183798542
141485287 -84542477
#r 0 1.7783600724
131181459 -35615683
#r 0 2.8952924371
82690403 -23424808
#r 0 1.9441465995
64453556 23130722
#r 0 0.6642923514
103821218 53955828
#r 0 3.6353616727
81807399 42107127
#r 0 2.1318196375
81807399 42107127
#r 0 2.0192544504
81807399 42107127
#r 0 5.2401811495
81807399 42107127
#r 0 5.2630177865
81807399 42107127
#r 0 1.4604709725
81807399 42107127
#r 0 2.6408802529
81807399 42107127
#r 0 5.2289707720
81807399 42107127
#r 0 2.2888485688
81807399 42107127
#r 0 0.8080716990
90443571 51144080
#r 0 2.7312850117
90443571 51144080
#r 0 0.6478132240
95893813 55268603
#r 0 1.5117778219
95893813 55268603
#r 0 2.7596149755
95893813 55268603
#r 0 2.1217931627
-222667336 -46611794
#r 0 2.5436602124
-263992400 -18465052
#r 0 2.4888451831
-303713303 11903515
#r 0 3.2103595170
-353595128 8467881
#r 0 5.1326691619
-333194315 -37180852
#r 0 5.1122801365
-313728411 -83236021
#r 0 5.1298616290
-293455838 -128941850
#r 0 2.1215396596
-306538858 -107638456
#r 0 5.1967363168
-300718472 -118700694
#r 0 5.2529010314
-297488236 -124083291
#r 0 5.2209531060
-295951033 -126840728
#r 0 5.2298139095
-295144266 -128258228
#r 0 5.2036277875
-294714631 -129061313
#r 0 2.3116869376
-295021996 -128725293
#r 0 1.9667866671
-295115110 -128502573
#r 0 5.2584340447
-295052429 -128605721
#r 0 5.2231284315
-295022273 -128659540
#r 0 5.2884776536
-295004364 -128687110
#r 0 5.2092992336
-294994340 -128705595
#r 0 5.2173614546
-294986127 -128720452
#r 0 5.2047613044
-294977572 -128736399
#r 0 5.1881998757
219528894 970092025
#r 0 4.7200726755
219913075 920093501
#r 0 4.7880817080
223694098 870236667
#r 0 4.0979970871
194871011 829380460
#r 0 5.0138735091
209717916 781635624
#r 0 5.0568335152
226601611 734572466
#r 0 5.0819988322
244664194 687949048
#r 0 1.9334377374
235795567 711323124
#r 0 1.9421730734
231259113 722971547
#r 0 2.3043761617
227074216 727614287
#r 0 5.4298307704
229128931 725259453
#r 0 5.4934369889
230229338 724149430
#r 1 230459050 723834437
-384209398 -106897359
#r 0 1.8174470480
-396417269 -58410578
#r 0 1.8414098466
-409783403 -10230225
#r 0 2.0350601357
-432171636 34477347
#r 0 5.1930478736
-420612549 12310086
#r 0 5.1517509555
-415294094 994256
#r 0 1.9146839261
-417401845 6879906
#r 0 5.0114085613
-416481025 3892774
#r 1 -416110925 3036940
615373946 -411111791
#r 0 1.2942285078
629026722 -363011877
#r 0 0.0746357405
678887524 -359283554
#r 0 0.0624993978
728789901 -356160618
#r 0 3.0088641859
704009789 -352852141
#r 0 6.1247452534
716353221 -354824366
#r 0 6.2223714107
722595790 -355204470
#r 0 6.0810649504
725665733 -355833558
#r 1 726436656 -356029720
326662212 790338362
#r 0 3.0474057958
276883827 795040745
#r 0 3.0773576373
226986945 798250288
#r 0 5.4119842916
259182351 759995146
#r 0 5.4870954977
294157670 724263828
#r 0 2.8267844240
270386276 732004681
#r 0 4.8131611125
270386276 732004681
#r 0 3.4510271302
256027474 727414114
#r 0 5.7006435341
256027474 727414114
#r 0 2.8284538677
240456655 732455818
#r 0 4.8942274135
240456655 732455818
#r 0 4.5642804312
240456655 732455818
#r 0 4.1541132664
240456655 732455818
#r 0 5.5560065764
246570053 727015814
#r 0 4.9433282458
247653376 722408562
#r 0 5.7303984090
247653376 722408562
#r 0 3.7221175827
247653376 722408562
#r 0 5.2555337157
250174496 718232533
#r 0 4.1833480348
250174496 718232533
#r 0 2.8144291471
250174496 718232533
#r 0 4.1846472759
250174496 718232533
#r 0 4.2655941715
340630368 -61653550
#r 0 5.9713945359
388219656 -76991728
#r 0 4.5413440237
379709049 -126262100
#r 0 2.0727209831
355653364 -82429190
#r 0 2.6808590479
310867035 -60198923
#r 0 5.9841197599
334757341 -67564607
#r 0 2.0325217364
334757341 -67564607
#r 0 0.0494112995
347563544 -66931320
#r 0 1.5475864989
347563544 -66931320
#r 0 1.5742282936
347563544 -66931320
#r 0 2.3964604636
347563544 -66931320
#r 0 4.4821305589
347563544 -66931320
#r 0 4.6547757270
347563544 -66931320
#r 0 0.6020033373
354768004 -61981266
#r 0 4.6354333417
354768004 -61981266
#r 0 2.0381171053
354768004 -61981266
#r 0 2.4914848633
354768004 -61981266
#r 0 1.9815054417
354768004 -61981266
#r 0 5.9663204141
354768004 -61981266
#r 0 3.1304254518
350397715 -61932460
#r 0 1.6503245937
350397715 -61932460
#r 0 3.2899106632
-936931568 -253662529
#r 0 0.4911049661
-892840953 -230082502
#r 0 0.5070470794
-849131841 -205802603
#r 0 0.4907141597
-805032014 -182239808
#r 0 0.5677516161
-762876407 -155352920
#r 0 3.7247058815
-783745218 -169118554
#r 0 3.6910788435
-794407645 -175648208
#r 0 3.6139975849
-799974483 -178492835
#r 0 0.4846874286
-797208743 -177036443
#r 1 -797370488 -177097356
-55698254 -527054964
#r 0 2.5881795897
-98235034 -500775269
#r 0 1.4410803156
-91767407 -451195336
#r 0 1.2059288169
-73926131 -404486784
#r 0 1.4912748906
-69954248 -354644792
#r 0 0.3361406992
-22752515 -338152480
#r 0 2.5346232398
-63821534 -309633439
#r 0 2.5026585878
-103958128 -279816433
#r 0 1.7304726820
-111908062 -230452493
#r 0 0.2402186080
-63343763 -218556745
#r 0 2.1891827717
-92329821 -177815999
#r 0 1.0241522383
-66338656 -135102308
#r 0 6.2116500379
-16466534 -138676022
#r 0 2.6178455275
-38115314 -126172811
#r 0 3.2130180137
-52878697 -127229088
#r 0 1.0894923698
-52878697 -127229088
#r 0 2.0250452090
-52878697 -127229088
#r 0 2.2654137104
-52878697 -127229088
#r 0 3.2237351333
-60649171 -127868813
#r 0 1.9815020288
-60649171 -127868813
#r 0 5.7665929193
-57259500 -129794302
#r 0 1.4731794485
-176767589 -188188183
#r 0 2.8052313334
-223965683 -171685458
#r 0 2.7959785618
-271009063 -154746732
#r 0 2.7562238192
-317342056 -135951685
#r 0 5.8981137516
-294172767 -145342321
#r 0 5.9233477149
-282473341 -149743849
#r 0 2.6498084075
-287982664 -146792603
#r 0 5.7973669405
-285219249 -148251766
#r 0 5.8157692797
-283824301 -148955824
#r 1 -283464193 -149190310
133207554 429148051
#r 0 3.1980631234
83287256 426326028
#r 0 0.1077976017
108142142 429015752
#r 0 6.2520236276
120668937 428625270
#r 0 3.1356610847
114402608 428662440
#r 0 6.2443882880
117533469 428540911
#r 0 3.1233820639
115967120 428569438
#r 1 116415519 428559275
420725815 -425022251
#r 0 1.8636983416
406289222 -377151751
#r 0 3.0649536647
356435989 -373323552
#r 0 2.9616456305
307243330 -364374679
#r 0 6.0770365721
331713992 -369491972
#r 0 2.3641269977
322805323 -360723529
#r 0 5.5035434486
327250106 -365117433
#r 0 5.4916277127
329446172 -367340720
#r 1 330110025 -367875843
-984543034 144270826
#r 0 5.5507611469
-947365253 110837121
#r 0 0.2555054924
-898988470 123473847
#r 0 0.2736469111
-850848883 136986069
#r 0 1.4887030742
-846748829 186817681
#r 0 5.9220006016
-799974888 169148544
#r 0 5.8288137071
-755048038 147203656
#r 0 2.6270487717
-776810969 159507102
#r 0 5.7814824613
-765851409 153495612
#r 0 2.6363632531
-771320555 156520663
#r 0 5.7828436449
-768578622 155021522
#r 1 -769211731 155369004
366737756 485628537
#r 0 5.3340562933
395857323 444983109
#r 0 5.6280417714
435505347 414519456
#r 0 4.2755767128
414352687 369214214
#r 0 1.1344512191
424918433 391871773
#r 0 1.0837898420
430768215 402918496
#r 0 1.1750467598
433183539 408699661
#r 0 1.1903124615
434347012 411608532
#r 0 1.2432352917
434850997 413091705
#r 1 435006715 413538667
-649282821 -270779598
#r 0 0.8008155603
-614476749 -234883395
#r 0 1.1782321183
-595348808 -188686838
#r 0 2.3012199735
-628708071 -151442247
#r 0 1.6495548388
-632641927 -101597239
#r 0 0.8062816216
-598032585 -65511321
#r 0 0.9512733331
-569000242 -24803545
#r 0 3.2251675741
-618825724 -28977428
#r 0 3.1622401980
-668815066 -30009732
#r 0 0.3866620250
-645660743 -20582258
#r 0 3.2543169705
-658081409 -21988330
#r 0 3.2312105656
-664754415 -22587957
#r 0 1.5568078022
-664754415 -22587957
#r 0 2.6190444362
-668419922 -20476807
#r 0 2.5566375750
-672397310 -17842688
#r 0 0.5177339490
-672397310 -17842688
#r 0 3.3189436490
-672397310 -17842688
#r 0 0.5195958367
-672397310 -17842688
#r 0 2.5968716554
-677821201 -14556541
#r 0 3.3750761858
-677821201 -14556541
#r 0 5.4457872922
-675698635 -16912183
#r 0 3.3324559630
411724544 245564399
#r 0 3.0505587448
361931580 250109810
#r 0 2.9070268733
313300812 261730844
#r 0 6.0568524638
337663209 256120709
#r 0 6.0439250061
349807951 253158207
#r 0 6.0217680614
355846090 251542765
#r 0 2.9697263133
352766882 252077250
#r 0 6.1468159585
354315000 251864816
#r 1 353757437 251912637
795592083 -315379132
#r 0 0.5313005894
838699525 -290046378
#r 0 0.5192100064
882110097 -265236657
#r 0 0.5086906702
925779244 -240884951
#r 0 0.5430239168
968586747 -215048587
#r 0 0.3376203451
977269584 -212000376
#r 0 3.4984840436
972958341 -213607857
#r 0 0.2775966953
975170854 -212977392
#r 0 3.3773936838
974052392 -213246126
#r 1 974032619 -213264395
-521849662 466816098
#r 0 2.7538846789
-568138564 485719473
#r 0 5.8930931160
-545016714 476212631
#r 0 2.7629844524
-556631463 480832976
#r 0 5.8348417197
-550999174 478123768
#r 0 2.6866971031
-553806382 479496794
#r 1 -553020516 479176005
-558514126 -706353026
#r 0 1.9179637559
-575525906 -659336015
#r 0 0.4011654021
-529495579 -639811441
#r 0 1.0396738482
-504170504 -596699487
#r 0 1.1938351567
-485765669 -550210111
#r 0 2.0849913563
-510357375 -506675665
#r 0 1.6648948319
-515055360 -456896865
#r 0 1.4562322777
-509339680 -407224629
#r 0 1.0808275769
-485809764 -363107251
#r 0 1.5296380447
-483752431 -313149595
#r 0 5.1789429255
-472507151 -335477687
#r 0 2.2680391613
-480533482 -325894993
#r 0 5.1960668014
-477626993 -331428059
#r 0 5.4928824216
-475330413 -333747279
#r 0 1.4919979510
-475330413 -333747279
#r 0 1.0802466847
-475330413 -333747279
#r 0 1.6036564937
-475330413 -333747279
#r 0 1.3571540395
-475330413 -333747279
#r 0 2.3664926217
-476496199 -332605260
#r 0 1.5059385704
-476496199 -332605260
#r 0 2.3920283073
-477093619 -332049191
#r 0 2.3985941323
-218018041 -776753981
#r 0 5.1381706355
-197366402 -822289789
#r 0 5.1201389685
-177539163 -868190558
#r 0 5.1389045983
-156854108 -913711196
#r 0 5.2047988865
-133216565 -957771003
#r 0 4.9388801638
-125301295 -992118735
#r 0 1.8271993354
-129770785 -975070914
#r 0 1.7833760906
-131631621 -966449582
#r 0 4.9237851158
-130706306 -970761346
#r 0 1.7684157941
-131139220 -968599296
#r 1 -131313167 -968150635
517252615 315449462
#r 0 2.5868552101
474750677 341785469
#r 0 3.1589442686
424758204 340917932
#r 0 3.3171498623
375526735 332185092
#r 0 0.4575342891
397955346 343228526
#r 0 0.4775837362
409901407 349411133
#r 0 2.3359494527
409901407 349411133
#r 0 3.3634442112
403340673 347931265
#r 0 0.5044057941
406284661 349556455
#r 0 0.8996839123
407410119 350973789
#r 0 0.9300799930
408289085 352152568
#r 0 0.4595335147
409714324 352857873
#r 0 0.4938938317
411233973 353676052
#r 0 2.3729201929
411233973 353676052
#r 0 0.4693459077
413226509 354686553
#r 0 2.3821846520
413226509 354686553
#r 0 3.2642460458
412117839 354549885
#r 0 6.0744200534
412664242 354434128
#r 0 5.4329340358
412867567 354202559
#r 0 6.0510815541
413160772 354133256
#r 0 0.9235796130
413160772 354133256
#r 0 2.4026996374
-836634468 79323631
#r 0 2.1547379532
-864200303 121038434
#r 0 5.2854547375
-850645039 100032368
#r 0 5.3264617830
-843441675 89814809
#r 0 5.2655033249
-840156696 84494130
#r 1 -840315733 85236806
-478957491 -425697431
#r 0 1.5370742364
-477271706 -375725858
#r 0 2.3198702987
-511319751 -339109869
#r 0 1.4165735079
-503639142 -289703308
#r 0 0.2073372615
-454710016 -279410562
#r 0 2.0015969390
-475589936 -233978977
#r 0 1.4817560919
-471143805 -184177050
#r 0 1.8162059433
-483291489 -135675156
#r 0 0.8035089058
-448582224 -99685339
#r 0 1.4261656872
-441375877 -50207379
#r 0 1.5823465038
-441953373 -210714
#r 0 1.6510378611
-445961146 49628405
#r 0 1.5872289789
-446782742 99621654
#r 0 1.5711101114
-446798431 149621652
#r 0 4.7481206169
-445905330 124637610
#r 0 4.6419220580
-446786541 112153002
#r 0 1.6031765773
-446989136 118407556
#r 0 4.7858169454
-446759592 115287070
#r 1 -446823147 114761641
744680137 283363242
#r 0 5.9096926879
791233071 265119768
#r 0 5.8746900219
837119050 245258324
#r 0 2.6854546832
814675041 256270430
#r 0 5.8438087393
825987754 250953238
#r 0 2.7841068039
820132882 253140239
#r 0 5.9668715193
823102845 252168160
#r 0 2.8494126193
821606567 252618223
#r 1 821716018 252545542
787479252 -388621533
#r 0 2.2735169451
755164445 -350467199
#r 0 2.3210782465
721072194 -313892365
#r 0 2.1751843316
692659264 -272749864
#r 0 2.2939798693
659570527 -235264727
#r 0 2.3445034742
624630935 -199498474
#r 0 0.9339114464
654365631 -159300864
#r 0 2.8603876671
606329544 -145425189
#r 0 2.8953471723
557837820 -133236968
#r 0 5.9601743537
581544919 -141172549
#r 0 2.9039896941
569396108 -138230379
#r 0 2.5931940396
564023864 -134948454
#r 0 5.7095432949
566667711 -136656693
#r 1 566497435 -136487015
734374273 161323653
#r 0 4.8292865375
740205848 111664890
#r 0 1.7864722300
734855655 136085689
#r 0 4.8227679488
736232592 123661760
#r 0 4.8238447285
736935407 117382114
#r 0 4.8514213494
737391804 114120625
#r 0 4.8528297775
737653209 112271561
#r 0 2.0823236843
737196142 113085767
#r 0 4.8577616408
737263772 112623829
#r 0 4.8352770121
737295956 112363248
#r 0 2.7946313738
737295956 112363248
#r 0 4.8475523031
737320806 112180515
#r 0 4.8361773943
737342083 112009511
#r 0 4.8309369163
737366138 111807550
#r 0 4.8466833500
737402666 111537190
#r 0 2.0874870838
737335280 111655791
#r 0 4.8197018284
737342585 111587980
#r 0 2.9048625842
737342585 111587980
#r 0 4.8052218083
737346231 111548813
#r 0 4.8315326607
737349655 111520208
#r 0 4.8355639522
737353075 111492587
#r 0 4.8147470843
-835925574 -325109799
#r 0 1.3720245848
-826052304 -276094306
#r 0 1.5645962116
-825742300 -226095267
#r 0 1.3583281556
-815198639 -177219596
#r 0 1.3127241565
-802437787 -128875407
#r 0 1.3450156028
-791244420 -80144426
#r 0 1.3461846415
-780108029 -31400393
#r 0 4.5446106305
-784282837 -56049347
#r 0 1.3901038177
-782036452 -43752855
#r 0 1.4277494778
-781145307 -37565660
#r 1 -781124479 -37651737
191098699 -491490599
#r 0 1.5692264847
191177191 -441490661
#r 0 4.6171437222
188799658 -466377350
#r 0 1.6023118011
188405780 -453883558
#r 0 1.7486086710
187282701 -447634171
#r 0 1.7083605455
186783963 -444031574
#r 0 4.5982146548
186576790 -445838211
#r 0 4.6190833797
186486894 -446798869
#r 0 1.7046757436
186422500 -446320759
#r 0 1.8327893054
186356892 -446076096
#r 0 1.8459711798
186312881 -445920215
#r 0 1.2261586029
186359565 -445790163
#r 0 2.1059311047
186359565 -445790163
#r 0 2.3523830770
186359565 -445790163
#r 0 4.5598971258
186349070 -445858449
#r 0 2.0232546144
186333969 -445827382
#r 0 2.3753318203
186317696 -445811721
#r 0 2.0017674157
186307860 -445790328
#r 0 0.6682976410
186307860 -445790328
#r 0 1.6002780272
186307098 -445764487
#r 0 0.6638202470
186307098 -445764487
#r 0 2.0933945772
76967052 -918743877
#r 0 5.8162994767
121615768 -941249257
#r 0 5.6556862540
162090688 -970605361
#r 0 2.5041514064
142000159 -955726833
#r 0 2.5071771385
131931436 -948317265
#r 0 2.6181547133
126516201 -945191939
#r 1 126109158 -944615325
-458212991 -390070259
#r 0 1.2470614447
-442307509 -342667562
#r 0 1.1230900581
-420662559 -297595441
#r 0 1.1186621496
-398818246 -252619603
#r 0 1.0649861425
-374592429 -208880492
#r 0 1.1280099148
-353169488 -163702427
#r 0 0.5524390048
-310607130 -137464178
#r 0 0.9423022731
-281210768 -97018487
#r 0 1.7974502508
-292446683 -48297298
#r 0 1.1490461281
-271978787 -2678604
#r 0 1.1574589113
-251895391 43110666
#r 0 1.1636292644
-232094912 89022985
#r 0 1.1233195187
-210460304 134100072
#r 0 1.1501540731
-190042964 179741415
#r 0 4.1543520823
-203281012 158534010
#r 0 0.9891276944
-196413276 168978347
#r 0 1.0182087145
-193130873 174301124
#r 0 1.0552094901
-191588737 177022300
#r 0 1.1098899161
-190893182 178422997
#r 1 -190946698 178268549
-561441965 -303326039
#r 0 0.8223320721
-527416252 -266689298
#r 0 1.0227616613
-501365716 -224011791
#r 0 1.7596725862
-510753479 -174900999
#r 0 1.3373473240
-499186762 -126257283
#r 0 0.6869513574
-460527612 -94548134
#r 0 0.6848977382
-421803425 -62918443
#r 0 0.6927143329
-383327655 -30987030
#r 0 0.9839439351
-355640515 10647358
#r 0 1.0125504135
-329155554 53056636
#r 0 0.5893883618
-287591513 80849270
#r 0 2.1671175503
-315671635 122219631
#r 0 0.4280318544
-270182412 142973682
#r 0 1.9767275500
-289926136 188910436
#r 0 0.3431731117
-242841550 205734280
#r 0 2.6528325341
-286987335 229210857
#r 0 0.8547851407
-254168304 266932352
#r 0 2.0386249032
-276715766 311559832
#r 0 1.6294404532
-279646292 361473878
#r 0 1.9888448428
-299945182 407168025
#r 0 2.0013025326
-320811726 452605756
#r 0 2.0029463628
-143029320 -288205830
#r 0 1.8363009340
-156149131 -239957819
#r 0 0.8011004675
-121353288 -204051701
#r 0 0.7424693857
-84513226 -170246230
#r 0 1.3748466518
-74778320 -121203069
#r 0 1.4427432293
-68393149 -71612449
#r 0 0.9991033273
-41340318 -29563140
#r 0 2.0893990546
-66123672 13862490
#r 0 1.4034714012
-57796410 63164181
#r 0 0.5321880038
-14711465 88535179
#r 0 2.2711915310
-46937460 126764556
#r 0 1.3810885985
-37508866 175867526
#r 0 1.5068574587
-34314100 225765356
#r 0 1.2665760942
-19336635 273469397
#r 0 4.4960732463
-24702452 249052027
#r 0 1.4161279674
-22776797 261402809
#r 1 -22416712 261170220
-217724255 370576245
#r 0 2.3180785892
-251706640 407253179
#r 0 2.2854926217
-284476043 445017795
#r 0 1.5611200147
-283992235 495015454
#r 0 2.8546904023
-331948489 509164577
#r 0 2.9914227912
-381385773 516644881
#r 0 0.1264769258
-356585463 519798381
#r 0 5.5337701312
-356585463 519798381
#r 0 5.5649731921
-356585463 519798381
#r 0 5.5567259524
-356585463 519798381
#r 0 5.5609016544
-356585463 519798381
#r 0 5.5519317859
-356585463 519798381
#r 0 5.5017653568
-356585463 519798381
#r 0 5.5384150002
-356585463 519798381
#r 0 5.5446793401
-356585463 519798381
#r 0 5.5508040376
-356585463 519798381
#r 0 5.5568565326
-356585463 519798381
#r 0 5.5605865934
-356585463 519798381
#r 0 5.5440027920
-356585463 519798381
#r 0 5.5657561552
-356585463 519798381
#r 0 5.5274909779
-356585463 519798381
#r 0 5.5469910090
231282029 -813119927
#r 0 1.3365492873
242887562 -764485458
#r 0 1.5987119350
241491963 -714504939
#r 0 1.3652180991
251698625 -665557783
#r 0 1.3581517620
262250907 -616683973
#r 0 1.6804918353
256777125 -566984499
#r 0 1.7942869108
245695388 -518228011
#r 0 2.0262392763
223702380 -473324697
#r 0 0.6751399234
262733355 -442074370
#r 0 1.8400715682
249431712 -393876172
#r 0 0.6030826080
290611268 -365516973
#r 0 1.3019772173
303890925 -317312713
#r 0 1.9098325437
287262009 -270158931
#r 0 1.5153886730
290030974 -220235662
#r 0 1.7300665721
282101087 -170868498
#r 0 2.1914174250
253024060 -130192627
#r 0 1.5297766120
255074471 -80234687
#r 0 1.7713777456
245112515 -31237142
#r 0 1.0657203055
269306214 12519743
#r 0 0.8858868802
300936358 51243560
#r 0 2.1317300696
274337504 93581498
#r 0 1.4769509606
-173650117 941397434
#r 0 3.5975034634
-218543136 919383420
#r 0 3.3584444039
-267372119 908625611
#r 0 3.7325954233
-308891237 880765912
#r 0 3.1784980978
-358857191 878921059
#r 0 3.2401695789
-408614452 874000191
#r 0 3.2576655632
-458278007 868209569
#r 0 2.7017529219
-478856200 877893353
#r 0 5.8461713630
-468553463 873080555
#r 0 5.8190826596
-463469122 870535492
#r 1 -462980619 870495760
-974261600 -135035256
#r 0 0.6269575098
-933770788 -105701075
#r 0 1.1240285761
-912168148 -60608659
#r 0 0.4337008930
-866797311 -39597063
#r 0 0.3828261077
-820416678 -20919888
#r 0 1.5121275806
-817484923 28994086
#r 0 6.2456338086
-767520172 27116952
#r 0 1.2507096132
-751787728 74577359
#r 0 1.2375078451
-735430112 121825940
#r 0 0.5275699585
-692228463 146997700
#r 0 1.5115906912
-689269910 196910093
#r 0 0.7347702996
-652170672 230430930
#r 0 0.7545975569
-615743308 264680706
#r 0 0.7660624796
-579711001 299345859
#r 0 2.4288156089
-617538440 332042722
#r 0 0.3592414692
-570730252 349620933
#r 0 2.5796589290
-613041570 376262111
#r 0 2.5556944227
-654702357 403909512
#r 0 0.4769792909
-610283068 426864398
#r 0 1.8097989586
-622119754 475443126
#r 0 1.7905469428
-633019066 524240718
#r 0 1.8158977585
-219071864 876570219
#r 0 3.4796994290
-266241081 859985137
#r 0 5.7007360022
-224485188 832481585
#r 0 4.5259862180
-233751447 783347722
#r 0 5.9152312824
-187098185 765362364
#r 0 4.2168868284
-210871858 721375861
#r 0 4.1203748403
-238773534 679884941
#r 0 4.2981784016
-258896904 634113225
#r 0 4.2999644349
-278938492 588305641
#r 0 4.2850780330
-299659744 542801469
#r 0 3.7124442796
-341731799 515784027
#r 0 3.7768545806
-381977614 486114609
#r 0 0.6329501842
-361820467 500902759
#r 0 0.6520925871
-351885218 508488437
#r 0 0.6156168395
-346781507 512098356
#r 1 -347545482 511519114
841216372 -245702053
#r 0 2.3992490469
804372059 -211901216
#r 0 1.8651784440
789864629 -164052136
#r 0 1.8317966245
776962274 -115745519
#r 0 1.8276990852
764257965 -67386440
#r 0 1.8419867294
750864039 -19213805
#r 0 5.0377953417
758856385 -42901827
#r 0 1.9121415568
754671948 -31123013
#r 1 754663057 -30699781
-554460271 622376857
#r 0 2.9190813358
-603227587 633410843
#r 0 2.9700651846
-652493847 641945223
#r 0 2.9855124816
-701886057 649717585
#r 0 6.1113542740
-677254224 645442917
#r 0 6.1390006662
-664880864 643646402
#r 0 6.1785820468
-658663392 642993652
#r 0 2.9805773604
-661748781 643494785
#r 0 6.1121229847
-660208682 643228732
#r 1 -660262144 643241942
-710372218 -603481641
#r 0 1.4130967549
-702519881 -554102082
#r 0 1.7000506360
-708964616 -504519168
#r 0 1.1875696412
-690268864 -458146020
#r 0 1.6994825782
-696685432 -408559453
#r 0 0.7259530538
-659292078 -375367028
#r 0 1.1867046342
-640556220 -329010069
#r 0 1.4471125956
-634387789 -279392023
#r 0 1.0769233619
-610685809 -235366847
#r 0 1.8408461888
-624024784 -187178967
#r 0 0.8384315133
-590593286 -149999202
#r 0 0.4774545890
-546184913 -127023206
#r 0 1.9873507946
-566415511 -81298783
#r 0 0.4822773826
-522118462 -58108883
#r 0 1.2180431625
-504844324 -11187628
#r 0 0.8338677691
-471243495 25839177
#r 0 0.4410202984
-426027665 47182295
#r 0 0.4391068796
-380771079 68438857
#r 0 2.3679664369
-416540160 103375555
#r 0 1.0307900888
-390833093 146260829
#r 0 1.3184873185
-378351067 194677758
#r 0 1.0290619848
57367412 137137296
#r 0 1.0462831532
82406996 180415688
#r 0 0.9886999416
109895810 222181285
#r 0 1.9194321926
92815007 269173265
#r 0 0.7485794314
129447829 303203198
#r 0 0.5111410784
173057174 327661838
#r 0 0.6559371905
212681008 358156949
#r 0 3.8144652756
193130144 342576073
#r 0 3.7614788658
182952920 335312209
#r 0 3.8019718592
178013702 331475856
#r 0 0.7147420876
180375436 333525388
#r 0 0.5713311211
181694520 334373359
#r 1 182014975 334567786
350298717 99524416
#r 0 2.2731795700
317996784 137689650
#r 0 2.2716263955
285754167 175905009
#r 0 2.2434947717
254599226 215012165
#r 0 0.8086668097
289122398 251180530
#r 0 0.8213817894
323182911 287784921
#r 0 1.6854042974
317465049 337456906
#r 0 0.6531765323
357172919 367842513
#r 0 0.6642054119
396543261 398664196
#r 0 2.5149781648
356042389 427984486
#r 0 2.5814527574
313683349 454549722
#r 0 2.5737151414
271531127 481441918
#r 0 5.7331542401
292843834 468374075
#r 0 5.6486894648
302914172 460962071
#r 0 2.5166877692
297843692 464619610
#r 0 2.4874388756
295362789 466521915
#r 1 296076116 465923713
124361302 -505132095
#r 0 2.3243546828
90149400 -468669159
#r 0 2.3352202442
55543335 -432580099
#r 0 1.6273685546
52716232 -382660088
#r 0 1.9017101164
36470863 -335372796
#r 0 1.9037885636
20127245 -288119371
#r 0 1.9192020733
3057256 -241123462
#r 0 0.9407010804
32518342 -200724892
#r 0 1.9865502083
12324357 -154984287
#r 0 1.6156131123
10084268 -105034492
#r 0 0.8737761400
42181055 -66696570
#r 0 0.8717802305
74354297 -28422787
#r 0 1.7185842838
66991769 21032174
#r 0 1.7399842167
58572674 70318266
#r 0 0.5674252412
100737054 97191395
#r 0 2.7194317813
55126769 117678023
#r 0 0.6750408553
94160840 148924484
#r 0 0.6502278013
133958136 179192871
#r 0 1.9002037999
117784015 226504580
#r 0 0.4189470066
163459905 246844518
#r 0 2.1189749045
137403227 289518275
#r 0 0.4256147923
-544744435 413022941
#r 0 1.4455750685
-538499722 462631444
#r 0 0.4201067968
-492847453 483024342
#r 0 3.0599991524
-517764279 485061917
#r 0 0.3811223533
-506161183 489711448
#r 0 3.0664864913
-512393562 490180420
#r 0 0.3540969645
-509462438 491263993
#r 0 0.1252468811
-507652673 491491853
#r 0 3.0735730421
-508562590 491553841
#r 0 0.3516777085
-508134487 491710925
#r 0 0.5782865425
-507912878 491855574
#r 0 3.1093721479
-508045128 491859837
#r 0 0.3428023174
-507982818 491882075
#r 0 0.5686393775
-507951307 491902212
#r 0 0.3761513755
-507923204 491913311
#r 0 0.6010923975
-507899018 491929896
#r 0 0.3586059264
-507863622 491943163
#r 0 0.3056012393
-507815706 491958280
#r 0 0.3255176325
-507748724 491980888
#r 0 3.1309326772
-507784069 491981265
#r 0 0.1319799592
-507766550 491983591
#r 0 1.5483459803
-119196968 -904270036
#r 0 1.5017256137
-115746178 -854389258
#r 0 1.1406943001
-94898001 -808943097
#r 0 1.8463150995
-108500310 -760828887
#r 0 1.0098608214
-81901381 -718490996
#r 0 1.5262348436
-79674044 -668540631
#r 0 1.8643777117
-94143155 -620679950
#r 0 1.7303717033
-102088105 -571315208
#r 0 1.7655141397
-111762589 -522260093
#r 0 2.1740432125
-140128552 -481085196
#r 0 0.9569380124
-111327270 -440213615
#r 0 1.7066559977
-118099376 -390674352
#r 0 1.7566581373
-127339054 -341535484
#r 0 1.4448208870
-121056929 -291931705
#r 0 0.8622484713
-88520337 -253966323
#r 0 1.5006903623
-85017909 -204089144
#r 0 0.7652060089
-48955925 -169454864
#r 0 1.5390920958
-47370979 -119479991
#r 0 2.0311655341
-69584924 -74685565
#r 0 0.6728430166
-30482273 -43524970
#r 0 1.9470659667
-48854955 2977122
#r 0 0.6135549977
-804414631 -463783652
#r 0 1.5613921288
-803944428 -413785863
#r 0 1.3424741109
-792627248 -365083487
#r 0 1.6003049720
-794102466 -315105254
#r 0 0.5365412433
-751128375 -289546938
#r 0 0.8327511479
-717486222 -252557675
#r 0 1.7136470211
-724604489 -203066966
#r 0 1.6642529507
-729270521 -153285161
#r 0 1.0041966153
-702432210 -111098611
#r 0 1.3510899213
-691535055 -62300537
#r 0 1.7980737593
-702801345 -13586364
#r 0 1.7580745030
-712110613 35539368
#r 0 1.7639068401
-721706239 84609970
#r 0 0.8734018598
-689595105 122935876
#r 0 1.3019781358
-676315492 171140148
#r 0 0.5054972972
-632568803 195352278
#r 0 0.7934080732
-597497788 230989673
#r 0 0.8478771851
-564418964 268483558
#r 0 0.8145879091
-530110553 304855703
#r 0 2.5205366235
-570773774 333950419
#r 0 2.5372032858
-611916236 362363405
#r 0 0.6193413984
551441948 -761356956
#r 0 1.4891956681
555517455 -711523330
#r 0 2.1100860053
529841124 -668619647
#r 0 1.4657865612
535081968 -618895070
#r 0 1.5827196920
534485814 -568898624
#r 0 1.5509429246
535478419 -518908478
#r 0 2.1850706120
506660138 -478048881
#r 0 1.4051449961
514904877 -428733323
#r 0 1.5513929852
515874983 -378742735
#r 0 2.3467942717
480853549 -343056615
#r 0 1.3593032069
491349548 -294170687
#r 0 2.1219842056
465164570 -251575535
#r 0 1.3011506326
478484068 -203382268
#r 0 2.1435536377
451386499 -161361776
#r 0 1.4529099578
457267175 -111708804
#r 0 1.4743916982
462079943 -61940970
#r 0 1.4853345984
466347830 -12123452
#r 0 1.5165952493
469056557 37803122
#r 0 1.4706009520
474057948 87552354
#r 0 2.8348298101
426392143 102651064
#r 0 1.0155230069
452750922 145138883
#r 0 1.3940374227
27156741 -865736728
#r 0 1.0814906358
50657399 -821603758
#r 0 1.2285756222
67436391 -774503170
#r 0 1.6438228061
63788312 -724636432
#r 0 1.2123261440
81330416 -677814700
#r 0 2.2544132815
49750348 -639050034
#r 0 1.5689116638
49844581 -589050123
#r 0 1.6368869949
46542453 -539159283
#r 0 1.1791726538
