701687785 -541700890
#r 0 2.3788899073
665539216 -507156991
#r 0 2.4092761266
628357837 -473727288
#r 0 0.0436346238
678310245 -471546249
#r 0 3.2165961905
653380532 -473419580
#r 0 2.9834233300
641024426 -471448761
#r 0 3.3627575243
634746219 -472860371
#r 0 3.1815250558
631525322 -472989058
#r 0 3.5878234881
630058371 -473690869
#r 1 630645306 -473494786
-499127383 633119407
#r 0 4.0631567132
-529356135 593291998
#r 0 5.7271038093
-486889632 566898890
#r 0 4.6891376217
-488052095 516912405
#r 0 1.2530941122
-472432865 564410191
#r 0 4.1215882613
-500284175 522885445
#r 0 6.1815871438
-450542008 517814272
#r 0 3.7607556615
-491260233 488796585
#r 0 6.2190090627
-441363162 485589975
#r 0 4.8132160628
-436330345 435843912
#r 0 4.6285122308
-440519267 386019692
#r 0 5.4034139451
-408652900 347490033
#r 0 2.4277510847
-427549205 363858589
#r 0 5.4889496459
-418788828 354941988
#r 0 5.8686278246
-413031402 352408373
#r 0 2.7274951961
-415910697 353673856
#r 0 5.9966642313
-414402246 353229424
#r 1 -414098992 352882357
-483608482 -622730427
#r 0 0.5777166279
-441722891 -595424799
#r 0 3.7851165515
-461722549 -610425255
#r 0 0.3792382206
-450060553 -605777603
#r 0 0.4458852989
-433104033 -597672552
#r 0 0.3898610832
-407029801 -586958845
#r 0 0.3161376839
-366863309 -573820048
#r 0 3.3717070003
-387436717 -578639657
#r 0 0.4431801119
-377821868 -574075764
#r 0 3.4544522213
-382885070 -575713626
#r 0 0.3302628493
-380368104 -574850763
#r 0 3.5001726340
-381613867 -575317653
#r 1 -381844528 -575499875
-400050622 -282770132
#r 0 3.7836325457
-440094416 -312711651
#r 0 3.7780305349
-480305313 -342428376
#r 0 1.0291090726
-454526191 -299586377
#r 0 4.3160274468
-464177804 -322648171
#r 0 4.2534206237
-469831142 -334088364
#r 0 2.9677186228
-476424678 -332930225
#r 0 6.1557873909
-473104567 -333355503
#r 0 5.7695858017
-471643731 -334179552
#r 1 -472184577 -333750295
301295572 728310821
#r 0 2.9335810009
252373398 738636562
#r 0 3.0799939471
202468228 741714550
#r 0 4.0594694141
172092826 701998874
#r 0 4.5025111030
161675803 653096056
#r 0 2.5080627132
121378661 682695725
#r 0 2.3178969495
87402938 719378831
#r 0 5.9374280169
134443891 702433369
#r 0 2.7431489854
111402243 712132978
#r 0 2.5644577846
100897845 718972193
#r 0 4.1746370071
97440187 713174429
#r 0 2.5569230849
92520193 716430791
#r 0 2.5763317310
90026665 718012443
#r 0 2.6000019236
88759239 718774919
#r 0 2.3991434683
88212274 719276809
#r 0 2.6578349853
87851206 719466513
#r 0 2.6000674668
87655501 719584231
#r 0 2.4082966839
87534567 719693177
#r 0 2.4484045986
87403496 719802059
#r 0 2.4442374569
87241285 719937956
#r 0 2.5768589187
86995458 720093703
#r 0 3.1396668489
538670319 187274473
#r 0 5.4969851748
573997293 151890791
#r 0 5.8505800349
619391123 130928917
#r 0 5.9940817979
667316115 116674264
#r 0 0.1124878755
717000110 122286804
#r 0 3.1590577795
692003924 121850198
#r 0 3.4730324217
680078072 117746103
#r 0 3.2820105946
673737653 116849896
#r 0 3.0755297816
670532690 117061934
#r 1 670733579 116634896
-356518068 -65592954
#r 0 3.3539668306
-405394730 -76132020
#r 0 4.2005081514
-429885623 -119723259
#r 0 5.6451247086
-389723000 -149505196
#r 0 6.0057822599
-341634506 -163198141
#r 0 2.9719934080
-366275817 -158978457
#r 0 0.3784233580
-354526126 -154306948
#r 0 3.5401123811
-360352848 -156760286
#r 1 -360880584 -156895322
-276446552 932869643
#r 0 4.2201000104
-300078766 888806978
#r 0 4.3652769613
-317087941 841789024
#r 0 4.0177696634
-349092591 803374153
#r 0 4.2511268234
-371346527 758599580
#r 0 1.0516541948
-358943140 780305708
#r 0 4.1377079700
-365737728 769813636
#r 0 0.8161040453
-361456075 774366651
#r 0 4.0119384230
-363470331 771977427
#r 0 1.0342082152
-362671571 773320329
#r 1 -362424282 773270171
-550539604 -271667289
#r 0 4.4472838862
-563640139 -319920538
#r 0 0.6802122786
-524768178 -288472634
#r 0 4.8422468200
-518293519 -338051650
#r 0 2.2043097450
-547892522 -297754019
#r 0 1.0052912765
-521100407 -255538115
#r 0 0.9032757321
-490148374 -216270168
#r 0 1.0007024869
-463162821 -174177651
#r 0 0.8661783568
-430775680 -136084698
#r 0 3.9331585234
-448343983 -153871061
#r 0 3.9192793507
-457300138 -162690141
#r 0 4.6731377912
-457553185 -169133699
#r 0 1.6468636762
-457798210 -165918761
#r 1 -458056749 -165500469
-618319202 -169265767
#r 0 2.7164859850
-663868939 -148644869
#r 0 2.2208579228
-694130711 -108842543
#r 0 5.3448785812
-679351847 -129006499
#r 0 5.1731753097
-673791974 -140206245
#r 0 2.0652626582
-676758902 -134703159
#r 0 2.0001956667
-678061794 -131857760
#r 1 -678591996 -131015966
755102565 -188650360
#r 0 2.8479329198
707243017 -174177499
#r 0 2.7427187377
661168071 -154758454
#r 0 5.8429724074
683784594 -165411755
#r 0 2.7571951900
672196788 -160724247
#r 0 3.0615788597
665947411 -160223141
#r 0 2.3971969429
663277624 -157763780
#r 0 5.9438842411
665008860 -158374821
#r 0 5.8304712184
667380843 -159528570
#r 0 5.8876054047
670994786 -161037726
#r 0 1.5751435612
670969438 -155206967
#r 0 3.1928926823
666070081 -155458525
#r 0 1.5615317970
666093018 -152982758
#r 0 2.1730037916
664610221 -150825593
#r 0 5.7417318035
666849652 -152172402
#r 0 2.8685454274
663844064 -151330712
#r 0 0.9062806010
665184908 -149619069
#r 0 3.1020281182
661926009 -149490065
#r 0 5.7663770599
664239758 -150805041
#r 0 5.9749717456
666625032 -151564414
#r 0 0.7170918258
669007918 -149486691
#r 0 1.7908946994
380790345 -501424583
#r 0 3.4256832962
332794499 -515438816
#r 0 2.0282630326
310710663 -470580102
#r 0 3.4260266347
262719631 -484610813
#r 0 0.2693943461
286817938 -477957121
#r 0 1.8446934084
283436107 -465920349
#r 0 0.4672395648
295788088 -459688799
#r 0 0.3417925993
304490968 -456592705
#r 0 3.5573006097
300265730 -458457870
#r 0 3.3572650902
297997645 -458954762
#r 0 3.6569833386
296984721 -459528540
#r 0 6.2631434739
297588258 -459540638
#r 0 1.4329602355
297712348 -458646076
#r 0 1.8514037352
297409291 -457594569
#r 0 3.5863501037
296213909 -458164294
#r 0 2.1750842242
295764238 -457513022
#r 0 3.5993335691
294788286 -457993813
#r 0 4.8608541359
294933831 -458966932
#r 0 3.5903805827
294430001 -459209557
#r 0 3.5492615573
293768932 -459495048
#r 0 3.6252570405
292871051 -459966685
#r 0 1.6464146363
-579009961 358478730
#r 0 3.9211875118
-614569881 323329163
#r 0 3.3967334374
-662951270 310710081
#r 0 5.6425404650
-622865745 280824454
#r 0 4.9708541865
-610085893 232485284
#r 0 3.5092973231
-656743639 214511560
#r 0 3.4838797452
-703843113 197729441
#r 0 3.4499736623
-751484423 182553620
#r 0 3.4277864808
-799450689 168438474
#r 0 5.4884434162
-764427239 132754332
#r 0 5.8662538630
-718710445 112506498
#r 0 4.2788376056
-739715257 67132520
#r 0 4.1245943044
-767441616 25524239
#r 0 4.4485522750
-780480936 -22745587
#r 0 1.1686222856
-770695440 259717
#r 0 4.2901186682
-775818345 -11142293
#r 0 1.3835615182
-774654483 -4999047
#r 0 4.6808240174
-774753147 -8123751
#r 0 4.1186577939
-775648552 -9450329
#r 1 -775284503 -9065177
299350043 -849072587
#r 0 4.5344202523
290498505 -898282853
#r 0 1.0596369014
314957945 -854673957
#r 0 3.4808823104
267808379 -871314823
#r 0 0.2351878085
292120143 -865489183
#r 0 0.8912833957
300059917 -855660980
#r 0 4.0969876138
296413021 -860819327
#r 1 296502811 -860462199
547958642 -796389549
#r 0 2.6266696449
504442110 -771766157
#r 0 1.5723049381
504366679 -721766214
#r 0 1.2619719816
519563620 -674131636
#r 0 1.1179884272
541438229 -629170525
#r 0 2.0347420572
519064218 -584455834
#r 0 1.2072582399
536843383 -537723604
#r 0 1.1263267773
558342334 -492581660
#r 0 1.1067349481
580721516 -447869556
#r 0 1.4955787497
584478850 -398010931
#r 0 2.0142536263
563025604 -352847248
#r 0 2.9046353327
514422767 -341109945
#r 0 2.9219403925
465624103 -330215432
#r 0 6.0507038592
489951545 -335975255
#r 0 6.1742347288
502379474 -337334668
#r 0 6.0603903998
508534078 -338729030
#r 1 508998381 -339284518
120566706 -818818612
#r 0 2.6026873036
77653158 -793158772
#r 0 1.2635081502
92776906 -745500905
#r 0 1.2262198416
109666810 -698439975
#r 0 2.1498905365
82303507 -656592040
#r 0 1.7241588674
74665404 -607178890
#r 0 1.6882416556
68806628 -557523329
#r 0 4.7194420613
68982954 -582522706
#r 0 1.6657717842
67797545 -570079042
#r 0 4.8448965461
68623296 -576274252
#r 0 4.8080442550
68922183 -579389344
#r 0 4.6055746679
68755126 -580947388
#r 1 68860605 -580935518
137093106 -178832048
#r 0 5.9984523431
185079941 -192877107
#r 0 4.0244551495
153332826 -231505085
#r 0 1.0995774613
176031459 -186954304
#r 0 1.2172215018
193344144 -140047258
#r 0 4.5861682254
187049850 -189649495
#r 0 2.5301447982
146108964 -160946815
#r 0 3.7835930267
106063987 -190886752
#r 0 1.9779318783
86264954 -144973809
#r 0 1.0514868630
111078992 -101565705
#r 0 4.2653370436
100271266 -124108841
#r 0 4.1528547195
93601835 -134757766
#r 0 3.4493768167
87608539 -136662951
#r 0 0.4027700684
90501331 -135430441
#r 0 0.3610659952
91985364 -134870040
#r 1 92102763 -134945384
-671832205 450572368
#r 0 4.0286618114
-703416545 411811183
#r 0 5.6403010014
-663398049 381835861
#r 0 3.8724341178
-700628699 348461039
#r 0 5.0165052847
-685656192 300755442
#r 0 3.7638155114
-726285436 271613299
#r 0 3.9300248353
-761533344 236150854
#r 0 1.9861931127
-781710994 281898667
#r 0 2.0718166701
-805727030 325753313
#r 0 5.1932618170
-794163200 303588526
#r 0 4.9559367407
-791147637 291452496
#r 0 5.5179310534
-786305261 286801382
#r 0 2.5122955859
-789019309 288777314
#r 0 2.2533675640
-790097498 290103625
#r 1 -789919949 290062868
-468532303 -84888903
#r 0 2.0800107244
-492906876 -41232515
#r 0 2.1816804459
-521586471 -275454
#r 0 4.9166730824
-511443161 -49235777
#r 0 1.7683281445
-516349404 -24721929
#r 0 1.8394786539
-519667821 -12669860
#r 1 -519861452 -11777512
242220329 -192797614
#r 0 4.2716456673
220889736 -238019354
#r 0 0.3987883233
266966344 -218604253
#r 0 0.1695981681
316248978 -210164938
#r 0 0.9983946081
343331603 -168134813
#r 0 0.2680622623
391545900 -154891643
#r 0 0.4979789674
435473385 -131009096
#r 0 0.4524224416
480442924 -109151819
#r 0 0.4102950836
526293082 -89207822
#r 0 4.6832839008
524838033 -139186646
#r 0 1.5253759194
525973153 -114212429
#r 0 1.7713212232
523482694 -101959643
#r 0 0.8651123781
527717055 -96990037
#r 0 3.8231315481
525181862 -99046611
#r 1 525351620 -98970183
474168597 127670696
#r 0 2.7470034353
428010869 146892146
#r 0 0.4864896494
472209843 170268431
#r 0 1.9119544293
455480909 217386822
#r 0 1.4208587263
462949731 266825842
#r 0 4.7747528934
466065906 216923042
#r 0 3.0124238254
416482441 223363539
#r 0 6.2498354079
441468540 222529946
#r 0 5.9490326795
453384989 218392897
#r 0 0.1765491437
459668680 219513949
#r 0 3.3197725161
456527753 218948300
#r 1 455598019 218915112
595496296 -707793242
#r 0 1.1228569337
617151753 -662726168
#r 0 1.6751252772
611944763 -612998035
#r 0 2.9038485012
563351177 -601222493
#r 0 1.4948466952
567145009 -551366632
#r 0 1.3945811830
575910239 -502140920
#r 0 1.4358626427
582636469 -452595407
#r 0 1.8902310492
566934973 -405124753
#r 0 5.2601859984
592975366 -447808449
#r 0 2.2659769023
576962264 -428609998
#r 0 5.4708370917
585559710 -437683801
#r 0 2.4538521368
580730446 -433716346
#r 1 580764148 -433546639
677928845 -196320030
#r 0 0.6771964760
716895470 -164989499
#r 0 0.2935872655
764756066 -150520106
#r 0 0.3759931622
811263236 -132160281
#r 0 0.5381016973
854197392 -106534937
#r 0 3.7158737265
833207815 -120115720
#r 0 3.7181926530
822715096 -126939343
#r 0 0.5841205660
827935648 -123488173
#r 0 0.6717659512
830384997 -121540615
#r 0 4.1001957325
829476436 -122834514
#r 1 829814147 -122560839
134234208 -184258840
#r 0 5.9064258025
180727294 -202654300
#r 0 2.5331375098
139700692 -174074273
#r 0 5.6763891720
160237672 -188330235
#r 0 5.7463291277
170979211 -194723215
#r 0 0.9917407494
174417729 -189464090
#r 0 1.0447618224
178088549 -183141658
#r 1 178011421 -183214415
-222667336 -46611794
#r 0 5.2920078390
-195282082 -88445367
#r 0 4.4046705150
-210426335 -136096722
#r 0 4.3074561523
-230124186 -182053165
#r 0 4.4163476279
-244710989 -229878108
#r 0 1.6937590264
-250843643 -180255628
#r 0 5.0452729192
-234505143 -227510823
#r 0 3.2506789182
-284207943 -232954325
#r 0 0.1570943547
-259515792 -229043100
#r 0 0.1188734394
-247075438 -227557267
#r 0 0.2208548526
-240942912 -226180409
#r 0 3.4398314615
-243946778 -227103820
#r 0 3.2343615771
-245520655 -227250247
#r 1 -244986353 -227160375
219528894 970092025
#r 0 3.8082920570
180235543 939172248
#r 0 5.4674910192
214503692 902762167
#r 0 5.3141219746
242807288 861544374
#r 0 3.7224840905
201008599 834105905
#r 0 5.5242903369
237288441 799699902
#r 0 4.3307526814
218666464 753297079
#r 0 4.9248530315
229209923 704421364
#r 0 4.6641716195
226799989 654479476
#r 0 4.9146077305
236842157 605498308
#r 0 4.8464927578
243527266 555947230
#r 0 2.3781573687
207404011 590517600
#r 0 4.3783948230
191013057 543280574
#r 0 4.6258982698
186693911 493467474
#r 0 4.6001618777
181094328 443782017
#r 0 4.4081033304
166113742 396078956
#r 0 4.0792289543
136528982 355770868
#r 0 0.9806725261
150440579 376542662
#r 0 0.9981629917
157226200 387068062
#r 0 5.6819433194
162444649 383488406
#r 0 2.6027244458
159728933 385112112
#r 0 2.5322504873
-384209398 -106897359
#r 0 1.2218763550
-367115245 -59910234
#r 0 5.3578264434
-337037847 -99852068
#r 0 1.5275803459
-334877720 -49898751
#r 0 1.3979164550
-326276720 -644078
#r 0 4.4193926299
-333497274 -24578647
#r 0 1.2586527103
-329658532 -12682680
#r 0 1.6355651882
-330063203 -6443499
#r 0 4.8748388142
-329557592 -9528485
#r 1 -329399926 -10472999
615373946 -411111791
#r 0 2.3314171687
580905380 -374891383
#r 0 0.7641918311
617002470 -340293694
#r 0 0.6679316171
656257691 -309325523
#r 0 0.8757979794
688276900 -270922785
#r 0 3.4675323128
640909387 -286932741
#r 0 2.8006366028
593787617 -270213328
#r 0 0.1022113844
643526665 -265111653
#r 0 0.3575016589
690365365 -247614906
#r 0 0.4060471648
736299830 -227865856
#r 0 0.3940780262
782467378 -208668004
#r 0 5.4447380459
815898291 -245848295
#r 0 2.2644180553
799915136 -226624906
#r 0 2.3207973218
791381875 -217465098
#r 0 2.4484329518
786564851 -213463779
#r 1 787181160 -214232346
326662212 790338362
#r 0 4.4637764135
314359241 741875625
#r 0 4.6812610723
312803097 691899847
#r 0 2.9498593000
263719327 701427886
#r 0 5.6127060508
302895525 670359808
#r 0 4.2920375896
282491461 624712528
#r 0 6.1947330921
332295994 620295682
#r 0 5.2620683123
358416685 577661078
#r 0 3.8245662510
319631710 546105957
#r 0 2.3830877945
283338448 580497804
#r 0 4.1069866882
254883802 539384143
#r 0 4.9927561558
268719227 491336448
#r 0 2.2840735760
236003447 529147527
#r 0 4.1066242989
207533904 488044180
#r 0 4.2930165523
187174537 442376947
#r 0 4.2294577092
163955676 398095071
#r 0 4.3693904630
147140053 351007548
#r 0 1.3275127427
153162323 375271353
#r 0 1.2515858087
157123816 387257228
#r 0 5.4438549525
161402591 382490115
#r 0 2.2377460023
159421326 385006642
#r 0 2.3677855407
340630368 -61653550
#r 0 0.5741280514
382613677 -34498407
#r 0 0.7372883083
419628392 -884260
#r 0 4.7665607961
422335658 -50810913
#r 0 2.0766124096
398109583 -7071945
#r 0 0.8594682237
430751602 30802830
#r 0 0.7708656586
466616991 65640652
#r 0 4.5035313512
456249866 16727231
#r 0 3.7491472574
415197543 -11815838
#r 0 3.8405880865
376923095 -43988289
#r 0 1.7985678671
365632736 4720312
#r 0 0.5672399991
407802094 31585629
#r 0 4.6857364050
406469623 -18396613
#r 0 4.9000604873
415798213 -67518679
#r 0 4.4633358304
403473891 -115975991
#r 0 2.0233357181
381611355 -71009008
#r 0 0.7711301649
417467528 -36161700
#r 0 1.9179552445
400456148 10855456
#r 0 3.6807089890
357548014 -14813437
#r 0 5.1275004594
377712611 -60567005
#r 0 4.8439555361
384271977 -110134885
#r 0 5.2324901104
-936931568 -253662529
#r 0 5.0877693440
-918600246 -300180941
#r 0 6.0158589163
-870376217 -313388628
#r 0 6.2746631195
-820378033 -313814732
#r 0 5.8468239516
-775063257 -334946961
#r 0 5.7468281674
-732084461 -360497365
#r 0 5.7140027247
-689967371 -387444549
#r 0 1.8339368370
-702973083 -339165657
#r 0 5.4860175232
-668036302 -374934657
#r 0 0.3309736395
-620749982 -358686458
#r 0 5.2847394669
-593669510 -400717971
#r 0 5.3453602428
-564092359 -441031643
#r 0 5.3999345507
-532360244 -479671944
#r 0 5.4925314201
-497191210 -515212612
#r 0 2.2868940228
-513602357 -496353284
#r 0 5.0922263040
-508948775 -508009849
#r 0 1.2408695007
-502994498 -490622210
#r 0 4.4043819356
-505780370 -499379194
#r 0 4.1771166712
-508125149 -503333149
#r 0 4.7474064009
-508042023 -505706028
#r 1 -507971281 -505470765
-55698254 -527054964
#r 0 5.7479762074
-12690154 -552556010
#r 0 5.9698521145
34875419 -567967572
#r 0 2.6792140004
12500571 -556815616
#r 0 0.2565765909
24856563 -553573908
#r 0 4.2697975727
16813306 -570544589
#r 0 1.0521187719
21468293 -562389494
#r 1 22141371 -562844206
-176767589 -188188183
#r 0 4.7870156705
-173039717 -238049019
#r 0 4.5889029907
-179198337 -287668283
#r 0 4.8973482246
-170003013 -336815470
#r 0 5.4542796155
-136218869 -373675090
#r 0 2.2777052732
-152456031 -354665763
#r 0 2.5936453796
-163139025 -348146098
#r 0 5.7072910359
-157890705 -351553917
#r 0 5.6343534119
-155395745 -353446002
#r 0 2.2364252619
-156378497 -352194350
#r 1 -156443858 -352517315
133207554 429148051
#r 0 5.1514692913
154462914 383890900
#r 0 0.5420880183
197294578 409687189
#r 0 3.4817351308
150159221 393006119
#r 0 5.6592586304
190738754 363794793
#r 0 2.6232934010
169022179 376179880
#r 0 2.3640813486
160015158 385045936
#r 0 2.5825975754
154644835 388405344
#r 0 5.7933619697
157439670 386915246
#r 0 5.6313092125
158704576 385949909
#r 1 158360836 386174311
420725815 -425022251
#r 0 3.0447707381
370959994 -420188715
#r 0 1.4038833287
379266946 -370883598
#r 0 3.6180184569
334834959 -393813895
#r 0 1.2173935964
352139571 -346903871
#r 0 0.4761314172
396578307 -323986655
#r 0 1.5026223900
399984364 -274102802
#r 0 1.8658378614
385445384 -226263299
#r 0 1.3924359409
394316194 -177056504
#r 0 1.3807671300
403760572 -127956568
#r 0 4.4503033124
397283183 -152102859
#r 0 0.8617406401
405464281 -142566535
#r 0 3.9906169548
401313431 -147282296
#r 0 4.2537550550
399922533 -150099312
#r 0 1.1369799208
400582815 -148673981
#r 1 400708687 -148332360
-984543034 144270826
#r 0 0.2314218912
-935875971 155738913
#r 0 6.1638001079
-886231869 149783823
#r 0 0.0384950261
-836268911 151708099
#r 0 3.2484672258
-861126270 149041318
#r 0 0.3922544503
-849521789 153842008
#r 0 3.5334271534
-855325037 151444100
#r 0 3.4926282110
-858273149 150364494
#r 0 3.5809674306
-859696294 149695592
#r 1 -859796692 149802562
366737756 485628537
#r 0 4.6048614202
361371732 435917313
#r 0 4.3641813481
344311054 388918023
#r 0 4.1147138250
316174945 347585719
#r 0 3.8316408098
277614177 315757003
#r 0 5.3034849962
305477748 274240483
#r 0 1.1815337549
324453061 320499941
#r 0 6.1398336180
373940197 313356880
#r 0 3.0951775947
348967123 314516840
#r 0 2.8825516628
336771249 317748685
#r 0 3.6559564580
331276988 314643868
#r 0 0.4569983949
334108605 316036219
#r 1 334054574 316266497
-649282821 -270779598
#r 0 0.9965989603
-622124768 -228798171
#r 0 5.4361968532
-589012635 -266262643
#r 0 0.1486020521
-539563684 -258859856
#r 0 5.6887791887
-498139623 -286860698
#r 0 0.5455194738
-455396729 -260917586
#r 0 5.2689740919
-428982238 -303370791
#r 0 0.1380686579
-379458055 -296489271
#r 0 5.1004575322
-360537990 -342771353
#r 0 5.0216066078
-345322317 -390399950
#r 0 5.0245025820
-329968777 -437984284
#r 0 0.3844992979
-283619459 -419229532
#r 0 0.4432413927
-238451145 -397786038
#r 0 0.2582945269
-190109794 -385014437
#r 0 4.5908289429
-196172838 -434645471
#r 0 0.7586307901
-159883908 -400249054
#r 0 3.8769634523
-178423458 -417020608
#r 0 4.6840252908
-178778148 -429522338
#r 0 1.2373286824
-175810414 -420955076
#r 0 0.7630830912
-166943932 -412475732
#r 0 3.8289215438
-171685324 -416367729
#r 0 0.6883840152
411724544 245564399
#r 0 2.6330021214
368052958 269911732
#r 0 2.7218907461
322392435 290286144
#r 0 3.0448239608
272626357 295117031
#r 0 0.9902424129
300050716 336924979
#r 0 3.7366559573
258645065 308896920
#r 0 0.4630845621
281012036 320064668
#r 0 5.4372021230
289442393 310545507
#r 0 1.7692578790
286639488 324482758
#r 0 1.0545087593
291154946 332437511
#r 0 4.1472505397
288705690 328575128
#r 0 4.3490373457
287891022 326432587
#r 1 288261183 326904209
795592083 -315379132
#r 0 0.9897337325
823037705 -273585139
#r 0 0.5793996086
864877281 -246209057
#r 0 0.9206069076
895144140 -206410599
#r 0 0.8138528215
929479279 -170063684
#r 0 4.0266734575
913648605 -189412838
#r 1 913677982 -190316901
-521849662 466816098
#r 0 0.4794302780
-477486769 489879786
#r 0 6.0245893951
-429149270 477093616
#r 0 0.4280373225
-383660161 497847916
#r 0 5.7803382088
-339849459 473751808
#r 0 0.0949004921
-290074443 478489713
#r 0 5.6809896222
-248869751 450167049
#r 0 5.9195587347
-202139095 432383749
#r 0 6.1410985378
-152642963 425303291
#r 0 6.1208501860
-103300335 417222138
#r 0 5.6023769056
-64447128 385751068
#r 0 6.1506520473
-14885612 379143788
#r 0 5.4377844820
18285959 341731933
#r 0 5.5106477499
54093053 306834196
#r 0 2.8828956417
5756846 319625253
#r 0 6.0103927759
29832403 312889709
#r 0 6.1089301999
42145548 310722096
#r 0 5.7841616427
47661539 307715686
#r 0 2.1965006489
45760565 310346588
#r 0 5.2867939173
46642349 308984129
#r 1 46974257 308687148
-558514126 -706353026
#r 0 3.3405060087
-607528220 -716233237
#r 0 3.1927673683
-657462763 -718790856
#r 0 4.5336470089
-662872316 -748732457
#r 0 1.4568927137
-661143225 -733617864
#r 0 1.3220266754
-659262540 -726214520
#r 1 -659317356 -726882001
-218018041 -776753981
#r 0 6.1173936856
-168703640 -785005638
#r 0 0.7864117653
-133384155 -749614481
#r 0 0.7254340193
-95973578 -716441469
#r 0 3.8165350078
-115492152 -732062776
#r 0 2.6611339173
-126605157 -726270744
#r 0 2.5274207217
-136538075 -719266578
#r 0 4.2139987824
-143830473 -732666448
#r 0 2.1861077093
-149576288 -724537737
#r 0 2.3650203862
-160222623 -714077689
#r 0 2.3990433099
-176627316 -699021867
#r 0 2.2485006164
-197492554 -673098177
#r 0 5.3580180637
-187480984 -686387925
#r 0 5.4611041645
-181812169 -692488677
#r 0 2.2530630883
-184437777 -689256830
#r 1 -184841128 -688894465
517252615 315449462
#r 0 5.8891254910
563420512 296252450
#r 0 3.0994920346
513464817 298356859
#r 0 1.1883798383
532122992 344745139
#r 0 5.8109373988
576650391 322000674
#r 0 6.1883220131
626425584 317264620
#r 0 3.9001611928
590134512 282870462
#r 0 5.8197582341
634860802 260519645
#r 0 5.9007819740
681249327 241862081
#r 0 3.0608735579
631412128 245893654
#r 0 6.1696566761
656251191 243061531
#r 0 0.0734518154
668730897 243979840
#r 0 3.2440676429
662506997 243339804
#r 0 0.2987674567
665496772 244260614
#r 0 3.3311149561
663960600 243965938
#r 1 664105403 243818093
-836634468 79323631
#r 0 5.4180045979
-804209340 41263008
#r 0 5.3916310231
-772799166 2360553
#r 0 5.2765127486
-746065388 -39892318
#r 0 5.4454427125
-712608284 -77049042
#r 0 5.8392925656
-667453947 -98521952
#r 0 5.7373698038
-624718735 -124477716
#r 0 0.7866392833
-589407303 -89078524
#r 0 5.6715555325
-548471639 -117788651
#r 0 0.8786354253
-516561525 -79295215
#r 0 5.1720829515
-494377832 -124104631
#r 0 5.1040925633
-475289656 -170317633
#r 0 6.0959781598
-426163263 -179623411
#r 0 5.9347052962
-379168622 -196696890
#r 0 5.0936749206
-360562904 -243106234
#r 0 5.6950847456
-318963106 -270845319
#r 0 0.6535412511
-279266321 -240445232
#r 0 5.7976376752
-235045346 -263779870
#r 0 4.4211300272
-249403265 -311674026
#r 0 0.8997728559
-218313871 -272514741
#r 0 0.2780925371
-170234830 -258788643
#r 0 5.9228124505
-478957491 -425697431
#r 0 5.8013847659
-434649389 -448866206
#r 0 5.7847122157
-390733710 -472770456
#r 0 5.6196636575
-351342302 -503565212
#r 0 5.4809158326
-316588457 -539511982
#r 0 5.9518186713
-269308526 -555778763
#r 0 2.7253796904
-292174191 -545671272
#r 0 2.9205101428
-304457379 -542910548
#r 0 2.6415645657
-309985251 -539890456
#r 0 5.5762929817
-307470645 -542038280
#r 0 2.3646235910
-308649667 -540878969
#r 1 -308517207 -541006313
744680137 283363242
#r 0 0.3043945552
792381566 298349023
#r 0 0.4014026221
838407260 317884516
#r 0 3.7858816766
798430910 287853009
#r 0 0.6063562597
818974158 302099935
#r 0 0.7922853362
827764529 311012229
#r 0 0.6387739319
832849919 314788842
#r 0 4.0244429236
830830332 312331592
#r 0 3.6807456196
826799686 309920142
#r 0 0.4982884062
828862584 311042528
#r 1 829534432 311516884
787479252 -388621533
#r 0 3.0608447294
737642169 -384588523
#r 0 3.1541725819
687646125 -385217503
#r 0 1.6335150927
684512242 -335315812
#r 0 3.0808061841
634604588 -332278360
#r 0 3.1930755801
584670836 -334851369
#r 0 2.8180257144
537265469 -318953848
#r 0 2.7151815545
491742669 -298273551
#r 0 2.0657116358
467994813 -254273104
#r 0 1.8836265939
452607175 -206699786
#r 0 4.0525384331
421957236 -246203979
#r 0 0.8004180970
439367404 -228262796
#r 0 1.4734581930
440596946 -215671055
#r 0 3.3184947198
433218438 -216990117
#r 0 3.4531626936
422771722 -220354581
#r 0 3.1705939751
406372771 -220830306
#r 0 3.1600379471
382204111 -221276155
#r 0 3.1891681399
346296692 -222985758
#r 0 1.8841362279
329721107 -171828766
#r 0 3.2070257428
265988830 -176004928
#r 0 3.3815383895
174135059 -198477797
#r 0 5.7320729800
734374273 161323653
#r 0 5.9764987891
782041230 146228582
#r 0 0.0089411772
832039231 146675635
#r 0 6.2273977012
881961445 143887701
#r 0 0.5020366546
925791661 167948295
#r 0 4.2557842241
903746499 123070563
#r 0 1.4069952107
911899980 172401291
#r 0 4.6276051825
909782924 147491092
#r 0 1.0986085561
915503741 158692539
#r 0 4.3522962697
913287784 152807000
#r 0 1.2472202624
914287587 155788258
#r 0 4.2334383096
913563032 154392946
#r 1 913709790 154007473
-835925574 -325109799
#r 0 0.0795182097
-786083569 -321138077
#r 0 0.5076331105
-742388693 -296832567
#r 0 1.0566253277
-717798033 -253297530
#r 0 5.9301014610
-670882493 -270587183
#r 0 6.0592800144
-622130605 -281689139
#r 0 6.0548531144
-573428342 -293006805
#r 0 5.4329603173
-540437637 -330578249
#r 0 0.1951888248
-491387084 -320880660
#r 0 1.0546711429
-466711395 -277393761
#r 0 5.6434493295
-426598725 -307242943
#r 0 5.7210975506
-384291511 -333890638
#r 0 6.1934783800
-334492559 -338369971
#r 0 5.3531880010
-304600752 -378450888
#r 0 5.8893817441
-258427937 -397636068
#r 0 5.1184553009
-238678007 -443570154
#r 0 0.4490796969
-193635656 -421863321
#r 0 5.7512072106
-150545387 -447225274
#r 0 5.8926229191
-104310632 -466260700
#r 0 1.3511522296
-93416518 -417461947
#r 0 1.0997303673
-70724698 -372907696
#r 0 1.2516565312
191098699 -491490599
#r 0 3.7155978662
149112055 -518640584
#r 0 3.6393129716
105178394 -542511768
#r 0 3.7783572757
64977209 -572241630
#r 0 0.7762009011
82816714 -554727293
#r 0 0.3797079161
94649585 -550005101
#r 0 0.6529623492
99781903 -546079446
#r 1 100556963 -546230587
76967052 -918743877
#r 0 2.6981323456
31803434 -897290496
#r 0 1.6064870487
30019277 -847322338
#r 0 2.8661816149
-18096398 -833725213
#r 0 1.5947887958
-19295906 -783739603
#r 0 2.9974710349
-68777528 -776558442
#r 0 3.0577064181
-118601709 -772369048
#r 0 3.4771239222
-165813485 -788832591
#r 0 1.2023590321
-147805583 -742188026
#r 0 4.3883178450
-155766293 -765886698
#r 0 4.1284181109
-162671606 -776335700
#r 0 4.0645537565
-166559647 -781473215
#r 0 0.8701926222
-164482846 -779010569
#r 0 1.1724451576
-163856311 -777521834
#r 1 -163355299 -777349852
-458212991 -390070259
#r 0 0.1404949168
-408705650 -383068600
#r 0 0.2724785485
-360550309 -369612632
#r 0 0.1730898112
-311297443 -361001292
#r 0 0.2122123542
-262419076 -350470135
#r 0 0.1685146155
-213127327 -342084225
#r 0 0.2733097810
-164983187 -328588233
#r 0 0.1643754347
-115657150 -320406422
#r 0 0.1706185818
-66383154 -311916823
#r 0 0.1148762533
-16712705 -306185635
#r 0 3.1484557231
-41712116 -306357210
#r 0 3.6629542071
-52676998 -312655122
#r 0 1.9753807125
-55378532 -306346187
#r 0 4.8770434061
-54367670 -312429901
#r 0 0.8213672731
-50271342 -308027758
#r 0 3.9981510173
-52240795 -310299528
#r 0 4.1161389855
-53086010 -311544972
#r 1 -53267573 -311524191
-561441965 -303326039
#r 0 1.0345367918
-535895756 -260344750
#r 0 0.1334767757
-486340496 -253690710
#r 0 0.1320124853
-436775546 -247109241
#r 0 0.6408625715
-396696529 -217214887
#r 0 1.0519266256
-371901583 -173795875
#r 0 1.0844270789
-348530620 -129594087
#r 0 0.6285128155
-308085481 -100196966
#r 0 6.0491220399
-259448880 -111793561
#r 0 0.0315960447
-209473836 -110214022
#r 0 0.0895835732
-159674332 -105740832
#r 0 5.8391226028
-114523645 -127221416
#r 0 0.1750217328
-65287507 -118514939
#r 0 0.9339982173
-35556299 -78314749
#r 0 5.7892817214
8468152 -102018077
#r 0 5.6994396496
50188356 -129575736
#r 0 5.7388769730
92962639 -155467061
#r 0 6.0386150250
141474712 -167574032
#r 0 5.6354579538
181347568 -197742813
#r 0 3.5363225787
135192545 -216970758
#r 0 0.4030378751
158189389 -207165393
#r 0 0.2778959780
-143029320 -288205830
#r 0 0.2142039797
-94172024 -277577347
#r 0 0.2458066800
-45674957 -265410405
#r 0 0.2310941960
2995861 -253958267
#r 0 0.3691471315
49627632 -235917260
#r 0 0.2938865763
97483895 -221433543
#r 0 0.1861503129
146620095 -212179688
#r 0 0.5013751656
190466217 -188148093
#r 0 3.7585709915
170075457 -202612424
#r 0 0.2051411585
182475650 -200032340
#r 0 2.8923221593
164132011 -195362692
#r 0 6.1112587428
173456815 -196981859
#r 0 5.6136054568
177189344 -199936419
#r 1 177650677 -199656137
-217724255 370576245
#r 0 0.1258754465
-168119848 376853410
#r 0 1.1624102187
-148263414 422741557
#r 0 1.1021834215
-125680956 467351338
#r 0 6.1480625495
-76136716 460615740
#r 0 1.2176443120
-58843865 507530101
#r 0 1.2843059092
-44714493 555492178
#r 0 1.0090765880
-18082370 597809196
#r 0 5.9289037134
28812428 580463363
#r 0 1.4325444177
35703024 629986284
#r 0 1.5088247474
38799620 679890303
#r 0 1.6294771318
35867263 729804242
#r 0 1.3368915343
47456150 778442680
#r 0 4.5751361357
44035592 753677791
#r 0 3.8677810145
34602368 745300366
#r 0 0.5881107079
39850620 748800020
#r 0 0.9794758146
41642017 751467895
#r 0 0.4621236139
43100028 752194125
#r 1 42505085 752047855
231282029 -813119927
#r 0 0.8463462455
264418215 -775676728
#r 0 1.6851215038
258714400 -726003128
#r 0 1.1182303142
280578133 -681036727
#r 0 1.6858697240
274837153 -631367409
#r 0 0.7179657995
312494428 -598474710
#r 0 0.8641593503
344958413 -560447224
#r 0 0.7997632442
379802239 -524587668
#r 0 1.3002822521
393163582 -476405986
#r 0 1.6606259099
388678141 -426607584
#r 0 0.7564846880
425040806 -392289126
#r 0 0.8955648123
456294708 -353261013
#r 0 0.7092011383
494238826 -320699626
#r 0 0.5517200442
536820037 -294491984
#r 0 0.6529861164
576533692 -264113939
#r 0 0.8168898780
610758285 -227662914
#r 0 2.0909757207
585906494 -184276413
#r 0 0.6370437570
626099379 -154535331
#r 0 0.5210434650
669464391 -129646061
#r 0 0.6493443233
709288413 -99412846
#r 0 0.6239262720
749867957 -70201537
#r 0 2.5128934143
-173650117 941397434
#r 0 5.5042215506
-138068021 906270316
#r 0 5.5776890554
-100003527 873849731
#r 0 5.5888546509
-61579419 841856171
#r 0 5.5053949432
-25956129 806770829
#r 0 5.7788825425
17819450 782610973
#r 0 5.0800285409
35790136 735952057
#r 0 1.6493955627
31864219 785797690
#r 0 4.6611656861
30584197 760830482
#r 0 5.1298232849
35736487 749213109
#r 0 2.1552541955
32230509 754512682
#r 0 5.9848039568
35350655 753553039
#r 0 2.4656114821
31957466 756274499
#r 0 5.2756006301
33227745 754262758
#r 1 33290334 754354094
-974261600 -135035256
#r 0 0.2426552768
-925726431 -123021208
#r 0 0.1892514599
-876619165 -113615019
#r 0 0.3277837535
-829281256 -97517740
#r 0 0.5084513741
-785606283 -73176485
#r 0 0.1329700892
-736047658 -66547555
#r 0 0.5084830092
-692373455 -42204918
#r 0 0.3908196846
-646143599 -23157597
#r 0 0.0348240796
-596173914 -21416745
#r 0 0.5570853930
-553733929 5018981
#r 0 0.3024848981
-506003969 19913641
#r 0 0.0908551445
-456210194 24450151
#r 0 0.3068540668
-408545767 39553209
#r 0 6.2254504284
-358629077 36668069
#r 0 0.3975676292
-312528803 56026911
#r 0 0.5885695078
-270942018 83785501
#r 0 0.2989776917
-223160113 98512671
#r 0 0.4254657555
-177617783 119149924
#r 0 0.4003404794
-131571365 138636520
#r 0 0.3899244898
-85324477 157642449
#r 0 0.2417385341
-36778314 169611998
#r 0 0.5093407897
-219071864 876570219
#r 0 5.7446672203
-176148382 850927000
#r 0 5.3956713195
-144581288 812151769
#r 0 5.2475208381
-119083565 769141699
#r 0 5.4542707282
-85299749 732281778
#r 0 5.4942873308
-50068363 696802919
#r 0 5.3585453535
-19962258 656882718
#r 0 6.0630497788
28831135 645964624
#r 0 5.9997383133
76835992 631981286
#r 0 5.2727077551
103408805 589626999
#r 0 6.1962553562
153220004 585285974
#r 0 6.0877833950
202268490 575577933
#r 0 4.9651344713
214771648 527166457
#r 0 5.4671117199
249025984 490743381
#r 0 6.2401356576
298979659 488591563
#r 0 4.9098177814
308787096 439562855
#r 0 0.4838955240
353046562 462824404
#r 0 0.4036171752
399028881 482461775
#r 0 4.2589245801
377124760 437515035
#r 0 4.2676787182
355614943 392378268
#r 0 4.2403079749
332877910 347847073
#r 0 4.2106117433
841216372 -245702053
#r 0 1.4771611727
845891291 -195921081
#r 0 1.4168358480
853558939 -146512507
#r 0 2.1031110700
828182481 -103430778
#r 0 1.1130446143
850279101 -58578360
#r 0 1.3614784005
860668739 -9669716
#r 0 1.2677374131
875590795 38051687
#r 0 4.1629341393
849479676 -4588780
#r 0 0.9954772296
863082239 16386687
#r 0 1.3551601688
865758639 28605358
#r 0 4.3763555114
863696355 22700975
#r 0 0.7933462152
865921428 24961702
#r 0 4.2522171383
863915680 20915105
#r 0 1.1290393410
864881127 22956527
#r 1 865138379 23619320
-554460271 622376857
#r 0 5.8426803769
-509233447 601057045
#r 0 6.1712321110
-459546458 595471071
#r 0 5.9751699953
-411899601 580312673
#r 0 0.0622670106
-361996499 583424012
#r 0 5.7548628283
-318813804 558219749
#r 0 5.9553293751
-271477057 542119054
#r 0 5.8966804891
-225165445 523271385
#r 0 5.8374814618
-180050072 501716731
#r 0 5.8697384474
-134263001 481628324
#r 0 5.9201430100
-87521962 463872330
#r 0 5.7530660979
-44384622 438590520
#r 0 6.0301570303
4023317 426073672
#r 0 6.0674199434
52863958 415368917
#r 0 5.9432985715
100003580 398699902
#r 0 5.8049745888
144394568 375690334
#r 0 5.9223707613
191175046 358038512
#r 0 5.7340097414
233822804 331939302
#r 0 5.7730639812
277457068 307525146
#r 0 5.6370345728
317377439 277419266
#r 0 2.4455863378
298192217 293448216
#r 0 5.8032736130
-710372218 -603481641
#r 0 0.3578845821
-663540221 -585966959
#r 0 0.6005902738
-622290112 -557710482
#r 0 0.7492464753
-585679997 -523656121
#r 0 0.7395914328
-548742798 -489956814
#r 0 0.6990690160
-510470717 -457781546
#r 0 0.6884635936
-471859563 -426013972
#r 0 0.7038505434
-433741766 -393656074
#r 0 0.8325436158
-400091938 -356673794
#r 0 0.7872807531
-364803221 -321251958
#r 0 0.6043695801
-323660196 -292839786
#r 0 0.1557621066
-274265517 -285083135
#r 0 0.8392415518
-240864147 -247876302
#r 0 0.8105996807
-206410949 -211641276
#r 0 0.8554831601
-173618256 -173896882
#r 0 0.1715246723
-124351972 -165362640
#r 0 1.0391275950
-99003350 -122264526
#r 0 0.8004015229
-64182419 -86382737
#r 0 0.7174710226
-26508874 -53508674
#r 0 0.8294638086
7254693 -16630204
#r 0 0.9176759522
37638070 23079372
#r 0 0.0150883952
57367412 137137296
#r 0 0.5580078437
99782994 163612160
#r 0 0.7207411206
137348836 196609243
#r 0 0.5167434532
180820470 221311814
#r 0 0.3237167992
228223454 237216439
#r 0 0.4978525640
272153958 261093433
#r 0 0.7132420394
309966189 293807882
#r 0 3.7051690292
288832440 280452560
#r 0 0.4031494436
300330314 285356525
#r 0 0.7981738423
304803547 289945540
#r 1 304770832 290412224
350298717 99524416
#r 0 6.1297478326
399711294 91882610
#r 0 6.1617777656
449343252 85827135
#r 0 6.1572709572
498947415 79548040
#r 0 6.1279690195
548346321 71818350
#r 0 1.3288066300
560328062 120361505
#r 0 6.0679848918
609174743 109684344
#r 0 5.9877197129
657008077 95125079
#r 0 5.8986918810
703357505 76370599
#r 0 6.2234208028
753268237 73384152
#r 0 6.0235109888
801591920 60545862
#r 0 6.0583760745
850333753 49399842
#r 0 6.2591676669
900319333 48199075
#r 0 6.1441652541
949836946 41270441
#r 0 2.9440738967
925323034 46176364
#r 0 1.8996297194
921272508 58047014
#r 0 5.1857390655
924131430 52465228
#r 0 4.5530931631
923623776 49305367
#r 0 4.9742515326
924084665 47585741
#r 1 924584148 47374090
124361302 -505132095
#r 0 1.1516806351
144708944 -459459637
#r 0 1.2475029173
160593497 -412049923
#r 0 1.2799895206
174929759 -364149280
#r 0 1.1856866000
193712800 -317811419
#r 0 1.2943129289
207361515 -269710353
#r 0 1.2177994440
224647088 -222793309
#r 0 1.1593338774
244644595 -176966464
#r 0 1.2298777285
261362243 -129844068
#r 0 1.1220917528
283052178 -84793577
#r 0 1.1740729039
302372094 -38676977
#r 0 1.1781827017
321502318 7518635
#r 0 1.0836625596
344907067 51702543
#r 0 1.1608845337
364833489 97560342
#r 0 1.0060136126
391595103 139795588
#r 0 1.0834248551
415010354 183973931
#r 0 1.1694553382
434543010 230000829
#r 0 1.1563593871
454676740 275767989
#r 0 0.8263428980
488555237 312540907
#r 0 1.2527849837
504189149 360033862
#r 0 1.0617355231
528557017 403693993
#r 0 1.1818359695
-544744435 413022941
#r 0 0.0223464024
-494756919 414140168
#r 0 0.0884949074
-444952575 418559140
#r 0 0.0854351060
-395134943 422825700
#r 0 6.2494928941
-345163320 421141398
#r 0 0.1078349794
-295453748 426522703
#r 0 0.0788479089
-245609092 430461015
#r 0 0.1569116001
-196223361 438274440
#r 0 0.0355858575
-146255016 440053357
#r 0 6.2530065842
-96277783 438544650
#r 0 0.1487392000
-46829848 445954219
#r 0 0.0661956704
3060645 449261586
#r 0 0.1056301806
52781961 454533279
#r 0 0.2166333592
101613292 465280424
#r 0 6.2468819328
151580347 463465654
#r 0 6.2515798746
201555376 461885645
#r 0 0.0573288088
251473234 464750516
#r 0 6.2278748783
301396772 461986404
#r 0 0.4040747732
347370100 481644815
#r 0 0.2744604926
395498678 495196198
#r 0 0.0788764945
445343221 499135935
#r 0 0.2086416193
-119196968 -904270036
#r 0 0.8371912101
-85719381 -867131765
#r 0 1.1685558924
-66145334 -821122454
#r 0 1.1376209116
-45157582 -775740582
#r 0 1.1296574869
-23809104 -730527282
#r 0 0.9752623243
4238441 -689134829
#r 0 0.9188542788
34575006 -649389479
#r 0 1.1338255246
55734848 -604087591
#r 0 1.2104308895
73365659 -557299190
#r 0 1.1736021899
92707281 -511191689
#r 0 0.8580539688
125402832 -473363116
#r 0 1.0807680177
148935375 -429247139
#r 0 1.0408341788
174210409 -386105829
#r 0 1.3308702420
186091950 -337538052
#r 0 1.1859664837
204862022 -291194936
#r 0 1.3367739798
216456627 -242557860
#r 0 1.1486270139
236943640 -196947748
#r 0 1.0701684976
260942461 -153083678
#r 0 1.3378642848
272484030 -104433989
#r 0 1.0343366609
298038840 -61457813
#r 0 1.2203094227
315206598 -14497531
#r 0 0.8837120814
-804414631 -463783652
#r 0 0.5496080805
-761778166 -437665999
#r 0 0.7133661273
-723969995 -404946858
#r 0 0.6068574198
-682897783 -376432417
#r 0 0.5742855247
-640918751 -349270664
#r 0 0.6169984248
-600137811 -320341183
#r 0 0.4583165871
-555297882 -298219230
#r 0 0.7604962711
-519073181 -263755176
#r 0 0.3888957742
-472806766 -244796832
#r 0 0.5740862239
-430822321 -217643446
#r 0 0.4625050603
-386075442 -195333877
#r 0 0.6381288156
