701687785 -541700890
#r 0 2.9343154566
603828297 -521121276
#r 0 2.2948134560
537588353 -446206192
#r 0 0.5173874780
624499786 -396745067
#r 0 0.3714931261
717678423 -360444356
#r 0 3.8790727340
643661887 -427686845
#r 0 3.6147478305
554648395 -473256553
#r 0 0.8213977257
622768255 -400046686
#r 0 0.3902242210
715250634 -362007107
#r 0 0.7597181662
787753648 -293135394
#r 0 0.8950952697
850298096 -215108527
#r 0 0.4818868285
938910301 -168763331
#r 0 3.3935879103
842068615 -193697000
#r 0 0.1684280764
891361089 -185315356
#r 0 6.2643365732
916530497 -185789824
#r 0 3.1731369250
903949820 -186186804
#r 0 4.7137383911
903958334 -192496226
#r 0 2.5742905809
897843940 -188600325
#r 0 2.3964665486
895173079 -186136366
#r 1 895140646 -185590879
-499127383 633119407
#r 0 3.9792309267
-566049344 558812939
#r 0 5.8052016254
-477256923 512813962
#r 0 5.0234176722
-446653110 417612037
#r 0 5.6428813285
-366461691 357868114
#r 0 1.8427702774
-393325026 454192364
#r 0 1.4613692363
-382404142 553594247
#r 0 2.1201042672
-434613853 638882852
#r 0 4.1702937271
-486207051 553219897
#r 0 3.7938992902
-565675625 492517790
#r 0 4.6049594088
-576397930 393094291
#r 0 1.1901631391
-539247089 485937250
#r 0 4.3419603280
-557347841 439328637
#r 0 1.7786655779
-562507765 463793006
#r 0 2.0169234118
-578051713 496292189
#r 0 5.5328957149
-540302677 461104896
#r 0 2.3745092893
-558879084 479013021
#r 0 3.8632844343
-568566750 470487240
#r 0 0.1089018142
-554901730 471981296
#r 0 5.6490793421
-541379728 462036913
#r 0 2.4586352232
-547889861 467333326
#r 0 2.5401316685
-551357950 469713419
#r 1 -550965571 469650407
-483608482 -622730427
#r 0 4.4896328150
-505700335 -720259654
#r 0 0.5932441209
-422787194 -664354278
#r 0 1.4608803245
-411817713 -564957746
#r 0 1.3168993022
-386699918 -468163653
#r 0 1.5181148651
-381434208 -368302388
#r 0 0.6502421353
-301840484 -307764473
#r 0 3.9024783496
-338051762 -342242631
#r 0 0.5997716660
-317164299 -327959749
#r 0 3.7928505286
-327226667 -335629197
#r 0 3.3175506927
-333471447 -336739499
#r 0 3.4511139117
-336881262 -337829957
#r 0 3.6372589632
-338889189 -338915620
#r 0 3.5720806329
-340448072 -339631478
#r 0 3.6349529409
-342008785 -340470692
#r 0 3.6052312108
-343947752 -341440153
#r 0 3.7990363955
-346302772 -343258269
#r 0 3.4899808969
-350209699 -344677277
#r 1 -350298418 -345142110
-400050622 -282770132
#r 0 0.4790710210
-311308270 -236674634
#r 0 1.5610810177
-310336754 -136679353
#r 0 5.1000623483
-272533208 -229258464
#r 0 2.8836868295
-369225831 -203752844
#r 0 0.6192367577
-287793662 -145711464
#r 0 3.9072336809
-359887489 -215011392
#r 0 5.3676619069
-298949923 -294299556
#r 0 6.1777437348
-199505304 -304824186
#r 0 0.8866157616
-136301483 -227330464
#r 0 2.6721915485
-225485419 -182095239
#r 0 1.0517146298
-175877118 -95267729
#r 0 5.2717208198
-122815120 -180028713
#r 0 2.9830677008
-221561241 -164242530
#r 0 3.1983116443
-321400432 -169911388
#r 0 0.4945691891
-233383104 -122446137
#r 0 1.2607382277
-202871707 -27214553
#r 0 2.8402017100
-298364158 2470321
#r 0 1.8639230371
-327258855 98204831
#r 0 6.2543720027
-227300362 95323899
#r 0 5.3910742787
-164523342 17484027
#r 0 3.6893884164
-249890800 -34596652
#r 0 0.9805268595
-194232309 48482421
#r 0 0.0570991908
-94395281 54189238
#r 0 1.8632554202
-123226058 149943018
#r 0 4.7388499583
-120580269 49978025
#r 0 2.3203689120
-188712865 123176039
#r 0 0.4468510595
-98531633 166388832
#r 0 4.7760561064
-92169221 66591439
#r 0 4.2610348335
-135787668 -23394288
#r 0 0.9936170513
-108504552 18505968
#r 0 1.5170474057
-107140406 43861499
#r 0 1.0866480235
-100806174 55906172
#r 0 0.7792295283
-95918680 60733736
#r 1 -96193250 61081060
301295572 728310821
#r 0 1.0405911313
351866609 814581153
#r 0 4.1901170288
326924085 771246751
#r 0 0.6389113237
346993984 786155736
#r 0 3.8972161523
337895360 777583414
#r 0 3.4684586646
331895904 775549437
#r 0 4.1276430173
330081215 772808102
#r 0 1.2486052756
330638846 774478541
#r 1 330592385 774096475
538670319 187274473
#r 0 0.3600575270
632257975 222507280
#r 0 0.2856601899
728205558 250686375
#r 0 3.2510473888
628803977 239762743
#r 0 1.2703141449
658402059 335282131
#r 0 0.1053578487
757847558 345798435
#r 0 5.4506417312
825147217 271833877
#r 0 1.9027184212
792561136 366375653
#r 0 4.9157567164
802659576 317406055
#r 0 5.1272694014
812901544 294152423
#r 0 4.9618880836
816044484 281817902
#r 0 1.6109312044
815773431 288567839
#r 1 815560090 287734867
-356518068 -65592954
#r 0 3.1784100933
-456450299 -69273866
#r 0 0.5278368063
-370060437 -18907292
#r 0 6.2608242236
-270085437 -21143214
#r 0 0.1312033283
-170944919 -8060492
#r 0 3.2475073114
-220664732 -13346329
#r 0 1.9284066613
-229421245 10087041
#r 0 1.2130692823
-220444751 34100555
#r 0 1.4198425244
-214860327 70813388
#r 0 0.7538875589
-175760358 107523737
#r 0 4.2791775403
-209246427 35123569
#r 0 1.6907182157
-214203453 76260679
#r 0 0.0158903583
-158062714 77152851
#r 0 0.1779017725
-84721682 90339763
#r 0 2.5989721494
-177339308 146187944
#r 0 5.7262428255
-131435159 117603507
#r 0 5.9174590388
-106179955 107931910
#r 0 2.8722213200
-119214215 111530427
#r 0 1.9141459764
-121511257 117955536
#r 0 5.1064932272
-120201234 114805387
#r 1 -120691463 114447778
-276446552 932869643
#r 0 3.9448856672
-345880619 860904997
#r 0 4.3096105241
-385078215 768907451
#r 0 4.2547592391
-429260514 679197226
#r 0 4.9123932831
-409393159 581190654
#r 0 2.2281940270
-470499057 660349161
#r 0 5.4291059753
-437653410 622650839
#r 0 5.6779678762
-417021754 608377370
#r 0 2.7520667506
-430082501 613738817
#r 0 6.1350679013
-411010026 610893010
#r 0 2.9063606787
-420386302 613140212
#r 0 3.1065145094
-425240643 613310563
#r 0 3.0765131353
-427665878 613468619
#r 1 -427151279 613467724
-550539604 -271667289
#r 0 5.8212842667
-461018912 -316232363
#r 0 1.8501191841
-488589393 -220108128
#r 0 5.6179737942
-409910768 -281830684
#r 0 0.7661448252
-337851863 -212494444
#r 0 0.9447463578
-279257019 -131459610
#r 0 4.0009196674
-311904386 -169329775
#r 0 0.7368491697
-293389650 -152530831
#r 0 3.9365692773
-302143417 -161453921
#r 0 1.2701483674
-300286306 -155464135
#r 0 4.6824990307
-300556615 -164504924
#r 0 1.7753254279
-301808855 -158467983
#r 0 5.9882071978
-294714615 -160623513
#r 0 2.7929516099
-298198820 -159357042
#r 0 2.8752142694
-299992205 -158867694
#r 1 -300836656 -158722863
-618319202 -169265767
#r 0 2.1137786816
-669988371 -83648614
#r 0 3.2587605936
-769302740 -95338618
#r 0 1.4171744063
-754000901 3483716
#r 0 4.6064288380
-759289000 -46235857
#r 0 1.4421104580
-756080725 -21442573
#r 0 1.7275613313
-758033279 -9089480
#r 0 4.8581238828
-757125188 -15276418
#r 0 4.8473576160
-756704422 -18374974
#r 0 4.8614156263
-756472031 -19922806
#r 1 -756471913 -19543305
755102565 -188650360
#r 0 3.0257662323
655772603 -177093599
#r 0 2.6173267028
569203441 -127035831
#r 0 2.8960485598
472202920 -102727418
#r 0 2.9178556967
374695408 -80539920
#r 0 0.7333105540
448991669 -13606628
#r 0 3.9047483756
412858752 -48166897
#r 0 3.6550115076
391062604 -60456783
#r 0 3.3886979448
378502154 -63625292
#r 0 2.0633480632
374402864 -55986915
#r 0 3.5300592958
363040267 -60637213
#r 0 2.9778238584
351662440 -58757041
#r 0 2.1589245819
342868254 -45569352
#r 0 5.8480759190
364308017 -55534975
#r 0 4.0507816109
355990261 -66216791
#r 0 3.2780416926
344320164 -67819121
#r 0 3.8032085818
331328737 -77935511
#r 0 3.8758537989
315203633 -92490365
#r 0 3.4857558729
286642743 -102727387
#r 0 3.3855605500
242584721 -113694589
#r 0 6.1342588575
309934595 -123799584
#r 0 3.0724128936
275964187 -121445763
#r 0 2.8522909365
259542404 -116557779
#r 0 3.0066212951
251021760 -115400701
#r 0 6.0642171771
255218523 -116334633
#r 0 6.2548768897
257382473 -116395907
#r 1 257885526 -116455757
380790345 -501424583
#r 0 0.4720061796
469856137 -455957181
#r 0 3.1880073397
369963834 -460596983
#r 0 3.5411734126
277841417 -499500199
#r 0 2.4714829676
199466062 -437393003
#r 0 4.1688259434
147747185 -522980139
#r 0 0.8881769799
179288565 -484183988
#r 0 4.0350949148
163621399 -503665771
#r 1 163521745 -503534568
-579009961 358478730
#r 0 0.5214619988
-492300780 408293566
#r 0 5.7575594058
-405799774 358118115
#r 0 2.5553281475
-447450431 385780773
#r 0 1.0452491161
-434862251 407486362
#r 0 0.9727888998
-418691800 431224002
#r 0 4.9252678751
-410547382 393545226
#r 0 5.5243790451
-380406076 364965784
#r 0 4.7251726232
-379639139 304975434
#r 0 5.3569592514
-333714710 243879058
#r 0 0.4129327290
-229098314 289713844
#r 0 3.4782305584
-283001127 270850093
#r 0 3.6998552334
-307360580 255636839
#r 0 3.3069774761
-321592709 253261363
#r 0 0.4776212665
-314786048 256784430
#r 0 0.3410110715
-303990921 260615349
#r 0 0.4565103612
-288681661 268133880
#r 0 3.8062238422
-308812682 252360169
#r 0 0.7357063174
-299332672 260941917
#r 0 0.7307483576
-294547470 265230731
#r 0 3.7590285098
-297167195 263370608
#r 1 -297642589 262918196
299350043 -849072587
#r 0 2.7363673159
207448684 -809650001
#r 0 2.6879650506
117562354 -765827088
#r 0 6.1225361726
216274720 -781822990
#r 0 3.8744543161
141948420 -848722924
#r 0 4.1243332577
86473981 -931925007
#r 0 4.4124106915
66093877 -997813409
#r 0 1.0773266629
113462322 -909743945
#r 0 2.2839462975
48040387 -834113459
#r 0 2.2896597229
-17812587 -758857989
#r 0 2.2484928920
-80512614 -680956085
#r 0 5.4610112473
-46481112 -717587450
#r 0 5.5033316525
-28616544 -735255008
#r 0 2.3766516834
-37679565 -726555411
#r 0 5.4371182822
-33515453 -731258124
#r 0 2.4075103071
-35847233 -729154167
#r 0 2.3985542615
-37018052 -728078563
#r 0 2.2864618616
-37562828 -727451972
#r 0 2.2870419927
547958642 -796389549
#r 0 2.1548601789
492816776 -712966683
#r 0 5.0947542416
530128372 -805745154
#r 0 4.4362725526
515664412 -856790647
#r 0 1.9070771965
482666555 -762391805
#r 0 0.1818490343
581017653 -744306962
#r 0 3.3013381110
531654263 -752260308
#r 0 3.1885031202
506669569 -753433212
#r 0 0.7151335331
516341314 -745033355
#r 0 3.7792985603
511195065 -748846644
#r 0 3.9624887032
508999283 -751204125
#r 0 0.6362222221
510296027 -750246235
#r 1 510117356 -750404324
120566706 -818818612
#r 0 4.4841659034
97942003 -916225608
#r 0 1.3079132527
110935286 -867943369
#r 0 4.5889668949
107857562 -892753198
#r 0 4.1532271104
101099081 -903553245
#r 0 0.7834888653
105725192 -898944766
#r 0 3.3510501173
96455950 -900915178
#r 0 0.2018098607
101097970 -899965444
#r 0 0.1483711446
103441168 -899615207
#r 1 104215901 -899322023
137093106 -178832048
#r 0 4.6499916398
130857420 -278637440
#r 0 3.7233142586
47305627 -333583758
#r 0 3.5397533168
-44871944 -372356112
#r 0 0.3231761661
2539632 -356477117
#r 0 3.4535453469
-21253770 -364150059
#r 0 3.4197696122
-33274754 -367583031
#r 0 3.5840752450
-38941358 -370267964
#r 0 0.2492182425
-35894750 -369492574
#r 1 -35586362 -368676516
-671832205 450572368
#r 0 4.4040306586
-702181685 355289059
#r 0 1.0830833410
-655321010 443629747
#r 0 0.9647601254
-598359605 525820977
#r 0 5.4050557224
-534500442 448866398
#r 0 6.2824444894
-434500469 448792316
#r 0 3.7314573958
-517602061 393167453
#r 0 5.2597990826
-465554308 307779916
#r 0 5.6771105069
-383365276 250815339
#r 0 5.9256158244
-289690249 215815491
#r 0 2.7607889665
-336108561 234398826
#r 0 2.4049434097
-354636649 251203132
#r 0 3.3565251135
-368671730 248139211
#r 0 3.3013485621
-376044267 246951281
#r 0 2.5917323819
-379573241 249114235
#r 0 5.4855831864
-378121874 247627004
#r 1 -377774626 247922334
-468532303 -84888903
#r 0 3.7390125419
-551211274 -141140017
#r 0 0.3714373309
-458030612 -104844505
#r 0 0.7552687885
-385221880 -36296066
#r 0 0.9975469321
-330985394 47718240
#r 0 0.2998215918
-235446474 77253216
#r 0 6.1984228234
-135805493 68787114
#r 0 3.4536542824
-230975756 38084979
#r 0 4.6852282032
-233691500 -61878138
#r 0 2.1140520362
-285384071 23724888
#r 0 3.1771218035
-385320962 20172720
#r 0 6.1087894211
-286837808 2821398
#r 0 2.2479353151
-349494389 80758250
#r 0 5.3757031289
-318707807 41360453
#r 0 5.4454538332
-301975852 22778727
#r 0 2.3267764247
-310552517 31875459
#r 0 5.3434366453
-306864369 26828183
#r 0 5.5778762406
-304447692 24770613
#r 0 5.8223161439
-303026035 24064715
#r 1 -303200574 23941601
242220329 -192797614
#r 0 1.9851175793
201963459 -101258637
#r 0 0.5571204053
286841579 -48384212
#r 0 2.1047666883
235946079 37695101
#r 0 2.5962981604
150448621 89562091
#r 0 1.8000696883
127721625 186945271
#r 0 3.9941126170
61912840 111651156
#r 0 0.8685912692
94207971 149822145
#r 0 4.1980155400
81905058 128051496
#r 0 1.4288876552
87181676 164984758
#r 0 4.4335948459
82048120 147050887
#r 0 4.6733977235
81677798 137558144
#r 0 4.9862362633
82963641 132980634
#r 0 1.9811625090
82015213 135160595
#r 1 82275608 135062267
474168597 127670696
#r 0 2.6784279901
384704290 172348854
#r 0 2.7389022053
292703295 211538354
#r 0 2.2677986964
228511087 288215341
#r 0 5.4100482412
260632368 249897940
#r 0 2.4594846352
241226223 265658715
#r 0 1.9404994595
227731661 300481443
#r 0 5.1739419756
236047484 283762338
#r 0 4.9650026918
238400599 274646255
#r 0 1.9388853724
236706705 279038379
#r 1 236584855 279520707
595496296 -707793242
#r 0 4.1716343460
544017986 -793525287
#r 0 4.2770032987
514173047 -857686468
#r 0 1.6705881956
504210415 -758183976
#r 0 4.8644610471
511784745 -807606940
#r 0 4.6860819154
511125350 -832666488
#r 0 4.9343413022
513899585 -844959802
#r 0 4.6299144349
513375246 -851302968
#r 0 1.5536628933
513429769 -848121035
#r 0 1.4388927788
513639937 -846536940
#r 1 513581769 -846611282
677928845 -196320030
#r 0 4.0751716413
618432728 -276695474
#r 0 6.1302895800
717266148 -291925545
#r 0 0.0409050136
817182499 -287836184
#r 0 0.6114614713
899063490 -230429710
#r 1 899272774 -230786452
134234208 -184258840
#r 0 1.6805991613
123275976 -84861068
#r 0 1.0996569831
168666155 4244104
#r 0 3.6548568332
81551519 -44858240
#r 0 1.8799066394
51130395 50402220
#r 0 2.2982216860
-15364492 125091108
#r 0 3.5702844077
-106315526 83522978
#r 0 3.1896519782
-206200063 78718895
#r 0 3.9718135938
-273671333 4910849
#r 0 5.7461094279
-187750492 -46251726
#r 0 1.5997509476
-190645550 53706358
#r 0 2.0381138445
-235694854 142984352
#r 0 4.8749275959
-219512466 44302386
#r 0 1.2641684320
-189327912 139638070
#r 0 4.4386874427
-202842764 91499222
#r 0 4.2355605381
-214329288 69263782
#r 0 0.7946144447
-205399301 78359907
#r 0 3.3756257602
-223329760 74085256
#r 0 0.1981840975
-214293687 75899882
#r 0 0.0565160230
-209686896 76160517
#r 1 -209924994 76370333
-222667336 -46611794
#r 0 1.9744163316
-261942339 45352733
#r 0 4.9588399096
-237545972 -51625704
#r 0 1.5602233474
-236488694 48368707
#r 0 4.6738096990
-238417180 -1594089
#r 0 4.7975134280
-236289972 -26523095
#r 0 1.4215105375
-234420857 -14095866
#r 0 4.4897714477
-235808149 -20224309
#r 1 -236101331 -19518437
219528894 970092025
#r 0 5.6423786533
299690271 910307799
#r 0 4.3119426121
260707327 818219091
#r 0 4.1359781478
206205506 734376670
#r 0 6.2713657992
306198521 733194747
#r 0 3.5068673289
212795953 697474161
#r 0 4.3277236724
175271061 604781753
#r 0 3.6214669457
86565764 558614986
#r 0 5.3852216857
148886147 480409041
#r 0 2.7851419709
55172021 515304064
#r 0 5.7890372272
99190675 491589973
#r 0 2.3091808418
82047731 510425651
#r 0 5.4556083452
90664636 501049364
#r 0 5.4602300702
94994811 496381074
#r 0 2.4804715267
92481403 498336261
#r 0 5.7990777296
96692024 496122136
#r 0 2.6418709915
94604255 497261935
#r 0 2.8228705261
93474560 497634703
#r 1 93643383 497657497
-384209398 -106897359
#r 0 1.3200236194
-359394141 -10025263
#r 0 0.9132192268
-298274043 69122280
#r 0 0.9341307642
-238822284 149530541
#r 0 1.3178068011
-213792340 246347388
#r 0 2.9089500080
-311098393 269402366
#r 0 1.9506053458
-348172704 362275912
#r 0 1.9433894410
-384575888 455414562
#r 0 2.0165184494
-427686844 545644521
#r 0 5.1023788708
-408677891 499398876
#r 0 5.0986492565
-399230519 476168966
#r 0 5.3068839836
-392115477 465645087
#r 0 1.9041343135
-394194601 471649627
#r 0 5.0168563510
-393242137 468618600
#r 1 -393249217 469266662
615373946 -411111791
#r 0 1.4641470463
626018668 -311679956
#r 0 0.0182372374
726002039 -309856333
#r 0 1.3940433226
743585449 -211414352
#r 0 5.8573477961
834654758 -252722716
#r 0 1.5428883967
837445189 -152761656
#r 0 5.2057370059
884802921 -240836881
#r 0 5.2354256151
934754230 -327467515
#r 0 1.5080545933
941024288 -227664277
#r 0 4.6172208936
936273063 -277438023
#r 0 4.5218519964
931533433 -302011385
#r 0 1.0123716198
938331174 -291130772
#r 0 3.8872049964
924918854 -303516167
#r 0 0.5938130182
935648718 -296272519
#r 0 2.5958360430
922311515 -288173077
#r 0 5.7101829746
928867317 -292402963
#r 0 5.8279857817
932373670 -294119267
#r 0 5.9082850134
934197301 -294836887
#r 1 934695279 -295377419
326662212 790338362
#r 0 5.9039443976
419556805 753316820
#r 0 4.3326053732
382484855 660442332
#r 0 0.3785403454
475405361 697398787
#r 0 0.3189917973
570360569 728759725
#r 0 0.3495072716
651758272 758426763
#r 0 3.6282108617
613468851 738169667
#r 0 0.6873946299
630520363 752168369
#r 0 3.7846664218
621692864 745553637
#r 0 3.8661000277
617554670 741891028
#r 0 0.4274883130
620069264 743036638
#r 0 3.3710970625
616076387 742103820
#r 0 0.2742743328
618049951 742659112
#r 1 618668786 742578103
340630368 -61653550
#r 0 1.9929763247
299655367 29566235
#r 0 1.4381404231
312882085 128687645
#r 0 4.1143347118
256578533 46044376
#r 0 2.1717522291
200035417 128523925
#r 0 1.0253470417
251915640 214013354
#r 0 1.3320176230
275567256 311176110
#r 0 1.1725294036
314349405 403349560
#r 0 3.1303196831
214355759 404476833
#r 0 3.2354874121
114796247 395101148
#r 0 2.1199840063
62596794 480396031
#r 0 2.3302396648
-6254991 552917970
#r 0 5.4841854556
28616199 517085025
#r 0 5.5035296501
46397804 499506478
#r 0 5.1109246563
51258812 487962011
#r 0 1.8232214189
49556668 494561342
#r 0 4.5450563042
47953297 485069007
#r 0 1.2833172800
49318067 489684871
#r 0 1.6567028597
49108614 492117021
#r 1 49279433 492845166
-936931568 -253662529
#r 0 1.2365612894
-904126904 -159196376
#r 0 1.4309213201
-890184970 -60173033
#r 0 4.6325367385
-894173340 -110013707
#r 0 0.5608015665
-872926501 -96669274
#r 0 3.9799239258
-896290771 -122647857
#r 0 4.9817806926
-891316634 -140663344
#r 0 5.1072113335
-886983722 -151061417
#r 0 1.8100241480
-889231858 -141843910
#r 0 3.3142735852
-900496077 -143808593
#r 0 0.1810238116
-894872360 -142779298
#r 0 0.3274906312
-892165529 -141859724
#r 0 6.1370256440
-890714313 -142073357
#r 1 -890470757 -142046211
-55698254 -527054964
#r 0 3.9094199653
-127640400 -596512344
#r 0 1.4966175039
-120229319 -496787343
#r 0 4.5734478026
-127154048 -546305502
#r 0 4.6274348514
-129284223 -571319562
#r 0 5.1139350798
-124350556 -582938664
#r 0 2.1671601546
-128272660 -577160770
#r 0 5.4185388223
-126006885 -579817460
#r 1 -126410762 -579134070
-176767589 -188188183
#r 0 4.2862529500
-218103137 -279245157
#r 0 5.1624519978
-174600909 -369287126
#r 0 1.0304624221
-123158673 -283533430
#r 0 5.0744065496
-87742498 -377051848
#r 0 2.5662505729
-171643120 -322639665
#r 0 2.9839714568
-270403468 -306942731
#r 0 1.2305337782
-237030008 -212676023
#r 0 0.5313234862
-150816283 -162008542
#r 0 2.5223149760
-232246077 -103963829
#r 0 3.7472246537
-314460325 -160892007
#r 0 5.3612910969
-254029122 -240566781
#r 0 4.2924788100
-294796965 -331879338
#r 0 2.3421812729
-364509849 -260184751
#r 0 3.2078814283
-464290219 -266808775
#r 0 5.3643369903
-403616615 -346299113
#r 0 0.7091706126
-327726391 -281178656
#r 0 3.1621760148
-427705208 -283236847
#r 0 3.8073814315
-506348190 -345004811
#r 0 2.7936634681
-600356268 -310909630
#r 0 3.0066794437
-699447569 -297459199
#r 0 2.3250971047
-767925497 -224584146
#r 0 3.9132630171
-839600184 -294317490
#r 0 5.8445531024
-749066843 -336787645
#r 0 2.6599166921
-793377830 -313624391
#r 0 2.6521414479
-815483442 -301849098
#r 0 5.4462413599
-807022863 -311230153
#r 0 2.0302264541
-815161238 -294780325
#r 0 5.0931711417
-811750835 -303299518
#r 0 5.4536383155
-808633721 -306704774
#r 0 4.9326306126
-808109018 -309048524
#r 0 1.8885711667
-808484238 -307907767
#r 1 -808595703 -308130547
133207554 429148051
#r 0 5.1177636387
172643862 337252580
#r 0 1.9888511857
152344683 382946597
#r 0 1.8492406422
145472073 406987566
#r 0 5.6677744263
155812672 399676726
#r 0 2.5287656172
150632945 403318774
#r 0 2.5362645877
148029481 405120338
#r 1 147345759 405303142
420725815 -425022251
#r 0 2.5297170713
338868603 -367581874
#r 0 4.3164656603
300302578 -459845961
#r 0 4.3486663036
264726995 -553303855
#r 0 1.4755740617
274234838 -453756877
#r 0 2.4242823264
198877184 -388020859
#r 0 0.8228522345
266890488 -314711988
#r 0 3.8727487874
229670342 -348098524
#r 0 4.4847087849
223980171 -372657123
#r 0 2.5831416310
211500148 -364859682
#r 0 0.9604238523
219059616 -354052312
#r 0 1.3933553508
222546767 -334606543
#r 0 2.6451448320
196861335 -320692768
#r 0 1.9337620737
184903616 -289207901
#r 0 1.3320844358
196702072 -240724793
#r 0 1.9650581364
168408809 -172719596
#r 0 0.8217252296
242444843 -93099219
#r 0 3.4852251169
102098238 -143319325
#r 0 4.0630542768
22542217 -248114796
#r 0 2.5940984316
-73554362 -189528286
#r 0 3.6178966304
-223332036 -266801893
#r 0 4.2280877531
-325590989 -461177231
#r 0 4.2332335672
-447659196 -696132615
#r 0 5.7814147712
-133701434 -868370994
#r 0 6.1132343389
154213558 -917779034
#r 0 2.3624122545
-34913791 -730989080
#r 0 2.4927097575
-200270355 -605575518
#r 0 5.7928571461
242785 -712611386
#r 0 3.2459322823
-188995018 -732428355
#r 0 3.4504495480
-436078369 -811264638
#r 0 3.5275098004
-528615327 -848861494
#r 0 0.9985953515
-295459658 -486862469
#r 0 3.3544148696
-541833633 -540102569
#r 0 2.3897708998
-818001435 -281884279
#r 0 1.0469645470
-562297635 160769470
#r 0 0.1592808662
-99046592 235186898
#r 0 1.6304866435
-119650131 579950751
#r 0 5.6426438047
288866148 275448499
#r 0 1.4383025675
333091711 607286562
#r 0 3.5699442510
-123697108 398704266
#r 0 6.2390747308
301033616 379956988
#r 0 4.7158321458
302367397 -7411955
#r 0 2.0002465944
220253219 171893935
#r 0 1.7278552411
176432062 448606934
#r 0 5.5082868931
475421581 155831032
#r 0 0.5643009368
733187721 318985981
#r 0 1.3864349365
788414921 615143814
#r 0 3.9028549523
367222635 213807815
#r 0 2.0945370724
210951632 484388411
#r 0 2.6759669457
-178852339 680255190
#r 0 5.5339404777
235973902 294389259
#r 0 0.7950945788
475244327 538345397
#r 0 0.0349481071
834565900 550908121
#r 0 2.9271605250
280609461 671548940
#r 0 3.5728446020
-202099714 449436506
#r 0 0.2238574093
250567829 552496792
#r 0 4.0062956136
-55027705 194135643
#r 0 0.3391959800
244437206 299796599
#r 0 0.6864893035
511025251 518252445
#r 0 3.7719869553
371816961 416669536
#r 0 3.8071218988
303827081 363297282
#r 0 4.0925282964
278572858 327912290
#r 0 0.9983853606
290346568 346183800
#r 0 0.7866850378
298038885 353895941
#r 1 297682660 354510964
-984543034 144270826
#r 0 0.3674448935
-891218207 180194032
#r 0 0.9226593226
-830847981 259915020
#r 0 0.0780054316
-731152069 267707655
#r 0 3.2140993437
-781020696 264085496
#r 0 6.2140184236
-756079720 262357650
#r 0 2.9594352547
-768373280 264622115
#r 0 3.3564737539
-774557112 263272490
#r 0 0.1862464016
-771447144 263858502
#r 0 3.1396683908
-773030787 263861549
#r 1 -772980588 263650745
366737756 485628537
#r 0 0.2684373689
463156408 512151046
#r 0 3.3578918356
414321489 501420220
#r 0 4.1648026069
401270463 480017699
#r 0 2.9490839792
384100822 483364449
#r 0 2.1906522156
379014869 490490712
#r 0 6.0556071723
385447058 489001080
#r 0 3.2055185927
375961054 488393851
#r 0 3.2603185949
371180484 487823591
#r 0 2.1611134269
369801333 489881980
#r 0 3.2846088236
367207153 489508420
#r 0 3.0752868271
365257360 489637892
#r 0 5.8817747617
367224460 488802943
#r 0 2.2313813444
366239206 490070897
#r 0 2.7607669513
364164212 490901663
#r 0 3.0861479949
361234910 491064244
#r 0 2.0892129289
359318575 494423517
#r 0 0.2917272412
364828666 496078169
#r 0 0.1893093898
370045072 497077652
#r 0 0.2875996821
375758956 498767822
#r 0 2.2149875601
370973129 505139758
#r 0 0.2511640427
380642717 507620802
#r 0 5.7695838868
391973902 501228920
#r 0 3.4155224935
377692621 497215971
#r 0 3.0639102123
369743623 497834714
#r 0 3.3999126957
363666751 496229062
#r 0 6.0334035849
369013702 494865004
#r 0 0.3116652529
373540930 496323517
#r 0 2.2003248936
369809522 501446313
#r 0 4.5292187079
368342024 493524452
#r 0 2.0488134261
366488780 497101500
#r 0 3.1220596320
360752043 497213570
#r 0 2.0623075207
357674871 502961738
#r 0 3.1191210333
347897569 503181487
#r 0 3.0069342230
335139160 504909974
#r 0 6.0342389345
341378190 503323888
#r 0 0.1319287125
344610324 503752790
#r 0 3.0343730499
342951644 503931318
#r 0 4.7347545487
343007581 501430724
#r 0 2.7904764609
340569048 502323944
#r 0 3.8645133715
337802557 499883211
#r 0 3.9301206613
334059532 496116682
#r 0 2.8061205661
326724021 498674212
#r 0 2.6629110778
317116620 503659841
#r 0 6.2611412440
332505212 503320559
#r 0 2.8709800120
325088816 505377999
#r 0 0.0845874205
336504988 506345973
#r 0 0.1644415005
342337190 507313768
#r 0 3.1499760603
338873443 507284729
#r 0 2.2235946006
335862748 511222186
#r 0 4.1889047337
332245026 504954450
#r 0 6.2673721865
340120358 504829906
#r 0 2.0861505086
338161310 508288620
#r 0 3.8677780032
334050971 504638346
#r 0 6.1901299757
340982366 503991475
#r 0 5.9186177180
344234811 502750255
#r 0 3.1557967444
342390969 502724063
#r 0 0.1327260683
343304874 502846079
#r 0 2.1976429520
-649282821 -270779598
#r 0 2.9961068715
-748226381 -256282288
#r 0 3.0479258566
-847788028 -246929299
#r 0 4.6838700809
-850639531 -346888635
#r 0 1.6101436637
-852606390 -296927336
#r 0 0.5921887916
-831768084 -282908775
#r 0 2.0498175757
-840844520 -265432831
#r 0 0.2795929588
-831346536 -262705830
#r 0 0.1264709294
-820044314 -261268757
#r 0 0.1719632776
-804659461 -258596737
#r 0 0.8967104567
-790715554 -241143427
#r 0 3.8801249972
-811925041 -260452583
#r 0 0.6108165904
-800176977 -252227351
#r 0 4.1801918909
-803874345 -258506080
#r 0 1.0803576764
-802158329 -255292277
#r 1 -802084607 -255025525
411724544 245564399
#r 0 0.2983168124
507307799 274955577
#r 0 0.8716529196
571664028 351494951
#r 0 2.8110052950
477078843 383954815
#r 0 2.9509645489
378890301 402902381
#r 0 3.8552370598
303292171 337443060
#r 0 1.9690778241
264508679 429615945
#r 0 2.9920776819
165624335 444511798
#r 0 2.5059172396
85157248 503883912
#r 0 2.6082952682
-956296 554721472
#r 0 3.3424039567
-98946803 534775032
#r 0 4.8857949961
-81692975 436274751
#r 0 1.8318967041
-94600164 484580075
#r 0 0.5791536737
-73516821 498367728
#r 0 3.9527847327
-88807670 482266987
#r 0 2.2335851296
-105260648 503344788
#r 0 5.4678707420
-96093991 493612577
#r 0 5.2793135800
-92473319 487925403
#r 0 5.3470234923
-90474708 485210773
#r 0 2.2106411566
-91481072 486562862
#r 1 -91222718 486554833
795592083 -315379132
#r 0 2.6059054839
709600275 -264335925
#r 0 1.4182668349
724794149 -165496934
#r 0 2.7397289902
632760784 -126383513
#r 0 2.9817306454
534035858 -110465315
#r 0 4.0395353854
471713841 -188669958
#r 0 1.1260595112
514735872 -98397566
#r 0 1.2684122731
544515566 -2934642
#r 0 3.7723743955
463758896 -61912267
#r 0 1.2034860568
499669538 31417395
#r 0 3.5599946881
408295602 -9212690
#r 0 3.9479888894
339085191 -81392459
#r 0 3.1376556291
239085966 -80998758
#r 0 4.4731567308
215390285 -178150776
#r 0 2.0508413952
169208370 -89453365
#r 0 2.5695026990
85131237 -35314325
#r 0 4.4432242341
58538602 -131713660
#r 0 2.5775864684
-25973427 -78256041
#r 0 0.7749703677
45470750 -8286550
#r 0 2.5340931278
-36637039 48795066
#r 0 1.6642535179
-45969159 148358671
#r 0 0.4339511082
44761997 190404567
#r 0 0.0856098058
144395769 198955094
#r 0 2.8494898794
48631723 227751750
#r 0 1.7862733283
27250381 325439202
#r 0 2.1051847762
-23681104 411497228
#r 0 3.3276686189
-121954880 392996825
#r 0 1.6099739571
-125871641 492920090
#r 0 1.3440491481
-103390725 590360371
#r 0 1.7855242478
-124698886 688063812
#r 0 4.8176006555
-119448002 638340294
#r 0 1.7226081389
-123228736 663052762
#r 0 5.0399942840
-119197805 651191899
#r 0 4.3883584272
-125132596 633521919
#r 0 1.2087604928
-121831648 642237779
#r 0 1.0810848958
-119636554 646356019
#r 0 4.1898954280
-120801001 644333979
#r 1 -120812251 643966923
-521849662 466816098
#r 0 2.9684113327
-620353818 484047793
#r 0 1.8916636827
-651892795 578944015
#r 0 4.6040216158
-662708334 479530615
#r 0 0.5995188852
-580147616 535955148
#r 0 3.8460083757
-618247119 503575712
#r 0 3.6641201813
-640147995 490962498
#r 0 0.4490462377
-628764107 496448158
#r 0 0.5361657164
-623303165 499693211
#r 0 1.2379217702
-622261655 502705620
#r 0 4.5277550017
-622638718 500686658
#r 1 -622617153 501126845
-558514126 -706353026
#r 0 4.9332635076
-536605827 -803923649
#r 0 5.0491381641
-518750955 -854925404
#r 0 2.1782212654
-575826447 -772813357
#r 0 5.1949389235
-552624474 -817104083
#r 0 5.3846077684
-536815794 -836967429
#r 0 5.7405509143
-525909267 -843544242
#r 1 -525527791 -843990851
-218018041 -776753981
#r 0 0.2914103930
-122234079 -748023637
#r 0 0.5799093596
-38582847 -693228825
#r 0 3.8633544943
-113647130 -759299646
#r 0 0.8176150997
-79448982 -722823811
#r 0 0.5719621460
-58235857 -709168067
#r 0 0.6790683609
-48390540 -701221698
#r 0 3.6649812133
-53869746 -704383583
#r 0 4.3267834398
-57428596 -713150797
#r 0 1.4346475622
-55567522 -699565946
#r 0 4.5603122531
-56606126 -706342689
#r 0 5.4921411216
-54195323 -708780870
#r 0 2.1176589905
-55608715 -706459254
#r 1 -55153372 -707122298
517252615 315449462
#r 0 0.9976897035
571477106 399471510
#r 0 6.1693960158
670830404 388117121
#r 0 1.1096539846
715327546 477671598
#r 0 1.3298773727
739187060 574783511
#r 0 5.8382017629
829448835 531739208
#r 0 4.7636887828
834576565 431870763
#r 0 5.0840249821
870890589 338697314
#r 0 1.5222052231
875747787 438579282
#r 0 4.5020780592
854871389 340782677
#r 0 1.1243184453
898050525 430980028
#r 0 3.3083174996
799437167 414384677
#r 0 5.4981500783
870173504 343699667
#r 0 1.7317715542
854145414 442406811
#r 0 4.7512154707
856086251 392444495
#r 0 5.0144457927
863633377 368223263
#r 0 5.0861932177
868267380 356409246
#r 0 1.7680594357
867008000 362710487
#r 1 867369297 363162431
-836634468 79323631
#r 0 4.4503247942
-862541949 -17262095
#r 0 4.3979158193
-893473500 -112358042
#r 0 0.8019474323
-823942661 -40486890
#r 0 4.0998999176
-881433245 -122308848
#r 0 2.0667909276
-929023908 -34359267
#r 0 5.2290138042
-904326494 -77833832
#r 0 5.2574731432
-891358727 -99220019
#r 0 5.1342591631
-886213393 -110684217
#r 0 2.0376045275
-889040965 -105073476
#r 0 5.5884072065
-886622827 -107088754
#r 0 2.5420893021
-887922270 -106200705
#r 1 -888029817 -106100208
-478957491 -425697431
#r 0 3.3240377412
-577297792 -443840893
#r 0 3.4211390899
-673415860 -471432865
#r 0 1.4262254241
-659009078 -372476083
#r 0 3.5821549704
-749460279 -415120898
#r 0 3.9324903640
-819781013 -486219382
#r 0 3.8025747986
-857062503 -515212445
#r 0 0.9732527673
-800801165 -432540432
#r 0 0.9669543998
-744020247 -350224411
#r 0 3.9073075343
-816108956 -419529663
#r 0 4.2464467707
-860947270 -508694209
#r 0 0.0540449149
-761093277 -503292348
#r 0 3.2806449104
-810610667 -510222577
#r 0 3.1251696833
-835787171 -509809067
#r 0 2.8642439823
-847898343 -506361187
#r 0 3.4805960224
-854149048 -508565285
#r 0 0.7115265762
-851574214 -506345298
#r 0 4.0029309027
-854721529 -510010990
#r 0 0.9108943969
-853240596 -508102442
#r 0 0.6445682967
-852272713 -507374914
#r 1 -852236105 -507358580
744680137 283363242
#r 0 4.2379173967
698993290 194409816
#r 0 1.4518683504
710858072 293703456
#r 0 1.4985510119
718076321 393442600
#r 0 1.6269861891
712460291 493284776
#r 0 1.1252621477
755554288 583522836
#r 0 4.3121690342
736073242 537474070
#r 0 1.0818025480
747816688 559544219
#r 0 1.5212029592
748441212 572126790
#r 0 4.6587524720
748103516 565836819
#r 0 1.5437947233
748188548 568985185
#r 1 748100301 568835073
787479252 -388621533
#r 0 3.8217430577
709731438 -451512530
#r 0 3.7498046313
627664337 -508652630
#r 0 1.8727413155
597926560 -413176640
#r 0 3.9977595939
532392808 -488710257
#r 0 2.6508058815
444196577 -441578263
#r 0 4.0652044673
383902312 -521356717
#r 0 4.1229213794
328310457 -604480394
#r 0 3.9990271654
262872501 -680097019
#r 0 3.9797344395
195987963 -754437174
#r 0 4.1616930319
143659921 -839653229
#r 0 4.3504223886
108248513 -933173452
#r 0 3.9058116504
39337117 -999225996
#r 0 0.5509190288
124541497 -946878946
#r 0 3.3669099462
27069170 -969220511
#r 0 0.0715606669
126813233 -962070550
#r 0 2.9468063791
28704327 -942714864
#r 0 6.1860461094
78468612 -947564189
#r 0 5.4732767346
95871196 -965841477
#r 0 2.3511160200
86993977 -956873631
#r 0 2.2798121311
82884545 -952083072
#r 1 82865420 -952792854
734374273 161323653
#r 0 2.8628965604
638232777 188833882
#r 0 3.1211230741
538253726 190880697
#r 0 2.8937114867
441310281 215415741
#r 0 2.8868398186
344537720 240616364
#r 0 1.8494149959
317034935 336759990
#r 0 2.9576503163
218721910 355050672
#r 0 1.9078819517
185648096 449422929
#r 0 1.7737833297
165488506 547369807
#r 0 1.8116491060
141635418 644483298
#r 0 1.9303658894
106448282 738088135
#r 0 1.7568603103
87949056 836362133
#r 0 1.6862019422
76434094 935696949
#r 0 2.2971614860
19476235 999810320
#r 0 5.4083176748
46966433 966901817
#r 0 2.0623588880
36837336 985820672
#r 0 5.1922799999
41791136 976302779
#r 0 2.2138251798
38573760 980596837
#r 0 5.2198697936
39877557 978252115
#r 1 39788335 978806721
-835925574 -325109799
#r 0 1.6511740517
-843954695 -225432654
#r 0 1.3383992058
-820923609 -128120943
#r 0 1.3384807465
-797900458 -30807355
#r 0 1.2060732676
-762231400 62614903
#r 0 1.6997204562
-775088128 161784982
#r 0 0.8918695412
-712292312 239609692
#r 0 1.4476471675
-700008500 338852364
#r 0 3.0937289693
-799893975 343636905
#r 0 2.0609356842
-846968859 431863631
#r 0 6.0807152409
-749011573 411754676
#r 0 6.1148905030
-650424391 395004527
#r 0 0.7250209326
-575575837 461319638
#r 0 0.8242818765
-507667408 534725669
#r 0 4.0323919069
-539106945 495846941
#r 0 4.0580817493
-554389335 475922654
#r 0 3.5326015181
-566284095 471019221
#r 1 -565813218 470794277
191098699 -491490599
#r 0 2.6275054422
104024505 -442316574
#r 0 2.2579265496
40592379 -365009618
#r 0 2.4849285005
-38610931 -303961803
#r 0 2.3197186250
-106695913 -230719498
#r 0 2.3772509745
-178879724 -161513303
#r 0 2.1767966153
-235838177 -79320027
#r 0 2.4656894574
-313852400 -16759808
#r 0 2.2730801729
-378448679 59577082
#r 0 2.4573378880
-455937711 122786653
#r 0 2.2453888013
-518395622 200882808
#r 0 2.5192871386
-599649293 259173810
#r 0 2.0782740547
-648246733 346571115
#r 0 2.3416442209
-717921103 418303131
#r 0 5.8239640361
-628281309 373978112
#r 0 2.7427118158
-674356120 393397476
#r 0 2.8000900283
-697998018 401800479
#r 0 5.9654616337
-686080513 397881229
#r 1 -685698225 397943553
76967052 -918743877
#r 0 2.0875332928
27562475 -831800288
#r 0 2.0131083303
-15240536 -741423841
#r 0 2.2373597080
-77069399 -662828728
#r 0 2.2267291085
-138059271 -583580791
#r 0 2.2383950873
-199969477 -505049737
#r 0 2.2260620688
-260906474 -425761135
#r 0 2.2587155268
-324399574 -348504250
#r 0 2.0441678929
-369988543 -259500621
#r 0 2.2191972819
-430379809 -179795571
#r 0 2.2368337409
-492167325 -101167949
#r 0 2.2619172166
-555907451 -24114745
#r 0 2.1893298181
-613891549 57358222
#r 0 2.1800096572
-671113798 139368064
#r 0 2.1858112064
-728810866 221044550
#r 0 1.9904972923
-769559605 312365633
#r 0 2.3065846956
-836676783 386495818
#r 0 5.5518328315
-799463194 353101976
#r 0 2.7449291614
-822768292 362863685
#r 0 5.8298413481
-811410958 357330551
#r 0 5.9793326026
-805364258 355434532
#r 0 2.5546910918
-808006016 357191506
#r 0 5.4501680100
-804820626 353687323
#r 0 2.2447645887
-806298353 355537410
#r 0 2.5275442080
-807269914 356222323
#r 2 -807181733 356203433
