701687785 -541700890
#r 0 5.3801821572
732650521 -580960398
#r 0 2.2118506797
717699502 -560923757
#r 0 5.3580283741
725220867 -570907696
#r 0 5.3503153600
728943013 -575928629
#r 0 2.1665013611
727189563 -573341847
#r 1 727617253 -574016722
-499127383 633119407
#r 0 5.2678366425
-472761197 590636184
#r 0 5.9677950567
-425227427 575126809
#r 0 4.8348031136
-419121996 525500972
#r 0 4.1352598053
-446403013 483599348
#r 0 0.1563597529
-397012978 491385518
#r 0 3.3507612783
-421468075 486194350
#r 0 0.2653656565
-409405618 489472627
#r 0 3.3723670884
-415489927 488043055
#r 1 -414646840 488027184
-483608482 -622730427
#r 0 4.7534148695
-481557763 -672688355
#r 0 5.9769507229
-433883989 -687761883
#r 0 3.8016721183
-473381164 -718420864
#r 0 3.8129838236
-512529015 -749524655
#r 0 0.7091359764
-493555895 -733245198
#r 0 0.6401239799
-483516353 -725768384
#r 0 0.4341333849
-477837829 -723135631
#r 0 3.5922089052
-480655008 -724498625
#r 1 -480815414 -724617684
-400050622 -282770132
#r 0 3.9019324228
-436280717 -317228516
#r 0 0.7708003491
-418346885 -299810776
#r 0 0.6418410888
-408333354 -292326568
#r 0 1.1382221061
-405682629 -286585842
#r 0 0.5479087348
-402779108 -284814022
#r 0 4.6161404998
-402779108 -284814022
#r 0 0.2306797436
-401119699 -284424292
#r 0 4.6044811488
-401119699 -284424292
#r 0 4.6391163966
-401119699 -284424292
#r 0 1.1737633946
-401119699 -284424292
#r 0 5.5502227071
-401119699 -284424292
#r 0 0.6454101016
-400333004 -283831921
#r 0 4.6172595628
-400333004 -283831921
#r 0 3.1516266656
-400825369 -283836862
#r 0 4.6024946727
-400825369 -283836862
#r 0 1.1466462841
-400825369 -283836862
#r 0 3.4943298985
-401133662 -283950355
#r 0 4.5605997847
-401133662 -283950355
#r 0 0.6124842395
-400999262 -283855922
#r 0 5.5429279684
-400999262 -283855922
#r 0 3.4067617482
301295572 728310821
#r 0 4.6049797786
295935432 678598962
#r 0 5.2795125144
322795838 636426476
#r 0 0.9281140475
352763075 676451027
#r 0 3.4206132912
328729935 669565670
#r 0 0.8701877032
336788473 679121294
#r 0 0.8614026881
342063376 685265799
#r 0 3.9378684113
339231572 682371708
#r 0 4.5072794375
338817482 680381228
#r 0 0.8802168952
339465007 681164862
#r 0 0.8624746615
339864846 681631628
#r 0 0.8598525285
340182651 682000666
#r 0 0.8322613425
340526286 682378118
#r 0 3.4281608538
340281472 682305976
#r 0 2.5527758881
340281472 682305976
#r 0 2.5664806897
340281472 682305976
#r 0 3.4031797360
340126478 682264481
#r 0 3.3860739272
339995624 682231837
#r 0 3.8330394397
339881095 682137033
#r 0 0.8638228934
339929380 682193555
#r 0 0.8395666255
339954925 682222030
#r 0 0.8345927390
538670319 187274473
#r 0 2.3367831037
504007894 223309404
#r 0 3.8292618577
465371516 191572512
#r 0 5.5227213292
501597330 157109628
#r 0 5.5271304587
537974743 122806803
#r 0 1.6626451668
535681749 147701424
#r 0 1.6575092022
534150627 165314519
#r 0 3.2996061365
534150627 165314519
#r 0 4.8497076629
535360680 156557971
#r 0 2.5619009635
535360680 156557971
#r 0 5.3095029160
537852148 152893553
#r 0 5.3315236961
539485055 150602086
#r 0 5.2662064621
540742887 148567977
#r 0 5.3154532883
542199032 146453468
#r 0 5.3184012721
544088857 143726446
#r 0 5.2873584533
546617422 139824353
#r 0 4.8586445954
547599476 133157655
#r 0 1.6982400242
547171239 136499650
#r 0 5.3189253891
548131537 135115487
#r 0 5.4064266952
548780407 134335733
#r 0 2.9190093293
548285710 134447700
#r 0 5.3278203984
-356518068 -65592954
#r 0 4.0903097907
-385654374 -106226385
#r 0 4.0595298993
-416027374 -145943899
#r 0 5.8973771317
-369702643 -164759300
#r 0 2.7885602873
-393160858 -156115681
#r 0 6.0088349656
-381128340 -159502201
#r 0 2.9872137861
-387304010 -158541161
#r 0 6.1588801439
-384203123 -158928615
#r 0 6.1182617297
-382660432 -159185373
#r 1 -382796078 -159185174
-276446552 932869643
#r 0 5.9125948666
-229840868 914761350
#r 0 5.9237240022
-183036545 897172849
#r 0 3.9800200380
-216468197 859993222
#r 0 4.7712487378
-213526908 810079809
#r 0 0.7063747353
-175490910 842533821
#r 0 0.6299493820
-135088044 871989014
#r 0 0.7903502416
-99908220 907519001
#r 0 3.9044912377
-117979121 890243513
#r 0 3.9571096243
-126554227 881135656
#r 0 4.0009478230
-130638109 876398180
#r 0 0.8978535192
-128688851 878843754
#r 0 4.0069343863
-129702712 877653295
#r 1 -129922833 877334461
-550539604 -271667289
#r 0 0.3326919668
-503281274 -255337861
#r 0 3.4279566938
-527263204 -262399516
#r 0 4.1883041219
-533531874 -273244993
#r 0 0.3196626186
-527585771 -271276744
#r 0 3.8504548294
-529963053 -273315387
#r 0 1.3168807979
-529569718 -271799745
#r 0 4.1182817578
-530007975 -272448514
#r 0 4.1451383450
-530241180 -272814557
#r 0 4.1063987926
-530404328 -273049991
#r 0 3.3119239376
-530404328 -273049991
#r 0 3.2715287648
-530404328 -273049991
#r 0 4.1766996925
-530535748 -273271391
#r 0 4.2022274153
-530675989 -273522013
#r 0 0.1435779097
-530675989 -273522013
#r 0 4.0925973909
-530891570 -273824118
#r 0 4.1572669291
-531170575 -274273999
#r 0 4.1943196463
-531552319 -274943724
#r 0 4.1357433822
-532172598 -275897435
#r 0 3.2450506029
-532172598 -275897435
#r 0 5.4569901605
-532172598 -275897435
#r 0 3.2691340185
-618319202 -169265767
#r 0 1.0772281016
-594630640 -125233370
#r 0 4.9028333227
-589898260 -149781375
#r 0 1.5767433300
-589972597 -137281597
#r 0 1.1361316753
-587252815 -131423520
#r 0 4.8057286984
-586951828 -134638792
#r 0 1.1480792132
-586289428 -133166255
#r 0 4.8234798934
-586199925 -133968609
#r 0 1.1609636123
-586039082 -133598373
#r 0 1.1510919035
-585937332 -133370346
#r 0 4.8082778554
-585925379 -133494621
#r 0 6.0887588280
-585925379 -133494621
#r 0 1.1731461402
-585901205 -133437068
#r 0 4.4827854313
-585908308 -133467460
#r 0 1.1912963754
-585902527 -133452965
#r 0 6.0794383239
-585902527 -133452965
#r 0 1.1584616487
-585899331 -133445658
#r 0 1.1726429801
-585897627 -133441606
#r 0 1.1367408744
-585896412 -133438985
#r 0 1.1643933904
-585895392 -133436614
#r 0 4.5314960945
-585895624 -133437883
#r 0 5.5406841915
755102565 -188650360
#r 0 0.4322573815
800503685 -167704279
#r 1 799619115 -167943746
380790345 -501424583
#r 0 1.5820139180
380229477 -451427729
#r 0 2.1129057656
354432270 -408596617
#r 0 6.1126607196
403707064 -417081585
#r 0 2.4200842953
384936807 -400568637
#r 0 2.4508364960
372780607 -390520223
#r 0 2.4389200111
362952837 -382197404
#r 0 2.4074558605
352655547 -372905180
#r 0 2.4052029429
339417316 -360904843
#r 0 2.4557027900
320071100 -345070941
#r 0 5.9341427416
331817249 -349345880
#r 0 2.7732331729
325986557 -347095367
#r 0 2.8660418145
322978352 -346244817
#r 0 2.7862557030
321508635 -345699422
#r 1 321721178 -345747892
-579009961 358478730
#r 0 5.7159731336
-536839856 331614586
#r 0 2.6106017484
-558397498 344274287
#r 0 5.7404994189
-547693440 337818814
#r 0 5.7968818010
-542167269 334897408
#r 0 5.7251260045
-539513134 333240566
#r 0 5.7792016312
-538143185 332485058
#r 1 -538500010 332660232
299350043 -849072587
#r 0 5.0353765187
315220094 -896487157
#r 0 5.0402147650
331226478 -943551280
#r 0 1.8717602823
323858211 -919812754
#r 0 1.9176839579
319630026 -908116705
#r 0 5.0571704435
321731797 -913969169
#r 1 321575629 -913690501
547958642 -796389549
#r 0 1.8995908339
531813525 -749067935
#r 0 1.9052282546
515401894 -701838089
#r 0 1.5044126340
518718641 -651948218
#r 0 1.1709046931
538184567 -605893059
#r 0 1.2303572397
554879618 -558762652
#r 0 0.5227168225
598202920 -533800851
#r 0 2.7459958997
552064582 -514532905
#r 0 0.8690429033
584342471 -476347334
#r 0 0.9400720788
613828962 -435967304
#r 0 4.1106695978
599677445 -456576392
#r 0 3.9597098222
591125302 -465707314
#r 0 0.7718281587
595608048 -461344608
#r 0 0.9280791759
597486674 -458835678
#r 1 596866216 -459582003
120566706 -818818612
#r 0 2.0006501128
99729811 -773367277
#r 0 2.0519119952
76591387 -729043318
#r 0 2.1083149991
50991079 -686094229
#r 0 5.2092054464
62906811 -708071838
#r 0 5.2831792680
69671704 -718607675
#r 0 5.3538105371
73417691 -723624023
#r 0 2.1955213879
71586834 -721084928
#r 1 71649449 -721212014
137093106 -178832048
#r 0 3.1307642657
87096037 -178290639
#r 0 6.0571069280
111459861 -183894575
#r 0 3.0578892555
99003625 -182849504
#r 0 1.9925841597
99003625 -182849504
#r 0 3.0629065721
92648128 -182348380
#r 0 3.1051484718
89211990 -182223097
#r 0 4.0708189606
89211990 -182223097
#r 0 1.5489634503
89211990 -182223097
#r 0 3.0061557192
86999643 -181921618
#r 0 3.0653928597
85188784 -181783363
#r 0 3.0756303325
83203342 -181652208
#r 0 1.2529208583
83203342 -181652208
#r 0 4.0511214261
83203342 -181652208
#r 0 3.0214967127
80650231 -181344107
#r 0 6.0893389803
81911965 -181591800
#r 0 4.1059612473
81911965 -181591800
#r 0 4.1198733540
81911965 -181591800
#r 0 3.1103705676
81269370 -181571730
#r 0 3.0794156618
80940180 -181551236
#r 0 0.9315451768
80940180 -181551236
#r 0 3.1183113470
-671832205 450572368
#r 0 4.5992010697
-677479524 400892314
#r 0 0.1180417771
-627827466 406780706
#r 0 4.7214290441
-627375469 356782749
#r 0 5.4838189869
-592517412 320937026
#r 0 5.4632382178
-558404417 284381539
#r 0 5.4488276449
-524821732 247338277
#r 0 2.3160054669
-541774870 265711929
#r 0 2.2508202369
-549635619 275432147
#r 0 5.4407734265
-545474894 270767721
#r 0 5.2749821906
-543804056 268117985
#r 0 2.1224222151
-544624895 269451935
#r 1 -544539849 269369440
-468532303 -84888903
#r 0 2.5598730428
-510308254 -57415827
#r 0 2.6129173840
-553482054 -32196331
#r 0 5.5816917442
-534385076 -48330313
#r 0 2.4397692168
-543930903 -40260173
#r 0 2.2054854114
-547636698 -35227322
#r 0 5.3591225105
-545753627 -37721248
#r 0 5.3062387515
-544879194 -39016425
#r 1 -545075532 -38752535
242220329 -192797614
#r 0 2.4379126294
204097015 -160446216
#r 0 5.7879552888
226093501 -172327067
#r 0 2.6478904825
215086195 -166403452
#r 0 1.7705161012
215086195 -166403452
#r 0 3.1997883928
208846762 -166766971
#r 0 1.7258469612
208846762 -166766971
#r 0 1.7118542972
208846762 -166766971
#r 0 3.6985991556
205491099 -168856835
#r 0 1.6619985216
205491099 -168856835
#r 0 0.6660284108
207045274 -167635549
#r 0 1.4455081539
207170231 -166643414
#r 0 4.3939627006
207013699 -167118265
#r 0 3.7073063291
206794946 -167257160
#r 0 2.3330169989
206794946 -167257160
#r 0 0.2018107001
206921878 -167231190
#r 0 5.8299328122
206987302 -167263056
#r 0 2.4298944385
206959749 -167239292
#r 0 5.8399616068
206976183 -167247094
#r 0 3.7022336027
206976183 -167247094
#r 0 4.4248638086
206976183 -167247094
#r 0 2.6088304345
474168597 127670696
#r 0 1.3464976504
485289730 176418213
#r 0 3.2361662034
435513167 171696581
#r 0 2.9449660569
386476607 181464683
#r 0 2.9235873372
337660067 192278812
#r 0 3.6721009457
294532567 166980220
#r 0 6.1603543179
319344211 163917161
#r 0 2.0271969397
319344211 163917161
#r 0 0.3816182049
335010716 170203977
#r 0 5.2761186062
335010716 170203977
#r 0 2.7704774926
327144882 173264940
#r 0 0.6749699139
327144882 173264940
#r 0 6.1450288251
331324884 172683743
#r 0 4.1180582422
331324884 172683743
#r 0 2.2159309809
331324884 172683743
#r 0 4.1136449947
331324884 172683743
#r 0 4.0590870622
331324884 172683743
#r 0 1.8617324576
331324884 172683743
#r 0 3.7306959709
329570458 171511334
#r 0 1.9285564682
329570458 171511334
#r 0 4.1287160663
328745725 170262553
#r 0 1.9756329416
595496296 -707793242
#r 0 1.0772750474
619182791 -663759733
#r 0 2.7885379033
572266748 -646471445
#r 0 1.5907496818
571269146 -596481398
#r 0 2.9531902493
522153911 -587116908
#r 0 1.4451095044
528421719 -537511318
#r 0 2.7453082650
482296641 -518211650
#r 0 0.3186016808
506038500 -510380677
#r 0 2.5156415755
506038500 -510380677
#r 0 2.5987535820
506038500 -510380677
#r 0 1.9333723436
506038500 -510380677
#r 0 3.1578375217
493540149 -510583729
#r 0 2.7699601827
487210487 -508116791
#r 0 1.9374632770
487210487 -508116791
#r 0 2.4706428811
482813703 -504626619
#r 0 2.9789326548
476105996 -503525818
#r 0 0.2227320576
479420756 -502775059
#r 0 0.2019234378
481314128 -502387461
#r 0 2.7460958548
480422404 -502015170
#r 0 1.9745277304
480175443 -501437076
#r 0 1.3010849315
480380099 -500696770
#r 0 2.9892072335
677928845 -196320030
#r 0 2.3877861008
641474401 -162099079
#r 0 2.3677584693
605712587 -127154943
#r 0 1.6827125204
600128451 -77467747
#r 0 3.7696546053
559670062 -106846630
#r 0 0.5583910051
580872779 -93601073
#r 0 3.6589876281
570008897 -99783795
#r 0 0.5399508421
575369733 -96570709
#r 1 575744462 -96497905
134234208 -184258840
#r 0 4.5942374075
128340365 -233910251
#r 0 3.6072573633
83664200 -256361093
#r 0 2.4310572166
45763562 -223749106
#r 0 1.9089122034
29178050 -176580040
#r 0 5.8505056937
74570322 -197545289
#r 0 2.7085506455
51877986 -187054440
#r 0 2.7051514683
40549713 -181770478
#r 0 2.6541811355
35027443 -178843300
#r 0 2.8381727803
32034704 -177906311
#r 1 31956700 -177953608
-222667336 -46611794
#r 0 4.4246140852
-236858302 -94555683
#r 0 1.7002302116
-240085122 -69764805
#r 0 0.9985985279
-232240927 -57585771
#r 0 3.8498016046
-237742400 -62297338
#r 0 1.7029179644
-237742400 -62297338
#r 0 1.5903919980
-237742400 -62297338
#r 0 5.6357882873
-237742400 -62297338
#r 0 0.9576358448
-235658310 -59335442
#r 0 1.7713558530
-235658310 -59335442
#r 0 3.6861330531
-237207221 -60273491
#r 0 0.1997998324
-236319825 -60093792
#r 0 2.0743131661
-236319825 -60093792
#r 0 1.7977918880
-236319825 -60093792
#r 0 0.0662624580
-235817765 -60060476
#r 0 5.3895892427
-235817765 -60060476
#r 0 5.6405292499
-235520633 -60282933
#r 0 0.4770326215
-235520633 -60282933
#r 0 1.6476268340
-235520633 -60282933
#r 0 4.4700775052
-235520633 -60282933
#r 0 0.9826739233
-235520633 -60282933
#r 0 1.7822188250
219528894 970092025
#r 0 4.1351056197
192241416 928194608
#r 0 5.6340031792
232070341 897967853
#r 0 3.8026860314
192604271 867268841
#r 0 4.7348755412
193728504 817281482
#r 0 3.1438660669
143728633 817167811
#r 0 3.3531308935
94843178 806669606
#r 0 4.8196549637
100196198 756956980
#r 0 0.1563138057
149586591 764740881
#r 0 1.9965755754
128935062 810276739
#r 0 2.0731229202
104861761 854099977
#r 0 5.2043837776
116671387 832065169
#r 0 5.2509548296
123083388 821333460
#r 0 5.1791636368
125898127 815747717
#r 0 5.2023457470
127370445 812987116
#r 0 2.0810636704
126606405 814352180
#r 1 126773565 814049054
-384209398 -106897359
#r 0 0.2510431208
-335776707 -94476633
#r 0 5.3980827254
-304116202 -133175630
#r 0 5.4256221613
-271402088 -170988151
#r 0 5.5508188187
-234222379 -204419712
#r 0 2.4016084259
-252684359 -187562805
#r 0 2.5081051422
-262759543 -180162886
#r 0 5.6902775251
-257575997 -183655431
#r 1 -257953519 -183544948
615373946 -411111791
#r 0 6.0386078059
663885932 -423219112
#r 0 2.5704689612
642853580 -409704668
#r 0 5.9808137995
654786492 -413426980
#r 0 5.8767225896
660925608 -416069453
#r 0 5.9640618470
664599403 -417283337
#r 0 5.8986485493
667370355 -418404694
#r 0 2.7298451131
666000647 -417806528
#r 0 3.0293552083
665257488 -417722766
#r 0 5.9892123032
665615378 -417831115
#r 0 5.9878684334
665800048 -417887294
#r 0 5.9504264662
665902240 -417922613
#r 0 5.9074534450
665973023 -417950535
#r 0 5.9654843591
666042670 -417973438
#r 0 5.9026617570
666122573 -418005401
#r 0 5.9238241732
666231758 -418046419
#r 0 5.9251463613
666387749 -418104786
#r 0 5.9611975212
666619530 -418182107
#r 0 5.9551588781
666962195 -418298723
#r 0 5.8913619619
667461362 -418504973
#r 0 5.9442077441
668224848 -418774168
#r 0 1.7487292348
326662212 790338362
#r 0 3.5634652919
281046024 769864881
#r 0 0.3569561229
304470143 778600477
#r 0 0.1788328424
316822503 780833339
#r 0 0.3686791191
323203274 783298514
#r 0 0.1329178318
327090533 783818264
#r 0 0.1780044138
330305985 784396751
#r 0 0.1318692179
333760689 784854979
#r 0 0.1380475349
338202882 785472138
#r 0 0.0888680680
344440501 786027927
#r 0 4.4827510680
344440501 786027927
#r 0 0.1454721035
353490575 787353826
#r 0 5.6319270220
353490575 787353826
#r 0 0.1500022676
366835944 789370812
#r 0 3.9701128308
362274205 784397654
#r 0 0.1576982020
365606566 784927561
#r 0 0.2171481157
367857527 785424183
#r 0 0.1885017555
369859771 785806144
#r 0 0.1811369348
372158752 786227189
#r 0 0.2389752503
375161811 786958827
#r 0 0.1435431388
379451337 787578823
#r 0 0.2222566880
340630368 -61653550
#r 0 4.9742262875
353573152 -109949351
#r 0 2.6629980938
309191000 -86922746
#r 0 2.3850510686
272830288 -52602219
#r 0 2.9654268517
223604143 -43839418
#r 0 2.9846994125
174218269 -36026900
#r 0 6.1558238703
199015780 -39202335
#r 0 2.9289345630
186797364 -36564100
#r 0 6.0195854938
192831477 -38192585
#r 0 2.9083717835
189791081 -37470359
#r 0 6.0318703912
191304496 -37858918
#r 1 190880101 -37737852
-936931568 -253662529
#r 0 0.8776435341
-904983288 -215200763
#r 0 6.0332302057
-856537112 -227568786
#r 0 5.9753428419
-808887636 -242718948
#r 0 6.1314055309
-759462459 -250278832
#r 0 5.4263829563
-726719587 -288066453
#r 0 5.4350130307
-693651828 -325570097
#r 0 0.4352506415
-648313608 -304488213
#r 0 0.4720075180
-603780742 -281754452
#r 0 3.5394731543
-626827849 -291441084
#r 0 0.3913656790
-615272988 -286672945
#r 0 0.3971862810
-609509287 -284255185
#r 0 3.4194493181
-612514556 -285112394
#r 0 0.2118969737
-610986940 -284783763
#r 1 -610984135 -284762906
-55698254 -527054964
#r 0 0.1081792793
-5990538 -521656544
#r 0 1.0078273335
20694429 -479372829
#r 0 5.9291355341
67593247 -496707791
#r 0 5.8610337549
113203722 -517193994
#r 0 2.7690859538
89918274 -508095210
#r 0 5.9315460384
101653390 -512400675
#r 1 101051732 -512310954
-176767589 -188188183
#r 0 4.4466296280
-189899691 -236432850
#r 0 1.1866663455
-180530875 -213254730
#r 0 3.4187832782
-180530875 -213254730
#r 0 1.1780800360
-175680646 -201545811
#r 0 1.1267923387
-172802221 -195494647
#r 0 1.1374822538
-171056954 -191722224
#r 0 1.1628547069
-169724823 -188639916
#r 0 1.1866391896
-168402375 -185368482
#r 0 5.7775200068
-168402375 -185368482
#r 0 1.1601642307
-166640424 -181321581
#r 0 4.3711824605
-167378911 -183401270
#r 0 1.1547299274
-166932932 -182391954
#r 0 4.6155519203
-166986276 -182941097
#r 0 5.7096382219
-166986276 -182941097
#r 0 1.1850766351
-166882489 -182685502
#r 0 1.1625819461
-166823370 -182548814
#r 0 1.1515037041
-166784423 -182461434
#r 0 2.5909219964
-166784423 -182461434
#r 0 1.1495237889
-166750900 -182386622
#r 0 1.1360604588
-166712550 -182304037
#r 0 1.1865082865
133207554 429148051
#r 0 1.7660550437
123506537 478197926
#r 0 4.7856787606
125337142 453265039
#r 0 1.6084002638
124867204 465756201
#r 0 1.7218250220
123925662 471942919
#r 0 4.9589007316
124689203 468908533
#r 0 1.8336932202
124282625 470419267
#r 1 124272539 470642179
420725815 -425022251
#r 0 2.5655006749
378795918 -397784709
#r 0 1.1464779974
399380901 -352218730
#r 0 3.3556230779
350521761 -362838734
#r 0 6.0731637786
374972422 -368050758
#r 0 1.4752154546
374972422 -368050758
#r 0 1.5292430055
374972422 -368050758
#r 0 2.4533280028
365318054 -360110785
#r 0 1.4649554090
365318054 -360110785
#r 0 1.4468287153
365318054 -360110785
#r 0 2.2490635313
360597894 -354253049
#r 0 2.9624624609
354084846 -353073724
#r 0 1.3185120729
354084846 -353073724
#r 0 1.3058734948
354084846 -353073724
#r 0 2.2203830823
350941173 -348934875
#r 0 1.3096303862
350941173 -348934875
#r 0 1.2714393910
350941173 -348934875
#r 0 1.3152558081
350941173 -348934875
#r 0 2.7189780711
344597993 -346082269
#r 0 1.2067973536
344597993 -346082269
#r 0 1.2307651734
344597993 -346082269
#r 0 1.3267227404
-984543034 144270826
#r 0 5.2710714114
-958039563 101873114
#r 0 5.1253882654
-937971651 56077056
#r 0 5.6756888781
-896917668 27536375
#r 0 0.2113812583
-848030566 38026906
#r 0 5.6092121946
-808963154 6822142
#r 0 5.1202779040
-789129538 -39075872
#r 0 5.4119720082
-756934602 -77331409
#r 0 0.8349023393
-723372098 -40269861
#r 0 0.7832906453
-687942325 -4989112
#r 0 0.8266208428
-654074051 31793221
#r 0 0.7938578992
-619019070 67446388
#r 0 0.7546104341
-582592147 101696633
#r 0 3.9076943205
-600607621 84363350
#r 0 0.7667085551
-591605145 93035456
#r 0 0.8313587101
-587393441 97653255
#r 1 -587840013 96924944
366737756 485628537
#r 0 5.5078553416
402447262 450630948
#r 0 6.1773010799
452167237 445346624
#r 0 5.2044617028
475789922 401278850
#r 0 5.3258283171
504574078 360395206
#r 0 5.1882201617
527477951 315949592
#r 0 2.0773985022
515347726 337809547
#r 0 5.2390831955
521631205 327003629
#r 0 2.4079330282
516989150 331188580
#r 0 5.5682540342
519348956 329139938
#r 0 5.5609546129
520521762 328106669
#r 1 520190301 328360927
-649282821 -270779598
#r 0 5.7545571050
-606107834 -295997061
#r 0 5.7026317881
-564299875 -323421404
#r 0 4.6165502343
-569084480 -373191953
#r 0 1.5164518252
-567726536 -348228861
#r 0 1.4272313909
-565935056 -335836179
#r 0 1.4610772735
-565249483 -329612828
#r 0 1.4073069892
-564739727 -326522680
#r 1 -564683592 -326200859
411724544 245564399
#r 0 3.2626729159
362090607 239525167
#r 0 5.2012352522
385570987 195381405
#r 0 4.0445641539
354607008 156122877
#r 0 5.9848191602
402397911 141424930
#r 0 2.7729995360
379077032 150432515
#r 0 4.0064495464
379077032 150432515
#r 0 5.2006314990
384940463 139393033
#r 0 2.7493526020
379165120 141782153
#r 0 2.0702114556
377093631 145579265
#r 0 2.9399384183
377093631 145579265
#r 0 2.7672668883
374653710 146537783
#r 0 2.8078554200
371869493 147503088
#r 0 2.7090719913
368337664 149133646
#r 0 3.5881068914
368337664 149133646
#r 0 2.7909752565
363257918 150991453
#r 0 5.9691523759
365830067 150156071
#r 0 0.3604366593
367097074 150633608
#r 0 2.7686891484
366466597 150880255
#r 0 2.7592822300
366019319 151060103
#r 0 5.9684352895
366248518 150985482
#r 0 2.7420023825
795592083 -315379132
#r 0 2.0636050205
771936971 -271328755
#r 0 3.2556820597
722262028 -277020858
#r 0 4.7861305528
725945766 -326884974
#r 0 4.8673269072
733661704 -376286030
#r 0 4.7937788058
737726704 -426120514
#r 0 4.9086055152
747474697 -475161075
#r 0 1.7626442613
742707866 -450619737
#r 0 1.7199441627
740850387 -438258275
#r 0 4.8502709200
741709438 -444449076
#r 0 4.8357945340
742094158 -447550764
#r 0 1.6935726819
741902774 -445999800
#r 1 741934316 -445980537
-521849662 466816098
#r 0 2.2749300593
-554218353 504924730
#r 0 3.2178875914
-604072901 501113683
#r 0 0.0752628116
-579143674 502993477
#r 0 0.0830601660
-566686755 504030537
#r 0 0.1432644375
-560500575 504922910
#r 0 6.2136513813
-557367055 504704672
#r 1 -558290811 504826160
-558514126 -706353026
#r 0 0.5538860395
-515989781 -680053215
#r 0 2.3473075845
-551029529 -644385077
#r 0 1.9491125805
-569497344 -597920684
#r 0 2.4575384136
-608248197 -566323668
#r 0 2.4925600600
-648081641 -536102869
#r 0 2.4481165091
-686533074 -504142154
#r 0 5.5787360037
-667483866 -520332512
#r 0 2.3358253400
-676140840 -511315484
#r 0 5.4712903345
-671840061 -515850436
#r 0 5.5259823246
-669568851 -517997052
#r 1 -669971348 -517678670
-218018041 -776753981
#r 0 1.6307332787
-221013095 -726843765
#r 0 1.6758021652
-226253744 -677119167
#r 0 1.3258859465
-214130275 -628611214
#r 0 1.1564270638
-193999642 -582842692
#r 0 1.5958704563
-195253217 -532858409
#r 0 1.3150759230
-182606094 -484484343
#r 1 -183315565 -484837802
517252615 315449462
#r 0 5.0371652505
533207453 268063355
#r 0 3.2815590974
483696419 261087861
#r 0 2.3561882588
448341300 296443420
#r 0 0.2251869607
497078919 307607850
#r 0 2.9594560377
472492446 312136131
#r 0 3.0266339306
458186640 313787991
#r 0 2.9612087079
448376416 315577044
#r 0 3.4848084056
439367550 312357643
#r 0 3.4645382564
430704816 309458558
#r 0 5.2790216812
430704816 309458558
#r 0 3.4196516047
420166305 306450299
#r 0 3.4398276899
405876586 302057590
#r 0 3.5608440526
386314326 293339181
#r 0 3.4803097758
357026364 283021204
#r 0 2.5868119533
357026364 283021204
#r 0 1.3546555464
357026364 283021204
#r 0 2.6136602442
357026364 283021204
#r 0 1.4078374445
357026364 283021204
#r 0 3.8607431860
322306153 252621364
#r 0 2.2046684485
322306153 252621364
#r 0 2.2024134510
-836634468 79323631
#r 0 0.9707548718
-808400634 120589241
#r 0 1.0904807468
-785297680 164931699
#r 0 1.0974029397
-762502225 209433016
#r 0 1.0814818303
-739001178 253565779
#r 0 0.8618425158
-706449177 291517949
#r 0 1.2057557595
-688599818 338223413
#r 0 1.2327156161
-672015965 385393062
#r 0 4.3608133001
-680625403 361922282
#r 0 4.3222272129
-685380494 350359583
#r 0 1.1243794787
-682681651 355998108
#r 0 4.2648763928
-684034161 353180326
#r 1 -684200504 352706800
-478957491 -425697431
#r 0 0.3604820609
-432171146 -408061163
#r 0 0.3715078260
-385582094 -389910123
#r 0 3.4905957077
-409074946 -398459151
#r 0 3.5634233053
-420484982 -403579634
#r 0 0.3702367341
-414655522 -401317013
#r 1 -414248725 -400876213
744680137 283363242
#r 0 0.6073151986
785739292 311896482
#r 0 3.5632697363
762929198 301664202
#r 0 4.1085342523
755591607 291027094
#r 0 3.0665825866
755591607 291027094
#r 0 4.0625887390
751557899 285718809
#r 0 0.5957075049
754317203 287589213
#r 0 0.5941240655
755836300 288615432
#r 0 4.0536189714
755275195 287890618
#r 0 0.6405678144
755642648 288164527
#r 0 0.6188189707
755842514 288306857
#r 0 4.0298045631
755765126 288211663
#r 0 0.5565881317
755817207 288244068
#r 0 0.5968271348
755845203 288263091
#r 0 4.0229342287
755834438 288250033
#r 0 5.5265767902
755834438 288250033
#r 0 2.7840729502
755834438 288250033
#r 0 5.5218797367
755834438 288250033
#r 0 0.5608252881
755841603 288254533
#r 0 5.5411935096
755841603 288254533
#r 0 0.5972038989
755845442 288257143
#r 0 4.0264577093
787479252 -388621533
#r 0 1.4041418912
795773456 -339314270
#r 0 3.2524040788
746080121 -344843509
#r 0 2.2777777098
713603041 -306827206
#r 0 2.9766167444
664281925 -298615778
#r 0 2.7609240143
617861104 -280038712
#r 0 2.9822868960
568494221 -272107072
#r 0 2.9871608957
519089266 -264416140
#r 0 2.9339310754
470163481 -254107526
#r 0 3.0898702056
420230346 -251522557
#r 0 3.0176133937
370614125 -245339462
#r 0 6.1060526880
395222950 -249744657
#r 0 2.9998858432
382848245 -247979244
#r 0 2.8380135823
376876562 -246108542
#r 0 5.9806885337
379863414 -247040661
#r 1 379673975 -247058746
734374273 161323653
#r 0 5.9612335626
781805256 145502722
#r 0 2.5292936871
761347035 159871479
#r 0 5.9847042286
773294337 156195619
#r 0 5.9448846867
779740288 153927766
#r 0 5.9067444621
783773799 152333353
#r 0 1.1355352284
783773799 152333353
#r 0 5.9245234463
787101945 151085711
#r 0 1.1231026630
787101945 151085711
#r 0 3.4819080736
785426708 150492523
#r 0 3.4971118555
784267055 150061949
#r 0 2.7155016558
784267055 150061949
#r 0 5.9487323603
784851288 149858924
#r 0 3.4799955129
784559575 149756258
#r 0 1.1306453134
784559575 149756258
#r 0 3.4655761938
784359031 149688912
#r 0 3.4906753682
784178513 149623206
#r 0 1.0821567025
784223602 149708017
#r 0 3.5241754124
784179049 149690088
#r 0 3.4480603895
784147165 149679999
#r 0 3.4613239963
784116374 149669804
#r 0 1.1071325160
-835925574 -325109799
#r 0 6.1515859748
-786357909 -331670790
#r 0 5.9836881511
-738583661 -346422779
#r 0 5.9879292872
-690747277 -360972019
#r 0 5.9399535100
-643663678 -377798626
#r 0 3.0077235383
-668440000 -374461885
#r 0 6.1993632043
-655983889 -375508435
#r 0 6.0555513285
-649879892 -376922420
#r 0 6.1295906935
-646778013 -377402634
#r 1 -647447082 -377337269
191098699 -491490599
#r 0 1.6109262718
189092740 -441530854
#r 0 2.5191255072
148470616 -412378787
#r 0 0.5536065096
191002311 -386090864
#r 0 2.4672282331
151947113 -354870815
#r 0 2.7944040739
104930462 -337858041
#r 0 2.7149330118
59412803 -317166430
#r 0 2.7488508141
13219645 -298030283
#r 0 2.6731281841
-31393488 -275454447
#r 0 5.8345119706
-8867904 -286298711
#r 0 5.7937887764
2169125 -292177179
#r 0 5.6795081765
7316482 -295726532
#r 0 2.5316133558
4754039 -293935671
#r 1 4546832 -293709920
76967052 -918743877
#r 0 1.0799431562
100535977 -874647326
#r 0 1.4803145330
105053896 -824851860
#r 0 2.2615360769
73198519 -786313114
#r 0 1.4735134942
78054992 -736549526
#r 0 1.9409637480
59966416 -689936186
#r 0 1.9339228310
42206486 -643196643
#r 0 1.8671581017
27604360 -595376376
#r 0 1.8780632869
12481623 -547718189
#r 0 1.3563390896
23122480 -498863587
#r 0 2.8453033730
-24698845 -484264927
#r 0 0.7624471716
11458552 -449730268
#r 0 1.9849744333
-8663331 -403957898
#r 0 3.2775660740
-58201823 -410735639
#r 0 1.9740277616
-77821456 -364745749
#r 0 1.8549689809
-91839625 -316751052
#r 0 1.8668520540
-106427115 -268926319
#r 0 1.9004396748
-122612395 -221618426
#r 0 4.1654223217
-148617337 -264323730
#r 0 1.5264492143
-147509023 -239348310
#r 0 1.5575415223
-147306465 -224067384
#r 0 0.8877987226
-458212991 -390070259
#r 0 6.0860418446
-409181487 -399863705
#r 0 0.7811571405
-373676524 -364658626
#r 0 1.1036243638
-351158370 -320016351
#r 0 0.4015954406
-305136444 -300471984
#r 0 0.8649882970
-272703993 -262417600
#r 0 4.8177795548
-267444214 -312140178
#r 0 4.8624781115
-259967901 -361578066
#r 0 4.8401719243
-253596127 -411170409
#r 0 4.9548450703
-241591747 -459707970
#r 0 1.7877908040
-246974136 -435294248
#r 0 1.8415091217
-250319032 -423241685
#r 0 4.8805714798
-249272162 -429407494
#r 0 1.7082038060
-249700488 -426309944
#r 1 -249840337 -425956010
-561441965 -303326039
#r 0 0.4192414217
-515772065 -282972655
#r 0 0.8938224126
-484450208 -243999058
#r 0 0.9294036928
-454534614 -203935893
#r 0 1.0034102765
-427663138 -161770460
#r 0 0.1064988857
-377946420 -156455576
#r 0 0.0968117196
-328180550 -151622548
#r 0 0.6612193005
-288718346 -120918566
#r 0 1.3482016739
-277680296 -72152169
#r 0 0.6612496411
-238219024 -41446990
#r 0 1.6342125449
-241387710 8452503
#r 0 1.9586352408
-260297146 54738929
#r 0 5.1420059918
-249884080 32010796
#r 0 2.0395848713
-255531653 43162249
#r 0 1.7388929878
-256578919 49333601
#r 0 4.8839398553
-256044630 46249753
#r 0 4.9403883428
-255690914 44725338
#r 1 -255763095 45104507
-143029320 -288205830
#r 0 1.0961818776
-120179543 -243732381
#r 0 1.7931713691
-131206883 -194963561
#r 0 1.7838738372
-141780323 -146094324
#r 0 1.7842240549
-152370878 -97228793
#r 0 4.8825383384
-148137639 -121867779
#r 0 4.9856569490
-144757833 -133926474
#r 0 1.7849864838
-146088794 -127807868
#r 0 4.9874236417
-145238518 -130821044
#r 1 -145223481 -131656389
-217724255 370576245
#r 0 4.5956372406
-223548589 320916632
#r 0 6.0331153928
-175103833 308543047
#r 0 0.6583898696
-135554913 339135250
#r 0 4.1713363927
-148430875 317706075
#r 0 0.6379119915
-138389114 325150066
#r 0 2.1410840772
-138389114 325150066
#r 0 5.9687445124
-138389114 325150066
#r 0 4.1297836786
-141827872 319931117
#r 0 4.5996107221
-142219949 316469341
#r 0 0.1103895932
-142219949 316469341
#r 0 4.1565847050
-143890641 313779534
#r 0 0.5946213416
-142579169 314666443
#r 0 0.8839326740
-141996311 315377179
#r 0 0.6417750169
-141549806 315710855
#r 0 0.6334455210
-141141924 316010405
#r 0 0.8194503091
-140742027 316438508
#r 0 5.9826134523
-140742027 316438508
#r 0 0.6266309554
-140143333 316871943
#r 0 0.8413629349
-139438471 317660470
#r 0 4.1825738839
-139705723 317204151
#r 0 0.0532758294
231282029 -813119927
#r 0 2.0353564748
208880549 -768418991
#r 0 1.8038195054
197334547 -719770355
#r 0 1.7927996577
186325336 -670997440
#r 0 1.7936614408
175274097 -622234030
#r 0 1.5611331046
175757251 -572236364
#r 0 1.9905326773
155381266 -526576543
#r 0 0.9131181996
185945313 -487005859
#r 0 1.3627709560
196271725 -438083827
#r 0 0.9635907834
224800463 -397021544
#r 0 2.0538381336
201576708 -352742235
#r 0 2.3101155445
167887457 -315795863
#r 0 1.9783153225
148070821 -269890515
#r 0 1.2925395719
161804815 -221813728
#r 0 2.1376541634
134955615 -179634107
#r 0 2.1134983557
109133032 -136818290
#r 0 2.1228143016
82912705 -94244889
#r 0 2.1039982670
57498035 -51185691
#r 0 1.2010093165
75568877 -4565474
#r 0 1.4962160212
79294436 45295535
#r 0 3.9425087968
61893206 27345683
#r 0 3.9416512983
-173650117 941397434
#r 0 4.9248437891
-163107110 892521622
#r 0 6.1159262131
-113804871 884197606
#r 0 5.3640117539
-83480997 844442572
#r 0 5.1770175304
-61076459 799743168
#r 0 5.5111890548
-25250480 764864819
#r 0 5.4441843856
8159842 727666024
#r 0 4.9846948034
21607493 679508359
#r 0 5.6759565163
62669113 650978667
#r 0 5.7045947486
104530824 623636445
#r 0 5.6460918516
144722231 593893365
#r 0 2.4708181913
125138718 609433186
#r 0 2.5349904841
114857204 616567253
#r 0 2.6552259914
109325655 619491950
#r 0 5.7055708816
111946672 617783665
#r 0 2.5226153268
110672604 618691268
#r 1 110585609 618787124
-974261600 -135035256
#r 0 0.2210234636
-925477921 -124073841
#r 0 0.3617241539
-878713518 -106379474
#r 0 1.0126257033
-852231750 -63968202
#r 0 0.3675133052
-805570566 -46003407
#r 0 0.0896413676
-755771321 -41527339
#r 0 0.3659462869
-709082043 -23635685
#r 0 0.3541260941
-662184548 -6297144
#r 0 0.3193599130
-614712719 9400801
#r 0 0.3047421268
-567016501 24403161
#r 0 0.7003087540
-528784339 56625851
#r 0 6.1895847045
-479003206 51952652
#r 0 6.2267202991
-429082892 49130902
#r 0 0.4880623305
-384920736 72576669
#r 0 0.4681218246
-340299870 95137217
#r 0 5.9940605135
-292375181 80881544
#r 0 5.9330047318
-245409642 63728173
#r 0 5.9447922227
-198245175 47129586
#r 0 2.1051027498
-210976281 68645137
#r 0 5.5525573017
-201666839 60303419
#r 0 5.6207388652
-196300795 56117731
#r 0 5.5711272487
-219071864 876570219
#r 0 3.9956405434
-251918696 838872930
#r 0 5.8941314183
-205655279 819907271
#r 0 3.7118559397
-247743222 792914586
#r 0 3.7526035274
-288696647 764229800
#r 0 3.7389337743
-330038348 736107499
#r 0 3.7815521253
-370144346 706249352
#r 0 3.6637929370
-413480536 681309933
#r 0 0.5195625368
-391779625 693722444
#r 0 0.3892772812
-380214750 698466475
#r 0 3.5566012408
-385934245 695946471
#r 0 3.4830821388
-388880766 694899237
#r 1 -389315248 694751050
841216372 -245702053
#r 0 2.8206625342
793769251 -229929587
#r 0 1.0543103525
818460628 -186451594
#r 0 1.4183679349
826052569 -137031331
#r 0 0.9578638304
854815999 -96133103
#r 0 0.9243552756
884933467 -56221474
#r 0 0.9100490408
915618819 -16744782
#r 0 0.9583944245
944360545 24168702
#r 0 1.0448639631
969461524 67411515
#r 0 0.9031783832
995006228 99812852
#r 0 4.0441115315
982223194 83620611
#r 0 3.9216510218
974890561 76365872
#r 0 0.7309409950
978730551 79808859
#r 1 979067616 80243821
-554460271 622376857
#r 0 5.8123620071
-509900515 599695849
#r 0 5.4229037841
-477289310 561794539
#r 0 6.0419192614
-428737497 549847929
#r 0 5.9897986800
-380873999 535388139
#r 0 5.9629557835
-333415839 519648918
#r 0 2.6655177052
-355635854 531106271
#r 0 5.8443580697
-344320222 525795295
#r 0 5.7842937339
-338824405 522800822
#r 0 2.7877040782
-341759818 523885285
#r 0 5.9465575778
-340282972 523368467
#r 1 -339982030 523271694
-710372218 -603481641
#r 0 0.7919942618
-675250854 -567893865
#r 0 0.9144737170
-644740474 -528281787
#r 0 1.0167156860
-618432388 -485762560
#r 0 0.8288604485
-584646576 -448904468
#r 0 1.0455483794
-559575199 -405644486
#r 0 0.9154199402
-529102314 -366003556
#r 0 1.0923065180
-506080358 -321618992
#r 0 0.5150699575
-462567445 -296989205
#r 0 0.8974621523
-431387649 -257901863
#r 0 0.6395143720
-391268365 -228061570
#r 0 0.6993391266
-353004977 -195875966
#r 0 0.6800107012
-314126678 -164435899
#r 0 0.9319745268
-284314178 -124295958
#r 0 0.4334748630
-238938593 -103294617
#r 0 1.0910809019
-215862256 -58938302
#r 0 1.1188826409
-194027861 -13957649
#r 0 1.0999335189
-171345093 30601211
#r 0 1.2725945708
-156655003 78394529
#r 0 4.4564402587
-162984086 54208941
#r 0 4.3915033085
-166933707 42325830
#r 0 4.3372262319
57367412 137137296
#r 0 1.5168851907
60061663 187064653
#r 0 4.5279557220
55476927 162488645
#r 0 3.6332885563
55476927 162488645
#r 0 0.4472407088
55476927 162488645
#r 0 0.4475526697
55476927 162488645
#r 0 3.2071940393
55476927 162488645
#r 0 1.4204373174
57349341 174847611
#r 0 4.5748225992
56492261 168656658
#r 0 4.5214238617
55899019 165587964
#r 0 0.4833338766
55899019 165587964
#r 0 1.4242274687
56127251 167133963
#r 0 3.2298772341
56127251 167133963
#r 0 0.7040214168
56724025 167640735
#r 0 4.5036490978
56642904 167257775
#r 0 0.3686574530
56642904 167257775
#r 0 3.6899228432
56642904 167257775
#r 0 4.5729715068
56606057 166995194
#r 0 0.4337862955
56606057 166995194
#r 0 0.4675250936
56606057 166995194
#r 0 1.0141507971
56676102 167107755
#r 0 0.4502698178
350298717 99524416
#r 0 2.5515786545
308752072 127343049
#r 0 2.4824170420
269227202 157966318
#r 0 3.1621639574
219237781 156937825
#r 0 3.8493875809
181247912 124429828
#r 0 3.8434617457
143066075 92147522
#r 0 1.2752264860
150348200 116063429
#r 0 1.2638033815
155185158 131321247
#r 0 1.2899233697
158921527 144272279
#r 0 4.0083997931
154559219 139134898
#r 0 1.2655932047
155571802 142348973
#r 0 3.9997459417
154470152 141074114
#r 0 1.2424033728
154741861 141871546
#r 0 3.4614037073
154741861 141871546
#r 0 1.2718196606
154882868 142329041
#r 0 0.3379506756
154882868 142329041
#r 0 1.7481335123
154822075 142668247
#r 0 4.0239504014
154822075 142668247
#r 0 3.1324905397
154822075 142668247
#r 0 0.3042828713
154822075 142668247
#r 0 1.1127868921
155002230 143033693
#r 0 1.2230889634
124361302 -505132095
#r 0 2.0439051138
101578513 -460624292
#r 0 0.8121837219
135974270 -424334736
#r 0 2.1009579930
110690629 -381198469
#r 0 1.7659794762
100993318 -332147861
#r 0 2.2285956443
70424476 -292580881
#r 0 2.1684179227
42290581 -251247070
#r 0 1.2212495007
59414185 -204270670
#r 0 1.2361904461
75834032 -157043679
#r 0 2.3910936913
39266599 -122943491
#r 0 1.6274865962
36433604 -73023814
#r 0 1.6579845218
32079715 -23213738
#r 0 1.7827689576
21560276 25667152
#r 0 4.9539838420
27541563 1393211
#r 0 4.8559388301
29331348 -10989068
#r 0 1.7018207936
28514070 -4787206
#r 0 1.7431225486
27977658 -1705309
#r 0 4.9668825334
28371432 -3219045
#r 1 28291041 -3331081
-544744435 413022941
#r 0 6.0009056773
-496723287 399095652
#r 0 5.4727788493
-462263088 362867284
#r 0 6.0857090528
-413234846 353057521
#r 0 5.3788578416
-382324129 313757043
#r 0 5.3856999071
-351145241 274668976
#r 0 5.3236216430
-322451372 233721914
#r 0 5.3827800775
-291386748 194542977
#r 0 5.4170959921
-258996215 156452908
#r 0 5.4087349399
-226925284 118093354
#r 0 2.2464656129
-242560776 137600567
#r 0 2.2849394645
-250751403 147050289
#r 0 5.3112042309
-247226996 141885558
#r 0 2.0223220521
-248591137 144698579
#r 0 5.1987506035
-247860493 143316678
#r 1 -247744231 143011010
-119196968 -904270036
#r 0 0.8979716933
-88037092 -865166812
#r 0 1.6979526110
-94377787 -815570486
#r 0 0.8478104253
-61296460 -778078810
#r 0 1.6653101712
-66015120 -728301965
#r 0 1.3475368734
-54944652 -679542917
#r 0 1.7810909449
-65382054 -630644444
#r 0 0.8099814613
-30906461 -594430724
#r 0 1.8315129299
-43795111 -546120449
#r 0 1.2334090219
-27243970 -498939312
#r 0 1.8404563813
-40564160 -450746236
#r 0 1.2243151372
-23584649 -403717562
#r 0 1.8692938345
-38288873 -355928591
#r 0 0.5916893991
3211106 -328040390
#r 0 1.2008115939
21291166 -281423747
#r 0 2.1194095946
-4784059 -238761321
#r 0 1.4882811786
-662982 -188931443
#r 0 1.1432146491
20070589 -143432882
#r 0 0.4988230419
63977900 -119513266
#r 0 2.6047896149
21010502 -93943701
#r 0 1.0989038583
43739139 -49408220
#r 0 2.7579278910
-804414631 -463783652
#r 0 0.3839972740
-758055904 -445052171
#r 0 0.6913478126
-719536535 -413173366
#r 0 0.6764336183
-680546021 -381872571
#r 0 0.3303545104
