701687785 -541700890
#r 0 3.3697423647
701687785 -540700890
#r 0 1.9412367119
702044030 -541618173
#r 0 1.9416676974
-499127383 633119407
#r 0 4.3350168973
-499127383 632119407
#r 0 4.3324496657
-552358143 498823353
#r 0 5.3464656555
-483608482 -622730427
#r 0 5.7053780837
-483608482 -621730427
#r 0 1.5157415739
-483661681 -622695739
#r 0 5.7504284471
-400050622 -282770132
#r 0 4.9073754543
-400050622 -281770132
#r 0 1.9282453162
-400469738 -280647981
#r 0 1.5933573501
301295572 728310821
#r 0 5.2215771409
301295572 727310821
#r 0 0.5926257144
301701328 727584043
#r 0 5.0630686814
538670319 187274473
#r 0 3.7591888617
538670319 186274473
#r 0 3.9871552043
541063178 188974088
#r 0 3.9581086666
-356518068 -65592954
#r 0 5.1314116236
-356518068 -64592954
#r 0 3.6688297177
-356871752 -64798873
#r 0 2.9282356260
-276446552 932869643
#r 0 5.3146272245
-276446552 931869643
#r 0 4.6503956012
-276389620 932786824
#r 0 4.4534698448
-550539604 -271667289
#r 0 0.8197030051
-550539604 -270667289
#r 0 1.7506390305
-550387430 -271504299
#r 0 1.8672622882
-618319202 -169265767
#r 0 1.6545851627
-618319202 -168265767
#r 0 1.6805273000
-618672530 -165058753
#r 0 1.6194544512
755102565 -188650360
#r 0 0.5851672150
755102565 -187650360
#r 0 0.5573224192
780513530 -171813593
#r 0 0.5999515433
380790345 -501424583
#r 0 0.9409757085
380790345 -500424583
#r 0 1.8262464806
380982609 -501160788
#r 0 1.1140366632
-579009961 358478730
#r 0 4.6125306503
-579009961 357478730
#r 0 1.2666324211
-579157124 357009916
#r 0 6.2590776056
299350043 -849072587
#r 0 6.0008547269
299350043 -848072587
#r 0 2.0169093609
299905355 -849233672
#r 0 1.6263647359
547958642 -796389549
#r 0 3.2049683433
547958642 -795389549
#r 0 1.5785378117
547966380 -796389058
#r 0 3.1606670703
120566706 -818818612
#r 0 0.1002909700
120566706 -817818612
#r 0 0.5195100801
118444838 -819032133
#r 0 0.5172702709
137093106 -178832048
#r 0 3.6504074916
137093106 -177832048
#r 0 5.9302900819
138172883 -178229744
#r 0 0.0201733659
-671832205 450572368
#r 0 4.9533410303
-671832205 449572368
#r 0 4.8011931711
-671971840 451140622
#r 0 0.7534739631
-468532303 -84888903
#r 0 4.9383362289
-468532303 -83888903
#r 0 4.9440986838
-477460246 -46050222
#r 0 1.4492726964
242220329 -192797614
#r 0 3.9564127646
242220329 -191797614
#r 0 0.3394875018
243633786 -191298437
#r 0 1.0180825786
474168597 127670696
#r 0 5.4892012839
474168597 126670696
#r 0 5.6239242913
478294020 123473817
#r 1 478000302 123772700
595496296 -707793242
#r 0 3.0704735408
595496296 -706793242
#r 0 2.6607776311
597716505 -707951408
#r 0 1.1331329048
677928845 -196320030
#r 0 2.1152275937
677928845 -195320030
#r 0 3.6807681322
677484385 -195585955
#r 0 3.6876187866
134234208 -184258840
#r 0 0.2573050531
134234208 -183258840
#r 0 6.0299878083
136150326 -183754637
#r 0 0.2142439076
-222667336 -46611794
#r 0 2.8127897095
-222667336 -45611794
#r 0 1.2638880886
-222953333 -46514215
#r 0 4.3525111748
219528894 970092025
#r 0 4.2843295945
219528894 969092025
#r 0 5.7748977281
219165096 969294702
#r 0 5.3799570759
-384209398 -106897359
#r 0 5.6746288319
-384209398 -105897359
#r 0 0.8215658202
-384773778 -106504115
#r 0 5.9421756617
615373946 -411111791
#r 0 5.3859905670
615373946 -410111791
#r 0 1.5706917488
615373841 -411111660
#r 0 1.9860524995
326662212 790338362
#r 0 0.2918143818
326662212 789338362
#r 0 0.3362865919
346997971 796447017
#r 0 0.3456192294
340630368 -61653550
#r 0 1.7020100073
340630368 -60653550
#r 0 1.7193170815
339511653 -53176633
#r 0 1.8024330365
-936931568 -253662529
#r 0 0.6921385306
-936931568 -252662529
#r 0 0.5287247204
-932845474 -250275412
#r 0 6.1429678618
-55698254 -527054964
#r 0 3.8888659653
-55698254 -526054964
#r 0 1.5092626209
-55763595 -527115504
#r 0 5.8105716927
-176767589 -188188183
#r 0 1.5029755011
-176767589 -187188183
#r 0 2.2809544490
-176704637 -187261399
#r 0 2.6035727135
133207554 429148051
#r 0 2.6538307597
133207554 428148051
#r 0 4.3602111427
133515093 428984896
#r 0 3.2150233759
420725815 -425022251
#r 0 5.9570045474
420725815 -424022251
#r 0 1.0940467540
420286143 -424873526
#r 0 1.1289613716
-984543034 144270826
#r 0 0.2705979758
-984543034 143270826
#r 0 6.0258918779
-986393079 143757620
#r 0 0.3099399926
366737756 485628537
#r 0 3.2211990337
366737756 484628537
#r 0 5.8654400784
364828068 485476192
#r 0 4.6702774072
-649282821 -270779598
#r 0 1.4282867095
-649282821 -269779598
#r 0 1.4576630963
-649828705 -274584140
#r 0 5.2126133051
411724544 245564399
#r 0 2.9780596462
411724544 244564399
#r 0 1.1935196110
412096483 245503027
#r 0 4.3293660448
795592083 -315379132
#r 0 4.2819003767
795592083 -314379132
#r 0 1.6276823138
795642747 -315268803
#r 0 2.9589552822
-521849662 466816098
#r 0 5.2743391765
-521849662 465816098
#r 0 4.5971509248
-521751885 466660815
#r 0 5.3071777132
-558514126 -706353026
#r 0 1.1853248581
-558514126 -705353026
#r 0 5.7855961461
-558181637 -705533626
#r 0 5.4322083199
-218018041 -776753981
#r 0 1.7993503553
-218018041 -775753981
#r 0 3.5093433966
-218231526 -775836232
#r 0 3.2448310458
517252615 315449462
#r 0 4.1420067654
517252615 314449462
#r 0 0.1922920221
516519547 314306735
#r 0 4.9755909230
-836634468 79323631
#r 0 0.5369244305
-836634468 78323631
#r 0 6.1721802419
-838049456 78481350
#r 0 1.6013081483
-478957491 -425697431
#r 0 4.7896633851
-478957491 -424697431
#r 0 1.7669941817
-479084333 -424059245
#r 0 1.3997709655
744680137 283363242
#r 0 3.4067050926
744680137 282363242
#r 0 2.2613396752
744005278 283180016
#r 0 3.2352780362
787479252 -388621533
#r 0 4.0031616953
787479252 -387621533
#r 0 3.9804063762
806608674 -366331001
#r 0 1.6838086715
734374273 161323653
#r 0 1.8280363149
734374273 160323653
#r 0 2.7118018605
734673412 160186537
#r 0 4.6349778581
-835925574 -325109799
#r 0 4.9758427900
-835925574 -324109799
#r 0 1.7206958582
-835582355 -326382286
#r 0 4.9419646608
191098699 -491490599
#r 0 3.5213330987
191098699 -490490599
#r 0 1.1022744259
190464484 -491743722
#r 0 3.1677091133
76967052 -918743877
#r 0 0.4767780391
76967052 -917743877
#r 0 2.2070625003
77501769 -918467684
#r 0 1.2690839727
-458212991 -390070259
#r 0 5.0848256473
-458212991 -389070259
#r 0 5.7025292343
-458738310 -388725594
#r 0 4.7901614236
-561441965 -303326039
#r 0 5.1341057500
-561441965 -302326039
#r 0 1.4943444058
-561507395 -303180197
#r 0 5.1841447440
-143029320 -288205830
#r 0 5.8320374272
-143029320 -287205830
#r 0 1.2194468290
-143340599 -288055024
#r 0 3.1164246285
-217724255 370576245
#r 0 2.8727678323
-217724255 369576245
#r 0 2.8952014748
-176043740 359093540
#r 0 2.8396418598
231282029 -813119927
#r 0 0.1181102100
231282029 -812119927
#r 0 2.9004821737
234025088 -812794429
#r 0 0.1424368785
-173650117 941397434
#r 0 4.7993880978
-173650117 940397434
#r 0 4.7572622191
-173742669 942458581
#r 0 4.3341603621
-974261600 -135035256
#r 0 6.2345615026
-974261600 -134035256
#r 0 0.3580359805
-976626648 -134920168
#r 0 1.1795499800
-219071864 876570219
#r 0 3.9925236785
-219071864 875570219
#r 0 4.9785470182
-219279829 876333040
#r 0 3.8913208106
841216372 -245702053
#r 0 4.2099862592
841216372 -244702053
#r 0 1.1138053906
836535885 -254220914
#r 0 2.8053929794
-554460271 622376857
#r 0 5.8529836065
-554460271 621376857
#r 0 5.8662451723
-491794650 593621786
#r 0 2.7648339636
-710372218 -603481641
#r 0 6.0888141464
-710372218 -602481641
#r 0 5.6174784575
-708672791 -603816184
#r 0 0.4527945616
57367412 137137296
#r 0 2.6255124812
57367412 136137296
#r 0 2.6433050653
100308877 112773657
#r 0 2.6618664892
350298717 99524416
#r 0 2.6991475134
350298717 98524416
#r 0 4.3209891945
350643915 99360871
#r 0 4.3341717738
124361302 -505132095
#r 0 3.7742888625
124361302 -504132095
#r 0 0.5082439307
130036769 -500970545
#r 0 3.8299218632
-544744435 413022941
#r 0 5.6681469105
-544744435 412022941
#r 0 0.2238780586
-543673932 412266689
#r 0 5.6080923125
-119196968 -904270036
#r 0 2.7764636015
-119196968 -903270036
#r 0 3.0138434083
-123136749 -902763976
#r 0 2.5945650027
-804414631 -463783652
#r 0 1.1380610567
-804414631 -462783652
#r 0 6.2453572579
-803960632 -462800834
#r 0 4.9911645737
551441948 -761356956
#r 0 3.2899789864
551441948 -760356956
#r 0 2.2570440600
552171654 -761247876
#r 0 3.8375623002
27156741 -865736728
#r 0 1.4140265608
27156741 -864736728
#r 0 1.6629948487
27215078 -865367664
#r 0 6.2365704482
940217810 -146619311
#r 0 3.2758998760
940217810 -145619311
#r 0 2.9496233562
943252864 -146209212
#r 0 1.3581341411
-914055295 46387478
#r 0 1.0503584917
-914055295 45387478
#r 0 1.0442813839
-955174579 -25355978
#r 0 1.0161293164
-936955659 -34943340
#r 0 6.0516182537
-936955659 -33943340
#r 0 5.7572717104
-934054113 -35627516
#r 0 0.4699068619
-369379595 277222742
#r 0 2.5726499392
-369379595 276222742
#r 0 5.7686787542
-355900257 268603003
#r 0 1.3678384911
-821124475 11788443
#r 0 6.1570464011
-821124475 10788443
#r 0 6.1836956268
-784077764 7090468
#r 0 1.9489961722
-490967586 616064171
#r 0 3.7791664186
-490967586 615064171
#r 0 3.7802265813
0 0
#r 0 1.8344881829
-678074763 -588467848
#r 0 6.0502563181
-678074763 -587467848
#r 0 0.5113816264
-679327254 -588170713
#r 0 5.5081550224
217643120 -215305082
#r 0 6.0485092331
217643120 -214305082
#r 0 6.0438741996
421498334 -264043038
#r 0 6.1788399176
-682169509 -158834214
#r 0 0.5597250322
-682169509 -157834214
#r 0 5.9547135182
-681135794 -158186523
#r 0 0.8036823895
557597791 508080141
#r 0 1.4724435781
557597791 507080141
#r 0 3.5540443411
557494668 507035019
#r 0 1.4416104918
639262792 -399950495
#r 0 5.1494532034
639262792 -398950495
#r 0 2.2403293919
638122519 -397509836
#r 0 5.1737509945
61684808 -566926225
#r 0 0.9871629517
61684808 -565926225
#r 0 0.9644328507
75502014 -546002916
#r 0 1.0251941082
523190902 523430949
#r 0 1.8583667504
523190902 522430949
#r 0 1.7737426971
522514566 525717654
#r 0 1.2572261915
-97120665 -106773775
#r 0 4.9696293674
-97120665 -105773775
#r 0 1.8548063749
-99784009 -96649640
#r 0 3.6420711595
-565009351 514254679
#r 0 4.8467832377
-565009351 513254679
#r 0 5.0801214530
-564801029 512713945
#r 0 5.2165454735
334580786 -482417867
#r 0 2.7691001104
334580786 -481417867
#r 0 3.3640582516
332959891 -481784529
#r 0 1.8700634069
-302732954 278207160
#r 0 4.7182296076
-302732954 277207160
#r 0 0.9373054383
-302727159 277215049
#r 0 2.8474458031
-258338693 -552221732
#r 0 4.2565444850
-258338693 -551221732
#r 0 4.3203249254
-260977762 -557604469
#r 0 2.3475378114
-571070279 -284224233
#r 0 0.9443787879
-571070279 -283224233
#r 0 5.6008718694
-570614572 -283594492
#r 0 0.9942104999
481874853 641887316
#r 0 0.6303216757
481874853 640887316
#r 0 0.6086379105
451307078 619584837
#r 0 0.6587745286
-479273610 -106822827
#r 0 5.6096171643
-479273610 -105822827
#r 0 5.5866148216
-453207676 -127625486
#r 0 2.4597667754
-4238218 -621301856
#r 0 1.1320475930
-4238218 -620301856
#r 0 0.7925064822
-3342745 -619393561
#r 0 0.5962127101
-213551122 -22815755
#r 0 4.6889224094
-213551122 -21815755
#r 0 4.0147252553
-213526975 -21786950
#r 0 5.9728795958
-874003763 -51756842
#r 0 1.4002507502
-874003763 -50756842
#r 0 5.2580962303
-873869597 -50977796
#r 0 0.1435636914
-191082364 -706539912
#r 0 6.1016233285
-191082364 -705539912
#r 0 1.1580377649
-191487693 -706465500
#r 0 2.0415528065
-712230836 221529366
#r 0 5.3082932063
-712230836 220529366
#r 0 5.5289083165
-710361686 218773081
#r 0 0.4459991704
-780382671 126943689
#r 0 2.5601777283
-780382671 125943689
#r 0 6.1076020255
-778298393 125573917
#r 0 6.0995283877
-236286024 -513307999
#r 0 3.0100228916
-236286024 -512307999
#r 0 2.6857359022
-233492453 -513677684
#r 0 6.2135689258
432125842 146983063
#r 0 5.0022634459
432125842 145983063
#r 0 3.8124684210
432367022 146174483
#r 0 4.8304105737
-261116530 -918750953
#r 0 1.4507928173
-261116530 -917750953
#r 0 1.9712382416
-261022681 -917972655
#r 0 2.7316836405
118024946 613168088
#r 0 5.0034405815
118024946 612168088
#r 0 3.4842500216
118295584 612264632
#r 0 4.3375053752
-464226731 -787773296
#r 0 6.1315267877
-464226731 -786773296
#r 0 5.6054261058
-462693294 -788007654
#r 0 1.3179812944
-243669211 -909135288
#r 0 2.8734204283
-243669211 -908135288
#r 0 2.4164057422
-242033876 -909584664
#r 0 2.4532427027
-477273716 873997373
#r 0 4.6247973219
-477273716 872997373
#r 0 5.2895674592
-477351096 873116211
#r 0 4.6037967394
-723337552 322551553
#r 0 4.0506602378
-723337552 321551553
#r 0 6.0325031830
-723986917 321717835
#r 0 5.1433522536
-109826943 -461038229
#r 0 3.2201949671
-109826943 -460038229
#r 0 3.2011852964
-57474498 -456914710
#r 0 4.1005312598
273596302 -710435175
#r 0 2.7644989482
273596302 -709435175
#r 0 2.4847308653
276262670 -711491181
#r 0 2.4781054979
-495340295 -231301155
#r 0 2.2817496771
-495340295 -230301155
#r 0 2.2792143001
-327879852 -425754052
#r 0 5.9027978358
-335666797 -774290530
#r 0 3.6915412350
-335666797 -773290530
#r 0 5.3195706040
-335179572 -773991844
#r 0 3.7244978801
-44434562 -424288087
#r 0 6.2589860634
-44434562 -423288087
#r 0 1.4948118409
-44510553 -424286248
#r 0 2.0425865479
482272679 648017210
#r 0 0.6220291409
482272679 647017210
#r 0 0.5498381738
472665996 641129441
#r 0 0.5579134155
-848718430 -335529233
#r 0 1.0911736130
-848718430 -334529233
#r 0 0.4953181135
-847995025 -334138422
#r 0 0.9292506036
-538168394 -366123595
#r 0 5.1406281967
-538168394 -365123595
#r 0 5.8302673463
-538755262 -364837991
#r 0 1.2747956579
780704324 -493859950
#r 0 3.2717429089
780704324 -492859950
#r 0 2.4968499591
781837042 -493711688
#r 0 2.3122120936
101574837 -660299922
#r 0 2.0735361643
101574837 -659299922
#r 0 1.8029574855
101989592 -661054208
#r 0 5.6719155653
274165912 -778182756
#r 0 5.4756546950
274165912 -777182756
#r 0 5.4533759723
295112681 -800077876
#r 0 5.3962392617
-30247511 -354320033
#r 0 1.9723342238
-30247511 -353320033
#r 0 2.0281219547
-33342502 -347030964
#r 0 1.9866240297
196232884 -273237791
#r 0 5.0883786977
196232884 -272237791
#r 0 1.0103827632
195990558 -272623951
#r 0 1.9473584469
-43571381 -254057842
#r 0 0.7269197647
-43571381 -253057842
#r 0 5.1052831579
-43268559 -253788516
#r 0 4.7434938267
245238934 77228773
#r 0 6.0615665920
245238934 76228773
#r 0 6.0805707172
295525097 65898310
#r 0 6.0817430198
691449954 36763389
#r 0 5.1703077612
691449954 35763389
#r 0 4.0971706109
691740316 36174251
#r 0 3.9189584888
305194638 -415436078
#r 0 0.4803105033
305194638 -414436078
#r 0 6.1845853612
306807733 -414595647
#r 0 0.4411295392
326597884 -216545057
#r 0 3.8112792286
326597884 -215545057
#r 0 3.8548955292
313000562 -227310657
#r 0 3.8206249260
48717586 -293671845
#r 0 4.8366504060
48717586 -292671845
#r 0 4.7914099415
48933922 -295403852
#r 0 2.7450545999
530625494 -89118625
#r 0 3.5507227673
530625494 -88118625
#r 0 4.8306151823
530738456 -89069645
#r 0 3.5212896989
42124448 645983829
#r 0 5.8527686382
42124448 644983829
#r 0 0.1006433262
43909812 645164123
#r 0 0.1477603324
-178491570 670902010
#r 0 5.0879394766
-178491570 669902010
#r 0 5.6126834016
-177917948 669447087
#r 0 5.0943634065
78464923 432039983
#r 0 1.7345735888
78464923 431039983
#r 0 1.7509077786
80253150 421219127
#r 0 2.6894937715
160031141 -417843750
#r 0 3.1409508547
160031141 -416843750
#r 0 3.8079512010
158760470 -417842934
#r 0 2.5290752043
-430166093 553065446
#r 0 3.5164969724
-430166093 552065446
#r 0 5.4941566932
-430879969 552784524
#r 0 5.1677362413
17710008 853207122
#r 0 4.8914900658
17710008 852207122
#r 0 6.0284429856
17900006 852157647
#r 0 4.7584671307
14875479 -715975258
#r 0 3.5257201990
14875479 -714975258
#r 0 3.5065894065
60148255 -697675700
#r 0 2.3026135253
-415569731 -638404763
#r 0 4.0118368360
-415569731 -637404763
#r 0 4.1302741604
-418569187 -641961855
#r 0 4.0960952653
-773961145 -176289730
#r 0 6.0580751479
-773961145 -175289730
#r 0 0.7842582606
-774776331 -176103060
#r 0 0.8517986618
940988252 -325744210
#r 0 3.0111361456
940988252 -324744210
#r 0 3.5405199083
939179053 -325506840
#r 0 1.4296980514
-826089410 389315028
#r 0 5.1379498133
-826089410 388315028
#r 0 5.7678671101
-825479610 387969661
#r 0 0.5706507839
787581078 -76307990
#r 0 3.1527498158
787581078 -75307990
#r 0 4.7369137432
787605601 -76307716
#r 0 3.8041601561
-720594767 -54294382
#r 0 0.3804091331
-720594767 -53294382
#r 0 0.4414460031
-734357305 -59797845
#r 0 5.1837393279
594911311 732837332
#r 0 4.1231315384
594911311 731837332
#r 0 4.0305473727
591122932 727170184
#r 0 4.1404106180
288809318 -738112341
#r 0 4.8669972333
288809318 -737112341
#r 0 3.3075415351
288657431 -737137780
#r 0 4.8250844022
-344837829 -486706031
#r 0 2.1405333746
-344837829 -485706031
#r 0 2.1442190210
-424236813 -362760859
#r 0 5.2660115446
-62712054 -847301326
#r 0 0.6444288781
-62712054 -846301326
#r 0 1.5639171571
-62718969 -847306522
#r 0 2.9960299665
-250419138 -693493865
#r 0 2.0133962371
-250419138 -692493865
#r 0 0.4162614140
-250810991 -692667102
#r 0 2.0040262694
366755340 -91389671
#r 0 2.1047186959
366755340 -90389671
#r 0 5.1130638419
368249441 -93916913
#r 0 2.1553006174
961566412 68953195
#r 0 5.1711495974
961566412 67953195
#r 0 5.1385426968
955951381 80321816
#r 0 5.1790301449
597164501 -516317146
#r 0 0.3778899330
597164501 -515317146
#r 0 1.5499749364
597143503 -516325482
#r 0 2.7926040646
-877313621 -335845740
#r 0 0.8080580658
-877313621 -334845740
#r 0 0.9197965662
-881068349 -339774607
#r 0 5.8839291001
-380835327 -806301119
#r 0 0.6739753483
-380835327 -805301119
#r 0 0.6104393921
-370751846 -798246987
#r 0 0.7609176927
822465216 -184570263
#r 0 2.6692884297
822465216 -183570263
#r 0 2.6680574996
0 0
#r 0 3.7785862188
186036512 447263379
#r 0 4.1655431642
186036512 446263379
#r 0 3.0079569522
185473792 446339029
#r 0 5.1416971402
-324336703 -906969741
#r 0 2.4277436833
-324336703 -905969741
#r 0 2.4159596646
-276352476 -948535764
#r 0 2.1135938823
-23877194 30146238
#r 0 3.0602497119
-23877194 29146238
#r 0 2.3562879061
-24966174 30235015
#r 0 2.4237552775
-646955563 126488175
#r 0 4.8630405696
-646955563 125488175
#r 0 4.9006109311
-646207928 121563103
#r 0 4.8377313937
647455009 119171730
#r 0 5.1601714207
647455009 118171730
#r 0 4.7799124781
647376301 119335594
#r 0 4.5592723358
-614105525 708095676
#r 0 5.4671123256
-614105525 707095676
#r 0 4.7502299608
-614144972 708137620
#r 0 5.4720851183
-144601442 -246545691
#r 0 2.5404020736
-144601442 -245545691
#r 0 5.5571048985
-139650883 -249941210
#r 0 0.2718442391
-755786970 456770808
#r 0 5.0865693189
-755786970 455770808
#r 0 0.5471676575
-755470095 455963853
#r 0 6.1276925310
-942398078 -178453409
#r 0 0.2752015287
-942398078 -177453409
#r 0 5.6945814159
-941345338 -178156151
#r 0 0.7686494572
711522906 98276513
#r 0 4.1630030519
711522906 97276513
#r 0 6.0699731501
710982305 97393555
#r 0 4.3325926783
-865732126 -389513957
#r 0 1.6354456659
-865732126 -388513957
#r 0 1.5390340424
-865753439 -389184746
#r 0 5.4957652775
457994694 -775492143
#r 0 4.2543595958
457994694 -774492143
#r 0 0.8533905946
459128142 -773193045
#r 0 3.1939299089
223679184 -734348721
#r 0 1.7719232366
223679184 -733348721
#r 0 2.3278473343
223419200 -733073564
#r 0 3.3689250304
590989480 604339845
#r 0 1.6525183583
590989480 603339845
#r 0 5.1012161975
591091850 603089969
#r 0 5.0924812021
33739637 326385330
#r 0 5.1540058613
33739637 325385330
#r 0 3.7613147913
34093151 325637559
#r 0 4.2003592058
107088828 -31836439
#r 0 6.2315062852
107088828 -30836439
#r 0 2.2695666952
107967189 -31881872
#r 0 4.1762245252
-86557720 15314172
#r 0 1.9969908192
-86557720 14314172
#r 0 3.7551525735
-86213695 14556445
#r 0 0.9767563324
187576655 288198927
#r 0 2.1792142452
187576655 287198927
#r 0 3.0113896801
188343133 287098562
#r 0 3.5829771045
376013911 294524797
#r 0 2.6029899843
376013911 293524797
#r 0 3.4136349018
377154826 293843064
#r 0 3.3606712842
278966036 620220652
#r 0 5.1454428787
278966036 619220652
#r 0 3.7027383498
279324261 619445813
#r 0 4.7477391559
-721859489 -551390151
#r 0 2.9643724626
-721859489 -550390151
#r 0 5.7145570432
-719685273 -551779551
#r 0 1.4459281915
388898961 -22604958
#r 0 5.3126437348
388898961 -21604958
#r 0 2.1641880117
434921316 -89838887
#r 0 0.0769158712
-862956667 140643757
#r 0 0.8976770444
-862956667 139643757
#r 0 0.9128596594
-837846908 172135511
#r 0 4.0805461127
-64393835 -548376194
#r 0 1.8873965385
-64393835 -547376194
#r 0 3.1052569712
-64725404 -547364141
#r 0 2.4386741678
-682022435 430113840
#r 0 0.7709380092
-682022435 429113840
#r 0 4.9702562788
-682232382 429909879
#r 0 4.1724701809
129522077 617343422
#r 0 4.5045319625
129522077 616343422
#r 0 5.8005045229
129332163 616442941
#r 0 4.3513122805
-709725211 -135667791
#r 0 5.5273425009
-709725211 -134667791
#r 0 0.1882657910
-710607752 -134835935
#r 0 0.5951897914
882172595 169931446
#r 0 2.3934816153
882172595 168931446
#r 0 3.1327882926
883260415 168921868
#r 0 5.3061834656
29768177 179516482
#r 0 3.8953575629
29768177 178516482
#r 0 3.8333580774
20705706 171009961
#r 0 3.8835945676
258981388 553416150
#r 0 3.6124065093
258981388 552416150
#r 0 4.0481953563
260282794 554078553
#r 0 4.8246667769
867622611 474026919
#r 0 4.2785440866
867622611 473026919
#r 0 3.7888148347
866909689 472488071
#r 0 3.6892584478
494169261 705240858
#r 0 0.1014105131
494169261 704240858
#r 0 0.1000969227
-259401140 628557845
#r 0 4.8000051090
122469093 -725635014
#r 0 2.1422566424
122469093 -724635014
#r 0 1.6578099119
122570018 -725791967
#r 0 1.3033837259
-603116602 -663308573
#r 0 0.3674870323
-603116602 -662308573
#r 0 6.2794123252
-600544241 -662318279
#r 0 0.9565150704
-145539966 -887360284
#r 0 3.0300781987
-145539966 -886360284
#r 0 1.7991614039
-145301336 -887387006
#r 0 2.7156517270
682414660 608429595
#r 0 3.5804728755
682414660 607429595
#r 0 2.3304827179
681757719 608121218
#r 0 2.4132293412
-490982295 -354183775
#r 0 1.4406966103
-490982295 -353183775
#r 0 1.4116490290
-490274405 -348773371
#r 0 1.8765705812
-802812116 -220135267
#r 0 0.2692508919
-802812116 -219135267
#r 0 0.6419655512
-804932325 -220720343
#r 0 0.5933039592
250470454 471718324
#r 0 3.1500764909
250470454 470718324
#r 0 0.6536754453
251790523 471729524
#r 0 5.4425378043
439852827 37625603
#r 0 5.6872628923
439852827 36625603
#r 0 4.8216823597
439734274 37706002
#r 0 4.5341651456
-160210028 -311873695
#r 0 5.5109267198
-160210028 -310873695
#r 0 2.6019622935
-162875750 -309277121
#r 0 2.3228299615
378118500 -176315695
#r 0 2.8857468388
378118500 -175315695
#r 0 3.7916188013
377139858 -176059703
#r 0 0.5707862361
-866575725 -214630372
#r 0 0.8957830968
-866575725 -213630372
#r 0 4.9875205935
-866367033 -214369653
#r 0 4.9739333885
135413484 36622920
#r 0 2.3603168106
135413484 35622920
#r 0 5.4805520234
112312998 59533732
#r 0 3.7205988238
133848038 926203271
#r 0 5.1632493132
133848038 925203271
#r 0 3.9455828783
134170254 925537696
#r 0 5.0436340156
152317393 -838586251
#r 0 0.2031810450
152317393 -837586251
#r 0 2.8038396461
154111969 -838216525
#r 0 3.0501609673
866394399 -388688067
#r 0 3.7264579127
866394399 -387688067
#r 0 1.9110010850
866681157 -388498192
#r 0 3.2109863841
-110683473 -855371776
#r 0 2.9276746798
-110683473 -854371776
#r 0 2.9488094734
-156067173 -845512537
#r 0 3.2417616737
-778756986 -564076853
#r 0 1.6864691312
-778756986 -563076853
#r 0 1.6715574610
-777978394 -570777793
#r 0 1.6830684615
-737950047 -439455128
#r 0 6.1393400341
-737950047 -438455128
#r 0 0.3586100058
-739874373 -439176398
#r 0 0.4249855261
-609784449 -471338019
#r 0 5.2540388450
-609784449 -470338019
#r 0 5.4232841256
-611781635 -468018639
#r 0 0.0449949665
-23189346 649857189
#r 0 5.1665299320
-23189346 648857189
#r 0 4.4638195205
-23022353 649515111
#r 0 4.2214137008
919027675 186956176
#r 0 5.0986699900
919027675 185956176
#r 0 3.9793471447
919307839 186267328
#r 0 3.5173397333
-462062882 -817316296
#r 0 5.5319915600
-462062882 -816316296
#r 0 0.1982078872
-462944193 -816493303
#r 0 1.7894161887
-122964257 -333624352
#r 0 6.2730230354
-122964257 -332624352
#r 0 6.2530279443
-72973973 -334132384
#r 0 6.1997983243
-340634393 559951828
#r 0 4.7351461075
-340634393 558951828
#r 0 6.0475477281
-340611507 558946333
#r 0 5.0940029069
-909594700 -252680642
#r 0 1.6118839036
-909594700 -251680642
#r 0 5.1685621705
-909639570 -251589200
#r 0 5.1613691063
43912064 302995607
#r 0 3.6799891212
43912064 301995607
#r 0 4.1137083090
45063355 303683218
#r 0 2.9057427251
117420708 890129395
#r 0 4.6211730107
117420708 889129395
#r 0 4.7201370208
117413565 890051302
#r 0 4.1369631539
-468178342 -347725758
#r 0 5.4752349853
-468178342 -346725758
#r 0 0.3523990942
-468885604 -346985853
#r 0 0.3764507977
71200613 -222501511
#r 0 3.9321627578
71200613 -221501511
#r 0 6.2765098772
72183826 -221508074
#r 0 4.0129670938
-243623499 -789879633
#r 0 3.4170874709
-243623499 -788879633
#r 0 3.6234874373
-247784294 -791055819
#r 0 3.4581155364
-769324329 107708350
#r 0 5.6143944812
-769324329 106708350
#r 0 6.1170369465
-767718145 106439002
#r 0 5.6213289988
635566251 196520845
#r 0 1.2256074097
635566251 195520845
#r 0 1.1963845414
631330881 184742379
#r 0 2.9051503121
195202581 -473800941
#r 0 0.9413480997
195202581 -472800941
#r 0 4.7919697600
195274459 -473702244
#r 0 1.8717810890
308865562 -904406367
#r 0 2.9927629101
308865562 -903406367
#r 0 2.0181309152
309382522 -904483879
#r 0 1.6912065676
710295145 -265660052
#r 0 4.8160592920
710295145 -264660052
#r 0 3.0708141947
710190329 -264652621
#r 0 2.6810136862
-659887626 -690524746
#r 0 1.8295019220
-659887626 -689524746
#r 0 1.5904600463
-659866381 -690605026
#r 0 1.2080820163
582191960 -738122481
#r 0 1.1493279168
582191960 -737122481
#r 0 1.1071369343
586529713 -728447231
#r 0 1.7442195627
619956929 619639294
#r 0 2.2696456049
619956929 618639294
#r 0 1.9781767093
619069909 620694864
#r 0 1.9672005606
279378978 182926265
#r 0 5.1266803944
279378978 181926265
#r 0 3.4228351275
279769152 182038986
#r 0 2.9016224181
-31041134 -356688329
#r 0 1.9554959583
-31041134 -355688329
#r 0 1.9459625710
-16616549 -392315816
#r 0 1.9016182613
531322273 778893238
#r 0 5.3760250695
531322273 777893238
#r 0 5.3931428263
553971686 749927856
#r 0 5.3970318787
-409016762 -551302065
#r 0 0.5139608304
-409016762 -550302065
#r 0 4.5322641439
-409219727 -551416653
#r 0 1.1910512620
-242530425 -410578653
#r 0 3.4367363432
-242530425 -409578653
#r 0 2.3700012144
-241747207 -410340537
#r 0 5.8960542905
280793211 -921368331
#r 0 0.2970578001
280793211 -920368331
#r 0 1.5036012176
280724499 -921389365
#r 0 0.3022088717
730390034 137322819
#r 0 4.9144462462
730390034 136322819
#r 0 3.6711385056
730572954 136429884
#r 0 3.5466129412
336241334 349827929
#r 0 4.7648592084
336241334 348827929
#r 0 3.6618918302
336292318 348857141
#r 0 4.7218700499
182629508 -60733374
#r 0 4.5002141510
182629508 -59733374
#r 0 4.5264029257
181142413 -67636700
#r 0 6.1157882580
-14583895 -391538609
#r 0 1.9561416613
-14583895 -390538609
#r 0 1.9921442349
-18854822 -381009337
#r 0 1.9909394077
-529968658 -541423045
#r 0 0.5061183316
-529968658 -540423045
#r 0 0.5458870631
-548770289 -551844292
#r 0 0.5042499088
-295721070 -115687762
#r 0 4.0966231007
-295721070 -114687762
#r 0 4.6478825685
-295792156 -115788232
#r 0 5.4224474282
-860392259 105310463
#r 0 1.2875299808
-860392259 104310463
#r 0 1.2237196845
-861883151 100188779
#r 0 5.2835795729
134282577 690186611
#r 0 4.4363968929
134282577 689186611
#r 0 4.2239679308
133676100 688045247
#r 0 4.2666196600
120775521 105317247
#r 0 3.2032168253
120775521 104317247
#r 0 2.6735975809
119012314 105208453
#r 0 2.6708141019
705482076 -427802156
#r 0 5.4095985770
705482076 -426802156
#r 0 5.4266961127
680879470 -398426945
#r 0 2.3367820996
67711290 -820628312
#r 0 1.5344773771
67711290 -819628312
#r 0 2.4647519829
67746594 -819656677
#r 0 1.9987838859
433987350 508403551
#r 0 4.4655224402
433987350 507403551
#r 0 0.9315267820
433606106 506890719
#r 0 4.4765310017
-118050258 19266698
#r 0 3.0092696487
-118050258 18266698
#r 0 0.8435289797
-117254514 19160784
#r 0 6.0093615583
-797637337 -148047045
#r 0 0.4977174795
-797637337 -147047045
#r 0 0.6481667408
-802310818 -150586346
#r 0 0.1168002619
-297627869 -312378482
#r 0 2.0620493512
-297627869 -311378482
#r 0 2.0408690270
-287538925 -331236365
#r 0 1.1748586500
526708312 738674488
#r 0 2.2644939981
526708312 737674488
#r 0 5.8870367471
527983364 737141184
#r 0 3.7438807624
902408713 326691638
#r 0 4.9817108384
902408713 325691638
#r 0 4.9408695930
900932685 332039019
#r 0 3.6010518272
194389026 724215994
#r 0 0.4060941343
194389026 723215994
#r 0 3.8869674244
196417429 725088198
#r 0 3.9038276398
479784988 -770379991
#r 0 3.3342252368
479784988 -769379991
#r 0 3.3128103027
524950948 -761570317
#r 0 2.4983118422
-131810955 348029062
#r 0 5.3928876180
-131810955 347029062
#r 0 5.4304835774
-120797336 334423375
#r 0 5.1180317153
586522933 -217901995
#r 0 5.2686853853
586522933 -216901995
#r 0 1.5759562919
586528136 -217910363
#r 0 2.4591578726
-187748036 23994930
#r 0 4.0913563577
-187748036 22994930
#r 0 1.3179577967
-187343631 24560161
#r 0 4.5372675227
352205545 -810872443
#r 0 1.4097541300
352205545 -809872443
#r 0 2.9549766991
352363160 -809902203
#r 0 3.0014751026
-281264150 625950435
#r 0 5.0269945587
-281264150 624950435
#r 0 3.2407213798
-280948938 624981784
#r 0 5.4359907761
805993669 -555805939
#r 0 2.7131298932
805993669 -554805939
#r 0 2.7627935770
788969750 -548030064
#r 0 2.1664376023
109176579 830254230
#r 0 3.5012521150
109176579 829254230
#r 0 4.6144079318
109278647 830292609
#r 0 4.6076967046
454603456 -115132683
#r 0 5.4846318272
454603456 -114132683
#r 0 5.3798406697
458732482 -119371801
#r 0 5.4430043475
-841858840 456991149
#r 0 6.0407827007
-841858840 455991149
#r 0 4.0525015732
-841207819 456830175
#r 0 5.8688586914
-394302774 -111391377
#r 0 4.7691071965
-394302774 -110391377
#r 0 1.5987458760
-394247700 -112361350
#r 0 2.7273000270
-44928054 515757560
#r 0 5.8743876168
-44928054 514757560
#r 0 4.1486345632
-44431776 515542571
#r 0 5.7978392598
-121117037 -740886462
#r 0 1.7087093058
-121117037 -739886462
#r 0 1.0244397076
-121230039 -740072289
#r 0 6.0429685499
-104972969 -794518837
#r 0 0.4122521877
-104972969 -793518837
#r 0 3.2291779064
-102111751 -793267594
#r 0 6.2683044979
-228728329 -70115130
#r 0 4.4279923007
-228728329 -69115130
#r 0 3.8583591614
-228336101 -68773357
#r 0 3.9089244137
211817052 -353830981
#r 0 2.7502371478
211817052 -352830981
#r 0 0.7810535189
211104795 -353537075
#r 0 2.7923598122
714039536 -444378998
#r 0 5.6927907008
714039536 -443378998
#r 0 5.6393472645
726477458 -452713989
#r 0 5.7073401777
210279624 -719446913
#r 0 1.6154622039
210279624 -718446913
#r 0 2.1937255516
210231963 -718380564
#r 0 1.6314079491
-252990652 907596128
#r 0 4.0102744729
-252990652 906596128
#r 0 5.0196119795
-253221382 907323368
#r 0 4.7393349366
-111775591 385835601
#r 0 3.2452089977
-111775591 384835601
#r 0 1.6259755364
-111830511 385829890
#r 0 4.4148452523
-751715650 246572132
#r 0 6.0283419239
-751715650 245572132
#r 0 3.8349005801
-750799413 246333445
#r 0 5.3609835674
734240015 -107718197
#r 0 5.4720510907
734240015 -106718197
#r 0 1.6550612125
734332724 -107815806
#r 0 2.9867155689
451097033 876365304
#r 0 4.7307031431
451097033 875365304
#r 0 4.7328967366
451268229 867018588
#r 0 4.7344683522
-213751703 -188883800
#r 0 1.7123054736
-213751703 -187883800
#r 0 1.7012788997
-212087441 -200566002
#r 0 1.7175754540
-871609781 -439190600
#r 0 0.4855926976
-871609781 -438190600
#r 0 0.8457419352
-873274051 -440068902
#r 0 0.4720670713
873731973 -187795839
#r 0 2.8722329197
873731973 -186795839
#r 0 2.9287845027
857062255 -183193847
#r 0 2.8954198414
476321941 -514170025
#r 0 1.2464059666
476321941 -513170025
#r 0 1.4355003936
476093225 -514850182
#r 0 1.2802856491
648529161 -258031637
#r 0 0.5911670552
648529161 -257031637
#r 0 3.2929072595
650456808 -256737709
#r 0 0.5755076526
-947200162 54478327
#r 0 0.8120810935
-947200162 53478327
#r 0 0.8288109281
-919409537 83793052
#r 0 0.8414662991
-72923073 965837855
#r 0 4.5815518498
-72923073 964837855
#r 0 4.2869693060
-73108521 964428558
#r 0 4.3022820511
533900477 -572149686
#r 0 3.4016513838
533900477 -571149686
#r 0 0.3862748170
526789240 -574041875
#r 0 1.3764042768
-787439174 -505763987
#r 0 4.9220616160
-787439174 -504763987
#r 0 0.6626714072
-787621668 -504906404
#r 0 4.9432691171
-244124713 -774407860
#r 0 0.2480016682
-244124713 -773407860
#r 0 3.6590810536
-247289097 -775209128
#r 0 3.6444036350
912688030 366379819
#r 0 4.8961036086
912688030 365379819
#r 0 3.3159135245
912867952 365411505
#r 0 2.3464886411
65744808 676218049
#r 0 4.5875035013
65744808 675218049
#r 0 4.1498789935
65588056 674969414
#r 0 3.8041430750
-530446177 836542796
#r 0 4.6008966641
-530446177 835542796
#r 0 4.7697288498
-530484124 836203855
#r 0 5.2274265180
-415563059 -298865844
#r 0 1.8142663940
-415563059 -297865844
#r 0 0.9236905124
-415750004 -298113241
#r 0 4.4216744083
-886033412 -228132643
#r 0 0.9305276868
-886033412 -227132643
#r 0 5.3290273818
-885670184 -227645064
#r 0 0.4723763906
-277974413 -935647969
#r 0 2.6458076518
-277974413 -934647969
#r 0 1.8563088217
-277625487 -935836683
#r 0 1.9541130196
200104270 740576328
#r 0 5.0005407121
200104270 739576328
#r 0 5.5716530748
200502421 739233044
#r 0 6.2125775722
-138670661 -326693416
#r 0 2.1503722765
-138670661 -325693416
#r 0 6.1752997726
-139375168 -325617114
#r 0 5.5014487787
-420259027 -893966584
#r 0 1.4214671110
-420259027 -892966584
#r 0 0.4960973215
-420095241 -892877935
#r 0 1.3869898252
-798050443 -196980374
#r 0 5.4088498929
-798050443 -195980374
#r 0 1.0886632602
-798372332 -196595458
#r 0 0.5570720979
-402542994 -134498653
#r 0 2.9143312403
-402542994 -133498653
#r 0 6.0817782300
-439469073 -125959258
#r 0 2.9156977560
508744237 816338581
#r 0 2.8532939197
508744237 815338581
#r 0 5.3922948253
507680734 816653974
#r 0 2.8736352920
-397593185 913590386
#r 0 4.9839941147
-397593185 912590386
#r 0 4.7596873720
-397650211 913795158
#r 0 4.8097874545
-443314379 -868631678
#r 0 0.2305211022
-443314379 -867631678
#r 0 0.2059748232
-404487134 -859519191
#r 0 3.3627688351
-533147680 613971414
#r 0 5.7793370178
-533147680 612971414
#r 0 5.8047685372
-502575691 597116776
#r 0 2.6552286311
-770932227 -336799630
#r 0 4.6738785930
-770932227 -335799630
#r 0 1.0798737259
-770890705 -335721957
#r 0 0.9355349254
-313801222 -169811900
#r 0 1.8565180739
-313801222 -168811900
#r 0 1.8946685106
-316152903 -161806436
#r 0 1.8859939267
396351162 236536477
#r 0 3.9262636672
396351162 235536477
#r 0 5.3097817971
395946050 236131953
#r 0 4.3662136250
653214263 -656222690
#r 0 1.2149860799
653214263 -655222690
#r 0 1.3457016320
652617753 -657827820
#r 0 1.3721917746
-126037657 252119065
#r 0 1.5724094715
-126037657 251119065
#r 0 4.4070566401
-126036052 251124157
#r 0 0.5745284562
795662488 -210263076
#r 0 1.7503740115
795662488 -209263076
#r 0 1.7289462507
796975381 -217495318
#r 0 4.4361838058
-552602322 134431660
#r 0 3.8942313067
-552602322 133431660
#r 0 1.4954429742
-552521082 134507745
#r 0 3.9246167563
-25074801 475442830
#r 0 6.1739270315
-25074801 474442830
#r 0 3.6006129077
-23418964 475261193
#r 0 6.1547360048
-581753711 58339560
#r 0 5.9686787575
-581753711 57339560
#r 0 2.5523150163
-584667411 59287397
#r 0 2.6646200950
-123676106 -141587957
#r 0 4.4017832328
-123676106 -140587957
#r 0 1.1359622222
-122637022 -138350889
#r 0 2.4852053122
-770394741 -202777594
#r 0 4.7193683694
-770394741 -201777594
#r 0 0.6273599915
-770401685 -201782629
#r 0 0.9836576139
226219170 40973701
#r 0 4.9791482627
226219170 39973701
#r 0 5.6460215925
226561729 39720158
#r 0 3.0811388045
-730767039 -317649186
#r 0 1.1097712846
-730767039 -316649186
#r 0 4.5358308042
-731045459 -318209696
#r 0 0.6425712721
313987082 -595303530
#r 0 2.8746944002
313987082 -594303530
#r 0 0.9198575995
313356683 -595131165
#r 0 3.6351498728
422385780 609464897
#r 0 3.5009219213
422385780 608464897
#r 0 5.4598559975
421698273 609206644
#r 0 0.5569583031
-283682688 -708434606
#r 0 3.9967690636
-283682688 -707434606
#r 0 3.9261911358
-277098775 -700861214
#r 0 3.9490597185
-165174039 -771223105
#r 0 3.5018193638
-165174039 -770223105
#r 0 0.3414945563
-118098302 -753491478
#r 0 0.8698020112
-595802012 -385074130
#r 0 5.5873324191
-595802012 -384074130
#r 0 1.4171576402
-595939135 -384959601
#r 0 1.6626393579
277214466 -802769623
#r 0 0.0170267299
277214466 -801769623
#r 0 6.2703950413
310749750 -802198572
#r 0 3.1943981168
-49223034 10182434
#r 0 4.7230300864
-49223034 9182434
#r 0 1.2210233651
-49212694 9210780
#r 0 1.5941589815
606551053 -19018638
#r 0 3.5446168496
606551053 -18018638
#r 0 4.6967815776
606535340 -19025338
#r 0 4.6965721060
-355498144 909755308
#r 0 4.7400732304
-355498144 908755308
#r 0 6.1038654683
-355470313 908750263
#r 0 4.5873030572
47076853 -733059593
#r 0 5.8923084051
47076853 -732059593
#r 0 1.3783113383
46896444 -732985250
#r 0 3.4423376113
-374230082 240356462
#r 0 6.0947526114
-374230082 239356462
#r 0 2.1789214784
-375032770 240509531
#r 0 2.1759981542
57914385 673072022
#r 0 4.7670624117
57914385 672072022
#r 0 3.2597630824
57968760 672078478
#r 0 3.8991381651
-434227853 -134865342
#r 0 1.4186686370
-434227853 -133865342
#r 0 2.6811366776
-434085376 -133936013
#r 0 6.1641736311
-803935016 3201268
#r 0 6.1907235906
-803935016 2201268
#r 0 0.6189424614
-802692841 3086086
#r 0 1.7898402539
612533705 664406426
#r 0 2.0816287581
612533705 663406426
#r 0 2.1712709462
615619501 658900521
#r 0 2.1514509825
-128789750 -864403732
#r 0 3.1262770004
-128789750 -863403732
#r 0 0.6892800588
-129981016 -864385486
#r 0 0.5341677698
49745228 181238661
#r 0 3.5919007609
49745228 180238661
#r 0 3.5890402628
-234010341 44061252
#r 0 0.9582128107
582907428 511612935
#r 0 3.6520018260
582907428 510612935
#r 0 3.5012414102
577469517 508568270
#r 0 3.7755849944
616180789 -199370439
#r 0 3.9833166041
616180789 -198370439
#r 0 1.6389355170
616244190 -199299461
#r 0 4.0070664319
144982153 -279834439
#r 0 0.3038143029
144982153 -278834439
#r 0 0.8889651268
143893386 -280175790
#r 0 3.3953866582
-152837913 140842892
#r 0 1.6907634269
-152837913 139842892
#r 0 1.6812117273
-154218592 152296440
#r 0 1.8161507510
549838263 -730153584
#r 0 3.9471388693
549838263 -729153584
#r 0 3.9434475926
680334945 -594289526
#r 0 1.2006293090
-591139324 -247371007
#r 0 6.1476852765
-591139324 -246371007
#r 0 4.1189839081
-591757020 -247286793
#r 0 0.7742065674
-753947354 98952221
#r 0 5.5504291257
-753947354 97952221
#r 0 0.0367179442
-752879694 97991441
#r 0 2.4722557944
-98352464 -743450637
#r 0 2.8866170420
-98352464 -742450637
#r 0 2.8834691651
198867790 -820920718
#r 0 2.6804986004
611104978 -524723090
#r 0 0.4800646339
611104978 -523723090
#r 0 0.2478426000
614841230 -522777650
#r 0 0.5354096038
-276948858 -364114257
#r 0 1.9536286261
-276948858 -363114257
#r 0 1.1596451821
-277158203 -363594405
#r 0 1.9579590960
-558362802 302376104
#r 0 3.5776285534
-558362802 301376104
#r 0 0.2266830982
-562612704 300395875
#r 0 5.2934252201
-267275647 10250653
#r 0 3.3844497924
