701687785 -541700890
#r 0 3.5353725720
609341248 -580069067
#r 0 5.1829812667
654682675 -669199056
#r 0 1.7896551364
632971095 -571584470
#r 0 3.7117214970
548787951 -625558522
#r 0 0.8392254078
615591893 -551145933
#r 0 3.9868873756
582416352 -588554268
#r 0 4.0873394060
567787377 -608828367
#r 0 3.3157847746
555321162 -611022117
#r 0 0.0636454814
561637231 -610619584
#r 0 0.2393608077
564748757 -609860249
#r 0 0.4561772530
566189207 -609153425
#r 1 565687893 -609507869
-499127383 633119407
#r 0 0.6065865553
-416967514 690126037
#r 0 4.3206029223
-455151489 597703182
#r 0 1.5391063496
-451983022 697652973
#r 0 5.6359387083
-372208312 637353755
#r 0 3.3389784261
-470266572 617743101
#r 0 6.1874160005
-370724810 608180803
#r 0 1.5899521302
-372640273 708162456
#r 0 4.1847137405
-422992889 621764458
#r 0 1.2334627502
-389895676 716128511
#r 0 1.2180714902
-355350059 809972000
#r 0 1.1742940378
-316730623 902213743
#r 0 4.3522573515
-334350494 855421222
#r 0 1.4175210304
-330528553 880160788
#r 0 4.7820742936
-327936670 843026904
#r 0 1.4109968142
-324520101 864224951
#r 0 2.5107932512
-349716209 882626672
#r 0 5.6667428250
-336987363 873607623
#r 0 5.5735212430
-331069130 868524188
#r 0 0.2276683064
-327253155 869408293
#r 0 3.3302878210
-329176917 869040918
#r 1 -329358584 869106742
-483608482 -622730427
#r 0 1.8349606410
-509718748 -526199323
#r 0 5.9324176718
-415807826 -560561203
#r 0 5.7895292109
-327747195 -607946066
#r 0 5.8857016811
-235543395 -646656004
#r 0 6.1433930712
-136518898 -660589742
#r 0 4.7267674651
-135081099 -760579405
#r 0 4.1983783399
-184248457 -847657364
#r 0 3.8889821266
-257595038 -915629999
#r 0 6.1776709453
-158151186 -926161867
#r 0 1.8433801022
-185073257 -829854016
#r 0 3.9944187555
-250858989 -905168274
#r 0 5.2036253106
-212324017 -977199320
#r 0 1.4477078315
-200046225 -877955903
#r 0 3.9723962714
-267474478 -951803250
#r 0 0.8937795014
-236150949 -912830998
#r 0 3.3132833064
-260880849 -917119108
#r 0 0.0747390556
-248366423 -916182046
#r 0 0.1645348970
-242118568 -915144678
#r 0 3.4189072518
-245164276 -916011636
#r 1 -244237486 -915893974
-400050622 -282770132
#r 0 1.4928434882
-392263231 -183073810
#r 0 0.8778722866
-328384270 -106135664
#r 0 1.0333714902
-277191715 -20232682
#r 0 0.5444836344
-191652228 31564964
#r 0 3.4230951961
-287716140 3785028
#r 0 5.5461912038
-213666934 -63421483
#r 0 2.5607390891
-297266391 -8547712
#r 0 5.9995517887
-201261896 -36532295
#r 0 2.8902831373
-249691276 -24098668
#r 0 2.7882023243
-273170887 -15437618
#r 0 0.2160304905
-260931545 -12751632
#r 0 3.2095484219
-279177949 -13993493
#r 0 6.1731587054
-269789850 -15030622
#r 1 -270005831 -14604383
301295572 728310821
#r 0 2.6239062751
214398927 777797921
#r 0 1.8816583216
183810984 873004947
#r 0 2.5164742405
102721601 931524277
#r 0 5.8195235304
192163686 886801650
#r 0 3.9398731980
122369772 815185943
#r 0 0.9143015045
152886973 854792765
#r 0 0.7768941680
170952445 872553563
#r 0 0.5680294252
181722301 879426798
#r 0 3.6925057257
176279343 876082850
#r 0 0.2301899527
179390053 876811825
#r 0 3.3230221529
177818782 876523580
#r 1 178317750 876576941
538670319 187274473
#r 0 1.8156585125
514428057 284291547
#r 0 3.1361131948
414429558 284839490
#r 0 3.9751158128
347202385 210809042
#r 0 1.3803660089
366130530 309001329
#r 0 4.7612129669
371010989 209120494
#r 0 3.2610419311
271723548 197203951
#r 0 5.3346502067
330010952 115947698
#r 0 0.8261917483
397779061 189483291
#r 0 4.1695884912
346125463 103856742
#r 0 6.1668391644
445449405 92248358
#r 0 4.3193723407
407151725 -127438
#r 0 4.1334930570
352441717 -83834158
#r 0 0.0104761256
452436230 -82786565
#r 0 3.7288183312
369188130 -138191924
#r 0 0.6442404415
409165938 -108162359
#r 0 0.4976849227
431204464 -96188822
#r 0 3.4185529276
419128916 -99621491
#r 0 0.2915373057
425141030 -97817329
#r 0 0.3587588777
428080328 -96715132
#r 0 3.3677978888
426550736 -97067159
#r 1 427053831 -96991656
-356518068 -65592954
#r 0 4.3508183479
-391892443 -159127192
#r 0 0.2402799874
-294765305 -135329734
#r 0 2.8708366723
-391122203 -108583739
#r 0 4.7106858218
-391292519 -208583594
#r 0 1.2694465102
-361611572 -113089922
#r 0 4.5918948807
-373631846 -212364858
#r 0 1.4742986329
-368814446 -162597474
#r 0 1.6767472740
-371459789 -137723353
#r 0 2.3503038655
-380783830 -128288811
#r 0 5.1701913454
-375377131 -139262097
#r 0 2.3216644430
-385465057 -128452284
#r 0 2.1734202094
-393505871 -116764982
#r 0 5.3801488396
-389113627 -122334553
#r 1 -389675881 -121825705
-276446552 932869643
#r 0 5.8081365633
-187519509 887131464
#r 0 5.1918617184
-141388366 798407636
#r 0 1.9303748456
-158982353 845209897
#r 0 2.3072143869
-176012682 863995919
#r 0 5.2248981139
-169677374 852736302
#r 0 2.1504570394
-173215655 858140868
#r 0 1.7866659947
-173910599 861309984
#r 1 -173913014 860886781
-550539604 -271667289
#r 0 2.8289774199
-645692855 -240912472
#r 0 2.6253719045
-732661936 -191552783
#r 0 6.1968466720
-633034423 -200175924
#r 0 1.4471148379
-620697783 -100939805
#r 0 3.7238771700
-704218633 -155933147
#r 0 4.3983669739
-735107278 -251043039
#r 0 1.4699894078
-725043651 -151550711
#r 0 4.6812318393
-726601256 -201526443
#r 0 0.8697444859
-710397705 -182329925
#r 0 3.9603277497
-718978331 -191502612
#r 0 4.5287692720
-720128016 -197693312
#r 0 1.1191708597
-718486387 -194308939
#r 0 1.9321515576
-720406153 -189229534
#r 0 5.0751951384
-719442586 -191767841
#r 0 5.1493217147
-718868133 -192997831
#r 1 -718963276 -193178853
-618319202 -169265767
#r 0 0.1021533728
-518840514 -159068187
#r 0 0.0739988148
-419114180 -151675057
#r 0 6.1937369892
-319513963 -160607966
#r 0 2.9733495765
-368807987 -152235441
#r 0 1.4473826313
-365711432 -127272106
#r 0 4.5458944657
-367795827 -139675512
#r 0 4.6449604781
-368220327 -145961518
#r 0 4.6382390449
-368453737 -149103552
#r 1 -368398917 -149854478
755102565 -188650360
#r 0 2.2408594018
692999022 -110272110
#r 0 2.4421204790
616480810 -45890721
#r 0 4.1567211155
563729730 -130845553
#r 0 3.6668155166
477208508 -180986137
#r 0 2.3573616532
406415347 -110358038
#r 0 1.8137813933
382355240 -13295629
#r 0 0.5242199469
468926705 36758156
#r 0 4.7482547434
472512512 -63177533
#r 0 0.7085343119
548444157 1894622
#r 0 3.7703106329
508005050 -27510796
#r 0 3.7816101273
487825644 -42535796
#r 0 0.7343228813
497163094 -34106574
#r 0 4.8980807666
498334608 -40342809
#r 0 1.7770163361
497684970 -37237373
#r 0 1.7700874298
497370785 -35681786
#r 1 497451324 -36005550
380790345 -501424583
#r 0 0.2150402065
478487127 -480085912
#r 0 3.4440855970
430757287 -494980956
#r 0 0.4425130530
453349246 -484275661
#r 0 3.5796418982
442029486 -489577832
#r 0 3.7426108636
436874632 -493112168
#r 0 0.5320760630
439567672 -491526751
#r 1 439331974 -491640193
-579009961 358478730
#r 0 4.7351251380
-576736541 258504576
#r 0 1.6404769521
-580217753 308383239
#r 0 4.9883727862
-573390418 284276358
#r 0 4.3122861606
-587883197 250007536
#r 0 1.1798849794
-580794602 267207827
#r 0 1.0340399251
-576037684 275202256
#r 0 1.3154460660
-574843923 279775195
#r 0 4.4367252143
-575487123 277501321
#r 0 1.4709325425
-575369277 278677465
#r 1 -575437895 278523245
299350043 -849072587
#r 0 5.5422370624
373132927 -916571373
#r 0 0.7711230507
444845769 -846877268
#r 0 1.9755507600
405466464 -754957355
#r 0 2.2606541112
341823715 -677823702
#r 0 1.0894640591
388119763 -589185810
#r 0 1.1956343253
424762090 -496140983
#r 0 4.3381529678
406484014 -542680341
#r 0 1.1816742391
415968421 -519549280
#r 0 5.7700453618
426860925 -525687079
#r 0 4.5232352532
424076182 -540233193
#r 0 4.2884136394
415005602 -560329783
#r 0 4.2752297604
401261812 -589739917
#r 0 1.1796701372
407449747 -574734206
#r 0 4.0766072125
402620357 -581278026
#r 0 2.7687863983
391288361 -576846138
#r 0 4.5855347379
389460134 -591180779
#r 0 4.3258701416
381910554 -609730510
#r 0 3.2673845928
352414534 -613460567
#r 0 4.7589438571
354324937 -654466431
#r 0 4.6189235130
349098519 -710221676
#r 0 1.3488491905
355262106 -682908660
#r 0 3.1735251759
341040528 -683362945
#r 0 0.0460497412
348147401 -683035444
#r 0 0.0610318487
351698694 -682818433
#r 0 6.1854268049
353472461 -682992388
#r 1 353044274 -683315526
547958642 -796389549
#r 0 2.4102008133
473534092 -729598934
#r 0 2.9555319071
375260034 -711100026
#r 0 2.9240324869
277617335 -689515231
#r 0 1.3334672297
301128078 -592318292
#r 0 1.1504229525
341938213 -501024629
#r 0 0.9888961901
396899447 -417482647
#r 0 1.6861008099
385394532 -318146667
#r 0 6.1525931434
484543028 -331168796
#r 0 0.3094796872
579792245 -300712488
#r 0 2.8719375617
483405961 -274072587
#r 0 5.3359558580
541799407 -355252667
#r 0 2.5467544866
458975487 -299215194
#r 0 5.8617256086
550224763 -340124479
#r 0 2.8826470880
453558711 -314518338
#r 0 5.9701391636
501128706 -329916246
#r 0 0.6207354091
521524400 -315332921
#r 0 3.6612570650
510642875 -321558419
#r 0 3.7020059939
505279518 -324924063
#r 0 4.4644550560
504482897 -328070994
#r 0 1.3549247944
504830562 -326485569
#r 1 505095264 -326051188
120566706 -818818612
#r 0 6.0123662352
216921916 -845570686
#r 0 1.5808913980
215912426 -745575781
#r 0 5.5039574911
287058065 -815848806
#r 0 5.2870078942
341409560 -899788755
#r 0 2.0282523699
319326202 -854929806
#r 0 4.9899332151
326269355 -879300524
#r 0 0.3729103696
361001036 -865712964
#r 0 3.4823876844
343426004 -871945627
#r 0 3.5454099601
334843364 -875612991
#r 0 3.6105574207
330680517 -877722157
#r 1 330136880 -877969323
137093106 -178832048
#r 0 4.2391495176
91515895 -267841698
#r 0 4.8736769863
107574858 -366543824
#r 0 4.4766199679
84215779 -463777323
#r 0 1.3653295988
94416983 -414829031
#r 0 1.0333352372
107227646 -393334041
#r 0 3.4242347722
94362950 -397070169
#r 0 0.2592805442
100837179 -395352871
#r 0 0.2598552275
104075565 -394491892
#r 0 0.3277966339
105665170 -393951323
#r 1 105148912 -394131062
-671832205 450572368
#r 0 3.8032187630
-750731624 389132303
#r 0 0.5605591877
-708383728 415715297
#r 0 3.9134220568
-726481550 398102060
#r 0 0.3973660353
-691552703 412761413
#r 0 3.5455537631
-708968407 405316718
#r 0 3.5546467165
-717642429 401515180
#r 0 3.3937612830
-722230196 400333127
#r 0 4.2069853128
-723392476 398232646
#r 0 0.9270497538
-722672059 399192712
#r 1 -722647287 399393284
-468532303 -84888903
#r 0 1.3011726803
-441895433 11498218
#r 0 4.6518965565
-447940987 -88318871
#r 0 1.3380461338
-424875544 8984702
#r 0 4.1505651521
-478148600 -75643789
#r 0 1.0486435204
-453211239 -32306416
#r 0 0.9898300093
-439468866 -11375239
#r 0 4.2265431612
-445314999 -22446122
#r 0 1.2184057972
-443154467 -16570960
#r 1 -442790259 -16840742
242220329 -192797614
#r 0 5.8520525801
333069626 -234587628
#r 0 1.4325298344
346852262 -135541987
#r 0 2.1050919019
295928770 -49479231
#r 0 0.6579306892
375054697 11668849
#r 0 1.3800612749
394012764 109855364
#r 0 2.1264337244
341264272 194811804
#r 0 2.5541465791
258028385 250235509
#r 0 5.7882137893
302027496 226485180
#r 0 5.5459220707
320692762 209535559
#r 0 5.7285804488
331445678 202874569
#r 0 2.2928635116
327247126 207641686
#r 0 5.3811054585
329216311 205149574
#r 0 5.2975879350
330096017 203821965
#r 1 329967839 204186094
474168597 127670696
#r 0 2.8696949304
377842299 154526689
#r 0 2.7791215117
284339954 189985278
#r 0 5.2804067044
338136165 105688376
#r 0 5.4118481799
402516562 29169329
#r 0 4.9936335467
430271715 -66901746
#r 0 1.9245811943
412949178 -19998339
#r 0 1.9428825845
403812504 3413110
#r 0 5.0717713276
408231768 -8349704
#r 0 1.8935910201
406238754 -2391407
#r 1 405909104 -1574739
595496296 -707793242
#r 0 0.8030866941
664945210 -635842923
#r 0 3.8827594562
628061145 -669600378
#r 0 0.8800061992
643989804 -650331807
#r 0 5.6406927630
654188144 -657964503
#r 0 2.6050715151
648713912 -654708919
#r 0 2.1837807451
646861350 -652075083
#r 0 5.4802215370
648027991 -653283447
#r 1 647897518 -653237143
677928845 -196320030
#r 0 3.3029154420
579227277 -212382426
#r 0 2.0222980515
535595550 -122403137
#r 0 5.3149020834
592267034 -204794538
#r 0 1.9445624708
555754620 -111698654
#r 0 4.4168204583
526626243 -207362324
#r 0 3.5725703090
435770467 -249138250
#r 0 3.1980560827
335929831 -254781593
#r 0 0.1974167022
384958656 -244974750
#r 0 5.1049807168
394711131 -268526457
#r 0 1.6414905272
393107471 -245879798
#r 0 4.8104277778
394218594 -257176971
#r 0 2.9255669357
388670532 -255959448
#r 0 0.0585286749
395630296 -255551636
#r 0 3.2274940350
392157299 -255850707
#r 1 391996752 -256428839
134234208 -184258840
#r 0 0.6798214135
212002708 -121393425
#r 0 0.0265186459
311967548 -118741871
#r 0 2.7739011465
218651583 -82795651
#r 0 0.5561107973
303583042 -30006947
#r 0 0.7645793329
375750404 39216401
#r 0 1.1549261824
416149010 130692915
#r 0 5.7759418071
503557695 82115947
#r 0 2.5860502367
461076970 108486158
#r 0 2.6740582491
438707925 119779573
#r 0 2.7038440134
427359382 125091067
#r 0 2.7829810038
421491954 127290288
#r 0 4.3628644057
420407339 124314580
#r 0 2.4844520819
417371328 126656964
#r 0 4.4041381654
416731628 124647854
#r 0 5.6622114406
419201280 122881114
#r 0 4.2293258633
417253441 119167482
#r 0 2.3054680946
413372745 123463299
#r 0 2.6329708501
409990723 125348948
#r 0 2.4633039928
406816302 127907007
#r 0 2.4238531173
403147892 131109810
#r 0 3.0279356647
396685955 131847433
#r 0 2.5977596407
388343741 136891569
#r 0 2.2517553547
379376650 147958653
#r 0 1.9774231386
371342974 166614432
#r 0 4.9662296176
378553688 138820734
#r 0 1.8311486421
374857916 152693812
#r 0 1.9418330460
372255028 159384072
#r 0 4.9518394012
373106317 155897103
#r 0 4.8653354231
373384427 154092957
#r 1 373369046 154923160
-222667336 -46611794
#r 0 5.1172647718
-183276876 -138526927
#r 0 1.9947406689
-203844816 -92953252
#r 0 2.3504709895
-221427408 -75168232
#r 0 1.3127317920
-217780035 -61349818
#r 0 0.7625062080
-212166107 -55987209
#r 0 3.7975468576
-215242309 -58354785
#r 0 1.7424508615
-215577580 -56420835
#r 0 2.1679872916
-217095476 -54188703
#r 0 6.2081367361
-213508721 -54458390
#r 0 1.9406744179
-214974207 -50678664
#r 0 4.4518622917
-216395311 -56009424
#r 0 4.9024581570
-215874157 -58718246
#r 0 0.7329727722
-214666759 -57631243
#r 0 0.9610745896
-213278174 -55643304
#r 0 5.0037145995
-212234337 -59124419
#r 0 2.1675567846
-213913363 -56653051
#r 0 2.0383545262
-215284337 -53937702
#r 0 5.0300830003
-214062788 -57652511
#r 0 4.7922173973
-213853744 -60265613
#r 0 2.0353707554
-214766235 -58444851
#r 0 2.0574068845
-215744968 -56594842
#r 0 4.7994830843
-215520020 -59171122
#r 0 1.9073362669
-216038333 -57689587
#r 0 2.0024197552
-216886214 -55848717
#r 0 1.3521191255
-216281689 -53128459
#r 0 1.6817516086
-216744353 -48975763
#r 0 1.2820355736
-214976347 -43024157
#r 0 6.1678618913
-205768472 -44090773
#r 0 1.7843065002
-207996239 -33815798
#r 0 2.1265369758
-215704240 -21404193
#r 0 1.8833893419
-221854707 -2373633
#r 0 2.0059437376
-234314870 24430147
#r 0 2.2571738760
-261996296 58218301
#r 0 2.0058539729
-288860709 116021471
#r 0 2.3251711949
-354290996 185642851
#r 0 2.7375030380
-484029984 241122128
#r 0 5.7468153284
-423385927 205068874
#r 0 0.4429400291
-390962271 220449916
#r 0 3.4666684722
-407965962 214719125
#r 0 4.3147697504
-411487909 206333330
#r 0 1.5904257218
-411605334 212314686
#r 0 4.8075586659
-411321087 209336968
#r 1 -411505363 208990045
219528894 970092025
#r 0 5.3524976058
279257151 889888937
#r 0 3.1305723574
179263223 890990944
#r 0 0.1763585595
277712132 908535523
#r 0 0.2303087016
368191254 929750073
#r 0 3.0959659039
268295326 934311165
#r 0 5.5861453637
344969901 870116076
#r 0 5.3218019634
402208522 788117660
#r 0 3.3037692597
303520705 771970997
#r 0 5.7870723702
391464653 724369926
#r 0 5.5789089323
467672682 659621672
#r 0 2.4600174979
428843617 691122524
#r 0 5.4069452891
444852976 671904184
#r 0 2.3523362647
436043773 680781626
#r 0 2.2019147866
432326278 685868307
#r 0 2.3242215815
430169994 688167081
#r 0 1.6909482403
429975850 689775119
#r 1 429613616 690137294
-384209398 -106897359
#r 0 5.3499761536
-324683559 -187250794
#r 0 1.1181373520
-280947733 -97322058
#r 0 1.1106100009
-236536227 -7725082
#r 0 0.0226626723
-136561906 -5459009
#r 0 2.1602776374
-192154901 77663906
#r 0 0.5307666877
-105912978 128283376
#r 0 1.4985286330
-98692497 228022359
#r 0 0.4615949735
-9158170 272560031
#r 0 1.6781368080
-19871617 371984485
#r 0 5.1774352183
24974796 282604402
#r 0 2.1971708616
-33646346 363620214
#r 0 6.1079494307
64822198 346186173
#r 0 6.1290030689
163635943 330828964
#r 0 3.8075871447
85005669 269044823
#r 0 0.3274865479
179691051 301211241
#r 0 2.6351506073
92243462 349718139
#r 0 3.0244234248
-7070892 361408271
#r 0 4.6376324848
-14539581 261687568
#r 0 1.6090305125
-16450825 311651025
#r 0 1.5532653810
-16007020 336963960
#r 0 0.9989572438
-8964516 347906895
#r 0 3.8065550825
-14328898 343700752
#r 0 0.6585648638
-11633308 345786621
#r 1 -11236353 346064172
615373946 -411111791
#r 0 2.1015249372
564757760 -324867941
#r 0 2.0830650714
515742158 -237704470
#r 0 1.1906137708
552851158 -144844779
#r 0 2.4574401151
475355665 -81643130
#r 0 2.1839704996
417809038 139421
#r 0 2.3051167813
350800749 74368049
#r 0 5.7433358489
436579356 22967363
#r 0 2.7520730673
344070196 60941766
#r 0 6.0659301133
441719473 39386750
#r 0 6.1082769685
540193722 21984962
#r 0 0.6269450710
621176075 80652317
#r 0 3.7886387642
581282676 50510706
#r 0 3.6727512035
559718448 37842275
#r 0 0.5289611381
570514454 44152782
#r 0 5.0339975289
572490843 38220807
#r 0 1.8528653386
571620664 41223539
#r 0 1.7713378509
571308800 42757743
#r 1 570991737 43105333
326662212 790338362
#r 0 2.8113078712
232067210 822769605
#r 0 0.8619535347
297162785 898681173
#r 0 1.2116096254
315969609 948769311
#r 0 4.3202449604
305746068 924048697
#r 0 4.4962783393
302874788 910970022
#r 0 1.1783369526
305466252 917230614
#r 0 2.2742188522
298893433 924980154
#r 0 5.2881259850
301659680 920718440
#r 0 5.5575200114
303590732 919005324
#r 0 5.6171740977
304605869 918207647
#r 1 304555939 918013785
340630368 -61653550
#r 0 1.2222591502
374782698 32333781
#r 0 5.4978546964
445498153 -38372120
#r 0 2.3478964082
410437409 -2724620
#r 0 1.5482353644
411001425 22270766
#r 0 2.3317207285
398040319 35882336
#r 0 2.3576316642
389710403 44188344
#r 0 2.4838184255
382167925 50015245
#r 0 2.5901632968
374007126 55034737
#r 0 5.6675273643
377918025 52268268
#r 0 5.7621390685
380003953 51071046
#r 1 380679153 50680381
-936931568 -253662529
#r 0 4.9516421669
-913233853 -350814051
#r 0 0.1327394430
-814113548 -337579053
#r 0 4.9161696942
-793876223 -435509899
#r 0 2.6775197436
-883299914 -390750503
#r 0 2.3993545732
-941309876 -337543650
#r 0 5.2740070653
-888054233 -422183100
#r 0 1.6947863890
-900421494 -322950793
#r 0 4.8298330332
-894562781 -372606361
#r 0 5.0209960111
-886969161 -396426321
#r 0 1.4360666320
-885237770 -383653321
#r 0 3.9237579914
-898940534 -397267773
#r 0 0.5982532620
-887706789 -389611127
#r 0 1.6157997789
-888439509 -373340704
#r 0 4.6730495133
-888759786 -381477859
#r 0 4.8480486065
-888205208 -385540758
#r 1 -887479895 -385935357
-55698254 -527054964
#r 0 5.1110302623
-16881602 -619213889
#r 0 2.2630702348
-80710530 -542234229
#r 0 5.5197824799
-44586153 -576803426
#r 0 5.3838866886
-28827616 -596633097
#r 0 4.2977822338
-33972969 -608323913
#r 0 1.0615852639
-30859620 -602747667
#r 0 1.2471444475
-29835025 -599693252
#r 1 -30124294 -599326478
-176767589 -188188183
#r 0 1.6341110445
-183094831 -88388554
#r 0 1.5577439868
-181789634 11602928
#r 0 2.4837525769
-260921101 72743838
#r 0 0.7011448862
-184510688 137253130
#r 0 1.4310450178
-170581003 236278197
#r 0 2.4343764798
-246598356 301250207
#r 0 4.7841320681
-239430200 201507450
#r 0 2.6952728984
-329634378 244672323
#r 0 2.6213503657
-416404255 294381362
#r 0 2.0279956432
-460547936 384110596
#r 0 1.4225676931
-445779294 483014020
#r 0 1.8985705869
-477972952 577690144
#r 0 0.9919297124
-423265397 661398467
#r 0 0.5186512931
-336416543 710969392
#r 0 3.6795259018
-379355015 685351281
#r 0 3.2214519118
-404284602 683356180
#r 0 3.4590251509
-418071738 678826522
#r 0 3.3108361366
-427034558 677294972
#r 0 0.1895389859
-422569612 678151535
#r 0 0.2111241532
-420345988 678628098
#r 1 -421109917 678526411
133207554 429148051
#r 0 4.7689934944
138864983 329308212
#r 0 5.4215466667
203984459 253417146
#r 0 2.3394303896
169226761 289360190
#r 0 2.1731110146
155012977 310033574
#r 0 2.1146757656
148507226 320791944
#r 0 4.8975814209
149691648 314469599
#r 0 1.7002323600
149276522 317658861
#r 0 2.0369332654
148551545 319099837
#r 1 148749988 318801315
420725815 -425022251
#r 0 1.1751482596
459266442 -332747552
#r 0 1.1132814112
503438439 -243032254
#r 0 1.0481888999
553352561 -156380189
#r 0 1.9391385350
517345628 -63087634
#r 0 5.0432573279
533588848 -110375664
#r 0 5.1393380459
543955765 -133163427
#r 0 5.0218269548
547769358 -145091794
#r 0 1.9644365283
545367713 -139309109
#r 1 545656435 -139697403
-984543034 144270826
#r 0 0.9702856316
-928036645 226775541
#r 0 0.2179245818
-830401819 248395917
#r 0 0.6868499592
-753077089 311806374
#r 0 0.4484815526
-662966435 355166149
#r 0 1.2531442276
-631732736 450163286
#r 0 0.9892848409
-576803975 533726622
#r 0 1.7538719892
-595009444 632055463
#r 0 6.0463844907
-497800098 608596070
#r 0 4.3373854452
-534427680 515545437
#r 0 0.7977465144
-464595531 587123862
#r 0 2.7519562004
-557100253 625109076
#r 0 4.1725361381
-608501230 539330643
#r 0 5.2783151766
-554881446 454921409
#r 0 1.0604525615
-506033722 542179073
#r 0 5.6536386687
-425204270 483301236
#r 0 2.2061293166
-484548826 563788649
#r 0 3.5181097755
-577543913 527020269
#r 0 3.8894255950
-650860343 459015114
#r 0 0.7595563028
-614603262 493445102
#r 0 0.6958527023
-595412941 509473307
#r 0 0.8785819260
-587420881 519113146
#r 0 3.5435215636
-593242822 516638421
#r 0 0.5056202981
-590475562 518170439
#r 1 -590709290 517884947
366737756 485628537
#r 0 5.7201492888
451301608 432252934
#r 0 3.2221637240
351626017 424204542
#r 0 0.1063663232
401343439 429512835
#r 0 0.2923620924
425298505 436723000
#r 0 5.8340108715
437182170 430994631
#r 0 2.6268723678
431440698 434241849
#r 0 2.7514413375
428377407 435501572
#r 1 427747439 435580798
-649282821 -270779598
#r 0 0.5679675188
-564983218 -216987619
#r 0 1.4153713832
-549503225 -118193035
#r 0 1.5252927212
-544954435 -18296546
#r 0 1.6571889825
-553582958 81330502
#r 0 1.1616575112
-513801021 173076878
#r 0 1.2170801684
-479162392 266886075
#r 0 0.5625234776
-394571194 320218328
#r 0 3.8357274950
-433001566 288232293
#r 0 1.1877107074
-423496705 311817847
#r 0 4.4404248817
-426912088 299570793
#r 0 4.1765080690
-430197854 294037750
#r 0 1.2013312188
-429033790 297043741
#r 1 -429348407 296976571
411724544 245564399
#r 0 2.9794384340
313036365 261708853
#r 0 2.7191812174
221826065 302704965
#r 0 2.3851826559
149095609 371336450
#r 0 2.3236322538
80724506 444311735
#r 0 2.5418677292
-1824584 500753277
#r 0 2.7929680339
-95808928 534913826
#r 0 3.4096567796
-192237473 508427306
#r 0 0.2416812243
-143690624 520394072
#r 0 0.3874667123
-120527789 529846748
#r 0 3.0922499790
-133128865 530469024
#r 0 0.1389599576
-114518161 533071942
#r 0 3.3815658818
-123644838 530838751
#r 1 -124446850 531272683
795592083 -315379132
#r 0 2.6560575132
707149549 -268710960
#r 0 1.8705507127
677620994 -173170056
#r 0 2.6667429144
588684851 -127449574
#r 0 2.5031145951
508384478 -67852173
#r 0 2.5888287717
423276816 -15348022
#r 0 1.3546706917
444721517 82325540
#r 0 4.0538903416
383528507 3234355
#r 0 1.3552780276
404913884 100920924
#r 0 2.0214656446
361357072 190936501
#r 0 2.7252841990
269898274 231375198
#r 0 2.5817958446
185161971 284476601
#r 0 0.5896191817
268277220 340081056
#r 0 1.9927802368
227320106 431308874
#r 0 3.0345373326
127892601 441993969
#r 0 2.9319672454
30081708 462803321
#r 0 0.3151756540
125155902 493801669
#r 0 4.4837780225
102493418 396403456
#r 0 1.6869505362
90904098 495729624
#r 0 0.2517661549
187751494 520641106
#r 0 1.9342750243
152198714 614107677
#r 0 2.5467030453
69377677 670149410
#r 0 1.9474785646
32593942 763138425
#r 0 1.7582386380
13959280 861386831
#r 0 1.8357418910
-12226393 957897507
#r 0 3.8157230745
-90351398 895475688
#r 0 3.8859815037
-163901609 827723445
#r 0 0.3061153414
-68550466 857859130
#r 0 0.1836717876
29767504 876123212
#r 0 2.9524676965
-68449408 894923165
#r 0 6.1183204819
-19127381 886717215
#r 0 5.8902515105
3980949 877139076
#r 0 0.1322928611
16771479 878841113
#r 0 3.1341412536
10320019 878889186
#r 0 3.4947458371
7234829 877751966
#r 1 6846856 877649898
-521849662 466816098
#r 0 1.2514367762
-490453806 561759767
#r 0 4.5041444267
-500790941 512840000
#r 0 1.4858074133
-498668775 537749764
#r 0 5.1991857283
-492733252 526535441
#r 0 2.0725900557
-495784767 532097465
#r 1 -495934223 532729966
-558514126 -706353026
#r 0 2.7127766942
-649459996 -664773600
#r 0 2.8748282236
-745922884 -638412430
#r 0 0.7650448708
-673787756 -569155493
#r 0 3.9071307886
-709838235 -603801748
#r 0 4.0874945846
-724463529 -624077375
#r 0 3.7471978775
-735072212 -631422799
#r 0 0.4877266116
-729372749 -628399396
#r 0 0.7226180940
-726919749 -626236560
#r 0 3.8739043043
-728135708 -627329816
#r 1 -728532035 -627542180
-218018041 -776753981
#r 0 0.9367402090
-158776305 -696190858
#r 0 1.9280989569
-193751154 -602506495
#r 0 5.5910125966
-116765036 -666327632
#r 0 3.4740059961
-211290792 -698960153
#r 0 0.3094173312
-163665235 -683734969
#r 0 0.2986277150
-139759076 -676375857
#r 0 0.8549824081
-131525441 -666908522
#r 0 3.9941440386
-135653753 -671632167
#r 0 4.4490670250
-136470210 -674660774
#r 0 1.3669648351
-136152737 -673124879
#r 1 -136152132 -672540248
517252615 315449462
#r 0 1.4419576893
530100864 414620640
#r 0 4.1899949504
480205234 327957925
#r 0 1.5335619911
483927807 427888613
#r 0 1.4856352645
492433623 527526212
#r 0 3.2061316433
392641815 521076792
#r 0 0.6165256058
474231044 578897184
#r 0 0.7500821909
547394328 647067074
#r 0 3.6122899795
458269102 601716285
#r 0 0.4973666862
502211201 625571931
#r 0 0.5028586267
524131987 637628803
#r 0 0.9752829810
531172865 648020165
#r 0 4.2036196324
528115792 642539025
#r 0 3.9329596744
525893640 640290186
#r 1 526061058 640746374
-836634468 79323631
#r 0 1.0078255140
-783264379 163890963
#r 0 1.0915008638
-737148965 252622967
#r 0 0.9523501253
-679171979 334100996
#r 0 0.9527928492
-621231071 415604684
#r 0 1.3881689881
-603069687 513941677
#r 0 1.3073356402
-577027349 610491129
#r 0 4.5230913099
-586435807 561384297
#r 0 1.1631543780
-576470328 584461586
#r 0 3.8248613088
-605695407 560669979
#r 0 0.6851689923
-591105501 572593529
#r 0 0.6857958831
-583814260 578559898
#r 0 0.6284257840
-580003511 581329194
#r 1 -580161647 581207608
-478957491 -425697431
#r 0 5.5637530297
-403739495 -491593206
#r 0 5.7395694538
-318155091 -543316603
#r 0 5.6949153573
-234964894 -598808865
#r 0 5.2907831121
-180296896 -682543028
#r 0 1.7588325233
-198989903 -584305706
#r 0 4.9774998066
-185889092 -632558878
#r 0 4.5148161470
-190825392 -657217647
#r 0 1.7344053084
-193059023 -643687425
#r 0 4.8842514320
-191886410 -650443087
#r 1 -191851577 -650231798
744680137 283363242
#r 0 3.0539756064
645063729 292113741
#r 0 2.7623777028
552168175 329132872
#r 0 2.5776650348
467651947 382583851
#r 0 2.5035345150
387326555 442147527
#r 0 2.5497999468
304332360 497932503
#r 0 2.9395501973
206366484 517999569
#r 0 2.5877352386
121316288 570596756
#r 0 3.0713241311
21563070 577617827
#r 0 2.0719274597
-26478719 665321798
#r 0 2.0497797355
-72566442 754068189
#r 0 0.4107561188
19115474 793998456
#r 0 3.5526463749
-26719540 774019682
#r 0 3.7155909474
-47712958 760444834
#r 0 3.0042578541
-60421399 762201201
#r 0 4.3642452844
-62914668 755331296
#r 0 1.2959068211
-61922777 758848276
#r 1 -61707748 758512223
787479252 -388621533
#r 0 2.5738247583
703168913 -334846384
#r 0 2.4978328124
623184440 -274825687
#r 0 2.4684386247
544998524 -212480178
#r 0 2.2915893750
479000456 -137351921
#r 0 2.4396045325
402644467 -72778220
#r 0 2.4310651305
326842676 -7554847
#r 0 2.3046546887
259868694 66704737
#r 0 2.2434609111
197561460 144921159
#r 0 2.6215481705
110781752 194613033
#r 0 2.3461764370
40782994 266028534
#r 0 2.4297882689
-34935454 331348643
#r 0 2.5822191311
-119694226 384414174
#r 0 2.6246894985
-206629604 433833200
#r 0 2.2101342823
-266296033 514082295
#r 0 2.6819557847
-355917398 558444564
#r 0 1.8591350515
-384353390 654316324
#r 0 1.7162056969
-398843139 753260991
#r 0 4.9660548055
-386295432 704861043
#r 0 4.6588844152
-387647971 679606228
#r 0 1.6385934184
-388504643 692222680
#r 0 4.7141929144
-388493237 685899939
#r 0 5.1400158753
-387176479 683010741
#r 0 1.9370265645
-387744979 684493015
#r 1 -387757004 684562135
734374273 161323653
#r 0 2.7527819166
641838218 199232472
#r 0 2.7902179208
547948175 233651359
#r 0 2.7001366178
457535123 276376995
#r 0 2.7525170195
365009113 314310325
#r 0 2.7366089444
273098231 353710704
#r 0 2.8048362592
178715091 386753446
#r 0 2.9432164290
80676303 406461212
#r 0 2.6568080432
-7801232 453062992
#r 0 2.8437589966
-103398677 482407985
#r 0 2.6993988033
-193780181 525200318
#r 0 2.8188871027
-288618268 556913679
#r 0 2.8470992372
-384313198 585939190
#r 0 2.8264957717
-479389834 616930048
#r 0 3.5204049476
-572300286 579948325
#r 0 0.2607545180
-523990500 592838807
#r 0 0.5770609000
-502749080 606666457
#r 0 5.3475505091
-495180073 596397132
#r 0 2.2608831173
-499240750 601316290
#r 0 2.5785506345
-501945880 603023755
#r 0 5.7630725168
-500557923 602228856
#r 1 -500492795 602045807
-835925574 -325109799
#r 0 1.1909173705
-798844768 -232238846
#r 0 1.2567337318
-767952263 -137130208
#r 0 1.1146217679
-723900556 -47355785
#r 0 1.2085940502
-688467108 46156090
#r 0 1.0012209749
-634539659 130369095
#r 0 1.1644852400
-595017315 222227596
#r 0 1.2192403527
-560581412 316111400
#r 0 1.2810507227
-532010568 411943059
#r 0 1.3240135014
-507582016 508913394
#r 0 1.0071880002
-454158025 593446685
#r 0 1.5409690680
-451175741 693402205
#r 0 4.5026589979
-471995322 595593488
#r 0 1.0524019063
-422446707 682455072
#r 0 4.1027701525
-451074457 641461756
#r 0 4.7019595141
-451337348 616256082
#r 0 2.6901007372
-464482509 622630124
#r 0 5.9202577808
-457653801 620036930
#r 0 5.5337680793
-454959158 617529542
#r 0 0.1355738375
-453057189 617788991
#r 2 -453980691 617792469
