701687785 -541700890
#r 0 5.9562184864
749038829 -557759491
#r 0 5.7781418293
792796501 -581951766
#r 0 6.1857624928
811885043 -583817331
#r 0 2.9507270246
802469445 -581998071
#r 0 5.9379944216
806981472 -583620542
#r 0 2.8012954130
804721516 -582820356
#r 1 803983064 -582645273
-499127383 633119407
#r 0 6.0992531746
-449970777 623974568
#r 0 4.5969673619
-455729053 574307252
#r 0 1.4645584653
-453078100 599166304
#r 0 1.4671382849
-451784585 611600256
#r 0 1.4106087349
-450787167 617773467
#r 0 1.5328581256
-450668551 620898521
#r 1 -450464784 621011867
-483608482 -622730427
#r 0 2.1023593132
-508952546 -579629633
#r 0 2.3192800055
-542978971 -542993552
#r 0 4.9734521526
-536526275 -567146455
#r 0 1.8116415218
-539507819 -555007246
#r 0 1.4998365655
-539064512 -548770427
#r 0 4.6226094479
-539344811 -551884113
#r 1 -539292826 -551744413
-400050622 -282770132
#r 0 2.5276512118
-440919809 -253965452
#r 0 0.8707537882
-424813553 -234845082
#r 0 0.6265670817
-402964796 -219029423
#r 0 0.4283272912
-373943269 -205778251
#r 0 3.2105827671
-389857144 -206877896
#r 0 0.3092051441
-382259485 -204450814
#r 0 0.1495953446
-378095767 -203823253
#r 0 0.3742078821
-375959731 -202984406
#r 0 3.2144571781
-377104108 -203067938
#r 0 6.1410022229
-376536187 -203149235
#r 0 0.7600004840
-376318896 -202942711
#r 0 3.2158294162
-376468372 -202953828
#r 0 1.4284171485
-376457738 -202879642
#r 0 6.1408273196
-376382262 -202890460
#r 0 0.3143328776
-376343209 -202877763
#r 0 1.8977993955
-376354347 -202844926
#r 0 4.3740289674
-376360102 -202861280
#r 0 4.3530343559
-376364252 -202872327
#r 0 4.4239907952
-376367342 -202882744
#r 0 6.0893331076
-376362012 -202883790
#r 0 6.1722770079
301295572 728310821
#r 0 5.1882247810
324199650 683865313
#r 0 3.8838934877
287353891 650066052
#r 0 3.7650651095
246761094 620873162
#r 0 0.2643426567
270892704 627405032
#r 0 4.3407900723
266353883 615758183
#r 0 3.9535131093
259386996 608411580
#r 0 4.0234583744
253748259 601564629
#r 0 4.8218777668
254870129 591359171
#r 0 3.9992563344
244858251 579784617
#r 0 2.7171781904
226116601 588253554
#r 0 3.9818684716
213237350 573877069
#r 0 4.3179437498
202145108 547229730
#r 0 2.2822734303
192721755 558160422
#r 0 4.1247618065
188721322 552154889
#r 0 4.4298628233
186728197 545288941
#r 0 4.1005056593
182265435 538929247
#r 0 4.1627940975
176639039 529744014
#r 0 2.0773718014
174025955 534453366
#r 0 3.5458163103
169715448 532609414
#r 0 4.1917102389
166220374 526514738
#r 0 4.2617697547
538670319 187274473
#r 0 4.3240922413
519739694 140996709
#r 0 5.2345978377
544679485 97660733
#r 0 0.3530501856
591595607 114948806
#r 0 4.8959024051
596157735 90368592
#r 0 4.7706632788
597671781 64416635
#r 0 1.9159904275
593273512 76647920
#r 0 2.7913251780
586688899 79053488
#r 0 5.0052054860
587700656 75697550
#r 0 2.3151386323
586513313 76986622
#r 0 0.6736641733
587323892 77633655
#r 0 3.2942101286
586811343 77554818
#r 0 4.9147765876
586875828 77240559
#r 0 4.0110085906
586733027 77071494
#r 0 0.5680840363
586826298 77131026
#r 0 0.9793747414
586859809 77180922
#r 0 3.4737631499
586831400 77171122
#r 0 1.9320246779
586824258 77190027
#r 0 4.2538439216
586819786 77180967
#r 0 0.5945482858
586823970 77183796
#r 0 0.6488720834
586826454 77185680
#r 0 0.5911100154
-356518068 -65592954
#r 0 3.4740497304
-403780232 -81911281
#r 0 1.4984013763
-401971939 -56976766
#r 0 0.3064717182
-379918132 -49998025
#r 0 6.0851280368
-366132731 -52764593
#r 0 5.7900694529
-359071966 -56559028
#r 0 3.3047826961
-363026589 -57210174
#r 0 2.2243329603
-364675242 -55057323
#r 0 3.5409026761
-365926766 -55585441
#r 0 6.0186559020
-365271197 -55763020
#r 0 3.5004473137
-365589162 -55882287
#r 0 5.9332602152
-365429654 -55940498
#r 0 0.8267311848
-365349084 -55852976
#r 0 0.1974471148
-365290746 -55841305
#r 0 5.9719459933
-365252340 -55853660
#r 0 3.6555680630
-365269906 -55863577
#r 0 5.7203849080
-365261376 -55868958
#r 0 2.8858672192
-365266254 -55867683
#r 0 5.8124988660
-365264008 -55868826
#r 0 3.3242495474
-365265247 -55869055
#r 0 3.5587496915
-365266024 -55869399
#r 0 3.6187332695
-276446552 932869643
#r 0 5.6915834143
-234944133 904985074
#r 0 0.1317612633
-185377531 911554091
#r 0 2.9999394105
-210127130 915083591
#r 0 4.6046816753
-211567242 901764732
#r 0 4.5922796633
-212980987 890050906
#r 0 4.4414904921
-216534617 877255439
#r 0 4.5234193757
-219660792 860909560
#r 0 4.5667553319
-223045709 837831428
#r 0 4.4519206863
-231827535 804881835
#r 0 1.3220412286
-227629892 821406931
#r 0 5.3423762938
-222607551 814518475
#r 0 2.1664195792
-224998904 818046946
#r 0 2.2494862426
-226338418 819707850
#r 1 -226672162 819883479
-550539604 -271667289
#r 0 2.9194286509
-599310750 -260650241
#r 0 2.9007010445
-647867033 -248721812
#r 0 2.8671048722
-695995241 -235169116
#r 0 5.2249018683
-683736021 -256956991
#r 0 2.0850969507
-689885096 -246074030
#r 0 2.0709320256
-692882259 -240589528
#r 0 2.0813433317
-694409480 -237862722
#r 0 5.1418016139
-693758879 -239283526
#r 1 -693848843 -238953702
-618319202 -169265767
#r 0 1.8329675087
-631278110 -120974290
#r 0 1.5559760715
-630537124 -70979781
#r 0 4.3021846279
-640507042 -93905764
#r 0 1.1316291329
-635192219 -82591939
#r 0 4.2702823843
-637866246 -88241015
#r 0 4.2809961779
-639172934 -91079740
#r 0 4.3226923813
-639766559 -92525137
#r 1 -639912657 -92883444
755102565 -188650360
#r 0 4.2660486209
733519199 -233752004
#r 0 3.1520349655
683521925 -234274110
#r 0 3.2572733603
633856103 -240045254
#r 0 5.3663578701
649064632 -259887144
#r 0 3.0632074866
636603015 -258908333
#r 0 2.4138421483
629486465 -252568379
#r 0 6.0172555767
634084459 -253820785
#r 0 5.5159447346
636127628 -255791071
#r 0 5.0548181994
636657030 -257276184
#r 0 5.1824338887
637026854 -258004152
#r 0 5.4869869862
637376075 -258360999
#r 0 5.2865511994
637633303 -258758658
#r 0 3.1417913136
637396502 -258758705
#r 0 5.1739020024
637449226 -258864718
#r 0 5.4851995060
637523385 -258940768
#r 0 4.9792693948
637551433 -259043358
#r 0 1.3781199205
637561616 -258991165
#r 0 1.8658232961
637552420 -258960904
#r 0 5.0717485054
637557981 -258975707
#r 0 5.2602558032
637562116 -258982484
#r 0 2.2255316694
380790345 -501424583
#r 0 1.2208424070
397933071 -454455157
#r 0 3.9092263800
379944173 -471816020
#r 0 1.8762673979
376184892 -459894703
#r 0 0.3933388265
386537965 -455598558
#r 0 1.3280090742
387914586 -450040334
#r 0 1.7318268930
387036902 -444637109
#r 0 1.5877343639
386912693 -437304667
#r 0 3.1013797721
376727945 -436894888
#r 0 2.6569213259
364547326 -430481027
#r 0 0.3215953003
371077491 -428305432
#r 0 0.2541262701
376053069 -427013066
#r 0 0.3468339304
380710590 -425329630
#r 0 2.0577831434
379551811 -423141288
#r 0 1.2908077515
380272851 -420633687
#r 0 0.9856374328
382385168 -417445605
#r 0 0.3420655927
387789358 -415521375
#r 0 1.2865285863
390092672 -407638190
#r 0 2.0562144129
384510789 -397056761
#r 0 1.5377209905
385025469 -381501588
#r 0 0.2338129132
407588110 -376127868
#r 0 2.4487704539
-579009961 358478730
#r 0 3.5516244791
-624865368 338546804
#r 0 3.5275624032
-671187058 319723918
#r 0 0.4128350695
-648287382 329754114
#r 0 3.3301523515
-660565821 327411060
#r 0 0.0806839808
-654336154 327914788
#r 0 0.2778864925
-651296302 328781959
#r 0 0.4502625513
-649872845 329470028
#r 1 -649658438 329414000
299350043 -849072587
#r 0 0.8624416889
331879298 -811100919
#r 0 2.5534112023
311080521 -797229694
#r 0 0.7261519246
320427209 -788929729
#r 0 2.8125205348
314512569 -786909948
#r 0 0.5983777328
317094601 -785149627
#r 0 2.7310835983
315661918 -784526071
#r 0 1.1502548283
316202138 -783318127
#r 0 1.5913724255
316161304 -781333867
#r 0 2.8367134486
313388021 -780461141
#r 0 0.6735535271
314524232 -779554383
#r 0 0.6164991027
315510650 -778855370
#r 0 2.7437091278
314953380 -778621149
#r 0 2.7472698671
314479206 -778423837
#r 0 1.4052882606
314572411 -777865847
#r 0 2.7695985571
313785568 -777558853
#r 0 3.3464077264
312743879 -777775241
#r 0 3.4745072104
311554506 -778186508
#r 0 1.4393735990
311636964 -777562699
#r 0 2.1821828609
311313475 -777101221
#r 0 2.6774475109
310606494 -776747291
#r 0 3.4850308225
547958642 -796389549
#r 0 2.9821058203
498593196 -788448970
#r 0 2.1805055725
469961740 -747458243
#r 0 2.2115438281
440071998 -707375787
#r 0 2.0964766186
414981920 -664126648
#r 0 5.1282636589
425081675 -686995731
#r 0 5.5089943189
434126022 -695839593
#r 0 2.4227937815
429365970 -691674809
#r 0 5.6907279855
431989419 -693440706
#r 0 2.6416972062
430601699 -692682780
#r 1 430576045 -692512212
120566706 -818818612
#r 0 3.3701842803
71867381 -830148913
#r 0 0.1694924904
96509143 -825931860
#r 0 3.3587328284
84302675 -828624833
#r 1 84439453 -827643101
137093106 -178832048
#r 0 5.9562341477
184444401 -194889908
#r 0 1.3437568202
190071751 -170531482
#r 0 3.0265916306
177654319 -169097136
#r 0 5.8863240711
183418560 -171512920
#r 0 0.4432182820
186456247 -170070875
#r 0 5.7434878705
188019587 -171007344
#r 0 5.8781157057
188987654 -171422434
#r 0 5.8727558657
189631000 -171702381
#r 0 5.7955081427
190183627 -171995499
#r 0 5.5511729208
190729705 -172486176
#r 0 6.2700613521
191760844 -172499709
#r 0 0.0678082416
193054682 -172411841
#r 0 1.4184347017
193322268 -170669198
#r 0 5.8148741775
194108888 -171067104
#r 0 6.1251030120
194952586 -171201600
#r 0 6.0585435255
196049776 -171452306
#r 0 5.4382476124
197093581 -172628441
#r 0 6.2450989316
199114465 -172705446
#r 0 0.0584882104
202142723 -172528126
#r 0 5.4491586766
205196095 -175893897
#r 0 5.4078526023
-671832205 450572368
#r 0 1.5842621284
-672505475 500567835
#r 0 1.4339059797
-665682314 550100092
#r 0 2.0662431850
-689453555 594087910
#r 0 5.1414276327
-679053636 571353758
#r 0 5.3591275867
-671488168 561334211
#r 0 5.2503005386
-668248700 555904277
#r 1 -668696312 556230993
-468532303 -84888903
#r 0 0.9430903023
-439167822 -44420060
#r 0 3.7111188259
-460221735 -57900886
#r 0 0.0863756220
-447768337 -56822533
#r 0 0.2220580471
-440407269 -55160541
#r 0 0.1925057650
-435101247 -54126294
#r 0 0.6963630420
-431064465 -50751180
#r 0 3.2692450530
-433673980 -51086112
#r 0 0.6346212808
-432614645 -50306212
#r 0 6.0436408960
-431831281 -50497536
#r 0 5.9953786496
-431444053 -50612165
#r 0 3.7766818067
-431606602 -50731953
#r 0 5.9925244950
-431509878 -50760886
#r 0 6.2336880843
-431428660 -50764909
#r 0 0.7182609126
-431370865 -50714396
#r 0 6.0158673014
-431310234 -50731001
#r 0 3.7234605919
-431336493 -50748275
#r 0 6.0699059933
-431321134 -50751601
#r 0 0.6366101241
-431311764 -50744674
#r 0 4.6335349790
-431312223 -50750482
#r 0 3.7666396386
-431315864 -50753109
#r 0 1.5500327411
242220329 -192797614
#r 0 4.8819184742
250656259 -242080827
#r 0 0.7020969067
269743499 -225935326
#r 0 0.6784392303
286512388 -212418206
#r 0 3.9736287911
279260670 -220379965
#r 0 0.9708593487
282300781 -215935646
#r 0 4.1157021239
280787956 -218162734
#r 1 281243238 -217503343
474168597 127670696
#r 0 4.5981096603
468467060 77996835
#r 0 1.5788197292
468266477 102996029
#r 0 3.8157124644
458500769 95193406
#r 0 3.1418562608
448562850 95190786
#r 0 4.6389044898
447597315 82075142
#r 0 2.3406555493
443020496 86796456
#r 0 1.3848650994
443950254 91739245
#r 0 3.0882907670
441439088 91873222
#r 0 4.6511992921
441276505 89219514
#r 0 3.5732654147
439920727 88594979
#r 0 2.3905210774
438610942 89817794
#r 0 4.6346442736
438541358 88924563
#r 0 3.4881866110
437874426 88683685
#r 0 0.2302342760
438219620 88764595
#r 0 2.9213622678
438046628 88803321
#r 0 0.8060027826
438107999 88867274
#r 0 2.4126140983
438051439 88917786
#r 0 5.5127079764
438078647 88891378
#r 0 4.2473474765
438070131 88874405
#r 0 1.3847381014
438071887 88883735
#r 0 2.5133105751
595496296 -707793242
#r 0 1.9694855765
576085760 -661714710
#r 0 1.2749189969
590664718 -613887375
#r 0 1.3099935074
603557533 -565578211
#r 0 1.2911377734
617358907 -517520724
#r 0 2.1201565406
591251823 -474877786
#r 0 3.7101245053
549117207 -501797558
#r 0 0.8825902094
564996022 -482487893
#r 0 2.7762935578
553320811 -478022535
#r 0 2.9307918446
541516150 -475496576
#r 0 1.8779846684
537376976 -462448716
#r 0 1.8555474971
531609304 -442744020
#r 0 0.5851587732
557282523 -425733801
#r 0 1.9391800158
543508253 -390049612
#r 0 0.4752038435
593253905 -364453987
#r 0 0.4593846532
657906418 -332471513
#r 0 6.0110599606
754834391 -359519034
#r 0 3.5367622543
708396637 -378888729
#r 0 2.1278589235
690266516 -349781106
#r 0 1.9860076290
682864686 -332990860
#r 0 5.1645376819
686873100 -341243585
#r 0 2.1281857244
677928845 -196320030
#r 0 2.3189093910
643916000 -159671341
#r 0 5.0427277232
652025087 -183319654
#r 0 4.8719309052
654327293 -197627115
#r 0 5.7324163635
664398407 -203812428
#r 0 4.9841549571
666474250 -211261794
#r 0 3.3002985178
662656250 -211872872
#r 0 1.8305341323
661597279 -207887895
#r 0 4.7555965853
661686330 -209947612
#r 0 1.4697292096
661790335 -208922052
#r 0 3.0579363148
661266164 -208878099
#r 0 2.1670318398
660973017 -208446127
#r 0 4.9379889548
661031406 -208700537
#r 0 1.8015853997
661001552 -208573485
#r 0 3.2865455770
660936979 -208582911
#r 0 4.8840694925
660949062 -208652596
#r 0 4.8746710640
660965854 -208755158
#r 0 4.9346556157
660999925 -208905913
#r 0 2.6825828293
660930646 -208871674
#r 0 1.8223848979
660915496 -208812731
#r 0 5.0052175826
660924280 -208841865
#r 0 5.0365328032
134234208 -184258840
#r 0 1.1110084006
156422111 -139451509
#r 0 3.7416382833
135789366 -153568512
#r 0 5.6856237767
146123240 -160601364
#r 0 5.7113788332
156014238 -166966420
#r 0 5.6896791484
167420213 -174661411
#r 0 0.1490797670
185659440 -171921987
#r 0 3.1764808600
176443151 -172243657
#r 0 5.6861050688
180256318 -174836073
#r 0 5.5568236369
182551011 -176874647
#r 0 1.2936018768
182970998 -175398518
#r 0 1.1837313958
183494237 -174114899
#r 0 5.6994697521
184072560 -174496876
#r 0 5.5306156106
184592096 -174983374
#r 0 5.6171370665
185249972 -175500360
#r 0 1.3705409659
185333190 -175090368
#r 0 2.9390184239
184966458 -175015044
#r 0 0.0755987496
185153116 -175000906
#r 0 5.6442571878
185233820 -175060859
#r 0 5.6584683436
185275860 -175091172
#r 0 5.5366107346
185296902 -175110641
#r 0 5.6031676646
-222667336 -46611794
#r 0 0.0959602877
-172897369 -41821140
#r 0 5.9107293640
-126325548 -60016344
#r 0 4.3663487756
-143284318 -107052501
#r 0 4.1919574228
-168147048 -150432734
#r 0 1.0854477964
-156484132 -128319925
#r 0 5.0714296729
-152091929 -140022853
#r 0 1.9643258579
-154488494 -134250595
#r 0 1.8322560860
-155297238 -131228214
#r 1 -155638675 -130660910
219528894 970092025
#r 0 4.3811470848
203268011 922810066
#r 0 1.2328362753
211557091 946395890
#r 0 4.3271389410
206859706 934812085
#r 0 1.1621905496
209343020 940547557
#r 0 1.3116351143
210144300 943569845
#r 1 209899465 942721505
-384209398 -106897359
#r 0 3.5136705104
-430788095 -125074954
#r 0 3.5120049083
-477397004 -143174942
#r 0 6.0484424615
-453082650 -148989764
#r 0 1.4764257046
-451904767 -136545385
#r 0 3.5802315859
-457563082 -139199807
#r 0 3.0547178933
-462926030 -138732726
#r 0 3.5632715019
-469411460 -141642010
#r 0 3.3785732909
-478114162 -143743877
#r 0 3.5105482546
-490041260 -148355634
#r 0 2.4028314031
-503705081 -135910345
#r 0 1.2478543268
-495408583 -111119348
#r 0 5.5248258382
-485919344 -120108825
#r 0 3.5562946734
-491900964 -122742131
#r 0 6.0139236971
-488750911 -123611430
#r 0 4.7702400502
-488620703 -125859662
#r 0 3.6062376867
-491460744 -127283225
#r 0 0.3616965397
-489975094 -126721143
#r 0 0.0390051229
-489173127 -126689846
#r 0 4.7310196859
-489163838 -127188351
#r 0 0.2073958271
-488919885 -127137018
#r 0 3.6489107826
615373946 -411111791
#r 0 0.8797674651
647240464 -372582256
#r 0 6.0069936803
695345511 -386216936
#r 0 2.9376426979
670863656 -381153461
#r 0 6.2250545455
683342542 -381879686
#r 0 5.7938441974
688974933 -384879172
#r 0 2.7592226973
686014712 -383688679
#r 1 686682551 -383917201
326662212 790338362
#r 0 6.1945552680
376465958 785912660
#r 0 5.2289956727
401162583 742437648
#r 0 5.7247924230
443567968 715946454
#r 0 3.8765360141
425021250 699182826
#r 0 5.5452679295
434269640 690773470
#r 0 3.8878566050
429680701 686530343
#r 0 3.7827311752
424277893 682498147
#r 0 0.5798494332
427097712 684344997
#r 0 5.5902128708
428399232 683264286
#r 0 3.9003301799
427785390 682682332
#r 0 4.7816792885
427847676 681784859
#r 0 3.7906452958
426785046 680978630
#r 0 5.6391815902
427318389 680578204
#r 0 0.4145752790
427921396 680843576
#r 0 2.2043201048
427726390 681109061
#r 0 3.5686108024
427421684 680970415
#r 0 3.6463350888
427244180 680872348
#r 0 3.9394253969
427138268 680763769
#r 0 5.6276571347
427198388 680717539
#r 0 3.6876526477
427165983 680697847
#r 0 4.3411580997
340630368 -61653550
#r 0 4.8338131064
346686667 -111285407
#r 0 5.9479890973
393903956 -127733130
#r 0 3.9400506133
376458655 -145640151
#r 0 3.7529197603
357845317 -158686167
#r 0 4.0202475402
342306579 -177431419
#r 0 0.8707358366
350149926 -168120613
#r 0 0.8326754515
354246160 -163617523
#r 1 354136731 -163405116
-936931568 -253662529
#r 0 0.5507589081
-894325188 -227495826
#r 0 0.1606897645
-844969330 -219495870
#r 0 3.8804611384
-863450106 -236332167
#r 0 2.2931605461
-874066575 -224285240
#r 0 6.2237993300
-866052063 -224761750
#r 0 4.1848132985
-868073039 -228230254
#r 0 4.1701781483
-869924389 -231303347
#r 0 3.3688518906
-873894283 -232221402
#r 0 3.3613048084
-877767884 -233086444
#r 0 3.4032287755
-882379329 -234321270
#r 0 3.4099127801
-888661999 -236048693
#r 0 4.2579923039
-892775956 -244470489
#r 0 3.1807604418
-906526626 -245009348
#r 0 4.5880548178
-908914616 -264116503
#r 0 4.7155133103
-908831941 -290578211
#r 0 1.5538531295
-908607778 -277349192
#r 0 4.8001067395
-908028229 -283939216
#r 0 1.7948621608
-908763192 -280714173
#r 0 4.9308190742
-908404804 -282328739
#r 1 -908458240 -281933686
-55698254 -527054964
#r 0 1.0863091830
-32410525 -482809267
#r 0 3.1681602720
-57401703 -483473379
#r 0 0.1696424535
-45081138 -481363005
#r 0 5.0182181521
-43161293 -487443566
#r 0 1.2941594069
-42290520 -484376563
#r 0 2.5184578414
-43958151 -483178116
#r 0 5.0541441160
-43614028 -484145533
#r 0 1.1370036631
-43398239 -483679686
#r 0 1.2984218134
-43297127 -483317686
#r 0 1.3632010510
-43227504 -482987141
#r 0 5.0020952360
-43179255 -483149001
#r 0 2.6918879832
-43255308 -483112291
#r 0 4.9884249741
-43243800 -483152917
#r 0 1.1976598964
-43236104 -483133258
#r 0 1.5891294780
-43236365 -483119044
#r 0 1.3022042178
-43233697 -483109350
#r 0 0.4717354531
-43223983 -483104394
#r 0 1.4933837410
-43222734 -483088290
#r 0 3.0125646082
-43242796 -483085687
#r 0 0.7059087318
-43235098 -483079125
#r 0 1.3158197417
-176767589 -188188183
#r 0 0.5534581519
-134231994 -161906570
#r 0 3.8953920403
-152459339 -179016915
#r 0 1.1485004158
-147336142 -167615036
#r 0 0.3776155558
-140692888 -164979986
#r 0 5.7746826401
-137568186 -166721678
#r 0 0.1916566585
-134692846 -166163752
#r 0 0.4404931242
-132756199 -165250849
#r 0 5.6745071381
-131256733 -166295906
#r 0 5.7038233407
-129038059 -167747489
#r 0 1.4123880465
-128828939 -166438417
#r 0 0.4316270684
-127724476 -165929710
#r 0 6.1878081250
-125956952 -166098805
#r 0 3.7471785285
-126686871 -166604178
#r 0 3.2158873455
-127303939 -166650107
#r 0 5.6877725669
-127047792 -166823627
#r 0 1.1867712855
-126989835 -166680201
#r 0 5.6203766736
-126928866 -166727795
#r 0 3.1295284777
-126967536 -166727328
#r 0 3.8655131041
-126987067 -166744594
#r 0 0.0722407851
-126974067 -166743653
#r 0 5.7053910436
133207554 429148051
#r 0 4.9540408375
145172895 380600851
#r 0 1.8806162105
137550717 404410564
#r 0 1.3884323063
139828159 416760254
#r 0 4.5132843428
138586232 410605337
#r 1 138409529 410113662
420725815 -425022251
#r 0 1.6206462134
418234353 -375084363
#r 0 1.3546792907
428956284 -326247490
#r 0 2.5861108662
386473961 -299879854
#r 0 0.7855904281
404148231 -282198787
#r 0 0.8408513132
421003727 -263362011
#r 0 0.8252077581
442504507 -240077400
#r 1 442625467 -239218691
-984543034 144270826
#r 0 6.1424602688
-935037306 137257775
#r 0 0.0004088527
-885037310 137278218
#r 0 1.1250854156
-863482338 182393439
#r 0 4.2656676782
-874282610 159846730
#r 0 4.3379519725
-878854472 148212797
#r 0 4.2336340259
-881747864 142638176
#r 0 4.1484699985
-883428566 139980614
#r 0 3.9846702294
-884474541 138806440
#r 1 -884476328 138311183
366737756 485628537
#r 0 2.5972389447
323964648 511521803
#r 0 3.9146459826
288175558 476605603
#r 0 2.3633684398
252567493 511706397
#r 0 3.4357045752
204714495 497211896
#r 0 3.4324926623
156815189 482871169
#r 0 3.4447093506
109094649 467946356
#r 0 0.2988364726
132986640 475306567
#r 0 0.2528088741
145089533 478433181
#r 0 3.3098384681
138927670 477386579
#r 0 0.2239979573
141974654 478080746
#r 1 141355923 477876390
-649282821 -270779598
#r 0 2.4327092678
-687237283 -238230270
#r 0 3.2675817588
-736840976 -244513073
#r 0 0.1279718280
-712045408 -241322503
#r 0 5.9138850202
-700388110 -245834558
#r 0 2.7766766205
-706226593 -243604107
#r 0 2.7036850157
-709056786 -242278934
#r 1 -708635686 -242319446
411724544 245564399
#r 0 2.7213972785
366074081 265961341
#r 0 2.2061797628
336399773 306203551
#r 0 4.3691325083
327985889 282661959
#r 0 3.6292320776
309615295 272918935
#r 0 3.3686374856
281902323 266516453
#r 0 3.7578341809
247557121 242191459
#r 0 0.6585998072
264199290 255070231
#r 0 0.6645715078
272496617 261570823
#r 0 3.8192795640
268390938 258266397
#r 0 3.7547001372
266235382 256749846
#r 1 266395646 256890851
795592083 -315379132
#r 0 3.3333786142
746508814 -324909753
#r 0 3.2780064973
696973311 -331709311
#r 0 3.7753148685
656681861 -361316727
#r 0 0.8332304491
673494071 -342814035
#r 0 0.3774509925
685566349 -338027859
#r 0 4.5500011226
684516558 -344435650
#r 0 1.4209305163
685001294 -341225434
#r 0 1.3713502131
685322964 -339634061
#r 1 685426426 -339222571
-521849662 466816098
#r 0 0.1156126209
-472183447 472583860
#r 0 0.0343076683
-422212870 474298907
#r 0 0.1001062365
-372463192 479295863
#r 0 3.0838978563
-397421595 480737433
#r 0 3.7774944863
-407725174 473131401
#r 0 0.6644840674
-402684173 477080093
#r 0 0.5572558739
-399964630 478774731
#r 0 3.8849275724
-401144168 477690472
#r 1 -400980114 477979819
-558514126 -706353026
#r 0 1.2615444750
-543296823 -658724949
#r 0 1.2019242290
-525268642 -612088218
#r 0 1.1581905959
-505218755 -566284266
#r 0 1.2166342117
-487878525 -519387396
#r 0 1.2767586723
-473387578 -471533321
#r 0 1.0433265552
-448220147 -428329150
#r 0 4.2409005578
-459575467 -450601479
#r 0 4.1364128395
-466404936 -461117536
#r 0 3.6893974863
-471757348 -464382983
#r 0 0.6220348524
-469209598 -462556283
#r 0 0.5397179965
-467857552 -461746345
#r 1 -467442588 -461695498
-218018041 -776753981
#r 0 1.1440843902
-197324050 -731237404
#r 0 0.9995248362
-170288946 -689176696
#r 0 1.3422181641
-158959301 -640477218
#r 0 0.4550153881
-114046588 -618503411
#r 0 5.3884082073
-82761953 -657506893
#r 0 5.2882068638
-55535904 -699444254
#r 0 1.1299168924
-44867530 -676834837
#r 0 5.2847652155
-38097142 -687342540
#r 0 5.3519184158
-31762981 -695858341
#r 0 5.3632162004
-24480167 -705421983
#r 0 1.4549142225
-23785220 -699451832
#r 0 2.4741783166
-27221349 -696743977
#r 0 5.4152042030
-25807462 -698413044
#r 0 0.9121238235
-25138034 -697548127
#r 0 1.5428285823
-25106810 -696432001
#r 0 6.0651549248
-24561746 -696552761
#r 0 1.5223130145
-24548218 -696273949
#r 0 6.0025886367
-24414107 -696312600
#r 0 5.2719127902
-24339290 -696432061
#r 0 1.5541717740
-24338118 -696361594
#r 0 5.2573818767
517252615 315449462
#r 0 2.3649657143
481588530 350493335
#r 0 0.3551687924
505028224 359187050
#r 0 3.5890966608
493759100 353778092
#r 0 3.4158249656
487691600 352071183
#r 0 3.5446113219
484792257 350835030
#r 1 485006722 351138993
-836634468 79323631
#r 0 4.1062120022
-865120955 38232026
#r 0 4.9893936407
-851447169 -9861919
#r 0 0.7542914460
-833228247 7257392
#r 0 4.6915372318
-833488875 -5239890
#r 0 4.7701892673
-832953262 -14496184
#r 0 4.7548113855
-832548977 -24020458
#r 0 4.7853424174
-831688391 -35795893
#r 0 4.7182317996
-831593144 -52097304
#r 0 4.7861173246
-829874283 -75368488
#r 0 4.7391295535
-828952279 -109839851
#r 0 1.5749132255
-829023262 -92598152
#r 0 4.7077949971
-829062866 -101218983
#r 0 4.6558293859
-829306552 -105522878
#r 0 1.4566681748
-829061095 -103381506
#r 1 -829255310 -103691966
-478957491 -425697431
#r 0 2.7272677141
-524726905 -405568827
#r 0 1.4124620898
-516843230 -356194262
#r 0 0.1690209496
-467555733 -347783395
#r 0 5.7425329740
-424687077 -373518165
#r 0 5.7570823522
-381448547 -398626521
#r 0 1.6697006857
-383917127 -373748697
#r 0 0.6382737841
-367545174 -361602932
#r 0 1.2189052708
-357485709 -334205860
#r 0 3.0866960504
-372056467 -333405170
#r 0 1.5380124528
-371588457 -319134664
#r 0 0.2172758652
-350759811 -314536515
#r 0 0.1235653680
-325965334 -311457088
#r 0 5.4214116502
-304758586 -336178455
#r 0 2.7557362538
-319846733 -330049357
#r 0 0.2904890940
-312045126 -327717102
#r 0 0.2433054551
-306626376 -326372044
#r 0 0.3483078889
-301934749 -324668457
#r 0 5.6239008807
-297250920 -328298232
#r 0 5.6527150605
-292855115 -331506445
#r 0 1.0970239322
-291613661 -329085139
#r 0 1.2649201356
744680137 283363242
#r 0 4.3400986464
726492646 236788408
#r 0 4.4193159333
712047866 188920378
#r 0 4.3713968230
695326752 141799212
#r 0 1.2035956374
704301855 165132610
#r 0 4.3568112920
699950206 153414542
#r 0 4.2873021339
697372359 147720005
#r 0 1.0318781523
698976349 150402443
#r 1 698576147 149639055
787479252 -388621533
#r 0 2.4504880648
748952130 -356752098
#r 0 2.5132051942
708503306 -327360047
#r 0 2.3351825282
673898602 -291269682
#r 0 5.4476017553
690667226 -309811883
#r 0 5.4339513099
698931230 -319204549
#r 0 2.4219861845
694226825 -315081741
#r 0 5.5779157284
696608338 -317109211
#r 1 696178628 -316685653
734374273 161323653
#r 0 1.8630398352
719969206 209203649
#r 0 3.9743109725
703147523 190709570
#r 0 0.7357840735
712413831 199099177
#r 0 1.2571346178
714360251 205099798
#r 0 3.0975512861
711209107 205238669
#r 0 3.9884489111
709137112 202894951
#r 0 4.4335940143
708447130 200484533
#r 0 0.8097486917
709311722 201392292
#r 0 3.5192247223
708729081 201161176
#r 0 1.7625631418
708669349 201468833
#r 0 0.7611618058
708903544 201691942
#r 0 4.2713689666
708834508 201545689
#r 0 1.2845836000
708857337 201623262
#r 0 0.6650097741
708889906 201648801
#r 0 2.5685290842
708872518 201660021
#r 0 3.4449842359
708853541 201654080
#r 0 1.2338659497
708856828 201663463
#r 0 1.2586109465
708859295 201671106
#r 0 0.6619560861
708866100 201676409
#r 0 2.7613236649
708862095 201678010
#r 0 1.2328474920
-835925574 -325109799
#r 0 2.3477951523
-870982708 -289458749
#r 0 0.0093969955
-845983812 -289223828
#r 0 2.5895263411
-856626844 -282668232
#r 0 2.1535664015
-860996773 -276038436
#r 0 2.6801660439
-868486020 -272314582
#r 0 2.7924381326
-876625848 -269351109
#r 0 2.7321325498
-886204897 -265193903
#r 0 2.7628354288
-899511978 -259898052
#r 0 2.5930237956
-917039152 -249186533
#r 0 2.6604108324
-944155812 -235028548
#r 0 5.8222112186
-930457210 -241832130
#r 0 5.8383294428
-923551152 -245124429
#r 0 2.9622063668
-927315106 -244441890
#r 0 6.0728576760
-925444588 -244841217
#r 1 -924909834 -244808184
191098699 -491490599
#r 0 4.8824608850
199561360 -540769229
#r 0 4.9415950554
210921582 -589461583
#r 0 4.8878922723
219651768 -638693522
#r 0 4.9273696579
230318196 -687542548
#r 0 4.7900833377
234199007 -737391714
#r 0 5.0344711452
250026124 -784820633
#r 0 2.0187411172
239198274 -762287155
#r 0 1.5587072361
239351756 -749591867
#r 0 4.2344268443
236431813 -755228568
#r 0 1.0664124048
237965732 -752449772
#r 0 1.0716579888
238725923 -751055398
#r 1 238969337 -750576266
76967052 -918743877
#r 0 1.5545629277
77778686 -868750465
#r 0 1.8460458047
64189334 -820632594
#r 0 5.0630256335
72776728 -844111448
#r 0 4.7860943890
73702426 -856648124
#r 1 74184710 -856815672
-458212991 -390070259
#r 0 1.2707980515
-443437063 -342303409
#r 0 0.5114687964
-399835736 -317830479
#r 0 1.1050681205
-377382058 -273155740
#r 0 0.5305638564
-334255964 -247854752
#r 0 1.1034153071
-311728477 -203217186
#r 0 6.1048566153
-262521400 -212086437
#r 0 1.3697398470
-252536168 -163093630
#r 0 5.9995090925
-228535344 -170090800
#r 0 1.1443718182
-217362513 -145497321
#r 0 1.0030450416
-195729962 -111579898
#r 0 1.2013881883
-173944136 -55312297
#r 0 0.9388278135
-120758317 17332622
#r 0 5.0994477403
-103766023 -24353896
#r 0 0.3114934783
-67259992 -12599866
#r 0 1.2362256781
-48392751 41672519
#r 0 6.2128572431
30735186 36098411
#r 0 1.8112362064
21290476 74619479
#r 0 6.0863004636
40738361 70740231
#r 0 3.3236255184
30986686 68945235
#r 0 5.9551580196
35680088 67347966
#r 0 5.9577571190
-561441965 -303326039
#r 0 0.9249633508
-531348772 -263396104
#r 0 0.4382128534
-486073200 -242180011
#r 0 0.2694928606
-437877898 -228867879
#r 0 1.0627149947
-413552806 -185183901
#r 0 0.8277056466
-379724453 -148364850
#r 0 0.0769484383
-329872407 -144521224
#r 0 0.3960528839
-283742862 -125232235
#r 0 0.4012247300
-237713693 -105704930
#r 0 5.7439177563
-194809442 -131380311
#r 0 0.4086561909
-148926660 -111511484
#r 0 5.5157710719
-112941245 -146225312
#r 0 0.1436621165
-63456328 -139066889
#r 0 5.2598138834
-37431820 -181760272
#r 0 5.2021637606
-13910462 -225882214
#r 0 5.3637758723
16404033 -265644399
#r 0 2.4157104857
-2293820 -249049512
#r 0 5.5405681786
6914946 -257502240
#r 0 5.6529406190
11965631 -261186662
#r 0 2.8949261825
8934371 -260423409
#r 0 6.1352104758
10480228 -260653841
#r 1 10694922 -260797799
-143029320 -288205830
#r 0 0.8332531883
-109405742 -251199682
#r 0 0.6093757322
-68405468 -222581899
#r 0 0.7804078184
-32874135 -187403435
#r 0 0.6876673180
5762303 -155666616
#r 0 0.8661701582
38149756 -117573928
#r 0 0.4856308361
82368790 -94235610
#r 0 1.5930917850
81254109 -44248037
#r 0 0.4507105786
126260999 -22467774
#r 0 0.2730278368
174408942 -8985356
#r 0 0.2543425909
222800388 3595104
#r 0 0.5813225818
264587244 31051591
#r 0 3.7819968618
244540886 16113601
#r 0 3.6418815102
233534628 10096726
#r 0 3.7545236873
228402018 6487009
#r 1 227916766 5997126
-217724255 370576245
#r 0 5.7734180998
-174081349 346177542
#r 0 1.0333060534
-148482261 389127358
#r 0 0.4694349675
-103891059 411746480
#r 0 0.5209098219
-60522722 436629955
#r 0 0.4276408891
-15025389 457366220
#r 0 3.5394024748
-38073180 447681217
#r 0 3.4731874189
-49902747 443608206
#r 0 3.7848984473
-54986480 439796957
#r 0 0.7291245338
-52617306 441913440
#r 1 -51867251 442310150
231282029 -813119927
#r 0 1.5061360700
234512789 -763224414
#r 0 1.5184260531
237130106 -713292964
#r 0 0.5405234698
280002077 -687563719
#r 0 1.0287110973
305798247 -644731983
#r 0 1.3454712571
316969408 -595995906
#r 0 1.2471042901
332872859 -548592528
#r 0 1.7993931235
321542307 -499893261
#r 0 1.0347173488
347080755 -456907360
#r 0 1.3343228482
358794541 -408298850
#r 0 1.7733707247
348734953 -359321256
#r 0 2.1190598481
322674650 -316649712
#r 0 2.1249049247
296365376 -274131221
#r 0 2.3707805455
260498121 -239295319
#r 0 2.2646784380
228521799 -200856864
#r 0 5.3704788381
243811967 -220635911
#r 0 5.3530149829
251292749 -230670262
#r 0 2.2402473976
247409312 -225762974
#r 1 247752636 -225978842
-173650117 941397434
#r 0 3.1518175821
-223647503 940886196
#r 0 3.2830505948
-273148078 933836864
#r 0 3.1630042027
-323136617 932766368
#r 0 3.2240928815
-370444578 928854571
#r 1 -369630243 928323650
-974261600 -135035256
#r 0 0.8214207468
-940202513 -98429538
#r 0 3.9190246041
-958020443 -115965823
#r 0 4.1212331091
-965000422 -126364597
#r 1 -965071470 -125666790
-219071864 876570219
#r 0 5.5871119922
-180703568 844509747
#r 0 5.7895718018
-136672243 820819191
#r 0 5.7369109632
-93948945 794843821
#r 0 2.4366668345
-112990436 811043254
#r 0 5.3892197752
-105161366 801298734
#r 0 1.3178686181
-103597369 807349884
#r 0 4.4438204311
-104426593 804336910
#r 1 -104670999 803914555
841216372 -245702053
#r 0 5.0721882464
858820690 -292500429
#r 0 4.9169823290
868979140 -341457613
#r 0 2.4325854505
850003925 -325180600
#r 0 0.9642236191
859651710 -311275477
#r 0 0.7653927536
866427778 -304765242
#r 0 3.9056084590
863035265 -308015691
#r 0 0.8147461738
864646926 -306306543
#r 1 864125212 -306759167
-554460271 622376857
#r 0 5.7130016070
-512370179 595387522
#r 0 5.7451533444
-469434236 569765172
#r 0 0.1186462603
-419785747 575683577
#r 0 5.5567493413
-382408426 542473098
#r 0 5.7736036902
-338760992 518082495
#r 0 0.3191549156
-291285946 533770708
#r 0 0.5608894898
-248946831 560367689
#r 0 5.5656560382
-211275201 527491431
#r 0 5.8404247138
-166096582 506069656
#r 0 5.4245510735
-133422987 468222117
#r 0 5.6997292079
-91694805 440676539
#r 0 6.0759176238
-42764963 430387197
#r 0 1.1176004721
-20872913 475339818
#r 0 6.1846999957
28884799 470423509
#r 0 5.4155059071
61214725 432281984
#r 0 5.2890002971
88474039 390366238
#r 0 1.7096963410
85012694 415125459
#r 0 4.9277973367
87684523 402914345
#r 1 87624770 402341733
-710372218 -603481641
#r 0 0.8533651730
-677499657 -565806786
#r 0 0.4342023862
-632139363 -544772439
#r 0 0.5240005280
-588848140 -519755045
#r 0 1.0929432863
-565854451 -475355830
#r 0 0.3282828170
-518524582 -459234929
#r 0 0.5496055425
-475888050 -433117384
#r 0 0.3373292284
-428705952 -416568983
#r 0 0.5307391060
-385584292 -391260438
#r 0 0.4944164735
-341572004 -367534534
#r 0 0.3414385806
-294458307 -350792385
#r 0 1.2139355895
-276991583 -303942480
#r 0 1.1052948247
-254548033 -259262652
#r 0 1.0930654148
-231559767 -214860629
#r 0 0.6486442359
-191714589 -184655302
#r 0 0.4798679480
-147361794 -161572200
#r 0 0.6495013865
-107542521 -131332730
#r 0 1.2348212936
-91058029 -84128265
#r 0 1.3462126427
-79923003 -35383920
#r 0 1.4028213698
-71563695 13912347
#r 0 1.3597483428
-61089458 62802943
#r 0 6.0726910709
57367412 137137296
#r 0 1.8393119490
44102385 185345584
#r 0 1.7571090037
34840552 234480281
#r 0 1.6974201475
28526266 284079976
#r 0 4.8770456078
32624106 259418110
#r 0 1.6802192261
31259048 271843350
#r 0 1.8745806383
29383771 277825332
#r 0 4.6243596648
29108198 274702953
#r 0 1.5321791870
29168706 276269043
#r 1 29285919 276544130
350298717 99524416
#r 0 3.0296602843
300611611 105109355
#r 0 2.9219188523
251813182 116004919
#r 0 6.0041119217
275845959 109118294
#r 0 0.6865199937
285548207 117069309
#r 0 3.8134127054
280639170 113165540
#r 0 3.9313367683
278430862 110937953
#r 0 3.6825004715
277075927 110124092
#r 1 277389597 110455801
124361302 -505132095
#r 0 1.0100303992
150953051 -462789694
#r 0 1.2848275365
165057403 -414820253
#r 0 1.5959851129
163798097 -364836114
#r 0 0.8116364136
198213711 -328565389
#r 0 0.7953610846
233215059 -292859568
#r 0 0.8052112507
267863006 -256810716
#r 0 0.7909819508
303020378 -221258512
#r 0 0.8625039172
335547270 -183284820
#r 0 0.4017080317
381566996 -163735271
#r 0 1.3410458760
392953723 -115049108
#r 0 0.5855395240
434624425 -87416653
#r 0 3.7109418213
413568126 -100893752
#r 0 0.4748329423
424685239 -95178879
#r 0 0.9424479327
428391697 -90077697
#r 0 4.1388754414
426681045 -92726025
#r 0 3.9052851398
425539024 -93819515
#r 1 425850905 -93446788
-544744435 413022941
#r 0 0.3926242087
-498549026 432153654
#r 0 0.4001079134
-452498078 451629541
#r 0 0.4477719203
-407427378 473277450
#r 0 0.3625398109
-360677423 491009955
#r 0 0.3404882732
-313547837 507707324
#r 0 0.3569089273
-266698774 525176305
#r 0 0.3841754260
-220343384 543916045
#r 0 0.3266123240
-172986651 559957860
#r 0 0.3259522589
-125619339 575968412
#r 0 0.4366314016
-80310272 597112877
#r 0 0.3371828256
-33125751 613654370
#r 0 0.3695376349
13498971 631713586
#r 0 0.3035203722
61213483 646657661
#r 0 0.3373020650
108396031 663204781
#r 0 3.7920282362
88500528 648066453
#r 0 0.7826869193
97363294 656881291
#r 1 97588127 656401933
-119196968 -904270036
#r 0 0.8960911148
-87963611 -865225480
#r 0 0.8576902926
-55254305 -827408800
#r 0 1.0179255203
-28997680 -784857776
#r 0 1.3724989848
-19147664 -735837605
#r 0 0.7660924549
16883604 -701171372
#r 0 0.7375890137
53888209 -667546096
#r 0 0.9427075647
83268177 -627088495
#r 0 0.8895808711
114755060 -588248101
#r 0 0.9523462920
143743709 -547509198
#r 0 0.8747195329
175804314 -509141013
#r 0 1.5183929322
178423285 -459209650
#r 0 1.2380859324
194753584 -411951621
#r 0 0.7790345950
230333192 -376821982
#r 0 0.6162704629
271135181 -347922195
#r 0 0.8337233289
304741357 -310900243
#r 0 0.6584626095
344288052 -280305163
#r 0 0.7724100829
380099594 -245411991
#r 0 0.6281967699
420554022 -216027654
#r 0 0.6710240708
459713288 -184938236
#r 0 0.6831759242
498491878 -153375268
#r 0 0.7753808623
-804414631 -463783652
#r 0 0.5138597087
-760871942 -439206545
#r 0 0.4530942928
-715917098 -417319060
#r 0 0.7240720389
-678461375 -384197031
#r 0 0.5557490135
-635986099 -357818044
#r 0 0.6095564744
-594990998 -329192851
#r 0 0.9702264591
-566735362 -287942166
#r 0 0.2259855850
-518006675 -276738816
#r 0 0.9204099385
-487731977 -236946321
#r 0 0.5215941120
-444380677 -212033176
#r 0 0.1744388419
-395139473 -203355400
#r 0 0.0942033249
-345361166 -198652197
#r 0 0.4274749016
-299860391 -177923485
#r 0 0.0609445694
-249953218 -174878143
#r 0 0.3957318231
-203817483 -155603965
#r 0 0.4886293078
-159668627 -132133163
#r 0 0.5207402797
-116296071 -107257041
#r 0 0.0850541816
-66476817 -103009458
#r 0 0.5376466032
-23531003 -77403656
#r 0 0.0938387469
26249016 -72718602
#r 0 6.1914732516
76038886 -77297779
#r 0 6.2637450467
551441948 -761356956
#r 0 1.3716493598
561333609 -712345171
#r 0 1.3960671358
570025682 -663106488
#r 0 1.3712297137
579937910 -614098859
#r 0 1.2817462016
594190004 -566173106
#r 0 1.2431963347
610278583 -518832240
#r 0 1.7674662525
600508356 -469796104
#r 0 1.6634973310
595879941 -420010787
#r 0 1.4962762256
599602498 -370149554
#r 0 1.4578816921
605236240 -320467958
#r 0 1.1738008115
624568704 -274356616
#r 0 1.2711913029
639325846 -226583959
#r 0 1.7407208231
630870449 -177304082
#r 0 1.7283283657
623026385 -127923209
#r 0 1.5492042333
624105906 -77934864
#r 0 1.7592996605
614736458 -28820574
#r 0 4.8834847885
618993014 -53455544
#r 0 4.8782943589
621057956 -65787645
#r 0 1.7246791292
620099690 -59609628
#r 0 1.5529351285
620155528 -56483729
#r 0 4.7052726314
620144404 -58046887
#r 1 620063554 -57744765
27156741 -865736728
#r 0 1.0597539936
51611075 -822124968
#r 0 1.3755078518
61313552 -773075381
#r 0 1.1779090211
80456418 -726885007
#r 0 1.4164325595
88143991 -677479529
#r 0 1.3472322415
99229312 -628723856
#r 0 1.4786872120
103828258 -578935808
#r 0 1.0032301120
130707330 -536775217
#r 0 1.1461215129
151308555 -491216579
#r 0 1.4358644761
158034694 -441671054
#r 0 0.8718772606
190204222 -403394149
#r 0 1.0614109794
214586258 -359741929
#r 0 0.8173919193
248792547 -323273726
#r 0 1.0324951773
274426454 -280344682
#r 0 1.5560777437
275162357 -230350098
#r 0 1.6122997482
273087782 -180393155
#r 0 1.5651918080
273368006 -130393940
#r 0 0.8526532153
306267382 -92742498
#r 0 0.8306876044
339985792 -55822736
#r 0 0.7780945895
375598406 -20726558
#r 0 1.2339432948
392124337 26463415
#r 0 0.8056944264
940217810 -146619311
#r 0 1.7922352730
929236127 -97840190
#r 0 1.7327644238
921173084 -48494599
#r 0 1.8013054628
909749423 182911
#r 0 1.7543564972
900622869 49342915
#r 0 1.7521450194
891605053 98522982
#r 0 1.7522128906
882583899 147702437
#r 0 1.8548549638
868571202 195698732
#r 0 1.7441731696
