701687785 -541700890
#r 0 5.1278579992
701687785 -540700890
#r 0 5.1512637110
694359577 -525089246
#r 0 5.1198003369
-499127383 633119407
#r 0 1.1863871260
-499127383 632119407
#r 0 5.5902760104
-499430210 632370826
#r 0 1.1379859718
-483608482 -622730427
#r 0 3.7796532831
-483608482 -621730427
#r 0 3.8902553340
-488939884 -626683842
#r 0 5.3216553842
-400050622 -282770132
#r 0 1.8714029444
-400050622 -281770132
#r 0 4.2228174806
-400246603 -282137938
#r 0 4.2289160641
301295572 728310821
#r 0 3.6921276232
301295572 727310821
#r 0 2.9863831464
299997392 727513945
#r 0 5.1700000631
538670319 187274473
#r 0 1.4623664795
538670319 186274473
#r 0 0.3211052118
538557373 186236905
#r 0 2.9541530889
-356518068 -65592954
#r 0 5.7117052769
-356518068 -64592954
#r 0 4.7280761700
-356502220 -65603145
#r 0 5.7496496228
-276446552 932869643
#r 0 3.4722452146
-276446552 931869643
#r 0 5.8945577824
-277775093 932413616
#r 0 3.5427403997
-550539604 -271667289
#r 0 0.1257930936
-550539604 -270667289
#r 0 1.2811343197
-550849322 -271706456
#r 0 0.2403390400
-618319202 -169265767
#r 0 0.7341481753
-618319202 -168265767
#r 0 5.3929953968
-617851365 -168843583
#r 0 0.7424545101
755102565 -188650360
#r 0 3.5016496203
755102565 -187650360
#r 0 3.4968094597
936388787 -120401918
#r 0 2.8836630560
380790345 -501424583
#r 0 3.9818429850
380790345 -500424583
#r 0 3.9915661612
335495332 -551982624
#r 0 4.7140204757
-579009961 358478730
#r 0 5.4915821324
-579009961 357478730
#r 0 2.6706042541
-577022986 356466943
#r 0 2.6629027382
299350043 -849072587
#r 0 6.0288072139
299350043 -848072587
#r 0 1.4249868923
299208592 -849035808
#r 0 6.0128122716
547958642 -796389549
#r 0 2.3785772871
547958642 -795389549
#r 0 2.1513788982
549718649 -798072480
#r 0 3.7401563967
120566706 -818818612
#r 0 0.7777011166
120566706 -817818612
#r 0 0.8878814565
116477437 -822845410
#r 0 2.0732201530
137093106 -178832048
#r 0 3.1981561174
137093106 -177832048
#r 0 3.2265098611
102002978 -180818987
#r 0 3.2199079037
-671832205 450572368
#r 0 6.0828869865
-671832205 449572368
#r 0 5.0604312517
-672223866 450651883
#r 0 5.1633634449
-468532303 -84888903
#r 0 1.8255703569
-468532303 -83888903
#r 0 1.8669188302
-470311469 -78057345
#r 0 1.8371175045
242220329 -192797614
#r 0 3.0428794548
242220329 -191797614
#r 0 6.2315314132
221094402 -190705406
#r 0 0.3071413629
474168597 127670696
#r 0 2.2414915002
474168597 126670696
#r 0 2.2473570001
540514508 44046981
#r 0 4.0402297068
595496296 -707793242
#r 0 0.6802632797
595496296 -706793242
#r 0 1.2672765092
595076794 -708132660
#r 0 1.7197691069
677928845 -196320030
#r 0 1.4001193517
677928845 -195320030
#r 0 3.9921891988
678143331 -195075580
#r 0 3.8038042265
134234208 -184258840
#r 0 5.6813008972
134234208 -183258840
#r 0 5.3405571606
135683672 -185254486
#r 0 3.0874779073
-222667336 -46611794
#r 0 4.2153582421
-222667336 -45611794
#r 0 5.4495253873
-222327775 -45985821
#r 0 4.0556241369
219528894 970092025
#r 0 3.2033539700
219528894 969092025
#r 0 3.4757777397
223033144 970308728
#r 0 3.2134216476
-384209398 -106897359
#r 0 5.5668522605
-384209398 -105897359
#r 0 1.1179197378
-384551203 -106599783
#r 0 6.1788873240
615373946 -411111791
#r 0 3.5903592714
615373946 -410111791
#r 0 1.3074105395
615064058 -411261013
#r 0 3.5142370794
326662212 790338362
#r 0 2.2978101977
326662212 789338362
#r 0 2.2845162003
293931610 827132750
#r 0 2.3352130472
340630368 -61653550
#r 0 1.2913055602
340630368 -60653550
#r 0 1.2401321746
342381375 -55552547
#r 0 1.2951607994
-936931568 -253662529
#r 0 6.0860495155
-936931568 -252662529
#r 0 5.2941970448
-936174332 -253813772
#r 0 0.3930617910
-55698254 -527054964
#r 0 3.9877909199
-55698254 -526054964
#r 0 4.8204034185
-55601651 -526945837
#r 0 3.9842075906
-176767589 -188188183
#r 0 4.9876551428
-176767589 -187188183
#r 0 2.5317596519
-177119459 -186942342
#r 0 0.0153307778
133207554 429148051
#r 0 5.7991142711
133207554 428148051
#r 0 5.7956306351
-91264069 547174399
#r 0 4.0798564225
420725815 -425022251
#r 0 1.7413779056
420725815 -424022251
#r 0 3.3007595950
420558194 -424049158
#r 0 4.0313724320
-984543034 144270826
#r 0 5.0844373269
-984543034 143270826
#r 0 5.4373718125
-983845626 142483614
#r 0 5.5486221619
366737756 485628537
#r 0 4.1264430544
366737756 484628537
#r 0 1.6245656570
366687972 485553527
#r 0 0.6663601749
-649282821 -270779598
#r 0 1.0858163384
-649282821 -269779598
#r 0 5.8411893380
-648861042 -269979193
#r 0 5.8337864499
411724544 245564399
#r 0 0.7364148932
411724544 244564399
#r 0 0.7615357015
433072954 264917519
#r 0 0.7840082512
795592083 -315379132
#r 0 0.8572860776
795592083 -314379132
#r 0 4.5407284475
795375300 -315629559
#r 0 4.5848955028
-521849662 466816098
#r 0 5.2971463481
-521849662 465816098
#r 0 5.0403511847
-522549736 467873629
#r 0 3.6572580094
-558514126 -706353026
#r 0 1.2732811136
-558514126 -705353026
#r 0 3.5246695899
-558164283 -705212045
#r 0 3.5828552106
-218018041 -776753981
#r 0 2.9845809152
-218018041 -775753981
#r 0 3.5880803347
-219587788 -776505467
#r 0 3.6033481397
517252615 315449462
#r 0 5.8251920628
517252615 314449462
#r 0 2.3675018658
515189420 316466518
#r 0 5.7855667497
-836634468 79323631
#r 0 5.9464887075
-836634468 78323631
#r 0 5.9363070402
-923815609 109839162
#r 0 6.1522456647
-478957491 -425697431
#r 0 0.9833367944
-478957491 -424697431
#r 0 1.0379708165
-484113274 -433440212
#r 0 1.0407485845
744680137 283363242
#r 0 3.0376896730
744680137 282363242
#r 0 3.0923761925
762854596 281468037
#r 0 3.6669378047
787479252 -388621533
#r 0 4.5341125066
787479252 -387621533
#r 0 4.5154177678
789335722 -378318659
#r 0 4.5450260085
734374273 161323653
#r 0 2.1005321427
734374273 160323653
#r 0 2.0632872714
727957956 172281185
#r 0 6.2491168510
-835925574 -325109799
#r 0 5.4100029469
-835925574 -324109799
#r 0 6.1540557136
-836866170 -323987661
#r 0 0.3784082530
191098699 -491490599
#r 0 5.4831331394
191098699 -490490599
#r 0 5.4281040365
199409853 -500048977
#r 0 5.4083249195
76967052 -918743877
#r 0 4.0739654392
76967052 -917743877
#r 0 4.0443441565
89431210 -901948002
#r 0 4.0457669412
-458212991 -390070259
#r 0 1.0496301237
-458212991 -389070259
#r 0 1.0474445101
-344359549 -191757796
#r 0 0.8046903846
-561441965 -303326039
#r 0 5.7724463167
-561441965 -302326039
#r 0 4.6592773672
-561493589 -303297113
#r 0 5.6574096569
-143029320 -288205830
#r 0 2.0685723905
-143029320 -287205830
#r 0 2.5667783921
-143867950 -286662581
#r 0 3.4176412364
-217724255 370576245
#r 0 3.5219409888
-217724255 369576245
#r 0 6.0183184430
-219214443 369980443
#r 0 5.9980958650
231282029 -813119927
#r 0 1.2773374595
231282029 -812119927
#r 0 2.6599037587
231542989 -812256346
#r 0 2.5066903966
-173650117 941397434
#r 0 5.9029063648
-173650117 940397434
#r 0 5.8332747761
-185668116 946201463
#r 0 5.4160528866
-974261600 -135035256
#r 0 5.5771250952
-974261600 -134035256
#r 0 5.4247281547
-970985453 -137828831
#r 0 0.3794476777
-219071864 876570219
#r 0 0.2235763144
-219071864 875570219
#r 0 0.2671564267
-197483647 881478896
#r 0 5.8358308141
841216372 -245702053
#r 0 0.8356622358
841216372 -244702053
#r 0 1.6178087398
841261092 -245652595
#r 0 5.4904855195
-554460271 622376857
#r 0 1.2443704488
-554460271 621376857
#r 0 0.9708061882
-555130438 620397256
#r 0 5.5642828988
-710372218 -603481641
#r 0 5.5347712258
-710372218 -602481641
#r 0 6.2597092273
-711476997 -602455700
#r 0 0.6512119177
57367412 137137296
#r 0 4.6832768240
57367412 136137296
#r 0 0.6249345083
57337667 136115838
#r 0 4.6956769340
350298717 99524416
#r 0 2.0494608130
350298717 98524416
#r 0 3.6567288670
350699805 98751480
#r 0 4.7051457954
124361302 -505132095
#r 0 1.3636385272
124361302 -504132095
#r 0 6.2460330050
124569846 -504139846
#r 0 4.3985374052
-544744435 413022941
#r 0 3.2989469575
-544744435 412022941
#r 0 6.1508466072
-548171643 412479160
#r 0 5.2571600457
-119196968 -904270036
#r 0 0.6019917049
-119196968 -903270036
#r 0 5.7742465237
-118393775 -903718191
#r 0 5.7771744881
-804414631 -463783652
#r 0 0.6113792160
-804414631 -462783652
#r 0 6.0238815008
-803379702 -463058194
#r 0 0.5278621721
551441948 -761356956
#r 0 1.4322611777
551441948 -760356956
#r 0 1.8008943524
551529352 -760730083
#r 0 2.1737665250
27156741 -865736728
#r 0 4.6888459681
27156741 -864736728
#r 0 4.6850201029
27325123 -858585942
#r 0 6.1806665154
940217810 -146619311
#r 0 1.5909585377
940217810 -145619311
#r 0 1.7254714352
940194650 -145470772
#r 0 1.7470368067
-914055295 46387478
#r 0 0.3172000463
-914055295 45387478
#r 0 5.7986982654
-915225416 46003345
#r 0 0.0095595893
-936955659 -34943340
#r 0 0.3896517114
-936955659 -33943340
#r 0 0.6627149297
-939659703 -36053750
#r 0 6.1539020639
-369379595 277222742
#r 0 3.1812726214
-369379595 276222742
#r 0 3.0912540208
-380480592 276782023
#r 0 4.0455249443
-821124475 11788443
#r 0 1.1040125248
-821124475 10788443
#r 0 5.8133424721
-821525729 10992187
#r 0 1.1127130490
-490967586 616064171
#r 0 4.8758511785
-490967586 615064171
#r 0 5.5744933101
-490775492 614899497
#r 0 4.1423838637
-678074763 -588467848
#r 0 5.8110963379
-678074763 -587467848
#r 0 5.7078488502
-670824534 -592169791
#r 0 5.5471041577
217643120 -215305082
#r 0 4.6916431467
217643120 -214305082
#r 0 0.1450483759
217663932 -214302042
#r 0 0.0568580393
-682169509 -158834214
#r 0 5.6016371569
-682169509 -157834214
#r 0 0.5351515081
-682881718 -158256453
#r 0 0.6029832772
557597791 508080141
#r 0 4.8099100238
557597791 507080141
#r 0 6.1842212287
557696582 507070332
#r 0 2.7879962701
639262792 -399950495
#r 0 5.7459591367
639262792 -398950495
#r 0 3.3960177839
638094194 -399254402
#r 0 5.7282395036
61684808 -566926225
#r 0 4.2331821824
61684808 -565926225
#r 0 4.3069539386
59217444 -571674781
#r 0 4.2694600861
523190902 523430949
#r 0 2.2293413784
523190902 522430949
#r 0 5.0577641816
522518401 524300064
#r 0 2.4682317602
-97120665 -106773775
#r 0 4.8467191662
-97120665 -105773775
#r 0 5.7562200678
-97267343 -105688431
#r 0 5.9894952073
-565009351 514254679
#r 0 1.1062582011
-565009351 513254679
#r 0 5.0874602840
-565229834 513814694
#r 0 1.2966602934
334580786 -482417867
#r 0 1.6397754548
334580786 -481417867
#r 0 1.6598532205
334275448 -477998368
#r 0 4.6693870961
-302732954 278207160
#r 0 4.8365733982
-302732954 277207160
#r 0 0.5035676449
-302616159 277271507
#r 0 1.6560105975
-258338693 -552221732
#r 0 1.0447197791
-258338693 -551221732
#r 0 1.6057064903
-258305750 -552164998
#r 0 3.5846920497
-571070279 -284224233
#r 0 1.3321989013
-571070279 -283224233
#r 0 0.3076815793
-570806674 -283140466
#r 0 0.5202628427
481874853 641887316
#r 0 4.5229144805
481874853 640887316
#r 0 4.5757589427
482360528 644419842
#r 0 4.0684021905
-479273610 -106822827
#r 0 1.5395871597
-479273610 -105822827
#r 0 4.8335389746
-479248762 -106026921
#r 0 1.5938958756
-4238218 -621301856
#r 0 5.6539443874
-4238218 -620301856
#r 0 0.4503656274
-5063669 -620700967
#r 0 5.5910439485
-213551122 -22815755
#r 0 4.1586004854
-213551122 -21815755
#r 0 6.2356946274
-212950444 -21844303
#r 0 0.3322054254
-874003763 -51756842
#r 0 6.2052924280
-874003763 -50756842
#r 0 0.5508989701
-875448028 -51644116
#r 0 5.1598671251
-191082364 -706539912
#r 0 1.7439302747
-191082364 -705539912
#r 0 0.2874919803
-191248650 -705589080
#r 0 3.8703459501
-712230836 221529366
#r 0 5.4171889015
-712230836 220529366
#r 0 0.8445619017
-711796368 221018544
#r 0 0.1632568632
-780382671 126943689
#r 0 0.4523025362
-780382671 125943689
#r 0 0.1163506644
-783092555 125626962
#r 0 5.3491926327
-236286024 -513307999
#r 0 4.1696965149
-236286024 -512307999
#r 0 2.5358772935
-235860614 -512602621
#r 0 2.4919680086
432125842 146983063
#r 0 2.1422944085
432125842 145983063
#r 0 0.6192093890
432566813 146297350
#r 0 2.6577373003
-261116530 -918750953
#r 0 2.3545158820
-261116530 -917750953
#r 0 2.3440444577
-214029574 -965996256
#r 0 2.5401418897
118024946 613168088
#r 0 2.3422745336
118024946 612168088
#r 0 4.6255787064
118104827 613085952
#r 0 5.2726698975
-464226731 -787773296
#r 0 2.7380539344
-464226731 -786773296
#r 0 5.7181746511
-459395370 -789836146
#r 0 0.3235775283
-243669211 -909135288
#r 0 2.6882857615
-243669211 -908135288
#r 0 2.6952988332
-359304090 -852804897
#r 0 1.9700034874
-477273716 873997373
#r 0 4.6538726815
-477273716 872997373
#r 0 4.6921133243
-477242702 874526770
#r 0 4.6903615913
-723337552 322551553
#r 0 5.5991469651
-723337552 321551553
#r 0 6.1508696135
-721871855 321356479
#r 0 0.0242553904
-109826943 -461038229
#r 0 3.6789926649
-109826943 -460038229
#r 0 2.8343880617
-108731831 -460385651
#r 0 2.1018169883
273596302 -710435175
#r 0 1.8966533569
273596302 -709435175
#r 0 5.3623793579
272988019 -708635002
#r 0 3.3508167257
-495340295 -231301155
#r 0 5.0038116465
-495340295 -230301155
#r 0 4.9540829595
-493956856 -235913189
#r 0 0.2913296202
-335666797 -774290530
#r 0 4.2604957340
-335666797 -773290530
#r 0 3.0541906940
-335201208 -773331327
#r 0 4.2521037147
-44434562 -424288087
#r 0 2.9795572751
-44434562 -423288087
#r 0 4.0226920129
-45161388 -424169274
#r 0 5.0651670713
482272679 648017210
#r 0 3.5737745279
482272679 647017210
#r 0 3.4029216684
477113236 645637342
#r 0 3.5943523482
-848718430 -335529233
#r 0 0.2548117110
-848718430 -334529233
#r 0 5.9220268129
-847151522 -335121095
#r 0 0.6877136691
-538168394 -366123595
#r 0 0.6459865801
-538168394 -365123595
#r 0 0.0472058131
-536753266 -365056743
#r 0 4.5186471109
780704324 -493859950
#r 0 2.3256749622
780704324 -492859950
#r 0 2.3034632247
801339226 -515794453
#r 0 1.7822578912
101574837 -660299922
#r 0 3.8298115084
101574837 -659299922
#r 0 2.6028776418
102279047 -659720817
#r 0 0.3443694793
274165912 -778182756
#r 0 1.4469722713
274165912 -777182756
#r 0 3.7813034608
274303076 -777080693
#r 0 1.4495189331
-30247511 -354320033
#r 0 2.5353423269
-30247511 -353320033
#r 0 1.3488128838
-30442673 -354184717
#r 0 4.9294056439
196232884 -273237791
#r 0 0.5165019160
196232884 -272237791
#r 0 5.0551474680
196529596 -273069281
#r 0 2.8485651343
-43571381 -254057842
#r 0 3.4490966528
-43571381 -253057842
#r 0 6.0204482748
-41866444 -253516392
#r 0 1.7509682619
245238934 77228773
#r 0 5.4830910827
245238934 76228773
#r 0 5.4775588034
158016989 167052783
#r 0 5.5366680850
691449954 36763389
#r 0 1.0001918309
691449954 35763389
#r 0 4.1472036969
744831494 119935300
#r 0 1.0303874166
305194638 -415436078
#r 0 3.9596634077
305194638 -414436078
#r 0 5.5877128470
305720357 -414874832
#r 0 5.6468232809
326597884 -216545057
#r 0 1.0040491986
326597884 -215545057
#r 0 0.9514150415
332522285 -207235652
#r 0 0.9158978211
48717586 -293671845
#r 0 5.2613765627
48717586 -292671845
#r 0 5.4483085197
46832769 -290590634
#r 0 1.5858900660
530625494 -89118625
#r 0 1.3426385029
530625494 -88118625
#r 0 0.4565520048
530887586 -87989895
#r 0 0.1924779458
42124448 645983829
#r 0 6.0938988875
42124448 644983829
#r 0 2.7446818088
37730324 646825655
#r 0 4.4330724829
-178491570 670902010
#r 0 5.9495716253
-178491570 669902010
#r 0 2.4250053970
-180398219 671562793
#r 0 3.6984149403
78464923 432039983
#r 0 0.3720315078
78464923 431039983
#r 0 4.7985473940
78381367 432007379
#r 0 5.8665725301
160031141 -417843750
#r 0 5.1883662303
160031141 -416843750
#r 0 0.5664174827
159642906 -417090639
#r 0 6.2194278336
-430166093 553065446
#r 0 0.6496300300
-430166093 552065446
#r 0 4.5687766109
-430003640 553188849
#r 0 0.6658800125
17710008 853207122
#r 0 2.6749399553
17710008 852207122
#r 0 6.1890969880
20152636 851976619
#r 0 6.1665925117
14875479 -715975258
#r 0 0.3775730523
14875479 -714975258
#r 0 0.3169703819
29458929 -710191443
#r 0 0.3053146820
-415569731 -638404763
#r 0 4.8517154597
-415569731 -637404763
#r 0 4.8642499703
-417245860 -626452484
#r 0 0.0254650081
-773961145 -176289730
#r 0 0.9744581275
-773961145 -175289730
#r 0 5.9275458734
-773419044 -175491084
#r 0 0.4109528121
940988252 -325744210
#r 0 2.7243473486
940988252 -324744210
#r 0 2.7091064573
0 0
#r 0 0.8554818449
-826089410 389315028
#r 0 0.0206021967
-826089410 388315028
#r 0 6.0416520223
-829835464 389237840
#r 0 0.0473283039
787581078 -76307990
#r 0 4.5962042538
787581078 -75307990
#r 0 4.6384201164
787378087 -78047265
#r 0 2.8647182299
-720594767 -54294382
#r 0 0.7461642911
-720594767 -53294382
#r 0 0.0544397323
-719445294 -53231743
#r 0 6.1209779128
594911311 732837332
#r 0 2.7704332399
594911311 731837332
#r 0 5.5513584447
592946733 733601941
#r 0 3.0039044047
288809318 -738112341
#r 0 1.3556716553
288809318 -737112341
#r 0 2.7020587066
289007465 -737205512
#r 0 5.3517918240
-344837829 -486706031
#r 0 2.2200100041
-344837829 -485706031
#r 0 5.8104423807
-346078272 -485071642
#r 0 1.6126733141
-62712054 -847301326
#r 0 5.3136703153
-62712054 -846301326
#r 0 0.9821423132
-63050398 -846808127
#r 0 3.1771529330
-250419138 -693493865
#r 0 4.2042773576
-250419138 -692493865
#r 0 3.5586151653
-249679879 -692166369
#r 0 1.8587121709
366755340 -91389671
#r 0 0.2201696360
366755340 -90389671
#r 0 1.7408161153
366920665 -91352672
#r 0 4.4463855563
961566412 68953195
#r 0 2.6151278348
961566412 67953195
#r 0 4.6031357283
961669528 68893266
#r 0 3.1523672248
597164501 -516317146
#r 0 0.5242515227
597164501 -515317146
#r 0 0.2579243631
600344953 -514478142
#r 0 0.5571050898
-877313621 -335845740
#r 0 0.5220101407
-877313621 -334845740
#r 0 0.6614884464
-882233461 -338675799
#r 0 0.4160823664
-380835327 -806301119
#r 0 4.9353711895
-380835327 -805301119
#r 0 2.0044157388
-381279712 -804341344
#r 0 4.8894407245
822465216 -184570263
#r 0 0.3204893518
822465216 -183570263
#r 0 1.5070158159
822399966 -184591922
#r 0 5.2403369225
186036512 447263379
#r 0 5.6930298520
186036512 446263379
#r 0 4.8495912805
185884373 447365279
#r 0 6.1469225705
-324336703 -906969741
#r 0 1.4870145739
-324336703 -905969741
#r 0 1.7406592853
-324280327 -906298431
#r 0 1.7122425173
-23877194 30146238
#r 0 0.4557150867
-23877194 29146238
#r 0 0.4213343899
-47715489 18462534
#r 0 0.4703952428
-646955563 126488175
#r 0 1.5427200396
-646955563 125488175
#r 0 0.4329576725
-646984016 125475024
#r 0 5.6578356621
647455009 119171730
#r 0 1.3055577756
647455009 118171730
#r 0 3.6026748725
647140994 118015728
#r 0 2.5467236439
-614105525 708095676
#r 0 0.8286979477
-614105525 707095676
#r 0 4.6203251346
-614002863 708207636
#r 0 0.8209739332
-144601442 -246545691
#r 0 5.9521718595
-144601442 -245545691
#r 0 0.3230491620
-146075424 -246039146
#r 0 5.6629815438
-755786970 456770808
#r 0 6.1403455107
-755786970 455770808
#r 0 5.7662260980
-758141507 457109436
#r 0 0.0224715354
-942398078 -178453409
#r 0 6.2742250685
-942398078 -177453409
#r 0 6.2728355489
-222792091 -184901423
#r 0 2.1956087710
711522906 98276513
#r 0 6.1376141494
711522906 97276513
#r 0 1.6820772302
711409302 98293168
#r 0 0.9104894939
-865732126 -389513957
#r 0 0.9251544847
-865732126 -388513957
#r 0 1.3125925868
-866138786 -390053760
#r 0 0.4085551557
457994694 -775492143
#r 0 4.0928825542
457994694 -774492143
#r 0 4.1393249467
451213434 -785000837
#r 0 2.1565314713
223679184 -734348721
#r 0 2.7345052394
223679184 -733348721
#r 0 3.0173164467
220413908 -732940823
#r 0 1.2873387887
590989480 604339845
#r 0 5.8519461769
590989480 603339845
#r 0 4.5663400133
591127252 604276453
#r 0 4.9849946723
33739637 326385330
#r 0 2.2802227960
33739637 325385330
#r 0 5.1257100269
32843000 327429714
#r 0 2.3646410922
107088828 -31836439
#r 0 1.1613311156
107088828 -30836439
#r 0 5.6102187046
107411277 -31093461
#r 0 1.1434342292
-86557720 15314172
#r 0 0.3645537154
-86557720 14314172
#r 0 0.3584269475
-229359699 -39180591
#r 0 2.2387612816
187576655 288198927
#r 0 0.3816551516
187576655 287198927
#r 0 4.5628981028
187736959 288263262
#r 0 2.1034400683
376013911 294524797
#r 0 3.3380881243
376013911 293524797
#r 0 0.2687133564
389118464 297133443
#r 0 5.4797149030
278966036 620220652
#r 0 5.9367791405
278966036 619220652
#r 0 1.6326232497
278902715 620243508
#r 0 5.9896431892
-721859489 -551390151
#r 0 5.5778875037
-721859489 -550390151
#r 0 0.7528410076
-722418678 -550914065
#r 0 0.6089118575
388898961 -22604958
#r 0 3.2553319248
388898961 -21604958
#r 0 3.2858632111
356690374 -26284219
#r 0 3.0598327681
-862956667 140643757
#r 0 0.3337639105
-862956667 139643757
#r 0 0.8804785558
-861799404 141045022
#r 0 5.1888162621
-64393835 -548376194
#r 0 5.2839139623
-64393835 -547376194
#r 0 3.9549958401
-64776602 -547781024
#r 0 5.5219049757
-682022435 430113840
#r 0 5.5011310575
-682022435 429113840
#r 0 5.3215994672
-684295910 432372161
#r 0 5.3957574190
129522077 617343422
#r 0 6.1442517008
129522077 616343422
#r 0 1.0975587931
129999909 617276605
#r 0 2.3949299453
-709725211 -135667791
#r 0 0.0423410771
-709725211 -134667791
#r 0 0.4127605445
-712253331 -135774898
#r 0 0.4188410632
882172595 169931446
#r 0 2.6759805990
882172595 168931446
#r 0 4.1810243709
882626345 169703456
#r 0 2.5416584123
29768177 179516482
#r 0 4.9810961184
29768177 178516482
#r 0 5.0301176814
31460767 173369808
#r 0 2.4008397120
258981388 553416150
#r 0 4.8913582692
258981388 552416150
#r 0 0.3931534504
259149667 552485943
#r 0 0.0341994396
867622611 474026919
#r 0 3.7439765598
867622611 473026919
#r 0 3.6701343736
857977775 467394723
#r 0 0.6031589237
494169261 705240858
#r 0 4.5179015277
494169261 704240858
#r 0 5.0707262465
494040177 704585535
#r 0 4.5218442832
122469093 -725635014
#r 0 2.4713080715
122469093 -724635014
#r 0 1.7293434264
122652189 -725780157
#r 0 2.4583350053
-603116602 -663308573
#r 0 4.7446158509
-603116602 -662308573
#r 0 4.7654536684
-603198623 -660764349
#r 0 1.3937709389
-145539966 -887360284
#r 0 1.9543485842
-145539966 -886360284
#r 0 0.0280372620
-145938988 -886371474
#r 0 1.5815207963
682414660 608429595
#r 0 5.5902994477
682414660 607429595
#r 0 4.7929411669
682328134 608501429
#r 0 4.6023841756
-490982295 -354183775
#r 0 6.0513008751
-490982295 -353183775
#r 0 6.0738643113
-533177654 -344220101
#r 0 1.2577611803
-802812116 -220135267
#r 0 5.8459895659
-802812116 -219135267
#r 0 0.0051542987
-804928457 -219146175
#r 0 5.8992374320
250470454 471718324
#r 0 5.1255313813
250470454 470718324
#r 0 0.7999409791
250772506 471029292
#r 0 0.8066252077
439852827 37625603
#r 0 1.8305256788
439852827 36625603
#r 0 0.3877825281
440092540 36723517
#r 0 3.6945877845
-160210028 -311873695
#r 0 2.4087347848
-160210028 -310873695
#r 0 5.2278267404
-159054074 -312914143
#r 0 5.2436710997
378118500 -176315695
#r 0 3.6117205767
378118500 -175315695
#r 0 3.6521829856
358890382 -186086018
#r 0 3.6360501889
-866575725 -214630372
#r 0 5.1873105609
-866575725 -213630372
#r 0 5.3962001819
-867968767 -211921085
#r 0 5.3798244184
135413484 36622920
#r 0 4.3766055495
135413484 35622920
#r 0 5.6054391131
135141025 35842234
#r 0 0.3634556452
133848038 926203271
#r 0 5.4018920542
133848038 925203271
#r 0 1.5593701990
133859308 926189602
#r 0 1.5850029056
152317393 -838586251
#r 0 4.0261140564
152317393 -837586251
#r 0 3.9529351297
158284693 -831300996
#r 0 3.9638370302
866394399 -388688067
#r 0 3.3152092012
866394399 -387688067
#r 0 3.4186346553
857217745 -390297489
#r 0 2.5469845882
-110683473 -855371776
#r 0 0.9881987364
-110683473 -854371776
#r 0 0.8000191300
-108634427 -852261919
#r 0 1.9890308649
-778756986 -564076853
#r 0 5.5520448191
-778756986 -563076853
#r 0 0.0010605258
-779870530 -563078034
#r 0 6.2719306920
-737950047 -439455128
#r 0 5.5425765426
-737950047 -438455128
#r 0 0.2230451979
-738826452 -438653913
#r 0 5.5175570850
-609784449 -471338019
#r 0 1.3532416793
-609784449 -470338019
#r 0 5.3308639774
-609615788 -470575032
#r 0 4.6903084832
-23189346 649857189
#r 0 1.9052571087
-23189346 648857189
#r 0 2.6715482858
-22767323 648642792
#r 0 4.5360049935
919027675 186956176
#r 0 2.5303237073
919027675 185956176
#r 0 4.6975359131
919042376 186945873
#r 0 2.9366440998
-462062882 -817316296
#r 0 6.1627042392
-462062882 -816316296
#r 0 0.6469769351
-463203767 -817178172
#r 0 0.6251240606
-122964257 -333624352
#r 0 0.6581363680
-122964257 -332624352
#r 0 2.0982918022
-122562601 -333313822
#r 0 3.8195835724
-340634393 559951828
#r 0 1.6382471475
-340634393 558951828
#r 0 2.0399443122
-340556453 558798068
#r 0 1.7787176994
-909594700 -252680642
#r 0 5.4666796479
-909594700 -251680642
#r 0 0.4636368128
-910233996 -252000281
#r 0 0.7793888982
43912064 302995607
#r 0 0.6069392391
43912064 301995607
#r 0 0.1992157747
41881520 301585653
#r 0 3.1553303577
117420708 890129395
#r 0 5.8813795972
117420708 889129395
#r 0 3.7095369136
118361446 889729654
#r 0 1.3067156179
-468178342 -347725758
#r 0 5.6558127998
-468178342 -346725758
#r 0 5.6741195336
-504451045 -321424489
#r 0 5.6511834840
71200613 -222501511
#r 0 1.5783633901
71200613 -221501511
#r 0 2.1332956779
71192954 -221489362
#r 0 4.0857858170
-243623499 -789879633
#r 0 3.7006720959
-243623499 -788879633
#r 0 3.6997956179
576777436 -276581122
#r 0 0.7522313994
-769324329 107708350
#r 0 4.9036204544
-769324329 106708350
#r 0 5.7537686119
-769105999 106580598
#r 0 5.7878775153
635566251 196520845
#r 0 3.7711409571
635566251 195520845
#r 0 0.6336524018
794281166 312132461
#r 0 1.2337785031
195202581 -473800941
#r 0 5.1533988178
195202581 -472800941
#r 0 2.3321217105
194267333 -471819545
#r 0 5.1179123149
308865562 -904406367
#r 0 0.3003748081
308865562 -903406367
#r 0 1.4843758423
308776537 -904433942
#r 0 1.5271190722
710295145 -265660052
#r 0 5.1439192864
710295145 -264660052
#r 0 1.5593953783
710284019 -265635890
#r 0 1.5555579635
-659887626 -690524746
#r 0 5.7952852477
-659887626 -689524746
#r 0 5.8058813330
-733934895 -651228321
#r 0 5.7954091146
582191960 -738122481
#r 0 1.6421166335
582191960 -737122481
#r 0 3.7911769384
582124196 -737173951
#r 0 1.0902455278
619956929 619639294
#r 0 3.4755292346
619956929 618639294
#r 0 2.8416085502
618433115 619110638
#r 0 3.2938222330
279378978 182926265
#r 0 5.7751047733
279378978 181926265
#r 0 5.0377487582
278963601 183157564
#r 0 2.1806836908
-31041134 -356688329
#r 0 4.8968451316
-31041134 -355688329
#r 0 1.3767085766
-31136854 -356175298
#r 0 5.7376960069
531322273 778893238
#r 0 4.5231407384
531322273 777893238
#r 0 2.9422999792
531137867 777930483
#r 0 2.9569807740
-409016762 -551302065
#r 0 0.9358763805
-409016762 -550302065
#r 0 0.2044590503
-408147265 -550121769
#r 0 1.7843103271
-242530425 -410578653
#r 0 3.8724236622
-242530425 -409578653
#r 0 0.6925571391
-227553857 -397153430
#r 0 5.4155865996
280793211 -921368331
#r 0 3.3571063537
280793211 -920368331
#r 0 0.3691112103
274838262 -922671950
#r 0 0.3327686004
730390034 137322819
#r 0 0.6623737595
730390034 136322819
#r 0 4.7036614172
730398822 137329673
#r 0 0.6909935047
336241334 349827929
#r 0 3.5807322984
336241334 348827929
#r 0 3.5938251514
398424343 379037148
#r 0 5.2710624791
182629508 -60733374
#r 0 4.9769088647
182629508 -59733374
#r 0 0.2054922949
182373116 -59786815
#r 0 3.8418629189
-14583895 -391538609
#r 0 3.0885827251
-14583895 -390538609
#r 0 4.8841851380
-14408776 -391547901
#r 0 0.5131025836
-529968658 -541423045
#r 0 1.4818168610
-529968658 -540423045
#r 0 0.5131763815
-529874720 -540370108
#r 0 0.5438797290
-295721070 -115687762
#r 0 6.1171928307
-295721070 -114687762
#r 0 6.0300219779
-284753777 -117525157
#r 0 6.2239781043
-860392259 105310463
#r 0 5.8886617985
-860392259 104310463
#r 0 0.6280661909
-859516993 104946044
#r 0 5.9262773825
134282577 690186611
#r 0 0.9398007861
134282577 689186611
#r 0 5.8418089678
133739431 689443227
#r 0 5.5845636572
120775521 105317247
#r 0 1.0264319435
120775521 104317247
#r 0 3.6797813592
119827556 103751340
#r 0 3.6356589005
705482076 -427802156
#r 0 5.5783536148
705482076 -426802156
#r 0 3.1875259072
704366686 -426853426
#r 0 0.2676344472
67711290 -820628312
#r 0 1.8730661949
67711290 -819628312
#r 0 4.4609303112
67570436 -820176603
#r 0 1.8039496720
433987350 508403551
#r 0 1.0664923071
433987350 507403551
#r 0 1.0615172288
386634673 422604831
#r 0 1.0658726498
-118050258 19266698
#r 0 5.7765090857
-118050258 18266698
#r 0 3.8145512835
-117310659 18856218
#r 0 0.3289082034
-797637337 -148047045
#r 0 0.7642619965
-797637337 -147047045
#r 0 5.6823191389
-797029067 -147463959
#r 0 5.7546683115
-297627869 -312378482
#r 0 3.5094019822
-297627869 -311378482
#r 0 1.8548618203
-297365433 -312277354
#r 0 1.5201383520
526708312 738674488
#r 0 4.8560904996
526708312 737674488
#r 0 4.4262662694
526805305 738004178
#r 0 4.3983495658
902408713 326691638
#r 0 1.8702628478
902408713 325691638
#r 0 1.8281791755
900623763 332472818
#r 0 2.9712050888
194389026 724215994
#r 0 0.9622014690
194389026 723215994
#r 0 0.8765557531
190112898 718079444
#r 0 5.5943323707
479784988 -770379991
#r 0 4.0462626077
479784988 -769379991
#r 0 4.0937751004
472239915 -779979706
#r 0 4.0032465131
-131810955 348029062
#r 0 2.8862764989
-131810955 347029062
#r 0 2.8972217284
-46033396 325640052
#r 0 3.0071358476
586522933 -217901995
#r 0 5.5413633253
586522933 -216901995
#r 0 1.2574874358
586273123 -217673060
#r 0 5.5889349373
-187748036 23994930
#r 0 4.1392012760
-187748036 22994930
#r 0 2.5050991930
-188185031 23317917
#r 0 6.1557334065
352205545 -810872443
#r 0 5.3192968686
352205545 -809872443
#r 0 5.2872023278
361868539 -824789524
#r 0 5.3676078212
-281264150 625950435
#r 0 0.3939833356
-281264150 624950435
#r 0 0.9672955066
-280298015 626352076
#r 0 5.1465514064
805993669 -555805939
#r 0 3.7432332149
805993669 -554805939
#r 0 2.5109347920
806699549 -555321318
#r 0 2.0695157528
109176579 830254230
#r 0 0.0668217192
109176579 829254230
#r 0 0.0188349034
88379736 828862477
#r 0 6.2708031400
454603456 -115132683
#r 0 0.3893455047
454603456 -114132683
#r 0 3.2199682820
457617742 -113895952
#r 0 2.7767831509
-841858840 456991149
#r 0 0.9035359127
-841858840 455991149
#r 0 5.9822610936
-842491872 456187610
#r 0 5.9462957568
-394302774 -111391377
#r 0 2.4391831707
-394302774 -110391377
#r 0 4.5238197679
-394467072 -111252313
#r 0 5.6808198080
-44928054 515757560
#r 0 5.6596345855
-44928054 514757560
#r 0 0.2099589308
-43855533 514986114
#r 0 0.8294793977
-121117037 -740886462
#r 0 0.3687392289
-121117037 -739886462
#r 0 2.2563523497
-120495559 -740646315
#r 0 6.0421325850
-104972969 -794518837
#r 0 0.4690331523
-104972969 -793518837
#r 0 5.3034587394
-104472175 -794265059
#r 0 2.0087978405
-228728329 -70115130
#r 0 3.8944561007
-228728329 -69115130
#r 0 3.9363549091
-240931422 -81548932
#r 0 3.9339553960
211817052 -353830981
#r 0 4.7171601557
211817052 -352830981
#r 0 4.7357880326
211811059 -352574906
#r 0 0.2441716205
714039536 -444378998
#r 0 5.7400046795
714039536 -443378998
#r 0 5.7289467894
779868695 -484124102
#r 0 2.5626075300
210279624 -719446913
#r 0 2.5843486556
210279624 -718446913
#r 0 1.3537932511
210085780 -719326125
#r 0 0.4424910522
-252990652 907596128
#r 0 3.2328769006
-252990652 906596128
#r 0 3.2970830260
-237657244 908999727
#r 0 5.8733179267
-111775591 385835601
#r 0 3.5699189469
-111775591 384835601
#r 0 3.5665274184
-356138435 274260301
#r 0 0.4667180898
-751715650 246572132
#r 0 5.4851384551
-751715650 245572132
#r 0 0.1145990841
-750839015 245673036
#r 0 5.9468750541
734240015 -107718197
#r 0 2.0054936395
734240015 -106718197
#r 0 2.0404037707
728779767 -95958497
#r 0 2.0789295248
451097033 876365304
#r 0 4.4094907764
451097033 875365304
#r 0 3.2933167372
450768836 875315123
#r 0 2.8520156962
-213751703 -188883800
#r 0 5.4229876579
-213751703 -187883800
#r 0 3.1318320579
-214619563 -187875329
#r 0 3.1139323911
-871609781 -439190600
#r 0 6.1906791652
-871609781 -438190600
#r 0 0.2060243180
-874923667 -438883168
#r 0 5.6746131929
873731973 -187795839
#r 0 4.3384933388
873731973 -186795839
#r 0 4.3242913267
883464647 -162989843
#r 0 4.3275199510
476321941 -514170025
#r 0 0.3967852862
476321941 -513170025
#r 0 1.3600482263
476086953 -514268487
#r 0 2.6250106240
648529161 -258031637
#r 0 2.7354428295
648529161 -257031637
#r 0 2.7725885492
625457625 -248109461
#r 0 2.6381216574
-947200162 54478327
#r 0 5.9481105349
-947200162 53478327
#r 0 0.2187210761
-945447258 53867957
#r 0 5.3292273386
-72923073 965837855
#r 0 4.3182368656
-72923073 964837855
#r 0 4.3017271898
-82209515 943510219
#r 0 4.3213348386
533900477 -572149686
#r 0 0.4749531495
533900477 -571149686
#r 0 3.1691808994
535955479 -571092978
#r 0 2.0107758645
-787439174 -505763987
#r 0 0.5637696990
-787439174 -504763987
#r 0 0.3926027082
-782854390 -502865425
#r 0 5.7181518825
-244124713 -774407860
#r 0 5.6764215077
-244124713 -773407860
#r 0 3.8271781585
-244786065 -773948807
#r 0 3.7671803522
912688030 366379819
#r 0 3.6485712458
912688030 365379819
#r 0 2.0086724628
912316461 366173450
#r 0 4.0525941134
65744808 676218049
#r 0 4.0677789081
65744808 675218049
#r 0 0.7634991684
63064731 672652856
#r 0 5.0203455034
-530446177 836542796
#r 0 0.0051620147
-530446177 835542796
#r 0 0.1190181431
-521706543 836587911
#r 0 0.5572775620
-415563059 -298865844
#r 0 4.2556843668
-415563059 -297865844
#r 0 4.2749775393
-425245988 -318572584
#r 0 4.3710929670
-886033412 -228132643
#r 0 0.7026001816
-886033412 -227132643
#r 0 1.2231698354
-886556127 -228575248
#r 0 0.7501411259
-277974413 -935647969
#r 0 2.3841007971
-277974413 -934647969
#r 0 0.6150218292
-278579700 -935075556
#r 0 2.3726460645
200104270 740576328
#r 0 5.5609981678
200104270 739576328
#r 0 0.9424342752
200547297 740186046
#r 0 2.8423832347
-138670661 -326693416
#r 0 0.7970336520
-138670661 -325693416
#r 0 0.5621288426
-136130184 -324093121
#r 0 2.4260018350
-420259027 -893966584
#r 0 0.4932424733
-420259027 -892966584
#r 0 1.3699758433
-420487604 -894089458
#r 0 1.4344017805
-798050443 -196980374
#r 0 5.3544711699
-798050443 -195980374
#r 0 5.8076377338
-799266518 -195354138
#r 0 5.8321104156
-402542994 -134498653
#r 0 5.7927657879
-402542994 -133498653
#r 0 0.0824029684
-404165009 -133632615
#r 0 0.1217480457
508744237 816338581
#r 0 4.5728328010
508744237 815338581
#r 0 5.0837299856
508641006 815603679
#r 0 4.5135729298
-397593185 913590386
#r 0 5.6872872901
-397593185 912590386
#r 0 3.6898244425
-396817273 913064216
#r 0 5.6872834748
-443314379 -868631678
#r 0 0.2820973618
-443314379 -867631678
#r 0 0.3416582385
-458517210 -873037861
#r 0 0.2384755393
-533147680 613971414
#r 0 4.9809558507
-533147680 612971414
#r 0 1.3363718576
-533019817 613506821
#r 0 0.9933569640
-770932227 -336799630
#r 0 5.0975777441
-770932227 -335799630
#r 0 0.1345174626
-771316579 -335851646
#r 0 6.1193572107
-313801222 -169811900
#r 0 5.5790565334
-313801222 -168811900
#r 0 5.5030951987
-306661877 -175875853
#r 0 5.5580706320
396351162 236536477
#r 0 3.0141488592
396351162 235536477
#r 0 2.9143264043
386654032 237779051
#r 0 1.3038301703
653214263 -656222690
#r 0 0.6381151154
653214263 -655222690
#r 0 2.8901355080
654215752 -655479967
#r 0 2.8915704089
-126037657 252119065
#r 0 5.1809013551
-126037657 251119065
#r 0 6.1627453711
-125498540 251053818
#r 0 4.4071842784
795662488 -210263076
#r 0 2.0871594006
795662488 -209263076
#r 0 4.6320632175
795591985 -210138895
#r 0 5.5649301594
-552602322 134431660
#r 0 1.9623916839
-552602322 133431660
#r 0 5.3595764820
-551692095 132227299
#r 0 5.0877207025
-25074801 475442830
#r 0 0.8533755612
-25074801 474442830
#r 0 5.9514424653
-25745678 474673929
#r 0 5.8878516988
-581753711 58339560
#r 0 5.5442900102
-581753711 57339560
#r 0 4.8887494301
-581966467 58533394
#r 0 5.0030995972
-123676106 -141587957
#r 0 1.7098885337
-123676106 -140587957
#r 0 6.1419692382
-123818945 -140567651
#r 0 4.2728429695
-770394741 -202777594
#r 0 0.9515338540
-770394741 -201777594
#r 0 5.0316043711
-770168929 -202460797
#r 0 5.8548717094
226219170 40973701
#r 0 5.7957998657
226219170 39973701
#r 0 0.0631080419
227904867 40080223
#r 0 1.1265288098
-730767039 -317649186
#r 0 0.7896832840
-730767039 -316649186
#r 0 0.4541698412
-728845436 -315711043
#r 0 0.4063067115
313987082 -595303530
#r 0 0.5413000779
313987082 -594303530
#r 0 1.7481715745
314148902 -595206244
#r 0 1.6888092456
422385780 609464897
#r 0 3.5285298485
422385780 608464897
#r 0 5.5459280656
421625643 609155157
#r 0 3.4532556380
-283682688 -708434606
#r 0 4.1296122370
-283682688 -707434606
#r 0 0.1892417854
-282928304 -707290116
#r 0 3.6583443061
-165174039 -771223105
#r 0 3.5499315446
-165174039 -770223105
#r 0 5.4800779384
-164493173 -770928523
#r 0 0.3114955879
-595802012 -385074130
#r 0 0.1491937750
-595802012 -384074130
#r 0 0.4863642166
-598444604 -385471340
#r 0 4.7198222483
277214466 -802769623
#r 0 3.7618829533
277214466 -801769623
#r 0 1.1085919907
276441005 -803322143
#r 0 2.5792672943
-49223034 10182434
#r 0 5.1732896181
-49223034 9182434
#r 0 1.3800826860
-49084021 9902487
#r 0 3.2072943702
606551053 -19018638
#r 0 5.8161298221
606551053 -18018638
#r 0 4.7046061831
606543300 -19014729
#r 0 2.9577742483
-355498144 909755308
#r 0 3.8649380224
-355498144 908755308
#r 0 4.0165107918
-352315643 912565469
#r 0 3.8301719251
47076853 -733059593
#r 0 1.8732395458
47076853 -732059593
#r 0 1.9639504346
45817187 -729022400
#r 0 1.9525618904
-374230082 240356462
#r 0 4.5821260414
-374230082 239356462
#r 0 2.7292281349
-374353986 239410663
#r 0 3.6162025170
57914385 673072022
#r 0 5.0866176871
57914385 672072022
#r 0 6.0122152875
58355217 671949558
#r 0 6.0859746839
-434227853 -134865342
#r 0 4.4015621180
-434227853 -133865342
#r 0 2.0120795523
-434036649 -134270135
#r 0 1.0155071020
-803935016 3201268
#r 0 1.1259175579
-803935016 2201268
#r 0 6.1988441170
-804393299 2240012
#r 0 6.2604829450
612533705 664406426
#r 0 3.7286252920
612533705 663406426
#r 0 3.7072482714
579650011 642530005
#r 0 3.7132318366
-128789750 -864403732
#r 0 0.6217725661
-128789750 -863403732
#r 0 3.0524291368
-127549038 -863514652
#r 0 3.0808441817
49745228 181238661
#r 0 1.2671165901
49745228 180238661
#r 0 4.7305837784
49728030 181183780
#r 0 4.7553289647
582907428 511612935
#r 0 2.7350450042
582907428 510612935
#r 0 2.6809432672
567692517 518163454
#r 0 3.1905542230
616180789 -199370439
#r 0 4.6423528616
616180789 -198370439
#r 0 4.6695058738
616070291 -200945591
#r 0 2.3454649807
144982153 -279834439
#r 0 0.4213755462
144982153 -278834439
#r 0 2.4107325255
145725818 -279501111
#r 0 2.8902845989
-152837913 140842892
#r 0 0.2210693470
-152837913 139842892
#r 0 5.3398843808
-153461545 140702735
#r 0 3.5888208397
549838263 -730153584
#r 0 2.5653860136
549838263 -729153584
#r 0 3.8529887120
549176765 -729723769
#r 0 1.2214793786
-591139324 -247371007
#r 0 0.5761404278
-591139324 -246371007
#r 0 4.6729827698
-591179787 -247397294
#r 0 1.0436564536
-753947354 98952221
#r 0 1.1502972649
-753947354 97952221
#r 0 1.2039364165
-751216296 105059631
#r 0 0.5129955924
-98352464 -743450637
#r 0 1.3880568620
-98352464 -742450637
#r 0 6.0717666317
-98174713 -742488787
#r 0 0.9136152475
611104978 -524723090
#r 0 0.6231000503
611104978 -523723090
#r 0 0.3328528319
613786778 -522795950
#r 0 5.6550762832
-276948858 -364114257
#r 0 3.1421401981
-276948858 -363114257
#r 0 1.6897663605
-276829331 -364114192
#r 0 1.5633073551
-558362802 302376104
#r 0 5.6634488396
-558362802 301376104
#r 0 5.6757413702
-503986206 263577792
#r 0 0.3679367593
-267275647 10250653
#r 0 4.6118114243
