701687785 -541700890
#r 0 3.3670583993
701687785 -540700890
#r 0 3.2648250869
711165963 -539526922
#r 0 2.1782858940
-499127383 633119407
#r 0 2.2589309964
-499127383 632119407
#r 0 2.2555429074
-617685405 777314622
#r 0 5.4206575953
-483608482 -622730427
#r 0 6.0511379538
-483608482 -621730427
#r 0 5.3752146079
-482651262 -622956622
#r 0 3.3852871327
-400050622 -282770132
#r 0 1.4810382687
-400050622 -281770132
#r 0 1.2594259640
-399925684 -281381933
#r 0 1.7138338189
301295572 728310821
#r 0 0.3819777117
301295572 727310821
#r 0 0.1933713070
296438601 726359738
#r 0 0.2092294002
538670319 187274473
#r 0 4.4598367734
538670319 186274473
#r 0 5.4186360654
538472195 186506734
#r 0 4.7572682190
-356518068 -65592954
#r 0 3.4855083271
-356518068 -64592954
#r 0 4.6205000251
-356613361 -65627083
#r 0 3.5602976624
-276446552 932869643
#r 0 5.1634915544
-276446552 931869643
#r 0 3.5505218089
-276046184 932043146
#r 0 5.8675666116
-550539604 -271667289
#r 0 1.2003887326
-550539604 -270667289
#r 0 3.8732819297
-549943355 -270131878
#r 0 1.2540605789
-618319202 -169265767
#r 0 5.6357364451
-618319202 -168265767
#r 0 5.9764833739
-620594557 -167545174
#r 0 0.3651151996
755102565 -188650360
#r 0 4.3728708918
755102565 -187650360
#r 0 1.9545872191
755290971 -188116926
#r 0 1.3200259549
380790345 -501424583
#r 0 5.2171093602
380790345 -500424583
#r 0 4.8194558884
380923783 -501666123
#r 0 4.2242564560
-579009961 358478730
#r 0 5.6816019511
-579009961 357478730
#r 0 1.9354884750
-579527313 358833874
#r 0 6.0968408930
299350043 -849072587
#r 0 1.7221201443
299350043 -848072587
#r 0 0.1395235327
299200751 -848093553
#r 0 1.1867754293
547958642 -796389549
#r 0 4.7457491603
547958642 -795389549
#r 0 3.4790023229
547925656 -795401121
#r 0 1.0514608988
120566706 -818818612
#r 0 5.1334015067
120566706 -817818612
#r 0 5.0214583762
121679508 -821303724
#r 0 5.1652573300
137093106 -178832048
#r 0 4.7585272881
137093106 -177832048
#r 0 4.7083308331
137089376 -178751255
#r 0 4.7037487170
-671832205 450572368
#r 0 4.2866703434
-671832205 449572368
#r 0 6.0789760377
-672246727 449658214
#r 0 1.4913263823
-468532303 -84888903
#r 0 5.1656547632
-468532303 -83888903
#r 0 4.1570794951
-468805170 -84328703
#r 0 4.1282473248
242220329 -192797614
#r 0 2.6206572087
242220329 -191797614
#r 0 3.4154594675
241050369 -192126286
#r 0 3.6189394869
474168597 127670696
#r 0 2.5796448337
474168597 126670696
#r 0 3.8125943516
474871065 127228376
#r 0 3.8634714372
595496296 -707793242
#r 0 4.1792751141
595496296 -706793242
#r 0 4.2244055306
590214791 -716743314
#r 0 4.3014246037
677928845 -196320030
#r 0 0.8871892283
677928845 -195320030
#r 0 2.2191971565
678321411 -195838143
#r 0 4.6974126558
134234208 -184258840
#r 0 5.0195172327
134234208 -183258840
#r 0 4.7411420273
134265837 -184358565
#r 0 4.8205075684
-222667336 -46611794
#r 0 0.9511256224
-222667336 -45611794
#r 0 3.9815393684
-219173298 -41714150
#r 0 3.9443755830
219528894 970092025
#r 0 4.9338409912
219528894 969092025
#r 0 5.4153216994
219835512 968730155
#r 0 5.5027459135
-384209398 -106897359
#r 0 2.4133093306
-384209398 -105897359
#r 0 2.4179434312
-504899198 737515
#r 0 5.6678678116
615373946 -411111791
#r 0 0.8835537156
615373946 -410111791
#r 0 4.9407147557
615555047 -410891128
#r 0 2.8037877570
326662212 790338362
#r 0 5.7648971401
326662212 789338362
#r 0 6.0845886249
329371934 788793032
#r 0 5.9976962893
340630368 -61653550
#r 0 0.4663368998
340630368 -60653550
#r 0 1.7564507473
340801963 -61567175
#r 0 1.7672993125
-936931568 -253662529
#r 0 0.2523965439
-936931568 -252662529
#r 0 0.6290272782
-939060452 -254211560
#r 0 0.9803598357
-55698254 -527054964
#r 0 3.6480867851
-55698254 -526054964
#r 0 1.5382621113
-55731398 -527073351
#r 0 5.2484411377
-176767589 -188188183
#r 0 0.6143273735
-176767589 -187188183
#r 0 0.9308938552
-178334992 -189293797
#r 0 1.1430833694
133207554 429148051
#r 0 4.1236472957
133207554 428148051
#r 0 2.7584980297
132681406 428360092
#r 0 5.2322580352
420725815 -425022251
#r 0 4.5719966039
420725815 -424022251
#r 0 4.5178789623
421225837 -421484078
#r 0 2.2533966947
-984543034 144270826
#r 0 6.0845526828
-984543034 143270826
#r 0 5.3310153559
-985373924 144438073
#r 0 6.0736421426
366737756 485628537
#r 0 3.1868111188
366737756 484628537
#r 0 1.4266556061
366883863 485635148
#r 0 3.3539009495
-649282821 -270779598
#r 0 3.7787338331
-649282821 -269779598
#r 0 3.8327322936
-660758055 -279272529
#r 0 3.8521267741
411724544 245564399
#r 0 5.0651651214
411724544 244564399
#r 0 3.7293931976
412020187 244761408
#r 0 0.2908209657
795592083 -315379132
#r 0 1.6727510592
795592083 -314379132
#r 0 2.7429425902
795485166 -314334098
#r 0 2.4399823605
-521849662 466816098
#r 0 4.7152251587
-521849662 465816098
#r 0 5.1714694560
-521846809 465810327
#r 0 2.7119563705
-558514126 -706353026
#r 0 2.3022264885
-558514126 -705353026
#r 0 0.2019355864
-559272313 -705508246
#r 0 2.3659304361
-218018041 -776753981
#r 0 0.9406270810
-218018041 -775753981
#r 0 2.3120490020
-217612110 -776197433
#r 0 2.2756589563
517252615 315449462
#r 0 0.1876242978
517252615 314449462
#r 0 1.6818775626
517143388 315428724
#r 0 4.7811724666
-836634468 79323631
#r 0 0.7023474315
-836634468 78323631
#r 0 5.0392209156
-836897885 79100699
#r 0 0.7340780559
-478957491 -425697431
#r 0 3.2121885168
-478957491 -424697431
#r 0 1.3563314721
-479178713 -425713074
#r 0 1.3641201283
744680137 283363242
#r 0 6.1716567947
744680137 282363242
#r 0 6.1685946448
422269043 319471107
#r 0 0.1395530751
787479252 -388621533
#r 0 2.3507366167
787479252 -387621533
#r 0 3.6499356622
786841562 -387976844
#r 0 2.4398244767
734374273 161323653
#r 0 3.7548582039
734374273 160323653
#r 0 3.8792717203
739251089 164755911
#r 0 3.3353712680
-835925574 -325109799
#r 0 0.1211715267
-835925574 -324109799
#r 0 5.4735073642
-835072001 -325005861
#r 0 5.4708242417
191098699 -491490599
#r 0 2.7309881999
191098699 -490490599
#r 0 5.4380081517
192543847 -492119744
#r 0 5.1303699046
76967052 -918743877
#r 0 0.0901562072
76967052 -917743877
#r 0 0.3187116138
72792713 -919121243
#r 0 0.0067517699
-458212991 -390070259
#r 0 2.0134433474
-458212991 -389070259
#r 0 3.4166818967
-458631074 -389188261
#r 0 3.2992889863
-561441965 -303326039
#r 0 1.1756583944
-561441965 -302326039
#r 0 1.2071830557
-565785433 -313740188
#r 0 5.0358893503
-143029320 -288205830
#r 0 3.0013761571
-143029320 -287205830
#r 0 5.6744702110
-141230323 -288459745
#r 0 5.6925980375
-217724255 370576245
#r 0 5.2288665195
-217724255 369576245
#r 0 4.1922182978
-217439090 370074100
#r 0 6.0476028607
231282029 -813119927
#r 0 0.1395925683
231282029 -812119927
#r 0 6.0619840681
234018850 -812735386
#r 0 4.2226351863
-173650117 941397434
#r 0 5.6521621623
-173650117 940397434
#r 0 4.9848999006
-174001289 941654030
#r 0 4.6767735200
-974261600 -135035256
#r 0 5.4229343743
-974261600 -134035256
#r 0 1.0547800660
-974603488 -134637932
#r 0 0.2360174522
-219071864 876570219
#r 0 5.0067414953
-219071864 875570219
#r 0 5.0140471031
-207273171 837651073
#r 0 5.1929584234
841216372 -245702053
#r 0 3.1068629926
841216372 -244702053
#r 0 1.8682028072
841526168 -245712816
#r 0 1.9637216555
-554460271 622376857
#r 0 1.7750178959
-554460271 621376857
#r 0 1.8084105656
-553030435 615473069
#r 0 3.9235768544
-710372218 -603481641
#r 0 1.9396670676
-710372218 -602481641
#r 0 1.0914483479
-710593910 -602908149
#r 0 2.0154669757
57367412 137137296
#r 0 4.5172854604
57367412 136137296
#r 0 4.5406418797
58786116 144316341
#r 0 4.1199560899
350298717 99524416
#r 0 2.4626383085
350298717 98524416
#r 0 4.6584263602
350350476 99482650
#r 0 1.4666767899
124361302 -505132095
#r 0 5.8758660032
124361302 -504132095
#r 0 5.4586174539
125899459 -505795730
#r 0 1.3003910113
-544744435 413022941
#r 0 2.3112945196
-544744435 412022941
#r 0 3.9352949215
-544270689 412504621
#r 0 1.6912533802
-119196968 -904270036
#r 0 2.6869476598
-119196968 -903270036
#r 0 0.1651412711
-120722624 -903524300
#r 0 0.4943313289
-804414631 -463783652
#r 0 0.4080237985
-804414631 -462783652
#r 0 0.7814737248
-806200670 -464555728
#r 0 0.3048610676
551441948 -761356956
#r 0 0.3286536852
551441948 -760356956
#r 0 0.4079975799
540480797 -765094942
#r 0 0.3987516228
27156741 -865736728
#r 0 5.8913990597
27156741 -864736728
#r 0 1.5936882101
27179856 -865746278
#r 0 5.8416554763
940217810 -146619311
#r 0 1.5065101402
940217810 -145619311
#r 0 2.7679111367
940280600 -145643931
#r 0 1.5258131360
-914055295 46387478
#r 0 4.9084169644
-914055295 45387478
#r 0 0.9943507413
-913903181 45621463
#r 0 4.9919276050
-936955659 -34943340
#r 0 0.5948897319
-936955659 -33943340
#r 0 0.9099305184
-938596283 -36053486
#r 0 0.0993745161
-369379595 277222742
#r 0 5.8632376822
-369379595 276222742
#r 0 5.7746196217
-378391250 281246534
#r 0 0.6730207503
-821124475 11788443
#r 0 1.4361870918
-821124475 10788443
#r 0 1.3279838919
-821423264 9582186
#r 0 1.3820212628
-490967586 616064171
#r 0 3.6889772706
-490967586 615064171
#r 0 5.9854803016
-492058889 615399008
#r 0 5.7714956465
-678074763 -588467848
#r 0 1.8323465706
-678074763 -587467848
#r 0 5.4689862989
-678448393 -587072052
#r 0 2.1929831595
217643120 -215305082
#r 0 3.4035081848
217643120 -214305082
#r 0 0.0211262562
221692617 -214219519
#r 0 0.8547004640
-682169509 -158834214
#r 0 5.8414349916
-682169509 -157834214
#r 0 4.1491536896
-682655763 -158604254
#r 0 4.4525866706
557597791 508080141
#r 0 5.1172106226
557597791 507080141
#r 0 4.9984861801
556659388 510270173
#r 0 3.7957281929
639262792 -399950495
#r 0 1.4919762338
639262792 -398950495
#r 0 4.8508619909
639313205 -399312227
#r 0 2.5079229326
61684808 -566926225
#r 0 5.3034370872
61684808 -565926225
#r 0 5.7487943483
60571615 -565267403
#r 0 5.2877893021
523190902 523430949
#r 0 3.3117747861
523190902 522430949
#r 0 1.9944432836
522772381 523359029
#r 0 4.1222719095
-97120665 -106773775
#r 0 0.0090426511
-97120665 -105773775
#r 0 6.2214007176
-83017531 -106646242
#r 0 6.1387128021
-565009351 514254679
#r 0 3.0598572899
-565009351 513254679
#r 0 2.9815691877
-577590235 515285278
#r 0 4.1749943538
334580786 -482417867
#r 0 0.9500032482
334580786 -481417867
#r 0 2.7586281430
335135957 -481641520
#r 0 2.2704568032
-302732954 278207160
#r 0 2.3290305683
-302732954 277207160
#r 0 2.0951082047
-304218081 279775245
#r 0 4.3938096834
-258338693 -552221732
#r 0 4.1770382908
-258338693 -551221732
#r 0 4.1958434815
-271737322 -574811536
#r 0 5.6315779799
-571070279 -284224233
#r 0 0.7889466510
-571070279 -283224233
#r 0 0.8480082254
-578966176 -292176367
#r 0 0.8681716452
481874853 641887316
#r 0 1.9990045651
481874853 640887316
#r 0 2.1787238406
483201667 638980532
#r 0 3.6374410973
-479273610 -106822827
#r 0 0.2864093137
-479273610 -105822827
#r 0 0.1646534310
-471482342 -104528248
#r 0 4.4613065628
-4238218 -621301856
#r 0 0.5573482341
-4238218 -620301856
#r 0 1.0203819420
-5231993 -621921238
#r 0 0.5342751889
-213551122 -22815755
#r 0 4.0126638469
-213551122 -21815755
#r 0 1.5198368149
-213605415 -22880250
#r 0 0.4959654565
-874003763 -51756842
#r 0 0.1210248768
-874003763 -50756842
#r 0 1.2272810475
-874377729 -51802323
#r 0 5.4473921864
-191082364 -706539912
#r 0 0.6541120818
-191082364 -705539912
#r 0 2.6877599567
-190285236 -705928744
#r 0 2.7830153021
-712230836 221529366
#r 0 5.1880293033
-712230836 220529366
#r 0 3.9658045196
-711899956 220886983
#r 0 6.1005786653
-780382671 126943689
#r 0 3.5836629373
-780382671 125943689
#r 0 3.5886728875
-617699799 203943465
#r 0 1.4052614884
-236286024 -513307999
#r 0 6.1269976886
-236286024 -512307999
#r 0 4.1504007461
-236858935 -513217783
#r 0 6.1179431900
432125842 146983063
#r 0 5.5742600158
432125842 145983063
#r 0 5.4795673375
426553518 151762232
#r 0 4.6412974147
-261116530 -918750953
#r 0 1.7188337412
-261116530 -917750953
#r 0 1.7783224070
-261627690 -915323302
#r 0 1.4803614459
118024946 613168088
#r 0 4.5398575499
118024946 612168088
#r 0 4.5223160309
116175811 602556972
#r 0 4.4951645738
-464226731 -787773296
#r 0 2.4178776707
-464226731 -786773296
#r 0 1.2965068238
-464452080 -787574163
#r 0 0.7466842948
-243669211 -909135288
#r 0 2.2378087470
-243669211 -908135288
#r 0 2.2580801639
-263032327 -884544171
#r 0 2.2493592433
-477273716 873997373
#r 0 6.0824986997
-477273716 872997373
#r 0 4.2527011912
-476823951 873905880
#r 0 4.2327890353
-723337552 322551553
#r 0 1.0671890662
-723337552 321551553
#r 0 6.1401215296
-723848031 321625086
#r 0 4.7892610967
-109826943 -461038229
#r 0 5.7335872417
-109826943 -460038229
#r 0 4.0868430523
-110327697 -460731491
#r 0 3.9430192231
273596302 -710435175
#r 0 5.8413547554
273596302 -709435175
#r 0 2.5769734531
279831322 -713384456
#r 0 1.7895101209
-495340295 -231301155
#r 0 6.2437815367
-495340295 -230301155
#r 0 0.4391955260
-497304074 -231223735
#r 0 6.2248551639
-335666797 -774290530
#r 0 1.3321873285
-335666797 -773290530
#r 0 2.4567318627
-335463869 -773456268
#r 0 2.4757744016
-44434562 -424288087
#r 0 0.7549475914
-44434562 -423288087
#r 0 1.4905287150
-44521589 -424369969
#r 0 3.9110386744
482272679 648017210
#r 0 1.6522652230
482272679 647017210
#r 0 2.1406479782
482366252 646871175
#r 0 2.2210128415
-848718430 -335529233
#r 0 5.8774447231
-848718430 -334529233
#r 0 5.7883906385
-839626385 -339434962
#r 0 5.7839781039
-538168394 -366123595
#r 0 0.6176484173
-538168394 -365123595
#r 0 5.0836757408
-537863403 -365906940
#r 0 0.7739113777
780704324 -493859950
#r 0 2.2769142847
780704324 -492859950
#r 0 2.3079147119
766632826 -477359620
#r 0 3.7311745559
101574837 -660299922
#r 0 5.8430094236
101574837 -659299922
#r 0 1.9166304310
102008798 -660504315
#r 0 3.2261227259
274165912 -778182756
#r 0 6.1765183815
274165912 -777182756
#r 0 6.1261186351
293659913 -780270043
#r 0 1.8509005449
-30247511 -354320033
#r 0 0.3821233994
-30247511 -353320033
#r 0 0.2715654655
-22145932 -351064195
#r 0 2.5254930122
196232884 -273237791
#r 0 1.3941816433
196232884 -272237791
#r 0 2.4764326621
196389441 -272360595
#r 0 2.4610808112
-43571381 -254057842
#r 0 1.2984339262
-43571381 -253057842
#r 0 3.0060093390
-43302329 -253094546
#r 0 4.9586091232
245238934 77228773
#r 0 5.6900244855
245238934 76228773
#r 0 0.9789132680
245701553 76916901
#r 0 6.0774925908
691449954 36763389
#r 0 2.4193352504
691449954 35763389
#r 0 3.0303502245
692749725 35618200
#r 0 2.4649037797
305194638 -415436078
#r 0 5.1959736519
305194638 -414436078
#r 0 1.3843644211
305055859 -415171826
#r 0 5.0664184725
326597884 -216545057
#r 0 1.9656190454
326597884 -215545057
#r 0 6.2639254263
326177808 -215536965
#r 0 4.0172129226
48717586 -293671845
#r 0 5.1563244194
48717586 -292671845
#r 0 1.9585678794
51610717 -299754999
#r 0 2.7311966274
530625494 -89118625
#r 0 0.1727802502
530625494 -88118625
#r 0 3.3892920321
517865894 -91345435
#r 0 3.8123690179
42124448 645983829
#r 0 4.8573954693
42124448 644983829
#r 0 2.4761031423
42289386 644854363
#r 0 4.6544340221
-178491570 670902010
#r 0 2.9455124659
-178491570 669902010
#r 0 0.1444826016
-175585681 670324806
#r 0 1.6577016358
78464923 432039983
#r 0 2.2287278087
78464923 431039983
#r 0 2.0768513698
76505789 434575108
#r 0 2.0929144117
160031141 -417843750
#r 0 5.4992380850
160031141 -416843750
#r 0 5.3275295533
162422747 -420228426
#r 0 0.8358569692
-430166093 553065446
#r 0 0.8852389567
-430166093 552065446
#r 0 2.2287582759
-430563459 552579606
#r 0 2.2213316713
17710008 853207122
#r 0 4.7593050085
17710008 852207122
#r 0 3.3011430103
17756606 852214621
#r 0 5.6087315836
14875479 -715975258
#r 0 1.1170911414
14875479 -714975258
#r 0 1.1284627936
-1623239 -749809549
#r 0 5.6843787079
-415569731 -638404763
#r 0 5.0164302775
-415569731 -637404763
#r 0 6.0691550103
-415906466 -637331570
#r 0 5.9679410403
-773961145 -176289730
#r 0 1.0512016524
-773961145 -175289730
#r 0 4.7858755464
-773895920 -176175705
#r 0 4.6478690847
940988252 -325744210
#r 0 2.1433844480
940988252 -324744210
#r 0 2.9669631721
940260905 -324615887
#r 0 2.1242770155
-826089410 389315028
#r 0 6.1852995475
-826089410 388315028
#r 0 5.4342039734
-827052989 389409651
#r 0 0.6481337098
787581078 -76307990
#r 0 4.1911141546
787581078 -75307990
#r 0 4.1005036319
790742310 -70803071
#r 0 3.3986110539
-720594767 -54294382
#r 0 5.7649040817
-720594767 -53294382
#r 0 4.6124778415
-720689591 -54240306
#r 0 0.0020674905
594911311 732837332
#r 0 3.0438669962
594911311 731837332
#r 0 2.5411015637
593207211 733004398
#r 0 2.9943176774
288809318 -738112341
#r 0 0.0009984340
288809318 -737112341
#r 0 0.6945917848
287607520 -738113541
#r 0 1.8024073791
-344837829 -486706031
#r 0 1.0295197792
-344837829 -485706031
#r 0 4.9224282460
-344680453 -486444247
#r 0 3.7320997903
-62712054 -847301326
#r 0 1.2284983367
-62712054 -846301326
#r 0 0.0245747453
-62352581 -846292490
#r 0 6.1530747499
-250419138 -693493865
#r 0 2.7214749813
-250419138 -692493865
#r 0 2.7842963967
-264044134 -687407393
#r 0 3.4512487761
366755340 -91389671
#r 0 0.6358431846
366755340 -90389671
#r 0 4.5199173887
366527713 -91557683
#r 0 4.6592143550
961566412 68953195
#r 0 3.1198453874
961566412 67953195
#r 0 3.5193112920
963955781 68901225
#r 0 3.7499764665
597164501 -516317146
#r 0 5.7996614509
597164501 -515317146
#r 0 5.9071330236
589487290 -512285858
#r 0 4.5765732226
-877313621 -335845740
#r 0 5.3964581180
-877313621 -334845740
#r 0 0.5945160493
-877839249 -335201125
#r 0 0.5578336329
-380835327 -806301119
#r 0 2.5436750583
-380835327 -805301119
#r 0 1.2068019150
-381137811 -806095102
#r 0 1.4331847371
822465216 -184570263
#r 0 2.0154129586
822465216 -183570263
#r 0 1.9549966559
825135219 -190174419
#r 0 0.9278522919
186036512 447263379
#r 0 4.3895718533
186036512 446263379
#r 0 5.0992788807
185852817 446714248
#r 0 4.2256318091
-324336703 -906969741
#r 0 1.2549877337
-324336703 -905969741
#r 0 1.8169533352
-324194669 -906535046
#r 0 0.6654323968
-23877194 30146238
#r 0 5.3303973891
-23877194 29146238
#r 0 1.4651292253
-23784901 30016414
#r 0 4.2197755618
-646955563 126488175
#r 0 3.1118594494
-646955563 125488175
#r 0 5.8376992504
-649188913 126554599
#r 0 0.0422402685
647455009 119171730
#r 0 5.9547230794
647455009 118171730
#r 0 6.0311114681
659466237 115078212
#r 0 5.8312461021
-614105525 708095676
#r 0 0.1325322799
-614105525 707095676
#r 0 4.9472955816
-614337450 708064757
#r 0 0.1149138941
-144601442 -246545691
#r 0 3.0599749890
-144601442 -245545691
#r 0 3.4450204280
-147133758 -246338549
#r 0 2.5678622741
-755786970 456770808
#r 0 0.8404472271
-755786970 455770808
#r 0 0.5792988983
-757949273 454356301
#r 0 0.3359589333
-942398078 -178453409
#r 0 5.3933207018
-942398078 -177453409
#r 0 5.4164799939
-959995719 -156733384
#r 0 5.3830461259
711522906 98276513
#r 0 2.8373627948
711522906 97276513
#r 0 2.8832737300
731621527 91966009
#r 0 3.1332414989
-865732126 -389513957
#r 0 0.3337144644
-865732126 -388513957
#r 0 0.4534253204
-872844186 -391979569
#r 0 0.2288315962
457994694 -775492143
#r 0 4.6807727865
457994694 -774492143
#r 0 5.3702515156
458025077 -774531464
#r 0 5.2019367919
223679184 -734348721
#r 0 0.7498615215
223679184 -733348721
#r 0 0.7361214822
263149647 -697588386
#r 0 0.7863373268
590989480 604339845
#r 0 4.2442458829
590989480 603339845
#r 0 4.5261520604
591289820 604933834
#r 0 5.3001327282
33739637 326385330
#r 0 0.1149424527
33739637 325385330
#r 0 0.1580777531
56489442 329011825
#r 0 6.2525431428
107088828 -31836439
#r 0 0.3292923917
107088828 -30836439
#r 0 3.6816260680
103208958 -33162324
#r 0 2.2934809808
-86557720 15314172
#r 0 5.5048878731
-86557720 14314172
#r 0 5.6203400957
-81685006 10510171
#r 0 1.0239807648
187576655 288198927
#r 0 2.7440367523
187576655 287198927
#r 0 2.7921080679
205604196 280628889
#r 0 5.0638555954
376013911 294524797
#r 0 4.0977001415
376013911 293524797
#r 0 4.2832090456
377314998 296367902
#r 0 5.1789317782
278966036 620220652
#r 0 0.9000183796
278966036 619220652
#r 0 5.2369275956
278631420 619798967
#r 0 3.9011346429
-721859489 -551390151
#r 0 5.4000288431
-721859489 -550390151
#r 0 5.3489930286
-714463080 -560395052
#r 0 1.5890768942
388898961 -22604958
#r 0 0.0542323270
388898961 -21604958
#r 0 2.1651184352
389550877 -22569568
#r 0 1.1305115671
-862956667 140643757
#r 0 6.0018073959
-862956667 139643757
#r 0 6.0101264742
-751755415 108501395
#r 0 2.9198713637
-64393835 -548376194
#r 0 5.9712131854
-64393835 -547376194
#r 0 5.9954633488
-102030555 -536238225
#r 0 5.9607405865
-682022435 430113840
#r 0 1.2929700328
-682022435 429113840
#r 0 1.2665618361
-685133948 419203995
#r 0 1.3112996924
129522077 617343422
#r 0 4.3632291729
129522077 616343422
#r 0 0.4275057336
129085600 616144560
#r 0 2.5182014580
-709725211 -135667791
#r 0 1.9722978971
-709725211 -134667791
#r 0 4.9979231462
-708773874 -137908527
#r 0 4.3623414368
882172595 169931446
#r 0 1.8016823952
882172595 168931446
#r 0 3.4135502289
882393211 168992968
#r 0 1.8478524916
29768177 179516482
#r 0 1.9155079900
29768177 178516482
#r 0 6.0787663044
30156099 178436060
#r 0 4.2410634155
258981388 553416150
#r 0 2.9298735987
258981388 552416150
#r 0 5.2438280195
258308517 553560777
#r 0 0.9483131547
867622611 474026919
#r 0 4.7269404742
867622611 473026919
#r 0 4.5865305365
867635662 473130070
#r 0 4.0738963376
494169261 705240858
#r 0 2.4916551066
494169261 704240858
#r 0 2.6927592178
497760070 702511463
#r 0 1.9060508000
122469093 -725635014
#r 0 1.6289384585
122469093 -724635014
#r 0 6.0867677733
122410203 -724623296
#r 0 0.1791712471
-603116602 -663308573
#r 0 2.9650640899
-603116602 -662308573
#r 0 2.9397527013
-565008179 -670106559
#r 0 2.9971867652
-145539966 -887360284
#r 0 1.1439436992
-145539966 -886360284
#r 0 2.5195893155
-145196986 -886606179
#r 0 0.1247789830
682414660 608429595
#r 0 4.6741898068
682414660 607429595
#r 0 4.5924551569
682358694 606965192
#r 0 2.6296241168
-490982295 -354183775
#r 0 1.9359333802
-490982295 -353183775
#r 0 3.4495141565
-491323135 -353292175
#r 0 5.2242111254
-802812116 -220135267
#r 0 0.3068107239
-802812116 -219135267
#r 0 4.7876228450
-802738498 -220111944
#r 0 5.1483355705
250470454 471718324
#r 0 4.5057970732
250470454 470718324
#r 0 3.7996126609
250220358 470525015
#r 0 5.9241783857
439852827 37625603
#r 0 2.3903002266
439852827 36625603
#r 0 2.9584042760
441188390 36378169
#r 0 2.9757289455
-160210028 -311873695
#r 0 4.2667129662
-160210028 -310873695
#r 0 2.5742843679
-159843781 -311107059
#r 0 2.7733059435
378118500 -176315695
#r 0 3.9745026793
378118500 -175315695
#r 0 4.9874583316
378333872 -176078820
#r 0 0.1373758304
-866575725 -214630372
#r 0 5.2893946877
-866575725 -213630372
#r 0 0.3282470032
-867108516 -213811823
#r 0 4.9846852641
135413484 36622920
#r 0 0.7681835527
135413484 35622920
#r 0 2.6118117149
134769060 36000309
#r 0 5.0883535913
133848038 926203271
#r 0 3.2288110996
133848038 925203271
#r 0 3.2584223652
167266149 929125360
#r 0 4.4844912140
152317393 -838586251
#r 0 6.1461977254
152317393 -837586251
#r 0 6.0924020667
170406718 -841079882
#r 0 0.9221791699
866394399 -388688067
#r 0 4.0480693911
866394399 -387688067
#r 0 2.4931516960
866885846 -388060460
#r 0 2.7663756731
-110683473 -855371776
#r 0 2.0173945924
-110683473 -854371776
#r 0 2.7345854267
-111286905 -854111650
#r 0 0.0588418842
-778756986 -564076853
#r 0 5.7607234273
-778756986 -563076853
#r 0 0.5852674112
-779564376 -563611929
#r 0 1.5292955970
-737950047 -439455128
#r 0 0.4039435294
-737950047 -438455128
#r 0 0.1574672290
-734227977 -437864131
#r 0 0.3408781389
-609784449 -471338019
#r 0 2.6458939661
-609784449 -470338019
#r 0 2.8042836833
-615047094 -468492346
#r 0 0.2278118783
-23189346 649857189
#r 0 5.1334557200
-23189346 648857189
#r 0 5.5203531869
-22406273 648108684
#r 0 3.3225385459
919027675 186956176
#r 0 2.3846944015
919027675 185956176
#r 0 2.2484287001
915672559 190125301
#r 0 2.2982850061
-462062882 -817316296
#r 0 0.7185538342
-462062882 -816316296
#r 0 0.7084407129
-405538541 -767885053
#r 0 0.1797313411
-122964257 -333624352
#r 0 5.6708178867
-122964257 -332624352
#r 0 0.4855528026
-123777174 -333053320
#r 0 2.7128094205
-340634393 559951828
#r 0 4.9624160166
-340634393 558951828
#r 0 5.7663460324
-340335663 558782038
#r 0 4.7106511115
-909594700 -252680642
#r 0 5.4872095212
-909594700 -251680642
#r 0 6.2479444404
-910608768 -251644891
#r 0 0.2988543415
43912064 302995607
#r 0 1.3682094200
43912064 301995607
#r 0 4.7195410256
43905152 302961959
#r 0 4.0064217253
117420708 890129395
#r 0 3.1250077142
117420708 889129395
#r 0 3.1357397834
210586762 888584100
#r 0 3.1115722743
-468178342 -347725758
#r 0 0.0280922469
-468178342 -346725758
#r 0 0.9427391612
-468919610 -347746587
#r 0 2.2248196531
71200613 -222501511
#r 0 6.0765773842
71200613 -221501511
#r 0 0.5036033788
69885843 -222225937
#r 0 6.2122802029
-243623499 -789879633
#r 0 2.8716113259
-243623499 -788879633
#r 0 2.7728970984
-234501509 -792404035
#r 0 1.4027299781
-769324329 107708350
#r 0 2.7472900269
-769324329 106708350
#r 0 2.7122687518
-793299688 117684341
#r 0 3.0598095327
635566251 196520845
#r 0 0.2311935666
635566251 195520845
#r 0 1.8718736606
635276886 196452728
#r 0 4.7491059529
195202581 -473800941
#r 0 4.6245952325
195202581 -472800941
#r 0 5.4967226412
195283466 -472881999
#r 0 3.7807035107
308865562 -904406367
#r 0 3.1902937581
308865562 -903406367
#r 0 3.2872166329
298653407 -904904104
#r 0 3.1396076813
710295145 -265660052
#r 0 1.3204405952
710295145 -264660052
#r 0 1.6804039236
710372083 -265359183
#r 0 2.9407027879
-659887626 -690524746
#r 0 1.9932094250
-659887626 -689524746
#r 0 0.5162775529
-660245732 -689728017
#r 0 0.5445223620
582191960 -738122481
#r 0 4.2158179691
582191960 -737122481
#r 0 4.1229139345
585046857 -732853768
#r 0 4.2736797618
619956929 619639294
#r 0 3.5898634830
619956929 618639294
#r 0 4.9142186476
619770645 619549705
#r 0 2.9144823738
279378978 182926265
#r 0 6.1640203573
279378978 181926265
#r 0 6.2046038252
303776005 180005154
#r 0 3.2408592353
-31041134 -356688329
#r 0 2.8511613070
-31041134 -355688329
#r 0 5.2072627175
-30397683 -356880645
#r 0 2.9517520204
531322273 778893238
#r 0 3.3679720790
531322273 777893238
#r 0 2.6565287720
530001952 778589132
#r 0 4.9964635840
-409016762 -551302065
#r 0 1.5894251020
-409016762 -550302065
#r 0 5.4255798600
-409035803 -550280055
#r 0 0.8101308122
-242530425 -410578653
#r 0 1.2014790442
-242530425 -409578653
#r 0 1.6000333519
-242503234 -410508406
#r 0 4.3332398249
280793211 -921368331
#r 0 1.1262587658
280793211 -920368331
#r 0 1.5318409630
280750763 -921457445
#r 0 3.0103433269
730390034 137322819
#r 0 2.1234473778
730390034 136322819
#r 0 3.6584934699
730846690 136582407
#r 0 4.1936941602
336241334 349827929
#r 0 3.2267547816
336241334 348827929
#r 0 3.2575472658
368386887 352572150
#r 0 5.8068737634
182629508 -60733374
#r 0 5.4724497740
182629508 -59733374
#r 0 1.0752702332
182284932 -60370879
#r 0 3.3227796361
-14583895 -391538609
#r 0 1.7503539126
-14583895 -390538609
#r 0 2.4985202033
-14793982 -390381184
#r 0 1.7211757794
-529968658 -541423045
#r 0 2.5629129105
-529968658 -540423045
#r 0 4.0521415603
-530483827 -541086494
#r 0 6.1884816003
-295721070 -115687762
#r 0 2.9797341145
-295721070 -114687762
#r 0 5.3576329432
-294862860 -115827896
#r 0 2.8972255727
-860392259 105310463
#r 0 6.1864076662
-860392259 104310463
#r 0 0.1749214541
-856740072 104955905
#r 0 0.1803032035
134282577 690186611
#r 0 5.0515633206
134282577 689186611
#r 0 0.2308958201
134608364 689263200
#r 0 4.3423940808
120775521 105317247
#r 0 3.8565001335
120775521 104317247
#r 0 3.7071641425
116490291 101597247
#r 0 3.4337721105
705482076 -427802156
#r 0 1.7844063475
705482076 -426802156
#r 0 2.1905576422
705170410 -426365373
#r 0 1.0497988521
67711290 -820628312
#r 0 1.7405602018
67711290 -819628312
#r 0 2.7164088114
67525452 -819544164
#r 0 1.1339828699
433987350 508403551
#r 0 1.6217337983
433987350 507403551
#r 0 3.6561394657
434036903 507431566
#r 0 3.0961538875
-118050258 19266698
#r 0 0.7053703882
-118050258 18266698
#r 0 5.8019249378
-118778206 18646843
#r 0 0.2889570244
-797637337 -148047045
#r 0 1.5816275753
-797637337 -147047045
#r 0 6.1030764904
-797648190 -147045069
#r 0 0.2217076268
-297627869 -312378482
#r 0 1.1134779847
-297627869 -311378482
#r 0 1.0388071331
-294625618 -306277750
#r 0 2.1166278128
526708312 738674488
#r 0 2.8888466236
526708312 737674488
#r 0 2.2212776516
525761211 738919095
#r 0 2.2262390762
902408713 326691638
#r 0 3.4210373264
902408713 325691638
#r 0 3.8697419356
904062598 327166226
#r 0 4.0778796907
194389026 724215994
#r 0 4.8153519040
194389026 723215994
#r 0 0.2279098103
194489936 723239399
#r 0 5.1244466659
479784988 -770379991
#r 0 5.6842077795
479784988 -769379991
#r 0 4.4577956293
479564005 -770229140
#r 0 4.6092344525
-131810955 348029062
#r 0 4.2598781517
-131810955 347029062
#r 0 5.9424731197
-132225636 347176082
#r 0 5.0758524717
586522933 -217901995
#r 0 1.4486372070
586522933 -216901995
#r 0 3.2089040973
586646728 -216893650
#r 0 3.3313250318
-187748036 23994930
#r 0 3.8024517294
-187748036 22994930
#r 0 4.0801345595
-186046107 25318149
#r 0 5.5952324671
352205545 -810872443
#r 0 2.1736911127
352205545 -809872443
#r 0 6.0824713167
351405033 -809709576
#r 0 6.0510900889
-281264150 625950435
#r 0 1.1206312590
-281264150 624950435
#r 0 1.8190984175
-281430442 625606330
#r 0 5.0116866676
805993669 -555805939
#r 0 2.3722592404
805993669 -554805939
#r 0 3.0864064052
804898539 -554745441
#r 0 3.1418740963
109176579 830254230
#r 0 4.8064172764
109176579 829254230
#r 0 2.9621821701
109272526 829236829
#r 0 6.0018538762
454603456 -115132683
#r 0 2.2532823301
454603456 -114132683
#r 0 1.6340552575
454672153 -115217204
#r 0 3.1536764521
-841858840 456991149
#r 0 5.0312485728
-841858840 455991149
#r 0 0.5162403927
-841580811 456148953
#r 0 0.3875634260
-394302774 -111391377
#r 0 2.1042836627
-394302774 -110391377
#r 0 4.7312737976
-394283263 -111424412
#r 0 2.1606869121
-44928054 515757560
#r 0 4.8992424466
-44928054 514757560
#r 0 5.7296621795
-44713985 514625273
#r 0 3.0215617909
-121117037 -740886462
#r 0 5.8432130452
-121117037 -739886462
#r 0 3.1542452828
-123185717 -739912638
#r 0 3.0945945652
-104972969 -794518837
#r 0 6.2786644170
-104972969 -793518837
#r 0 1.3737056223
-105172472 -794517935
#r 0 0.0550776203
-228728329 -70115130
#r 0 0.1733147752
-228728329 -69115130
#r 0 2.0397407940
-228262967 -70033658
#r 0 5.8700531961
211817052 -353830981
#r 0 4.1937261669
211817052 -352830981
#r 0 5.3526156313
212140213 -353264814
#r 0 4.8636156479
714039536 -444378998
#r 0 4.2841562509
714039536 -443378998
#r 0 2.5850932884
714395061 -443600164
#r 0 2.4644624747
210279624 -719446913
#r 0 0.3762863775
210279624 -718446913
#r 0 0.5716595479
206250605 -721038831
#r 0 1.7692907360
-252990652 907596128
#r 0 5.2669227934
-252990652 906596128
#r 0 3.1412311535
-252371153 906595904
#r 0 5.2619748648
-111775591 385835601
#r 0 5.1675604044
-111775591 384835601
#r 0 5.4118306406
-110605350 383444666
#r 0 5.8261528510
-751715650 246572132
#r 0 5.2799065709
-751715650 245572132
#r 0 1.0664546771
-751419831 246108082
#r 0 5.5907948417
734240015 -107718197
#r 0 1.8987772254
734240015 -106718197
#r 0 3.6628982179
733955369 -106881668
#r 0 2.8862862783
451097033 876365304
#r 0 4.8895988591
451097033 875365304
#r 0 4.9196725930
452303571 869628197
#r 0 4.4129441790
-213751703 -188883800
#r 0 3.3951231793
-213751703 -187883800
#r 0 0.4126404843
-219348674 -190334009
#r 0 3.4979340150
-871609781 -439190600
#r 0 0.7326309169
-871609781 -438190600
#r 0 6.2022940616
-870590137 -438273261
#r 0 0.7222274385
873731973 -187795839
#r 0 2.6097151803
873731973 -186795839
#r 0 1.1421977642
873371870 -187583939
#r 0 4.1740176852
476321941 -514170025
#r 0 4.1501148955
476321941 -513170025
#r 0 4.7138910030
476323439 -514167647
#r 0 6.1327340199
648529161 -258031637
#r 0 1.5455824515
648529161 -257031637
#r 0 2.7484101912
648554119 -257041989
#r 0 0.9166742730
-947200162 54478327
#r 0 0.4743917765
-947200162 53478327
#r 0 5.8857860367
-948271704 53928086
#r 0 6.0390719620
-72923073 965837855
#r 0 4.7031886661
-72923073 964837855
#r 0 4.0165239375
-72932376 964826717
#r 0 4.1274878161
533900477 -572149686
#r 0 3.5737637201
533900477 -571149686
#r 0 0.1036989452
536700193 -570858313
#r 0 4.9050244509
-787439174 -505763987
#r 0 1.7603606134
-787439174 -504763987
#r 0 1.5385620047
-787466780 -505620107
#r 0 1.5629079168
-244124713 -774407860
#r 0 2.5672413048
-244124713 -773407860
#r 0 0.5777415698
-244894494 -773909715
#r 0 2.9642600460
912688030 366379819
#r 0 3.5789755207
912688030 365379819
#r 0 4.2224674867
913398472 366712013
#r 0 3.8478795198
65744808 676218049
#r 0 0.1736965594
65744808 675218049
#r 0 4.8249644110
65633954 676198598
#r 0 4.8866365143
-530446177 836542796
#r 0 4.3949660715
-530446177 835542796
#r 0 4.3511269289
-532963459 828880577
#r 0 4.2460663110
-415563059 -298865844
#r 0 1.3152510194
-415563059 -297865844
#r 0 1.5681395773
-415565743 -298876118
#r 0 1.4892529842
-886033412 -228132643
#r 0 5.3854945555
-886033412 -227132643
#r 0 0.2454233387
-886698009 -227299106
#r 0 5.2091369811
-277974413 -935647969
#r 0 0.0940927204
-277974413 -934647969
#r 0 0.2128800819
-286185683 -936422878
#r 0 2.4574187108
200104270 740576328
#r 0 0.0724637487
200104270 739576328
#r 0 0.0203667190
180955001 739186266
#r 0 0.1806765253
-138670661 -326693416
#r 0 0.4537419510
-138670661 -325693416
#r 0 4.2721013905
-139282331 -326991714
#r 0 0.6298554475
-420259027 -893966584
#r 0 1.3136434627
-420259027 -892966584
#r 0 1.5486017239
-420283272 -894058778
#r 0 1.1809990156
-798050443 -196980374
#r 0 0.1971401089
-798050443 -195980374
#r 0 0.4916798294
-801028286 -197575152
#r 0 5.3266093158
-402542994 -134498653
#r 0 0.8010277130
-402542994 -133498653
#r 0 1.5984841130
-402516069 -134470872
#r 0 1.7951140060
508744237 816338581
#r 0 3.1353122723
508744237 815338581
#r 0 3.0502093074
497028889 816412159
#r 0 3.0016304347
-397593185 913590386
#r 0 6.2635527821
-397593185 912590386
#r 0 6.2316405873
0 0
#r 0 3.4722879621
-443314379 -868631678
#r 0 1.4813919723
-443314379 -867631678
#r 0 1.1390377790
-443203082 -867390122
#r 0 1.0718375964
-533147680 613971414
#r 0 1.9734381387
-533147680 612971414
#r 0 3.8843420799
-532841500 613252531
#r 0 3.7274068897
-770932227 -336799630
#r 0 4.0994667594
-770932227 -335799630
#r 0 4.0340967802
-765406566 -328942615
#r 0 4.0423387466
-313801222 -169811900
#r 0 3.8486239886
-313801222 -168811900
#r 0 2.4338190848
-313216442 -169312276
#r 0 2.4384946077
396351162 236536477
#r 0 2.8292561315
396351162 235536477
#r 0 1.5082206765
396412577 236516646
#r 0 5.0576226106
653214263 -656222690
#r 0 4.2299731395
653214263 -655222690
#r 0 1.5625446426
653205879 -656238700
#r 0 3.2734523878
-126037657 252119065
#r 0 6.2330850100
-126037657 251119065
#r 0 0.3690568531
-123748913 252004302
#r 0 0.0739105941
795662488 -210263076
#r 0 1.6405356060
795662488 -209263076
#r 0 0.8235974735
795597533 -209333193
#r 0 1.8351256077
-552602322 134431660
#r 0 5.4233911822
-552602322 133431660
#r 0 6.0032507136
-551457619 133102577
#r 0 5.9691305447
-25074801 475442830
#r 0 4.2106417581
-25074801 474442830
#r 0 5.2733058083
-25367653 474908986
#r 0 2.0381767377
-581753711 58339560
#r 0 1.7608392403
-581753711 57339560
#r 0 6.2778591572
-581561149 57338534
#r 0 0.5104311977
-123676106 -141587957
#r 0 1.1821344279
-123676106 -140587957
#r 0 0.4980503884
-123149313 -140301501
#r 0 0.4524723869
-770394741 -202777594
#r 0 6.1950624742
-770394741 -201777594
#r 0 0.3573091432
-772560718 -202586226
#r 0 6.1858330776
226219170 40973701
#r 0 0.0892674243
226219170 39973701
#r 0 1.0657219742
226800867 41025766
#r 0 5.1765738870
-730767039 -317649186
#r 0 4.7771572755
-730767039 -316649186
#r 0 0.6580754959
-730828801 -316696930
#r 0 0.3641559315
313987082 -595303530
#r 0 4.3635171290
313987082 -594303530
#r 0 4.2370574236
315227430 -591893642
#r 0 5.8748172705
422385780 609464897
#r 0 1.6582230751
422385780 608464897
#r 0 1.6422117901
421996640 613904596
#r 0 5.1590148640
-283682688 -708434606
#r 0 2.3584290593
-283682688 -707434606
#r 0 2.3345330637
-263169164 -728856657
#r 0 3.2514967200
-165174039 -771223105
#r 0 6.2320813514
-165174039 -770223105
#r 0 2.6051355869
-163334029 -771317219
#r 0 2.9765141408
-595802012 -385074130
#r 0 1.2689255204
-595802012 -384074130
#r 0 3.5485881465
-595442348 -383919092
#r 0 0.9756382045
277214466 -802769623
#r 0 6.0551453302
277214466 -801769623
#r 0 1.4696866557
277115344 -802746619
#r 0 6.1919291331
-49223034 10182434
#r 0 4.7154854249
-49223034 9182434
#r 0 1.1232096287
-49219957 9188843
#r 0 4.7425228208
606551053 -19018638
#r 0 3.2822287896
606551053 -18018638
#r 0 3.8707365665
605220923 -19206945
#r 0 1.4264606877
-355498144 909755308
#r 0 5.8260658439
-355498144 908755308
#r 0 5.9354241406
-347768546 905953380
#r 0 2.5972622128
47076853 -733059593
#r 0 3.0946467575
47076853 -732059593
#r 0 3.1828341222
35744802 -732527209
#r 0 2.5005471083
-374230082 240356462
#r 0 5.3242077019
-374230082 239356462
#r 0 1.4639485437
-374137048 240223864
#r 0 6.2705621638
57914385 673072022
#r 0 2.6123738457
57914385 672072022
#r 0 4.5811048882
58036962 673000331
#r 0 0.3469642511
-434227853 -134865342
#r 0 0.9920665400
-434227853 -133865342
#r 0 0.9449238589
-427428686 -124458790
#r 0 1.0529954467
-803935016 3201268
#r 0 5.4276455472
-803935016 2201268
#r 0 1.5121541490
-803880023 3137964
#r 0 0.1165244367
612533705 664406426
#r 0 2.3260726168
612533705 663406426
#r 0 2.6778345666
614313077 662516494
#r 0 4.9912337633
-128789750 -864403732
#r 0 1.0929821038
-128789750 -863403732
#r 0 0.1474591242
-128228764 -863320405
#r 0 2.6046536857
49745228 181238661
#r 0 0.0482357653
49745228 180238661
#r 0 4.1166721958
50446027 181272491
#r 0 4.6059936864
582907428 511612935
#r 0 3.4953931364
582907428 510612935
#r 0 3.6973063926
586881152 513080596
#r 0 4.9102250787
616180789 -199370439
#r 0 3.3040070360
616180789 -198370439
#r 0 2.3738320472
617066379 -199225328
#r 0 3.3738511621
144982153 -279834439
#r 0 1.6892152477
144982153 -278834439
#r 0 1.5944815980
145011732 -280083056
#r 0 1.7249516316
-152837913 140842892
#r 0 6.0533389536
-152837913 139842892
#r 0 6.2480408718
-147808298 139666056
#r 0 5.9376393284
549838263 -730153584
#r 0 5.4866096983
549838263 -729153584
#r 0 4.2018721781
549482163 -729789434
#r 0 5.6391229453
-591139324 -247371007
#r 0 0.0242436026
-591139324 -246371007
#r 0 0.0222425548
-91671234 -235259728
#r 0 1.2234056940
-753947354 98952221
#r 0 2.8442413761
-753947354 97952221
#r 0 2.6978477108
-759867066 100766236
#r 0 2.7744798207
-98352464 -743450637
#r 0 1.3267949142
-98352464 -742450637
#r 0 1.2534756615
-97323427 -739317327
#r 0 6.0926104186
611104978 -524723090
#r 0 5.7325716693
611104978 -523723090
#r 0 5.8918310102
606137537 -521673331
#r 0 5.8663199486
-276948858 -364114257
#r 0 0.9021666793
-276948858 -363114257
#r 0 3.8785815032
-274157105 -360580510
#r 0 6.1117873208
-558362802 302376104
#r 0 1.9710256247
-558362802 301376104
#r 0 2.0547016245
-556193927 297249509
#r 0 2.0416414184
-267275647 10250653
#r 0 5.8856280828
