701687785 -541700890
#r 0 1.6469533542
697883613 -491845817
#r 0 2.8288024515
650309679 -476460085
#r 0 4.1490515879
623609136 -518733966
#r 0 1.5409210914
624355906 -493745122
#r 0 3.5667506172
624355906 -493745122
#r 0 2.7312371424
624355906 -493745122
#r 0 0.6986790348
624355906 -493745122
#r 0 3.2077667396
624355906 -493745122
#r 0 3.2086845941
624355906 -493745122
#r 0 1.5032671486
625407982 -478189228
#r 0 1.8754964737
621663644 -466283304
#r 0 3.6168798639
621663644 -466283304
#r 0 1.4833471487
622991180 -451141369
#r 0 1.4397914916
625423975 -432677460
#r 0 0.5430986424
625423975 -432677460
#r 0 0.5048131164
625423975 -432677460
#r 0 1.5054968352
627067076 -407550695
#r 0 1.5177760711
628994085 -371239990
#r 0 2.7183194496
628994085 -371239990
#r 0 3.9271948445
628994085 -371239990
#r 0 4.1890019586
-499127383 633119407
#r 0 4.6492413850
-502282665 583219064
#r 0 4.0158770272
-534359963 544864834
#r 0 4.0070791104
-566773453 506794299
#r 0 4.5121219282
-576720006 457793625
#r 0 4.7929588909
-572695868 407955825
#r 0 6.2469500603
-522728689 406144459
#r 0 1.7866765293
-533439053 454983870
#r 0 6.1967223749
-483625833 450666108
#r 0 6.2411281878
-433670047 448563872
#r 0 6.2447636531
-383706948 446643262
#r 0 3.6736153506
-405251517 433961324
#r 0 4.6834979929
-405251517 433961324
#r 0 0.5323357786
-394481218 440305665
#r 0 0.5586472569
-389181387 443618412
#r 0 0.4849419517
-386414688 445076209
#r 1 -385985727 445412852
-483608482 -622730427
#r 0 5.6230521125
-444112954 -653391530
#r 0 5.6299005641
-404408373 -683781433
#r 0 2.4780191416
-424103278 -668383034
#r 0 2.6702766460
-435241601 -662706693
#r 0 5.8085938668
-429681766 -665563089
#r 0 5.8134248807
-426894952 -666977856
#r 0 5.8266359200
-425492317 -667666772
#r 1 -425941355 -667445370
-400050622 -282770132
#r 0 5.8247922986
-355212384 -304895511
#r 0 2.2975246075
-371823085 -286211706
#r 0 5.7007128706
-361384272 -293087835
#r 0 5.6819592516
-355890743 -296856056
#r 0 5.6669209115
-352598815 -299187677
#r 0 5.6916001480
-349993369 -300938156
#r 0 5.6844730204
-347288134 -302783797
#r 0 5.7047286661
-343854840 -305025617
#r 0 5.6993271673
-339116491 -308156228
#r 0 3.6619255946
-339116491 -308156228
#r 0 1.9886980283
-340268913 -305561023
#r 0 5.6374276617
-339135010 -306415455
#r 0 5.6437482436
-338436545 -306934882
#r 0 5.6333356262
-337880075 -307357781
#r 0 5.6334078754
-337294132 -307803012
#r 0 5.6354285982
-336553999 -308363049
#r 0 5.6840976368
-335492441 -309087879
#r 0 5.6536397104
-333980167 -310189448
#r 0 4.3718332150
-333980167 -310189448
#r 0 5.6851629873
-331697465 -311744510
#r 0 5.6670565292
301295572 728310821
#r 0 6.2323280125
351230924 725769052
#r 0 6.2619114909
401219610 724705441
#r 0 4.2393762516
378441096 680195450
#r 0 0.4825511981
400586444 691796464
#r 0 0.4724338100
415241275 699285544
#r 0 0.4409482757
428368167 705480643
#r 0 0.4949892344
443004839 713381723
#r 0 0.4627377875
462374588 723044579
#r 0 0.5561382074
488353628 739192703
#r 0 3.7304511711
475635200 730698018
#r 0 3.6687764620
469019217 726846588
#r 0 3.6551323120
465685214 724966160
#r 1 466007355 725124715
538670319 187274473
#r 0 3.3999804184
490330159 174498364
#r 0 0.8955703102
505957003 194012506
#r 0 3.5624007905
494547515 188906279
#r 0 0.1440770142
500732757 189803648
#r 0 5.3072451975
500732757 189803648
#r 0 0.8746880677
500732757 189803648
#r 0 4.0371512796
500732757 189803648
#r 0 0.1657276508
504041168 190357019
#r 0 3.4596068572
502448080 189832595
#r 0 4.1273323903
502448080 189832595
#r 0 0.1353448126
503279003 189945748
#r 0 0.1981055338
503703558 190030972
#r 0 0.8834912639
503703558 190030972
#r 0 0.9272224300
503703558 190030972
#r 0 0.8640551398
503703558 190030972
#r 0 0.1875833241
503934114 190074735
#r 0 3.5677918701
503827274 190026227
#r 0 0.9445706822
503861659 190073762
#r 0 3.5944763621
503835283 190060927
#r 0 0.9163308292
503844211 190072563
#r 0 3.5747214120
-356518068 -65592954
#r 0 1.7501666430
-365438569 -16395143
#r 0 4.9201225467
-360282501 -40857664
#r 0 4.8598629380
-358444274 -53231924
#r 0 4.6712624381
-358701452 -59481739
#r 0 1.4924342276
-358456621 -56363785
#r 1 -358489792 -56169102
-276446552 932869643
#r 0 4.1047605788
-304992651 891819427
#r 0 5.4514243079
-271313890 854863493
#r 0 5.8008070360
-227019181 831669124
#r 0 5.8354656728
-181947349 810023571
#r 0 5.7800249754
-138144197 785913741
#r 0 2.5631731487
-159077391 799581272
#r 0 5.5753637811
-149580140 791454020
#r 0 2.4458314808
-154377428 795460082
#r 1 -154775524 795995610
-550539604 -271667289
#r 0 4.3612930238
-567735960 -318617106
#r 0 5.5803735512
-529584571 -350935390
#r 0 0.9475938141
-500402639 -310334714
#r 0 1.2634752254
-485277322 -262677345
#r 0 6.2321326636
-435342467 -265228868
#r 0 5.8774352951
-389402136 -284964267
#r 0 2.3075197561
-406198752 -266447419
#r 0 3.9025615964
-406198752 -266447419
#r 0 2.2469887435
-415326193 -255072005
#r 0 3.9446292194
-415326193 -255072005
#r 0 3.0525172293
-415326193 -255072005
#r 0 0.5415688894
-415326193 -255072005
#r 0 2.2906686583
-422725317 -246633627
#r 0 4.7095832582
-422725317 -246633627
#r 0 4.7340454304
-422725317 -246633627
#r 0 5.6515282351
-418196600 -249947089
#r 0 2.0340721424
-419450424 -247437109
#r 0 1.4952145821
-419323114 -245755913
#r 0 3.0982731290
-419323114 -245755913
#r 0 3.9552930131
-419323114 -245755913
#r 0 1.4380956763
-618319202 -169265767
#r 0 1.7767035476
-628541967 -120321972
#r 0 4.7698295306
-627106743 -145280740
#r 0 1.7311158487
-629102163 -132941037
#r 0 1.8910401388
-631090347 -126946392
#r 0 1.7211226655
-631621825 -123437571
#r 0 1.7522651291
-632017147 -121283078
#r 0 1.7036201238
-632255901 -119496140
#r 0 2.4975730361
-632255901 -119496140
#r 0 5.1897650122
-631841749 -120296774
#r 0 0.9863349477
-631841749 -120296774
#r 0 4.7628479373
-631816485 -120797025
#r 0 0.2945791531
-631816485 -120797025
#r 0 1.7311458318
-631856472 -120549794
#r 0 1.7138291670
-631874536 -120424365
#r 0 1.2659639427
-631854767 -120361534
#r 0 0.2634964666
-631854767 -120361534
#r 0 2.4719457754
-631854767 -120361534
#r 0 0.5644193077
-631854767 -120361534
#r 0 0.6273528280
-631828029 -120342147
#r 0 0.1418667492
-631804567 -120338796
#r 0 5.4011356009
755102565 -188650360
#r 0 3.0780957018
705203328 -185477645
#r 0 3.0568430913
655382783 -181245238
#r 0 3.6971271892
612901851 -207615114
#r 0 0.5359929586
634395899 -194847740
#r 0 1.4134118969
634395899 -194847740
#r 0 0.5965615349
644740750 -187822543
#r 0 0.5490949661
650076480 -184557819
#r 0 0.6184619536
652624840 -182744433
#r 1 652476171 -183009599
380790345 -501424583
#r 0 1.0300487854
406529196 -458558378
#r 0 2.0964105623
381441975 -415307582
#r 0 2.0774090468
357181064 -371587927
#r 0 2.0960351944
332110080 -328327717
#r 0 0.7846896247
367490461 -292997437
#r 0 0.7310789719
404713183 -259613774
#r 0 1.1096426474
426962261 -214836788
#r 0 3.0300733895
377272853 -209272375
#r 0 4.7385467138
378580591 -259255270
#r 0 2.6998304096
333380609 -237878610
#r 0 1.5370225768
335068975 -187907124
#r 0 4.3227110549
325571713 -211032910
#r 0 1.3122008465
328768250 -198948535
#r 0 3.1285532838
328768250 -198948535
#r 0 2.6245374821
328768250 -198948535
#r 0 3.8114597366
323868850 -202829046
#r 0 3.0628867289
323868850 -202829046
#r 0 3.0645329024
323868850 -202829046
#r 0 3.0411438325
323868850 -202829046
#r 0 3.0397787281
323868850 -202829046
#r 0 3.0294496974
-579009961 358478730
#r 0 3.6923438105
-621616544 332312357
#r 0 5.3874382932
-590369753 293278550
#r 0 4.4905362080
-601371621 244503978
#r 0 5.2991805455
-573687014 202867906
#r 0 5.3979768926
-542030604 164165558
#r 0 4.0537157745
-572634012 124625307
#r 0 4.0661668652
-602742741 84707085
#r 0 2.3218158785
-636861961 121256761
#r 0 1.8828182424
-652211138 168842502
#r 0 0.2954567290
-604377675 183401343
#r 0 0.2930894553
-556509882 197846908
#r 0 3.4802046297
-580090297 189542453
#r 0 0.3928136395
-568542352 194327318
#r 0 0.1554742988
-562349629 195297961
#r 0 3.2753526517
-565455798 194879984
#r 0 3.2897090137
-567006453 194648612
#r 1 -566902812 194606703
299350043 -849072587
#r 0 0.2194875536
348150501 -838186112
#r 0 2.0503425220
325081671 -793825893
#r 0 1.6808400239
319590584 -744128328
#r 0 5.8883994271
365744531 -763358855
#r 0 2.8226567697
342005292 -755519948
#r 0 2.8087752381
330123480 -751412692
#r 0 5.9170611363
335992704 -753663017
#r 0 2.1232540561
334343361 -750987648
#r 0 5.8472814584
335767870 -751651165
#r 0 1.2591798369
335767870 -751651165
#r 0 1.2295359406
335767870 -751651165
#r 0 4.6595555334
335767870 -751651165
#r 0 1.2460579978
335767870 -751651165
#r 0 4.6847075679
335767870 -751651165
#r 0 5.8734197167
336696263 -752054415
#r 0 1.2097285283
336696263 -752054415
#r 0 5.9009089490
337510763 -752381888
#r 0 2.8440763522
337091113 -752253216
#r 0 2.8243434567
336881107 -752184263
#r 0 1.2562054774
336881107 -752184263
#r 0 5.8943247310
547958642 -796389549
#r 0 3.1984652254
498039482 -799231645
#r 0 3.1955314843
448112199 -801927279
#r 0 6.1957739625
473016751 -804109781
#r 0 3.0265578088
460599366 -802675015
#r 0 3.0730451666
454359288 -802246602
#r 0 6.2529733305
457485244 -802341072
#r 1 457187178 -802401321
120566706 -818818612
#r 0 1.6886283085
114688731 -769165320
#r 0 0.7850689336
150055708 -733821623
#r 0 0.8033036419
184772359 -697838931
#r 0 3.8849974871
166368149 -714758889
#r 0 0.7185266049
175777854 -706530437
#r 0 0.7468755948
180367035 -702281877
#r 0 3.8148418383
177922399 -704231612
#r 0 0.6452951107
179171487 -703291290
#r 1 179596811 -702968943
137093106 -178832048
#r 0 0.4738702250
181583548 -156015375
#r 0 1.5334908197
183448391 -106050163
#r 0 1.5376692812
185104440 -56077596
#r 0 4.6846969956
184412229 -81068010
#r 0 1.4839941650
185495894 -68615073
#r 0 4.6171579957
184901600 -74836753
#r 0 4.6306303383
184646371 -77951535
#r 0 1.4952830995
184764257 -76393378
#r 1 184750295 -76912419
-671832205 450572368
#r 0 4.6007710630
-677401520 400883509
#r 0 4.7983382588
-673109345 351068077
#r 0 4.3715223156
-689824546 303944813
#r 0 4.5494631953
-697934843 254606967
#r 0 3.0112993216
-747511034 261103217
#r 0 2.9476316310
-796573457 270740574
#r 0 0.1574351815
-771882641 274660215
#r 0 5.3108126546
-771882641 274660215
#r 0 5.3283876861
-771882641 274660215
#r 0 5.2715020231
-771882641 274660215
#r 0 5.3110659992
-771882641 274660215
#r 0 5.3023689294
-771882641 274660215
#r 0 5.3110733483
-771882641 274660215
#r 0 5.2836201497
-771882641 274660215
#r 0 5.2935337455
-771882641 274660215
#r 0 5.3253160096
-771882641 274660215
#r 0 5.3015796719
-771882641 274660215
#r 0 5.3336222847
-771882641 274660215
#r 0 5.2943972030
-771882641 274660215
#r 0 5.2883158559
-771882641 274660215
#r 0 0.1974257564
-468532303 -84888903
#r 0 2.7675830925
-515075800 -66621366
#r 0 1.0578507892
-490538509 -23056227
#r 0 1.7115362706
-497552298 26449397
#r 0 0.1675191760
-448252226 34786235
#r 0 0.1623391109
-398909630 42867585
#r 0 6.1454800073
-349382950 36004060
#r 0 2.9825983201
-374067625 39962193
#r 0 3.0605555206
-386532248 40974507
#r 0 2.9952571137
-392725991 41887397
#r 1 -393497821 42170913
242220329 -192797614
#r 0 5.9213778573
288983258 -210495876
#r 0 2.7580971324
265799198 -201141767
#r 0 2.8418111505
253851069 -197448638
#r 0 2.7775004325
247998524 -195218338
#r 0 5.9814483684
250988599 -196148970
#r 1 250532173 -195998380
474168597 127670696
#r 0 2.7243372856
428458364 147933337
#r 0 2.6939395118
383385093 169575893
#r 0 5.8567195437
406145927 159234501
#r 0 5.7859901073
417137405 153269798
#r 0 5.8217347797
422740716 150483514
#r 0 2.6900497163
419925396 151848830
#r 0 5.8282083189
421330703 151161342
#r 1 421593167 151035788
595496296 -707793242
#r 0 3.5631843670
549874359 -728253908
#r 0 2.5773641635
507624288 -701515706
#r 0 2.2783838093
475124172 -663519095
#r 0 2.4513079867
436570933 -631681260
#r 0 2.1376950739
409720007 -589502737
#r 0 4.0334551819
378321826 -628414872
#r 0 1.0151212983
391509748 -607176258
#r 0 4.2061931269
385449077 -618108699
#r 0 4.1012803547
381854212 -623240040
#r 1 381934226 -623033247
677928845 -196320030
#r 0 5.7394887359
720718959 -222185183
#r 0 5.7483545272
763736704 -247669956
#r 0 2.0399587327
752433220 -225371273
#r 0 5.6397025111
762433357 -232871090
#r 0 2.9178172702
756339192 -231484137
#r 0 2.0211063397
756339192 -231484137
#r 0 1.9901274642
756339192 -231484137
#r 0 5.6039852373
758770677 -233447170
#r 0 5.6771967509
760294432 -234503078
#r 0 5.6719988184
761396117 -235275014
#r 0 3.4074504665
761396117 -235275014
#r 0 5.6407646767
762444225 -236059327
#r 0 1.2268652905
762444225 -236059327
#r 0 1.2999993118
762444225 -236059327
#r 0 5.6135090636
763694057 -237048853
#r 0 2.0972645748
763293546 -236359723
#r 0 5.6325815584
763610664 -236601100
#r 0 5.6274551207
763791160 -236739953
#r 0 5.6515781822
763921827 -236835546
#r 0 5.6157175473
764044370 -236932127
#r 0 5.6918768377
134234208 -184258840
#r 0 2.6361063913
90487252 -160047193
#r 0 0.8445729248
123689785 -122662814
#r 0 4.2467669909
112465319 -145001375
#r 0 1.6392515817
111610297 -132530653
#r 0 6.0569742257
111610297 -132530653
#r 0 0.8080388555
111610297 -132530653
#r 0 2.3052588058
111610297 -132530653
#r 0 2.2961420411
106436585 -126695007
#r 0 3.9483133041
106436585 -126695007
#r 0 3.6435390239
106436585 -126695007
#r 0 2.3196238881
100405514 -120205860
#r 0 4.2790493516
100405514 -120205860
#r 0 0.7895563587
100405514 -120205860
#r 0 4.5193398515
100405514 -120205860
#r 0 3.8031040201
100405514 -120205860
#r 0 0.1387565739
100405514 -120205860
#r 0 2.3469940510
92204087 -111852114
#r 0 0.1274965192
92204087 -111852114
#r 0 2.5613897485
78283041 -102727446
#r 0 0.7263135644
78283041 -102727446
#r 0 0.5256287015
-222667336 -46611794
#r 0 0.2727037111
-174515026 -33144983
#r 0 0.8239043714
-140546959 3545212
#r 0 0.8479986467
-107472689 41043114
#r 0 5.8320674801
-62474673 19244524
#r 0 2.9477695174
-87006548 24059820
#r 0 2.9357807661
-100023420 26777326
#r 0 2.9725859122
-107955577 28130825
#r 0 2.9406839080
-114286282 29420113
#r 0 2.9440197283
-120891683 30742412
#r 0 6.0884512789
-117587119 30090641
#r 1 -117141939 29961301
219528894 970092025
#r 0 3.0602870508
169694068 974152828
#r 0 5.7253317582
190903901 960918668
#r 0 4.1643720905
190903901 960918668
#r 0 4.3192803791
190903901 960918668
#r 0 5.2468660171
198559782 947985276
#r 0 4.2796293713
198559782 947985276
#r 0 4.1178008991
198559782 947985276
#r 0 2.9689065913
198559782 947985276
#r 0 2.9574364502
198559782 947985276
#r 0 5.7746589251
211866926 940567533
#r 0 5.7356172708
224888330 932627549
#r 0 5.7076652999
240762961 922328340
#r 0 5.7181515509
262836225 908334241
#r 0 3.5943114947
262836225 908334241
#r 0 3.5879893188
262836225 908334241
#r 0 5.6935543948
294182520 887362905
#r 0 5.7400061724
341879654 858565315
#r 0 5.9297605609
419540145 829915238
#r 0 2.7994923335
380550170 843799637
#r 0 2.7730340964
361243188 851256105
#r 0 2.7758339952
-384209398 -106897359
#r 0 5.0262352041
-368773435 -154455019
#r 0 5.2104672162
-344886528 -198380133
#r 0 4.5365026123
-353635573 -247608724
#r 0 4.5158413769
-363399802 -296646055
#r 0 5.7116051250
-321347442 -323694142
#r 0 5.8028064186
-277006447 -346799903
#r 0 2.6684155511
-299259570 -335406988
#r 0 2.6014971903
-309980871 -328978931
#r 0 5.7840157621
-304493209 -331970940
#r 0 5.7067128172
-301868719 -333677222
#r 0 2.5522544362
-303169879 -332807269
#r 1 -302890842 -332994153
615373946 -411111791
#r 0 0.4247641060
660930745 -390506498
#r 0 4.1498017054
647596333 -411653447
#r 0 2.9505462348
647596333 -411653447
#r 0 0.5514704667
658243270 -405104194
#r 0 0.4750058741
664843145 -401710013
#r 0 3.2795708935
661167657 -402220393
#r 0 0.4492768843
662838909 -401414576
#r 0 2.4057895562
662838909 -401414576
#r 0 1.2129674248
662838909 -401414576
#r 0 1.6174922524
662838909 -401414576
#r 0 0.4704498558
663741813 -400955420
#r 0 2.9704421563
663242740 -400869159
#r 0 1.1619165432
663242740 -400869159
#r 0 4.1674270709
663242740 -400869159
#r 0 2.8218742758
662920613 -400762510
#r 0 3.8823247017
662920613 -400762510
#r 0 0.4492002499
662920613 -400762510
#r 0 2.1308431661
662920613 -400762510
#r 0 3.2667732180
662594602 -400803535
#r 0 0.4768483453
662740566 -400728128
#r 0 3.6718039822
326662212 790338362
#r 0 4.4429476182
313352562 742142374
#r 0 2.6840912313
268494615 764227767
#r 0 5.2846911011
282033834 743211357
#r 0 3.5732107579
282033834 743211357
#r 0 2.6318274838
271123096 749311010
#r 0 2.6024873888
264623943 753198894
#r 0 0.9359282582
264623943 753198894
#r 0 3.3302655656
264623943 753198894
#r 0 0.9320498295
264623943 753198894
#r 0 0.9098282218
264623943 753198894
#r 0 5.2766843366
266649117 749999312
#r 0 2.5834348859
265043142 751002061
#r 0 3.4381237779
265043142 751002061
#r 0 0.9623192295
265043142 751002061
#r 0 3.6742440430
265043142 751002061
#r 0 2.6418966269
264061636 751537873
#r 0 2.3228823818
263462632 752178176
#r 0 0.9136954884
263462632 752178176
#r 0 2.5700898784
262812417 752596323
#r 0 4.4606783371
262812417 752596323
#r 0 0.8870201944
340630368 -61653550
#r 0 1.5221338663
343062531 -11712739
#r 0 1.5617998649
343512348 38285238
#r 0 1.4719332177
348447455 88041089
#r 0 2.8978818067
299924994 100106362
#r 0 3.5362390691
253768366 80882272
#r 0 3.4883294518
206744033 63890741
#r 0 0.3713351696
230040125 72962239
#r 0 3.1927660149
217556489 72322851
#r 0 3.5125769094
211167054 69837387
#r 0 3.4776131410
207668698 68615531
#r 0 0.4817850230
209310589 69474046
#r 0 4.2527140258
208899586 68643811
#r 0 0.3350344174
208899586 68643811
#r 0 0.3343280269
208899586 68643811
#r 0 3.4930797510
208899586 68643811
#r 0 4.4831938244
208759724 68044303
#r 0 0.3471695334
208759724 68044303
#r 0 4.2584542962
208489711 67490903
#r 0 0.2333588940
208489711 67490903
#r 0 0.3332677804
208489711 67490903
#r 0 2.0334488754
-936931568 -253662529
#r 0 0.9111057229
-906287948 -214153435
#r 0 4.0023771572
-922584016 -233112288
#r 0 0.8542792711
-914374489 -223686067
#r 0 0.8780224212
-910382607 -218876630
#r 1 -911063387 -219478042
-55698254 -527054964
#r 0 2.0104852792
-76981155 -481810759
#r 0 5.1868863435
-65558871 -504048820
#r 0 2.0970799743
-71837913 -493240323
#r 1 -71499370 -493504803
-176767589 -188188183
#r 0 2.7609332649
-223188582 -169611546
#r 0 1.4269029581
-216018716 -120128286
#r 0 3.9996021890
-232367331 -139041845
#r 0 5.0162675864
-232367331 -139041845
#r 0 1.2353720143
-228252708 -127238462
#r 0 4.5978070543
-228967279 -133447478
#r 0 5.7632153695
-228967279 -133447478
#r 0 3.9973254633
-231113451 -135918969
#r 0 0.4659816892
-229651312 -135183628
#r 0 4.1598033995
-230080838 -135880155
#r 0 5.0460915500
-230080838 -135880155
#r 0 4.3032535053
-230286378 -136354183
#r 0 4.5784740436
-230348769 -136817294
#r 0 5.0167411793
-230172003 -137380042
#r 0 4.0218764021
-230172003 -137380042
#r 0 5.7722870737
-230172003 -137380042
#r 0 4.9967314470
-229928209 -138214205
#r 0 1.4341559234
-229869019 -137783726
#r 0 1.3049205612
-229802708 -137540226
#r 0 4.2978590408
-229853529 -137655722
#r 0 4.1348431383
133207554 429148051
#r 0 2.2888302514
100312289 466803085
#r 0 1.4561788346
106030624 516475015
#r 0 2.4326180429
68079131 549027806
#r 0 3.4324314451
20178947 534690011
#r 0 2.2313222077
-10497663 574173496
#r 0 2.2123998088
-40421704 614230353
#r 0 0.9207500672
-10160542 654033143
#r 0 4.7852653089
-6519950 604165858
#r 0 2.4000166803
-43390199 637938402
#r 0 2.4258734263
-81121274 670746419
#r 0 2.2925881986
-114157812 708277569
#r 0 5.4296319446
-97725077 689437049
#r 0 5.2451977057
-91375511 678669529
#r 0 2.1414962839
-94751963 683929157
#r 0 2.0321427028
-96145094 686731522
#r 1 -96634886 687413588
420725815 -425022251
#r 0 3.2955562698
371317265 -432690054
#r 0 1.5813002964
370792076 -382692812
#r 0 1.5957772899
369543158 -332708412
#r 0 0.0485213794
419484311 -330283295
#r 0 4.5236618321
410103871 -379395486
#r 0 2.4126230265
372810814 -346090412
#r 0 3.3504933251
323897840 -356459642
#r 0 2.3440289447
288975224 -320676813
#r 0 3.0867951207
239050274 -317938307
#r 0 3.0684916506
189183808 -314286511
#r 0 0.5081617614
211024818 -302122208
#r 0 1.2766351013
211024818 -302122208
#r 0 3.1489461362
198525157 -302214126
#r 0 4.3332329160
198525157 -302214126
#r 0 3.4322398219
191213041 -304401309
#r 0 3.1305356262
186167683 -304345520
#r 0 3.1313815476
180973719 -304292482
#r 0 3.1234038836
174507832 -304174862
#r 0 0.6118918972
177154637 -302317497
#r 0 3.1659096942
175538376 -302356807
#r 0 3.4599804905
-984543034 144270826
#r 0 5.7239155719
-942160894 117742459
#r 0 5.5979134075
-903448544 86098281
#r 0 2.1723721111
-917597102 106709402
#r 0 5.3217342599
-910442968 96459116
#r 0 5.3402487539
-906771409 91400770
#r 1 -906530658 90847164
366737756 485628537
#r 0 1.6309500068
363731886 535538103
#r 0 3.3346597518
314660868 525944608
#r 0 3.5766101283
269317734 504873296
#r 0 3.2847370768
219829118 497740492
#r 0 3.7057152246
177576215 471006765
#r 0 5.4852972744
212487224 435212611
#r 0 4.5575322897
204775299 385810929
#r 0 5.9997871583
252780839 371829936
#r 0 5.4964409076
288088549 336427032
#r 0 4.2875900202
267481668 290870952
#r 0 4.0070030208
235065281 252802883
#r 0 0.0720531223
284935546 256402423
#r 0 3.8741016504
247760602 222965564
#r 0 0.1829032116
272343597 227512692
#r 0 5.3425654831
272343597 227512692
#r 0 4.3542438743
272343597 227512692
#r 0 5.3532545128
272343597 227512692
#r 0 5.2908762669
272343597 227512692
#r 0 5.3183554883
272343597 227512692
#r 0 5.3369543795
272343597 227512692
#r 0 6.2176665619
-649282821 -270779598
#r 0 5.1517304810
-628015641 -316031195
#r 0 5.5985401001
-589283468 -347651106
#r 0 4.9746992202
-576317845 -395940780
#r 0 5.3743124715
-545586082 -435381352
#r 0 3.5909635576
-590622110 -457101301
#r 0 3.6050442843
-635347851 -479453216
#r 0 6.2707941084
-610349770 -479762988
#r 0 3.2039446912
-622825479 -480541884
#r 0 3.0311259479
-629071975 -479849034
#r 0 3.0575003936
-632205037 -479584945
#r 1 -632937306 -479518476
411724544 245564399
#r 0 2.9380213655
362757003 255672807
#r 0 0.1138820035
387595063 258513707
#r 0 5.4561877175
387595063 258513707
#r 0 3.7508216104
377343945 251360766
#r 0 4.4742450365
377343945 251360766
#r 0 4.4542892829
377343945 251360766
#r 0 6.1165207116
377343945 251360766
#r 0 4.4778991497
377343945 251360766
#r 0 4.5120047801
377343945 251360766
#r 0 6.1851860438
377343945 251360766
#r 0 5.5050053971
377343945 251360766
#r 0 4.1769165574
373463275 244819853
#r 0 5.5288385814
373463275 244819853
#r 0 0.1779122836
373463275 244819853
#r 0 0.1774191812
373463275 244819853
#r 0 4.4807412087
371713286 237400942
#r 0 1.9567310434
370278633 240931869
#r 0 1.9560575724
369334288 243260560
#r 0 6.2097091581
369334288 243260560
#r 0 5.5284010706
370249505 242399732
#r 0 3.7302307832
795592083 -315379132
#r 0 0.1841296677
844746882 -306224583
#r 0 0.5048464688
888509319 -282040930
#r 0 3.6603184228
866798029 -294435278
#r 0 3.6237138260
855720729 -300232139
#r 0 3.6156148997
850158351 -303085841
#r 1 850245382 -303074290
-521849662 466816098
#r 0 5.8439614408
-476595563 445554242
#r 0 1.1336206133
-455426438 490851793
#r 0 5.1962101817
-432168179 446590598
#r 0 5.2225785395
-407751045 402958000
#r 0 4.9667823897
-395168126 354567194
#r 0 1.8089049158
-401064751 378861839
#r 0 1.8505126597
-404516704 390879197
#r 0 1.7987285027
-405929467 396969657
#r 1 -405809756 396357471
-558514126 -706353026
#r 0 3.5668868270
-604059996 -726982464
#r 0 3.7714119922
-644466693 -756432402
#r 0 0.6069982177
-623932594 -742172290
#r 0 0.6540601405
-614007179 -734563161
#r 0 0.6710051025
-609109638 -730675045
#r 0 0.6822654293
-606681961 -728702764
#r 1 -606314867 -728554733
-218018041 -776753981
#r 0 5.0962328964
-199293670 -823115581
#r 0 1.2405076139
-183077863 -775818144
#r 0 2.3542834193
-218365571 -740395303
#r 0 5.4143441475
-202222775 -759484832
#r 0 4.9073270663
-199785419 -771829283
#r 0 1.1986529375
-197497790 -765968542
#r 0 5.9809384134
-197497790 -765968542
#r 0 4.8752623449
-196987703 -769072602
#r 0 4.8543584756
-196709835 -771016673
#r 0 2.6527546087
-196709835 -771016673
#r 0 4.8669745925
-196464935 -772588268
#r 0 4.8596750491
-196215004 -774272890
#r 0 4.8952881511
-195821545 -776400085
#r 0 4.8804656792
-195315490 -779382540
#r 0 5.4751177203
-192283564 -782555143
#r 0 2.0350977832
-193266121 -780593236
#r 0 2.3494253847
-194101958 -779746006
#r 0 4.9094548345
-193985448 -780329556
#r 0 5.6825328409
-193985448 -780329556
#r 0 2.3806698035
-194200921 -780124380
#r 0 4.9022100249
517252615 315449462
#r 0 5.7487516217
560280476 289981773
#r 0 5.5651511802
597935503 257086501
#r 0 2.4509184140
578665087 273012926
#r 0 2.3388742974
569974163 282010245
#r 0 5.2621598269
573242180 276677231
#r 0 2.1392269646
571558702 279312785
#r 0 2.1194093871
570742958 280647448
#r 1 570583858 280927527
-836634468 79323631
#r 0 5.9079070814
-790114184 60997061
#r 0 1.4129349742
-782253858 110375349
#r 0 1.4721405766
-777329068 160132222
#r 0 1.4652686207
-772062470 209854078
#r 0 1.4241913170
-764758450 259317714
#r 0 1.6425433251
-768342723 309189078
#r 0 1.0919472098
-745304821 353565367
#r 0 4.4814765826
-751026466 329228918
#r 0 5.7285190644
-751026466 329228918
#r 0 5.0342214984
-746837812 316666388
#r 0 4.3996686769
-750340043 305834619
#r 0 4.3660492157
-753448203 297222038
#r 0 4.3491762806
-756842266 288292059
#r 0 0.0365831954
-756842266 288292059
#r 0 0.0165734599
-756842266 288292059
#r 0 4.3577854968
-760983296 277107769
#r 0 4.3601247702
-766661459 261661043
#r 0 1.1525385724
-763319236 269180369
#r 0 4.3007553604
-764965407 265409719
#r 1 -765225023 264763805
-478957491 -425697431
#r 0 0.5501137527
-436334238 -399558221
#r 0 3.9554934872
-453500934 -417732502
#r 0 5.2209559197
-453500934 -417732502
#r 0 3.9630298350
-462585529 -427496683
#r 0 1.9605204408
-462585529 -427496683
#r 0 5.5455563371
-462585529 -427496683
#r 0 3.9454424509
-468300308 -433426346
#r 0 5.1541817314
-468300308 -433426346
#r 0 3.9192425217
-472990687 -438044598
#r 0 3.9278892004
-477834722 -442897344
#r 0 5.6421270574
-477834722 -442897344
#r 0 3.8930970056
-484131762 -448781363
#r 0 3.9443235741
-492349461 -457288987
#r 0 3.9787218877
-503837363 -470031472
#r 0 3.9408243184
-521561000 -488252379
#r 0 3.9396784868
-547977949 -515348318
#r 0 0.8311284976
-535224265 -501371381
#r 0 3.9982548588
-541420606 -508520378
#r 0 3.9527825144
-544680182 -511952585
#r 1 -544391764 -511553147
744680137 283363242
#r 0 3.7641100960
704059479 254209132
#r 0 3.5549634855
658270881 234124206
#r 0 3.6170133571
613815869 211238579
#r 0 6.2058699305
638741185 209307620
#r 0 3.1031535038
626250420 209787991
#r 0 3.0149652129
620041098 210578491
#r 0 2.9525176822
616966817 211166788
#r 0 6.0853393886
618501318 210859169
#r 1 618552017 210841377
787479252 -388621533
#r 0 3.8165032674
748441112 -419862909
#r 0 4.0484648269
717630503 -459241919
#r 0 4.0240567928
685868003 -497857247
#r 0 3.1587534832
635875365 -498715246
#r 0 1.2182866177
653138079 -451789787
#r 0 2.9088866375
604485783 -440259215
#r 0 2.6123334749
561326716 -415014514
#r 0 2.8025017837
514173843 -398383021
#r 0 4.3857620711
498131338 -445739520
#r 0 2.4386977837
459982635 -413418065
#r 0 3.2512026809
410282693 -418887599
#r 0 2.7851032826
363426305 -401438275
#r 0 2.8574822839
315430735 -387423095
#r 0 3.5300036672
269155135 -406359008
#r 0 1.9836302065
249094798 -360559631
#r 0 2.0388415862
226537666 -315937038
#r 0 1.2970480040
240054770 -267798821
#r 0 3.3632718297
191278289 -278792222
#r 0 2.0435215335
168512574 -234275683
#r 0 3.7354622895
127073497 -262254297
#r 0 3.7345957337
734374273 161323653
#r 0 4.1187999745
706407289 119876726
#r 0 0.3726539557
729691397 128978938
#r 0 0.4170722312
744631605 135598428
#r 0 0.3454620681
757660871 140287587
#r 0 0.6031797369
770582658 149188307
#r 0 2.9683044936
770582658 149188307
#r 0 0.6372425645
785929208 160548845
#r 0 4.1026500830
780462104 152722264
#r 0 0.6082202862
784379540 155449869
#r 0 4.1348478555
783076462 153450239
#r 0 0.3367399840
784202809 153844543
#r 0 0.5932500027
784872340 154295990
#r 0 0.4076568231
785448283 154544710
#r 0 3.2529615859
785136550 154509848
#r 0 0.5787648507
785267845 154595637
#r 0 2.9540389270
785267845 154595637
#r 0 0.3663532068
785355367 154629217
#r 0 0.3847261498
785413575 154652785
#r 0 0.3963029497
785465931 154674693
#r 0 4.1093607800
785449837 154651321
#r 0 0.6221859302
-835925574 -325109799
#r 0 5.4690671443
-801600081 -361465824
#r 0 5.5761215506
-763586454 -393946035
#r 0 5.8763864556
-717666848 -413729608
#r 0 5.8432546356
-672427788 -435023445
#r 0 1.6139974889
-674587174 -385070096
#r 0 5.0756586964
-665703862 -408438596
#r 0 5.7895939380
-665703862 -408438596
#r 0 0.5619589796
-665703862 -408438596
#r 0 5.0514469569
-661143602 -421369000
#r 0 1.5721239409
-661152703 -414513510
#r 0 5.0707161904
-659950564 -417723544
#r 0 5.5826853497
-658484325 -418959794
#r 0 5.0967325625
-657811604 -420623060
#r 0 5.0188722192
-657296518 -422250741
#r 0 5.8120213481
-657296518 -422250741
#r 0 5.0481593285
-656646283 -424113957
#r 0 1.6325077996
-656707136 -423129126
#r 0 5.5720845293
-656707136 -423129126
#r 0 1.5313910120
-656686300 -422600640
#r 0 5.7959405928
-656686300 -422600640
#r 0 5.8000702240
191098699 -491490599
#r 0 2.1647596791
163116201 -450054144
#r 0 2.1664512950
135063649 -408665084
#r 0 2.1625549837
107172574 -367167037
#r 0 2.1073019336
81615790 -324192035
#r 0 2.2131663777
51661051 -284158129
#r 0 5.3973571239
67477260 -303519109
#r 1 67433521 -304296335
76967052 -918743877
#r 0 3.9311302879
41758368 -954245265
#r 0 0.8282842292
58661890 -935825957
#r 0 3.9907257420
50403963 -945209806
#r 0 3.9691959088
46173110 -949813754
#r 0 0.9474605090
47998111 -947275353
#r 0 4.1012605133
47101172 -948555597
#r 1 46961143 -948760123
-458212991 -390070259
#r 0 4.9807179191
-444956964 -438281023
#r 0 5.5687463426
-407183917 -471040707
#r 0 4.6944722154
-408079707 -521032682
#r 0 4.6066043284
-413359080 -570753183
#r 0 1.4649896054
-410718845 -545892992
#r 0 4.5848404398
-412308882 -558291450
#r 0 1.4568890623
-411598500 -552081954
#r 0 4.5598555234
-412073321 -555170670
#r 0 1.4202397557
-411838964 -553625846
#r 1 -411868655 -553909056
-561441965 -303326039
#r 0 5.5139290763
-525520553 -338106093
#r 0 5.8221869035
-480740112 -360348218
#r 0 4.1519035246
-507319984 -402698075
#r 0 5.5981670607
-468599609 -434332432
#r 0 3.8965371417
-505015088 -468594844
#r 0 5.8643562500
-459336799 -488929394
#r 0 5.7866682426
-415374447 -512747698
#r 0 6.1794928807
-365643009 -517923033
#r 0 5.5915873338
-327131616 -549811473
#r 0 5.5792263168
-289017329 -582173505
#r 0 2.2412814007
-304551482 -562585497
#r 0 5.3831403803
-296781798 -572377432
#r 0 5.3454561862
-293084171 -577416286
#r 1 -293336619 -576915702
-143029320 -288205830
#r 0 1.0827524427
-119584368 -244043242
#r 0 1.9177869703
-136587836 -197023224
#r 0 4.8255509404
-133764821 -221863324
#r 0 0.6406822300
-133764821 -221863324
#r 0 0.1738463257
-133764821 -221863324
#r 0 4.8543045110
-131903084 -234893766
#r 0 0.4248654616
-131903084 -234893766
#r 0 4.8678916126
-130714806 -242473601
#r 0 2.0195240107
-132379027 -239017181
#r 0 2.0008886949
-133244373 -237130798
#r 0 1.0623763041
-133244373 -237130798
#r 0 0.2389756460
-133244373 -237130798
#r 0 1.5061630310
-133160139 -235829358
#r 0 2.6993694057
-133160139 -235829358
#r 0 1.0842456441
-132793788 -235136779
#r 0 3.7882878578
-133106437 -235372830
#r 0 4.8178566274
-133106437 -235372830
#r 0 4.8152699834
-133106437 -235372830
#r 0 4.8284955668
-133106437 -235372830
#r 0 1.0400072353
-133007282 -235203906
#r 0 4.8236322577
-217724255 370576245
#r 0 5.7325963228
-175113429 344416782
#r 0 5.7577668163
-131857723 319338027
#r 0 5.8457144213
-86566422 298155533
#r 0 2.8013605484
-110133352 306498180
#r 0 5.9557091034
-98297639 302477501
#r 0 5.9120193325
-92472285 300210243
#r 0 2.7545808028
-95366634 301389881
#r 1 -95506573 301388516
231282029 -813119927
#r 0 5.4093810649
263377739 -851458751
#r 0 5.3764350191
294193147 -890834005
#r 0 5.3281430517
323071860 -931650912
#r 0 5.5319060622
334555147 -942376173
#r 0 2.4855564688
328329545 -937583873
#r 0 5.6255313468
331438465 -939985055
#r 1 330885008 -939444386
-173650117 941397434
#r 0 5.9215171539
-126884723 923705686
#r 0 6.1210803091
-77540236 915635888
#r 0 0.5459193383
-34807720 941596089
#r 0 0.5037147184
8982059 965730199
#r 0 0.4854500551
53205311 989060522
#r 0 3.6183493544
30993113 977588023
#r 0 0.6999630566
40553937 985640390
#r 0 3.8153339506
35669607 981740927
#r 0 3.9751296789
33567347 979425857
#r 1 33744451 979838663
-974261600 -135035256
#r 0 1.0188952566
-948046250 -92458790
#r 0 5.3590411852
-917920355 -132364059
#r 0 5.4658621443
-883711559 -168829910
#r 0 1.2353758186
-867253245 -121616311
#r 0 0.6266517036
-826753465 -92294514
#r 0 1.2258776880
-809847460 -45239366
#r 0 0.3652802944
-763146276 -27378810
#r 0 0.3989826405
-717073441 -7954755
#r 0 0.4021816256
-671062979 11616586
#r 0 0.3284096160
-623735154 27743488
#r 0 3.4682158056
-647413433 19722325
#r 0 3.4754687303
-659223211 15625968
#r 0 0.2872354900
-653229251 17396611
#r 0 3.4473114469
-656209356 16456050
#r 1 -656445225 16467133
-219071864 876570219
#r 0 4.1369474094
-246282129 834622615
#r 0 4.7544456985
-244179913 784666828
#r 0 4.9942584814
-230272320 736639972
#r 0 3.2559550910
-279945707 730934306
#r 0 4.0138300036
-312101450 692645820
#r 0 3.9628372162
-346166986 656046103
#r 0 4.0203054190
-378074123 617550199
#r 0 3.9862410202
-411273836 580163315
#r 0 4.0392102247
-442447557 541071128
#r 0 0.8800667191
-426520065 560340662
#r 0 0.9579279537
-419327648 570568829
#r 0 4.2362615436
-422193160 565012266
#r 0 1.0541695056
-420649092 567730259
#r 0 1.2137278174
-420101889 569197055
#r 1 -420059048 569208684
841216372 -245702053
#r 0 2.2643137194
809254071 -207251938
#r 0 2.1348467679
782523392 -164997107
#r 0 2.3508353079
747358035 -129452801
#r 0 2.3538876329
712084350 -94015996
#r 0 2.3276347025
677753033 -57665471
#r 0 2.3569984995
642369279 -22338569
#r 0 5.4431533357
659055254 -40955180
#r 0 2.1979413524
651719811 -30833853
#r 0 5.3146447358
655260453 -35984226
#r 1 655938631 -36701610
-554460271 622376857
#r 0 1.9365107151
-572341098 669070283
#r 0 1.9495814483
-590830697 715526012
#r 0 5.1165596148
-580999288 692540290
#r 1 -581363673 692771265
-710372218 -603481641
#r 0 0.3128483625
-662799178 -588093142
#r 0 0.3750451650
-616274624 -569777414
#r 0 0.2839580065
-568276919 -555769547
#r 0 3.4496737545
-592099849 -563350313
#r 0 3.3932612187
-604213119 -566464877
#r 0 3.3538328501
-610326841 -567782296
#r 0 0.2230551406
-607277283 -567090566
#r 0 0.1769852072
-605738014 -566815257
#r 1 -605910641 -566838961
57367412 137137296
#r 0 4.3376474321
39065811 90607183
#r 0 0.1061924792
88784155 95906833
#r 0 4.0168184376
56742978 57522423
#r 0 4.0246399926
25003004 18888577
#r 0 3.9956295075
-7844244 -18808350
#r 0 0.9822546046
6034473 1985428
#r 0 4.1362049177
-775877 -8496418
#r 0 4.1475487169
-4121893 -13776437
#r 0 1.0971255756
-2696189 -10995076
#r 0 4.2238157442
-3429686 -12374979
#r 1 -3236188 -12017384
350298717 99524416
#r 0 1.7426354782
341748982 148788013
#r 0 4.8625090078
345487902 124069186
#r 0 5.0459154045
349582046 112252444
#r 0 1.8770663520
347696755 118214409
#r 0 1.9737718419
346469775 121092582
#r 1 346729427 120450248
124361302 -505132095
#r 0 3.2968066974
74962379 -512861674
#r 0 3.2738140637
25398805 -519453498
#r 0 3.2978405318
-23992101 -527234143
#r 0 3.2826805943
-73495281 -534265159
#r 0 3.3588617999
-122319769 -545043348
#r 0 0.2302997758
-97979820 -539336613
#r 0 3.2853575777
-110350864 -541127490
#r 0 0.1753277890
-104196681 -540037297
#r 0 0.0597814865
-101074158 -539850405
#r 0 3.2255952359
-102632698 -539981635
#r 1 -102430329 -539952151
-544744435 413022941
#r 0 3.8080667067
-584044753 382112020
#r 0 3.8477073032
-622089190 349667902
#r 0 6.1867020922
-572321735 344851222
#r 0 3.5624113324
-595140604 334638526
#r 0 3.5520721775
-609287110 328481946
#r 0 3.5485616517
-620653007 323582877
#r 0 3.5650291856
-632561642 318215646
#r 0 3.6089082347
-647359444 310748773
#r 0 3.6123923061
-668036977 300224482
#r 0 3.5434227660
-699097319 287025323
#r 0 0.3483627808
-683236648 292785510
#r 0 3.4407358216
-691299079 290299075
#r 0 3.5575913764
-695167191 288590213
#r 0 0.4327729244
-693247739 289476964
#r 1 -692558115 289760477
-119196968 -904270036
#r 0 2.9031060414
-167781798 -892458419
#r 0 2.9653045383
-217006871 -883689597
#r 0 6.1234918765
-192324969 -887664986
#r 0 6.0732634070
-180096014 -890270497
#r 0 6.0939551973
-173954107 -891446805
#r 0 2.9368996460
-177015599 -890811238
#r 0 6.0784469643
-175484868 -891129091
#r 1 -176020733 -891035480
-804414631 -463783652
#r 0 0.9692937342
-776120532 -422559339
#r 0 5.6485788260
-735855279 -452202372
#r 0 5.6901335943
-694393331 -480147083
#r 0 0.4182829115
-648703943 -459837483
#r 0 5.6297296268
-609004557 -490234173
#r 0 5.6073558039
-569995141 -521511408
#r 0 5.6350529639
-530134507 -551696335
#r 0 5.5744980047
-492173663 -584238220
#r 0 5.6442684992
-452036555 -614054533
#r 0 5.6665865860
-411244055 -642967712
#r 0 0.6012735182
-370013262 -614683057
#r 0 5.5171363147
-333980487 -649347724
#r 0 5.4666726068
-299742148 -685785838
#r 0 5.5373293039
-263016784 -719715878
#r 0 5.5064818326
-227355382 -754762481
#r 0 5.4554985014
-193526335 -791580895
#r 0 5.5159227919
-157535653 -826289263
#r 0 5.5289084480
-121097307 -860527355
#r 0 5.5196117707
-84978832 -895102718
#r 0 5.4653798471
-50787627 -931585063
#r 0 1.3329087226
551441948 -761356956
#r 0 1.1742582361
570753317 -715236776
#r 0 1.2590772142
586088085 -667646389
#r 0 1.7334163740
577992873 -618306065
#r 0 3.5629006642
532365133 -638753787
#r 0 1.8694709773
517652443 -590967421
#r 0 1.0871751052
540901850 -546701576
#r 0 1.0940812483
563844999 -502276224
#r 0 1.1005187837
586501685 -457704096
#r 0 1.1324754124
607722670 -412430817
#r 0 1.1102652294
629943867 -367639987
#r 0 1.0728986963
653822841 -323710559
#r 0 1.1505505985
674222082 -278061123
#r 0 1.8542041296
660240626 -230055718
#r 0 3.9101132106
624293637 -264809336
#r 0 1.8529118313
610374230 -216785903
#r 0 0.9325940343
640161857 -176627501
#r 0 0.9906303522
667569995 -134808917
#r 0 0.9392778874
697088546 -94452317
#r 0 0.9673951756
725460861 -53281796
#r 0 0.9631070645
754009458 -12233317
#r 0 0.9350090699
27156741 -865736728
#r 0 3.8252319882
-11607218 -897317663
#r 0 3.8529047076
-49482517 -929959074
#r 1 -50174926 -929264807
940217810 -146619311
#r 0 1.6686129092
935334776 -96858322
#r 0 1.5408785774
936830440 -46880697
#r 0 1.7136797418
929710553 2609779
#r 0 1.6948954270
923521512 52225258
#r 0 1.7369075519
915254094 101537019
#r 0 1.7058914966
908519863 151081445
#r 0 1.2816667220
922775766 199006065
#r 0 3.1817567869
872816090 196998398
#r 0 0.0563211628
897776449 198405683
#r 0 0.1255737331
910181260 199971641
#r 0 3.2828688611
903991914 199091369
#r 0 3.2791094207
900894845 198662765
#r 0 0.1936188733
902428926 198963560
#r 1 902062210 198896910
-914055295 46387478
#r 0 0.6156062895
-873234120 75260159
#r 0 0.6631127505
-833830124 106038805
#r 0 0.5275240165
-790627318 131208580
#r 0 0.5588334718
-748233609 157718454
#r 0 0.7016533648
-710044808 189992522
#r 0 0.0392606768
-660083338 191955052
#r 0 0.5806799639
-618278847 219384681
#r 0 0.6982995133
-579982019 251530489
#r 0 0.7099194026
-542061299 284119121
#r 0 0.6774710649
