701687785 -541700890
#r 0 3.6951011927
659153514 -567984646
#r 0 3.9581010966
624915020 -604422614
#r 0 3.6502459210
581244962 -628772687
#r 0 2.5310066503
540279353 -600105303
#r 0 4.4542317111
527514387 -648448406
#r 0 3.6764672479
484497759 -673935064
#r 0 5.0681199916
501911544 -720804671
#r 0 4.1885592801
476901545 -764100167
#r 0 1.1240867282
487701554 -741553331
#r 0 1.0082608525
494407726 -730916841
#r 0 0.8289749976
498661568 -726275113
#r 1 499182864 -725880642
-499127383 633119407
#r 0 4.3624193535
-516270847 586150251
#r 0 1.1366717673
-505755439 608831215
#r 0 5.6771079997
-495409368 601660395
#r 0 3.8174791881
-507766189 591751701
#r 0 4.1067804961
-519794733 574379507
#r 0 4.1134100866
-537348542 548664870
#r 0 4.3095855990
-555517834 506024124
#r 0 2.0672450876
-566556313 526401588
#r 0 0.0770421260
-548248133 527814886
#r 0 2.1155918220
-554344504 537875451
#r 0 4.1114462183
-560035862 529573222
#r 0 4.1597249548
-567818709 516954639
#r 0 4.5595972349
-571165308 495222343
#r 0 3.9805693726
-592295568 471697220
#r 0 3.8749924985
-627423159 440045190
#r 0 4.3495870271
-652462562 374083488
#r 0 1.1732359911
-638804292 406609341
#r 0 1.2494232338
-633226070 423365086
#r 0 4.1997668442
-637556839 415670132
#r 0 0.7806418875
-634420170 418777104
#r 0 3.6122002604
-483608482 -622730427
#r 0 1.9246499462
-500934244 -575828210
#r 0 5.8487543260
-478256503 -586350567
#r 0 5.8242509681
-461773250 -594495309
#r 0 5.8117917431
-445873099 -602599938
#r 0 1.5706850915
-445870720 -581215390
#r 0 1.9587799351
-456483390 -555248480
#r 0 0.4571117030
-423852161 -539198594
#r 0 1.0779385585
-399554880 -493957701
#r 0 2.0786463671
-436945784 -426773060
#r 0 0.1035998808
-336767511 -416357312
#r 0 0.5011458159
-225698906 -355514907
#r 0 0.4887840029
-61753336 -268324193
#r 0 1.2057938282
36581095 -10988372
#r 0 2.3572571933
-247627466 272616772
#r 0 5.4394927877
-114185490 122633991
#r 0 1.7917850110
-136187407 220569247
#r 0 3.7343172329
-187194875 186215264
#r 0 5.5247676329
-148924572 149956285
#r 0 5.7188954499
-82407969 107855150
#r 0 4.0668281983
-152599689 14666680
#r 0 3.1829810405
-400050622 -282770132
#r 0 5.8286456588
-355127460 -304722570
#r 0 2.3260074364
-372263520 -286519399
#r 0 6.2122401850
-359794965 -287405469
#r 0 6.1946730356
-350862524 -288198171
#r 0 2.3612664896
-354049070 -285043787
#r 0 0.0598225789
-351811194 -284909752
#r 0 5.6715095182
-350410206 -285892427
#r 0 6.2415430215
-349236379 -285941336
#r 0 2.7596782389
-349781479 -285722405
#r 0 0.4740040023
-349520150 -285588340
#r 0 2.3406978722
-349677779 -285425749
#r 0 4.8026398235
-349667574 -285538516
#r 0 6.1319577899
-349590655 -285550238
#r 0 2.5204539686
-349622292 -285527598
#r 0 0.2604589907
-349603497 -285522589
#r 0 0.9390501486
-349594496 -285510289
#r 0 1.3316066153
-349589742 -285490794
#r 0 1.5262355619
-349588418 -285461099
#r 0 6.0789553411
-349544762 -285470141
#r 0 0.5833780389
-349506240 -285444716
#r 0 0.9701760514
301295572 728310821
#r 0 4.0012203255
268659593 690430842
#r 0 1.8537475873
254700055 738442625
#r 0 0.7135852505
292501056 771170050
#r 0 0.8394523538
325894582 808383924
#r 0 0.7821075767
361366069 843622732
#r 0 1.2842619620
375497549 891584188
#r 0 0.0766292562
425350820 895411902
#r 0 3.3202922909
400748928 890968150
#r 0 0.4640310364
411927124 896562606
#r 0 3.6579458184
406491965 893476906
#r 1 405866704 893784808
538670319 187274473
#r 0 3.2056042106
488772721 184076080
#r 0 2.0221943150
466961525 229067987
#r 0 0.3569910637
513809153 246540816
#r 0 5.7246456535
556210649 220043399
#r 0 2.2118167502
541260309 240080547
#r 0 5.5593961719
550626581 231802690
#r 0 4.4269756443
548793976 225557113
#r 0 2.9424910711
544264438 226471060
#r 0 5.8489164053
546360392 225498961
#r 0 5.8298091230
547454568 224965850
#r 0 5.8936372103
548131775 224687838
#r 0 5.8974561720
548638014 224482269
#r 0 6.0995127937
549171930 224383086
#r 0 5.9818689706
549760828 224200069
#r 0 2.8029742188
549469997 224302495
#r 0 5.9148372434
549613826 224246982
#r 0 5.9278620486
549686160 224220141
#r 0 1.6625935530
549682616 224258637
#r 0 5.9842086030
549729304 224244247
#r 0 5.9492146893
549754941 224235352
#r 0 6.0345366202
-356518068 -65592954
#r 0 0.9285767058
-326569352 -25554542
#r 0 0.5131147029
-283008365 -1009881
#r 0 2.7733546454
-306332441 7989422
#r 0 0.2729431716
-294295171 11359007
#r 0 3.2900350991
-300476436 10434645
#r 0 0.4834946620
-297709638 11887382
#r 0 3.0156424168
-299259760 12083659
#r 0 1.4516343144
-299137951 13101032
#r 0 1.5160227367
-299056284 14590535
#r 0 0.4630244172
-297091583 15571356
#r 0 1.4391775199
-296687913 18620586
#r 0 1.5374142450
-296537386 23128132
#r 0 0.6010912597
-291056871 26886340
#r 0 1.5258445920
-290630928 36355510
#r 0 3.1758416310
-304486647 35880780
#r 0 0.2809605945
-297826527 37802855
#r 0 0.3461238518
-294374311 39047869
#r 0 3.1492621617
-296209185 39033796
#r 0 1.6275409573
-296266820 40048404
#r 0 0.2252130554
-294934304 40353683
#r 0 6.2031860302
-276446552 932869643
#r 0 4.4257074022
-290585092 884910268
#r 0 4.0895883489
-319750705 844297868
#r 0 4.5561696289
-327529941 794906740
#r 0 1.4796440435
-325254288 819802953
#r 0 4.5891384241
-326791022 807397775
#r 0 1.4587265854
-326092052 813608566
#r 1 -326264870 814103694
-550539604 -271667289
#r 0 0.1161134215
-500876284 -265874655
#r 0 5.0888952082
-482492601 -312372399
#r 0 0.9544700582
-453590537 -271572023
#r 0 1.1924758686
-435122526 -225107708
#r 0 1.7192073873
-442515868 -175657344
#r 0 1.8595515705
-456753829 -127727390
#r 0 2.5442504943
-498095500 -99605046
#r 0 2.1989582774
-527478428 -59149595
#r 0 5.8715712698
-504566522 -69151821
#r 0 2.6460093009
-515562664 -63207510
#r 0 2.4385886369
-520364293 -59138434
#r 0 2.6732181147
-523538279 -57532642
#r 0 2.6887255216
-525453129 -56600883
#r 0 3.1722175210
-527080076 -56650724
#r 0 0.4095719327
-526333534 -56326633
#r 0 0.6163216978
-525957300 -56060120
#r 0 6.0225279122
-525600121 -56155389
#r 0 4.9766763162
-525538849 -56381803
#r 0 0.3428735527
-525428070 -56342258
#r 0 2.5906491662
-525478180 -56311470
#r 0 0.6231208465
-618319202 -169265767
#r 0 6.0382483885
-569811571 -181390523
#r 0 2.2028630795
-584581908 -161220320
#r 0 2.0648909411
-592805931 -145952740
#r 0 2.0893877225
-601370998 -130944553
#r 0 0.2731756426
-581197001 -125292202
#r 0 0.4560931980
-555364434 -112618943
#r 0 0.6509321606
-521678710 -86961325
#r 0 3.0509422594
-542763938 -85044688
#r 0 2.7620260652
-556843471 -79428218
#r 0 2.4070855447
-569172127 -68294613
#r 0 0.7180297115
-551690641 -53022997
#r 0 2.6250401427
-577649967 -38278277
#r 0 0.5195542722
-543966023 -19012067
#r 0 0.4600369895
-501718680 1921273
#r 0 2.9654751702
-524928589 6051738
#r 0 3.0854407987
-540640829 6934938
#r 0 3.0921528928
-553704449 7581327
#r 0 2.8112571594
-567099061 12174336
#r 0 3.0098797534
-586345642 14724121
#r 0 0.3119834665
-577106879 17703769
#r 0 3.1029214304
755102565 -188650360
#r 0 6.2275736787
805025269 -191429508
#r 0 6.1610314881
854652694 -197522021
#r 0 3.1051051937
829669334 -196610037
#r 0 3.0723841738
817108133 -195739305
#r 0 0.2038945209
823273393 -194464528
#r 0 3.4804193182
820304526 -195510808
#r 1 820310988 -195488928
380790345 -501424583
#r 0 1.4080998901
388889326 -452084878
#r 0 1.7315960047
380883945 -402729900
#r 0 3.4854940686
333811624 -419588031
#r 0 2.8063003555
286595915 -403135771
#r 0 1.2240358730
303588559 -356111840
#r 0 2.9851604858
254199088 -348322093
#r 0 1.7988607105
242894465 -299616801
#r 0 1.6675934231
238062165 -249850860
#r 0 3.8771658835
219526009 -266626167
#r 0 4.2262110911
210080891 -284498111
#r 0 0.4468846719
219195482 -280130230
#r 0 3.6424913276
214762740 -282557023
#r 0 2.6678422550
212507699 -281400879
#r 0 4.0560126457
211307109 -282959450
#r 0 4.1831046214
210810396 -283808596
#r 0 3.9575571566
210466512 -284174172
#r 0 2.6563443568
210243769 -284056719
#r 0 3.6509152694
210038385 -284171420
#r 0 4.0539218214
209937591 -284301704
#r 0 4.0387585790
209861757 -284396713
#r 0 4.1288488591
-579009961 358478730
#r 0 2.3412997638
-613834790 394356736
#r 0 2.0894745978
-638621424 437780494
#r 0 4.9237997647
-633375437 413337099
#r 0 1.9265753025
-637729445 425054291
#r 0 5.0466518392
-635678990 419150214
#r 0 4.8533559537
-635239723 416054780
#r 0 1.7657184469
-635542504 417588400
#r 1 -635557888 418091000
299350043 -849072587
#r 0 0.7275661327
336689806 -815819887
#r 0 2.0805616769
312291184 -772176935
#r 0 0.5238166971
355587005 -747167499
#r 0 0.5462648971
398310548 -721192533
#r 0 0.4094157158
444178226 -701288863
#r 0 0.5835643627
485903425 -673738768
#r 0 3.6151160937
463654250 -685139389
#r 0 0.3639930872
475335283 -680689283
#r 0 3.4980596564
469478187 -682870317
#r 1 470123680 -682942030
547958642 -796389549
#r 0 2.8750272749
499724575 -783218565
#r 0 1.2149798642
517142365 -736350446
#r 0 2.4715500574
477952604 -705299477
#r 0 2.7757015540
431262338 -687410400
#r 0 2.5950094906
388547064 -661421838
#r 0 2.2872101447
355712848 -623713560
#r 0 3.4014366956
307391345 -636560052
#r 0 2.8781003224
259117031 -623537355
#r 0 2.7082975633
213737671 -602544172
#r 0 1.7591059200
204377739 -553428068
#r 0 1.8800677644
189159503 -505800289
#r 0 2.0994714097
163940016 -462626484
#r 0 2.3921247568
127337443 -428564018
#r 0 2.2107765202
97478465 -388458639
#r 0 1.9357012249
79635442 -341750754
#r 0 5.0615199198
88187474 -365242512
#r 0 1.9828308403
83181544 -353788664
#r 0 5.1609831039
85892163 -359420274
#r 0 2.6268432184
83172114 -357881785
#r 0 5.7968067444
84553412 -358612140
#r 1 84984147 -358914609
120566706 -818818612
#r 0 0.8761480995
152572467 -780404666
#r 0 2.8450021742
104755541 -765791603
#r 0 1.4325495908
111645881 -716268646
#r 0 2.9737499334
62348509 -707915857
#r 0 1.8877550138
46764600 -660406471
#r 0 3.4249989652
-1240826 -674387856
#r 0 3.6460460670
-45012765 -698554306
#r 0 0.4409026825
-22403596 -687885407
#r 0 3.5260029619
-33991342 -692573063
#r 0 0.4620346181
-28396672 -689786999
#r 0 3.4930496811
-31330646 -690862830
#r 1 -31165978 -690660939
137093106 -178832048
#r 0 2.2719240507
104839116 -140626288
#r 0 2.2486115048
73484483 -101679055
#r 0 4.8396301797
76656936 -126476948
#r 0 3.7170865700
63429322 -135058323
#r 0 3.6582256687
45264668 -145377656
#r 0 0.1503803158
55592393 -143812755
#r 0 6.2678752692
61466598 -143902696
#r 0 3.8170749780
59174199 -145739404
#r 0 2.1183904685
58115462 -144003201
#r 0 3.6093230524
56986221 -144573596
#r 0 5.9209030094
57577723 -144797782
#r 0 3.7570963623
57319486 -144980393
#r 0 3.5629004369
57079540 -145087923
#r 0 2.0747355694
56953334 -144859052
#r 0 3.6437877859
56827401 -144928209
#r 0 0.0424032332
56899172 -144925164
#r 0 4.5305748307
56891445 -144967192
#r 0 3.4514271026
56832113 -144986187
#r 0 0.2164315836
56862535 -144979498
#r 0 3.7033312753
56849354 -144987794
#r 0 0.0480875576
-671832205 450572368
#r 0 0.1423821820
-622338167 457667448
#r 0 1.6128019999
-624437833 507623343
#r 0 5.3998880822
-608572673 488302455
#r 0 4.2864063034
-615511724 473010376
#r 0 4.8450831813
-614400822 464687676
#r 0 6.1611624346
-609141986 464042774
#r 0 4.0835579858
-613452170 458116704
#r 0 1.7262332230
-614019381 461736409
#r 0 1.7370090489
-614465696 464396837
#r 0 5.3890457850
-613621090 463345216
#r 0 0.0830995131
-612795262 463414000
#r 0 3.6427872668
-613158645 463214919
#r 0 1.7671656033
-613205515 463450527
#r 0 5.6466272550
-613108927 463379129
#r 0 5.3914901428
-613055046 463312376
#r 0 1.9221486788
-613069808 463352648
#r 0 4.3360308464
-613077690 463332703
#r 0 4.6945406468
-613077962 463317491
#r 0 5.4314836385
-613070229 463308659
#r 0 1.5973559114
-613070385 463314526
#r 0 4.5440977854
-468532303 -84888903
#r 0 5.5379972945
-431784282 -118794403
#r 0 2.5582994648
-452650615 -105025014
#r 0 0.9404124933
-445092187 -94666785
#r 0 2.8192301666
-457136941 -90643676
#r 0 0.9721623538
-453540018 -85370626
#r 0 6.0979518578
-446168308 -86751948
#r 0 0.9480562324
-439623670 -77637536
#r 0 6.2720353587
-424722488 -77803690
#r 0 6.1237518995
-402814384 -81326473
#r 0 1.0640421194
-386843139 -52554902
#r 0 2.9119172064
-429617411 -42554233
#r 0 2.8548074310
-457194639 -34421293
#r 0 0.5794005909
-445165145 -26550250
#r 0 2.8185805944
-451981286 -24268645
#r 0 0.6973821182
-447607127 -20603873
#r 0 0.7620601796
-441523969 -14798226
#r 0 0.7536144747
-432367718 -6206269
#r 0 1.6196831094
-433286002 12562659
#r 0 3.1407931672
-459644648 12583732
#r 0 3.0437300811
-483066457 14883196
#r 0 2.8959173312
242220329 -192797614
#r 0 2.2844312039
209491028 -154998237
#r 0 0.1935252196
258557646 -145382262
#r 0 3.0922541761
233588069 -144149300
#r 0 2.9534090887
220608026 -141677421
#r 0 2.9276766119
212130625 -139835792
#r 0 3.0982173804
204442618 -139502113
#r 0 2.9746105513
196407093 -138147712
#r 0 6.1898998199
200463812 -138527247
#r 0 6.1661180960
202498039 -138766482
#r 1 201913165 -138817847
474168597 127670696
#r 0 1.2928719238
487886612 175752045
#r 0 1.3249133595
500057253 224248184
#r 0 6.0359274505
548536613 212010877
#r 0 0.1275198085
598130631 218369601
#r 0 3.1719940445
573142184 217609683
#r 0 3.2229605877
560566672 216584175
#r 0 0.3251923418
566544660 218599725
#r 0 5.9432617147
569689489 217487553
#r 1 569947175 217427049
595496296 -707793242
#r 0 2.2922444529
562472662 -670250739
#r 0 2.4962492803
522527998 -640177099
#r 0 2.9856156286
473134987 -632409832
#r 0 2.3953431135
436422978 -598465342
#r 0 1.9294132267
418874005 -551646184
#r 0 2.4734618493
379624953 -520670195
#r 0 3.3651704338
330869432 -531756183
#r 0 1.3509707057
341772404 -482959409
#r 0 3.3620126731
292982119 -493891384
#r 0 3.0253370520
243319623 -488091689
#r 0 1.7878090158
232553956 -439264438
#r 0 1.2650769532
247602919 -391582904
#r 0 4.0795406773
232816823 -411741557
#r 0 2.3181785516
223462456 -401647483
#r 0 0.1984530010
242432673 -397832573
#r 0 2.7459756954
233504978 -394104044
#r 0 2.5584507183
228262797 -390645943
#r 0 2.5504251921
223279719 -387301063
#r 0 2.6734825756
216877666 -384064245
#r 0 2.4547311674
209618576 -378111259
#r 0 2.6922360289
677928845 -196320030
#r 0 4.0560223019
647416719 -235930763
#r 0 4.3055319165
627630473 -281849218
#r 0 3.8598622641
589983193 -314753356
#r 0 0.7060481346
609006490 -298532563
#r 0 0.6169522016
619203582 -291299584
#r 1 618448099 -291709389
134234208 -184258840
#r 0 4.8580661812
141492333 -233729231
#r 0 1.5046551223
143144658 -208783895
#r 0 1.9522704727
138287483 -196674954
#r 0 0.8644470881
142526164 -191706976
#r 0 3.3057206213
139304803 -192240491
#r 0 0.9354644186
140273673 -190926436
#r 0 2.8799124116
139122304 -190618075
#r 0 1.1607655400
139834627 -188979299
#r 0 3.1930570496
137921140 -189077862
#r 0 1.4814383986
138157743 -186437097
#r 0 1.9161084049
136999251 -183216604
#r 0 1.8110745259
135793823 -178296723
#r 0 1.7743610262
134277074 -170948983
#r 0 1.4854058096
135229600 -159821174
#r 0 3.4377473153
119586602 -164594290
#r 0 1.7617008744
116217160 -147159349
#r 0 4.3768925835
113293932 -155543102
#r 0 0.7757716526
116463124 -152434347
#r 0 4.8146909654
116689807 -154642434
#r 0 4.4265278144
116194462 -156327790
#r 0 3.4451279635
-222667336 -46611794
#r 0 5.7441232443
-179757809 -72278358
#r 0 1.1868925512
-161030662 -25917879
#r 0 1.0325222184
-135397916 17011858
#r 0 1.0580181360
-110867915 60581103
#r 0 0.9830803348
-83144830 102191565
#r 0 3.0252421317
-132806776 107995974
#r 0 6.1109170100
-108176814 103710536
#r 0 6.1575539184
-95736623 102139383
#r 0 0.0014282312
-89440679 102148375
#r 0 0.0205936316
-86293349 102213199
#r 1 -87267205 102284939
219528894 970092025
#r 0 5.5149496958
255485784 935348651
#r 0 5.5878521614
293877800 903316587
#r 0 3.9192089790
258248405 868237445
#r 0 6.0743084314
307161626 857869379
#r 0 6.1481257435
356706292 851136912
#r 0 6.1937958414
406506663 846673389
#r 0 4.2006992748
382024101 803077470
#r 0 4.8889517804
390806444 753854808
#r 0 1.8078048735
384936548 778155926
#r 0 4.7827972028
385815924 765686896
#r 0 5.6800447378
391103777 762044849
#r 0 3.9609742623
388306375 759050549
#r 0 2.7169316589
385679475 760238367
#r 0 5.9120408680
387022813 759715566
#r 0 5.5439118311
387556934 759228577
#r 0 1.9175585244
387434110 759568467
#r 0 1.8188844225
387380480 759780185
#r 0 5.4616671996
387454859 759700229
#r 0 0.3153725975
387518262 759720915
#r 0 5.1346191800
387553941 759641496
#r 0 5.4478431601
-384209398 -106897359
#r 0 0.1960962719
-335167665 -97155263
#r 0 1.3457003042
-324007667 -48416629
#r 0 0.0956741356
-274236331 -43640217
#r 0 1.7651543351
-283893165 5418376
#r 0 6.2232815362
-233982850 2424978
#r 0 1.0246671850
-208013684 45152047
#r 0 3.2019356724
-232968182 43644387
#r 0 2.1112211771
-243575094 61322359
#r 0 2.2001544059
-261137744 85442505
#r 0 2.1284892783
-284250772 122498036
#r 0 2.2011151894
-322612223 175076547
#r 0 5.2809138909
-305091590 147652970
#r 0 5.3565837646
-295282532 134593110
#r 0 5.4619981770
-289705518 128601904
#r 0 0.2299513681
-285720231 129534828
#r 0 3.4231246037
-287686174 128966250
#r 1 -288639116 128830185
615373946 -411111791
#r 0 2.0070622632
594246041 -365794999
#r 0 1.0525063609
619015812 -322361619
#r 0 1.0222283294
645089106 -279698012
#r 0 2.2161660159
615014415 -239754139
#r 0 2.2037926262
585436255 -199441208
#r 0 2.9516837212
536335184 -190002735
#r 0 3.5448322635
490345454 -209622744
#r 0 0.6986867037
509487643 -193542427
#r 0 0.6273181224
520449640 -185594813
#r 0 1.5289818055
520794212 -177359138
#r 0 1.6123388696
520378189 -167350517
#r 0 1.7938250721
517313870 -153839517
#r 0 2.0390838593
508092473 -135608691
#r 0 0.5392085253
534389062 -119874015
#r 0 1.1727129717
547987074 -87539046
#r 0 2.4851204747
507142194 -56069391
#r 0 2.7467646788
443876408 -29705910
#r 0 5.8372201055
474794165 -44487332
#r 0 0.2002724648
491630274 -41069708
#r 0 3.3992689272
483324124 -43258668
#r 1 482899481 -42468065
326662212 790338362
#r 0 5.2366741759
351691929 747054263
#r 0 1.5045849163
353346005 771999483
#r 0 0.1293437675
369399808 774087600
#r 0 1.6362385634
367904769 796900144
#r 0 1.5815124981
367681013 817779590
#r 0 6.2354299930
392328592 816601642
#r 0 2.2213604069
384856351 826419395
#r 0 6.2438375081
391020503 826176724
#r 0 2.4543942959
388636132 828133427
#r 0 2.3024092829
387249799 829677526
#r 0 2.4486343211
385694626 830968820
#r 0 2.5683073258
383751416 832223382
#r 0 2.2605079008
381871670 834502272
#r 0 2.4367920344
378589964 837293456
#r 0 2.5476505643
373389444 840805264
#r 0 2.3498908214
366926314 847350395
#r 0 2.2693147129
358064390 857903335
#r 0 5.3197050197
361996377 852245241
#r 0 5.4678855365
364378056 849716694
#r 0 2.4439177303
363047078 850832482
#r 1 363248711 850763416
340630368 -61653550
#r 0 4.0707914379
310706565 -101710584
#r 0 1.0899900420
322268919 -79545027
#r 0 1.0335421464
328829117 -68532501
#r 0 0.1937939546
335531154 -67217179
#r 0 4.1180572937
333618938 -70046538
#r 0 2.4495980713
331684987 -68443882
#r 0 2.4622535642
330573536 -67546309
#r 0 0.2055944039
331272802 -67400483
#r 0 1.2054786181
331473192 -66876568
#r 0 1.1974508826
331761615 -66140264
#r 0 1.1871656324
332192964 -65071587
#r 0 0.1459952291
333879993 -64823524
#r 0 2.5153604653
333189194 -64323828
#r 0 1.8038914203
333045329 -63717852
#r 0 3.5893651525
332324321 -64064160
#r 0 0.9513846771
332556503 -63738528
#r 0 0.5936834228
332759274 -63601677
#r 0 2.3058755231
332655744 -63487167
#r 0 4.3881178627
332583615 -63701749
#r 0 0.1039832732
332813364 -63677772
#r 0 1.0600877684
-936931568 -253662529
#r 0 1.1813968137
-917949920 -207405669
#r 0 1.2203302020
-900783138 -160445030
#r 0 1.1280464149
-879361846 -115266183
#r 0 1.2802518232
-865038149 -67361781
#r 0 4.6751825481
-865968095 -92344479
#r 0 1.5461271852
-865659762 -79848283
#r 0 1.4751607997
-865062857 -73625865
#r 0 4.5937465935
-865432803 -76729385
#r 0 1.4714758790
-865277846 -75174342
#r 1 -865066076 -74715860
-55698254 -527054964
#r 0 0.7237610388
-18232232 -493944585
#r 0 0.6390969297
21899505 -464121043
#r 0 0.8042512493
56582043 -428105469
#r 0 3.9191573712
38766440 -445644121
#r 0 4.0640863187
31213138 -455615087
#r 0 0.7323424288
35864010 -451433279
#r 0 3.8178872753
33425096 -453390632
#r 1 33838820 -453252100
-176767589 -188188183
#r 0 6.2527470687
-126790749 -189709860
#r 0 0.0675177952
-76904672 -186336535
#r 0 6.1852906035
-27144065 -191223456
#r 0 4.9469224045
-15524605 -239854600
#r 0 1.6972629304
-18677849 -215054256
#r 0 1.8601972698
-22286455 -202935101
#r 0 2.0208611790
-25044306 -197226861
#r 0 2.0220256282
-26431020 -194365133
#r 1 -26496627 -193632611
133207554 429148051
#r 0 1.3518720184
144066541 477954633
#r 0 1.4704514555
149075369 527703117
#r 0 0.6663188151
188380485 558607937
#r 0 3.8009331323
168620574 543293044
#r 0 3.9426124856
159920466 534316779
#r 0 2.6308791828
154379608 537421299
#r 0 5.6774753894
156990308 535613253
#r 0 5.9119051238
158483230 535032004
#r 1 158363324 535150751
420725815 -425022251
#r 0 1.3412499149
432102608 -376333766
#r 0 1.4774594598
436762678 -326551402
#r 0 3.7384918762
416085616 -340603417
#r 0 2.7528670032
397968220 -333183147
#r 0 3.1061781860
370475779 -332209110
#r 0 3.5250053328
335329982 -346386054
#r 0 1.3645984970
339209534 -327838756
#r 0 3.2836424362
323583419 -330073493
#r 0 3.1535067239
300114603 -330353115
#r 0 1.9901778738
285784237 -298210067
#r 0 3.4932635063
242946337 -313928284
#r 0 2.7425583558
183590605 -288900622
#r 0 2.0107666760
142737560 -202116683
#r 0 0.7503806688
238655765 -112691397
#r 0 2.1220024585
171605636 -3625290
#r 0 4.5246863148
159660482 -66514852
#r 0 2.0994035811
143518371 -38876507
#r 0 0.3886852708
164373663 -30335871
#r 0 4.6857041930
164004492 -44167098
#r 0 0.0229148871
184623186 -43694540
#r 0 4.5076050706
-984543034 144270826
#r 0 5.8673029080
-938805025 124070962
#r 0 5.1083204666
-919521636 77939076
#r 0 4.9226183498
-909087425 29039922
#r 0 1.6592238169
-911295232 53942243
#r 0 4.5111132701
-913794225 41694589
#r 0 1.3679207614
-912534933 47816408
#r 0 4.8410212184
-912134065 44717227
#r 0 1.5987237134
-912177696 46279117
#r 1 -912414789 46715486
366737756 485628537
#r 0 1.0414124705
391987838 528784456
#r 0 0.7443198547
428765281 562658040
#r 0 6.0258362569
477118685 549932150
#r 0 4.5919219165
471109890 500294519
#r 0 1.3551655852
476458980 524715560
#r 0 6.2515059396
489065260 524316067
#r 0 1.5063185625
489975857 538419148
#r 0 4.6813557329
489756604 531356327
#r 0 1.4375824344
490225873 534858135
#r 0 6.1540001943
491995889 534628195
#r 0 6.2304847115
494140688 534515058
#r 0 4.7681723896
494299827 531665215
#r 0 1.4401948200
494485684 533080202
#r 0 1.4296938434
494589455 533810743
#r 0 6.0891811628
494999189 533730240
#r 0 1.4336761822
495078686 534306365
#r 0 5.7599195857
495494862 534066271
#r 0 6.1079186021
496197235 533941892
#r 0 1.4376450291
496338949 534999905
#r 0 6.1972500982
497460343 534903300
#r 0 5.7287957928
-649282821 -270779598
#r 0 1.7660260109
-658982414 -221729441
#r 0 1.8394104276
-672252189 -173522459
#r 0 2.2378563214
-703186132 -134240260
#r 0 1.3208081676
-690816508 -85794492
#r 0 1.7068207501
-697596775 -36256345
#r 0 1.7173827191
-704899875 13207427
#r 0 2.1613140962
-732739434 54740052
#r 0 5.3259019756
-718345851 34299291
#r 0 0.5994708068
-708019966 41355590
#r 0 0.3956730759
-694953748 46813377
#r 0 3.5384370788
-701483656 44076833
#r 0 3.4429372403
-704864208 43026123
#r 0 0.3109645428
-703179065 43567713
#r 1 -703678562 43543544
411724544 245564399
#r 0 5.5473294770
448787373 212003309
#r 0 1.1858436973
467563135 258344120
#r 0 5.7534889322
510711161 233080553
#r 0 2.6005685616
489281619 245955905
#r 0 5.7331288897
499937806 239421714
#r 0 1.6714042691
499310067 245640109
#r 0 4.9054820883
499909740 242573187
#r 0 4.7007150011
499891345 240997496
#r 1 499931198 240546037
795592083 -315379132
#r 0 2.0561656244
772265331 -271153996
#r 0 2.1377876863
745410499 -228977960
#r 0 2.8620854006
697350924 -215183857
#r 0 1.1851006962
716161112 -168857009
#r 0 0.7727190263
751961872 -133952775
#r 0 2.2691054978
719815695 -95656257
#r 0 0.9456975607
749074563 -55110991
#r 0 0.7378933325
786068934 -21474456
#r 0 1.2691565663
800923251 26268075
#r 0 0.3622353186
847678603 43986344
#r 0 0.9960815560
874858373 85953713
#r 0 5.5396897292
911663724 52110455
#r 0 5.6100240444
950756457 20937418
#r 0 2.4587308080
931362206 36712811
#r 0 5.6833748333
941680238 29656736
#r 0 2.4897569937
936711667 33448277
#r 0 5.7248656210
939362124 31792772
#r 0 2.4859603693
938123589 32745366
#r 1 937907701 32784045
-521849662 466816098
#r 0 4.4459273483
-535015642 418580665
#r 0 2.0660361159
-546896708 440577034
#r 0 4.2436504501
-552543723 429425299
#r 0 1.2279618482
-550442736 435311583
#r 0 6.2659974035
-547269119 435257030
#r 0 6.1671011829
-544620554 434948185
#r 0 1.9613620548
-545776326 437755389
#r 0 2.0265274994
-546444413 439118434
#r 0 0.3415453190
-545724959 439374183
#r 0 6.1849553372
-544889388 439291840
#r 0 1.9422409260
-545321947 440402316
#r 0 2.0552383149
-545690891 441103371
#r 0 0.3887789135
-545082142 441352732
#r 0 0.5398501065
-544235760 441859906
#r 0 4.5284154470
-544326013 441374880
#r 0 2.0068463640
-544430199 441598473
#r 0 5.5726339013
-544336709 441518026
#r 0 5.3835652873
-544292073 441461822
#r 0 4.2072154795
-544314657 441420986
#r 0 1.1747400427
-544305656 441442512
#r 0 6.1079124875
-558514126 -706353026
#r 0 0.1838463006
-509356735 -697212406
#r 0 0.2741490652
-461223939 -683676012
#r 0 0.1762504495
-411998536 -674909044
#r 0 0.2195185533
-363198416 -664021056
#r 0 0.0589963699
-313285405 -661072948
#r 0 2.8095990407
-336920266 -652924737
#r 0 5.8730123834
-325457118 -657909336
#r 0 6.2245848922
-319179848 -658277608
#r 0 5.3715279905
-317182179 -660856156
#r 0 2.1678129410
-318099045 -659507359
#r 1 -318408822 -659313391
-218018041 -776753981
#r 0 1.2242898350
-201037340 -729725736
#r 0 0.6238177269
-160454625 -700518832
#r 0 0.5676885932
-118297323 -673634600
#r 0 0.5149559020
-74781601 -649009776
#r 0 0.5593994092
-32402902 -622475914
#r 0 0.4427020681
12776970 -601056784
#r 0 0.3774724641
59256929 -582628181
#r 0 0.7529841883
95739503 -548437220
#r 0 3.8941899307
77491603 -565525641
#r 0 6.1991938039
89947537 -566574301
#r 0 3.0253018381
83739751 -565849121
#r 0 3.0799102094
80617442 -565656285
#r 0 3.3373272514
79083029 -565960518
#r 1 79558755 -565812640
517252615 315449462
#r 0 5.6014007543
556075083 283940480
#r 0 2.4661592482
536564183 299571370
#r 0 2.3655129210
527643009 308327811
#r 0 1.4199909000
528589242 314554703
#r 0 1.3846093865
529641784 320142375
#r 0 2.5510626437
524139502 323830684
#r 0 2.5250465080
519714261 326966886
#r 0 2.4476913107
515187224 330733001
#r 0 2.5439879855
508812458 335071833
#r 0 2.5214914425
500120636 341278332
#r 0 6.1368834727
505403727 340499844
#r 0 2.5299138930
503217781 342033111
#r 0 2.4833273117
501956924 343008169
#r 0 1.5452466102
501989148 344269134
#r 0 2.4373255312
500645398 345410796
#r 0 2.4844030572
498996401 346683181
#r 0 2.5465620096
496710537 348230405
#r 0 2.4445288832
493741991 350715914
#r 0 1.1474603054
496081728 355908639
#r 0 2.5829273145
489646717 359931112
#r 0 2.7830634486
-836634468 79323631
#r 0 0.4850432027
-792401728 102635960
#r 0 2.4425261086
-830673888 134811133
#r 0 5.5340006832
-812367778 117785085
#r 0 5.7468859482
-801595760 111382085
#r 0 0.6560845961
-796568241 115252521
#r 0 0.6391231308
-791236146 119215237
#r 0 5.4345264049
-785743253 112979383
#r 0 5.6603811254
-780747417 109391619
#r 0 5.4635396380
-776150647 104468696
#r 0 5.5425582821
-770115612 98951226
#r 0 5.3985018375
-762960261 90212634
#r 0 5.5091296828
-751534952 79043613
#r 0 5.3989989709
-736578319 60796089
#r 0 5.4424466452
-713315523 34804759
#r 0 2.5007918515
-727296260 45231443
#r 0 0.1122768103
-718630836 46208478
#r 0 3.1376737770
-722990968 46225565
#r 0 3.3615121631
-725147045 45743606
#r 1 -725698491 45560551
-478957491 -425697431
#r 0 1.9198912686
-496059865 -378713297
#r 0 1.8719790473
-510892360 -330963982
#r 0 1.0579406158
-486358982 -287396639
#r 0 0.7455177873
-449622144 -253479022
#r 0 0.4438803901
-404467542 -232006670
#r 0 2.4582681875
-443241443 -200437942
#r 0 2.1335693404
-469918123 -158148999
#r 0 2.3888388230
-506408572 -123966443
#r 0 2.5189942167
-547026868 -94809043
#r 0 2.4953029460
-586943055 -64697616
#r 0 2.4261628055
-624683623 -31900519
#r 0 2.3970075379
-661452079 1982820
#r 0 2.1040916187
-686870769 45039645
#r 0 5.1627051642
-675989514 22531908
#r 0 5.4142827885
-667863351 12921186
#r 0 2.2798190307
-671960586 17697460
#r 0 2.3204898231
-674104719 20000443
#r 1 -674331300 20790169
744680137 283363242
#r 0 0.3980172610
790771702 302742810
#r 0 0.3091534333
838401276 317955426
#r 0 0.4046375072
884363534 337639704
#r 0 3.4005360387
860197008 331238222
#r 0 0.1884432505
872475720 333579846
#r 0 0.5966403999
877671517 337108915
#r 0 3.6702013042
874959676 335525066
#r 1 875094881 335655906
787479252 -388621533
#r 0 2.0330119998
765182633 -343868200
#r 0 1.8020625596
753722122 -295199353
#r 0 2.8980516296
705197613 -283142320
#r 0 2.2427772135
674070742 -244012819
#r 0 0.8917924749
705471649 -205102884
#r 0 1.3119442285
718270202 -156768662
#r 0 0.9103085269
748945309 -117284009
#r 0 1.9192318753
731873920 -70288608
#r 0 1.1008063394
754517788 -25709967
#r 0 2.1398722378
727575097 16409997
#r 0 1.8209664819
715196656 64853513
#r 0 0.1873185614
764322012 74164765
#r 0 0.2680588746
812536354 87407772
#r 0 0.1010183258
862281453 92450102
#r 0 0.2496473464
910731433 104803215
#r 0 3.4879195833
887215787 96317087
#r 0 3.5157235108
875472300 91706323
#r 0 0.4557847516
881136445 94482942
#r 0 0.1747391291
884263095 95034920
#r 1 884225371 95267323
734374273 161323653
#r 0 2.5525646725
692800219 189101307
#r 0 2.6964724680
647672273 210629625
#r 0 5.7640762335
669378810 198226956
#r 0 1.9547460196
664696492 209816860
#r 0 4.9168663059
665965588 203697066
#r 1 666529678 203755411
-835925574 -325109799
#r 0 0.5863410035
-794277032 -297443954
#r 0 6.1172783732
-744963583 -305701298
#r 0 0.7476211604
-708298168 -271706485
#r 0 1.6833408298
-713913521 -222022808
#r 0 2.0558121327
-737224638 -177789429
#r 0 0.6475613296
-697346774 -147627268
#r 0 1.5220268842
-694909268 -97686718
#r 0 0.2507986092
-646473541 -85277835
#r 0 1.7275548727
-654279407 -35890909
#r 0 2.3929487957
-690910037 -1858616
#r 0 1.4786475478
-686309116 47929249
#r 0 2.5811170223
-728659234 74508705
#r 0 1.2558088201
-713169004 122048717
#r 0 1.1160836274
-691208793 166968079
#r 0 0.6972392963
-652877905 199073266
#r 0 3.6290739158
-674965791 187363215
#r 0 3.7186226348
-685891469 180251344
#r 0 1.1479486147
-683216656 186195472
#r 0 4.2609828922
-684638383 183262809
#r 0 4.2074647477
-685427309 181835440
#r 1 -685084099 182312171
191098699 -491490599
#r 0 1.6025811242
189509727 -441515854
#r 0 1.8120392341
177564241 -392963765
#r 0 2.0354130119
155160233 -348264096
#r 0 5.9392187121
178695843 -356694695
#r 0 2.8226996090
166826056 -352775750
#r 0 2.6738270610
161243938 -349955898
#r 0 2.9550979318
158141406 -349370489
#r 1 157637462 -348788113
76967052 -918743877
#r 0 1.4620887694
82391731 -869039020
#r 0 1.1839312511
101256083 -822734201
#r 0 1.5368908886
102951030 -772762938
#r 0 1.1678404754
122557988 -726767643
#r 0 2.0814685380
98119798 -683146835
#r 0 1.7165250283
90859126 -633676817
#r 0 0.8180972480
125039684 -597184497
#r 0 1.2761339465
139560524 -549339485
#r 0 1.6474339922
135732391 -499486246
#r 0 1.3065563786
148791175 -451221682
#r 0 1.8713076199
133990744 -403462419
#r 0 1.8670923891
119391760 -355641193
#r 0 1.5264917978
121606262 -305690257
#r 0 1.1459361891
142215930 -260135437
#r 0 1.7332222753
134130295 -210793543
#r 0 1.8152270772
122030093 -162279781
#r 0 1.9435713148
103820031 -115713767
#r 0 0.2347559365
152448588 -104083486
#r 0 1.0583862463
176962549 -60505215
#r 0 0.9052705971
207836187 -21175601
#r 0 2.2648020955
-458212991 -390070259
#r 0 0.9610478212
-429579926 -349080656
#r 0 1.2316177226
-412944296 -301929242
#r 0 0.9479098026
-383775195 -261319347
#r 0 2.5282811243
-424662518 -232540417
#r 0 0.8188604930
-390509823 -196022019
#r 0 0.8512579404
-357557945 -158416518
#r 0 0.2835408292
-309554401 -144428676
#r 0 0.8434793564
-276311005 -107080629
#r 0 0.7788074201
-240723418 -71959074
#r 0 0.7937064195
-205663037 -36311217
#r 0 1.0988314125
-182931174 8222617
#r 0 0.6476992491
-143057470 38390278
#r 0 1.0846241230
-119695217 82596671
#r 0 0.5003891340
-75825420 106585021
#r 0 1.3601178995
-65369251 155479484
#r 0 0.2491141878
-16912691 167806763
#r 0 0.3976679807
29185640 187170231
#r 0 0.4172199585
74896590 207431254
#r 0 6.1749983584
124604265 202032453
#r 0 3.0498199837
99709469 204323551
#r 0 3.0020238613
-561441965 -303326039
#r 0 0.7366005677
-524404141 -269737357
#r 0 1.4804151694
-519891233 -219941437
#r 0 0.4303177077
-474449570 -199083459
#r 0 2.4523548918
-513036119 -167286003
#r 0 1.7106818765
-520007608 -117774405
#r 0 1.6665921957
-524790079 -68003651
#r 0 2.5312610301
-565762979 -39346689
#r 0 0.2828272205
-541756222 -32369898
#r 0 0.7378564390
-527155304 -19095232
#r 0 0.7839519562
-509818340 -1808341
#r 0 1.4885097187
-507029205 32010495
#r 0 0.5185697834
-462917088 57183706
#r 0 0.2110087163
-394644265 71807554
#r 0 0.5541635544
-313432139 122065559
#r 0 0.4223190590
-183793781 180319460
#r 0 0.7002226969
-22506315 316231431
#r 0 0.4176051369
266518847 444472805
#r 0 5.4044731625
567327729 81547883
#r 0 2.1411721660
440066889 279928323
#r 0 1.2050100815
482837316 391593639
#r 0 4.1712901646
-143029320 -288205830
#r 0 1.1617371168
-123142003 -242331059
#r 0 1.1380666509
-102174482 -196939837
#r 0 0.7425966330
-65338722 -163129679
#r 0 2.7459285630
-111475763 -143858626
#r 0 1.2060426483
-93639804 -97148043
#r 0 0.9788114020
-65739340 -55656308
#r 0 0.4052885803
-19789907 -35942109
#r 0 1.6564371891
-24066718 13874644
#r 0 2.3234772507
-58246614 50367585
#r 0 0.8945027673
-26951280 89362483
#r 0 1.3515169470
-16074964 138165206
#r 0 0.6419582271
23971275 168103455
#r 0 0.7600039956
60212938 202549672
#r 0 0.2621017029
108505315 215505224
#r 0 1.8566391952
94407004 263476441
#r 0 4.4845433059
88760019 239122559
#r 0 4.4486607457
84747605 224262737
#r 0 4.2020680243
78563637 213215600
#r 0 4.4531595154
74714871 198702723
#r 0 1.3295963810
76508118 205992676
#r 1 76747599 206903771
-217724255 370576245
#r 0 0.7736771666
-181956954 405514765
#r 0 0.8431872317
-148702650 442853100
#r 0 0.1251412004
-99093647 449093842
#r 0 5.8541200833
-53625895 428292795
#r 0 1.8100713878
-59550855 452580546
#r 0 0.4899538365
-42037787 461920771
#r 0 1.9253908817
-52190199 489341635
#r 0 5.3107102062
-43955406 477261404
#r 0 5.7909138452
-37143244 473607978
#r 0 2.1295619873
-39192238 476885155
#r 0 0.4396025877
-37030380 477901866
#r 0 2.0174244987
-38532315 481038063
#r 0 0.2847119962
-35361057 481966173
#r 0 2.0692184219
-37702938 486269080
#r 0 0.3800761083
-32611681 488303042
#r 0 2.2253812936
-37430657 494582129
#r 0 0.1472815675
-28276393 495940217
#r 0 5.2073339964
-22484666 485209967
#r 0 0.3585982764
-11765434 489227571
#r 0 0.2890799016
4693155 494122537
#r 0 5.1148118107
231282029 -813119927
#r 0 1.4094675933
239313520 -763769191
#r 0 2.0821575155
214845282 -720165231
#r 0 1.8703526416
200090467 -672391855
#r 0 1.2206571753
217241893 -625425606
#r 0 1.1314244331
238510448 -580174655
#r 0 1.3128918056
251263195 -531828327
#r 0 1.2343863604
267768216 -484631036
#r 0 1.8516296193
253910396 -436589795
#r 0 1.1448599563
274569080 -391057183
#r 0 1.3138275295
287276583 -342698943
#r 0 0.5817821431
329050816 -315223255
#r 0 2.6142820866
285842639 -290062702
#r 0 1.3135538486
298563376 -241707942
#r 0 1.3109399221
311410465 -193386598
#r 0 2.8026678647
264254831 -176762936
#r 0 1.0956145600
287129835 -132302457
#r 0 1.5839917026
286470085 -82306810
#r 0 1.2873405963
300453842 -34302075
#r 0 2.1927913199
271320958 6333809
#r 0 1.0219357097
297406735 48989784
#r 0 1.0412761895
-173650117 941397434
#r 0 3.6833854899
-216489394 915613789
#r 0 3.8135134639
-255620765 884489268
#r 0 5.5519759067
-218402398 851100750
#r 0 3.4308766973
-266324816 836837445
#r 0 3.6209625171
-310689103 813776437
#r 0 5.4505758625
-277041709 776791942
#r 0 5.5998682069
-238267575 745223500
#r 0 5.4910308538
-203151912 709630099
#r 0 5.9949287870
-155214863 695416043
#r 0 5.0421035807
-139026212 648109304
#r 0 5.1718376984
-116853509 603294449
#r 0 5.2627165878
-90705184 560676787
#r 0 5.5517823275
-53493281 527281065
#r 0 2.3799663833
-71586147 544533547
#r 0 2.4192235893
-80972727 552805641
#r 0 5.1258327663
-78459402 547077025
#r 0 1.8451192495
-79306722 550087923
#r 1 -79374043 549870006
-974261600 -135035256
#r 0 0.4578307776
-929410929 -112935090
#r 0 1.5803727063
-929889741 -62937383
#r 0 1.5624401031
-929471935 -12939129
#r 0 1.7990314106
-940784871 35764233
#r 0 1.1690067160
-921231568 81782364
#r 0 1.1256523347
-899702176 126909798
#r 0 2.1424565843
-926753630 168959992
#r 0 2.1514878145
-954183740 210764167
#r 0 2.2109479748
-972053849 234757990
#r 0 5.2884516166
-963905483 222213462
#r 0 2.1622011611
-968075413 228422483
#r 0 5.8654011903
-964657399 226905167
#r 0 2.7559332019
-966389891 227608541
#r 1 -966789017 227837949
-219071864 876570219
#r 0 5.6666453386
-178277665 847659437
#r 0 3.4664451634
-201970109 839680212
#r 0 3.4944783526
-221047978 832653792
#r 0 5.9907324836
-211314273 829723110
#r 0 6.1670644587
-204532784 828932079
#r 0 3.4809451847
-207751834 827795727
#r 0 3.4265931618
-209695342 827226325
#r 0 6.2560151730
-208683116 827198816
#r 0 3.3669438959
-209176614 827085684
#r 0 3.3993884728
-209436461 827017172
#r 0 3.3835694754
-209598019 826977297
#r 0 3.5756557525
-209719306 826921075
#r 0 5.0286254150
-209671695 826775573
#r 0 3.2827080218
-209895137 826743831
#r 0 5.0765417402
-209802140 826499841
#r 0 3.3896875055
-210158045 826409686
#r 0 5.5579716537
-210020667 826287923
#r 0 0.0237543614
-209868507 826291538
#r 0 3.4037928890
-209942007 826271812
#r 0 3.5594326225
-209978699 826255521
#r 0 5.7542197205
841216372 -245702053
#r 0 1.3625215405
851554986 -196782598
#r 0 2.0492841443
828533119 -152397988
#r 0 1.5261626073
830764064 -102447784
#r 0 1.1299618342
852098780 -57227989
#r 0 1.2192915244
869314329 -10285206
#r 0 1.1393775407
890222330 35133463
#r 0 1.1282193606
911635808 80316014
#r 0 4.1132849279
897538239 59669985
#r 0 4.4964937738
894795773 47165197
#r 0 1.4083566914
895830981 53481924
#r 0 1.2442153290
896860651 56521905
#r 0 1.3874514598
897154201 58105006
#r 1 897258112 58261041
-554460271 622376857
#r 0 1.0534850045
-529733018 665834457
#r 0 3.2711088225
-554523630 662605598
#r 0 3.5824149821
-572715111 654023121
#r 0 3.1797583592
-590968754 653326119
#r 0 3.3940844776
-614140744 647347794
#r 0 3.3838210593
-645543374 639588837
#r 0 0.3190330146
-630186017 644661627
#r 0 3.5743474383
-637527274 641270264
#r 0 0.4581621624
-633900908 643058649
#r 0 0.5570930265
-632183804 644128246
#r 1 -632065147 644060054
-710372218 -603481641
#r 0 0.8886352536
-678848621 -564671039
#r 0 0.7891547579
-643626347 -529183134
#r 0 0.9230655858
