701687785 -541700890
#r 0 2.0714176165
677689251 -497836663
#r 0 1.7809327845
667259583 -448936540
#r 0 2.2740118580
634925897 -410798203
#r 0 5.5651054616
653752658 -427246699
#r 0 5.2664801882
660474920 -438110987
#r 0 5.1336082196
663086788 -443940584
#r 0 1.7945676828
662378017 -440826238
#r 0 4.5718861998
662154373 -442407490
#r 1 662243164 -441911296
-499127383 633119407
#r 0 4.8501322224
-492261979 583592988
#r 0 5.2551391554
-466437334 540778414
#r 0 3.2734145376
-516003537 534206392
#r 0 1.8543788159
-529993379 582209354
#r 0 2.0482542805
-552969524 626617650
#r 0 2.0095625715
-574210669 671881474
#r 0 5.2890945646
-560579036 650924886
#r 0 2.1414275129
-567331077 661444388
#r 0 5.2767289486
-563988214 656163503
#r 0 1.9144984845
-565041261 659105732
#r 1 -565569752 659018164
-483608482 -622730427
#r 0 6.2032275321
-433768228 -626724057
#r 0 6.2073202361
-383912047 -630513673
#r 0 0.8205168073
-349819884 -593938758
#r 0 0.0115052644
-299823193 -593363507
#r 0 6.1194405588
-250492005 -601514207
#r 0 6.0190807287
-202225673 -614566457
#r 0 1.2341275029
-185708435 -567373440
#r 0 6.0980835241
-136562559 -576575769
#r 0 2.7210507434
-159384254 -566369389
#r 0 6.1021846462
-147088454 -568619564
#r 0 1.5952637823
-147249856 -562024274
#r 0 6.1354206117
-138320988 -563353333
#r 0 6.0384222876
-131850348 -564969511
#r 0 6.0612559758
-125740766 -566348114
#r 0 1.4415675512
-124781325 -558965127
#r 0 0.9966037501
-119027115 -550070067
#r 0 6.0784165266
-103468507 -553301273
#r 0 5.9861049620
-84125228 -559223026
#r 0 4.8862653500
-79347447 -586423589
#r 0 5.1474402697
-67113306 -612747778
#r 0 5.4201936028
-400050622 -282770132
#r 0 0.1493360779
-350607118 -275331050
#r 0 0.0389181292
-300644979 -273385635
#r 1 -300937163 -273097540
301295572 728310821
#r 0 3.3499042052
252376497 717970409
#r 0 1.6396236866
248937845 767852026
#r 0 4.1948741672
236569797 746125743
#r 0 4.1967132208
228608594 732080713
#r 0 4.3700955338
223969799 719062071
#r 0 3.9523998543
214177697 708759267
#r 0 0.6948669883
219636795 713309706
#r 0 0.9576873113
221708773 716254711
#r 0 0.8120744547
222948763 717562687
#r 1 222712300 717160878
538670319 187274473
#r 0 2.1837364215
509906578 228172483
#r 0 1.7645489062
500279448 277236914
#r 0 3.5155609160
453735197 258971299
#r 0 3.8291316189
415094686 227239439
#r 0 5.2762379391
441816851 184979223
#r 0 5.3345962375
470958360 144349524
#r 0 3.2293535541
421150786 139967110
#r 0 3.4241546243
373133573 126026263
#r 0 1.4457090071
379371642 175635602
#r 0 0.6140785747
420236878 204445886
#r 0 6.1856411251
469999195 199576408
#r 0 0.7299031344
507261145 232916281
#r 0 3.2713571065
482471335 229681267
#r 0 3.3020368677
466387524 227078339
#r 0 0.7194083409
472515314 232446415
#r 0 1.8099151337
471291660 237465854
#r 0 4.9501549379
471900091 234955310
#r 0 5.2358882831
472545786 233836677
#r 0 5.9863182894
473210669 233633285
#r 0 0.9292389622
473622268 234184312
#r 0 3.4435581882
-356518068 -65592954
#r 0 0.2796070682
-308459870 -51794054
#r 0 3.4823071549
-332022774 -60148069
#r 0 4.7558791286
-331477294 -72682781
#r 0 1.2513656069
-329507318 -66726832
#r 0 0.4529709755
-326340838 -65185628
#r 0 3.8032249577
-327730105 -66267483
#r 0 0.0008517700
-326849697 -66266733
#r 0 0.3806536969
-326295023 -66044769
#r 0 3.6353993105
-326558055 -66186356
#r 0 0.1195251400
-326409762 -66168546
#r 0 4.6408683730
-326415792 -66252718
#r 0 0.0154511505
-326295569 -66250860
#r 0 4.9712174570
-326269195 -66350473
#r 0 0.3283230601
-326123993 -66301010
#r 0 0.1447989825
-325971568 -66278783
#r 0 1.5207224258
-325961577 -66079418
#r 0 1.2995293126
-325916663 -65917927
#r 0 6.2196046879
-325717539 -65930605
#r 0 5.6840588981
-325474473 -66096584
#r 0 0.0303502865
-325063570 -66084109
#r 0 3.7039338400
-276446552 932869643
#r 0 3.7754522717
-316733933 903256691
#r 0 3.6400714968
-360649474 879352189
#r 0 0.5694376168
-339594367 892831151
#r 0 0.3989924758
-328018380 897711658
#r 0 0.3014729186
-322015290 899578324
#r 0 3.4397568358
-325019906 898654928
#r 0 0.1684395287
-323470496 898918406
#r 1 -323518063 898867243
-550539604 -271667289
#r 0 1.0911639992
-527466953 -227309057
#r 0 1.2049119833
-509578191 -180618670
#r 0 1.1283425231
-488170278 -135433482
#r 0 4.3029156632
-498123434 -158366747
#r 0 4.0617002474
-505703346 -168323393
#r 0 1.0236232619
-502448092 -162980100
#r 0 0.6924946370
-500014662 -160961476
#r 0 3.8412447353
-501224122 -161979471
#r 1 -501083167 -161714804
-618319202 -169265767
#r 0 1.7239943700
-625949177 -119851361
#r 0 1.2621060738
-610758624 -72214746
#r 0 1.3002256205
-597394553 -24033820
#r 0 5.2875838836
-583794594 -45010977
#r 0 1.5298174552
-583282501 -32521471
#r 0 5.4571404512
-579046320 -37116823
#r 0 1.6103704149
-579169957 -33994271
#r 0 1.6638298168
-579372864 -31819560
#r 0 3.9161665347
-580153393 -32583372
#r 0 1.7003920297
-580264522 -31730673
#r 0 2.0353603056
-580827777 -30606738
#r 0 1.5103429066
-580713848 -28724464
#r 0 1.5614241424
-580688116 -25978931
#r 0 4.7511869666
-580634866 -27350724
#r 0 5.4729660584
-580160598 -27849140
#r 0 1.5937326184
-580168487 -27505229
#r 0 1.5421717264
-580161456 -27259678
#r 0 5.5287212664
-580071961 -27343801
#r 0 1.5523400188
-580070828 -27282399
#r 0 1.9481678652
-580088042 -27238970
#r 0 1.3476182094
755102565 -188650360
#r 0 4.2891666139
734567533 -234238872
#r 0 2.3365989658
699911744 -198197559
#r 0 2.1342176412
673207654 -155925919
#r 0 3.1199058800
623219411 -154841665
#r 0 0.6968979690
642390333 -138795614
#r 0 0.8715354149
653737406 -125303669
#r 0 2.4682655585
639553345 -113989272
#r 0 2.4383972995
619045720 -96603616
#r 0 1.5951520927
618067587 -56451332
#r 0 3.9338188388
603964689 -70748147
#r 0 3.7198643818
591431906 -78928308
#r 0 0.4904383332
598032925 -75403685
#r 0 1.2385589912
599262633 -71839589
#r 0 6.2092877801
601669579 -72017781
#r 0 3.7027464475
600647881 -72659978
#r 0 3.7444016946
599984785 -73116366
#r 0 3.7227970861
599371785 -73519040
#r 0 3.7319880407
598672736 -73987493
#r 1 598443786 -74120327
380790345 -501424583
#r 0 5.6781073294
421913232 -529865894
#r 0 5.7398108241
464711675 -555717263
#r 0 2.6876371014
442243687 -544754166
#r 0 2.5928273278
431494195 -538181844
#r 0 5.6492623510
436569960 -541913244
#r 0 2.6305621990
433822514 -540372717
#r 1 434345392 -540169876
-579009961 358478730
#r 0 0.6587577297
-539472297 389085480
#r 0 0.1200791344
-489832339 395075019
#r 0 5.8018804945
-445512757 371928212
#r 0 5.6010173752
-406702371 340404349
#r 0 0.2022055407
-357721070 350445870
#r 0 0.7496018747
-321123061 384513240
#r 0 0.2733536403
-272979513 398011344
#r 0 4.7395014673
-271624055 348029720
#r 0 4.9933891990
-257758216 299990793
#r 0 4.9174557134
-247576591 251038423
#r 0 4.8843326929
-239021705 201775720
#r 0 1.8918782417
-246911539 225498082
#r 0 4.8078012001
-245720695 213054937
#r 0 1.6927903444
-246481268 219258486
#r 0 5.2698317555
-244828088 216606578
#r 0 2.1492572921
-245682362 217914866
#r 1 -245920448 218312037
299350043 -849072587
#r 0 1.8880481044
283752210 -801567770
#r 0 1.4924955297
287663251 -751720967
#r 0 3.6534131781
244070535 -776209231
#r 0 0.7046932361
263115792 -760014228
#r 0 0.5960609646
273836967 -752741308
#r 0 3.7639155982
268573718 -756517277
#r 0 3.7090521668
265840640 -758259314
#r 1 265486623 -758745767
547958642 -796389549
#r 0 2.5604739763
506166189 -768941583
#r 0 1.7423847040
497628808 -719675843
#r 0 0.7831124834
533064866 -684401407
#r 0 1.1385198028
554011816 -639000688
#r 0 4.2648353818
543192782 -661538401
#r 0 4.3566481865
538838205 -673258494
#r 0 1.5183200260
539166108 -667015642
#r 0 4.6289898256
538905727 -670130506
#r 1 538811179 -669385203
120566706 -818818612
#r 0 1.2212550915
137690047 -771842116
#r 0 2.8803087768
89387091 -758926063
#r 0 2.6180222636
46085111 -733927292
#r 0 2.7434828651
-4661 -714543460
#r 0 2.4264840444
-37755763 -681758489
#r 0 5.5865846003
-18580072 -697798840
#r 0 5.6502750647
-8497751 -705195045
#r 0 2.9555730077
-14642030 -704038720
#r 0 6.1872907025
-11530323 -704338034
#r 1 -10600254 -704674021
137093106 -178832048
#r 0 0.1452249551
186566775 -171596297
#r 0 2.2476464466
155249743 -132618823
#r 0 1.6454820497
151518928 -82758207
#r 0 4.8287141410
154420503 -107589253
#r 0 0.7117160751
163902425 -99410934
#r 0 3.8245312624
159045768 -103361986
#r 0 3.8818216039
156732627 -105475062
#r 0 3.8128144656
155505958 -106449337
#r 1 155558568 -106451094
-671832205 450572368
#r 0 1.2131383201
-654328135 497408332
#r 0 4.1297572935
-668083718 476532895
#r 0 3.4709701918
-680493591 472290834
#r 0 3.3144170473
-692010360 470280399
#r 0 1.1019462517
-685637824 482861411
#r 0 4.2257047391
-688935765 476628727
#r 0 5.5057252973
-686422195 474154749
#r 0 1.0842021007
-684832325 477160053
#r 0 4.0339084149
-685899242 475836583
#r 0 1.0892970735
-685505608 476589924
#r 0 4.1741212360
-685723479 476225028
#r 0 5.6589812899
-685550499 476100435
#r 0 4.9863837764
-685491336 475889937
#r 0 3.3052685590
-685694277 475856421
#r 0 4.0220156946
-685759845 475777037
#r 0 3.9000808932
-685814860 475724906
#r 0 1.1560039068
-685799588 475759588
#r 0 5.4560887030
-685784895 475743616
#r 0 5.2235378623
-685774679 475725402
#r 0 4.1821984731
-685788263 475702229
#r 0 3.3957376468
-468532303 -84888903
#r 0 1.2243486765
-451554369 -37859659
#r 0 2.4494087175
-490047070 -5948658
#r 0 2.2922376193
-523070448 31594071
#r 0 2.5233488562
-563815329 60574317
#r 0 2.7959164134
-610857656 77515967
#r 0 3.2589173278
-660513924 71663182
#r 0 0.0126922802
-635515938 71980480
#r 0 6.1831969865
-622943066 70719133
#r 0 6.1832786135
-616044851 70027653
#r 0 6.2472577835
-611493072 69864048
#r 0 6.1776267209
-607675313 69459547
#r 0 6.2319043784
-603349922 69237542
#r 0 6.1509766833
-597810790 68500924
#r 0 6.2021163898
-589907587 67858813
#r 0 6.1469288836
-578480133 66292041
#r 0 2.4408428877
-582888329 70010667
#r 0 5.7143332159
-580458847 68457377
#r 0 5.2210299634
-579744613 67176415
#r 1 -579355486 66936560
242220329 -192797614
#r 0 1.9791643434
222364725 -146909108
#r 0 2.5058749611
182132436 -117221350
#r 0 1.3144478075
194809941 -68855237
#r 0 5.7357128577
237502087 -94881775
#r 0 1.7730097858
232481133 -70391164
#r 0 2.7772390934
214867391 -63673610
#r 0 1.7748109912
212768841 -53530449
#r 0 1.6648383950
211660371 -41778254
#r 0 1.7565118812
208715944 -26106453
#r 0 1.7237417273
205291600 -3891982
#r 0 3.3609351995
173178193 -11050998
#r 0 1.0766078876
180981118 3431576
#r 0 1.2000587656
185580490 15263917
#r 0 0.7799083935
195351435 24928166
#r 0 1.4413413701
197319222 40043713
#r 0 5.1376761894
200463738 33101091
#r 0 5.3614356695
203377120 29261131
#r 0 2.2502301146
201862768 31135966
#r 1 201823624 31567971
474168597 127670696
#r 0 2.0291516217
452044909 172509768
#r 0 3.4290337306
404096286 158334807
#r 0 1.6932855968
397987126 207960185
#r 0 5.3525663980
412920569 187910441
#r 0 6.2061395691
428306785 186722647
#r 0 1.8853620177
422534901 204462144
#r 0 1.9175282050
414094288 227822034
#r 0 4.4060459783
410349035 215981208
#r 0 3.8251639038
403848522 210685987
#r 0 0.5015927090
407524262 212701661
#r 0 6.1607408132
409672243 212437330
#r 0 0.5781809945
411182986 213423198
#r 0 1.9039726328
410743024 214694479
#r 0 2.9572858543
410081572 214817789
#r 0 1.7032975496
410002715 215409440
#r 0 3.5603268506
409697356 215273538
#r 0 2.5268672880
409304404 215550952
#r 0 3.5285198849
408781281 215337796
#r 0 1.7246113234
408651463 216175115
#r 0 3.6935651477
407924029 215727145
#r 0 3.4504427612
595496296 -707793242
#r 0 2.9505315894
546406131 -698298204
#r 0 2.4772221450
507040878 -667470021
#r 0 3.2923491710
457607991 -674979327
#r 0 2.9163153035
408871381 -663810491
#r 0 3.3227572887
359689655 -672819255
#r 0 3.2136624922
309819450 -676419628
#r 0 3.7918352690
270022603 -706688605
#r 0 3.2034002463
220118077 -709777017
#r 0 2.0366704080
197657882 -665105554
#r 0 1.8100117492
185810859 -616529345
#r 0 3.9843800475
152541628 -653854380
#r 0 0.8367277652
169289025 -635293005
#r 0 0.7220451955
178670064 -627031191
#r 0 0.8713055007
182758242 -622172516
#r 0 3.9997435141
180682374 -624574754
#r 0 3.9808778058
179621782 -625756284
#r 1 179826548 -625585677
677928845 -196320030
#r 0 1.7325672712
669875531 -146972850
#r 0 1.4226246682
677257035 -97520718
#r 0 0.9932109870
704557163 -55631543
#r 0 4.1405972157
691028672 -76654860
#r 0 0.9856306736
697932890 -66234603
#r 0 4.2375342954
695075333 -71793097
#r 0 1.1815595572
696261215 -68901851
#r 1 696160644 -69600266
134234208 -184258840
#r 0 1.7382615834
125900028 -134958318
#r 0 2.0598535064
102410338 -90819509
#r 0 2.0483264902
79430986 -46412872
#r 0 5.8422903689
102040239 -57081597
#r 0 2.8533897658
90055786 -53528726
#r 0 2.1919611483
86334715 -48329296
#r 0 5.3384339261
88207915 -50919900
#r 0 5.3628983411
89175943 -52191934
#r 1 88796415 -51821415
-222667336 -46611794
#r 0 5.9523630098
-175378558 -62852836
#r 0 3.0394910034
-200248361 -60304727
#r 0 6.2436571706
-187758126 -60798700
#r 0 3.6255913376
-193290258 -63706964
#r 0 0.3620293149
-190367821 -62600175
#r 0 0.6328023654
-189089280 -61662473
#r 1 -188741308 -61376329
219528894 970092025
#r 0 3.1380220052
169529213 970270557
#r 0 4.6219057208
165011221 920475098
#r 0 2.5449825353
123648974 948567170
#r 0 5.5531230199
142277295 931894269
#r 0 2.4984778696
132274399 939390405
#r 0 2.5987948651
126882450 942643039
#r 0 2.5020614776
124174784 944657043
#r 0 5.5999960197
125483377 943591914
#r 0 2.6301068196
124747708 944004853
#r 0 2.6493247810
124365197 944209995
#r 0 5.6576508379
124541128 944082921
#r 0 2.5184034203
124453014 944146252
#r 0 2.6323765735
124405642 944172701
#r 0 2.4985427030
124383629 944189195
#r 0 2.6468431381
124371400 944195793
#r 0 2.5007752667
124365189 944200425
#r 0 5.5954682376
124368182 944197966
#r 0 2.4259659044
124366721 944199236
#r 0 5.6390922524
124367494 944198655
#r 0 2.7444358412
124367049 944198842
#r 0 5.6492008792
-384209398 -106897359
#r 0 0.2877536722
-336265208 -92707410
#r 0 3.8131391976
-355836717 -108262346
#r 0 2.8158470472
-369292576 -103717250
#r 0 5.9335189622
-362620928 -106150069
#r 0 3.8037044986
-365422941 -108334223
#r 0 2.4997835632
-369262398 -105464768
#r 0 2.3524038256
-374092635 -100597772
#r 0 1.0319593691
-369012671 -92100714
#r 0 5.8307121555
-359635874 -96658859
#r 0 4.9341970977
-358292855 -102614102
#r 0 3.5832723972
-361076903 -103930495
#r 0 4.8537638257
-360597909 -107296009
#r 0 0.4916014293
-358456439 -106149365
#r 0 4.9357494933
-358083680 -107790388
#r 0 2.3066727012
-358648468 -107166697
#r 0 4.9435366523
-358552086 -107576214
#r 0 5.9952060524
-358305167 -107649355
#r 0 0.5855554742
-358195751 -107576797
#r 0 4.9295167863
-358169770 -107694568
#r 0 0.6276602218
-358117640 -107656745
#r 0 6.1660068321
615373946 -411111791
#r 0 2.8231382583
567887922 -395456839
#r 0 2.3523201830
532669825 -359964788
#r 0 2.3738956291
496694228 -325240785
#r 0 4.2056478450
472427703 -368957324
#r 0 2.0388054624
449872183 -324333916
#r 0 2.2360494330
419009269 -284995887
#r 0 3.9140078447
383197905 -319889242
#r 0 3.0244174166
333540763 -314043878
#r 0 1.6500104991
329584195 -264200668
#r 0 1.6990970913
323186742 -214611631
#r 0 1.7670825147
313435333 -165571749
#r 0 1.5371911962
315115273 -115599979
#r 0 4.5442037348
310930436 -140247232
#r 0 4.8998114707
313301272 -152748453
#r 0 4.6729015390
313048144 -159155453
#r 0 1.4031931478
313582967 -155994378
#r 1 313334102 -156331368
326662212 790338362
#r 0 2.5580173717
284937314 817888913
#r 0 4.5682687110
277756220 768407281
#r 0 2.0195195689
266910832 790932324
#r 0 1.9446882240
260988708 806026408
#r 0 1.9826052891
255640022 818272029
#r 0 1.9611899317
250064968 831819659
#r 0 1.8352113735
245157972 849943067
#r 0 4.7485913889
245497765 840561240
#r 0 1.8274175127
244306366 845101515
#r 0 1.0840877533
245455991 847274031
#r 1 245213579 846710123
340630368 -61653550
#r 0 3.4529206853
293033988 -76969705
#r 0 2.1126000340
267249878 -34130708
#r 0 2.1055344985
241769089 8889397
#r 0 2.0619169047
218188373 52979644
#r 0 2.2340217948
187405285 92380171
#r 0 5.2303177185
199782325 70659009
#r 0 1.6746527428
198486452 83091655
#r 0 4.9438729157
199920340 77008362
#r 0 4.6344817058
199673201 73842568
#r 1 199832680 74355465
-936931568 -253662529
#r 0 5.6435337122
-896816379 -283508327
#r 0 5.6169267569
-857509401 -314410778
#r 0 2.3541209661
-875150377 -296696492
#r 0 4.9805641699
-871838224 -308749691
#r 0 1.7879411611
-873184739 -302646464
#r 0 1.9093248122
-874225248 -299691161
#r 1 -874064074 -299930242
-55698254 -527054964
#r 0 4.5814973971
-62224162 -576627260
#r 0 1.5866903507
-62621496 -551630418
#r 0 4.8742870681
-60606599 -563966956
#r 0 4.7174996418
-60573985 -570348483
#r 0 4.6450775705
-60792313 -573587134
#r 0 4.6208513245
-60945902 -575260320
#r 0 4.7310448451
-60928446 -576195901
#r 0 5.8930762693
-60296933 -576455568
#r 0 6.1114984731
-59343726 -576620848
#r 0 4.8448081731
-59153570 -578048460
#r 0 5.9902464855
-57533870 -578536988
#r 0 1.0833738273
-56347966 -576299779
#r 0 5.9031109252
-53615306 -577391474
#r 0 1.4830621871
-53236662 -573086741
#r 0 5.9170772231
-48726883 -574815757
#r 0 2.8014008557
-51003417 -574009972
#r 0 5.9751765656
-49852776 -574376029
#r 0 5.9909407271
-49274043 -574550146
#r 0 6.0040856755
-48981701 -574633925
#r 0 5.8698487149
-48838362 -574696794
#r 0 1.6274058951
-176767589 -188188183
#r 0 5.9088014991
-130230932 -206473137
#r 0 0.9083197554
-99477360 -167049568
#r 0 5.4949471378
-64222573 -202505174
#r 0 5.7217295851
-21898525 -229126124
#r 0 2.6767274014
-44245575 -217918565
#r 0 2.2898422270
-52555314 -208425857
#r 0 5.4124150581
-48491466 -213250372
#r 0 5.5708318021
-46103576 -215312624
#r 0 2.5123522690
-47379001 -214384176
#r 1 -47102228 -214541452
133207554 429148051
#r 0 3.1037039205
83243439 431042034
#r 0 4.1351520162
55957905 389143351
#r 0 2.8627317561
7889424 402906387
#r 0 4.7855241333
11542923 353040046
#r 0 2.4287255316
-7369324 369390181
#r 0 2.4214405074
-21210532 381533586
#r 0 2.2996383596
-33233763 394999948
#r 0 2.0389755486
-42682368 413684993
#r 0 2.6794436559
-65824048 425212515
#r 0 5.8674834009
-53998074 419992209
#r 0 5.6578403322
-48746460 416200496
#r 1 -47992253 416238904
420725815 -425022251
#r 0 2.7545499301
374424348 -406149674
#r 0 2.1709273561
346186817 -364886593
#r 0 2.0028893780
325248197 -319482032
#r 0 0.9820064632
353015950 -277901365
#r 0 3.1467585324
303016617 -278159658
#r 0 3.1186509705
253029774 -277012674
#r 0 3.1021755639
203068612 -275042330
#r 0 2.1429675133
175995677 -233005963
#r 0 4.4847732651
170354293 -257361142
#r 0 3.2514208926
151872967 -259399114
#r 0 2.5460995862
129714032 -244385533
#r 0 4.2585119513
112284846 -280112369
#r 0 1.4185558473
115299066 -260466497
#r 0 3.2818609968
104607103 -261976155
#r 0 3.1601260759
89281756 -262260219
#r 0 3.1478244411
67178604 -262397963
#r 0 3.4659823009
36336729 -272769106
#r 0 0.1325997279
52463372 -270618096
#r 0 2.9282952467
44512988 -268896106
#r 0 6.1175157080
48524663 -269566867
#r 0 6.2052874402
-984543034 144270826
#r 0 5.5263075959
-948193860 109938079
#r 0 5.3160388188
-919811308 68774616
#r 0 5.3818440085
-888783371 29566618
#r 0 2.1783926569
-903055762 50092183
#r 0 2.4611174374
-912808780 57986741
#r 0 5.6206599217
-907862208 54127626
#r 0 5.4978416049
-905643227 51908887
#r 0 5.7822538523
-904256674 51149732
#r 1 -903913525 50716709
366737756 485628537
#r 0 4.7071303338
366474825 435629228
#r 0 4.4331904151
352695558 387565397
#r 0 1.3840516272
357337088 412130743
#r 0 0.9690871295
364472923 422523005
#r 0 4.1293737979
361002760 417261088
#r 0 4.2825426617
359688940 414395207
#r 0 1.2935194875
360120443 415911338
#r 1 360422320 416152088
-649282821 -270779598
#r 0 5.5044993037
-613690969 -305896832
#r 0 5.3170334056
-585267490 -347032046
#r 0 2.1280893698
-598489759 -325814799
#r 0 4.7738070290
-597722516 -338291229
#r 0 1.7932950373
-599101687 -332195298
#r 0 1.4906445084
-598845084 -329000700
#r 1 -598262013 -328953686
411724544 245564399
#r 0 1.9886558878
391434289 291262381
#r 0 3.9042103245
355282781 256721558
#r 0 4.2143100005
331395841 212796462
#r 0 3.5539602181
285587115 192757484
#r 0 3.7225195242
243789398 165317534
#r 0 3.5815387389
198550667 144023000
#r 0 3.7208660881
156707637 116652198
#r 0 0.4096909120
179638736 126610344
#r 0 3.6235561015
168562655 120816346
#r 0 3.4621249616
162600093 118836893
#r 0 3.1045989638
159460034 118953108
#r 0 6.2106410228
161027006 118839233
#r 1 160838007 118750381
795592083 -315379132
#r 0 1.7936056404
784543565 -266615106
#r 0 2.4569788989
745810397 -234996414
#r 0 3.2796372270
696286049 -241876742
#r 0 1.6130356132
694174713 -191921339
#r 0 1.6348586165
690973789 -142023903
#r 0 4.1000795122
676604817 -162481973
#r 0 2.5563464317
662315748 -153012714
#r 0 1.6208234226
661058393 -127900212
#r 0 1.4667378112
664801850 -92055612
#r 0 3.8782871564
651454724 -104162074
#r 0 2.5146744536
641085858 -96650814
#r 0 1.8989895454
635108712 -79097168
#r 0 1.4823637779
637549501 -51568578
#r 0 2.5131522215
605244347 -28091492
#r 0 1.2493921124
623306619 26157945
#r 0 1.3274305214
642417545 103129046
#r 0 1.3272413503
670364913 215598795
#r 0 2.0701704512
588087985 366429998
#r 0 5.9026272251
667848298 334521089
#r 0 2.6862422159
629271792 353410891
#r 0 2.9885268823
-521849662 466816098
#r 0 1.1222162095
-500165334 511869288
#r 0 1.8275401564
-512861957 560230386
#r 0 0.2594333476
-464535182 573057031
#r 0 3.4899954774
-488033162 564522105
#r 0 0.9205479117
-480465860 574471273
#r 0 2.1609590718
-484915974 581115302
#r 0 6.0530093750
-481023093 580203087
#r 0 2.2078730150
-482212293 581810092
#r 0 3.7801136970
-483333060 580978205
#r 0 6.1515278644
-482641219 580886589
#r 0 3.7494533424
-482927654 580687305
#r 0 2.1746569905
-483069319 580892670
#r 0 3.7488183723
-483183168 580813568
#r 0 3.8501495882
-483267697 580741125
#r 0 5.4300264969
-483186836 580648490
#r 0 5.4787746007
-483061762 580518568
#r 0 3.7800344921
-483276061 580359531
#r 0 5.8833862438
-482989912 580238617
#r 0 0.2425099654
-482594183 580336512
#r 0 5.4036589755
-482282238 579959527
#r 0 0.9687045292
-558514126 -706353026
#r 0 6.2618532466
-508525502 -707419548
#r 0 1.8256291912
-521129686 -659034276
#r 0 2.4273619440
-558909555 -626282459
#r 0 2.6362878057
-602660902 -602078748
#r 0 1.7773310585
-612914378 -553141377
#r 0 5.9940024037
-564990518 -567399835
#r 0 0.8804871395
-533151737 -528847377
#r 0 6.0865521515
-484115241 -538615801
#r 0 6.2127319530
-434239282 -542135555
#r 0 1.1618435670
-414356849 -496258667
#r 0 5.9565657197
-367000232 -512300825
#r 0 0.4187858802
-321321065 -491968247
#r 0 1.6791382316
-326727569 -442261409
#r 0 5.3700706786
-311445475 -462046696
#r 0 1.5914126194
-311703160 -449549353
#r 0 1.6690158065
-312521911 -441240238
#r 0 1.6327341592
-312962698 -434132736
#r 0 2.0282463466
-316492864 -426961637
#r 0 1.6196766001
-316942564 -417768933
#r 0 5.8991165396
-304715917 -422710189
#r 0 5.8610270633
-218018041 -776753981
#r 0 1.7912636351
-228952323 -727964213
#r 0 0.4763750342
-184519172 -705036172
#r 0 0.7202450070
-146936964 -672057730
#r 0 5.7412299452
-104101878 -697848337
#r 0 5.7441922230
-61190581 -723511942
#r 0 5.9190138975
-14469621 -741320700
#r 0 2.7034463520
-37108112 -730714160
#r 0 2.8067458267
-48978269 -726583946
#r 0 3.1006244777
-55269369 -726326067
#r 0 6.2455581471
-52123406 -726444497
#r 0 3.1642657011
-53697096 -726480183
#r 1 -53684659 -726376896
517252615 315449462
#r 0 5.6032135976
556132140 284010911
#r 0 0.9188040167
586470702 323754736
#r 0 0.9280509378
616440465 363777396
#r 0 3.7880658353
596485134 348718021
#r 0 0.7109727078
605956727 356875160
#r 0 0.1906436515
612118961 358064393
#r 0 3.5005062247
609180947 356962159
#r 0 3.0613504455
607573440 357091426
#r 1 607936208 357091094
-836634468 79323631
#r 0 1.3557325954
-825963983 128171771
#r 0 1.8626417821
-840349990 176057498
#r 0 1.0913008326
-817283409 220418887
#r 0 1.7260640651
-825015640 269817395
#r 0 1.7982663285
-836291311 318529398
#r 0 4.9284407165
-830931940 294110612
#r 0 1.4833776858
-829840598 306562879
#r 0 4.5879413877
-830616389 300361215
#r 1 -829996281 300598761
-478957491 -425697431
#r 0 0.8001626640
-444127990 -389823960
#r 0 3.2328252571
-469024020 -392101612
#r 0 1.8291176375
-473498825 -375166018
#r 0 0.6484012330
-453243626 -359818963
#r 0 5.9394578714
-419952483 -371735071
#r 0 0.7521336451
-390757945 -344420959
#r 0 0.7336934273
-346218745 -304264816
#r 0 1.0077698412
-298207044 -228197476
#r 0 4.1515075594
-322131254 -266282552
#r 0 4.6981138585
-322452264 -288768366
#r 0 1.3971326463
-320509381 -277693443
#r 0 1.7192966276
-321362015 -271994080
#r 0 2.2471012741
-323165621 -269746787
#r 0 5.3651280831
-322290546 -270891371
#r 1 -322491007 -270776271
744680137 283363242
#r 0 4.1506699382
718048043 241046206
#r 0 3.9466528434
683394651 205002588
#r 0 4.0341608677
652023938 166068306
#r 0 0.9597915301
666366206 186545105
#r 0 5.0709215084
670772231 174787189
#r 0 1.9297302774
668566859 180665262
#r 0 1.9710580257
667343685 183556231
#r 1 667556407 183352225
787479252 -388621533
#r 0 3.3961775597
739090856 -401213719
#r 0 2.2705791546
706888278 -362964615
#r 0 2.5494988800
665399580 -335059635
#r 0 3.5281370121
619088714 -353909135
#r 0 2.3193297486
585060467 -317274747
#r 0 2.7690132495
538490892 -299073793
#r 0 4.0895650016
509324331 -339685512
#r 0 4.2254657797
485928886 -383874347
#r 0 3.5867435102
440801600 -405404049
#r 0 2.3593858840
405333608 -370161723
#r 0 2.8256052722
357809108 -354623967
#r 0 2.8958724861
309310988 -342461221
#r 0 4.6207963394
304737757 -392251637
#r 0 2.7537258663
258451858 -373340911
#r 0 2.7330162345
212567491 -353475745
#r 0 1.3104701109
225437280 -305160442
#r 0 1.8862366341
209925526 -257627448
#r 0 2.0522902536
186770338 -213312245
#r 0 3.4249056915
138763609 -227289152
#r 0 2.0216362683
116977524 -182285080
#r 0 3.9793016570
734374273 161323653
#r 0 3.7622569910
693699659 132244867
#r 0 3.3408082604
644688553 122349841
#r 0 2.6842268676
599827611 144429150
#r 0 4.1885685368
574818013 101133423
#r 0 4.1521076790
548246787 58778140
#r 0 3.1686906036
498265143 57423408
#r 0 2.9779732011
448932934 65567927
#r 0 4.4279077798
434899957 17577558
#r 0 2.9899496052
385473747 25130684
#r 0 4.1021000878
356818536 -15843440
#r 0 2.6888641113
311855689 6027601
#r 0 3.9052211592
275739115 -28549748
#r 0 2.7167175735
230184603 -7939399
#r 0 2.7059521171
184854607 13160161
#r 0 2.7658067449
138343633 31510346
#r 0 2.7275796105
92567943 51624674
#r 0 2.2910238657
59590157 89207458
#r 0 3.3498873228
10670908 78867871
#r 0 0.0998945165
35546274 81361082
#r 0 0.3906937004
47239231 86177014
#r 0 0.2653115483
-835925574 -325109799
#r 0 4.0502993007
-866663891 -364545263
#r 0 4.2363672195
-889576234 -408986511
#r 0 1.5429119576
-888879215 -383996231
#r 0 4.7239608801
-888734569 -396495393
#r 0 4.4090608504
-890604335 -402469343
#r 0 1.1815713017
-889416642 -399573586
#r 1 -889431794 -400062638
191098699 -491490599
#r 0 5.2090538208
214923499 -535449431
#r 0 5.0250723969
230304151 -583025008
#r 0 5.4524618440
264021237 -619945979
#r 0 5.0358030778
279911512 -667353775
#r 0 5.3382950313
309203102 -707875408
#r 0 2.1310916236
295917193 -686697953
#r 0 4.6451694184
295077581 -699169722
#r 0 1.3597043169
296387130 -693058456
#r 0 1.5313091644
296513019 -689872023
#r 1 296269487 -689839521
76967052 -918743877
#r 0 1.7561318726
67753235 -869600153
#r 0 1.5601937277
68283355 -819602963
#r 0 1.6052746814
66559779 -769632679
#r 0 1.6666105423
61776395 -719862013
#r 0 1.5521288575
62709714 -669870725
#r 0 1.6900962845
56758856 -620226115
#r 0 1.1760714311
75986569 -574070995
#r 0 4.2376129041
64558086 -596305873
#r 0 4.4455187355
61240618 -608440364
#r 0 4.4505739064
59608781 -614530080
#r 1 59704799 -615230027
-458212991 -390070259
#r 0 0.7393492846
-421267632 -356379897
#r 0 1.1994243054
-403122919 -309788381
#r 0 0.0216884298
-353134678 -308704045
#r 0 2.1488213021
-380453220 -266826876
#r 0 0.0730750987
-330586660 -263176372
#r 0 6.2261037542
-280668095 -266028900
#r 0 6.1794689571
-230936781 -271205425
#r 0 2.3079417558
-247741210 -252695666
#r 0 6.2325240644
-235257248 -253328661
#r 0 0.7886511866
-228776079 -246805187
#r 0 2.2842827347
-236791981 -237544768
#r 0 1.2911254369
-232076386 -221125452
#r 0 0.9360818662
-217225143 -200957008
#r 0 1.4445242650
-212718239 -165454895
#r 0 0.6916467220
-171393953 -131233910
#r 0 0.6418572365
-110475125 -85701069
#r 0 0.8993259420
-41671296 882718
#r 0 1.1240215175
29929844 150337132
#r 0 5.1131870015
62258075 74043477
#r 0 1.8624967539
50343535 113723482
#r 0 4.9476971331
-561441965 -303326039
#r 0 1.7563876510
-570668352 -254184674
#r 0 1.6710981274
-575675037 -204435974
#r 0 1.8521202516
-589556426 -156401538
#r 0 1.0148225369
-563167892 -113932193
#r 0 1.7648147952
-572808068 -64870324
#r 0 1.1680760342
-553211945 -18870411
#r 0 5.9698884194
-505645812 -34280246
#r 0 0.8623920678
-473114672 3689807
#r 0 2.2014961322
-502600176 44070558
#r 0 2.1833035010
-531346209 84981016
#r 0 1.0354349555
-505838615 127985233
#r 0 2.5369860418
-546974904 156407156
#r 0 2.4692748374
-586093916 187547210
#r 0 2.6993675207
-631283999 208944790
#r 0 2.5066038243
-671537915 238603216
#r 0 5.5401943998
-653126703 221690877
#r 0 2.0573801380
-658971814 232740069
#r 0 5.1853685132
-656124685 227176226
#r 1 -656091814 227253258
-143029320 -288205830
#r 0 0.0628153508
-93127932 -285067128
#r 0 2.0008213384
-113972609 -239619362
#r 0 6.1015749947
-64794903 -248650044
#r 0 6.0609325087
-16024736 -259671422
#r 0 6.2035885874
33816957 -263647057
#r 0 5.8410969282
79009965 -285038457
#r 0 2.6795422694
56631457 -273893847
#r 0 2.5778621666
46061402 -267211896
#r 0 5.8237338507
51665483 -269984603
#r 0 3.0954950234
48542560 -269840542
#r 0 0.0764729025
50101114 -269721122
#r 1 49666817 -269753931
-217724255 370576245
#r 0 1.6225276239
-220309666 420509357
#r 0 3.2730612275
-269878188 413954848
#r 0 0.4782026144
-247682602 425459452
#r 0 5.4714308200
-238110430 415368923
#r 0 0.6704374554
-230851576 421124950
#r 0 0.7379106924
-226945081 424676992
#r 0 0.6768308628
-223890883 427130836
#r 0 0.6965907375
-221003810 429545807
#r 0 0.6302609370
-217342902 432216492
#r 0 2.4304948654
-221918021 436157679
#r 0 0.6800552853
-215802390 441103713
#r 0 0.7447402290
-208052040 448248138
#r 0 0.7030692370
-196484629 458052082
#r 0 0.5903732968
-178015582 470428125
#r 0 0.6599417688
-152171062 490483772
#r 0 0.5603899505
-110805783 516440191
#r 0 2.3734169623
-163155211 567016803
#r 0 5.4869362792
-137700645 541003747
#r 0 5.5145047901
-124609368 528343023
#r 0 5.5975120654
-117555660 522572470
#r 0 5.4263499262
231282029 -813119927
#r 0 2.3608980651
195760785 -777931275
#r 0 2.0167955878
174192805 -732822271
#r 0 1.2479024664
190058415 -685406214
#r 0 1.9090821890
173464885 -638239968
#r 0 2.0107604341
152169535 -593001620
#r 0 2.1122191784
126401742 -550152806
#r 0 2.1122079626
100634429 -507303703
#r 0 1.7208746851
93158648 -457865735
#r 0 2.3703995209
57304669 -423016170
#r 0 1.7834778258
46750582 -374142749
#r 0 1.9796533376
26872542 -328263958
#r 0 1.4398577739
33400778 -278691969
#r 0 1.7023342865
26842829 -229123902
#r 0 1.1855295826
45633146 -182788991
#r 0 1.5323722817
47553876 -132825897
#r 0 1.9828352626
27529954 -87010588
#r 0 1.7223247596
19982493 -37583512
#r 0 1.2016073587
38025451 9047504
#r 0 1.2517336293
53709286 56523996
#r 0 1.5525207654
54623013 106515646
#r 0 4.8849707068
-173650117 941397434
#r 0 0.0755883885
-123792889 945173255
#r 0 0.1097401947
-74093660 950649258
#r 0 0.1949229245
-25040530 960333804
#r 0 0.1088990575
24663288 965768001
#r 0 0.4047823622
70622694 985458937
#r 0 3.6916657450
49310537 972390199
#r 0 0.6474596592
59280769 979929725
#r 0 0.3292758252
65250782 981969773
#r 0 0.5491469504
67982674 983641505
#r 0 3.6574534115
66589668 982851561
#r 1 67039812 983190061
-974261600 -135035256
#r 0 0.2562948018
-925894806 -122360350
#r 0 1.3935071159
-917076710 -73144081
#r 0 1.5029727473
-913688130 -23259038
#r 0 1.1388733653
-892757233 22149084
#r 0 1.1918257252
-874259018 68601382
#r 0 1.5910473976
-875271502 118591130
#r 0 1.3869492949
-866130846 167748514
#r 0 1.4442594889
-859820874 217348759
#r 0 1.4569471723
-854140706 267025068
#r 0 0.6883334874
-815525419 298787618
#r 0 0.7628466854
-779381822 333336720
#r 0 4.2726639847
-790024088 310715001
#r 0 1.3133289109
-786841185 322802974
#r 0 4.3623851809
-788984318 316931904
#r 0 1.1898417827
-787822422 319832872
#r 0 1.2375032268
-787310751 321310801
#r 1 -787569593 320913788
-219071864 876570219
#r 0 3.0417069912
-268822643 881556201
#r 0 5.1860469242
-246015415 837060916
#r 0 3.9519351279
-280477932 800834753
#r 0 2.7996727548
-327583565 817599576
#r 0 4.5528161310
-335528390 768234814
#r 0 4.5170301570
-345234317 719185910
#r 0 1.4660525040
-342620507 744048894
#r 0 6.2215794687
-330042263 743273019
#r 0 3.1007754079
-336338090 743530140
#r 0 3.0230484672
-339467868 743902905
#r 1 -339423597 743957995
841216372 -245702053
#r 0 2.6772387522
796510817 -223309792
#r 0 2.4202719813
758964105 -190290943
#r 0 2.4880705703
719266738 -159891617
#r 0 2.7178771068
673688359 -139334104
#r 0 2.7017309834
628447830 -118043389
#r 0 2.4276574178
590658285 -85302737
#r 0 1.7640211686
581057049 -36233233
#r 0 2.9901008135
531629697 -28687580
#r 0 2.8125822908
484311569 -12532248
#r 0 2.8823272602
435982640 286280
#r 0 2.9145564039
387265751 11540821
#r 0 3.0087450229
337706315 18163682
#r 0 2.8304415053
290107226 33471418
#r 0 2.8594338341
242084396 47392905
#r 0 2.9710972251
192809355 55876436
#r 0 2.9855451736
143416891 63647183
#r 0 2.8048979044
96224302 80165645
#r 0 2.8781435222
47949426 93186256
#r 0 5.7254641895
69161011 79954906
#r 0 2.4413727845
59602255 88009728
#r 0 2.8126636610
-554460271 622376857
#r 0 3.5940240577
-599429614 600519177
#r 0 1.2900884129
-592503716 624540665
#r 0 1.2892791016
-587210685 642843130
#r 0 1.3508502166
-582997752 661687643
#r 0 1.4504483829
-580081731 685800466
#r 0 1.1495160298
-566095677 717011740
#r 0 4.2806650837
-573251299 701479986
#r 0 2.1947239877
-578247229 708420174
#r 0 5.2968786296
-575888025 704854289
#r 0 5.4285137471
-574482427 703239095
#r 1 -574413935 702970266
-710372218 -603481641
#r 0 0.6984700658
-672080873 -571329302
#r 0 0.8369879003
-638595736 -534197838
#r 0 1.0762022206
-614862014 -490189766
#r 0 0.6591805433
-575337295 -459566302
#r 0 0.7638056523
-539226846 -424982556
#r 0 0.7130661367
-501408861 -392274759
#r 0 1.4016117097
-492989928 -342988640
#r 0 0.7191982088
-455373219 -310049557
#r 0 1.3014360502
-442067477 -261852490
#r 0 2.1564682706
-469705450 -220185447
#r 0 1.0544422145
-445019806 -176704198
#r 0 0.6560240104
-405398620 -146205647
#r 0 2.1032191267
-430779733 -103126660
#r 0 0.6983639533
-392484976 -70978385
#r 0 0.5335640250
-349434983 -45548126
#r 0 1.2782440669
-335015134 2327421
#r 0 0.2635226711
-286741215 15351582
#r 0 0.2300907572
-238058930 26754876
#r 0 0.3489917811
-191073032 43852403
#r 0 0.3944574103
-144912771 63067769
#r 0 0.1218655402
57367412 137137296
#r 0 4.5642283916
49986456 87685082
#r 0 0.0412438354
99943936 89746689
#r 0 3.1968146361
74982045 88366841
#r 0 3.0186164647
62574022 89900471
#r 0 3.3352006148
56302905 88670931
#r 1 56920099 88770115
350298717 99524416
#r 0 3.1413122603
300298719 99538436
#r 0 2.2954420350
267155208 136975152
#r 0 2.3388848312
232417124 172937153
#r 0 3.4468714956
184728965 157909196
#r 0 3.4557129491
137175537 142460199
#r 0 3.4881047902
90147388 125479233
#r 0 3.5325309624
43919792 106426428
#r 0 3.1561488861
-6074911 105698642
#r 0 4.5844752621
-12453170 56107133
#r 0 1.3721799711
-7520343 80615645
#r 0 1.5562845980
-7338049 93176626
#r 0 1.5788929857
-7388999 99469201
#r 0 1.3634872671
-6733796 102584309
#r 0 4.4767988054
-7105310 101036642
#r 1 -7089635 100793323
124361302 -505132095
#r 0 2.4073331400
87244946 -471630212
#r 0 1.8837460317
71851626 -424058732
#r 0 2.3718219221
35948113 -389260201
#r 0 1.7460594981
27229749 -340026167
#r 0 2.5407990799
-14014614 -311761304
#r 0 1.6727494938
-19103446 -262020940
#r 0 2.5253562712
-59906420 -233122544
#r 0 1.6416585611
-63446567 -183248028
#r 0 1.5978845953
-64800815 -133266371
#r 0 0.9664279103
-36388691 -92123313
#r 0 0.8344495964
-2809411 -55076964
#r 0 1.7460894491
-11529250 -5843191
#r 0 1.9266651046
-28949492 41024017
#r 0 1.9314290683
-46592809 87807704
#r 0 1.9566856619
-65411970 134130907
#r 0 1.8376254874
-78595677 182361498
#r 0 0.5913429168
-37086038 210235318
#r 0 1.9218532814
-54280563 257185806
#r 0 0.4933358328
-10242662 280864135
#r 0 1.8806232550
-25487352 328483453
#r 0 2.0161839572
-544744435 413022941
#r 0 3.0897657488
-594677299 415613126
#r 0 3.0432220202
-644435574 420523729
#r 0 2.9751357390
-693744474 428808193
#r 0 0.3347949741
-670132533 437022581
#r 0 2.9611520312
-682429591 439265869
#r 0 3.1486494653
-690133124 439211506
#r 0 3.1926587193
-695632096 438930451
#r 0 3.2382563361
-700756440 438433564
#r 0 3.2126334903
-706695735 438010920
#r 0 3.1029603176
-714633757 438317737
#r 0 3.1409768749
-726109747 438324804
#r 0 3.0771955329
-742942480 439410284
#r 0 3.0767214659
-768053255 441041539
#r 0 3.2754139993
-805371109 436017588
#r 0 3.3821072106
-859690805 422695023
#r 0 0.3948307625
-833877571 433451738
#r 0 3.7725131215
-845168147 425203685
#r 0 0.5659513162
-839267024 428952499
#r 0 0.5441696725
-836263745 430769818
#r 0 3.7611244693
-837692708 429750678
#r 1 -838369118 429480539
-119196968 -904270036
#r 0 1.5341777175
-117366447 -854303555
#r 0 1.7580961246
-126676777 -805178024
#r 0 1.8659769945
-141222412 -757340544
#r 0 1.6418113760
-144770181 -707466569
#r 0 1.6468326393
-148568334 -657611037
#r 0 1.1142174081
-126524332 -612732735
#r 0 1.4797861185
-121980101 -562939664
#r 0 1.6053789977
-123708890 -512969560
#r 0 1.6265080303
-126493034 -463047135
#r 0 1.5619878822
-126052617 -413049075
#r 0 1.9619363558
-145114747 -366825323
#r 0 1.8323735076
-158044967 -318526157
#r 0 0.9838324061
-130353184 -276894857
#r 0 1.7172555508
-137649993 -227430157
#r 0 0.9727318455
-109497795 -186108810
#r 0 1.0510240402
-84663669 -142712195
#r 0 1.5828580281
-85266739 -92715832
#r 0 1.6579308451
-89617954 -42905523
#r 0 1.6451197914
-93330707 6956441
#r 0 1.7949542867
-104444980 55705522
#r 0 1.6668682227
-804414631 -463783652
#r 0 1.4740123364
-799582983 -414017648
#r 0 0.7340230900
-762458708 -380524541
#r 0 1.0995648843
-739759515 -335974046
#r 0 0.7251809643
-702340545 -302810502
#r 0 0.9422018457
-672940121 -262367764
#r 0 1.1484504692
-652445056 -216761270
#r 0 0.9594069284
-623744770 -175818706
#r 0 1.0635026593
-599454094 -132115582
#r 0 0.4991808912
-555555346 -108180255
#r 0 0.9913766327
-528178424 -66341228
#r 0 1.3948745104
-519427634 -17112947
#r 0 0.9781674099
-491500455 24360812
#r 0 0.8899083447
-460026293 63211515
#r 0 1.1135802947
-437953703 108075763
#r 0 1.2917882289
-424183591 156142217
#r 0 0.8045761143
-389512755 192169056
#r 0 0.9070187110
-358707917 231552580
#r 0 1.2176973873
-341417556 278467859
#r 0 1.2615662981
-326201292 326096268
#r 0 0.7728246599
-290404219 361004284
#r 0 0.6555748681
551441948 -761356956
#r 0 2.0895466835
