701687785 -541700890
#r 0 2.1347935408
701687785 -540700890
#r 0 2.0312423830
703985774 -545333890
#r 0 2.0634521136
-499127383 633119407
#r 0 4.3843492977
-499127383 632119407
#r 0 4.3764968012
-512651484 593381912
#r 0 4.3183475152
-483608482 -622730427
#r 0 0.8087204867
-483608482 -621730427
#r 0 0.8128135964
-599569005 -744230077
#r 0 0.5995003339
-400050622 -282770132
#r 0 3.3079802854
-400050622 -281770132
#r 0 1.9786885563
-399647733 -282702471
#r 0 1.3797933740
301295572 728310821
#r 0 5.0050654132
301295572 727310821
#r 0 2.0928015898
301928412 726210666
#r 0 1.9323883077
538670319 187274473
#r 0 4.6890806620
538670319 186274473
#r 0 3.6639785590
538646689 186260869
#r 0 2.3138208896
-356518068 -65592954
#r 0 1.6081858060
-356518068 -64592954
#r 0 1.4559834163
-356546313 -64837881
#r 0 1.4625361747
-276446552 932869643
#r 0 4.9690993508
-276446552 931869643
#r 0 4.5810326507
-276358667 932534847
#r 0 4.2645367040
-550539604 -271667289
#r 0 5.9987708746
-550539604 -270667289
#r 0 0.2676552377
-552304594 -271151312
#r 0 4.9611298352
-618319202 -169265767
#r 0 4.9429303859
-618319202 -168265767
#r 0 1.5598871836
-618329627 -169221351
#r 0 1.7600870244
755102565 -188650360
#r 0 0.8856849922
755102565 -187650360
#r 0 0.7938803129
759941544 -182728587
#r 0 0.8969720833
380790345 -501424583
#r 0 1.6494912173
380790345 -500424583
#r 0 1.2123186306
380725199 -500598461
#r 0 0.5119278720
-579009961 358478730
#r 0 2.0832074889
-579009961 357478730
#r 0 0.4202174033
-578560426 357679597
#r 0 5.2148309334
299350043 -849072587
#r 0 3.6664553792
299350043 -848072587
#r 0 3.4787732127
303727005 -846538165
#r 0 3.5860212046
547958642 -796389549
#r 0 1.8003916819
547958642 -795389549
#r 0 1.4122611198
547863707 -795983351
#r 0 2.9339460881
120566706 -818818612
#r 0 1.4698733036
120566706 -817818612
#r 0 1.4915484221
120198697 -822452656
#r 0 1.3737143873
137093106 -178832048
#r 0 5.0448584402
137093106 -177832048
#r 0 0.1939855130
136769754 -177895572
#r 0 3.2519277829
-671832205 450572368
#r 0 0.8422736274
-671832205 449572368
#r 0 1.0999689264
-670647174 451900490
#r 0 1.0062071488
-468532303 -84888903
#r 0 6.1279349297
-468532303 -83888903
#r 0 1.6006379176
-468502312 -84893597
#r 0 1.7381229398
242220329 -192797614
#r 0 0.3534245804
242220329 -191797614
#r 0 1.0187447679
241423289 -193091653
#r 0 5.3585181202
474168597 127670696
#r 0 4.7298241319
474168597 126670696
#r 0 3.2749324715
474185993 126673029
#r 0 5.2085399880
595496296 -707793242
#r 0 3.4006994353
595496296 -706793242
#r 0 1.6717470653
595594942 -707767094
#r 0 2.8011051226
677928845 -196320030
#r 0 4.9472039786
677928845 -195320030
#r 0 4.7699732216
678004795 -196637510
#r 0 3.5574233039
134234208 -184258840
#r 0 3.7179322078
134234208 -183258840
#r 0 2.6016936771
135034694 -183738565
#r 0 5.5549759610
-222667336 -46611794
#r 0 5.2923230791
-222667336 -45611794
#r 0 0.1113302393
-223277711 -45680029
#r 0 2.4792022433
219528894 970092025
#r 0 4.1374953074
219528894 969092025
#r 0 4.0750234845
214346032 962092480
#r 0 4.7174208628
-384209398 -106897359
#r 0 4.3131714868
-384209398 -105897359
#r 0 0.6077248700
-383612331 -105482076
#r 0 4.5830656729
615373946 -411111791
#r 0 5.3288259372
615373946 -410111791
#r 0 3.0940579031
614640687 -410076909
#r 0 5.3515097768
326662212 790338362
#r 0 2.1747541334
326662212 789338362
#r 0 3.5850485963
327181865 789585202
#r 0 4.8799401778
340630368 -61653550
#r 0 1.9128205021
340630368 -60653550
#r 0 2.7116977288
340204903 -60458477
#r 0 2.8192262624
-936931568 -253662529
#r 0 1.0663803696
-936931568 -252662529
#r 0 6.1254847645
-936424070 -252743232
#r 0 0.6005475252
-55698254 -527054964
#r 0 5.0991028741
-55698254 -526054964
#r 0 0.8847899980
-55970199 -526387153
#r 0 0.5363803570
-176767589 -188188183
#r 0 1.1855073174
-176767589 -187188183
#r 0 2.4014267462
-176471655 -187458487
#r 0 2.0020698860
133207554 429148051
#r 0 3.0972531151
133207554 428148051
#r 0 2.0551545702
132668814 429171954
#r 0 5.0185759513
420725815 -425022251
#r 0 0.2064552004
420725815 -424022251
#r 0 0.4155256132
416411325 -425925875
#r 0 3.9780607000
-984543034 144270826
#r 0 5.1970993341
-984543034 143270826
#r 0 1.1699781446
-984308224 143824939
#r 0 5.3100520362
366737756 485628537
#r 0 2.6564793358
366737756 484628537
#r 0 2.6203304173
345511569 496817443
#r 0 2.5346393998
-649282821 -270779598
#r 0 6.0982850830
-649282821 -269779598
#r 0 5.9427431204
-643301885 -271898252
#r 0 0.3802908990
411724544 245564399
#r 0 4.3228973864
411724544 244564399
#r 0 1.7751032823
411586852 245228942
#r 0 4.8962620655
795592083 -315379132
#r 0 6.0158026133
795592083 -314379132
#r 0 3.5062250131
794066863 -314961310
#r 0 5.8918849010
-521849662 466816098
#r 0 4.8770885347
-521849662 465816098
#r 0 3.0373268257
-521680515 465798398
#r 0 6.0852629942
-558514126 -706353026
#r 0 1.3928007976
-558514126 -705353026
#r 0 1.4345243591
-559090786 -709558482
#r 0 1.4569319811
-218018041 -776753981
#r 0 2.5492146732
-218018041 -775753981
#r 0 2.6129853412
-229259371 -769188507
#r 0 2.5071857254
517252615 315449462
#r 0 4.1350923171
517252615 314449462
#r 0 0.4070809148
516346981 314058984
#r 0 6.0843273908
-836634468 79323631
#r 0 3.0841192073
-836634468 78323631
#r 0 0.6167125478
-835329827 79248566
#r 0 3.2181940236
-478957491 -425697431
#r 0 3.0656219891
-478957491 -424697431
#r 0 1.2534191555
-479277959 -425673038
#r 0 3.8293592606
744680137 283363242
#r 0 4.8096447216
744680137 282363242
#r 0 1.2940778423
744752754 282618933
#r 0 4.1508941248
787479252 -388621533
#r 0 2.6586915418
787479252 -387621533
#r 0 1.4762891858
787388950 -388574187
#r 0 2.6651104974
734374273 161323653
#r 0 4.9268126304
734374273 160323653
#r 0 1.2454464032
734506612 160715957
#r 0 4.9928551528
-835925574 -325109799
#r 0 5.6309236842
-835925574 -324109799
#r 0 5.6670149858
-853899553 -311381648
#r 0 0.6266117397
191098699 -491490599
#r 0 2.7707176328
191098699 -490490599
#r 0 0.5303543246
190073335 -491091865
#r 0 0.3028009809
76967052 -918743877
#r 0 0.9512579951
76967052 -917743877
#r 0 1.3459181651
76630299 -919216041
#r 0 1.2761524586
-458212991 -390070259
#r 0 1.0440512968
-458212991 -389070259
#r 0 1.4411237936
-458381089 -390359308
#r 0 4.7331515350
-561441965 -303326039
#r 0 0.1030598960
-561441965 -302326039
#r 0 0.0352699544
-546766673 -301808227
#r 0 3.4654357161
-143029320 -288205830
#r 0 1.7018507163
-143029320 -287205830
#r 0 6.1218774222
-143164019 -287183912
#r 0 6.1831976027
-217724255 370576245
#r 0 1.5031772392
-217724255 369576245
#r 0 1.5391077624
-217664662 371456212
#r 0 1.5490104207
231282029 -813119927
#r 0 0.8123838138
231282029 -812119927
#r 0 4.7219737407
231291518 -813109911
#r 0 4.8941505614
-173650117 941397434
#r 0 5.9231193097
-173650117 940397434
#r 0 5.3234003039
-174601387 941755567
#r 0 6.0060667802
-974261600 -135035256
#r 0 5.4488770169
-974261600 -134035256
#r 0 0.5747909784
-974832805 -134405253
#r 0 0.3740476565
-219071864 876570219
#r 0 5.2503507971
-219071864 875570219
#r 0 0.5935003334
-218646446 875857222
#r 0 0.3976238829
841216372 -245702053
#r 0 1.9375700378
841216372 -244702053
#r 0 1.3844838033
841089921 -245372887
#r 0 1.2066083998
-554460271 622376857
#r 0 5.0091711397
-554460271 621376857
#r 0 4.0455276174
-554240024 621656657
#r 0 0.1262697313
-710372218 -603481641
#r 0 6.0156792794
-710372218 -602481641
#r 0 0.1865030709
-712533114 -602889393
#r 0 0.3920698242
57367412 137137296
#r 0 6.1770876999
57367412 136137296
#r 0 2.6271523143
55187364 137369466
#r 0 3.1428735175
350298717 99524416
#r 0 3.1394111839
350298717 98524416
#r 0 3.0863518595
331471849 99565486
#r 0 3.0220040945
124361302 -505132095
#r 0 4.0000558066
124361302 -504132095
#r 0 0.5739553206
126316761 -502867767
#r 0 4.6675833435
-544744435 413022941
#r 0 5.9844526327
-544744435 412022941
#r 0 4.7836464608
-544817418 413045416
#r 0 6.2536270841
-119196968 -904270036
#r 0 2.0561550062
-119196968 -903270036
#r 0 2.3238189301
-120403234 -901983021
#r 0 2.3505987169
-804414631 -463783652
#r 0 0.3369748399
-804414631 -462783652
#r 0 0.6642863759
-806725918 -464593381
#r 0 0.7942832804
551441948 -761356956
#r 0 1.6186305193
551441948 -760356956
#r 0 1.6838820896
551359197 -759628326
#r 0 1.2332085474
27156741 -865736728
#r 0 1.6407787911
27156741 -864736728
#r 0 1.1034040098
27095193 -864858681
#r 0 0.5303927349
940217810 -146619311
#r 0 4.0457734745
940217810 -145619311
#r 0 2.8359436380
940848100 -145818191
#r 0 2.9228103669
-914055295 46387478
#r 0 0.3714501174
-914055295 45387478
#r 0 2.4617720548
-914890091 46062298
#r 0 2.4436795987
-936955659 -34943340
#r 0 1.6418738131
-936955659 -33943340
#r 0 0.2832316825
-937025411 -33963642
#r 0 1.6954738591
-369379595 277222742
#r 0 4.0143764101
-369379595 276222742
#r 0 5.0002735208
-369598454 276961853
#r 0 1.6064533998
-821124475 11788443
#r 0 5.4148186937
-821124475 10788443
#r 0 1.0375201267
-820776695 11377574
#r 0 5.7324445522
-490967586 616064171
#r 0 4.1432104685
-490967586 615064171
#r 0 5.3778219376
-491320059 615513269
#r 0 4.1383094113
-678074763 -588467848
#r 0 1.0518256384
-678074763 -587467848
#r 0 1.5004970888
-678155079 -588608459
#r 0 1.8702785302
217643120 -215305082
#r 0 1.6677554845
217643120 -214305082
#r 0 5.6708686005
217538724 -214231757
#r 0 0.9627739183
-682169509 -158834214
#r 0 2.5730468880
-682169509 -157834214
#r 0 5.2606575982
-681167985 -159474107
#r 0 0.9332165238
557597791 508080141
#r 0 3.1668738985
557597791 507080141
#r 0 3.8399486490
558825998 508111198
#r 0 2.6870253754
639262792 -399950495
#r 0 2.3424980684
639262792 -398950495
#r 0 5.1074868170
639992637 -400700612
#r 0 5.1856057464
61684808 -566926225
#r 0 5.1658681964
61684808 -565926225
#r 0 0.4469730311
61289743 -566115591
#r 0 0.2126549729
523190902 523430949
#r 0 2.9237621367
523190902 522430949
#r 0 2.6798929661
519570664 524232262
#r 0 0.5470183817
-97120665 -106773775
#r 0 6.2477077228
-97120665 -105773775
#r 0 0.0963027064
-104691031 -106505084
#r 0 2.4293656779
-565009351 514254679
#r 0 0.9377500849
-565009351 513254679
#r 0 0.9213984483
-586888670 484437843
#r 0 3.1880476825
334580786 -482417867
#r 0 3.3287451445
334580786 -481417867
#r 0 2.4739384664
335603478 -482224201
#r 0 3.6227463019
-302732954 278207160
#r 0 4.5221170140
-302732954 277207160
#r 0 1.1061180188
-303045728 276583221
#r 0 5.8079181631
-258338693 -552221732
#r 0 2.9291919173
-258338693 -551221732
#r 0 5.3486206330
-257460013 -552411222
#r 0 3.1458666458
-571070279 -284224233
#r 0 6.1912577971
-571070279 -283224233
#r 0 5.4670542258
-570040676 -284319149
#r 0 6.1106610759
481874853 641887316
#r 0 6.1925636575
481874853 640887316
#r 0 3.5640003567
483725560 641719141
#r 0 4.1039985160
-479273610 -106822827
#r 0 5.2832854008
-479273610 -105822827
#r 0 4.8290193356
-479130305 -107045962
#r 0 2.6976245186
-4238218 -621301856
#r 0 4.4572705026
-4238218 -620301856
#r 0 4.5621843795
-4598825 -622684543
#r 0 4.2395915286
-213551122 -22815755
#r 0 0.0652222392
-213551122 -21815755
#r 0 1.5835831326
-213538345 -22814920
#r 0 1.4155812528
-874003763 -51756842
#r 0 4.9854405781
-874003763 -50756842
#r 0 2.1368517635
-874504497 -49968803
#r 0 2.1835111921
-191082364 -706539912
#r 0 0.5226254420
-191082364 -705539912
#r 0 0.1633208302
-188650839 -705139224
#r 0 5.9770432215
-712230836 221529366
#r 0 0.1578111208
-712230836 220529366
#r 0 0.0549600522
-721835239 220000975
#r 0 0.0719997274
-780382671 126943689
#r 0 0.6804458075
-780382671 125943689
#r 0 0.2009859486
-782033756 125607302
#r 0 0.4629343767
-236286024 -513307999
#r 0 3.6388206007
-236286024 -512307999
#r 0 3.7462374340
-243030533 -516968302
#r 0 3.6831442294
432125842 146983063
#r 0 3.4371243346
432125842 145983063
#r 0 2.7175996198
430802771 146580258
#r 0 3.4313058558
-261116530 -918750953
#r 0 1.5202816422
-261116530 -917750953
#r 0 2.3240787191
-261068559 -917802109
#r 0 2.0048050563
118024946 613168088
#r 0 6.0417741722
118024946 612168088
#r 0 3.1345642709
122205821 612138703
#r 0 4.8980863847
-464226731 -787773296
#r 0 0.8739786495
-464226731 -786773296
#r 0 2.2102641887
-463832958 -787302762
#r 0 0.1874355439
-243669211 -909135288
#r 0 0.5138757295
-243669211 -908135288
#r 0 0.9903666439
-244710404 -909722998
#r 0 1.0204367255
-477273716 873997373
#r 0 3.6694706227
-477273716 872997373
#r 0 4.7660032658
-477325753 873967032
#r 0 3.7174373801
-723337552 322551553
#r 0 1.9409678914
-723337552 321551553
#r 0 5.4090369044
-722613736 320686339
#r 0 0.5112034698
-109826943 -461038229
#r 0 3.5416490057
-109826943 -460038229
#r 0 4.5903088151
-109956347 -461092949
#r 0 5.0914777019
273596302 -710435175
#r 0 5.6118881721
273596302 -709435175
#r 0 5.7270702312
267809833 -705838591
#r 0 5.7357769544
-495340295 -231301155
#r 0 4.9305293139
-495340295 -230301155
#r 0 4.9457371329
-498631022 -216455831
#r 0 4.9573684810
-335666797 -774290530
#r 0 0.4008698118
-335666797 -773290530
#r 0 0.3566818589
-316135387 -766012749
#r 0 0.4575026733
-44434562 -424288087
#r 0 0.0880238371
-44434562 -423288087
#r 0 1.8228213895
-44182783 -424265867
#r 0 1.6125196698
482272679 648017210
#r 0 6.1804663132
482272679 647017210
#r 0 6.2422221085
498376862 646357162
#r 0 5.6513805647
-848718430 -335529233
#r 0 5.7976067331
-848718430 -334529233
#r 0 5.7949507262
-554640067 -490720895
#r 0 1.1188660970
-538168394 -366123595
#r 0 4.9758016089
-538168394 -365123595
#r 0 4.6782784551
-538198685 -366011273
#r 0 4.6525824567
780704324 -493859950
#r 0 2.2962060618
780704324 -492859950
#r 0 2.8423529722
779483760 -492483402
#r 0 2.7228382211
101574837 -660299922
#r 0 5.3151841391
101574837 -659299922
#r 0 5.2238762877
104618303 -664721969
#r 0 3.1010684686
274165912 -778182756
#r 0 0.9736007976
274165912 -777182756
#r 0 2.1660365440
274505210 -777683808
#r 0 1.5517552563
-30247511 -354320033
#r 0 1.8586702534
-30247511 -353320033
#r 0 2.0308867308
-30983164 -351835549
#r 0 1.0658780147
196232884 -273237791
#r 0 6.1277826380
196232884 -272237791
#r 0 1.5559562224
196218077 -273235471
#r 0 4.6551973453
-43571381 -254057842
#r 0 4.4555540087
-43571381 -253057842
#r 0 3.9755417463
-43201752 -252650459
#r 0 4.4031743090
245238934 77228773
#r 0 5.3820656658
245238934 76228773
#r 0 0.6555131771
245731060 76607188
#r 0 0.7832929502
691449954 36763389
#r 0 5.1835103561
691449954 35763389
#r 0 3.5574433325
691865791 35947025
#r 0 2.9975833527
305194638 -415436078
#r 0 0.7490395409
305194638 -414436078
#r 0 1.6231403558
305244596 -415389627
#r 0 1.6444040420
326597884 -216545057
#r 0 5.4050953375
326597884 -215545057
#r 0 5.0136607524
327094592 -217143575
#r 0 5.9325469214
48717586 -293671845
#r 0 6.0474576310
48717586 -292671845
#r 0 0.6173884033
47665139 -293419054
#r 0 0.7211900593
530625494 -89118625
#r 0 4.6530254798
530625494 -88118625
#r 0 5.4110864919
530681000 -88184699
#r 0 2.2800976385
42124448 645983829
#r 0 2.1058504587
42124448 644983829
#r 0 1.0480255165
42416633 645490878
#r 0 5.0675152704
-178491570 670902010
#r 0 3.7812921548
-178491570 669902010
#r 0 3.6292808615
-183172023 667419394
#r 0 0.4006658082
78464923 432039983
#r 0 1.5846589466
78464923 431039983
#r 0 2.8656068962
78478841 431036041
#r 0 5.9550980367
160031141 -417843750
#r 0 0.2321295231
160031141 -416843750
#r 0 2.6535023822
161334364 -417535680
#r 0 6.0935712128
-430166093 553065446
#r 0 5.0133913602
-430166093 552065446
#r 0 2.8317963817
-429821406 551955111
#r 0 4.8979166220
17710008 853207122
#r 0 0.4021956496
17710008 852207122
#r 0 0.3865732423
-36848377 829998871
#r 0 3.9728395904
14875479 -715975258
#r 0 1.9090930236
14875479 -714975258
#r 0 0.8534542700
14624767 -715262647
#r 0 3.2495877644
-415569731 -638404763
#r 0 2.2140161329
-415569731 -637404763
#r 0 2.1774944715
-406204262 -650899376
#r 0 0.7440589566
-773961145 -176289730
#r 0 0.3445478723
-773961145 -175289730
#r 0 0.7477282633
-775720160 -176920974
#r 0 6.1942977457
940988252 -325744210
#r 0 1.8202346731
940988252 -324744210
#r 0 3.4010277058
940749641 -324807541
#r 0 3.4429489563
-826089410 389315028
#r 0 0.5007784362
-826089410 388315028
#r 0 5.5542128176
-826783670 388935050
#r 0 0.3647007338
787581078 -76307990
#r 0 6.2236347750
787581078 -75307990
#r 0 5.0055672814
787888488 -76326318
#r 0 3.0324786482
-720594767 -54294382
#r 0 4.6452611791
-720594767 -53294382
#r 0 0.4365656507
-720525361 -53261998
#r 0 4.5523519325
594911311 732837332
#r 0 3.3291177824
594911311 731837332
#r 0 5.3759634456
594230472 732708140
#r 0 5.0497495799
288809318 -738112341
#r 0 0.8596027505
288809318 -737112341
#r 0 0.7220580783
292381929 -733965886
#r 0 0.7467776792
-344837829 -486706031
#r 0 4.8794083385
-344837829 -485706031
#r 0 4.9549336925
-345366994 -483567259
#r 0 4.8382968891
-62712054 -847301326
#r 0 0.6882426406
-62712054 -846301326
#r 0 0.5395481473
-58239189 -843622905
#r 0 2.1244890031
-250419138 -693493865
#r 0 4.2157748405
-250419138 -692493865
#r 0 4.4668194438
-250885411 -694354283
#r 0 4.3563122890
366755340 -91389671
#r 0 1.9857875548
366755340 -90389671
#r 0 0.4687718247
366395131 -90572089
#r 0 5.4373666043
961566412 68953195
#r 0 4.4471599740
961566412 67953195
#r 0 2.0853967271
961382930 68277705
#r 0 3.7933519243
597164501 -516317146
#r 0 0.5239673964
597164501 -515317146
#r 0 0.4433585269
606877771 -510704412
#r 0 1.7828998463
-877313621 -335845740
#r 0 5.7405013699
-877313621 -334845740
#r 0 0.0597402511
-878822155 -334935968
#r 0 5.7841690729
-380835327 -806301119
#r 0 1.6226273743
-380835327 -805301119
#r 0 0.4166910843
-380886040 -805323565
#r 0 1.6600603879
822465216 -184570263
#r 0 1.8491837500
822465216 -183570263
#r 0 1.7256275907
822809082 -185773393
#r 0 1.2533823821
186036512 447263379
#r 0 4.9749307309
186036512 446263379
#r 0 1.8768407403
187834565 440572826
#r 0 2.7481752431
-324336703 -906969741
#r 0 1.3584005315
-324336703 -905969741
#r 0 2.1158662003
-324177630 -906232090
#r 0 0.5349101501
-23877194 30146238
#r 0 4.2547846353
-23877194 29146238
#r 0 0.8884548316
-25127382 27607624
#r 0 0.9056834921
-646955563 126488175
#r 0 5.2792533790
-646955563 125488175
#r 0 5.3366942354
-641488006 117898863
#r 0 1.6742861199
647455009 119171730
#r 0 4.1676635296
647455009 118171730
#r 0 4.1444516471
635445949 99350589
#r 0 2.2066628423
-614105525 708095676
#r 0 5.3940050986
-614105525 707095676
#r 0 4.7201197196
-614113330 708105296
#r 0 6.0178844102
-144601442 -246545691
#r 0 0.5665413573
-144601442 -245545691
#r 0 5.6658891476
-143858464 -246073083
#r 0 1.0453106250
-755786970 456770808
#r 0 2.2328991280
-755786970 455770808
#r 0 2.1434713960
-759517144 461556274
#r 0 5.1272575697
-942398078 -178453409
#r 0 6.0233750417
-942398078 -177453409
#r 0 6.0257652711
711522906 98276513
#r 0 4.4401612236
711522906 97276513
#r 0 5.4010260934
711314451 97529785
#r 0 3.8653996056
-865732126 -389513957
#r 0 0.1878557447
-865732126 -388513957
#r 0 1.0507029241
-866374774 -389636123
#r 0 6.2638508888
457994694 -775492143
#r 0 2.7583450717
457994694 -774492143
#r 0 2.9617878295
453478296 -773671207
#r 0 1.7947819687
223679184 -734348721
#r 0 2.1169338474
223679184 -733348721
#r 0 0.0816824292
223100190 -733396120
#r 0 2.8182758011
590989480 604339845
#r 0 5.4958350462
590989480 603339845
#r 0 0.2638404697
591774379 603551876
#r 0 0.2444295348
33739637 326385330
#r 0 4.5125221340
33739637 325385330
#r 0 5.7993137931
33556556 325481547
#r 0 5.6895881733
107088828 -31836439
#r 0 1.0709434589
107088828 -30836439
#r 0 6.2713060389
107631419 -30842885
#r 0 6.1415246523
-86557720 15314172
#r 0 0.7155134335
-86557720 14314172
#r 0 2.2625069988
-87039282 14895617
#r 0 2.7313566798
187576655 288198927
#r 0 5.3578876112
187576655 287198927
#r 0 5.3637833455
249443040 206052779
#r 0 5.1933773186
376013911 294524797
#r 0 1.8026137021
376013911 293524797
#r 0 0.6383655637
376214787 293673848
#r 0 3.3746695285
278966036 620220652
#r 0 2.6237273059
278966036 619220652
#r 0 3.2083966665
280536796 619325741
#r 0 4.4704927726
-721859489 -551390151
#r 0 1.7463241072
-721859489 -550390151
#r 0 0.2164967357
-722030184 -550427694
#r 0 1.0381305615
388898961 -22604958
#r 0 3.4348598237
388898961 -21604958
#r 0 2.0377667941
389336508 -22472830
#r 0 3.6562594484
-862956667 140643757
#r 0 5.5849677725
-862956667 139643757
#r 0 3.5981215549
-862205001 140012925
#r 0 3.7375589772
-64393835 -548376194
#r 0 5.0541702898
-64393835 -547376194
#r 0 0.1396312977
-64732638 -547423811
#r 0 5.1512636583
-682022435 430113840
#r 0 1.0517127582
-682022435 429113840
#r 0 2.4630994982
-682413606 429429191
#r 0 0.6542887017
129522077 617343422
#r 0 5.7477570535
129522077 616343422
#r 0 5.7656878638
171208717 592613568
#r 0 2.0850739236
-709725211 -135667791
#r 0 2.4322402819
-709725211 -134667791
#r 0 5.9475604417
-711687606 -133983265
#r 0 5.9899366021
882172595 169931446
#r 0 0.8038975595
882172595 168931446
#r 0 1.8438410052
881955611 169706282
#r 0 3.5996799978
29768177 179516482
#r 0 5.9549546934
29768177 178516482
#r 0 4.2575117995
30187432 179373705
#r 0 0.9783961260
258981388 553416150
#r 0 2.3154188065
258981388 552416150
#r 0 5.7276979203
261134767 551079589
#r 0 5.8176226423
867622611 474026919
#r 0 3.9230555957
867622611 473026919
#r 0 3.7669427581
863920874 470354202
#r 0 3.5700557928
494169261 705240858
#r 0 2.6684341498
494169261 704240858
#r 0 3.8092249184
494938283 704847161
#r 0 4.1231779119
122469093 -725635014
#r 0 1.2646491893
122469093 -724635014
#r 0 1.1901164496
123972924 -720877326
#r 0 5.3393931695
-603116602 -663308573
#r 0 0.7096488083
-603116602 -662308573
#r 0 0.3927497620
-600867618 -661376880
#r 0 1.2282655589
-145539966 -887360284
#r 0 1.5451469048
-145539966 -886360284
#r 0 0.0923730135
-145514250 -886357902
#r 0 0.4073058785
682414660 608429595
#r 0 0.9234557012
682414660 607429595
#r 0 0.9833000545
688003608 615822221
#r 0 0.7303563169
-490982295 -354183775
#r 0 4.3240490142
-490982295 -353183775
#r 0 4.3203303968
-452075286 -259083519
#r 0 0.0174700150
-802812116 -220135267
#r 0 5.5109523114
-802812116 -219135267
#r 0 5.0985127521
-802139090 -220790801
#r 0 0.6026263544
250470454 471718324
#r 0 0.2731338610
250470454 470718324
#r 0 2.4008847408
249633300 471483808
#r 0 0.9019442274
439852827 37625603
#r 0 2.1065978554
439852827 36625603
#r 0 2.7549221578
440635864 36306775
#r 0 3.6331063751
-160210028 -311873695
#r 0 1.6578782625
-160210028 -310873695
#r 0 1.8631864150
-160332994 -310465194
#r 0 2.2326574261
378118500 -176315695
#r 0 2.0186338779
378118500 -175315695
#r 0 2.0468601212
371087052 -161678762
#r 0 6.0498190401
-866575725 -214630372
#r 0 5.7918951086
-866575725 -213630372
#r 0 0.9196312075
-867117054 -214340736
#r 0 5.6364783918
135413484 36622920
#r 0 1.3058685658
135413484 35622920
#r 0 3.5752088000
135103203 35479258
#r 0 1.7546024051
133848038 926203271
#r 0 6.2154273069
133848038 925203271
#r 0 6.1011462863
125243294 926787205
#r 0 4.9539427264
152317393 -838586251
#r 0 2.2525525651
152317393 -837586251
#r 0 5.7827175971
150858113 -836788156
#r 0 5.7176086990
866394399 -388688067
#r 0 3.5470141448
866394399 -387688067
#r 0 1.6843850310
866503154 -388641390
#r 0 1.3049714257
-110683473 -855371776
#r 0 2.4792711802
-110683473 -854371776
#r 0 1.7367235698
-110490850 -855521989
#r 0 1.7017012871
-778756986 -564076853
#r 0 0.2635768897
-778756986 -563076853
#r 0 1.6935940088
-778637545 -564044621
#r 0 0.6239638566
-737950047 -439455128
#r 0 1.7125359436
-737950047 -438455128
#r 0 1.6119496835
-737892169 -439860729
#r 0 1.8627097087
-609784449 -471338019
#r 0 0.0182791856
-609784449 -470338019
#r 0 6.2634041915
-583513540 -470857755
#r 0 6.1382999626
-23189346 649857189
#r 0 0.7341565980
-23189346 648857189
#r 0 1.2377510145
-22686408 650311055
#r 0 1.4246043866
919027675 186956176
#r 0 1.0926270179
919027675 185956176
#r 0 0.9624213478
917002119 183047995
#r 0 2.5139195521
-462062882 -817316296
#r 0 0.2666278023
-462062882 -816316296
#r 0 1.3396323350
-462314424 -817385000
#r 0 0.3290494668
-122964257 -333624352
#r 0 3.0402634577
-122964257 -332624352
#r 0 2.0581507107
-122404075 -333681310
#r 0 0.5632716722
-340634393 559951828
#r 0 6.1903890738
-340634393 558951828
#r 0 3.9802777657
-339805033 559874645
#r 0 0.5094652516
-909594700 -252680642
#r 0 5.6745736513
-909594700 -251680642
#r 0 5.6472125481
-885468344 -269493198
#r 0 5.5981630377
43912064 302995607
#r 0 4.0782931115
43912064 301995607
#r 0 0.5439940078
42587420 301194367
#r 0 6.1863423776
117420708 890129395
#r 0 0.4033026057
117420708 889129395
#r 0 4.0825518777
118478569 890580775
#r 0 5.6872061620
-468178342 -347725758
#r 0 1.7779273884
-468178342 -346725758
#r 0 1.7909970450
-471615400 -331370108
#r 0 1.8485844222
71200613 -222501511
#r 0 3.6644780710
71200613 -221501511
#r 0 3.6549749826
150617584 -176725607
#r 0 4.9870315123
-243623499 -789879633
#r 0 2.0197829597
-243623499 -788879633
#r 0 0.2132981702
-244059777 -788974128
#r 0 2.0466192880
-769324329 107708350
#r 0 0.7767515565
-769324329 106708350
#r 0 0.5145202962
-771719274 105354468
#r 0 1.6685143894
635566251 196520845
#r 0 2.7310141887
635566251 195520845
#r 0 1.2806150304
635830510 196405808
#r 0 4.4000816893
195202581 -473800941
#r 0 2.8308433952
195202581 -472800941
#r 0 2.3470649826
196636738 -474261526
#r 0 1.5937932195
308865562 -904406367
#r 0 2.5991090594
308865562 -903406367
#r 0 2.8955372262
306021957 -902692212
#r 0 2.7027963284
710295145 -265660052
#r 0 3.0099383224
710295145 -264660052
#r 0 4.7299738964
710312773 -265662386
#r 0 4.7403523925
-659887626 -690524746
#r 0 1.1344874069
-659887626 -689524746
#r 0 6.1092279046
-659456661 -689600481
#r 0 1.1582104146
582191960 -738122481
#r 0 3.1877387243
582191960 -737122481
#r 0 2.9889975107
587192722 -737891552
#r 0 2.3335981333
619956929 619639294
#r 0 3.4603596222
619956929 618639294
#r 0 0.1694418154
613665218 617562894
#r 0 4.1091088659
279378978 182926265
#r 0 2.3027214291
279378978 181926265
#r 0 4.8419677885
279226561 183095920
#r 0 1.6407335969
-31041134 -356688329
#r 0 1.9054308228
-31041134 -355688329
#r 0 1.9202765678
-38616343 -334902418
#r 0 1.9392030051
531322273 778893238
#r 0 5.4842828289
531322273 777893238
#r 0 5.4716102892
493434262 817818624
#r 0 2.9494308196
-409016762 -551302065
#r 0 5.6761110154
-409016762 -550302065
#r 0 6.2291136633
-410578168 -550217555
#r 0 3.8871221758
-242530425 -410578653
#r 0 0.4572615438
-242530425 -409578653
#r 0 4.6583400917
-242586006 -410606001
#r 0 1.4199429045
280793211 -921368331
#r 0 2.3323079386
280793211 -920368331
#r 0 2.4270840396
275285176 -915590668
#r 0 2.2727369672
730390034 137322819
#r 0 3.4143428886
730390034 136322819
#r 0 3.9947164923
731545023 137645894
#r 0 3.9370295410
336241334 349827929
#r 0 1.7832407334
336241334 348827929
#r 0 4.8229942088
336012406 350889260
#r 0 1.7935680375
182629508 -60733374
#r 0 5.4559823179
182629508 -59733374
#r 0 5.8750133484
181102443 -59072980
#r 0 3.5627132767
-14583895 -391538609
#r 0 5.1960571199
-14583895 -390538609
#r 0 2.1227882189
-18155773 -384738686
#r 0 2.0354155193
-529968658 -541423045
#r 0 6.0224726402
-529968658 -540423045
#r 0 1.6709108197
-529865442 -541450582
#r 0 1.6877590669
-295721070 -115687762
#r 0 4.4523917905
-295721070 -114687762
#r 0 0.6882848074
-295380549 -114407699
#r 0 6.1396292738
-860392259 105310463
#r 0 3.5501958911
-860392259 104310463
#r 0 3.3871870543
-865877203 102935638
#r 0 3.3721494693
134282577 690186611
#r 0 3.7708805919
134282577 689186611
#r 0 2.3802644799
133687696 689753523
#r 0 3.5493957208
120775521 105317247
#r 0 1.1199817779
120775521 104317247
#r 0 6.2755587918
120293241 104320925
#r 0 3.0039090554
705482076 -427802156
#r 0 3.9124917644
705482076 -426802156
#r 0 1.3699620950
705228313 -428048665
#r 0 3.0149718746
67711290 -820628312
#r 0 1.2429128325
67711290 -819628312
#r 0 1.9855491867
67903192 -820064162
#r 0 2.1270569557
433987350 508403551
#r 0 3.1484078915
433987350 507403551
#r 0 4.6800076955
434019750 508403772
#r 0 0.4841129532
-118050258 19266698
#r 0 2.9146739543
-118050258 18266698
#r 0 1.8029817232
-118300362 19324446
#r 0 2.6738049099
-797637337 -148047045
#r 0 2.2797239462
-797637337 -147047045
#r 0 0.8089743316
-798088956 -147520477
#r 0 0.6287449343
-297627869 -312378482
#r 0 4.5612322610
-297627869 -311378482
#r 0 2.2395415766
-297500166 -311540088
#r 0 3.0531587895
526708312 738674488
#r 0 4.5780545699
526708312 737674488
#r 0 2.5196182314
526585101 737762817
#r 0 3.8438767368
902408713 326691638
#r 0 4.1727264560
902408713 325691638
#r 0 2.5447714576
901983002 325980900
#r 0 4.0693219966
194389026 724215994
#r 0 1.3909111255
194389026 723215994
#r 0 5.2893581192
194246889 723434382
#r 0 4.4028251399
479784988 -770379991
#r 0 2.7935126046
479784988 -769379991
#r 0 3.0231022835
475683370 -768891701
#r 0 2.8873072735
-131810955 348029062
#r 0 2.4897115443
-131810955 347029062
#r 0 2.5057397863
-91905650 317574256
#r 0 3.8433129960
586522933 -217901995
#r 0 3.1048972683
586522933 -216901995
#r 0 5.4657747719
587494322 -217937657
#r 0 4.0193772145
-187748036 23994930
#r 0 4.0777433613
-187748036 22994930
#r 0 2.3725479762
-188177951 23411009
#r 0 2.3438135413
352205545 -810872443
#r 0 2.2707958448
352205545 -809872443
#r 0 1.9763108851
353081138 -811911985
#r 0 1.1333422455
-281264150 625950435
#r 0 0.0850891813
-281264150 624950435
#r 0 0.1535749740
-266875394 627177726
#r 0 0.0181843925
805993669 -555805939
#r 0 2.5658986659
805993669 -554805939
#r 0 1.9749995490
806585824 -556190266
#r 0 2.5544909996
109176579 830254230
#r 0 0.6556222061
109176579 829254230
#r 0 5.6505413503
108510927 829742268
#r 0 0.5641473238
454603456 -115132683
#r 0 0.6788892828
454603456 -114132683
#r 0 0.7269792325
442506610 -124892732
#r 0 2.6492829391
-841858840 456991149
#r 0 1.2499567272
-841858840 455991149
#r 0 1.3055949051
-840372440 461463925
#r 0 5.4008908755
-394302774 -111391377
#r 0 2.2053409830
-394302774 -110391377
#r 0 0.5504894013
-394809798 -110702578
#r 0 2.3734005720
-44928054 515757560
#r 0 1.4808898821
-44928054 514757560
#r 0 1.4495005521
-45274213 511917731
#r 0 3.7670928957
-121117037 -740886462
#r 0 2.0436621186
-121117037 -739886462
#r 0 2.1034721397
-124986429 -733322797
#r 0 2.0980420394
-104972969 -794518837
#r 0 5.9678486118
-104972969 -793518837
#r 0 2.3472761354
-103527414 -794990409
#r 0 1.1120559454
-228728329 -70115130
#r 0 3.9162567718
-228728329 -69115130
#r 0 0.6162372765
-225031681 -66497002
#r 0 0.9244164234
211817052 -353830981
#r 0 0.4984140794
211817052 -352830981
#r 0 2.8867866895
213059732 -353154659
#r 0 2.3573505903
714039536 -444378998
#r 0 2.8258994952
714039536 -443378998
#r 0 3.6656826007
712934102 -444017945
#r 0 1.5102784118
210279624 -719446913
#r 0 6.2562888384
210279624 -718446913
#r 0 6.0851476726
216034527 -719601737
#r 0 2.9113324220
-252990652 907596128
#r 0 5.6394728726
-252990652 906596128
#r 0 0.2160881844
-251959560 906822469
#r 0 6.2736865791
-111775591 385835601
#r 0 2.8537946239
-111775591 384835601
#r 0 2.7372050482
-119353733 388078855
#r 0 2.8672614824
-751715650 246572132
#r 0 5.8290306063
-751715650 245572132
#r 0 6.0551436176
-747811092 244665967
#r 0 6.2122192723
734240015 -107718197
#r 0 5.9591539424
734240015 -106718197
#r 0 2.8647065362
714891492 -101219618
#r 0 1.3585546442
451097033 876365304
#r 0 4.5042815934
451097033 875365304
#r 0 3.6839420045
450855079 875219496
#r 0 2.7853423989
-213751703 -188883800
#r 0 5.6942150787
-213751703 -187883800
#r 0 4.5448241158
-213903680 -188782269
#r 0 5.0903363919
-871609781 -439190600
#r 0 6.1412251663
-871609781 -438190600
#r 0 5.8600585907
-868356760 -439655527
#r 0 0.3231209319
873731973 -187795839
#r 0 2.4116649427
873731973 -186795839
#r 0 1.7243414928
873911613 -187956579
#r 0 2.5269337601
476321941 -514170025
#r 0 4.0743067923
476321941 -513170025
#r 0 1.3174477785
475924140 -514706457
#r 0 3.3153739240
648529161 -258031637
#r 0 5.4450298619
648529161 -257031637
#r 0 3.4672636538
647839123 -257264659
#r 0 4.0347476712
-947200162 54478327
#r 0 1.5618105148
-947200162 53478327
#r 0 1.5923051622
-947206500 53772969
#r 0 1.5252297991
-72923073 965837855
#r 0 3.7251333124
-72923073 964837855
#r 0 3.8237737511
-66345616 970180560
#r 0 3.6661390442
533900477 -572149686
#r 0 3.3122701512
533900477 -571149686
#r 0 2.2440068553
534601600 -572028844
#r 0 0.6174339380
-787439174 -505763987
#r 0 1.0652003857
-787439174 -504763987
#r 0 1.2057495212
-788673423 -507993519
#r 0 1.1396791879
-244124713 -774407860
#r 0 2.2217457083
-244124713 -773407860
#r 0 2.2460434702
-259714859 -753940387
#r 0 2.0273340683
912688030 366379819
#r 0 2.6065870891
912688030 365379819
#r 0 2.8009551709
916886068 363891806
#r 0 4.2397754917
65744808 676218049
#r 0 1.2663072916
65744808 675218049
#r 0 2.4489725445
65495544 675424876
#r 0 1.2451883736
-530446177 836542796
#r 0 3.5079367125
-530446177 835542796
#r 0 3.4000367374
-538827918 833327031
#r 0 3.0946598650
-415563059 -298865844
#r 0 4.9881848249
-415563059 -297865844
#r 0 3.1491309158
-415845465 -297867973
#r 0 1.5644550598
-886033412 -228132643
#r 0 5.6194043197
-886033412 -227132643
#r 0 1.1294333265
-886378380 -227862816
#r 0 1.7430255812
-277974413 -935647969
#r 0 1.3688254066
-277974413 -934647969
#r 0 2.1055921801
-277822248 -934904841
#r 0 1.3503838693
200104270 740576328
#r 0 1.1602262352
200104270 739576328
#r 0 1.5392615256
200138280 740654456
#r 0 3.3470423952
-138670661 -326693416
#r 0 0.1674108573
-138670661 -325693416
#r 0 3.3634098048
-156358615 -329682549
#r 0 0.2705351427
-420259027 -893966584
#r 0 0.4897520601
-420259027 -892966584
#r 0 1.2813947350
-420612968 -894155259
#r 0 1.4883498571
-798050443 -196980374
#r 0 1.6117383950
-798050443 -195980374
#r 0 6.1697537503
-798091600 -195975685
#r 0 0.7757409201
-402542994 -134498653
#r 0 1.6745838280
-402542994 -133498653
#r 0 1.8390939734
-402710692 -132888680
#r 0 4.6617760499
508744237 816338581
#r 0 4.0742252351
508744237 815338581
#r 0 3.3360098723
507875700 815167562
#r 0 4.4985860718
-397593185 913590386
#r 0 4.5911455812
-397593185 912590386
#r 0 5.1397878495
-397689312 912801433
#r 0 4.2652428281
-443314379 -868631678
#r 0 0.5378260958
-443314379 -867631678
#r 0 0.4990915698
-423842046 -857016851
#r 0 0.0943334412
-533147680 613971414
#r 0 5.0397268609
-533147680 612971414
#r 0 3.8862306485
-532889060 613209766
#r 0 5.1481736744
-770932227 -336799630
#r 0 5.2099208404
-770932227 -335799630
#r 0 5.1983497007
-751667728 -372270863
#r 0 4.9170864817
-313801222 -169811900
#r 0 3.6963575282
-313801222 -168811900
#r 0 1.7459154389
-313641773 -169713092
#r 0 4.7212507199
396351162 236536477
#r 0 4.0873909058
396351162 235536477
#r 0 3.9448560929
393491179 232572435
#r 0 4.3934886707
653214263 -656222690
#r 0 2.0783469322
653214263 -655222690
#r 0 1.4498517298
653114522 -656043347
#r 0 2.2103193155
-126037657 252119065
#r 0 2.3887381699
-126037657 251119065
#r 0 1.0205268408
-125648097 251754070
#r 0 2.0889138074
795662488 -210263076
#r 0 3.2061346059
795662488 -209263076
#r 0 1.4873590846
795578402 -210268511
#r 0 4.0901769175
-552602322 134431660
#r 0 5.8049103883
-552602322 133431660
#r 0 5.9415441714
-546461164 131247960
#r 0 5.9758201529
-25074801 475442830
#r 0 5.9384408737
-25074801 474442830
#r 0 0.3569015935
-23708594 474952247
#r 0 1.2139467891
-581753711 58339560
#r 0 1.1577977528
-581753711 57339560
#r 0 0.8095427248
-582565027 56488088
#r 0 0.7653874427
-123676106 -141587957
#r 0 0.3207770964
-123676106 -140587957
#r 0 0.5536038384
-127174779 -142750398
#r 0 2.4520002176
-770394741 -202777594
#r 0 0.9852135149
-770394741 -201777594
#r 0 0.9153237291
-765570648 -195503378
#r 0 0.4922167767
226219170 40973701
#r 0 0.8600117807
226219170 39973701
#r 0 5.8086091234
225622269 40280351
#r 0 1.0704769125
-730767039 -317649186
#r 0 4.5918681346
-730767039 -316649186
#r 0 4.6268248586
-731061027 -320076677
#r 0 5.5391569269
313987082 -595303530
#r 0 1.4052148193
313987082 -594303530
#r 0 0.7302188555
314183595 -594127589
#r 0 4.6382130573
422385780 609464897
#r 0 3.4208496464
422385780 608464897
#r 0 3.4456434523
459381430 620073402
#r 0 3.2202522123
-283682688 -708434606
#r 0 5.2024909599
-283682688 -707434606
#r 0 5.1984419971
-229374790 -810226451
#r 0 0.6800872679
-165174039 -771223105
#r 0 2.8190896975
-165174039 -770223105
#r 0 2.8249822021
-318132594 -720109014
#r 0 0.9621250341
-595802012 -385074130
#r 0 5.1517488762
-595802012 -384074130
#r 0 5.1429533307
-575616712 -428021688
#r 0 5.2720046543
277214466 -802769623
#r 0 4.2206256734
277214466 -801769623
#r 0 4.2804111037
273905887 -808946317
#r 0 2.8036758147
-49223034 10182434
#r 0 4.6887826817
-49223034 9182434
#r 0 4.7698119268
-49239771 9473576
#r 0 0.3342574726
606551053 -19018638
#r 0 3.4592172189
606551053 -18018638
#r 0 3.4635021943
396238266 -88160054
#r 0 2.7092823627
-355498144 909755308
#r 0 5.7734230322
-355498144 908755308
#r 0 0.0439201312
-353839756 908828192
#r 0 5.7983932259
47076853 -733059593
#r 0 5.6384108266
47076853 -732059593
#r 0 0.2459021233
46079817 -732309830
#r 0 0.3119400442
-374230082 240356462
#r 0 3.8968514222
-374230082 239356462
#r 0 5.2092604152
-374589065 240018491
#r 0 0.9438479014
57914385 673072022
#r 0 2.4323939627
57914385 672072022
#r 0 2.3966057128
42323451 686451168
#r 0 2.1682991243
-434227853 -134865342
#r 0 1.2727491168
-434227853 -133865342
#r 0 4.8134610589
-434151607 -134617144
#r 0 4.8966383839
-803935016 3201268
#r 0 0.5100342396
-803935016 2201268
#r 0 1.1834658510
-803406461 3496944
#r 0 0.6753013151
612533705 664406426
#r 0 5.8571500858
612533705 663406426
#r 0 5.8766729809
655378512 644962124
#r 0 5.9183671631
-128789750 -864403732
#r 0 1.5255768361
-128789750 -863403732
#r 0 2.5937216048
-128745715 -863430601
#r 0 1.6364528058
49745228 181238661
#r 0 1.5625843851
49745228 180238661
#r 0 3.0738314926
49737020 180239218
#r 0 2.5179046073
582907428 511612935
#r 0 2.8127839643
582907428 510612935
#r 0 0.7507066532
583692289 511345145
#r 0 2.7919604293
616180789 -199370439
#r 0 3.1754092466
616180789 -198370439
#r 0 0.3728096339
613381782 -199465128
#r 0 3.1290366925
144982153 -279834439
#r 0 3.2214479390
144982153 -278834439
#r 0 1.4733089992
144883584 -279842327
#r 0 3.1791223965
-152837913 140842892
#r 0 1.0578125068
-152837913 139842892
#r 0 5.7603257667
-153263142 140087979
#r 0 3.9274041734
549838263 -730153584
#r 0 1.1919490300
549838263 -729153584
#r 0 1.0574771395
551192978 -726750433
#r 0 1.0181930936
-591139324 -247371007
#r 0 3.9157819389
-591139324 -246371007
#r 0 0.5058058586
-588780637 -245064612
#r 0 3.8979979857
-753947354 98952221
#r 0 5.0798382481
-753947354 97952221
#r 0 3.3432417081
-753590503 98025171
#r 0 3.1979717915
-98352464 -743450637
#r 0 2.4233955016
-98352464 -742450637
#r 0 2.4090981162
-59193135 -777671318
#r 0 2.3773601615
611104978 -524723090
#r 0 2.1843486841
611104978 -523723090
#r 0 3.6777309195
610608504 -524018091
#r 0 0.6869484159
-276948858 -364114257
#r 0 0.2857619294
-276948858 -363114257
#r 0 4.6337244134
-277029554 -364137966
#r 0 0.2487764100
-558362802 302376104
#r 0 5.5107596795
-558362802 301376104
#r 0 5.4420570086
-565317757 309152913
#r 0 3.8988128581
-267275647 10250653
#r 0 2.1435046902
-267275647 9250653
#r 0 2.7467250785
