701687785 -541700890
#r 0 5.9909596085
701687785 -540700890
#r 0 2.9789848713
694376882 -539501490
#r 0 5.9717381012
-499127383 633119407
#r 0 4.9506595391
-499127383 632119407
#r 0 5.0022924077
-497820090 627737042
#r 0 5.0141607068
-483608482 -622730427
#r 0 4.3321141528
-483608482 -621730427
#r 0 4.8780724005
-483490585 -622435486
#r 0 1.0763072054
-400050622 -282770132
#r 0 3.6017420730
-400050622 -281770132
#r 0 3.2666238155
-397347540 -281430390
#r 0 0.9253323505
301295572 728310821
#r 0 0.0816078211
301295572 727310821
#r 0 4.8439819990
301164632 728300111
#r 0 4.8267980665
538670319 187274473
#r 0 4.0609203784
538670319 186274473
#r 0 5.5462853205
538219636 186683432
#r 0 5.1727428326
-356518068 -65592954
#r 0 3.4988572980
-356518068 -64592954
#r 0 1.8412127440
-356266856 -65499181
#r 0 3.4253311983
-276446552 932869643
#r 0 4.2564155620
-276446552 931869643
#r 0 3.8465356873
-277288164 931153622
#r 0 4.9123706279
-550539604 -271667289
#r 0 3.9232343449
-550539604 -270667289
#r 0 2.1919843240
-550121149 -271251966
#r 0 3.8588428163
-618319202 -169265767
#r 0 4.9403319898
-618319202 -168265767
#r 0 2.2584664846
-618642469 -167872224
#r 0 4.4692626733
755102565 -188650360
#r 0 0.4835195371
755102565 -187650360
#r 0 2.0813471534
755535363 -188423101
#r 0 2.0382052319
380790345 -501424583
#r 0 6.2131139799
380790345 -500424583
#r 0 1.4216911864
380641692 -501414150
#r 0 6.2065303596
-579009961 358478730
#r 0 5.5997437604
-579009961 357478730
#r 0 5.6808952228
-571127587 352059566
#r 0 4.3726800469
299350043 -849072587
#r 0 1.0426118373
299350043 -848072587
#r 0 3.6683329703
300233197 -847558992
#r 0 0.6452598446
547958642 -796389549
#r 0 1.4552048320
547958642 -795389549
#r 0 1.4535827363
556273696 -724775390
#r 0 1.7395244086
120566706 -818818612
#r 0 3.1852564659
120566706 -817818612
#r 0 1.2735974790
120256282 -818832175
#r 0 4.9594859077
137093106 -178832048
#r 0 0.5641983526
137093106 -177832048
#r 0 2.6763726306
137974334 -178274395
#r 0 1.6464059730
-671832205 450572368
#r 0 1.0499404787
-671832205 449572368
#r 0 4.9358769574
-671994996 450288611
#r 0 5.8767379899
-468532303 -84888903
#r 0 0.2460992470
-468532303 -83888903
#r 0 0.0685648894
-463053404 -83512653
#r 0 1.3002063926
242220329 -192797614
#r 0 1.0189621687
242220329 -191797614
#r 0 1.1739120139
240907257 -194930500
#r 0 1.4599132822
474168597 127670696
#r 0 4.0715610787
474168597 126670696
#r 0 4.1735320590
477182464 131711645
#r 0 4.1001758359
595496296 -707793242
#r 0 1.2365702496
595496296 -706793242
#r 0 1.4906647490
595391836 -708094060
#r 0 1.8075361706
677928845 -196320030
#r 0 0.2778452048
677928845 -195320030
#r 0 4.6161860285
677829613 -196348333
#r 0 0.2859912889
134234208 -184258840
#r 0 3.2188219557
134234208 -183258840
#r 0 2.1963318574
134918272 -184205905
#r 0 5.5441098746
-222667336 -46611794
#r 0 4.1791269422
-222667336 -45611794
#r 0 3.3246828476
-222004588 -45489077
#r 0 4.1137837983
219528894 970092025
#r 0 5.6813499713
219528894 969092025
#r 0 5.6610537520
-384209398 -106897359
#r 0 2.0945340474
-384209398 -105897359
#r 0 1.9796275107
-382475340 -109899872
#r 0 1.9963951957
615373946 -411111791
#r 0 0.3523308757
615373946 -410111791
#r 0 0.2614014404
625359020 -407440557
#r 0 0.3777736967
326662212 790338362
#r 0 1.8122581917
326662212 789338362
#r 0 1.8558879857
328204126 784077205
#r 0 4.2310277287
340630368 -61653550
#r 0 2.1756610925
340630368 -60653550
#r 0 2.2629847994
336468978 -55633912
#r 0 0.8089058930
-936931568 -253662529
#r 0 5.7017424675
-936931568 -252662529
#r 0 6.1190327559
-938965785 -252325575
#r 0 1.3408497338
-55698254 -527054964
#r 0 1.1347069100
-55698254 -526054964
#r 0 0.7617582034
-54859373 -525254836
#r 0 0.9681296000
-176767589 -188188183
#r 0 1.2315415586
-176767589 -187188183
#r 0 2.3787042824
-176503712 -187440440
#r 0 2.1558850259
133207554 429148051
#r 0 2.2411370225
133207554 428148051
#r 0 2.5860439910
134768658 427178971
#r 0 0.6562910874
420725815 -425022251
#r 0 0.1140297893
420725815 -424022251
#r 0 3.3382449280
408919508 -426374387
#r 0 5.6179537022
-984543034 144270826
#r 0 0.8829371421
-984543034 143270826
#r 0 6.0636462488
-985237449 143425775
#r 0 0.3514489191
366737756 485628537
#r 0 4.1400846745
366737756 484628537
#r 0 2.8528880564
366196998 484789143
#r 0 2.9070123132
-649282821 -270779598
#r 0 5.8045065212
-649282821 -269779598
#r 0 5.8397198596
-672055787 -258961962
#r 0 5.8325398430
411724544 245564399
#r 0 3.3509941419
411724544 244564399
#r 0 5.6772278124
410620103 245329687
#r 0 1.9801090412
795592083 -315379132
#r 0 5.9293921835
795592083 -314379132
#r 0 2.0461047641
796227533 -315613824
#r 0 2.0875483110
-521849662 466816098
#r 0 4.4292777613
-521849662 465816098
#r 0 5.9868650146
-522116855 465897674
#r 0 5.9945994293
-558514126 -706353026
#r 0 4.9894639771
-558514126 -705353026
#r 0 5.0096041311
-562491998 -692365650
#r 0 0.1746787494
-218018041 -776753981
#r 0 5.7273741845
-218018041 -775753981
#r 0 5.6780494897
-203848448 -785555132
#r 0 5.7494338369
517252615 315449462
#r 0 0.3768259895
517252615 314449462
#r 0 0.3848509008
624647325 357949523
#r 0 0.3330564742
-836634468 79323631
#r 0 2.0935903997
-836634468 78323631
#r 0 1.0641566375
-836351760 78833055
#r 0 2.0569043154
-478957491 -425697431
#r 0 6.1773441332
-478957491 -424697431
#r 0 2.9224143349
-470375173 -426609201
#r 0 0.9885420103
744680137 283363242
#r 0 2.5081223976
744680137 282363242
#r 0 4.8746312659
744494091 283499883
#r 0 3.1952302239
787479252 -388621533
#r 0 2.6099572112
787479252 -387621533
#r 0 0.2717643431
786325549 -387943022
#r 0 2.0715343039
734374273 161323653
#r 0 4.3188909895
734374273 160323653
#r 0 3.7542691991
733788058 159911596
#r 0 5.7542039179
-835925574 -325109799
#r 0 0.6425670871
-835925574 -324109799
#r 0 5.9400473742
-835021262 -324432884
#r 0 0.0727409674
191098699 -491490599
#r 0 1.3032618074
191098699 -490490599
#r 0 0.3704109984
191405458 -490371474
#r 0 0.3744026952
76967052 -918743877
#r 0 5.9387083572
76967052 -917743877
#r 0 2.7601079267
100577975 -927215052
#r 0 5.9435768659
-458212991 -390070259
#r 0 1.3678262275
-458212991 -389070259
#r 0 1.4680281757
-458419715 -391074729
#r 0 0.8639727206
-561441965 -303326039
#r 0 3.1065569118
-561441965 -302326039
#r 0 3.1850461644
-574175795 -302879717
#r 0 3.1874713742
-143029320 -288205830
#r 0 2.4740522186
-143029320 -287205830
#r 0 4.1099562609
-143475280 -287854298
#r 0 6.2609787360
-217724255 370576245
#r 0 4.3489209390
-217724255 369576245
#r 0 0.9195594130
-218483572 368579972
#r 0 0.8370584237
231282029 -813119927
#r 0 0.6407464036
231282029 -812119927
#r 0 4.1641711558
230160801 -813956032
#r 0 0.5800143884
-173650117 941397434
#r 0 5.2579052798
-173650117 940397434
#r 0 4.3315571506
-173408875 940999970
#r 0 4.4004743418
-974261600 -135035256
#r 0 0.7059335039
-974261600 -134035256
#r 0 1.1717391070
-974919941 -135596480
#r 0 5.8916773278
-219071864 876570219
#r 0 4.6910362704
-219071864 875570219
#r 0 3.4126339800
-219093347 875564249
#r 0 4.5668823610
841216372 -245702053
#r 0 4.1597205193
841216372 -244702053
#r 0 1.7952203798
841382980 -245431928
#r 0 1.7520306005
-554460271 622376857
#r 0 1.3648070273
-554460271 621376857
#r 0 5.0593904476
-554592704 621743064
#r 0 1.1344913079
-710372218 -603481641
#r 0 1.3409986450
-710372218 -602481641
#r 0 5.4266200477
-710187998 -602694142
#r 0 1.3006012783
57367412 137137296
#r 0 1.2575574209
57367412 136137296
#r 0 0.8351958379
56862984 135579950
#r 0 0.3747301221
350298717 99524416
#r 0 1.7763990912
350298717 98524416
#r 0 2.0309642348
350658753 97798036
#r 0 6.1344686963
124361302 -505132095
#r 0 4.0523046381
124361302 -504132095
#r 0 6.1893407441
125084691 -504200181
#r 0 0.8591819535
-544744435 413022941
#r 0 5.7155013544
-544744435 412022941
#r 0 4.4069463704
-544481912 412855529
#r 0 1.4990852295
-119196968 -904270036
#r 0 2.7825236868
-119196968 -903270036
#r 0 1.8376623286
-118892320 -904384383
#r 0 1.8418059870
-804414631 -463783652
#r 0 5.7729076712
-804414631 -462783652
#r 0 5.3945617601
-802925223 -464617308
#r 0 5.5223190247
551441948 -761356956
#r 0 1.5402049104
551441948 -760356956
#r 0 1.5663671190
551436769 -761526193
#r 0 1.7402011156
27156741 -865736728
#r 0 0.7303143834
27156741 -864736728
#r 0 5.7785287743
27847421 -865118235
#r 0 1.1373098525
940217810 -146619311
#r 0 4.2421239537
940217810 -145619311
#r 0 3.2305240490
940750241 -145571836
#r 0 2.6693842231
-914055295 46387478
#r 0 6.0695571205
-914055295 45387478
#r 0 0.8449742168
-913311136 46226041
#r 0 5.4079293838
-936955659 -34943340
#r 0 1.1049135197
-936955659 -33943340
#r 0 0.6082498740
-936181999 -33404627
#r 0 0.8868042776
-369379595 277222742
#r 0 1.1717146871
-369379595 276222742
#r 0 5.0012440587
-369553920 276809366
#r 0 2.2995543674
-821124475 11788443
#r 0 1.9174331108
-821124475 10788443
#r 0 1.9212501164
-790566486 -72807749
#r 0 0.5310142271
-490967586 616064171
#r 0 5.8518863448
-490967586 615064171
#r 0 4.4405692510
-490720553 615950488
#r 0 5.4416608120
-678074763 -588467848
#r 0 0.3354758486
-678074763 -587467848
#r 0 1.3494915563
-678318904 -588552969
#r 0 1.2624350968
217643120 -215305082
#r 0 0.0986063746
217643120 -214305082
#r 0 2.5109763139
218849412 -215185747
#r 0 1.4360548719
-682169509 -158834214
#r 0 5.2820690055
-682169509 -157834214
#r 0 5.2551530428
-671818141 -174995165
#r 0 1.9675432727
557597791 508080141
#r 0 5.1074269109
557597791 507080141
#r 0 2.7933995304
558089107 506901802
#r 0 2.6180843959
639262792 -399950495
#r 0 0.2364364255
639262792 -398950495
#r 0 0.2292670066
771316481 -368133084
#r 0 4.5466852476
61684808 -566926225
#r 0 0.4122890641
61684808 -565926225
#r 0 1.5091593206
61621381 -566953965
#r 0 1.8611707697
523190902 523430949
#r 0 2.5716670877
523190902 522430949
#r 0 2.5593236471
466219636 559941756
#r 0 1.2645937335
-97120665 -106773775
#r 0 1.7827226465
-97120665 -105773775
#r 0 1.6526432451
-96988089 -107389955
#r 0 3.0298434607
-565009351 514254679
#r 0 5.3920543746
-565009351 513254679
#r 0 0.2113735343
-564320663 513402457
#r 0 5.3371530255
334580786 -482417867
#r 0 2.8824487342
334580786 -481417867
#r 0 2.9353457510
316686296 -477673947
#r 0 2.8971387546
-302732954 278207160
#r 0 1.6818286354
-302732954 277207160
#r 0 5.3052951025
-302599356 277008877
#r 0 4.0111391137
-258338693 -552221732
#r 0 0.0814971175
-258338693 -551221732
#r 0 6.1089105090
-254458797 -551904830
#r 0 1.5262232820
-571070279 -284224233
#r 0 4.0870640099
-571070279 -283224233
#r 0 4.0516638293
-560920477 -270165920
#r 0 4.0850988453
481874853 641887316
#r 0 4.2099662906
481874853 640887316
#r 0 4.2080578660
359944030 419973964
#r 0 2.0410016118
-479273610 -106822827
#r 0 1.3277552383
-479273610 -105822827
#r 0 1.3934816430
-479919911 -109429487
#r 0 1.9946539836
-4238218 -621301856
#r 0 3.4411923555
-4238218 -620301856
#r 0 5.1928426801
-3789303 -621163187
#r 0 0.2234155664
-213551122 -22815755
#r 0 2.4090823254
-213551122 -21815755
#r 0 0.3269163706
-214358530 -22089533
#r 0 3.4347612762
-874003763 -51756842
#r 0 0.7937242496
-874003763 -50756842
#r 0 1.1488325393
-874829714 -52596662
#r 0 0.7960183586
-191082364 -706539912
#r 0 1.2655890081
-191082364 -705539912
#r 0 3.4629890798
-190730394 -705422727
#r 0 5.0485077412
-712230836 221529366
#r 0 6.1355610308
-712230836 220529366
#r 0 6.1475576203
-630535671 209380797
#r 0 5.5890372298
-780382671 126943689
#r 0 2.6703481048
-780382671 125943689
#r 0 2.6793793343
-692075790 81948457
#r 0 0.2508480463
-236286024 -513307999
#r 0 2.8402108858
-236286024 -512307999
#r 0 1.9554521299
-235822927 -513451953
#r 0 5.0221674571
432125842 146983063
#r 0 5.7220977622
432125842 145983063
#r 0 0.8195474205
432714352 146613205
#r 0 3.2847696728
-261116530 -918750953
#r 0 2.5284891742
-261116530 -917750953
#r 0 0.6175847766
-261823835 -918253330
#r 0 0.6244630320
118024946 613168088
#r 0 1.0213193873
118024946 612168088
#r 0 1.3322968455
118428152 613826507
#r 0 1.3289230946
-464226731 -787773296
#r 0 1.7501449121
-464226731 -786773296
#r 0 1.7384124950
-461690025 -801765314
#r 0 1.7088945095
-243669211 -909135288
#r 0 0.3884197373
-243669211 -908135288
#r 0 0.6641180532
-246346474 -910230848
#r 0 2.5832539557
-477273716 873997373
#r 0 4.3583030927
-477273716 872997373
#r 0 4.3321398465
-482193033 860689900
#r 0 4.7047187066
-723337552 322551553
#r 0 5.5188962271
-723337552 321551553
#r 0 0.2138207580
-722487059 321736229
#r 0 4.2602942840
-109826943 -461038229
#r 0 0.7793301856
-109826943 -460038229
#r 0 4.6157181541
-109934191 -461144183
#r 0 0.2725400803
273596302 -710435175
#r 0 1.3827346742
273596302 -709435175
#r 0 3.2486090517
273790585 -709414304
#r 0 3.1791350522
-495340295 -231301155
#r 0 3.8112953984
-495340295 -230301155
#r 0 0.5669580767
-488892228 -226195766
#r 0 3.8629473293
-335666797 -774290530
#r 0 3.0867697945
-335666797 -773290530
#r 0 0.3325281357
-338165361 -774153414
#r 0 3.1388763227
-44434562 -424288087
#r 0 2.1265288109
-44434562 -423288087
#r 0 2.3855916108
-45932949 -421875304
#r 0 0.0220815744
482272679 648017210
#r 0 4.5758211970
482272679 647017210
#r 0 4.1768535565
482093837 646715813
#r 0 5.0965280809
-848718430 -335529233
#r 0 5.9809051674
-848718430 -334529233
#r 0 0.1595298780
-850833787 -334869588
#r 0 0.4737952594
-538168394 -366123595
#r 0 2.2131012898
-538168394 -365123595
#r 0 3.2518307148
-538859313 -365200071
#r 0 2.1788368249
780704324 -493859950
#r 0 2.4488935826
780704324 -492859950
#r 0 4.0861875910
780252329 -493484846
#r 0 4.0715105073
101574837 -660299922
#r 0 4.9249270083
101574837 -659299922
#r 0 6.2450768238
101357250 -659291626
#r 0 2.1180817735
274165912 -778182756
#r 0 1.6597808815
274165912 -777182756
#r 0 4.0680128590
274086162 -777288896
#r 0 1.2362458096
-30247511 -354320033
#r 0 2.2836312139
-30247511 -353320033
#r 0 1.5296423820
-30286816 -354274566
#r 0 4.4721463972
196232884 -273237791
#r 0 6.2429049402
196232884 -272237791
#r 0 2.7851540808
199244568 -273359168
#r 0 5.8192547428
-43571381 -254057842
#r 0 2.5803694961
-43571381 -253057842
#r 0 0.4670872075
-44454023 -253502965
#r 0 2.6926791598
245238934 77228773
#r 0 1.0758445707
245238934 76228773
#r 0 5.2836910875
244945535 76685206
#r 0 3.0336989798
691449954 36763389
#r 0 2.8733561777
691449954 35763389
#r 0 4.4914102425
691661537 36705233
#r 0 2.3555423167
305194638 -415436078
#r 0 1.5783111588
305194638 -414436078
#r 0 3.9700778156
305187184 -414444204
#r 0 4.0327253384
326597884 -216545057
#r 0 0.4089487672
326597884 -215545057
#r 0 1.4338623227
326451336 -216608568
#r 0 4.5374807293
48717586 -293671845
#r 0 3.9012631899
48717586 -292671845
#r 0 4.8263083072
48820786 -293573823
#r 0 2.0549960272
530625494 -89118625
#r 0 1.3363362850
530625494 -88118625
#r 0 0.5444067732
530904727 -87949568
#r 0 3.7885991177
42124448 645983829
#r 0 5.8105078332
42124448 644983829
#r 0 0.2540470941
43421471 645320611
#r 0 3.5269309721
-178491570 670902010
#r 0 2.8177489594
-178491570 669902010
#r 0 2.7793614530
-201590718 678655485
#r 0 2.8918004389
78464923 432039983
#r 0 1.2758699371
78464923 431039983
#r 0 1.2869669258
85800152 456186039
#r 0 1.4793371863
160031141 -417843750
#r 0 6.0312855130
160031141 -416843750
#r 0 5.8634569487
165325502 -419206342
#r 0 5.8318649114
-430166093 553065446
#r 0 5.3237572996
-430166093 552065446
#r 0 5.6045979252
-428553950 550765530
#r 0 4.3080340052
17710008 853207122
#r 0 5.0447212812
17710008 852207122
#r 0 3.6727158067
17996963 852375687
#r 0 5.2728512954
14875479 -715975258
#r 0 0.8111295412
14875479 -714975258
#r 0 3.7871550079
18213171 -712461223
#r 0 3.7440625119
-415569731 -638404763
#r 0 4.3055487623
-415569731 -637404763
#r 0 4.3998249413
-416862326 -641404660
#r 0 4.3845515114
-773961145 -176289730
#r 0 5.1821214785
-773961145 -175289730
#r 0 0.6618447782
-774324913 -175573129
#r 0 0.4939067944
940988252 -325744210
#r 0 3.9089320538
940988252 -324744210
#r 0 3.8954761391
-826089410 389315028
#r 0 5.0397606685
-826089410 388315028
#r 0 5.2779280248
-825359032 387164270
#r 0 5.8003005917
787581078 -76307990
#r 0 5.1574645530
787581078 -75307990
#r 0 5.1565004201
-720594767 -54294382
#r 0 0.2894540707
-720594767 -53294382
#r 0 1.1453373105
-721118595 -54450388
#r 0 2.0007735765
594911311 732837332
#r 0 2.9120028356
594911311 731837332
#r 0 2.9213142398
696962972 708986763
#r 0 3.5717398652
288809318 -738112341
#r 0 0.2921634851
288809318 -737112341
#r 0 1.1787506535
288337155 -738254354
#r 0 0.6578273726
-344837829 -486706031
#r 0 5.2837764064
-344837829 -485706031
#r 0 2.4703007119
-346151845 -484662230
#r 0 2.2586446827
-62712054 -847301326
#r 0 1.5054119043
-62712054 -846301326
#r 0 5.8983601904
-62648268 -846327161
#r 0 2.9062257006
-250419138 -693493865
#r 0 2.4942880092
-250419138 -692493865
#r 0 3.5127625320
-251292371 -692833736
#r 0 0.4680517735
366755340 -91389671
#r 0 2.3162762346
366755340 -90389671
#r 0 1.4358600753
366636984 -91261467
#r 0 2.0937584124
961566412 68953195
#r 0 3.0566171944
961566412 67953195
#r 0 2.8632912261
956579767 69377960
#r 0 2.8245249984
597164501 -516317146
#r 0 3.2106865980
597164501 -515317146
#r 0 3.2865708112
584143399 -517218260
#r 0 3.2437615113
-877313621 -335845740
#r 0 0.6459245513
-877313621 -334845740
#r 0 0.1024200219
-875777555 -334687864
#r 0 0.4832228356
-380835327 -806301119
#r 0 6.2428099025
-380835327 -805301119
#r 0 6.2288295676
-309467808 -809184178
#r 0 6.0740265241
822465216 -184570263
#r 0 1.5823126220
822465216 -183570263
#r 0 1.6111663121
822449106 -183171414
#r 0 1.5853075928
186036512 447263379
#r 0 3.0363926660
186036512 446263379
#r 0 2.7386464974
182918144 447592647
#r 0 2.7399661887
-324336703 -906969741
#r 0 2.4018439585
-324336703 -905969741
#r 0 2.4124203190
-376418124 -859438735
#r 0 2.7042194619
-23877194 30146238
#r 0 0.9743505599
-23877194 29146238
#r 0 6.0673358290
-24468152 29275815
#r 0 1.4084508525
-646955563 126488175
#r 0 1.2394779869
-646955563 125488175
#r 0 5.2961740001
-647181767 125830602
#r 0 1.0300841102
647455009 119171730
#r 0 4.3154227627
647455009 118171730
#r 0 4.2836615273
642393770 107098788
#r 0 4.3563086384
-614105525 708095676
#r 0 0.6518030142
-614105525 707095676
#r 0 0.7497855354
-608158194 712633807
#r 0 5.8495666428
-144601442 -246545691
#r 0 5.9225901768
-144601442 -245545691
#r 0 5.7132468780
-140810680 -247975121
#r 0 5.9585849303
-755786970 456770808
#r 0 6.2088501975
-755786970 455770808
#r 0 6.1391867615
-769965366 457826706
#r 0 0.2350893097
-942398078 -178453409
#r 0 0.4393135883
-942398078 -177453409
#r 0 6.1089232245
-940850066 -177725933
#r 0 0.7971584571
711522906 98276513
#r 0 5.0802378159
711522906 97276513
#r 0 4.3775729426
711705754 97802066
#r 0 1.8524655057
-865732126 -389513957
#r 0 1.0178520608
-865732126 -388513957
#r 0 0.0575966257
-865092190 -388477058
#r 0 5.4065653107
457994694 -775492143
#r 0 3.2699997870
457994694 -774492143
#r 0 2.0917679839
458528961 -775423160
#r 0 0.8373909645
223679184 -734348721
#r 0 1.0016435915
223679184 -733348721
#r 0 1.4370608320
223508819 -734615010
#r 0 2.0809120688
590989480 604339845
#r 0 4.8761687110
590989480 603339845
#r 0 3.5282831716
591144320 603402895
#r 0 4.8281151158
33739637 326385330
#r 0 1.2571704682
33739637 325385330
#r 0 1.4670499075
33892988 326858153
#r 0 1.4373022727
107088828 -31836439
#r 0 1.7621558244
107088828 -30836439
#r 0 1.4418702852
107011159 -31435526
#r 0 1.7116024527
-86557720 15314172
#r 0 3.1433762147
-86557720 14314172
#r 0 3.2025033784
-69666571 15344298
#r 0 3.2407007212
187576655 288198927
#r 0 2.4945465301
187576655 287198927
#r 0 5.8224338516
191435144 285283631
#r 0 2.1370300085
376013911 294524797
#r 0 5.3718068118
376013911 293524797
#r 0 4.7015737964
376024578 294511036
#r 0 4.0530677989
278966036 620220652
#r 0 6.0278497020
278966036 619220652
#r 0 2.7968724549
268764393 622883620
#r 0 4.1436340113
-721859489 -551390151
#r 0 1.7393740509
-721859489 -550390151
#r 0 1.2105031713
-721976722 -550701329
#r 0 1.2024166186
388898961 -22604958
#r 0 2.6998069060
388898961 -21604958
#r 0 2.8078450114
380977937 -18858599
#r 0 2.8184471051
-862956667 140643757
#r 0 4.9087650531
-862956667 139643757
#r 0 4.9466710635
-861761445 134635805
#r 0 4.9363298570
-64393835 -548376194
#r 0 3.6939225504
-64393835 -547376194
#r 0 2.3065110217
-63812767 -548018073
#r 0 1.6681897123
-682022435 430113840
#r 0 4.7686490940
-682022435 429113840
#r 0 0.6685086746
-681968514 429156428
#r 0 5.1932042694
129522077 617343422
#r 0 1.5558086372
129522077 616343422
#r 0 5.8006399732
129507205 616351213
#r 0 6.1314850384
-709725211 -135667791
#r 0 0.6899100085
-709725211 -134667791
#r 0 0.6218253897
-700510022 -128063557
#r 0 0.0545474981
882172595 169931446
#r 0 3.5081131834
882172595 168931446
#r 0 3.5181346525
968805548 203186859
#r 0 3.7316534086
29768177 179516482
#r 0 0.0918591458
29768177 178516482
#r 0 1.7447874549
29595209 179500548
#r 0 1.4708539508
258981388 553416150
#r 0 2.3489074176
258981388 552416150
#r 0 1.4798079026
259064897 553331415
#r 0 5.4892088691
867622611 474026919
#r 0 3.5875706029
867622611 473026919
#r 0 3.5891159746
494169261 705240858
#r 0 0.7898425375
494169261 704240858
#r 0 0.8378858238
503976118 715135276
#r 0 0.7921471013
122469093 -725635014
#r 0 0.9350867211
122469093 -724635014
#r 0 4.7092250283
122465915 -725639320
#r 0 3.2478404563
-603116602 -663308573
#r 0 5.2157599413
-603116602 -662308573
#r 0 5.2700857682
-607818193 -654770900
#r 0 5.1939647163
-145539966 -887360284
#r 0 1.4934966768
-145539966 -886360284
#r 0 6.1016446726
-145463598 -886374302
#r 0 1.4985715902
682414660 608429595
#r 0 4.6237907923
682414660 607429595
#r 0 3.1970447519
682325389 607424640
#r 0 2.4114026941
-490982295 -354183775
#r 0 6.1181115761
-490982295 -353183775
#r 0 3.3330389706
-493756915 -353721552
#r 0 3.3332021622
-802812116 -220135267
#r 0 5.4541399536
-802812116 -219135267
#r 0 1.1702010141
-803101749 -219819179
#r 0 1.5943331343
250470454 471718324
#r 0 0.3625553696
250470454 470718324
#r 0 0.3443982581
201996996 453331223
#r 0 3.0870107531
439852827 37625603
#r 0 3.8156713264
439852827 36625603
#r 0 4.3955987168
440296988 37980449
#r 0 3.8354070291
-160210028 -311873695
#r 0 2.5713538185
-160210028 -310873695
#r 0 1.9695119689
-159632798 -312243876
#r 0 0.1035728362
378118500 -176315695
#r 0 5.9622053736
378118500 -175315695
#r 0 5.9182325687
398283616 -183020139
#r 0 6.0142276028
-866575725 -214630372
#r 0 0.2691996576
-866575725 -213630372
#r 0 0.9611206512
-867440872 -214869063
#r 0 0.8437475823
135413484 36622920
#r 0 5.6439878152
135413484 35622920
#r 0 1.5302024661
135452910 36593615
#r 0 6.0544861456
133848038 926203271
#r 0 3.5312795817
133848038 925203271
#r 0 4.6614900961
133900069 926224640
#r 0 4.2172268476
152317393 -838586251
#r 0 2.2588988606
152317393 -837586251
#r 0 3.0723103019
151445499 -837525747
#r 0 0.7103681004
866394399 -388688067
#r 0 0.6836954725
866394399 -387688067
#r 0 0.6215381388
876540693 -380420950
#r 0 0.6842050933
-110683473 -855371776
#r 0 2.4068337797
-110683473 -854371776
#r 0 2.3947636872
-65570156 -896132758
#r 0 1.0222843145
-778756986 -564076853
#r 0 5.9076596188
-778756986 -563076853
#r 0 1.0077550149
-779262411 -563877597
#r 0 0.9682527098
-737950047 -439455128
#r 0 0.5571181853
-737950047 -438455128
#r 0 1.0583286901
-738816215 -439994701
#r 0 0.8408246239
-609784449 -471338019
#r 0 2.0613830463
-609784449 -470338019
#r 0 5.1382728102
-606774113 -476973853
#r 0 1.4510060839
-23189346 649857189
#r 0 5.1904666792
-23189346 648857189
#r 0 4.5242009417
-23050086 649588436
#r 0 4.4547728806
919027675 186956176
#r 0 3.8583571636
919027675 185956176
#r 0 3.4619782576
917174252 185341178
#r 0 2.7274908162
-462062882 -817316296
#r 0 1.5981162391
-462062882 -816316296
#r 0 1.6318238463
-462112317 -815507255
#r 0 1.7007865828
-122964257 -333624352
#r 0 2.1019335818
-122964257 -332624352
#r 0 1.8007095816
-122575193 -334286650
#r 0 1.1421802227
-340634393 559951828
#r 0 1.0607799707
-340634393 558951828
#r 0 0.9531856562
-343266990 555245553
#r 0 2.1922076597
-909594700 -252680642
#r 0 5.8341032086
-909594700 -251680642
#r 0 1.4353956926
-909722541 -252619032
#r 0 0.5886994994
43912064 302995607
#r 0 1.5438306521
43912064 301995607
#r 0 0.5954682447
43884590 301976993
#r 0 1.5456306183
117420708 890129395
#r 0 0.1570453714
117420708 889129395
#r 0 4.8454014495
117289682 890108647
#r 0 0.1164136895
-468178342 -347725758
#r 0 1.8072572334
-468178342 -346725758
#r 0 3.3638251296
-468406868 -346777397
#r 0 2.7681043208
71200613 -222501511
#r 0 0.2962063137
71200613 -221501511
#r 0 2.7643346782
72626290 -222066417
#r 0 2.8741035206
-243623499 -789879633
#r 0 5.9103292673
-243623499 -788879633
#r 0 1.6316357093
-243561098 -789904041
#r 0 0.1177110175
-769324329 107708350
#r 0 0.5480211942
-769324329 106708350
#r 0 2.3539927498
-769943601 107330355
#r 0 0.5219451039
635566251 196520845
#r 0 4.7213938797
635566251 195520845
#r 0 1.6342517658
635576743 195355721
#r 0 1.5674058436
195202581 -473800941
#r 0 0.1010758677
195202581 -472800941
#r 0 0.1402152227
170026290 -476354358
#r 0 1.7033160046
308865562 -904406367
#r 0 3.3449321551
308865562 -903406367
#r 0 1.5320186579
308826452 -904414431
#r 0 1.5342805110
710295145 -265660052
#r 0 4.3716660394
710295145 -264660052
#r 0 4.7762461052
710349319 -265507257
#r 0 4.3807558791
-659887626 -690524746
#r 0 1.2860743890
-659887626 -689524746
#r 0 0.2488333018
-659571438 -689444403
#r 0 5.6077936407
582191960 -738122481
#r 0 1.9477628475
582191960 -737122481
#r 0 1.8778124484
583783614 -742142830
#r 0 1.9200749898
619956929 619639294
#r 0 4.9948628200
619956929 618639294
#r 0 3.3688171259
620228912 618702181
#r 0 2.2088986894
279378978 182926265
#r 0 4.8744189190
279378978 181926265
#r 0 4.8018012018
279180437 184140859
#r 0 4.8785028958
-31041134 -356688329
#r 0 0.4150665216
-31041134 -355688329
#r 0 5.8890151111
-29873737 -356173894
#r 0 0.7794745698
531322273 778893238
#r 0 4.6704865272
531322273 777893238
#r 0 4.6720698557
532388709 804328791
#r 0 4.7194993616
-409016762 -551302065
#r 0 0.5089656010
-409016762 -550302065
#r 0 4.1818322913
-409888945 -551788744
#r 0 2.5645220380
-242530425 -410578653
#r 0 1.0991235528
-242530425 -409578653
#r 0 0.7180128251
-241610419 -408774974
#r 0 0.7168091099
280793211 -921368331
#r 0 1.0451591980
280793211 -920368331
#r 0 2.1458683938
281099322 -920840617
#r 0 0.8379895621
730390034 137322819
#r 0 3.2222795539
730390034 136322819
#r 0 3.5994636401
732817587 137519117
#r 0 5.9282253086
336241334 349827929
#r 0 4.5790282401
336241334 348827929
#r 0 4.7754951234
336198377 349507731
#r 0 2.5623984466
182629508 -60733374
#r 0 2.8880535475
182629508 -59733374
#r 0 5.6390936919
184662822 -61260237
#r 0 5.7998375760
-14583895 -391538609
#r 0 2.2405590835
-14583895 -390538609
#r 0 0.5448322113
-15118982 -390862881
#r 0 2.2167858874
-529968658 -541423045
#r 0 1.0348740887
-529968658 -540423045
#r 0 1.7982220505
-529802123 -541142636
#r 0 2.1992730809
-295721070 -115687762
#r 0 0.2251471126
-295721070 -114687762
#r 0 0.2530986589
-329487696 -123421339
#r 0 0.4666047272
-860392259 105310463
#r 0 1.4137093979
-860392259 104310463
#r 0 1.3954945252
-861890253 95852948
#r 0 1.3624083023
134282577 690186611
#r 0 4.5549374965
134282577 689186611
#r 0 4.6418241970
134409978 690989056
#r 0 4.6182457685
120775521 105317247
#r 0 1.4722287124
120775521 104317247
#r 0 5.8555920424
120680897 104360368
#r 0 5.9243344808
705482076 -427802156
#r 0 0.3570544114
705482076 -426802156
#r 0 3.7353735627
702170838 -429037392
#r 0 4.2669048421
67711290 -820628312
#r 0 1.2568897036
67711290 -819628312
#r 0 2.2680880500
67945256 -819907618
#r 0 5.3285264611
433987350 508403551
#r 0 3.4141555446
433987350 507403551
#r 0 3.2097428038
429253923 507080467
#r 0 2.8916214086
-118050258 19266698
#r 0 5.3686157133
-118050258 18266698
#r 0 5.5227115801
-115170229 15526773
#r 0 5.3421980469
-797637337 -148047045
#r 0 6.2676677611
-797637337 -147047045
#r 0 1.6906114064
-797516720 -148048917
#r 0 5.2775438290
-297627869 -312378482
#r 0 2.2365504240
-297627869 -311378482
#r 0 1.3703557034
-297789282 -312172957
#r 0 1.1084091085
526708312 738674488
#r 0 0.9847129914
526708312 737674488
#r 0 1.1030249140
528821164 741856983
#r 1 529284149 742578807
902408713 326691638
#r 0 3.3252827641
902408713 325691638
#r 0 4.0942802177
903228002 326843849
#r 0 3.0374025075
194389026 724215994
#r 0 1.0514930081
194389026 723215994
#r 0 4.2295364582
200711945 735277065
#r 0 3.8732426247
479784988 -770379991
#r 0 1.3609420947
479784988 -769379991
#r 0 0.6887505188
480043265 -769167368
#r 0 1.5121369118
-131810955 348029062
#r 0 4.5107959059
-131810955 347029062
#r 0 1.2761883624
-132436917 344966164
#r 0 2.8498557250
586522933 -217901995
#r 0 3.5285141277
586522933 -216901995
#r 0 1.1629375287
585998517 -218115674
#r 0 3.6021528860
-187748036 23994930
#r 0 6.1535508270
-187748036 22994930
#r 0 6.1443629104
-294636619 37929521
#r 0 4.9597857474
352205545 -810872443
#r 0 0.5941385656
352205545 -809872443
#r 0 2.0486088535
352589174 -810613277
#r 0 0.5826091228
-281264150 625950435
#r 0 1.0929714448
-281264150 624950435
#r 0 1.3006288996
-280668858 627099982
#r 0 1.2859608978
805993669 -555805939
#r 0 3.0447067579
805993669 -554805939
#r 0 3.1611835452
797430822 -554973714
#r 0 2.9809773908
109176579 830254230
#r 0 5.2897385467
109176579 829254230
#r 0 4.5557046820
109303722 830059041
#r 0 4.8480732096
454603456 -115132683
#r 0 2.5702889646
454603456 -114132683
#r 0 5.2692539749
455641466 -115799925
#r 0 2.2888231525
-841858840 456991149
#r 0 4.7617027955
-841858840 455991149
#r 0 5.4879564987
-841806870 455938147
#r 0 0.7102319684
-394302774 -111391377
#r 0 1.6297333004
-394302774 -110391377
#r 0 3.9829725626
-394358125 -110453301
#r 0 1.6426499396
-44928054 515757560
#r 0 1.4252630525
-44928054 514757560
#r 0 0.1593629073
-45078160 514733434
#r 0 2.2421545466
-121117037 -740886462
#r 0 4.4431258220
-121117037 -739886462
#r 0 4.5254158667
-121718633 -743066434
#r 0 1.9811070707
-104972969 -794518837
#r 0 3.8903517705
-104972969 -793518837
#r 0 3.8705734884
-77346763 -768846320
#r 0 1.7721327189
-228728329 -70115130
#r 0 4.0523216267
-228728329 -69115130
#r 0 4.0562811733
-323198149 -191821207
#r 0 0.3052058923
211817052 -353830981
#r 0 5.1244194781
211817052 -352830981
#r 0 5.8739849352
211277794 -352597115
#r 0 0.3647702799
714039536 -444378998
#r 0 2.4555052729
714039536 -443378998
#r 0 2.3178705858
717871490 -447516523
#r 0 2.5046570403
210279624 -719446913
#r 0 1.3012295629
210279624 -718446913
#r 0 1.3967690868
209796238 -721196464
#r 0 4.4208075339
-252990652 907596128
#r 0 3.6270172581
-252990652 906596128
#r 0 4.7839932186
-253059764 907559670
#r 0 4.7650158083
-111775591 385835601
#r 0 5.8442521086
-111775591 384835601
#r 0 6.2329648180
-109390181 384715704
#r 0 0.0222975878
-751715650 246572132
#r 0 4.0695711165
-751715650 245572132
#r 0 5.9902097493
-752326565 245756418
#r 0 5.9989693118
734240015 -107718197
#r 0 2.4215300461
734240015 -106718197
#r 0 2.0218217854
735082071 -108456830
#r 0 3.3708732433
451097033 876365304
#r 0 2.8647081342
451097033 875365304
#r 0 4.3568675799
451432892 876269858
#r 0 3.7359967910
-213751703 -188883800
#r 0 0.3408832544
-213751703 -187883800
#r 0 4.8253456885
-213642652 -188845116
#r 0 2.3560833714
-871609781 -439190600
#r 0 1.5376087702
-871609781 -438190600
#r 0 0.2281561575
-871576323 -438182831
#r 0 0.9171059546
873731973 -187795839
#r 0 2.5069448897
873731973 -186795839
#r 0 2.5831895875
864765809 -181194433
#r 0 2.6070837929
476321941 -514170025
#r 0 0.4498625863
476321941 -513170025
#r 0 0.6284003915
472219916 -516150834
#r 0 0.4579937258
648529161 -258031637
#r 0 3.2848973118
648529161 -257031637
#r 0 2.8860473672
650994942 -257675840
#r 0 4.2036717066
-947200162 54478327
#r 0 0.5562493429
-947200162 53478327
#r 0 0.5863873512
-923725529 69073371
#r 0 5.3273674531
-72923073 965837855
#r 0 5.2578791910
-72923073 964837855
#r 0 6.1329466439
-72254754 964736685
#r 0 5.2208651273
533900477 -572149686
#r 0 4.9042020507
533900477 -571149686
#r 0 0.3371391373
533718653 -571213419
#r 0 1.8779551417
-787439174 -505763987
#r 0 0.7798413162
-787439174 -504763987
#r 0 0.7492386986
-770424314 -488937182
#r 0 0.7342143855
-244124713 -774407860
#r 0 1.2026620937
-244124713 -773407860
#r 0 5.7668050000
-243808290 -773587514
#r 0 5.7767140094
912688030 366379819
#r 0 4.1541552284
912688030 365379819
#r 0 3.8785702404
911246567 364071601
#r 0 2.4337154281
65744808 676218049
#r 0 3.7250920465
65744808 675218049
#r 0 6.1906279053
64416794 675341319
#r 0 3.8386195322
-530446177 836542796
#r 0 5.2006226398
-530446177 835542796
#r 0 5.2689607438
-526817297 829710309
#r 0 5.4631804531
-415563059 -298865844
#r 0 0.4260322227
-415563059 -297865844
#r 0 1.0474746025
-416344717 -299220582
#r 0 3.1443538921
-886033412 -228132643
#r 0 0.5909040096
-886033412 -227132643
#r 0 5.9867643639
-885009121 -227445481
#r 0 0.5788604824
-277974413 -935647969
#r 0 2.4714013280
-277974413 -934647969
#r 0 0.6651986393
-278608515 -935145402
#r 0 0.6264518497
200104270 740576328
#r 0 3.0416905757
200104270 739576328
#r 0 3.6613327991
201591364 740427268
#r 0 3.2165894749
-138670661 -326693416
#r 0 1.3204449595
-138670661 -325693416
#r 0 2.3000064316
-138471845 -325915930
#r 0 1.4943292473
-420259027 -893966584
#r 0 1.5573975323
-420259027 -892966584
#r 0 0.2922810250
-420245573 -892962536
#r 0 6.1674428564
-798050443 -196980374
#r 0 5.8052519578
-798050443 -195980374
#r 0 0.1144732199
-799630315 -196162021
#r 0 5.8249658466
-402542994 -134498653
#r 0 1.4192255336
-402542994 -133498653
#r 0 1.4450352552
-403276861 -139303260
#r 0 2.5345840906
508744237 816338581
#r 0 3.4822999993
508744237 815338581
#r 0 3.5814688122
517357775 819392364
#r 0 3.5474908167
-397593185 913590386
#r 0 5.2566325596
-397593185 912590386
#r 0 5.2865216820
-388183512 898042675
#r 0 5.3545384651
-443314379 -868631678
#r 0 0.7947178649
-443314379 -867631678
#r 0 1.9893068524
-443008295 -868319835
#r 0 1.7746111818
-533147680 613971414
#r 0 4.5561608593
-533147680 612971414
#r 0 5.5232506441
-533284684 613101613
#r 0 4.6757409642
-770932227 -336799630
#r 0 5.9111930918
-770932227 -335799630
#r 0 5.9159538999
-953567931 -265543058
#r 0 1.1390474255
-313801222 -169811900
#r 0 0.7872776001
-313801222 -168811900
#r 0 2.2515661757
-313354481 -169363476
#r 0 5.8040894308
396351162 236536477
#r 0 3.2502768627
396351162 235536477
#r 0 3.2158435049
367554768 233394382
#r 0 3.2286191780
653214263 -656222690
#r 0 0.9217346267
653214263 -655222690
#r 0 2.0799646590
653535883 -655798794
#r 0 2.6729570346
-126037657 252119065
#r 0 1.7790667276
-126037657 251119065
#r 0 4.7337432644
-126061416 252231486
#r 0 1.7587736644
795662488 -210263076
#r 0 1.1918845953
795662488 -209263076
#r 0 1.0785249136
797208055 -206381219
#r 0 1.1430800036
-552602322 134431660
#r 0 0.6288478234
-552602322 133431660
#r 0 2.1439107951
-553041526 134112204
#r 0 4.7166323652
-25074801 475442830
#r 0 6.1273822651
-25074801 474442830
#r 0 5.6443470465
-26782266 475711032
#r 0 5.6689788224
-581753711 58339560
#r 0 5.0369081820
-581753711 57339560
#r 0 1.6652387081
-581885560 58731487
#r 0 5.0579953552
-123676106 -141587957
#r 0 2.8919306641
-123676106 -140587957
#r 0 2.8129656044
-112049504 -144552530
#r 0 2.8241851640
-770394741 -202777594
#r 0 1.8750177487
-770394741 -201777594
#r 0 5.0939512030
-771838418 -198179424
#r 0 0.1816729293
226219170 40973701
#r 0 1.3528641319
226219170 39973701
#r 0 4.8008336559
226155850 40687765
#r 0 5.9114301853
-730767039 -317649186
#r 0 0.1106510829
-730767039 -316649186
#r 0 5.5348061199
-729805203 -317542321
#r 0 0.1357705224
313987082 -595303530
#r 0 0.3509653740
313987082 -594303530
#r 0 0.1167846870
318006304 -593832001
#r 0 3.6089155057
422385780 609464897
#r 0 2.9492516705
422385780 608464897
#r 0 4.9401686543
422143018 609512174
#r 0 5.2441707044
-283682688 -708434606
#r 0 2.3839156223
-283682688 -707434606
#r 0 5.5693063150
-296222857 -696571107
#r 0 5.5552839074
-165174039 -771223105
#r 0 5.0428867894
-165174039 -770223105
#r 0 5.0707414919
-169260678 -759311526
#r 0 5.0471794739
-595802012 -385074130
#r 0 1.4931190407
-595802012 -384074130
#r 0 3.1147069464
-595724341 -384076219
#r 0 1.4363938938
277214466 -802769623
#r 0 0.4247319857
277214466 -801769623
#r 0 3.9776954481
275686960 -803460453
#r 0 3.1133776410
-49223034 10182434
#r 0 3.0821401480
-49223034 9182434
#r 0 3.6602924078
-47636637 10088007
#r 0 3.0599770246
606551053 -19018638
#r 0 2.0028491294
606551053 -18018638
#r 0 0.0688257556
606104150 -18049445
#r 0 1.9660059473
-355498144 909755308
#r 0 5.4858285446
-355498144 908755308
#r 0 3.8321754124
-354957757 909201839
#r 0 5.4893511111
47076853 -733059593
#r 0 0.4854643279
47076853 -732059593
#r 0 0.4899105281
-128449769 -825663241
#r 0 3.2801480059
-374230082 240356462
#r 0 1.9726466983
-374230082 239356462
#r 0 3.2588405903
-373825365 239404133
#r 0 1.9193359757
57914385 673072022
#r 0 6.2804466454
57914385 672072022
#r 0 3.6725132398
59609608 673067379
#r 0 3.7117282746
-434227853 -134865342
#r 0 0.9790780649
-434227853 -133865342
#r 0 5.3183669848
-433886684 -134357686
#r 0 0.8627353115
-803935016 3201268
#r 0 2.0081062295
-803935016 2201268
#r 0 0.7680877474
-803612956 2512367
#r 0 1.6009201448
612533705 664406426
#r 0 3.0025164289
612533705 663406426
#r 0 3.1536612480
619110529 663485803
#r 0 3.2470062498
-128789750 -864403732
#r 0 1.8509724395
-128789750 -863403732
#r 0 1.9296927121
-130024849 -860111394
#r 0 1.9371445449
49745228 181238661
#r 0 5.4378535166
49745228 180238661
#r 0 1.5937767042
49721632 181265270
#r 0 1.1466449070
582907428 511612935
#r 0 5.0461805143
582907428 510612935
#r 0 2.7101467216
583320070 510422966
#r 0 4.7009155142
616180789 -199370439
#r 0 2.5060803844
616180789 -198370439
#r 0 3.0754929721
614691354 -198271844
#r 0 3.6321940220
144982153 -279834439
#r 0 2.6779952860
144982153 -278834439
#r 0 5.2861783440
145937021 -280311813
#r 0 0.4397353171
-152837913 140842892
#r 0 1.1086644101
-152837913 139842892
#r 0 0.2091038413
-153394893 139724698
#r 0 4.3061738752
549838263 -730153584
#r 0 1.5049118135
549838263 -729153584
#r 0 1.4711336519
550032231 -727213792
#r 0 1.6986501488
-591139324 -247371007
#r 0 4.2744300116
-591139324 -246371007
#r 0 4.7866047274
-591075159 -247233988
#r 0 4.7751113474
-753947354 98952221
#r 0 2.5106262863
-753947354 97952221
#r 0 2.4953557357
-796163477 129795146
#r 0 2.3053096986
-98352464 -743450637
#r 0 0.3833751308
-98352464 -742450637
#r 0 4.2643819556
-98948624 -743691087
#r 0 4.2358504626
611104978 -524723090
#r 0 2.9221617975
611104978 -523723090
#r 0 6.0433263066
657518659 -535074357
#r 0 1.2344686910
-276948858 -364114257
#r 0 2.9316903803
-276948858 -363114257
#r 0 3.1453203491
-281562085 -363131454
#r 0 5.3760765865
-558362802 302376104
#r 0 4.3560151705
-558362802 301376104
#r 0 4.4204097600
-556802214 306568206
#r 0 4.3877811890
-267275647 10250653
#r 0 3.7759287694
-267275647 9250653
#r 0 3.9835970571
-264673950 12164922
#r 0 3.9028767627
425647155 -827346206
#r 0 0.9663996633
425647155 -826346206
#r 0 0.9042253470
