701687785 -541700890
#r 0 4.7620663187
701687785 -540700890
#r 0 2.8402861112
701637287 -540685197
#r 0 4.6745411965
-499127383 633119407
#r 0 1.5631186352
-499127383 632119407
#r 0 0.3238626279
-499135081 632116823
#r 0 4.3823990828
-483608482 -622730427
#r 0 0.1258686841
-483608482 -621730427
#r 0 0.0244694144
-473810644 -621490632
#r 0 0.1190945458
-400050622 -282770132
#r 0 1.0734536580
-400050622 -281770132
#r 0 4.0466580116
-398292392 -279531287
#r 0 4.0913828982
301295572 728310821
#r 0 1.5975516659
301295572 727310821
#r 0 3.3093644260
301322213 727315333
#r 0 4.0026172294
538670319 187274473
#r 0 4.5433065489
538670319 186274473
#r 0 0.2162621767
538492955 186235506
#r 0 0.2462303835
-356518068 -65592954
#r 0 1.3741586506
-356518068 -64592954
#r 0 1.3477316351
-354882419 -57382358
#r 0 1.2798383288
-276446552 932869643
#r 0 4.9604512737
-276446552 931869643
#r 0 4.5700680761
-276355036 932508319
#r 0 3.9159787281
-550539604 -271667289
#r 0 5.1217222915
-550539604 -270667289
#r 0 5.6665566488
-551166103 -270223207
#r 0 5.6579241409
-618319202 -169265767
#r 0 5.2204043898
-618319202 -168265767
#r 0 1.8208813215
-617847239 -170113468
#r 0 4.9326963956
755102565 -188650360
#r 0 3.6551054162
755102565 -187650360
#r 0 3.3029497745
757595041 -187244654
#r 0 5.6535234588
380790345 -501424583
#r 0 1.3232146966
380790345 -500424583
#r 0 2.2118206918
380979151 -500677628
#r 0 1.3664192502
-579009961 358478730
#r 0 0.5830409057
-579009961 357478730
#r 0 4.3183433654
-578437068 358856567
#r 0 0.3988529086
299350043 -849072587
#r 0 1.7925262451
299350043 -848072587
#r 0 1.7595664808
300602334 -854627548
#r 0 1.2469965103
547958642 -796389549
#r 0 2.3349836342
547958642 -795389549
#r 0 2.1819666984
550563668 -799107497
#r 0 1.8139277210
120566706 -818818612
#r 0 2.7422293130
120566706 -817818612
#r 0 1.8811706138
120937661 -818975171
#r 0 1.0732417038
137093106 -178832048
#r 0 5.8113839249
137093106 -177832048
#r 0 4.9978791865
137438311 -179008183
#r 0 1.4902002833
-671832205 450572368
#r 0 2.8906622579
-671832205 449572368
#r 0 2.8621700201
-704516101 458950336
#r 0 6.0381416005
-468532303 -84888903
#r 0 5.8657060668
-468532303 -83888903
#r 0 0.4238703748
-469649902 -84393189
#r 0 4.4569299289
242220329 -192797614
#r 0 3.7574012377
242220329 -191797614
#r 0 1.2832176404
241846262 -193062304
#r 0 5.1096145179
474168597 127670696
#r 0 3.4442937800
474168597 126670696
#r 0 2.9319297237
472264156 127075942
#r 0 4.6195897273
595496296 -707793242
#r 0 2.3566377297
595496296 -706793242
#r 0 0.4349062939
594813090 -707110641
#r 0 0.5073158569
677928845 -196320030
#r 0 3.5888656673
677928845 -195320030
#r 0 3.4557440321
684389411 -193220921
#r 0 1.5423977117
134234208 -184258840
#r 0 1.4899423694
134234208 -183258840
#r 0 1.9604643290
134301885 -183423638
#r 0 1.4977368495
-222667336 -46611794
#r 0 3.9891790440
-222667336 -45611794
#r 0 5.0636353382
-222408386 -46318454
#r 0 0.3791391963
219528894 970092025
#r 0 3.3892708343
219528894 969092025
#r 0 3.3292175517
203658945 966078988
#r 0 5.5310522288
-384209398 -106897359
#r 0 1.1058208975
-384209398 -105897359
#r 0 3.7901611147
-383399964 -105283850
#r 0 0.9774968755
615373946 -411111791
#r 0 1.2962774209
615373946 -410111791
#r 0 2.7978763406
615629786 -410203362
#r 0 3.1561966045
326662212 790338362
#r 0 3.3799247086
326662212 789338362
#r 0 1.7969979594
326444258 790285410
#r 0 5.4371506084
340630368 -61653550
#r 0 3.0310112050
340630368 -60653550
#r 0 2.2980993758
341618052 -61763217
#r 0 5.1414100666
-936931568 -253662529
#r 0 1.9401387328
-936931568 -252662529
#r 0 6.0380020641
-937360192 -252555280
#r 0 1.8421165848
-55698254 -527054964
#r 0 1.2244771185
-55698254 -526054964
#r 0 2.4589369951
-55419252 -526281811
#r 0 2.3023300201
-176767589 -188188183
#r 0 0.2267942209
-176767589 -187188183
#r 0 5.2743448650
-176217800 -188061311
#r 0 2.4373107988
133207554 429148051
#r 0 0.5946669265
133207554 428148051
#r 0 1.5322881719
133247112 429174805
#r 0 1.5947384615
420725815 -425022251
#r 0 1.6078998546
420725815 -424022251
#r 0 1.5515430133
420713136 -424680694
#r 0 1.5489165721
-984543034 144270826
#r 0 4.8228027035
-984543034 143270826
#r 0 0.5104210311
-984438649 143329272
#r 0 0.4302748758
366737756 485628537
#r 0 3.0035848720
366737756 484628537
#r 0 2.9549478967
346718555 488409017
#r 0 3.0458425499
-649282821 -270779598
#r 0 5.0109789651
-649282821 -269779598
#r 0 3.9186062428
-649519098 -270011946
#r 0 5.8723669007
411724544 245564399
#r 0 4.2789311523
411724544 244564399
#r 0 3.8945920995
410907207 243798379
#r 0 3.9869693824
795592083 -315379132
#r 0 4.0978090412
795592083 -314379132
#r 0 4.0031587364
799565466 -309749180
#r 0 2.5998544678
-521849662 466816098
#r 0 6.1308031457
-521849662 465816098
#r 0 5.4651663960
-522943881 466984140
#r 0 6.1010599236
-558514126 -706353026
#r 0 0.1723884039
-558514126 -705353026
#r 0 0.1624767942
-460425249 -689274123
#r 0 3.2844188935
-218018041 -776753981
#r 0 1.3324628558
-218018041 -775753981
#r 0 2.4235381654
-217817628 -775929068
#r 0 3.7901923910
517252615 315449462
#r 0 4.0328351177
517252615 314449462
#r 0 6.1009449591
516549393 314579055
#r 0 3.9275456722
-836634468 79323631
#r 0 0.6289377345
-836634468 78323631
#r 0 5.7900195062
-837425013 78748518
#r 0 0.0185764636
-478957491 -425697431
#r 0 0.5094030623
-478957491 -424697431
#r 0 5.3064532971
-478467067 -425423492
#r 0 5.0880425420
744680137 283363242
#r 0 5.3517994487
744680137 282363242
#r 0 5.4343197560
749464208 276929821
#r 0 5.4126858253
787479252 -388621533
#r 0 4.4248869965
787479252 -387621533
#r 0 3.8790646148
787883553 -387254240
#r 0 2.3624747803
734374273 161323653
#r 0 0.6984219083
734374273 160323653
#r 0 3.6252606820
731192724 158652443
#r 0 1.1430636098
-835925574 -325109799
#r 0 5.8212690402
-835925574 -324109799
#r 0 5.7019594820
-829639593 -328239197
#r 0 6.1119391180
191098699 -491490599
#r 0 0.8304104093
191098699 -490490599
#r 0 1.6909104547
191205313 -491373928
#r 0 0.3745406637
76967052 -918743877
#r 0 2.7529512798
76967052 -917743877
#r 0 2.0689563312
77666816 -919030408
#r 0 2.5607142276
-458212991 -390070259
#r 0 0.9547826592
-458212991 -389070259
#r 0 0.2784230848
-457325495 -388816570
#r 0 1.0495470191
-561441965 -303326039
#r 0 0.7716366459
-561441965 -302326039
#r 0 5.9303113019
-560696329 -302600648
#r 0 6.1561845980
-143029320 -288205830
#r 0 6.0212058760
-143029320 -287205830
#r 0 6.0168217021
69512420 -345197234
#r 0 4.0685275811
-217724255 370576245
#r 0 1.8700051499
-217724255 369576245
#r 0 4.5014007970
-217597847 370166453
#r 0 4.3450876031
231282029 -813119927
#r 0 2.3996378636
231282029 -812119927
#r 0 1.9227540956
231835656 -813627426
#r 0 1.4128765570
-173650117 941397434
#r 0 5.2693674851
-173650117 940397434
#r 0 5.3050979852
-165383863 928123607
#r 0 5.2383394212
-974261600 -135035256
#r 0 4.8899263880
-974261600 -134035256
#r 0 4.7792414478
-974154793 -135630523
#r 0 4.7490261010
-219071864 876570219
#r 0 6.0244411639
-219071864 875570219
#r 0 5.1764014655
-219648732 876722903
#r 0 5.8211972165
841216372 -245702053
#r 0 4.0188150980
841216372 -244702053
#r 0 3.3435312322
842218260 -244496937
#r 0 1.7557538434
-554460271 622376857
#r 0 0.2045070450
-554460271 621376857
#r 0 1.2652911836
-554122819 622446847
#r 0 5.9285415323
-710372218 -603481641
#r 0 1.7623957069
-710372218 -602481641
#r 0 0.7270953900
-710537647 -602628823
#r 0 0.7212966688
57367412 137137296
#r 0 4.2148413226
57367412 136137296
#r 0 3.6248416899
56607798 135738690
#r 0 3.9552674645
350298717 99524416
#r 0 1.3822892811
350298717 98524416
#r 0 1.2700418524
349803115 96926539
#r 0 1.2245171908
124361302 -505132095
#r 0 1.1254260812
124361302 -504132095
#r 0 3.0424102252
124817013 -504177442
#r 0 2.3952915784
-544744435 413022941
#r 0 0.5078039523
-544744435 412022941
#r 0 0.0306045931
-546646064 411964724
#r 0 0.0257055539
-119196968 -904270036
#r 0 3.2006823707
-119196968 -903270036
#r 0 2.1894407253
-118513871 -904229625
#r 0 1.2527295982
-804414631 -463783652
#r 0 0.1899384290
-804414631 -462783652
#r 0 1.4757461714
-804511749 -463802323
#r 0 1.0930618389
551441948 -761356956
#r 0 2.1763769694
551441948 -760356956
#r 0 2.5597019507
550170426 -759520455
#r 0 2.7432677069
27156741 -865736728
#r 0 1.2109621656
27156741 -864736728
#r 0 1.9572273399
27352216 -865217142
#r 0 3.2393635851
940217810 -146619311
#r 0 4.6754500633
940217810 -145619311
#r 0 4.7363609592
940232352 -146225816
#r 0 4.8077155554
-914055295 46387478
#r 0 5.6926319003
-914055295 45387478
#r 0 4.5082536892
-913873504 46265613
#r 0 0.4621647468
-936955659 -34943340
#r 0 4.4875149109
-936955659 -33943340
#r 0 6.0298011558
-936739708 -33999261
#r 0 5.1887891367
-369379595 277222742
#r 0 4.8630802840
-369379595 276222742
#r 0 6.1754038615
-369225216 276206038
#r 0 5.6978851549
-821124475 11788443
#r 0 1.3055866095
-821124475 10788443
#r 0 3.9728315708
-821511229 10364500
#r 0 0.8814607857
-490967586 616064171
#r 0 4.1918203675
-490967586 615064171
#r 0 6.1699730645
-491505818 615125367
#r 0 1.5492731497
-678074763 -588467848
#r 0 0.5926236529
-678074763 -587467848
#r 0 6.1854080434
-676778506 -587594998
#r 0 5.4066011653
217643120 -215305082
#r 0 4.5284496858
217643120 -214305082
#r 0 6.0185130011
217820232 -214353085
#r 0 3.4635210913
-682169509 -158834214
#r 0 5.6954524654
-682169509 -157834214
#r 0 3.1156881550
-683731114 -157793752
#r 0 1.6454412032
557597791 508080141
#r 0 5.8891477729
557597791 507080141
#r 0 5.8233227717
545018391 513310436
#r 0 3.4567506941
639262792 -399950495
#r 0 3.0893197873
639262792 -398950495
#r 0 3.2969276904
634476204 -399700058
#r 0 0.9761727357
61684808 -566926225
#r 0 0.5225503031
61684808 -565926225
#r 0 1.3627981567
61444553 -567064601
#r 0 2.5370347829
523190902 523430949
#r 0 2.8360255880
523190902 522430949
#r 0 5.1856474048
522580179 523623599
#r 0 3.1318487000
-97120665 -106773775
#r 0 2.2232820933
-97120665 -105773775
#r 0 2.0463860721
-95540908 -108841157
#r 0 0.1645311596
-565009351 514254679
#r 0 4.4726012953
-565009351 513254679
#r 0 5.8330957082
-565228012 513360329
#r 0 6.1355113877
334580786 -482417867
#r 0 1.6604244396
334580786 -481417867
#r 0 2.1417443379
334476298 -481255190
#r 0 1.7337301532
-302732954 278207160
#r 0 2.7459227511
-302732954 277207160
#r 0 1.6094091404
-302772220 278223561
#r 0 5.1915060359
-258338693 -552221732
#r 0 0.4319645226
-258338693 -551221732
#r 0 2.3006460777
-257705285 -551929730
#r 0 0.6960271561
-571070279 -284224233
#r 0 3.6359204711
-571070279 -283224233
#r 0 4.8413107770
-570949105 -284158925
#r 0 6.2782871964
481874853 641887316
#r 0 0.5046749497
481874853 640887316
#r 0 5.4901003860
481237050 641535001
#r 0 3.5921538767
-479273610 -106822827
#r 0 0.5646943837
-479273610 -105822827
#r 0 5.9364789034
-478268392 -106186013
#r 0 2.1705970001
-4238218 -621301856
#r 0 3.3223373474
-4238218 -620301856
#r 0 1.4534162671
-4358737 -621323880
#r 0 0.7212762795
-213551122 -22815755
#r 0 1.6328392778
-213551122 -21815755
#r 0 4.0272960573
-213608855 -21886410
#r 0 3.2884937576
-874003763 -51756842
#r 0 4.0228784029
-874003763 -50756842
#r 0 0.7532187799
-870370166 -47349884
#r 0 5.2815836802
-191082364 -706539912
#r 0 1.7916421862
-191082364 -705539912
#r 0 1.2208774648
-191221361 -705920792
#r 0 1.3920733197
-712230836 221529366
#r 0 0.1465131640
-712230836 220529366
#r 0 1.6999461709
-712358266 221510561
#r 0 5.2144477996
-780382671 126943689
#r 0 0.7464763120
-780382671 125943689
#r 0 0.6274280122
-785386340 122315114
#r 0 0.6583343543
-236286024 -513307999
#r 0 0.4424462758
-236286024 -512307999
#r 0 0.3181674132
-229361566 -510027382
#r 0 3.4835651201
432125842 146983063
#r 0 3.0637314382
432125842 145983063
#r 0 3.5319956302
434168555 146823693
#r 0 1.7691259581
-261116530 -918750953
#r 0 1.2153004332
-261116530 -917750953
#r 0 2.3796150757
-260842384 -918012550
#r 0 2.1855662895
118024946 613168088
#r 0 2.7881860388
118024946 612168088
#r 0 2.7502990157
95128076 621614603
#r 0 2.7977863443
-464226731 -787773296
#r 0 0.6607172758
-464226731 -786773296
#r 0 2.0333304265
-463867385 -787493993
#r 0 0.8637324597
-243669211 -909135288
#r 0 1.8420997554
-243669211 -908135288
#r 0 2.1711449544
-244137721 -907450981
#r 0 2.3072514196
-477273716 873997373
#r 0 4.2623464441
-477273716 872997373
#r 0 4.5377616862
-476995801 874572638
#r 0 4.5463827708
-723337552 322551553
#r 0 4.9019951945
-723337552 321551553
#r 0 4.8382168611
-723708659 324485292
#r 0 1.2785848850
-109826943 -461038229
#r 0 2.1953113635
-109826943 -460038229
#r 0 2.3788699604
-112142821 -457825067
#r 0 2.2014489143
273596302 -710435175
#r 0 0.1245227289
273596302 -709435175
#r 0 1.8249109750
273847853 -710403688
#r 0 1.4561851501
-495340295 -231301155
#r 0 1.4185210463
-495340295 -230301155
#r 0 4.4510597184
-494980212 -228954775
#r 0 5.3216852783
-335666797 -774290530
#r 0 0.9972804585
-335666797 -773290530
#r 0 2.7589658143
-335154132 -773496858
#r 0 1.7043349658
-44434562 -424288087
#r 0 3.4858393459
-44434562 -423288087
#r 0 2.9842657009
-42500925 -423594835
#r 0 2.0537815023
482272679 648017210
#r 0 3.1107101549
482272679 647017210
#r 0 0.4870800953
484056687 647962098
#r 0 0.5569068964
-848718430 -335529233
#r 0 6.0652893176
-848718430 -334529233
#r 0 5.9832090987
-837341729 -338048162
#r 0 6.0874202364
-538168394 -366123595
#r 0 0.1142420069
-538168394 -365123595
#r 0 0.2201147008
-547342854 -367176287
#r 0 4.6776684345
780704324 -493859950
#r 0 2.6077733534
780704324 -492859950
#r 0 2.8910700270
777720677 -492096439
#r 0 0.9014251238
101574837 -660299922
#r 0 1.9770863391
101574837 -659299922
#r 0 3.6425671309
101226638 -659490585
#r 0 1.5217466612
274165912 -778182756
#r 0 2.4658761571
274165912 -777182756
#r 0 1.6634632975
274266325 -778263248
#r 0 2.3281611391
-30247511 -354320033
#r 0 1.9134231358
-30247511 -353320033
#r 0 2.5006624531
-30733532 -352957466
#r 0 2.5628935276
196232884 -273237791
#r 0 4.6997396310
196232884 -272237791
#r 0 5.2496313987
196245271 -272258585
#r 0 4.8021993589
-43571381 -254057842
#r 0 4.3968028372
-43571381 -253057842
#r 0 3.7522818357
-43148165 -252761614
#r 0 5.9091955999
245238934 77228773
#r 0 4.4054346527
245238934 76228773
#r 0 4.2444379650
244388724 74546492
#r 0 4.4661507212
691449954 36763389
#r 0 0.6714117792
691449954 35763389
#r 0 3.4662932582
689266263 35028327
#r 0 0.9637403139
305194638 -415436078
#r 0 5.7290565484
305194638 -414436078
#r 0 2.4434910635
309734976 -418245641
#r 0 5.7423890032
326597884 -216545057
#r 0 4.6602354828
326597884 -215545057
#r 0 1.8657910787
326642432 -215691663
#r 0 4.0864518533
48717586 -293671845
#r 0 1.1322494015
48717586 -292671845
#r 0 5.8698596861
49106576 -292842453
#r 0 3.9403321609
530625494 -89118625
#r 0 0.7933054708
530625494 -88118625
#r 0 3.8425655901
536439851 -83211581
#r 0 2.1269105518
42124448 645983829
#r 0 2.2100642472
42124448 644983829
#r 0 3.5355395697
42692360 645219897
#r 0 5.6022868935
-178491570 670902010
#r 0 3.4676103985
-178491570 669902010
#r 0 0.2779203149
-197439067 664496213
#r 0 0.3894035357
78464923 432039983
#r 0 0.9293961499
78464923 431039983
#r 0 1.0884888574
80216661 434385885
#r 0 1.1026669799
160031141 -417843750
#r 0 1.1332700127
160031141 -416843750
#r 0 1.5891581778
160048811 -417805974
#r 0 0.9792626827
-430166093 553065446
#r 0 1.4313962405
-430166093 552065446
#r 0 6.0539616929
-430301955 552097146
#r 0 0.9955724397
17710008 853207122
#r 0 0.1413360356
17710008 852207122
#r 0 3.1601866517
9625187 852056776
#r 0 3.7201010044
14875479 -715975258
#r 0 1.1424383897
14875479 -714975258
#r 0 2.0621428053
15121865 -715435690
#r 0 1.3858203881
-415569731 -638404763
#r 0 1.5213412548
-415569731 -637404763
#r 0 1.3891554551
-415501977 -637035862
#r 0 1.4790706494
-773961145 -176289730
#r 0 5.2277685441
-773961145 -175289730
#r 0 4.9218114500
-773620965 -176890285
#r 0 5.8453101378
940988252 -325744210
#r 0 1.5173612537
940988252 -324744210
#r 0 1.4369608105
941076989 -324085145
#r 0 1.4268423719
-826089410 389315028
#r 0 6.1379550109
-826089410 388315028
#r 0 0.5156415350
-824686982 389109909
#r 0 5.2203617462
787581078 -76307990
#r 0 1.3072874012
787581078 -75307990
#r 0 3.5744381360
787889280 -75165579
#r 0 5.1768343801
-720594767 -54294382
#r 0 1.5222081106
-720594767 -53294382
#r 0 5.6521867150
-720547809 -53328692
#r 0 0.9940600317
594911311 732837332
#r 0 4.1085361113
594911311 731837332
#r 0 4.1070124618
382835372 425395334
#r 0 4.1737709749
288809318 -738112341
#r 0 1.4542712564
288809318 -737112341
#r 0 1.1977911317
288976331 -736685551
#r 0 2.7782427264
-344837829 -486706031
#r 0 1.6447988428
-344837829 -485706031
#r 0 3.9560699612
-344906566 -485778886
#r 0 0.0862567066
-62712054 -847301326
#r 0 1.7051593852
-62712054 -846301326
#r 0 1.7975421251
-63038500 -844886386
#r 0 2.4845620087
-250419138 -693493865
#r 0 0.4433180191
-250419138 -692493865
#r 0 2.1222610684
-249943068 -693267808
#r 0 2.7602507636
366755340 -91389671
#r 0 4.3318955463
366755340 -90389671
#r 0 2.9568229377
367127503 -90459229
#r 0 3.8504369496
961566412 68953195
#r 0 1.1553190495
961566412 67953195
#r 0 1.2297524912
963381808 73068257
#r 0 1.2046285564
597164501 -516317146
#r 0 5.9887371346
597164501 -515317146
#r 0 6.0989978145
588614901 -513724364
#r 0 5.4505893007
-877313621 -335845740
#r 0 1.1691574741
-877313621 -334845740
#r 0 6.1285434167
-876915269 -334907838
#r 0 0.0120853466
-380835327 -806301119
#r 0 4.5938215958
-380835327 -805301119
#r 0 4.5495450893
-380402050 -802663988
#r 0 2.0600285789
822465216 -184570263
#r 0 1.4150322568
822465216 -183570263
#r 0 5.4117283130
822597547 -183727583
#r 0 1.6552794102
186036512 447263379
#r 0 0.7382275733
186036512 446263379
#r 0 0.6745349003
176960659 439005763
#r 0 2.0903224136
-324336703 -906969741
#r 0 2.0454030476
-324336703 -905969741
#r 0 3.0291919693
-324882108 -905908178
#r 0 1.8093902941
-23877194 30146238
#r 0 2.9304988726
-23877194 29146238
#r 0 3.8750719965
-22980726 29954137
#r 0 1.3329294563
-646955563 126488175
#r 0 1.9961028411
-646955563 125488175
#r 0 2.3988275508
-646180107 124776173
#r 0 2.4124009598
647455009 119171730
#r 0 2.9853475487
647455009 118171730
#r 0 0.7075242194
648442408 119016186
#r 0 0.7728311409
-614105525 708095676
#r 0 0.6791386632
-614105525 707095676
#r 0 4.4512968917
-613764856 708370677
#r 0 5.9125088193
-144601442 -246545691
#r 0 5.2710401458
-144601442 -245545691
#r 0 4.8058543777
-144491166 -246722112
#r 0 5.2554735259
-755786970 456770808
#r 0 6.1857135745
-755786970 455770808
#r 0 6.1626002416
-798537804 460951053
#r 0 6.1708913302
-942398078 -178453409
#r 0 2.6501070668
-942398078 -177453409
#r 0 2.7251359123
-953154405 -172695570
#r 0 2.6055515943
711522906 98276513
#r 0 4.1553035127
711522906 97276513
#r 0 1.2889299943
712064054 99145274
#r 0 4.7056224541
-865732126 -389513957
#r 0 0.1559090864
-865732126 -388513957
#r 0 6.2616500704
-860136885 -388634470
#r 0 5.5079439868
457994694 -775492143
#r 0 2.1682702827
457994694 -774492143
#r 0 3.2808051088
457373486 -774579186
#r 0 1.5468995742
223679184 -734348721
#r 0 2.1973049419
223679184 -733348721
#r 0 2.8822319947
222783365 -733111027
#r 0 3.5053112330
590989480 604339845
#r 0 1.7488518527
590989480 603339845
#r 0 1.7064097138
590425113 607475892
#r 0 4.3183032227
33739637 326385330
#r 0 1.0586744399
33739637 325385330
#r 0 0.6883865180
32693901 324525079
#r 0 5.2938271661
107088828 -31836439
#r 0 0.2865809869
107088828 -30836439
#r 0 0.0769157287
111683881 -30482308
#r 0 0.1242537113
-86557720 15314172
#r 0 2.4287857719
-86557720 14314172
#r 0 4.6310797016
-86481593 15248367
#r 0 1.5359286514
187576655 288198927
#r 0 1.8038380021
187576655 287198927
#r 0 4.9458332125
320285449 -270918444
#r 0 3.5638686153
376013911 294524797
#r 0 2.4367698560
376013911 293524797
#r 0 6.0493731512
377646835 293135886
#r 0 4.1711326942
278966036 620220652
#r 0 5.9181916627
278966036 619220652
#r 0 5.7092673171
275183822 621665892
#r 0 5.6498565137
-721859489 -551390151
#r 0 0.2627036764
-721859489 -550390151
#r 0 1.6255239068
-721805502 -551375633
#r 0 5.5320823321
388898961 -22604958
#r 0 0.5102749595
388898961 -21604958
#r 0 2.6974499070
389864612 -22064464
#r 0 0.6842657658
-862956667 140643757
#r 0 4.3372193768
-862956667 139643757
#r 0 0.4036621112
-863430130 139441533
#r 0 0.6432170901
-64393835 -548376194
#r 0 2.1462552494
-64393835 -547376194
#r 0 2.3289412332
-66453554 -545201032
#r 0 2.2352506688
-682022435 430113840
#r 0 1.5802213406
-682022435 429113840
#r 0 1.6649226442
-682011964 429002928
#r 0 1.5795310809
129522077 617343422
#r 0 4.7252506647
129522077 616343422
#r 0 2.8560383521
129534988 616339632
#r 0 3.3216477909
-709725211 -135667791
#r 0 5.1360788173
-709725211 -134667791
#r 0 4.5383010747
-709851740 -135387243
#r 0 5.8427058222
882172595 169931446
#r 0 1.6697192652
882172595 168931446
#r 0 1.5128216118
882209218 169562440
#r 0 2.5388881911
29768177 179516482
#r 0 5.6299302666
29768177 178516482
#r 0 3.7553131504
30448530 178995771
#r 0 3.0396246703
258981388 553416150
#r 0 4.5968702247
258981388 552416150
#r 0 4.5871698749
257497365 540626747
#r 0 4.6243344059
867622611 474026919
#r 0 4.7372809513
867622611 473026919
#r 0 4.8838991203
867651688 472859052
#r 0 3.5335956964
494169261 705240858
#r 0 4.6432686284
494169261 704240858
#r 0 2.4011294104
494104150 704300365
#r 0 0.0483657008
122469093 -725635014
#r 0 1.0050481354
122469093 -724635014
#r 0 0.9539401198
128539069 -716075789
#r 0 1.1971087830
-603116602 -663308573
#r 0 0.8818027419
-603116602 -662308573
#r 0 0.2696466679
-602050205 -662013844
#r 0 1.1169680673
-145539966 -887360284
#r 0 3.1023873630
-145539966 -886360284
#r 0 2.3922895435
-144417720 -887404305
#r 0 0.7112474820
682414660 608429595
#r 0 2.3679338043
682414660 607429595
#r 0 4.3482936767
682692370 608158330
#r 0 5.0288212136
-490982295 -354183775
#r 0 0.1105716385
-490982295 -353183775
#r 0 6.0331701026
-488252908 -353880746
#r 0 4.2619047622
-802812116 -220135267
#r 0 1.2568199577
-802812116 -219135267
#r 0 5.9125904395
-802523778 -219247300
#r 0 5.8930627022
250470454 471718324
#r 0 2.4937491642
250470454 470718324
#r 0 1.4374048344
250592271 471626132
#r 0 3.0357542921
439852827 37625603
#r 0 0.1600660252
439852827 36625603
#r 0 2.1368655803
439276514 37532559
#r 0 3.8112912523
-160210028 -311873695
#r 0 6.0556888071
-160210028 -310873695
#r 0 5.6566529429
-158178799 -312343933
#r 0 0.3543194588
378118500 -176315695
#r 0 4.4638251710
378118500 -175315695
#r 0 2.0035711030
378282314 -175670283
#r 0 4.9118011962
-866575725 -214630372
#r 0 2.7447865598
-866575725 -213630372
#r 0 2.7690467044
-901988454 -199791254
#r 0 2.6427832613
135413484 36622920
#r 0 4.7826899253
135413484 35622920
#r 0 4.3275080086
135473473 35771010
#r 0 4.8533895347
133848038 926203271
#r 0 5.9820705763
133848038 925203271
#r 0 5.8625624321
126536053 928474067
#r 0 4.6948830206
152317393 -838586251
#r 0 2.0669625899
152317393 -837586251
#r 0 0.8940715479
151994000 -837988852
#r 0 1.2348258371
866394399 -388688067
#r 0 3.0882803077
866394399 -387688067
#r 0 0.7053012202
865289126 -388629086
#r 0 2.9723980996
-110683473 -855371776
#r 0 1.2370073064
-110683473 -854371776
#r 0 2.5027502407
-110407729 -854576584
#r 0 1.0095439380
-778756986 -564076853
#r 0 1.4305486823
-778756986 -563076853
#r 0 0.0508594971
-778614790 -563069615
#r 0 1.4054066549
-737950047 -439455128
#r 0 1.7011363546
-737950047 -438455128
#r 0 1.6195558744
-737872309 -440048168
#r 0 1.6717282862
-609784449 -471338019
#r 0 5.9864758405
-609784449 -470338019
#r 0 5.9003670195
-599469833 -474491553
#r 0 6.0177874167
-23189346 649857189
#r 0 1.9770981077
-23189346 648857189
#r 0 5.9332903354
-22678977 648670951
#r 0 2.1819183282
919027675 186956176
#r 0 2.1128592349
919027675 185956176
#r 0 2.0848305404
909976226 201985883
#r 0 0.8044921776
-462062882 -817316296
#r 0 1.8072563147
-462062882 -816316296
#r 0 1.6568058810
-461928618 -817873483
#r 0 5.3683296781
-122964257 -333624352
#r 0 1.4380629606
-122964257 -332624352
#r 0 4.7915739294
-122914486 -333251584
#r 0 4.7119271761
-340634393 559951828
#r 0 4.4597138362
-340634393 558951828
#r 0 5.3621560315
-340827103 559205449
#r 0 5.3340344866
-909594700 -252680642
#r 0 0.4536471548
-909594700 -251680642
#r 0 2.1257760101
-909118628 -252448528
#r 0 2.1427442882
43912064 302995607
#r 0 1.9061598536
43912064 301995607
#r 0 2.2811264570
44498041 301314320
#r 0 1.8173833973
117420708 890129395
#r 0 4.0731114072
117420708 889129395
#r 0 0.0908394486
116623286 889056758
#r 0 6.2827834202
-468178342 -347725758
#r 0 4.6583294984
-468178342 -346725758
#r 0 6.1070595165
-468124746 -346735296
#r 0 6.1876289467
71200613 -222501511
#r 0 4.4489324049
71200613 -221501511
#r 0 1.2452987317
72543764 -217521828
#r 0 4.0242730721
-243623499 -789879633
#r 0 3.8688117774
-243623499 -788879633
#r 0 2.4735873776
-243027883 -789349581
#r 0 1.3526908913
-769324329 107708350
#r 0 0.6562682004
-769324329 106708350
#r 0 0.4977647318
-773734688 104311745
#r 0 0.5001854803
635566251 196520845
#r 0 0.2917808639
635566251 195520845
#r 0 0.3564941648
649445058 200689390
#r 0 4.7008879758
195202581 -473800941
#r 0 1.6373884368
195202581 -472800941
#r 0 0.2909672393
195137196 -472820522
#r 0 3.0941195233
308865562 -904406367
#r 0 0.8491452597
308865562 -903406367
#r 0 1.3951900601
308643317 -904658921
#r 0 1.8681036047
710295145 -265660052
#r 0 3.0661399752
710295145 -264660052
#r 0 3.5259476492
708212105 -265502582
#r 0 3.6298864754
-659887626 -690524746
#r 0 5.5852148207
-659887626 -689524746
#r 0 0.4092904316
-660673411 -689865610
#r 0 1.1187554443
582191960 -738122481
#r 0 0.6003426645
582191960 -737122481
#r 0 2.6439086720
583006333 -737564929
#r 0 1.8403580244
619956929 619639294
#r 0 2.1384432551
619956929 618639294
#r 0 3.0510785514
620633754 618577864
#r 0 1.9246155152
279378978 182926265
#r 0 5.8243744408
279378978 181926265
#r 0 5.8711192775
296960195 174241696
#r 0 0.4962164751
-31041134 -356688329
#r 0 5.1228714628
-31041134 -355688329
#r 0 2.4477279940
-31723302 -355120864
#r 0 5.1009600890
531322273 778893238
#r 0 5.2662216813
531322273 777893238
#r 0 5.2897529531
543523036 759163388
#r 0 5.2362838805
-409016762 -551302065
#r 0 5.1141425945
-409016762 -550302065
#r 0 4.9489525269
-408459453 -552613806
#r 0 5.0772630907
-242530425 -410578653
#r 0 3.7740984829
-242530425 -409578653
#r 0 1.8385760524
-242301994 -410411222
#r 0 3.8732899768
280793211 -921368331
#r 0 2.7603099947
280793211 -920368331
#r 0 2.6467169466
287999555 -924257360
#r 0 1.3190127710
730390034 137322819
#r 0 0.5186685502
730390034 136322819
#r 0 3.2225227642
728347917 136157189
#r 0 1.1668013220
336241334 349827929
#r 0 4.4269169536
336241334 348827929
#r 0 2.1006270868
336045818 349161750
#r 0 4.2385733869
182629508 -60733374
#r 0 2.3713455650
182629508 -59733374
#r 0 4.0879684563
182205397 -60321924
#r 0 4.8072015985
-14583895 -391538609
#r 0 5.0813345062
-14583895 -390538609
#r 0 5.0232944679
-12681986 -396457543
#r 0 5.0244019434
-529968658 -541423045
#r 0 2.0434482364
-529968658 -540423045
#r 0 2.1133375599
-533334593 -534840038
#r 0 2.0282702155
-295721070 -115687762
#r 0 5.1268085220
-295721070 -114687762
#r 0 2.1725506972
-296944973 -112905506
#r 0 4.1328261840
-860392259 105310463
#r 0 0.8477960638
-860392259 104310463
#r 0 0.4310199406
-861877195 103627606
#r 0 4.3417321484
134282577 690186611
#r 0 5.2518419157
134282577 689186611
#r 0 5.3119630024
139106710 682128746
#r 0 4.8731894850
120775521 105317247
#r 0 4.8299322247
120775521 104317247
#r 0 2.9998819763
120895632 104300111
#r 0 4.8818813709
705482076 -427802156
#r 0 4.0883886402
705482076 -426802156
#r 0 3.1600736456
706211751 -426788669
#r 0 4.0150137709
67711290 -820628312
#r 0 3.3279926668
67711290 -819628312
#r 0 1.3253619143
67448387 -820677893
#r 0 2.7383495021
433987350 508403551
#r 0 5.8544992960
433987350 507403551
#r 0 3.0460678409
436755783 507138290
#r 0 4.2152474307
-118050258 19266698
#r 0 2.0323653869
-118050258 18266698
#r 0 1.9120171492
-119291593 21762323
#r 0 2.6823958246
-797637337 -148047045
#r 0 1.1159841897
-797637337 -147047045
#r 0 5.1173775046
-797408906 -147579909
#r 0 1.1927694546
-297627869 -312378482
#r 0 4.0092080807
-297627869 -311378482
#r 0 3.3303631626
-296616298 -311185226
#r 0 4.0201828728
526708312 738674488
#r 0 4.1102073379
526708312 737674488
#r 0 5.6486287067
526251898 738010462
#r 0 5.3710379039
902408713 326691638
#r 0 4.6202899721
902408713 325691638
#r 0 4.4729879887
902260129 325082890
#r 0 4.4187705204
194389026 724215994
#r 0 4.4307231657
194389026 723215994
#r 0 4.4849483616
195545419 728212392
#r 0 2.7427255378
479784988 -770379991
#r 0 0.3505076104
479784988 -769379991
#r 0 1.3526672651
479543786 -770468176
#r 0 0.4182138790
-131810955 348029062
#r 0 2.8835971942
-131810955 347029062
#r 0 2.3389880633
-133107732 348371251
#r 0 1.8974534988
586522933 -217901995
#r 0 4.8755117981
586522933 -216901995
#r 0 2.7626535311
586346805 -216831864
#r 0 3.7858560737
-187748036 23994930
#r 0 2.4403009836
-187748036 22994930
#r 0 2.3322372095
-192635587 28122461
#r 0 3.6641080960
352205545 -810872443
#r 0 2.7708089334
352205545 -809872443
#r 0 0.8035737143
351504181 -810599777
#r 0 1.6795562042
-281264150 625950435
#r 0 4.9428646713
-281264150 624950435
#r 0 3.7928924259
-281065106 625102158
#r 0 4.4209660121
805993669 -555805939
#r 0 2.9334220990
805993669 -554805939
#r 0 1.0248705568
805455249 -555692208
#r 0 3.0013921568
109176579 830254230
#r 0 3.8590452858
109176579 829254230
#r 0 0.1883327395
107710259 828974762
#r 0 3.0699325788
454603456 -115132683
#r 0 0.7023910019
454603456 -114132683
#r 0 4.6283963582
454512806 -115209408
#r 0 2.7896048962
-841858840 456991149
#r 0 0.0714766936
-841858840 455991149
#r 0 5.1473767677
-842308550 456958950
#r 0 5.1688365924
-394302774 -111391377
#r 0 1.0638603808
-394302774 -110391377
#r 0 2.1331248450
-394007570 -110859807
#r 0 4.5741063110
-44928054 515757560
#r 0 5.5626401363
-44928054 514757560
#r 0 5.0544393072
-45446028 516212359
#r 0 6.0478704680
-121117037 -740886462
#r 0 3.0543248415
-121117037 -739886462
#r 0 0.6095900848
-122389627 -740775123
#r 0 2.0208953911
-104972969 -794518837
#r 0 3.4714656329
-104972969 -793518837
#r 0 1.5792544351
-104964535 -794515949
#r 0 1.5754013863
-228728329 -70115130
#r 0 2.9204813382
-228728329 -69115130
#r 0 2.9405451062
-276379736 -59403732
#r 0 5.3933216246
211817052 -353830981
#r 0 0.0328764565
211817052 -352830981
#r 0 3.4015453440
207526727 -353972083
#r 0 3.3831285622
714039536 -444378998
#r 0 3.9176574967
714039536 -443378998
#r 0 3.0865157768
715004193 -443432182
#r 0 4.0136160459
210279624 -719446913
#r 0 2.3035991809
210279624 -718446913
#r 0 1.5989463476
210308691 -719479210
#r 0 0.9647332572
-252990652 907596128
#r 0 4.7491511226
-252990652 906596128
#r 0 4.3782213046
-252957396 906691914
#r 0 6.0211332695
-111775591 385835601
#r 0 5.3363847993
-111775591 384835601
#r 0 1.2621098879
-111554594 385528643
#r 0 3.5752606284
-751715650 246572132
#r 0 6.2538959171
-751715650 245572132
#r 0 0.6308645514
-750399406 246533569
#r 0 0.4729207220
734240015 -107718197
#r 0 2.2664700195
734240015 -106718197
#r 0 3.0328710079
733321377 -106617926
#r 0 4.5091114471
451097033 876365304
#r 0 3.3316929693
451097033 875365304
#r 0 5.2637941026
450547079 876259480
#r 0 4.8823586379
-213751703 -188883800
#r 0 3.5256618891
-213751703 -187883800
#r 0 3.0499641907
-211735674 -188069044
#r 0 2.2654700608
-871609781 -439190600
#r 0 1.1395794234
-871609781 -438190600
#r 0 0.6924960479
-870865692 -437573347
#r 0 0.5786543374
873731973 -187795839
#r 0 5.1624389285
873731973 -186795839
#r 0 1.7765719548
874099487 -188556554
#r 0 5.1863674881
476321941 -514170025
#r 0 2.7828422207
476321941 -513170025
#r 0 2.5679797164
480010606 -515553189
#r 0 2.5199113435
648529161 -258031637
#r 0 3.2543152845
648529161 -257031637
#r 0 3.6842315011
646487594 -258262747
#r 0 3.5201688327
-947200162 54478327
#r 0 0.5476842458
-947200162 53478327
#r 0 0.3413141923
-951126237 52083721
#r 0 5.2378086202
-72923073 965837855
#r 0 4.3480557530
-72923073 964837855
#r 0 4.2547022955
-74612141 961408770
#r 0 4.3448436230
533900477 -572149686
#r 0 0.6082345126
533900477 -571149686
#r 0 2.5713535411
534648085 -571629131
#r 0 0.5272354769
-787439174 -505763987
#r 0 1.3748925629
-787439174 -504763987
#r 0 1.2839552330
-786832735 -502708092
#r 0 1.3257531925
-244124713 -774407860
#r 0 0.6186913316
-244124713 -773407860
#r 0 2.0227585517
-243763932 -774151007
#r 0 1.1901395948
912688030 366379819
#r 0 4.4511314915
912688030 365379819
#r 0 4.3789169307
911516240 361997139
#r 0 4.5198088466
65744808 676218049
#r 0 2.3565904122
65744808 675218049
#r 0 5.0888359651
65091437 676870903
#r 0 3.2231838209
-530446177 836542796
#r 0 5.7711195026
-530446177 835542796
#r 0 0.1342049964
-529011643 835736482
#r 0 5.7627483978
-415563059 -298865844
#r 0 4.3578026538
-415563059 -297865844
#r 0 0.4295182904
-415117218 -297661632
#r 0 5.6896765535
-886033412 -228132643
#r 0 5.3595828153
-886033412 -227132643
#r 0 0.2062515416
-886686003 -227269183
#r 0 1.0526825241
-277974413 -935647969
#r 0 2.8448777084
-277974413 -934647969
#r 0 2.8938233719
-296923359 -929854509
#r 0 2.1876975585
200104270 740576328
#r 0 3.4654702085
200104270 739576328
#r 0 3.3735797893
190049768 737201048
#r 0 3.4465119967
-138670661 -326693416
#r 0 4.9081039206
-138670661 -325693416
#r 0 4.7256558794
-138656442 -326765139
#r 0 0.9185104192
-420259027 -893966584
#r 0 1.5198200894
-420259027 -892966584
#r 0 5.9845294739
-420208796 -892982048
#r 0 6.0407778747
-798050443 -196980374
#r 0 0.2362542765
-798050443 -195980374
#r 0 1.3188201990
-798324902 -197046450
#r 0 1.2144953305
-402542994 -134498653
#r 0 5.7055654676
-402542994 -133498653
#r 0 1.0102867620
-402988430 -134208330
#r 0 5.8053825494
508744237 816338581
#r 0 5.3132191186
508744237 815338581
#r 0 5.2457017876
504484225 822554345
#r 0 4.0321732103
-397593185 913590386
#r 0 4.8617046679
-397593185 912590386
#r 0 4.9278332245
-397111916 910391211
#r 0 4.8245629897
-443314379 -868631678
#r 0 1.5065471764
-443314379 -867631678
#r 0 0.9270700674
-443244007 -867537893
#r 0 5.6529761027
-533147680 613971414
#r 0 5.3750054953
-533147680 612971414
#r 0 0.1263855347
-532437761 613061618
#r 0 0.0628300037
-770932227 -336799630
#r 0 5.3888385892
-770932227 -335799630
#r 0 5.3361712739
-763986019 -345452041
#r 0 5.3585500163
-313801222 -169811900
#r 0 2.8669703062
-313801222 -168811900
#r 0 2.9527974016
-324830213 -166704582
#r 0 2.9832210466
396351162 236536477
#r 0 2.4506932080
396351162 235536477
#r 0 2.4467944037
244504751 362090585
#r 0 1.5588988894
653214263 -656222690
#r 0 0.0950189453
653214263 -655222690
#r 0 6.2567641513
661428946 -655439782
#r 0 0.0245143603
-126037657 252119065
#r 0 4.2829505488
-126037657 251119065
#r 0 4.2290905459
-129631737 244270726
#r 0 2.2282121658
795662488 -210263076
#r 0 5.5838973248
795662488 -209263076
#r 0 5.5168043230
803886234 -217179838
#r 0 5.7104091859
-552602322 134431660
#r 0 2.5788620862
-552602322 133431660
#r 0 1.0440627186
-552176851 134163290
#r 0 2.4311054763
-25074801 475442830
#r 0 0.3616753245
-25074801 474442830
#r 0 2.3683639841
-25813207 475163479
#r 0 0.0456752210
-581753711 58339560
#r 0 1.7212630320
-581753711 57339560
#r 0 2.1559125231
-581557106 57042800
#r 0 4.8657919052
-123676106 -141587957
#r 0 4.7097741490
-123676106 -140587957
#r 0 1.9862716694
-123673507 -140593849
#r 0 2.8280877049
-770394741 -202777594
#r 0 6.0640639040
-770394741 -201777594
#r 0 5.8578630507
-766052096 -203744688
#r 0 0.8260122546
226219170 40973701
#r 0 0.8904102842
226219170 39973701
#r 0 0.7976213531
221477260 35114428
#r 0 0.9546067451
-730767039 -317649186
#r 0 4.4878359617
-730767039 -316649186
#r 0 4.4232618532
-729783192 -313341720
#r 0 0.3852128595
313987082 -595303530
#r 0 1.4682568732
313987082 -594303530
#r 0 2.8775411543
314087197 -594330598
#r 0 2.0053960416
422385780 609464897
#r 0 3.6768827750
422385780 608464897
#r 0 3.6415231815
401033360 596801943
#r 0 5.6743318293
-283682688 -708434606
#r 0 2.5056451028
-283682688 -707434606
#r 0 2.4719645451
-264950907 -722263602
#r 0 2.4969102191
-165174039 -771223105
#r 0 1.2524330321
-165174039 -770223105
#r 0 1.1216147175
-164132079 -768061570
#r 0 2.4182953707
-595802012 -385074130
#r 0 5.0289869827
-595802012 -384074130
#r 0 5.5705131213
-596259019 -383679191
#r 0 5.5728478573
277214466 -802769623
#r 0 1.7127464819
277214466 -801769623
#r 0 1.7032710200
279186636 -816569581
#r 0 2.5369454701
-49223034 10182434
#r 0 4.1271238000
-49223034 9182434
#r 0 2.0841072970
-49527644 9722797
#r 0 2.8691319690
606551053 -19018638
#r 0 2.3303703368
606551053 -18018638
#r 0 1.0496625515
606193269 -18641881
#r 0 2.5080447977
-355498144 909755308
#r 0 4.3633849815
-355498144 908755308
#r 0 4.3120216487
-358094171 902621410
#r 0 4.6217769114
47076853 -733059593
#r 0 1.9494784094
47076853 -732059593
#r 0 0.8760985124
46807557 -732382775
#r 0 2.1436821042
-374230082 240356462
#r 0 1.6291550793
-374230082 239356462
#r 0 1.6109352170
-374358548 242555272
#r 0 0.8674532411
57914385 673072022
#r 0 3.3358851437
57914385 672072022
#r 0 5.2170124199
57416207 672973993
#r 0 2.8711830824
-434227853 -134865342
#r 0 6.0540143456
-434227853 -133865342
#r 0 0.6639959854
-435212302 -134635701
#r 0 4.3191439246
-803935016 3201268
#r 0 6.1834405331
-803935016 2201268
#r 0 3.8182986025
-802827970 3090478
#r 0 5.3893261308
612533705 664406426
#r 0 2.2092460591
612533705 663406426
#r 0 2.8789925627
613460788 663157219
#r 0 2.3192475804
-128789750 -864403732
#r 0 1.6823911921
-128789750 -863403732
#r 0 1.3646557578
-128862711 -863752644
#r 0 1.8176018622
49745228 181238661
#r 0 2.5734454821
49745228 180238661
#r 0 4.9900905086
49396745 181461117
#r 0 5.7063572529
582907428 511612935
#r 0 5.8219286882
582907428 510612935
#r 0 4.0870269193
583438781 511348845
#r 0 4.0901210367
616180789 -199370439
#r 0 2.2604526900
616180789 -198370439
#r 0 0.7608609783
615718803 -198810292
#r 0 3.5178039235
144982153 -279834439
#r 0 3.2503551886
144982153 -278834439
#r 0 3.6931566538
143006125 -280050208
#r 0 5.5470248223
-152837913 140842892
#r 0 2.9443717354
-152837913 139842892
#r 0 5.3782424355
-153769695 141029079
#r 0 4.2425256450
549838263 -730153584
#r 0 1.3385216340
549838263 -729153584
#r 0 1.9036532570
549978711 -729559833
#r 0 2.0096501964
-591139324 -247371007
#r 0 5.6917102644
-591139324 -246371007
#r 0 5.8437640603
-596099140 -244039528
#r 0 3.8002000447
-753947354 98952221
#r 0 1.3377647180
-753947354 97952221
#r 0 5.8934486248
-754163615 98041049
#r 0 0.6750092084
-98352464 -743450637
#r 0 2.2036368684
-98352464 -742450637
#r 0 1.5445288420
-98377829 -743416055
#r 0 2.2026528856
611104978 -524723090
#r 0 0.1145260886
611104978 -523723090
#r 0 0.0120174178
620812637 -523606423
#r 0 0.1193607289
-276948858 -364114257
#r 0 5.7781788809
-276948858 -363114257
#r 0 3.3566735282
-278245402 -363397500
#r 0 4.4863065758
-558362802 302376104
#r 0 3.8724222792
-558362802 301376104
#r 0 3.9265606886
-548628303 311102233
#r 0 2.4090127836
-267275647 10250653
#r 0 1.6701594133
