701687785 -541700890
#r 0 2.6308411358
701687785 -540700890
#r 0 1.1924745633
701362716 -541518739
#r 0 2.2323517675
-499127383 633119407
#r 0 2.4510722296
-499127383 632119407
#r 0 3.4643865035
-498265837 632407588
#r 0 2.4609093756
-483608482 -622730427
#r 0 2.0962715254
-483608482 -621730427
#r 0 0.6753848658
-484004423 -622047598
#r 0 1.8622342395
-400050622 -282770132
#r 0 0.2680711742
-400050622 -281770132
#r 0 2.1343187638
-399512204 -282622238
#r 0 3.2113448389
301295572 728310821
#r 0 1.9837095206
301295572 727310821
#r 0 4.7090854076
301298851 728303337
#r 0 4.2366827265
538670319 187274473
#r 0 3.2089033107
538670319 186274473
#r 0 1.4718983013
538770209 187281207
#r 0 5.7131442614
-356518068 -65592954
#r 0 5.0197913099
-356518068 -64592954
#r 0 1.1789629561
-356697598 -65027442
#r 0 5.0308078075
-276446552 932869643
#r 0 5.4547007109
-276446552 931869643
#r 0 4.1669774535
-276081332 932471512
#r 0 3.8372132003
-550539604 -271667289
#r 0 0.5538270466
-550539604 -270667289
#r 0 2.1930899246
-550042673 -271359995
#r 0 0.2132151717
-618319202 -169265767
#r 0 2.6947530109
-618319202 -168265767
#r 0 2.7632046371
-630571339 -163394994
#r 0 5.8640249481
755102565 -188650360
#r 0 0.4537544770
755102565 -187650360
#r 0 0.4271635350
785870235 -173645150
#r 0 3.3321699976
380790345 -501424583
#r 0 2.8594241833
380790345 -500424583
#r 0 2.2647027407
381886682 -501742415
#r 0 0.9249764736
-579009961 358478730
#r 0 5.6419602300
-579009961 357478730
#r 0 4.1398971324
-578574812 358153913
#r 0 2.5949469905
299350043 -849072587
#r 0 1.2700552999
299350043 -848072587
#r 0 1.5219915261
299292069 -849259509
#r 0 1.2736312769
547958642 -796389549
#r 0 2.7670203398
547958642 -795389549
#r 0 3.1409082479
545410536 -795387805
#r 0 2.2048553638
120566706 -818818612
#r 0 1.3575991576
120566706 -817818612
#r 0 1.3391697029
123202410 -806643736
#r 0 1.3325927205
137093106 -178832048
#r 0 5.4022842105
137093106 -177832048
#r 0 5.3784157884
153570216 -198800430
#r 0 2.2242958079
-671832205 450572368
#r 0 5.7121375851
-671832205 449572368
#r 0 4.6526612873
-671774619 450535372
#r 0 4.6780118696
-468532303 -84888903
#r 0 5.9242942086
-468532303 -83888903
#r 0 3.6082760034
-469670040 -84462095
#r 0 5.9145447028
242220329 -192797614
#r 0 3.1585580406
242220329 -191797614
#r 0 2.8506871929
245381223 -192743983
#r 0 3.1768527196
474168597 127670696
#r 0 2.6431889409
474168597 126670696
#r 0 3.9388506786
474806256 127323662
#r 0 2.6529045097
595496296 -707793242
#r 0 1.1256673729
595496296 -706793242
#r 0 2.4824268384
595844615 -707063108
#r 0 2.3600813058
677928845 -196320030
#r 0 0.2063256787
677928845 -195320030
#r 0 0.3429840676
671162657 -197736221
#r 0 0.4712425623
134234208 -184258840
#r 0 0.4762726431
134234208 -183258840
#r 0 5.6568203890
135041021 -183842619
#r 0 5.6654630163
-222667336 -46611794
#r 0 4.7123541765
-222667336 -45611794
#r 0 3.8214225685
-222667301 -45611766
#r 0 4.7288192718
219528894 970092025
#r 0 3.1297091456
219528894 969092025
#r 0 3.0601975649
205179891 970262550
#r 0 3.0995050677
-384209398 -106897359
#r 0 5.9317723227
-384209398 -105897359
#r 0 1.1414498303
-384601425 -106753630
#r 0 5.7330833865
615373946 -411111791
#r 0 2.6512078274
615373946 -410111791
#r 0 3.1135494122
613397005 -410056337
#r 0 3.1173269934
326662212 790338362
#r 0 1.6327650097
326662212 789338362
#r 0 3.9167171084
326720705 789395665
#r 0 1.6325705229
340630368 -61653550
#r 0 4.1096820447
340630368 -60653550
#r 0 4.1333850560
327542689 -80673074
#r 0 0.9622233235
-936931568 -253662529
#r 0 6.1780655459
-936931568 -252662529
#r 0 1.1350743388
-937375335 -253615708
#r 0 6.1817719660
-55698254 -527054964
#r 0 2.2339747097
-55698254 -526054964
#r 0 0.1520440749
-56395949 -526161869
#r 0 0.1643755228
-176767589 -188188183
#r 0 2.8136398478
-176767589 -187188183
#r 0 2.8245231964
-259419663 -160066716
#r 0 6.1722965067
133207554 429148051
#r 0 0.2241403521
133207554 428148051
#r 0 0.9055842159
134162899 429365842
#r 0 4.3237229840
420725815 -425022251
#r 0 0.5029606610
420725815 -424022251
#r 0 2.8178925516
421854924 -424401068
#r 0 0.4823029309
-984543034 144270826
#r 0 5.1482981160
-984543034 143270826
#r 0 5.5529736955
-983744044 142555491
#r 0 0.1917164998
366737756 485628537
#r 0 3.5691277878
366737756 484628537
#r 0 4.0634554189
367896893 486156688
#r 0 3.5898797634
-649282821 -270779598
#r 0 4.1535089207
-649282821 -269779598
#r 0 3.1599713948
-648650158 -269767969
#r 0 1.3940888658
411724544 245564399
#r 0 4.2897343559
411724544 244564399
#r 0 4.2665923484
404081424 228570638
#r 0 4.2580053380
795592083 -315379132
#r 0 1.6397236341
795592083 -314379132
#r 0 2.9892747913
795522307 -314368421
#r 0 1.6546396210
-521849662 466816098
#r 0 5.6728365982
-521849662 465816098
#r 0 2.5280031821
-728582158 611412669
#r 0 5.6588788683
-558514126 -706353026
#r 0 0.7716394225
-558514126 -705353026
#r 0 5.6854404239
-557909416 -705764731
#r 0 0.7876554345
-218018041 -776753981
#r 0 0.9081971201
-218018041 -775753981
#r 0 1.0082946157
-221301042 -780961456
#r 0 0.6128057920
517252615 315449462
#r 0 3.2451135222
517252615 314449462
#r 0 3.6938208768
519204661 315652264
#r 0 0.7959185979
-836634468 79323631
#r 0 1.3078504462
-836634468 78323631
#r 0 0.6413006223
-836971345 78072130
#r 0 4.9328529900
-478957491 -425697431
#r 0 5.1389734182
-478957491 -424697431
#r 0 5.1202290166
-470201828 -444962092
#r 0 3.3085773543
744680137 283363242
#r 0 5.4802759861
744680137 282363242
#r 0 2.4361923354
750112321 277737399
#r 0 2.4282745040
787479252 -388621533
#r 0 2.7555139003
787479252 -387621533
#r 0 2.7771364981
747446475 -372349071
#r 0 2.8116516695
734374273 161323653
#r 0 3.5365724385
734374273 160323653
#r 0 1.6272800876
734319031 161300623
#r 0 2.0077487638
-835925574 -325109799
#r 0 0.6898769801
-835925574 -324109799
#r 0 0.2484553414
-834175585 -323665832
#r 0 0.6737513651
191098699 -491490599
#r 0 1.6218864875
191098699 -490490599
#r 0 5.9416855767
191046618 -490472088
#r 0 1.6035412213
76967052 -918743877
#r 0 1.7891612419
76967052 -917743877
#r 0 1.1755226226
76822192 -918091069
#r 0 1.9717139183
-458212991 -390070259
#r 0 2.7653381999
-458212991 -389070259
#r 0 1.1089421264
-458628951 -389905923
#r 0 1.9397329580
-561441965 -303326039
#r 0 0.2491261177
-561441965 -302326039
#r 0 1.9166060323
-561111929 -303242074
#r 0 0.6589269282
-143029320 -288205830
#r 0 1.1459276641
-143029320 -287205830
#r 0 2.4266809928
-142704478 -287487827
#r 0 3.9238318950
-217724255 370576245
#r 0 4.3502625384
-217724255 369576245
#r 0 4.7095143698
-217721358 370583891
#r 0 4.3521474295
231282029 -813119927
#r 0 2.8833115181
231282029 -812119927
#r 0 2.2511915303
232311439 -813391878
#r 0 2.8886673545
-173650117 941397434
#r 0 4.6429073473
-173650117 940397434
#r 0 5.9547634734
-173718098 940420600
#r 0 3.7313752469
-974261600 -135035256
#r 0 5.6162206161
-974261600 -134035256
#r 0 0.3222425095
-975153497 -134333043
#r 0 5.7178428883
-219071864 876570219
#r 0 3.6971672336
-219071864 875570219
#r 0 5.5054512820
-219694688 876183569
#r 0 4.6257707431
841216372 -245702053
#r 0 2.2448874558
841216372 -244702053
#r 0 2.2524023419
788884585 -180200108
#r 0 2.2377650932
-554460271 622376857
#r 0 1.8105374373
-554460271 621376857
#r 0 1.8193249481
-547813506 595185308
#r 0 1.8222988913
-710372218 -603481641
#r 0 0.1210552466
-710372218 -602481641
#r 0 1.8099055618
-710135466 -603452840
#r 0 1.7299430869
57367412 137137296
#r 0 2.7216919303
57367412 136137296
#r 0 2.1813982336
56349595 137591704
#r 0 2.9836616899
350298717 99524416
#r 0 5.0480476375
350298717 98524416
#r 0 1.2237837068
350476286 99015418
#r 0 1.7386041038
124361302 -505132095
#r 0 2.6920260721
124361302 -504132095
#r 0 6.0391238801
120078554 -503065581
#r 0 0.6939458562
-544744435 413022941
#r 0 4.1254712543
-544744435 412022941
#r 0 0.5832472836
-545929673 411240898
#r 0 2.2793181533
-119196968 -904270036
#r 0 2.7952934353
-119196968 -903270036
#r 0 1.1866854170
-119549709 -904142753
#r 0 1.2981422348
-804414631 -463783652
#r 0 5.1709533020
-804414631 -462783652
#r 0 5.1727459367
-914119237 -241557477
#r 0 5.8162769459
551441948 -761356956
#r 0 2.1864892088
551441948 -760356956
#r 0 2.1424991868
558547626 -771401360
#r 0 2.1516512987
27156741 -865736728
#r 0 0.6674397727
27156741 -864736728
#r 0 0.7362505024
18692349 -872407476
#r 0 0.6851680565
940217810 -146619311
#r 0 1.1292610107
940217810 -145619311
#r 0 1.1405803789
924472385 -179931859
#r 0 1.1159714553
-914055295 46387478
#r 0 1.4262545341
-914055295 45387478
#r 0 5.7906719901
-914190306 45459928
#r 0 5.7880551963
-936955659 -34943340
#r 0 6.1140243172
-936955659 -33943340
#r 0 0.2246458224
-939460067 -34515604
#r 0 0.2314835639
-369379595 277222742
#r 0 3.3873746438
-369379595 276222742
#r 0 2.6881378873
-370734284 276882913
#r 0 5.8386773367
-821124475 11788443
#r 0 4.8207467841
-821124475 10788443
#r 0 4.8332171723
-820079148 2179233
#r 0 4.8292396285
-490967586 616064171
#r 0 2.3780193632
-490967586 615064171
#r 0 2.3524021262
-510833404 635081240
#r 0 2.3821548019
-678074763 -588467848
#r 0 0.0336984649
-678074763 -587467848
#r 0 2.4614116573
-676888062 -588427843
#r 0 1.9064075140
217643120 -215305082
#r 0 2.4162819944
217643120 -214305082
#r 0 5.2555395738
218942010 -216456558
#r 0 2.8549183195
-682169509 -158834214
#r 0 4.0657189635
-682169509 -157834214
#r 0 6.1363626199
-681490371 -157934650
#r 0 6.1457325001
557597791 508080141
#r 0 4.7947934102
557597791 507080141
#r 0 1.0874011381
557669154 507216088
#r 0 1.0947198459
639262792 -399950495
#r 0 3.1574183471
639262792 -398950495
#r 0 0.9916506100
638602005 -399960953
#r 0 2.3046187071
61684808 -566926225
#r 0 2.5260046841
61684808 -565926225
#r 0 2.5332736202
-30485451 -501737041
#r 0 5.6814977131
523190902 523430949
#r 0 0.4966329640
523190902 522430949
#r 0 0.5078134442
591905525 560670055
#r 0 3.6370655861
-97120665 -106773775
#r 0 4.7734329166
-97120665 -105773775
#r 0 0.0739676121
-97181509 -105778284
#r 0 6.0379734799
-565009351 514254679
#r 0 6.2356173606
-565009351 513254679
#r 0 2.6249293639
-566930448 514346131
#r 0 4.3350513301
334580786 -482417867
#r 0 2.8872317799
334580786 -481417867
#r 0 0.5800318722
333488136 -482133786
#r 0 4.5809337519
-302732954 278207160
#r 0 0.9144693291
-302732954 277207160
#r 0 5.4446607495
-303147783 277668586
#r 0 0.8278470753
-258338693 -552221732
#r 0 1.2129825346
-258338693 -551221732
#r 0 3.2239182046
-257952881 -551189898
#r 0 3.2287447718
-571070279 -284224233
#r 0 2.0123403141
-571070279 -283224233
#r 0 2.0102778982
-482912076 -470736090
#r 0 5.3271282680
481874853 641887316
#r 0 5.5689165527
481874853 640887316
#r 0 5.1031483905
481234050 642442878
#r 0 5.5764656674
-479273610 -106822827
#r 0 6.1143398583
-479273610 -105822827
#r 0 1.0174082063
-479832526 -106727549
#r 0 3.5272494243
-4238218 -621301856
#r 0 1.5872901086
-4238218 -620301856
#r 0 3.0039117794
-4254751 -620299565
#r 0 2.5067449492
-213551122 -22815755
#r 0 3.9088610999
-213551122 -21815755
#r 0 4.6670295842
-213598590 -22861533
#r 0 2.1304947008
-874003763 -51756842
#r 0 0.6779713206
-874003763 -50756842
#r 0 0.6807261402
-191082364 -706539912
#r 0 0.0125736714
-191082364 -705539912
#r 0 1.5604670049
-191092695 -706540042
#r 0 0.1919010589
-712230836 221529366
#r 0 5.5451079901
-712230836 220529366
#r 0 5.3959727372
-715375318 224389492
#r 0 5.3907873284
-780382671 126943689
#r 0 1.5497843064
-780382671 125943689
#r 0 4.4243981311
-780405291 125867329
#r 0 4.4175562495
-236286024 -513307999
#r 0 1.1882457825
-236286024 -512307999
#r 0 3.4292996682
-235829265 -512172836
#r 0 1.2613712269
432125842 146983063
#r 0 2.6120035016
432125842 145983063
#r 0 4.7112540280
432126976 146982399
#r 0 4.2658657671
-261116530 -918750953
#r 0 1.4439379463
-261116530 -917750953
#r 0 1.4439032900
118024946 613168088
#r 0 5.1452247599
118024946 612168088
#r 0 3.9546201190
118335401 612496191
#r 0 5.7133388398
-464226731 -787773296
#r 0 6.1298307315
-464226731 -786773296
#r 0 6.0999609070
-431689999 -792802439
#r 0 5.8763601733
-243669211 -909135288
#r 0 0.6286217020
-243669211 -908135288
#r 0 0.9609060202
-245089444 -910167806
#r 0 2.0238004398
-477273716 873997373
#r 0 4.9898551063
-477273716 872997373
#r 0 4.4076396677
-477124245 873472568
#r 0 4.7696953655
-723337552 322551553
#r 0 3.4614795589
-723337552 321551553
#r 0 3.4591551580
-109826943 -461038229
#r 0 5.7941144652
-109826943 -460038229
#r 0 5.7729006081
-73512589 -480364555
#r 0 0.1352226973
273596302 -710435175
#r 0 0.3461968001
273596302 -709435175
#r 0 0.3221512941
310707796 -697048150
#r 0 3.5467771640
-495340295 -231301155
#r 0 5.9780098210
-495340295 -230301155
#r 0 5.7506785966
-491694294 -232449704
#r 0 0.5596648489
-335666797 -774290530
#r 0 3.3510751881
-335666797 -773290530
#r 0 3.3516548805
-44434562 -424288087
#r 0 1.8225343976
-44434562 -423288087
#r 0 6.1931734669
-44697868 -423264322
#r 0 5.9559849247
482272679 648017210
#r 0 3.1158467257
482272679 647017210
#r 0 4.0568338862
483026753 647997791
#r 0 4.0346401185
-848718430 -335529233
#r 0 0.3200985289
-848718430 -334529233
#r 0 0.3112496821
-746602473 -301677920
#r 0 3.3949911761
-538168394 -366123595
#r 0 2.9176084290
-538168394 -365123595
#r 0 5.9138067020
-531892578 -367553268
#r 0 2.9136795887
780704324 -493859950
#r 0 2.6358344780
780704324 -492859950
#r 0 3.5623860055
779705650 -493306881
#r 0 1.2102810988
101574837 -660299922
#r 0 4.9066582199
101574837 -659299922
#r 0 2.2212884061
101309478 -658951216
#r 0 0.6267037918
274165912 -778182756
#r 0 1.1095645757
274165912 -777182756
#r 0 1.1804938069
271776629 -782990323
#r 0 1.8008476834
-30247511 -354320033
#r 0 0.7600173694
-30247511 -353320033
#r 0 4.8562437812
-30120186 -354199013
#r 0 3.1407919661
196232884 -273237791
#r 0 2.9991830565
196232884 -272237791
#r 0 4.0229532519
195495639 -273132085
#r 0 2.0824064059
-43571381 -254057842
#r 0 2.1862263432
-43571381 -253057842
#r 0 2.1620020022
-30287130 -272846590
#r 0 5.9253725176
245238934 77228773
#r 0 2.7504150653
245238934 76228773
#r 0 3.5021731271
246505562 76706375
#r 0 0.6487981068
691449954 36763389
#r 0 5.9210498671
691449954 35763389
#r 0 5.9242763805
962813233 -66040637
#r 0 4.7683847254
305194638 -415436078
#r 0 2.0503563328
305194638 -414436078
#r 0 2.0781633766
297131665 -399931904
#r 0 2.1245785800
326597884 -216545057
#r 0 1.5420155007
326597884 -215545057
#r 0 1.5456372198
326398000 -223488193
#r 0 4.5202236770
48717586 -293671845
#r 0 0.8337832216
48717586 -292671845
#r 0 4.4833776307
48403931 -294017422
#r 0 4.4840183882
530625494 -89118625
#r 0 1.3939577622
530625494 -88118625
#r 0 5.9596607750
530794096 -88175158
#r 0 4.4814341596
42124448 645983829
#r 0 3.9845208449
42124448 644983829
#r 0 4.1282900388
44685038 648857391
#r 0 4.0015212185
-178491570 670902010
#r 0 0.6852879993
-178491570 669902010
#r 0 6.0228353797
-179414214 670147799
#r 0 0.5394581131
78464923 432039983
#r 0 1.9166388957
78464923 431039983
#r 0 4.9759137518
77391017 435020371
#r 0 4.4573435087
160031141 -417843750
#r 0 1.6244653858
160031141 -416843750
#r 0 3.6953957654
159979147 -416875900
#r 0 2.9606372634
-430166093 553065446
#r 0 5.9538612794
-430166093 552065446
#r 0 4.9751982592
-430462366 553166703
#r 0 5.1183705572
17710008 853207122
#r 0 6.1422635751
17710008 852207122
#r 0 4.7056575004
17716733 853206168
#r 0 6.1287251212
14875479 -715975258
#r 0 5.7251344965
14875479 -714975258
#r 0 3.3152877747
13625011 -715194669
#r 0 5.7268171234
-415569731 -638404763
#r 0 4.6219855154
-415569731 -637404763
#r 0 1.5961986172
-415549886 -638185841
#r 0 1.5698215310
-773961145 -176289730
#r 0 1.3183237116
-773961145 -175289730
#r 0 0.0711067357
-773698339 -175271011
#r 0 0.0932666523
940988252 -325744210
#r 0 3.6587810263
940988252 -324744210
#r 0 3.3212012160
943570434 -324275376
#r 0 2.4020726046
-826089410 389315028
#r 0 0.8711812024
-826089410 388315028
#r 0 5.2436608220
-826435439 388903887
#r 0 5.3171652315
787581078 -76307990
#r 0 4.0846885196
787581078 -75307990
#r 0 4.6840894486
787551622 -76348586
#r 0 4.6775750176
-720594767 -54294382
#r 0 4.5725118348
-720594767 -53294382
#r 0 2.7015879069
-720462723 -53356547
#r 0 5.4193118673
594911311 732837332
#r 0 5.3276058314
594911311 731837332
#r 0 4.7680468569
594850827 732922917
#r 0 5.3401787004
288809318 -738112341
#r 0 1.1528851327
288809318 -737112341
#r 0 1.1460354291
313227051 -683126055
#r 0 4.3051248117
-344837829 -486706031
#r 0 3.9716012685
-344837829 -485706031
#r 0 0.6929751301
-341037017 -482550026
#r 0 0.0761413499
-62712054 -847301326
#r 0 0.3168938908
-62712054 -846301326
#r 0 1.5083038657
-62775939 -847322277
#r 0 0.8128745271
-250419138 -693493865
#r 0 3.6576800099
-250419138 -692493865
#r 0 0.5175269830
366755340 -91389671
#r 0 1.5249594921
366755340 -90389671
#r 0 2.7631756841
366800387 -90407581
#r 0 2.7669461657
961566412 68953195
#r 0 2.4813907893
961566412 67953195
#r 0 2.4208307400
951761375 76566104
#r 0 2.4671851285
597164501 -516317146
#r 0 2.4813053457
597164501 -515317146
#r 0 3.1570100468
595901849 -515336614
#r 0 3.4853602170
-877313621 -335845740
#r 0 6.2418656271
-877313621 -334845740
#r 0 0.2305943460
-880935319 -335696007
#r 0 0.5319372112
-380835327 -806301119
#r 0 0.0310356967
-380835327 -805301119
#r 0 2.9051732169
-377158460 -806186968
#r 0 2.9019166471
822465216 -184570263
#r 0 0.8577912275
822465216 -183570263
#r 0 2.9003390977
823178266 -183745706
#r 0 2.9120959919
186036512 447263379
#r 0 1.8312533039
186036512 446263379
#r 0 1.8274706471
168753402 512112919
#r 0 4.9853048363
-324336703 -906969741
#r 0 0.6055796640
-324336703 -905969741
#r 0 0.5671623580
-306281964 -894469372
#r 0 0.5755561432
-23877194 30146238
#r 0 1.3333341507
-23877194 29146238
#r 0 0.7209484620
-24184603 28876103
#r 0 2.8962190050
-646955563 126488175
#r 0 2.1620817094
-646955563 125488175
#r 0 0.1753887112
-646355536 125594505
#r 0 2.1574137384
647455009 119171730
#r 0 1.4362910089
647455009 118171730
#r 0 2.4747263218
647332714 118267997
#r 0 0.1070576953
-614105525 708095676
#r 0 5.9779617062
-614105525 707095676
#r 0 6.0056900168
-581019841 697671402
#r 0 5.9616160136
-144601442 -246545691
#r 0 0.3584852802
-144601442 -245545691
#r 0 2.8575806303
-143101242 -245983604
#r 0 3.5177759080
-755786970 456770808
#r 0 2.5456622015
-755786970 455770808
#r 0 4.5955926520
-755678288 456697102
#r 0 1.0980856545
-942398078 -178453409
#r 0 0.9550583910
-942398078 -177453409
#r 0 6.2694933275
-941697372 -177463004
#r 0 5.7875175340
711522906 98276513
#r 0 0.2131319368
711522906 97276513
#r 0 5.6728199684
710431062 98040217
#r 0 6.1939259591
-865732126 -389513957
#r 0 5.3418554378
-865732126 -388513957
#r 0 5.5322081222
-868006708 -386390809
#r 0 5.3290207693
457994694 -775492143
#r 0 2.0224678682
457994694 -774492143
#r 0 2.4689660823
457204064 -773862376
#r 0 2.9107152506
223679184 -734348721
#r 0 0.3937921647
223679184 -733348721
#r 0 1.3475108062
223428457 -734452897
#r 0 1.6315199346
590989480 604339845
#r 0 4.5385286640
590989480 603339845
#r 0 4.8345321296
590917226 603928453
#r 0 4.3407122427
33739637 326385330
#r 0 0.4365762725
33739637 325385330
#r 0 4.3299223214
34234870 326616408
#r 0 0.4412224083
107088828 -31836439
#r 0 6.0664879824
107088828 -30836439
#r 0 6.0819381300
45151492 -18200678
#r 0 1.4128975190
-86557720 15314172
#r 0 1.2763548855
-86557720 14314172
#r 0 4.6686354120
-86506551 15482903
#r 0 3.5846006978
187576655 288198927
#r 0 5.7578580385
187576655 287198927
#r 0 0.3649240901
188616489 287596180
#r 0 3.6324961597
376013911 294524797
#r 0 3.2086074496
376013911 293524797
#r 0 4.7406093789
375985736 294522906
#r 0 0.9036830687
278966036 620220652
#r 0 3.8744472011
278966036 619220652
#r 0 2.2050855717
278523423 619822269
#r 0 5.7459699667
-721859489 -551390151
#r 0 0.7644256118
-721859489 -550390151
#r 0 2.4531925744
-721298183 -550851909
#r 0 0.5690262556
388898961 -22604958
#r 0 3.8803030135
388898961 -21604958
#r 0 3.8902904020
334667580 -71994966
#r 0 3.9577606293
-862956667 140643757
#r 0 4.8229943590
-862956667 139643757
#r 0 0.3037525491
-862849344 139677398
#r 0 5.7687655248
-64393835 -548376194
#r 0 2.1338605777
-64393835 -547376194
#r 0 0.4583300127
-64875162 -547613667
#r 0 0.3869921127
-682022435 430113840
#r 0 4.0739286041
-682022435 429113840
#r 0 4.6813759355
-681990059 430157465
#r 0 1.6184373523
129522077 617343422
#r 0 1.6905678476
129522077 616343422
#r 0 5.0451993693
129706704 615809305
#r 0 3.9348259919
-709725211 -135667791
#r 0 5.9525086786
-709725211 -134667791
#r 0 5.9311920762
-668072268 -149966457
#r 0 5.9364289884
882172595 169931446
#r 0 5.3472065371
882172595 168931446
#r 0 5.8631672251
883270117 168441299
#r 0 5.8595277247
29768177 179516482
#r 0 2.4225108048
29768177 178516482
#r 0 2.8271673864
31585596 177925432
#r 0 3.8602088838
258981388 553416150
#r 0 5.8931231832
258981388 552416150
#r 0 3.8595488660
259759849 553096103
#r 0 5.5569629834
867622611 474026919
#r 0 3.1408680206
867622611 473026919
#r 0 5.0260469012
867298169 474027154
#r 0 5.0290605248
494169261 705240858
#r 0 4.1414408411
494169261 704240858
#r 0 4.9741581559
493980203 704946516
#r 0 4.5078491435
122469093 -725635014
#r 0 1.3453704981
122469093 -724635014
#r 0 3.2593350442
122704811 -724607131
#r 0 4.7853883720
-603116602 -663308573
#r 0 5.6406322529
-603116602 -662308573
#r 0 6.2362894810
-604541937 -662241682
#r 0 5.6366031320
-145539966 -887360284
#r 0 1.6562299987
-145539966 -886360284
#r 0 1.8168192506
-145669934 -885842708
#r 0 2.3985376295
682414660 608429595
#r 0 5.3360355269
682414660 607429595
#r 0 3.6884422725
682914967 607734172
#r 0 5.3383987170
-490982295 -354183775
#r 0 5.0533246733
-490982295 -353183775
#r 0 5.0400581875
-482870460 -377047538
#r 0 0.0884827775
-802812116 -220135267
#r 0 5.3670062500
-802812116 -219135267
#r 0 5.3418215350
-788578769 -238679964
#r 0 4.8650323924
250470454 471718324
#r 0 2.9997950640
250470454 470718324
#r 0 5.1396449308
249983499 471787840
#r 0 2.9951918773
439852827 37625603
#r 0 1.9776809497
439852827 36625603
#r 0 4.7387593751
439824731 37690802
#r 0 1.2691613829
-160210028 -311873695
#r 0 3.9345416456
-160210028 -310873695
#r 0 5.3327149744
-159795948 -311453314
#r 0 4.1553491739
378118500 -176315695
#r 0 3.2211189139
378118500 -175315695
#r 0 3.1261916365
388634126 -175477659
#r 0 4.0732572726
-866575725 -214630372
#r 0 1.3464816601
-866575725 -213630372
#r 0 0.2217321730
-866335199 -213576148
#r 0 0.7643097302
135413484 36622920
#r 0 2.7855929726
135413484 35622920
#r 0 0.8616612889
136063971 36381041
#r 0 4.7747365842
133848038 926203271
#r 0 0.6254455877
133848038 925203271
#r 0 5.7292017132
133102193 925664650
#r 0 0.6283678497
152317393 -838586251
#r 0 0.7340494859
152317393 -837586251
#r 0 2.0065235116
152645247 -838290449
#r 0 2.0194107056
866394399 -388688067
#r 0 1.2639263847
866394399 -387688067
#r 0 1.9485324811
866570580 -388132081
#r 0 1.2570735612
-110683473 -855371776
#r 0 2.9510913387
-110683473 -854371776
#r 0 0.8414999507
-111445758 -855224777
#r 0 2.9519921113
-778756986 -564076853
#r 0 1.7152943242
-778756986 -563076853
#r 0 1.7075871936
-776209200 -581585944
#r 0 1.7076592640
-737950047 -439455128
#r 0 1.8512041317
-737950047 -438455128
#r 0 0.3941847033
-738207234 -438562106
#r 0 3.9903677771
-609784449 -471338019
#r 0 0.3430000824
-609784449 -470338019
#r 0 0.0235207963
-606786765 -470267498
#r 0 2.0008754082
-23189346 649857189
#r 0 5.5570050208
-23189346 648857189
#r 0 5.5711602864
16800737 614343512
#r 0 2.6482143925
919027675 186956176
#r 0 5.1102166309
919027675 185956176
#r 0 5.1125586033
983472404 33602113
#r 0 3.7071891691
-462062882 -817316296
#r 0 0.6357761213
-462062882 -816316296
#r 0 0.6148783356
-430610302 -794104323
#r 1 -429816472 -793601977
-122964257 -333624352
#r 0 3.4466573300
-122964257 -332624352
#r 0 1.9330335950
-122625699 -333517742
#r 0 3.4466392404
-340634393 559951828
#r 0 4.7222304656
-340634393 558951828
#r 0 4.8248273720
-340623611 558856344
#r 0 2.6023479441
-909594700 -252680642
#r 0 6.1783018828
-909594700 -251680642
#r 0 1.3413825805
-909822622 -252656649
#r 0 5.8597595067
43912064 302995607
#r 0 0.2413826531
43912064 301995607
#r 0 3.4638024626
55319640 305803954
#r 0 0.9796645652
117420708 890129395
#r 0 4.2055578722
117420708 889129395
#r 0 4.4457048704
117958544 891098111
#r 0 4.4565335220
-468178342 -347725758
#r 0 4.9552827079
-468178342 -346725758
#r 0 5.8526877440
-468457944 -346597358
#r 0 3.0238051526
71200613 -222501511
#r 0 0.5300960604
71200613 -221501511
#r 0 0.3320084715
75345252 -220072562
#r 0 3.0575994065
-243623499 -789879633
#r 0 2.4374272846
-243623499 -788879633
#r 0 0.8539692257
-244124270 -789454261
#r 0 0.0023397225
-769324329 107708350
#r 0 4.2949960439
-769324329 106708350
#r 0 5.7860782452
-769681778 106902285
#r 0 0.8448556811
635566251 196520845
#r 0 2.0979941184
635566251 195520845
#r 0 3.2092844133
636126306 195558814
#r 0 5.5580525881
195202581 -473800941
#r 0 1.7796928944
195202581 -472800941
#r 0 1.7844501273
185959499 -430199269
#r 0 4.9243505100
308865562 -904406367
#r 0 1.2063056788
308865562 -903406367
#r 0 1.5970838132
308890160 -904341895
#r 0 2.3132775772
710295145 -265660052
#r 0 0.8956612825
710295145 -264660052
#r 0 0.8920264132
818249543 -130826023
#r 0 4.0376651427
-659887626 -690524746
#r 0 0.5002986660
-659887626 -689524746
#r 0 0.6341441601
-665184492 -693420492
#r 0 2.1280517223
582191960 -738122481
#r 0 2.9873193389
582191960 -737122481
#r 0 1.1184226929
581740122 -738052216
#r 0 2.5134798317
619956929 619639294
#r 0 4.2086443120
619956929 618639294
#r 0 4.1782775980
611863421 604955189
#r 0 4.1874544128
279378978 182926265
#r 0 6.2356244521
279378978 181926265
#r 0 4.9279153826
279157746 182936795
#r 0 4.7535836402
-31041134 -356688329
#r 0 4.8808151700
-31041134 -355688329
#r 0 0.7418837229
-31188244 -355823163
#r 0 2.5048382773
531322273 778893238
#r 0 5.2564653311
531322273 777893238
#r 0 2.5020385562
532422281 777074996
#r 0 3.8279943457
-409016762 -551302065
#r 0 4.2010655871
-409016762 -550302065
#r 0 4.2377755843
-415109713 -562161054
#r 0 4.3030401873
-242530425 -410578653
#r 0 2.2070352356
-242530425 -409578653
#r 0 1.4804934799
-242611087 -410469461
#r 0 0.7861931970
280793211 -921368331
#r 0 2.0441251772
280793211 -920368331
#r 0 1.7587518165
281095774 -921959089
#r 0 1.2598469731
730390034 137322819
#r 0 2.0961374872
730390034 136322819
#r 0 4.1715827244
730684992 136813986
#r 0 4.1633118695
336241334 349827929
#r 0 2.4538563096
336241334 348827929
#r 0 1.4825329686
336323830 349760156
#r 0 2.4461220282
182629508 -60733374
#r 0 4.5498009916
182629508 -59733374
#r 0 5.3648037479
182764550 -59910126
#r 0 2.6561510044
-14583895 -391538609
#r 0 3.5507606894
-14583895 -390538609
#r 0 6.2578249550
-12405285 -390593871
#r 0 4.7655020883
-529968658 -541423045
#r 0 2.4025087583
-529968658 -540423045
#r 0 6.0681881408
-531411579 -540107951
#r 0 6.0684012026
-295721070 -115687762
#r 0 1.5314158404
-295721070 -114687762
#r 0 3.6217840445
-295680844 -114666810
#r 0 3.6212538746
-860392259 105310463
#r 0 4.9110838445
-860392259 104310463
#r 0 5.0984611978
-859993254 103328831
#r 0 0.5082269486
134282577 690186611
#r 0 3.6948076705
134282577 689186611
#r 0 1.7679082676
134104797 690076825
#r 0 6.0745183544
120775521 105317247
#r 0 4.7188612556
120775521 104317247
#r 0 0.6735857392
120781960 104322386
#r 0 0.6267339450
705482076 -427802156
#r 0 2.8716841764
705482076 -426802156
#r 0 1.0128799498
704949905 -427654926
#r 0 2.5225986212
67711290 -820628312
#r 0 1.8098440794
67711290 -819628312
#r 0 1.0698998502
67542652 -819936345
#r 0 0.5019015860
433987350 508403551
#r 0 5.8075177280
433987350 507403551
#r 0 3.4919951174
435122938 507818591
#r 0 0.3210315477
-118050258 19266698
#r 0 4.3213714318
-118050258 18266698
#r 0 2.7028982894
-118395690 18428770
#r 0 3.7698801217
-797637337 -148047045
#r 0 0.4666243424
-797637337 -147047045
#r 0 6.1806572541
-795988846 -147216656
#r 0 4.8265155762
-297627869 -312378482
#r 0 0.8610222386
-297627869 -311378482
#r 0 5.9222197296
-296979136 -311623382
#r 0 4.2605464872
526708312 738674488
#r 0 4.9708443507
526708312 737674488
#r 0 4.8290972052
526497645 739471356
#r 0 4.8675421412
902408713 326691638
#r 0 3.7391362836
902408713 325691638
#r 0 2.2316320453
901900273 326345626
#r 0 1.7445887345
194389026 724215994
#r 0 4.6330180635
194389026 723215994
#r 0 5.2594753908
194318675 723331494
#r 0 1.0574827116
479784988 -770379991
#r 0 1.4168107661
479784988 -769379991
#r 0 1.8071551097
479879377 -769771872
#r 0 1.7793134222
-131810955 348029062
#r 0 3.9749813134
-131810955 347029062
#r 0 1.8829867329
-132049088 347766901
#r 0 3.9456189131
586522933 -217901995
#r 0 3.1061956445
586522933 -216901995
#r 0 3.6647658822
584889466 -217844151
#r 0 2.1207012070
-187748036 23994930
#r 0 1.1795731412
-187748036 22994930
#r 0 2.4814095881
-188060465 23237499
#r 0 2.4966327433
352205545 -810872443
#r 0 1.9612774599
352205545 -809872443
#r 0 1.9611723462
-281264150 625950435
#r 0 6.0465266907
-281264150 624950435
#r 0 5.8880324883
-286948774 627321442
#r 0 6.2396199990
805993669 -555805939
#r 0 1.3605323269
805993669 -554805939
#r 0 3.1939066172
806209499 -554794638
#r 0 2.7527576411
109176579 830254230
#r 0 1.9360999063
109176579 829254230
#r 0 1.9209164729
101105981 851355488
#r 0 5.0711609852
454603456 -115132683
#r 0 2.8324059191
454603456 -114132683
#r 0 4.9114245834
454819053 -115201552
#r 0 2.8476968390
-841858840 456991149
#r 0 1.6216043186
-841858840 455991149
#r 0 1.6313586030
-841543707 450794065
#r 0 1.6237598345
-394302774 -111391377
#r 0 1.1283046747
-394302774 -110391377
#r 0 5.9015213516
-393904655 -110551159
#r 0 5.9072695196
-44928054 515757560
#r 0 6.1312601006
-44928054 514757560
#r 0 1.0295248387
-44377562 515673277
#r 0 0.8582957072
-121117037 -740886462
#r 0 2.3295852588
-121117037 -739886462
#r 0 0.5311188545
-121726011 -740244186
#r 0 0.9610226691
-104972969 -794518837
#r 0 1.2246549948
-104972969 -793518837
#r 0 1.5513795322
-104993493 -794575744
#r 0 1.0119314268
-228728329 -70115130
#r 0 0.3943097201
-228728329 -69115130
#r 0 3.6960638164
-233650262 -72163155
#r 0 5.6401100946
211817052 -353830981
#r 0 4.4774069432
211817052 -352830981
#r 0 1.4082517061
211296450 -356005551
#r 0 2.6236958618
714039536 -444378998
#r 0 1.1629049023
714039536 -443378998
#r 0 3.0297626235
714451663 -443425279
#r 0 1.3263055617
210279624 -719446913
#r 0 0.2107430933
210279624 -718446913
#r 0 0.1889879844
254432025 -710001857
#r 0 2.0225213981
-252990652 907596128
#r 0 3.7387317128
-252990652 906596128
#r 0 5.6684714616
-253712203 907105513
#r 0 4.9013434787
-111775591 385835601
#r 0 2.2509723955
-111775591 384835601
#r 0 2.2632223258
-78998025 345317078
#r 0 2.2391474680
-751715650 246572132
#r 0 5.6460130239
-751715650 245572132
#r 0 1.9556896886
-752294226 247000370
#r 0 1.9578024979
734240015 -107718197
#r 0 5.3785893723
734240015 -106718197
#r 0 6.0788806392
733300983 -106523634
#r 0 6.0609740222
451097033 876365304
#r 0 4.9567401788
451097033 875365304
#r 0 2.7040322542
451379288 875233264
#r 0 2.7832985565
-213751703 -188883800
#r 0 1.7475085625
-213751703 -187883800
#r 0 4.4899497656
-213851492 -188324991
#r 0 4.4998415637
-871609781 -439190600
#r 0 1.5460141211
-871609781 -438190600
#r 0 5.6827452607
-871585407 -438207291
#r 0 0.9365466496
873731973 -187795839
#r 0 2.9346013575
873731973 -186795839
#r 0 3.1593484057
869341322 -186873806
#r 0 2.9993146208
476321941 -514170025
#r 0 2.3130621993
476321941 -513170025
#r 0 1.7586971546
476561809 -514431532
#r 0 4.0670913082
648529161 -258031637
#r 0 0.5497192483
648529161 -257031637
#r 0 3.2232153464
650412703 -256877555
#r 0 0.5673171021
-947200162 54478327
#r 0 1.3648367427
-947200162 53478327
#r 0 5.7998294240
-947388438 53577150
#r 0 5.8398134449
-72923073 965837855
#r 0 5.6908703798
-72923073 964837855
#r 0 0.0221574488
-71484379 964869738
#r 0 5.0191080179
533900477 -572149686
#r 0 2.8465323630
533900477 -571149686
#r 0 3.1971545023
531119232 -571304376
#r 0 1.9477658615
-787439174 -505763987
#r 0 1.5913958811
-787439174 -504763987
#r 0 1.5974386806
-787529980 -501356475
#r 0 1.4763626442
-244124713 -774407860
#r 0 1.6064962736
-244124713 -773407860
#r 0 1.7848019000
-244167451 -773211211
#r 0 1.4431846571
912688030 366379819
#r 0 2.0415458143
912688030 365379819
#r 0 2.0291803639
896457103 398273384
#r 0 2.0266113413
65744808 676218049
#r 0 5.2258127189
65744808 675218049
#r 0 4.0094720381
66083364 675617626
#r 0 5.8383650378
-530446177 836542796
#r 0 3.9179699621
-530446177 835542796
#r 0 4.4053132049
-529985644 836995094
#r 0 4.1595051722
-415563059 -298865844
#r 0 4.7124760699
-415563059 -297865844
#r 0 2.6072294387
-415563146 -297865792
#r 0 3.0548479639
-886033412 -228132643
#r 0 5.9512919366
-886033412 -227132643
#r 0 1.1321845337
-886437216 -227993475
#r 0 5.9455716714
-277974413 -935647969
#r 0 0.8214961536
-277974413 -934647969
#r 0 0.3573405757
-276549026 -934115773
#r 0 0.7628662070
200104270 740576328
#r 0 3.9988243197
200104270 739576328
#r 0 1.5907070240
200084804 740553844
#r 0 3.9736543351
-138670661 -326693416
#r 0 1.9073309963
-138670661 -325693416
#r 0 3.6678431600
-138961416 -325862313
#r 0 5.9284106403
-420259027 -893966584
#r 0 1.2880036682
-420259027 -892966584
#r 0 0.1955585439
-419950699 -892905507
#r 0 0.6043103110
-798050443 -196980374
#r 0 5.1243528989
-798050443 -195980374
#r 0 1.6740045970
-797914688 -197291048
#r 0 1.6630020058
-402542994 -134498653
#r 0 6.2793127453
-402542994 -133498653
#r 0 6.1453170097
-395128773 -134527365
#r 0 6.1409339594
508744237 816338581
#r 0 4.9931127280
508744237 815338581
#r 0 4.8793206366
508338817 817744639
#r 0 2.5876298502
-397593185 913590386
#r 0 5.1773593147
-397593185 912590386
#r 0 5.6212053493
-396769544 911948537
#r 0 5.6351723494
-443314379 -868631678
#r 0 1.8396987262
-443314379 -867631678
#r 0 1.8271277985
-437956070 -888075654
#r 0 2.0908468464
-533147680 613971414
#r 0 2.0296749570
-533147680 612971414
#r 0 3.3184744297
-532693717 613052560
#r 0 6.1066904870
-770932227 -336799630
#r 0 1.8162402007
-770932227 -335799630
#r 0 1.8325191562
-774794542 -321380860
#r 0 1.8036942890
-313801222 -169811900
#r 0 2.0735822998
-313801222 -168811900
#r 0 2.0795497615
-353133566 -98288853
#r 0 4.5731416663
396351162 236536477
#r 0 3.2151683126
396351162 235536477
#r 0 4.4273353624
396650665 236558553
#r 0 4.5006277689
653214263 -656222690
#r 0 2.3113492951
653214263 -655222690
#r 0 1.8914502239
653735902 -656793346
#r 0 2.9069813456
-126037657 252119065
#r 0 3.4917494216
-126037657 251119065
#r 0 1.7455468038
-126203514 252058493
#r 0 5.5746318328
795662488 -210263076
#r 0 1.8758670886
795662488 -209263076
#r 0 0.7943666146
795424035 -209505845
#r 0 1.8748055235
-552602322 134431660
#r 0 4.4561638835
-552602322 133431660
#r 0 4.4571825386
-489796602 374163216
#r 0 3.3803317106
-25074801 475442830
#r 0 1.2904410344
-25074801 474442830
#r 0 3.9605695255
-25490871 473997835
#r 0 1.2236221694
-581753711 58339560
#r 0 1.7797492198
-581753711 57339560
#r 0 0.0080916171
-581542026 57341273
#r 0 2.1917492482
-123676106 -141587957
#r 0 3.8322293831
-123676106 -140587957
#r 0 0.6403889672
-111369707 -131417861
#r 0 5.4751931943
-770394741 -202777594
#r 0 5.4901678467
-770394741 -201777594
#r 0 4.6573566999
-770446911 -202724623
#r 0 4.7860381734
226219170 40973701
#r 0 2.6945233550
226219170 39973701
#r 0 3.4787126566
227424069 40396018
#r 0 0.7252001605
-730767039 -317649186
#r 0 2.9803789410
-730767039 -316649186
#r 0 2.2262371575
-729888351 -317792083
#r 0 2.2160121724
313987082 -595303530
#r 0 4.6433158273
313987082 -594303530
#r 0 4.6224614160
314284320 -591007137
#r 0 2.2782087002
422385780 609464897
#r 0 3.1210606657
422385780 608464897
#r 0 5.3999653087
421550422 609482051
#r 0 3.6032944877
-283682688 -708434606
#r 0 2.1317642769
-283682688 -707434606
#r 0 0.5189637390
-284145055 -707698704
#r 0 0.8633522070
-165174039 -771223105
#r 0 0.5589877033
-165174039 -770223105
#r 0 2.2756225162
-164618860 -770875818
#r 0 1.3898972473
-595802012 -385074130
#r 0 1.7229899617
-595802012 -384074130
#r 0 1.7154155691
-592917409 -403881073
#r 0 0.1956676547
277214466 -802769623
#r 0 1.3071144771
277214466 -801769623
#r 0 3.0364251884
277476954 -801797330
#r 0 0.9560852009
-49223034 10182434
#r 0 1.3981299823
-49223034 9182434
#r 0 4.7827494026
-49273227 9894633
#r 0 4.4873933376
606551053 -19018638
#r 0 3.3504449909
606551053 -18018638
#r 0 1.6221862535
606601934 -19007854
#r 0 3.3430783711
-355498144 909755308
#r 0 4.9635922162
-355498144 908755308
#r 0 4.0964386940
-355309804 909021395
#r 0 5.1773478292
47076853 -733059593
#r 0 1.9474641135
47076853 -732059593
#r 0 1.8393096122
47980870 -735345039
#r 0 5.7273089733
-374230082 240356462
#r 0 3.2913265875
-374230082 239356462
#r 0 5.8233638891
-375777855 240122960
#r 0 5.8226600852
57914385 673072022
#r 0 0.8028920738
57914385 672072022
#r 0 4.0508164565
61935353 677236195
#r 0 1.3024719988
-434227853 -134865342
#r 0 1.0185785022
-434227853 -133865342
#r 0 3.2998673329
-433544486 -133756270
#r 0 6.2733399245
-803935016 3201268
#r 0 3.6867780528
-803935016 2201268
#r 0 3.6413007647
-820443010 -6810835
#r 0 0.6071491897
612533705 664406426
#r 0 5.5363749532
612533705 663406426
#r 0 4.4487761261
612749650 664206536
#r 0 2.7994023692
-128789750 -864403732
#r 0 1.0496553988
-128789750 -863403732
#r 0 0.2910592740
-128096441 -863196040
#r 0 0.3543166757
49745228 181238661
#r 0 4.3320205140
49745228 180238661
#r 0 1.6487325327
49679894 181075261
#r 0 1.1835955735
582907428 511612935
#r 0 1.5554675937
582907428 510612935
#r 0 1.5648898851
582917037 512239725
#r 0 1.5607391136
616180789 -199370439
#r 0 3.1427997088
616180789 -198370439
#r 0 1.1655252333
615751546 -199370957
#r 0 3.6786776885
144982153 -279834439
#r 0 1.4953064509
144982153 -278834439
#r 0 1.3860979641
145109232 -278154244
#r 0 1.4033356714
-152837913 140842892
#r 0 4.1170127604
-152837913 139842892
#r 0 5.2373353672
-153150123 140381977
#r 0 2.7483673527
549838263 -730153584
#r 0 3.2743124195
549838263 -729153584
#r 0 2.2145695782
550520353 -730062522
#r 0 2.2193060608
-591139324 -247371007
#r 0 0.4069864435
-591139324 -246371007
#r 0 3.2653721912
-587878144 -245965265
#r 0 2.0213302735
-753947354 98952221
#r 0 0.9411729207
-753947354 97952221
#r 0 5.1601069779
-754236799 98554925
#r 0 4.1532403423
-98352464 -743450637
#r 0 1.1827760520
-98352464 -742450637
#r 0 1.7958335862
-98205728 -743091644
#r 0 6.0968805940
611104978 -524723090
#r 0 3.1848849671
611104978 -523723090
#r 0 2.4883487557
612341599 -524669520
#r 0 2.4946089429
-276948858 -364114257
#r 0 0.1261621643
-276948858 -363114257
#r 0 0.1218159801
-50381446 -335377393
#r 0 4.9436439262
-558362802 302376104
#r 0 1.5918518976
-558362802 301376104
#r 0 5.9023387527
-558341564 301367601
#r 0 3.1366722969
-267275647 10250653
#r 0 4.4590897786
-267275647 9250653
#r 0 1.8196631207
-267403885 9755257
#r 0 1.7987119442
425647155 -827346206
#r 0 1.9905417161
425647155 -826346206
#r 0 1.9986138094
404700981 -780409809
#r 0 2.8876554742
112162654 -453062467
#r 0 0.1255192523
