701687785 -541700890
#r 0 1.9301781062
684103006 -494895169
#r 0 1.8678115510
669469635 -447084454
#r 0 1.2031163040
687442209 -400426265
#r 0 3.4956712708
663993050 -409094422
#r 0 3.6960591039
647676899 -419198484
#r 0 0.5650200580
655781204 -414060639
#r 0 3.7060145892
651727516 -416627137
#r 0 0.5494595281
653773332 -415374357
#r 1 653789214 -415275263
-499127383 633119407
#r 0 3.8735808649
-536319736 599701913
#r 0 5.4705322229
-501941015 563396217
#r 0 5.4962327644
-466640674 527985965
#r 0 2.4476150590
-485858375 543975961
#r 0 5.4844761875
-477137973 535020259
#r 0 2.2306359210
-480969161 539958325
#r 0 5.1072908987
-479766919 537073844
#r 0 1.9462226243
-480339839 538527517
#r 1 -480383223 538588763
-483608482 -622730427
#r 0 4.6340159146
-487523125 -672576947
#r 0 4.4200440600
-501933047 -720455482
#r 0 4.6696577553
-504068958 -770409840
#r 0 4.6944645168
-504965133 -820401808
#r 0 0.3491200368
-481473282 -811850032
#r 0 2.1478497264
-488292742 -801374110
#r 0 2.2504414301
-496243059 -791535516
#r 0 2.2286692461
-505462039 -779604685
#r 0 5.1972219898
-501948499 -786274663
#r 0 2.0082168478
-503545234 -782860160
#r 1 -503042436 -783487273
-400050622 -282770132
#r 0 0.7019450066
-361871235 -250484927
#r 0 0.7244258731
-324427234 -217349647
#r 0 5.8840991437
-278356410 -236778471
#r 0 1.1186864377
-256513190 -191802103
#r 0 1.1476344625
-235980916 -146212348
#r 0 4.4988484832
-241278949 -170644516
#r 0 1.3532418710
-238580920 -158439164
#r 0 1.4430702705
-237784788 -152239976
#r 0 4.4471682995
-238603933 -155255758
#r 1 -238338633 -155636331
301295572 728310821
#r 0 5.3111523486
329476642 687009159
#r 0 4.5478390874
321286226 637684550
#r 0 2.9069536912
272656309 649309143
#r 0 3.6734444252
229562836 623952633
#r 0 4.5626449213
222103583 574512168
#r 0 4.6963793318
221303135 524518576
#r 0 1.4071387361
225376335 549184524
#r 0 4.5915482338
223869499 536775680
#r 0 1.5597679747
223938425 543025299
#r 0 4.6773249491
223828872 539902221
#r 0 4.6664136683
223757019 538340471
#r 1 223857500 537927028
538670319 187274473
#r 0 3.4390558440
490866164 172619685
#r 0 3.9888829644
457765341 135145220
#r 0 4.0438152582
426771971 95909892
#r 0 1.0575197388
439047827 117688398
#r 0 4.2195436080
433133646 106676022
#r 0 1.3434223684
434542520 112765157
#r 0 4.4381542119
433696238 109756931
#r 0 4.5644988797
433465496 108208097
#r 1 433493348 108081067
-356518068 -65592954
#r 0 1.6502955221
-360488842 -15750874
#r 0 0.9368373498
-330871887 24533565
#r 0 0.5811435310
-289080116 51982570
#r 0 3.4451951565
-312936757 44508573
#r 0 4.0914032868
-320746551 33591863
#r 0 0.9522260538
-316854850 39059634
#r 0 1.0020780772
-315047640 41887104
#r 0 0.9869916278
-314120050 43291225
#r 1 -313592392 43652990
-276446552 932869643
#r 0 5.8921138252
-230221494 913810682
#r 0 5.9845142132
-182435076 899098162
#r 0 6.2611297999
-132447237 897995476
#r 0 0.1880605429
-83328803 907343175
#r 0 0.0863325519
-33515020 911654442
#r 0 2.5404725964
-54132586 925793605
#r 0 5.7633377690
-43283900 919584258
#r 0 5.5274939066
-38705235 915269855
#r 1 -38187581 915184914
-550539604 -271667289
#r 0 0.5135658814
-506989695 -247102977
#r 0 2.9386744199
-531476760 -242064764
#r 0 1.5507705483
-531124236 -224463597
#r 0 3.0776178312
-556592339 -222832053
#r 0 1.4781079821
-554315057 -198333217
#r 0 3.0158859921
-590740942 -193729968
#r 0 1.7370988533
-597999308 -150487518
#r 0 0.7643222930
-551027680 -105455239
#r 0 2.8448314333
-582141026 -95941055
#r 0 0.2871886473
-566539529 -91333096
#r 0 0.2293952206
-556325578 -88948082
#r 0 0.2507567969
-547928432 -86797168
#r 0 0.1904297285
-538642523 -85007165
#r 0 0.1778354614
-526877840 -82892649
#r 0 3.4221447311
-532620770 -84547487
#r 0 3.2212019033
-535630842 -84787624
#r 0 3.0953452044
-537139064 -84717823
#r 1 -537338462 -84672230
-618319202 -169265767
#r 0 3.4512976850
-665940378 -184504653
#r 0 1.1423672653
-655554319 -161764165
#r 0 1.0356331900
-645868942 -145427842
#r 0 1.0218561163
-636364335 -129888500
#r 0 0.9944560285
-624561863 -111729463
#r 0 1.0124849738
-609232357 -87186532
#r 0 0.4837603234
-572679985 -67981925
#r 0 3.6227719920
-590980893 -77537026
#r 0 3.6025805324
-600226002 -82128884
#r 0 3.6937405686
-604623180 -84837829
#r 1 -605393669 -85303865
755102565 -188650360
#r 0 1.5023839803
758520515 -138767321
#r 0 1.3044192003
771682419 -90530776
#r 0 1.2522795014
787340336 -43045729
#r 0 4.2880536843
777047458 -65828544
#r 0 5.5817186404
786702396 -73985023
#r 0 2.5035391384
781626190 -70220901
#r 0 2.3645239651
779364327 -67996408
#r 1 779819410 -68147246
380790345 -501424583
#r 0 6.2810962254
430790236 -501529037
#r 0 6.0841695956
479803319 -511414265
#r 0 0.4305713196
525239691 -490544763
#r 0 3.3206076225
500639202 -494996272
#r 0 4.2809833512
495093084 -507044579
#r 0 1.3258902912
496701056 -500610707
#r 0 4.4933569677
495980565 -503847366
#r 0 4.5216198561
495665986 -505476319
#r 1 495653632 -505040008
-579009961 358478730
#r 0 2.0552362824
-602295602 402725525
#r 0 1.1703547838
-582804352 448769973
#r 0 0.9838319495
-555112550 490401261
#r 0 3.4369403124
-579030075 483124449
#r 0 5.1492820786
-571718200 467467014
#r 1 -572229321 466859693
299350043 -849072587
#r 0 1.5962488734
298077553 -799088782
#r 0 4.4445827563
291462141 -823197624
#r 0 1.3176185193
294593162 -811096108
#r 0 1.6658765748
293999678 -804873007
#r 0 1.6120644672
293853689 -801337436
#r 0 1.6049956591
293771881 -798946270
#r 0 1.7115456617
293469705 -796813557
#r 0 1.5995504204
293395832 -794245139
#r 0 1.6626789223
293086787 -790891136
#r 0 1.5909606275
292990032 -786093437
#r 0 1.7031128303
292069438 -779176576
#r 0 1.5809438461
291963911 -768777672
#r 0 1.5001679298
293054972 -753355462
#r 0 1.4415940909
296018897 -730543057
#r 0 2.0569655349
279997942 -700227754
#r 0 5.2109630972
288195827 -715284872
#r 0 5.1262093743
291643278 -723134601
#r 0 5.2665436493
293907134 -726792848
#r 0 2.0475179769
292920091 -724881645
#r 1 293225458 -725377224
547958642 -796389549
#r 0 1.8753280112
532966320 -748690175
#r 0 3.1236607506
482974359 -747793628
#r 0 3.8345666114
444506880 -779735029
#r 0 3.8628110072
406956790 -812750036
#r 0 3.8013042384
367448338 -843394485
#r 0 1.2205042846
376027641 -819912672
#r 0 2.4348965056
363955404 -809605394
#r 0 1.8626409636
357752719 -788958877
#r 0 1.8955335592
349033773 -763060134
#r 0 1.1613363053
364225048 -728056339
#r 0 1.1343079873
384277212 -685071845
#r 0 2.7990261306
323206185 -663292257
#r 0 0.8271252453
345153807 -639432100
#r 0 1.9772587006
333270507 -611824239
#r 0 2.8578332271
290426489 -599329679
#r 0 0.3919337329
311048805 -590806121
#r 0 3.4139843699
300302985 -593807802
#r 0 1.9257760755
298336546 -588502881
#r 0 2.0163897789
295447053 -582453256
#r 0 0.4844338559
303237778 -578353313
#r 0 1.5815194411
120566706 -818818612
#r 0 5.3778468053
151437673 -858150322
#r 0 2.9734020670
126790441 -853965353
#r 0 5.4392163679
135096718 -863306433
#r 0 5.5634214974
141539192 -868954229
#r 0 5.5255047863
146861320 -873989209
#r 0 5.5416197762
152940088 -879557144
#r 0 5.4930057767
160490796 -887180405
#r 0 5.4403682638
170607286 -898530859
#r 0 2.4377549579
164811611 -893611084
#r 0 2.4141999077
161918283 -891035347
#r 0 2.5300227925
160235449 -889855246
#r 0 5.4952618518
160960296 -890583763
#r 0 2.4493022087
160564747 -890255776
#r 0 5.5704935381
160759135 -890423770
#r 0 5.4626620490
160846761 -890517778
#r 0 5.6079525496
160898011 -890558819
#r 0 0.9643597354
160917131 -890531254
#r 0 1.5254317941
160918672 -890497303
#r 0 5.5119889804
160930857 -890509146
#r 0 5.4766072317
160939860 -890518539
#r 0 5.4833639519
137093106 -178832048
#r 0 5.4043381799
168995070 -217332239
#r 0 5.2149267262
193077624 -261150393
#r 0 3.4829094870
145961889 -277886806
#r 0 0.3169672109
169716516 -270094649
#r 0 3.0628391541
157255259 -269111248
#r 0 6.1638881224
163460837 -269855088
#r 0 0.0953902625
166576739 -269556956
#r 1 166773310 -269761424
-671832205 450572368
#r 0 5.1091475388
-652510668 404456447
#r 0 1.1617564134
-642567453 427394024
#r 0 1.1277365414
-634565279 444257609
#r 0 1.0540823114
-625228649 460689356
#r 0 0.8881944277
-610187190 479191131
#r 0 1.4982098162
-607722711 513083781
#r 0 4.4325119265
-612416280 496753847
#r 0 4.5536749373
-613815295 488013297
#r 0 4.3440933615
-615532450 483563599
#r 0 4.2883855217
-616953020 480416450
#r 0 4.5194270927
-617612303 477042312
#r 0 4.5226932648
-618341068 473246745
#r 0 4.4182775542
-619803656 468418061
#r 0 4.2849794508
-622796609 461847210
#r 0 1.1926739393
-621463814 465202372
#r 0 1.0202305764
-620517153 466744457
#r 1 -620960697 466118219
-468532303 -84888903
#r 0 1.1370504525
-447518666 -39519011
#r 0 1.2553052366
-432004498 8013195
#r 0 0.5087117118
-388335863 32365820
#r 0 0.4712261613
-343785248 55064778
#r 0 5.3105381232
-315629552 13745814
#r 0 0.7271540599
-278276089 46983125
#r 0 0.9300908699
-248388032 87066838
#r 0 0.9552363652
-219517242 127889350
#r 0 4.1214347878
-233446083 107129114
#r 0 0.7346079360
-224169913 115507817
#r 0 3.8957143366
-228725370 111228763
#r 1 -229024947 111167531
242220329 -192797614
#r 0 4.0615015217
211925696 -232574934
#r 0 2.9854415648
162534037 -224799070
#r 0 6.0695067710
186965474 -230100475
#r 0 2.8158577183
175122777 -226100410
#r 0 5.2279381594
178204106 -231538047
#r 0 2.0198784434
176847423 -228722904
#r 0 2.2210357459
175897353 -227473769
#r 1 175578359 -227006575
474168597 127670696
#r 0 3.1602419781
424177292 126738284
#r 0 5.6774578528
444729494 112504278
#r 0 4.1804809065
436331585 98233841
#r 0 0.1695977720
444491846 99631227
#r 0 2.4604652462
441276004 102237756
#r 0 4.0701542123
439370544 99690429
#r 0 5.6789437443
440757187 98733116
#r 0 0.1569488228
442956653 99081182
#r 0 4.7643497781
443130099 95746172
#r 0 2.9869053305
441480278 96003434
#r 0 4.6449688220
441365295 94300545
#r 0 0.0828514895
443875924 94509032
#r 0 2.9762302400
442633472 94716380
#r 0 2.9224145571
441982130 94861471
#r 0 4.1196389523
441749248 94515716
#r 0 4.5812019251
441720461 94297540
#r 0 4.0671504691
441613661 94155654
#r 0 3.0553841577
441470426 94168033
#r 0 4.7301181675
441471925 94083471
#r 0 5.5824038113
441564352 94005497
#r 0 0.0754154592
595496296 -707793242
#r 0 1.2741159038
610113660 -659977631
#r 0 3.6157338148
587871532 -671391994
#r 0 2.2728778476
575862328 -657194249
#r 0 1.8401113525
568641851 -631035075
#r 0 1.8532996536
557307415 -591986709
#r 0 2.3532930642
514320123 -548749241
#r 0 4.1840901029
498953613 -575078252
#r 0 1.8854709429
494235923 -560584115
#r 0 2.0035997173
489347240 -550002972
#r 0 1.9995561580
484149549 -538632476
#r 0 2.0414596330
476934364 -524451707
#r 0 2.0335431558
466982212 -504502498
#r 0 5.6524336620
475984299 -511076422
#r 0 2.4796568386
471587929 -507650720
#r 0 2.5732520163
469237001 -506149347
#r 0 2.4084463942
468199611 -505215074
#r 1 467962483 -505277230
677928845 -196320030
#r 0 0.6973605569
716255840 -164210196
#r 0 0.7280629661
753579078 -130938948
#r 0 0.7082153165
791555277 -98414983
#r 0 3.7572221997
771145026 -112851798
#r 0 3.8871974595
761883223 -121404334
#r 0 0.4421749906
767580299 -118707108
#r 0 3.4988451710
764627637 -119809246
#r 1 764361773 -120406904
134234208 -184258840
#r 0 1.1964783903
152516097 -137720979
#r 0 1.5660885589
152751485 -87721533
#r 0 0.4260266260
198282233 -67058740
#r 0 1.0275719332
224127178 -24256418
#r 0 2.2975084563
190906378 13111730
#r 0 0.8037953217
225605333 49111487
#r 0 2.8712063767
201513639 55789079
#r 0 0.6154824540
211719826 63005985
#r 0 0.6077381803
219782881 68614303
#r 0 1.6089017125
219395188 78783614
#r 0 3.3332224277
204515130 75896728
#r 0 3.3114107012
187714463 73015926
#r 0 3.1234868294
165317576 73421484
#r 0 3.2680772622
133074954 69321400
#r 0 0.2236365804
148921391 72925529
#r 0 3.3093830766
140909939 71568525
#r 1 141879273 71591209
-222667336 -46611794
#r 0 2.0776370797
-246938216 -2897673
#r 0 5.1564001672
-236199088 -25473569
#r 0 5.0502929609
-232038888 -37313161
#r 0 5.0991925825
-229548808 -43426436
#r 0 5.0041123233
-228458367 -47057721
#r 0 5.0384942343
-227528025 -49808755
#r 0 1.5280298321
-227465945 -48358040
#r 0 5.0458413981
-227228313 -49044070
#r 0 5.0706492123
-227084317 -49428657
#r 0 4.9998483340
-227001494 -49708796
#r 0 4.4697076941
-227065888 -49968911
#r 0 4.9505768499
-227008188 -50206557
#r 0 4.9986495471
-226915772 -50520528
#r 0 4.9723689501
-226795099 -50974187
#r 0 4.3677760523
-227027652 -51622084
#r 0 5.0540085827
-226712555 -52508282
#r 0 4.9017906989
-226447092 -53893070
#r 0 5.0886921900
-225670793 -55857725
#r 0 5.0697120954
-224564187 -58821718
#r 0 5.0892515133
-222818413 -63232696
#r 0 4.8100437728
219528894 970092025
#r 0 5.6254117287
259096660 939524201
#r 0 2.8284343246
235312527 947225823
#r 0 5.5934397938
244955126 939271563
#r 0 2.9662074305
238801006 940362109
#r 0 5.5471138423
241116980 938264042
#r 0 5.7242264166
242799107 937211871
#r 0 4.2646122340
242153617 935867986
#r 0 4.1719258334
241019518 933978009
#r 0 5.8709501794
244041358 932656585
#r 0 4.4361663642
243130763 929444259
#r 0 4.3109454303
241177962 924843975
#r 0 5.7854590862
247730131 921283829
#r 0 5.8242569229
255888770 917252525
#r 0 4.1546778466
249383232 906823065
#r 0 5.7471163324
263460874 898459557
#r 0 3.9855737141
248572364 881715815
#r 0 2.8122764564
221287180 891040827
#r 0 4.3349054853
211386138 866069579
#r 0 4.7759289312
213942917 825884822
#r 0 6.1507091712
272203571 818121206
#r 0 3.6771920977
-384209398 -106897359
#r 0 0.5522673802
-341642538 -80666415
#r 0 5.9614889234
-294207517 -96475234
#r 0 4.6944957208
-295102132 -146467230
#r 0 0.4892302118
-273034760 -134718567
#r 0 0.4541169196
-253393383 -125130771
#r 0 1.3897580572
-248903887 -100603689
#r 0 6.2751911482
-226158939 -100785520
#r 0 6.1687652012
-192289389 -104677879
#r 0 3.0206004699
-209211007 -102620446
#r 0 2.8266859645
-217315354 -99980486
#r 0 6.0219792818
-213198173 -101081063
#r 0 5.8123886770
-211293658 -102050401
#r 1 -210480997 -102273602
615373946 -411111791
#r 0 1.2946654607
629005703 -363005916
#r 0 1.0198191766
655181704 -320405247
#r 0 2.5316603782
614197363 -291764650
#r 0 1.6728304940
609104502 -242024699
#r 0 3.2503977646
559400174 -247454227
#r 0 1.9900648977
539045550 -201784880
#r 0 1.0901569063
562162862 -157449906
#r 0 3.8144738327
542612131 -173030949
#r 0 1.0023818140
549340837 -162496506
#r 0 2.0666100724
546063074 -156436441
#r 0 1.0482828049
550088404 -149446857
#r 0 2.2774022892
545385874 -143938088
#r 0 2.2725381761
538432826 -135712260
#r 0 2.9227407515
522725952 -132218828
#r 0 2.1799631587
509331835 -113020732
#r 0 2.2333178469
488101582 -85807802
#r 0 2.7027143568
441463263 -63915265
#r 0 1.6050599398
438847757 12389647
#r 0 4.8247042116
443126367 -25544686
#r 0 1.4011741732
446348515 -6731186
#r 0 4.6133398954
326662212 790338362
#r 0 4.1679846582
300766781 747566565
#r 0 3.0407084687
251021006 752602222
#r 0 3.0348834626
201305407 757927562
#r 0 3.2288651949
151495699 753569472
#r 0 0.1903920554
176043951 758300569
#r 0 3.1799297061
163553137 757821473
#r 0 3.5671265480
157730640 755182563
#r 1 157287208 754893117
340630368 -61653550
#r 0 0.3955288844
386770014 -42388735
#r 0 0.3551846297
433649129 -25000561
#r 0 0.5152852143
477156739 -361409
#r 0 3.6032815258
454774204 -11497928
#r 0 3.6811099634
444018989 -17937867
#r 0 4.7142661925
444030765 -24211125
#r 0 1.4893489742
444285953 -21084889
#r 0 1.6713772909
444127387 -19513708
#r 1 444090501 -19604381
-936931568 -253662529
#r 0 0.7091632157
-898986215 -221102581
#r 0 0.2452766153
-850482705 -208961347
#r 0 2.8425062996
-874372857 -201595166
#r 0 1.7332497026
-876912682 -186098765
#r 0 4.7852479525
-876341130 -193929512
#r 0 5.0904873907
-874880331 -197607167
#r 1 -874844405 -197888504
-55698254 -527054964
#r 0 1.2938495156
-42027250 -478960228
#r 0 4.5516724742
-46027888 -503638049
#r 0 4.4044479365
-49867388 -515709718
#r 0 2.2878084395
-54029537 -510935491
#r 0 4.5377014538
-54579943 -514054182
#r 0 4.5006902490
-55104709 -516495874
#r 0 1.9285081925
-55541927 -515326195
#r 0 2.9766448388
-56328510 -515195260
#r 0 4.4818356363
-56567075 -516211612
#r 0 5.2385255742
-55830574 -517479825
#r 0 4.4632573531
-56280155 -519246928
#r 0 4.5163406232
-56812335 -521926595
#r 0 0.9542479519
-56022483 -520812104
#r 0 4.6140345114
-56089551 -521491803
#r 0 4.6510707994
-56115395 -521912750
#r 0 4.4038847897
-56221223 -522244833
#r 0 5.3380215863
-56024654 -522516921
#r 0 2.6724779209
-56174355 -522441045
#r 0 1.6253480133
-56179855 -522340330
#r 0 4.6599504922
-56182498 -522390693
#r 0 2.9207933461
-176767589 -188188183
#r 0 1.4442199796
-170455658 -138588188
#r 0 1.2363129083
-154041595 -91359187
#r 0 1.1996099726
-135905533 -44764303
#r 0 1.1452171607
-115263115 775686
#r 0 1.0879358364
-92047389 45059205
#r 0 1.1284489548
-70644285 90246672
#r 0 4.1787806941
-83360367 68722238
#r 0 1.1775425395
-78570419 80268077
#r 0 4.3869022508
-80568981 74346232
#r 0 4.1418870075
-82264381 71704093
#r 0 1.0166729112
-81438432 73038868
#r 1 -81447610 73358227
133207554 429148051
#r 0 3.4860967494
86145401 412261553
#r 0 5.5835916887
105272999 396163883
#r 0 3.3543577863
93054866 393524340
#r 0 0.5077783168
98516283 396563321
#r 0 3.4387323131
95528228 395648364
#r 0 5.6439187529
96782186 394716166
#r 0 5.5319351577
97708005 393851512
#r 0 5.5578824471
98766736 392912953
#r 0 0.5609568498
100315837 393886227
#r 0 5.3051243330
101216830 392548499
#r 0 5.5196939198
102964584 390875690
#r 0 3.2337610690
101760077 390764357
#r 0 5.6322176743
102241210 390397862
#r 0 0.5134197071
102618794 390610765
#r 0 0.6699432699
102789521 390746009
#r 0 5.6159764777
102875092 390678603
#r 0 3.2447833760
102820917 390672993
#r 0 5.6386509177
102842686 390656631
#r 0 5.6445136709
102858403 390644961
#r 0 3.7071491699
102850140 390639716
#r 0 5.4641596935
420725815 -425022251
#r 0 2.5854490041
378260953 -398626504
#r 0 1.5663897729
378481280 -348626989
#r 0 3.8710407986
359842722 -365288447
#r 0 2.2005825041
348626489 -349898177
#r 0 3.3008507761
320471343 -354420410
#r 0 1.5379452211
321666229 -318060725
#r 0 1.5496240179
322708434 -268843191
#r 0 1.7082544475
313036279 -198922543
#r 0 3.1928604876
208131530 -204305499
#r 0 0.9984993001
236575246 -160152916
#r 0 1.3901083963
244278223 -117986490
#r 0 2.4385801560
203768563 -83656530
#r 0 0.2863099070
229237638 -76158473
#r 0 0.4904701145
248842565 -65689596
#r 0 1.3652705889
254199275 -39994164
#r 0 0.2220176178
292544807 -31338086
#r 0 0.2224399216
340915314 -20397511
#r 0 0.0853590074
409335405 -14543014
#r 0 3.2204554006
375107066 -17247965
#r 0 3.2209489518
357992844 -18608944
#r 0 3.1332440981
-984543034 144270826
#r 0 0.7440895683
-947757792 178135940
#r 0 4.5972226903
-950630589 153301549
#r 0 6.2818689768
-933083469 153278451
#r 0 5.8209690206
-909703451 141630242
#r 0 5.7166473176
-878110326 121534013
#r 0 5.8159590152
-829525593 97023919
#r 0 3.5126424174
-854882526 87158263
#r 0 0.3080610123
-841918696 91283236
#r 0 0.4894403422
-835891392 94493797
#r 0 0.4495964501
-832806680 95982348
#r 0 0.2399224889
-831134762 96391357
#r 1 -831028094 96380727
366737756 485628537
#r 0 4.4162527425
352146415 437804978
#r 0 2.1177291751
339144666 459158070
#r 0 2.2346666444
327364440 474216036
#r 0 2.3093851401
313564955 489371893
#r 0 2.3203258468
295406959 508881557
#r 0 5.5096385157
304940946 499570916
#r 0 2.4476225671
299818974 503832563
#r 0 1.9012104966
298731292 507003761
#r 0 4.9732663266
299163650 505384208
#r 1 299516268 504803458
-649282821 -270779598
#r 0 2.3445481129
-684224010 -235014904
#r 0 2.2348409286
-715039362 -195639606
#r 0 2.7186855094
-760634345 -175118946
#r 0 5.8200451418
-738267996 -186287937
#r 0 5.9991767009
-726249342 -189796175
#r 0 2.9231992508
-732360751 -188439851
#r 0 6.1278689158
-729268376 -188924047
#r 1 -730163330 -188646578
411724544 245564399
#r 0 6.0238381778
460052425 232741921
#r 0 2.8690870051
435974937 239470558
#r 0 3.8185480748
426229706 231638918
#r 0 3.7655026527
418070006 225765335
#r 0 4.4607027758
415481132 215697333
#r 0 3.8106869979
403675222 206361442
#r 0 2.6878336758
385689766 215132942
#r 0 3.9303777527
371578517 200925780
#r 0 3.8323341243
348441465 181801077
#r 0 4.3957262111
334454133 139116398
#r 0 3.5302475196
273590830 114193888
#r 0 0.1633590885
306037192 119541954
#r 0 3.3928969134
290111575 115453343
#r 0 3.0493622648
281862444 116216328
#r 0 0.0775057141
285992179 116537049
#r 0 3.3140356695
283951811 116181672
#r 1 283367204 116175795
795592083 -315379132
#r 0 1.3136687394
808307264 -267022910
#r 0 2.6359893830
764563142 -242806144
#r 0 1.1586183273
784593435 -196993620
#r 0 1.1463824999
805182769 -151429607
#r 0 1.8921164570
789391799 -103988641
#r 0 1.8782010810
774262495 -56332538
#r 0 3.0615297859
724422661 -52333670
#r 0 1.6601962753
719958615 -2533346
#r 0 1.7452875413
711278260 46707404
#r 0 0.2354135779
759899158 58369663
#r 0 2.2993409965
743254547 77023266
#r 0 2.2358558002
729658825 94359354
#r 0 1.7669646855
724681341 119406570
#r 0 3.7638832273
714306355 111963838
#r 0 0.4928882739
719930687 114984689
#r 0 3.7440949671
717300631 113175693
#r 1 716550545 113321367
-521849662 466816098
#r 0 5.6570699106
-481334162 437516025
#r 0 5.5870619518
-442967470 405453633
#r 0 1.0000887442
-415956089 447529580
#r 0 5.9386890448
-368893804 430643451
#r 0 4.8595573598
-361561918 381183938
#r 0 4.9047024255
-352005408 332105703
#r 0 2.0986117919
-364596591 353703437
#r 0 5.3016685897
-357649563 343311671
#r 0 5.0559984582
-355536078 337404834
#r 0 2.0640672569
-357021372 340167674
#r 1 -356486950 339519948
-558514126 -706353026
#r 0 5.8780762330
-512561155 -726058976
#r 0 1.7320816171
-516575829 -701383434
#r 0 5.7188848392
-506013793 -708068744
#r 0 5.8507162173
-497322772 -712080631
#r 0 5.8322341503
-488017084 -716586712
#r 0 5.8246613262
-476221596 -722409104
#r 0 5.7870070842
-460162548 -731102677
#r 0 5.8408924436
-436374894 -742368143
#r 0 5.7926658855
-402012106 -760719780
#r 0 5.8357280621
-349787396 -785783610
#r 0 2.9831014625
-378388218 -781212291
#r 0 6.2053330321
-363950164 -782338603
#r 0 5.5736400940
-358421164 -787086567
#r 0 2.3276609177
-360923254 -784437455
#r 0 2.7648923208
-362635816 -783759980
#r 1 -361905082 -784050458
-218018041 -776753981
#r 0 1.9996932711
-238811436 -731282730
#r 0 0.8251776974
-204890115 -694549313
#r 0 0.1141868504
-155215727 -688852369
#r 0 0.0757833956
-105359236 -685066825
#r 0 0.1409812627
-55855306 -678041090
#r 0 3.2587712215
-80683867 -680963855
#r 0 3.1670733017
-93186886 -681282509
#r 0 6.1856332785
-86963079 -681891587
#r 0 3.2391512916
-90074980 -682196147
#r 1 -89771871 -682153319
517252615 315449462
#r 0 1.3366939787
528851111 364085610
#r 0 5.7355519262
550195089 351068906
#r 0 3.3847341171
538062759 348059495
#r 0 3.3095812770
528950424 346514162
#r 0 4.3008547346
525435938 338461846
#r 0 4.2694742587
519896534 326783869
#r 0 1.4285575431
520812668 333181191
#r 0 1.2090028032
522054782 336463284
#r 0 0.7166974464
523535467 337753318
#r 0 3.3184482536
522568870 337580565
#r 0 0.7089742173
522941520 337900205
#r 0 4.1836701255
522817695 337688247
#r 0 3.0875579989
522682331 337695568
#r 0 3.2356485844
522601912 337687982
#r 0 5.7171636297
522636001 337666323
#r 0 1.4086910392
522639260 337686251
#r 0 3.3306229155
522629344 337684354
#r 0 0.5658333297
522633604 337687060
#r 0 0.6165820870
522635934 337688711
#r 0 0.6669637956
522637559 337689990
#r 0 3.3244087483
-836634468 79323631
#r 0 0.6556705186
-797002503 109808174
#r 0 0.2220466752
-748230065 120819499
#r 0 1.3781741487
-738658403 169894781
#r 0 0.4330378571
-693273645 190876290
#r 0 0.5804236451
-651462125 218295203
#r 0 3.6513627599
-673283542 206095789
#r 0 3.7233971566
-683778928 199192443
#r 0 0.4120131114
-678023445 201707743
#r 1 -678325375 202402694
-478957491 -425697431
#r 0 6.0615176092
-430180883 -436690272
#r 0 5.9885534446
-382335428 -451209652
#r 0 5.9782811926
-334641641 -466219738
#r 0 2.5815924819
-355823016 -452940079
#r 0 5.6245355302
-345937775 -460590699
#r 0 5.8942168718
-340098682 -462983849
#r 1 -340845615 -463070937
744680137 283363242
#r 0 5.4496026520
778291521 246346018
#r 0 1.7274580276
774390979 271039859
#r 0 5.5385057172
783582293 262568156
#r 0 3.6697704594
778184000 259418404
#r 0 3.6892260059
772965492 256235878
#r 0 1.5039168590
773169736 259285240
#r 0 5.5032437481
774256144 258210624
#r 0 5.5175139504
775106506 257393167
#r 0 4.1326958698
774439935 256375082
#r 0 2.0195346163
774175975 256923286
#r 0 1.5629046727
774180088 257444488
#r 0 5.5938312066
774381189 257278731
#r 0 5.5191685787
774529367 257136758
#r 0 5.5347418161
774680629 256996282
#r 0 1.5676670193
774680952 257099496
#r 0 5.4362437573
774715130 257060829
#r 0 3.1313869755
774689328 257061092
#r 0 5.5179036853
774698632 257052155
#r 0 5.4710148756
774705043 257045391
#r 0 5.5206553863
774711710 257039022
#r 0 3.6666582601
787479252 -388621533
#r 0 3.9896029838
754405420 -426119822
#r 0 1.6682587084
751972716 -401238464
#r 0 2.4241826864
737775975 -388851866
#r 0 2.4441887235
718726691 -372891229
#r 0 2.4248878248
692138114 -349725806
#r 0 4.0059315988
658716999 -388888690
#r 0 2.3723744310
612461978 -344106770
#r 0 2.2252388591
557497988 -272468007
#r 0 0.9521007276
632212734 -167522962
#r 0 2.7310876760
573151885 -141817808
#r 0 2.7080509614
513446430 -114179279
#r 0 2.6330702537
441689468 -74180484
#r 0 2.6027304448
343144902 -15262259
#r 0 5.9835671528
397994657 -32206331
#r 0 2.7765463693
371182373 -21959344
#r 0 2.8819921771
357252212 -18259580
#r 0 3.1654392013
350043158 -18431524
#r 0 6.1081447669
353593615 -19059424
#r 0 2.9257904293
351832655 -18673394
#r 1 352368703 -18676129
734374273 161323653
#r 0 6.0941140801
783483234 151926315
#r 0 5.9902098352
831352674 137486206
#r 0 5.9422670429
878475076 120768574
#r 0 6.1858687668
928238500 115910424
#r 0 3.3454552519
903756204 110849088
#r 0 0.1934489952
916023041 113252146
#r 0 0.7061847085
920778827 117308433
#r 0 3.8142533101
918334292 115361131
#r 0 3.9800985125
917288358 114197755
#r 1 917147545 114210532
-835925574 -325109799
#r 0 1.5758240651
-836176960 -275110431
#r 0 1.0696328122
-812154645 -231259224
#r 0 5.5044927053
-794358836 -248817958
#r 0 1.3426801575
-791532050 -236641782
#r 0 0.6603329539
-783115494 -230105160
#r 0 2.4186740738
-794012000 -220491774
#r 0 1.3707168374
-791915491 -210153591
#r 0 0.7597698297
-781315491 -200083449
#r 0 1.3395032250
-776289274 -178741408
#r 0 2.7325254335
-805463672 -166093645
#r 0 2.5382017831
-832433922 -147507735
#r 0 2.6514863549
-870447825 -127226379
#r 0 2.6755244445
-923714028 -100431912
#r 0 2.7310992750
-997668552 -68245579
#r 0 0.1286844391
-957674489 -63070367
#r 0 3.2422173048
-977736246 -65095915
#r 0 3.2735050881
-987738398 -66423030
#r 0 3.3224831717
-992704044 -67331195
#r 0 0.1850436749
-990223129 -66866805
#r 1 -990809208 -66946947
191098699 -491490599
#r 0 4.3116929281
171595731 -537530085
#r 0 4.2612122560
149794490 -582526817
#r 0 4.2447283976
127254525 -627158084
#r 0 4.9567037405
139349100 -675673249
#r 0 4.1427203954
112381450 -717777238
#r 0 1.6384694426
110690913 -692834462
#r 0 4.2163209123
104741273 -703827722
#r 0 5.2099988033
108537155 -710815683
#r 0 5.1472505783
110212284 -714421845
#r 0 5.1767565194
111106989 -716208039
#r 0 5.2497370684
111624362 -717076361
#r 0 4.0846021768
111321374 -717493854
#r 0 4.1226335663
111016238 -717949824
#r 0 1.4987971367
111035972 -717676211
#r 0 2.0600121560
110956392 -717526732
#r 0 4.1908811935
110914210 -717600148
#r 0 5.1638963078
110945531 -717664738
#r 0 4.1459081536
110921069 -717703200
#r 0 4.1703154364
110890622 -717753755
#r 0 4.1344360119
110845622 -717822747
#r 0 1.1489107653
76967052 -918743877
#r 0 3.6187077669
32550881 -941704796
#r 0 6.1645617591
57375193 -944663435
#r 0 3.5051080336
45692035 -949107961
#r 0 6.2331569685
51934214 -949420508
#r 0 3.4627756133
48969019 -950407037
#r 0 3.5787565320
47372233 -951153248
#r 0 3.5343276101
46149527 -951659761
#r 0 3.6577962919
45022186 -952299563
#r 0 3.3779475124
43436951 -952681377
#r 0 3.5232042113
41476189 -953468197
#r 0 6.2343868208
42531301 -953519726
#r 0 3.5812912332
42053358 -953744556
#r 0 0.0864054171
42316464 -953721765
#r 0 3.4998541038
42192803 -953768066
#r 0 3.4718042912
42125917 -953790992
#r 0 3.4891914203
42085421 -953805664
#r 0 3.4544077454
42052591 -953816282
#r 0 3.5678074686
42019935 -953831110
#r 0 6.2479607039
42037856 -953831742
#r 0 6.1647088725
42048459 -953833004
#r 0 3.3938978584
-458212991 -390070259
#r 0 2.0110751102
-479522575 -344838615
#r 0 1.7030201980
-486114521 -295275057
#r 0 0.6245570894
-445553412 -266038155
#r 0 1.0355304552
-420049925 -223031503
#r 0 1.1134161825
-397969972 -178170878
#r 0 1.1139826057
-375915433 -133297754
#r 0 0.6809297166
-337066044 -101821970
#r 0 0.5849228110
-295378309 -74215219
#r 0 1.2470130876
-279470535 -26813292
#r 0 4.9397270876
-273835912 -51170036
#r 0 1.2950074864
-270432087 -39142403
#r 0 1.9490861794
-273255124 -32039193
#r 0 1.3880590825
-272517294 -28046582
#r 0 1.3760080450
-271833860 -24582473
#r 0 1.1714722919
-270287262 -20917521
#r 0 1.3290431658
-268980953 -15619719
#r 0 2.5091012603
-275167402 -11085439
#r 0 0.6582130965
-272133509 -8739495
#r 0 4.9291806289
-271721049 -10612157
#r 0 1.2310521272
-271401542 -9708188
#r 0 0.5844307081
-561441965 -303326039
#r 0 1.0506395490
-536591156 -259938976
#r 0 0.6103544952
-495618912 -231281077
#r 0 5.4428493577
-462258281 -268524443
#r 0 0.7289753218
-424965414 -235219157
#r 0 0.7568221032
-388614331 -200888431
#r 0 1.2311567177
-371956965 -153744691
#r 0 0.7736114232
-336187367 -118808522
#r 0 1.1971006328
-317934439 -72259294
#r 0 2.3814679031
-354171942 -37808701
#r 0 0.9635957001
-325643406 3253723
#r 0 0.4232799844
-280056077 23791382
#r 0 1.1633932728
-260244763 69699027
#r 0 1.2672067512
-245297386 117412504
#r 0 1.3270948552
-233232568 165935078
#r 0 1.0830906884
-209802555 210105594
#r 0 4.4053280985
-217359012 186274943
#r 0 1.3258057541
-214327173 198401687
#r 0 1.1232635485
-211612135 204057830
#r 1 -211977388 204200889
-143029320 -288205830
#r 0 5.1623098102
-121284608 -333229907
#r 0 1.6257337599
-122657353 -308267624
#r 0 1.0363377887
-115375370 -295965354
#r 0 1.1054499698
-108931133 -283131431
#r 0 1.5970841076
-109384199 -265900537
#r 0 5.1465361335
-105758972 -273719422
#r 0 1.4996157217
-105452499 -269421122
#r 0 0.7714824647
-103560812 -267581364
#r 0 1.4895439434
-103314843 -264560809
#r 0 1.0932219560
-101886449 -261800795
#r 0 0.6185098924
-98405289 -259323386
#r 0 1.0661203956
-95311158 -253722030
#r 0 1.6745690618
-96275079 -244466627
#r 0 0.9781216768
-89257922 -234046700
#r 0 1.6255239652
-90288458 -215235228
#r 0 0.8983740213
-73425636 -194056219
#r 0 0.9698030593
-50710837 -160924754
#r 0 5.0561624482
-43941288 -179834731
#r 0 1.6553980499
-44789895 -169828065
#r 0 5.0922782360
-42927911 -174491368
#r 0 1.7664300855
-217724255 370576245
#r 0 5.8993248802
-171362965 351851108
#r 0 5.8407241532
-126177934 330442863
#r 0 2.2034463855
-140960034 350604447
#r 0 5.2132410167
-134957871 339639776
#r 0 5.6690586420
-129762045 335976307
#r 0 2.5248254826
-132355112 337814895
#r 0 5.6003766390
-131122072 336812042
#r 1 -130798271 336611861
231282029 -813119927
#r 0 3.6859771368
188509718 -839014509
#r 0 3.7382070582
147147591 -867106759
#r 0 5.4850387541
182049346 -902909937
#r 0 5.4605262438
216063078 -939557803
#r 0 5.5216155362
246967774 -969023693
#r 0 2.5259634811
229537181 -956694494
#r 0 5.9116664931
239484034 -960569902
#r 0 4.6032931526
238869388 -966181536
#r 0 1.4642953486
239169429 -963374931
#r 0 1.4667868358
239315954 -961971250
#r 1 239311313 -962330368
-173650117 941397434
#r 0 0.4178976240
-127952908 961689429
#r 0 3.6517592092
-149769487 949481364
#r 0 0.3917872842
-138216637 954254375
#r 0 0.4257751761
-132445522 956871676
#r 0 0.4168274027
-129433819 958205176
#r 0 0.4252628362
-127709469 958986134
#r 0 0.4182306877
-126469323 959537319
#r 0 0.4592537897
-125297784 960116668
#r 0 0.5511595881
-123983284 960924693
#r 0 0.3986925864
-122120509 961709392
#r 0 3.5091505125
-123063658 961346226
#r 0 0.3845979292
-122595246 961535817
#r 0 0.4324556209
-122365777 961641739
#r 0 0.4280803719
-122250043 961694548
#r 0 0.4086848471
-122190222 961720455
#r 0 0.4050156714
-122157785 961734361
#r 0 0.5383416405
-122138526 961745862
#r 0 0.3853986875
-122119680 961753508
#r 0 0.4742953047
-122100054 961763584
#r 0 0.5435771714
-122075267 961778563
#r 0 0.4124915174
-974261600 -135035256
#r 0 1.2732596773
-959603301 -87232178
#r 0 1.1830099327
-940696296 -40944759
#r 0 1.0861510370
-917401570 3297254
#r 0 1.2781933978
-902979295 51172070
#r 0 1.1654342029
-883261717 97120053
#r 0 1.1062543331
-860861048 141821396
#r 0 1.2917248043
-847087887 189886977
#r 0 1.1970648824
-828833295 236435553
#r 0 1.3913407631
-819908600 285632604
#r 0 1.2892440701
-806016244 333663869
#r 0 1.2274268540
-789183155 380745151
#r 0 4.4189552544
-796414177 356813742
#r 0 1.2342516985
-792286333 368612509
#r 0 0.9373879302
-788580119 373659454
#r 0 4.0128460311
-790595942 371263964
#r 0 4.1241811953
-791468327 369955969
#r 1 -791402644 369858253
-219071864 876570219
#r 0 6.1506189788
-169510567 869961300
#r 0 0.8354200027
-135967253 907040217
#r 0 0.8509868927
-103005183 944636786
#r 0 0.7442236926
-66224483 978506834
#r 0 1.0862552429
-55728602 998445953
#r 0 4.6222094019
-56743230 987225279
#r 0 1.6821571811
-57369255 992823613
#r 0 4.9272740382
-56768654 990071780
#r 0 1.9758428247
-57323613 991366132
#r 1 -57192563 991190390
841216372 -245702053
#r 0 2.4882025110
801514994 -215307965
#r 0 1.8688165594
786833580 -167511981
#r 0 3.9167314830
768975483 -185007362
#r 0 1.7863831068
766301475 -172796725
#r 0 1.7671905460
764232925 -162399848
#r 0 1.5752467887
764181363 -150814158
#r 0 2.4087915262
753722551 -141401491
#r 0 3.9083069904
738538160 -156028820
#r 0 2.4779284238
718985727 -140738954
#r 0 1.7605351263
712107474 -104923857
#r 0 1.6336038990
709048420 -56282740
#r 0 1.7848119934
694634929 10033698
#r 0 1.6535031516
686371292 109720593
#r 0 2.7314095157
551164596 168515083
#r 0 1.1084032015
642709547 352180638
#r 0 0.9632211613
796648900 573575566
#r 0 4.0959779636
718704135 463562507
#r 0 0.9259300873
759225753 517437950
#r 0 0.2961798087
791490897 527283834
#r 0 3.4380416092
775359651 522356550
#r 0 3.3773367829
-554460271 622376857
#r 0 1.9043172550
-570828869 669621634
#r 0 1.7526389518
-579870975 718797241
#r 0 1.7200554323
-587306251 768241317
#r 0 4.5036668325
-592486500 743783906
#r 0 1.2235705600
-588232870 755537910
#r 0 1.6150624005
-588514690 761900249
#r 0 1.2567707013
-587517719 764970007
#r 0 4.5119359128
-587839048 763388524
#r 1 -587972113 763580796
-710372218 -603481641
#r 0 5.7799660941
-666570486 -627594050
#r 0 0.7837969839
-631158582 -592295366
#r 0 5.7180526934
-588932703 -619071757
#r 0 5.7060221750
-547032005 -646354197
#r 0 5.5655422735
-509364116 -679234740
#r 0 5.6174635143
-470040556 -710116088
#r 0 5.7092250862
-428052690 -737264184
#r 0 5.6185672636
-388695069 -768102110
#r 0 0.9682020253
-360355982 -726908711
#r 0 5.6665356441
-319564955 -755823968
#r 0 0.8019029971
-284797939 -719889937
#r 0 5.4518864009
-251102105 -756830304
#r 0 5.3875325337
-219851636 -795861166
#r 0 5.3949569999
-188312247 -834658936
#r 0 5.3858860204
-157126085 -873741199
#r 0 5.3906236379
-125755117 -912675276
#r 0 5.4728193115
-91293452 -948902250
#r 0 5.4686325899
-56983761 -985273187
#r 0 4.5331498596
-59332818 -998238256
#r 0 1.2900192503
-57507246 -991908165
#r 1 -58022987 -991083671
57367412 137137296
#r 0 0.6728378973
96470223 168297690
#r 0 0.7625051535
132625617 202834445
#r 0 0.7272094144
169977240 236073823
#r 0 0.7813338424
205475982 271285175
#r 0 0.7912937209
240622268 306848338
#r 0 4.0584073002
225413485 287006643
#r 0 1.1676713296
230317169 298504637
#r 0 4.3527776011
228117729 292654428
#r 0 4.2455293914
226708556 289858569
#r 0 4.0662211790
225765558 288608198
#r 1 225921018 288646615
350298717 99524416
#r 0 0.7738291952
386060706 134468373
#r 0 0.7215425250
423600092 167495551
#r 0 1.3858561628
432794478 216642914
#r 0 0.8607101805
465389433 254558200
#r 0 0.8122397754
499783156 290849684
#r 0 1.4391373751
506347102 340416958
#r 0 1.3989932353
514895061 389680864
#r 0 0.5011322751
558747019 413701809
#r 0 1.3800960264
568224346 462795396
#r 0 1.4570144322
573901173 512472087
#r 0 0.0840887800
623724504 516671573
#r 0 6.2645379129
673715811 515739257
#r 0 1.8868135731
665946224 539501274
#r 0 1.8791999394
658661520 562368288
#r 0 5.8868172694
669730836 557735574
#r 0 2.0521977083
666952785 563053504
#r 0 2.0495462571
665036506 566745593
#r 0 1.9619203163
663562465 570320158
#r 0 5.8510205373
665318002 569510427
#r 0 1.8903366996
665014351 570428136
#r 0 5.7822663270
124361302 -505132095
#r 0 1.2148329516
141785977 -458266535
#r 0 1.2199506259
158970583 -411312416
#r 0 0.9513166634
188001163 -370603382
#r 0 1.2654291623
203033332 -322916550
#r 0 0.9555836037
231889945 -282084015
#r 0 1.3055492682
244997330 -233832627
#r 0 1.1587880286
265019849 -188016705
#r 0 0.8909742016
296452584 -149132477
#r 0 1.1293321977
317815768 -103926124
#r 0 0.9155531871
348283370 -64281134
#r 0 1.0110116886
374833556 -21912660
#r 0 0.8672828761
407178603 16216042
#r 0 0.9523326991
436167806 56954551
#r 0 0.9541618153
465082445 97746017
#r 0 1.5479612553
466224099 147732982
#r 0 1.1980386969
484433352 194299312
#r 0 1.3436369133
495693893 243014815
#r 0 1.4632352212
501061584 292725859
#r 0 1.3742032431
510828043 341762746
#r 0 0.6343367438
551101290 371394917
#r 0 1.3144956754
-544744435 413022941
#r 0 0.0778694112
-494895950 416912478
#r 0 0.1979962414
-445872815 426747734
#r 0 0.0524970872
-395941698 429371383
#r 0 0.4019420095
-349926548 448931699
#r 0 0.3810662315
-303513117 467527220
#r 0 0.3734273443
-256958992 485767655
#r 0 0.4153984497
-211211212 505945381
#r 0 0.3194311550
-163740502 521646708
#r 0 0.1696940855
-114458678 530090750
#r 0 0.1736916306
-65211003 538731730
#r 0 0.3600762477
-18417505 556349010
#r 0 0.4640274847
26295357 578726677
#r 0 0.4090765657
72169783 598614790
#r 0 0.1851789375
121314949 607820911
#r 0 0.3758234263
167825234 626172841
#r 0 0.0714291379
217697735 629741262
#r 0 0.1792951308
266896217 638658064
#r 0 0.0011498354
316896184 638715556
#r 0 6.0303624918
365306693 626208654
#r 0 0.2190529717
414111877 637073920
#r 0 0.6668737985
-119196968 -904270036
#r 0 1.1755598759
-99945647 -858124758
#r 0 1.2222992415
-82871366 -811130408
#r 0 1.0366723784
-57417006 -768094661
#r 0 0.9440316295
-28090633 -727598194
#r 0 1.2582662016
-12717274 -680020260
#r 0 1.1914941402
5796343 -633574098
#r 0 1.1374721311
26790847 -588195350
#r 0 0.9477888430
55964860 -547588984
#r 0 0.9700194331
84229035 -506344149
#r 0 1.1563150537
104364794 -460577882
#r 0 1.1925130323
122831078 -414112881
#r 0 0.9871970700
150382629 -372388643
#r 0 1.1163376582
172331429 -327463703
#r 0 1.2100026129
189982277 -280682857
#r 0 1.2033855295
207942289 -234019831
#r 0 0.9071131210
238743409 -194633399
#r 0 1.0314528946
264422046 -151731096
#r 0 1.2053458185
282290550 -105032953
#r 0 1.2743385987
296897265 -57214088
#r 0 1.1658312828
316596597 -11258280
#r 0 1.1451607477
