701687785 -541700890
#r 0 0.8772522762
765614436 -464802364
#r 0 0.9535495240
823493655 -383254857
#r 0 2.9313012322
725696643 -362380366
#r 0 0.5469901661
811106029 -310368475
#r 0 3.0957954947
711210880 -305790360
#r 0 3.4373137615
615551656 -334933333
#r 0 3.2217590556
515872817 -342941389
#r 0 6.1270462846
614656322 -358491926
#r 0 4.9870694301
641780260 -454743118
#r 0 4.2557992282
597691283 -544499244
#r 0 1.5405074960
600719703 -444545111
#r 0 1.0969102121
646354462 -355564952
#r 0 4.1099779374
618022925 -396763543
#r 0 4.6343273553
616041467 -422095218
#r 0 3.4929313861
603281627 -426772291
#r 0 0.0579670766
612244806 -426252139
#r 0 1.5987947283
611942171 -415445955
#r 0 4.7250003509
612010336 -420850735
#r 0 4.8257020576
612315994 -423536644
#r 0 4.6831474300
612276283 -424894276
#r 1 612315824 -424620139
-499127383 633119407
#r 0 5.1426847710
-457413418 542235167
#r 0 0.4883809678
-369104052 589154842
#r 0 4.7333883487
-367004270 489176890
#r 0 6.1073785677
-268545694 471686640
#r 0 2.8256689151
-316071183 487221371
#r 0 0.0068652450
-290586478 487396332
#r 0 3.8346287419
-319988937 462978967
#r 0 0.4325382933
-295556462 474259362
#r 0 2.6441368348
-327627591 491674100
#r 0 3.9733696193
-340915577 477092634
#r 0 2.6329724628
-353471608 484093231
#r 0 4.6281073867
-354080075 476890877
#r 0 4.4930334986
-356020204 468188514
#r 0 5.6708963945
-346327501 461381025
#r 0 3.2723160703
-363501221 459123142
#r 0 3.7404710432
-375996973 450594897
#r 0 4.0026168992
-388905119 435570268
#r 0 6.2820235469
-359951223 435536630
#r 0 5.5829162360
-339266179 418104341
#r 0 3.8076779188
-369258961 394532955
#r 0 1.4982244698
-365826758 441743753
#r 0 1.4277548854
-362444821 465225336
#r 0 5.9404220108
-350963136 461128108
#r 0 5.6073149543
-338358907 451021357
#r 0 3.9396176695
-355013185 433941095
#r 0 5.6166241859
-332801233 416467574
#r 0 0.1535490189
-293097776 422612370
#r 0 0.3823133683
-246956416 441165702
#r 0 1.0205756329
-213154474 496270775
#r 0 4.0643797175
-232664732 470499960
#r 0 4.5556968240
-235210757 454384580
#r 0 4.5716650885
-236450886 445630330
#r 0 6.0973655640
-230841709 444575870
#r 0 5.7755474443
-223644491 440572334
#r 0 2.7178172184
-227398129 442265632
#r 0 4.5400834825
-227753617 440222965
#r 0 2.9369752509
-230366472 440765189
#r 0 0.3251737704
-228546994 441378610
#r 0 0.4105955519
-226742796 442164049
#r 0 5.5009871687
-225055983 440487997
#r 0 5.9867057170
-221668441 439453160
#r 0 1.5883637513
-221760724 444705705
#r 0 5.9355889558
-217491343 443158879
#r 0 1.6460164208
-217995795 449852575
#r 0 2.5166385361
-223627084 453915069
#r 0 5.8794322885
-218200873 451596860
#r 0 5.3074120957
-214148320 445609534
#r 0 3.0755307465
-222492759 446161587
#r 0 0.5417716836
-218852144 448352656
#r 0 2.9907572968
-225065957 449297092
#r 0 0.2231787469
-221428542 450122638
#r 0 1.6433240246
-221824408 455571204
#r 0 5.6556877520
-216068858 451396768
#r 0 4.5257088496
-217578835 443402370
#r 0 5.3202182264
-213776913 437937425
#r 0 5.8428493465
-205494974 434035050
#r 0 5.9186347598
-192671386 429141478
#r 0 1.9482707956
-200258984 448278532
#r 0 4.4697941872
-203959133 433326540
#r 0 6.0048645525
-189949148 429323368
#r 0 2.7201530374
-209861961 438250290
#r 0 3.0653146841
-220786411 439085205
#r 0 5.8314071638
-215632765 436584398
#r 0 4.0026240088
-221230705 430068498
#r 0 2.5750160245
-228572184 434738774
#r 0 3.9649415624
-232003489 431036619
#r 0 4.9431640449
-230449368 424422243
#r 0 6.0840497538
-220569822 422428450
#r 0 3.9072083567
-229370356 413969398
#r 0 4.9708073659
-225455071 399157215
#r 0 1.5536151065
-225062182 422022323
#r 0 4.8397207197
-223583896 410475418
#r 0 2.5458040981
-238012579 420257660
#r 0 0.3729558694
-226207331 424876671
#r 0 4.6162716886
-227178397 414804879
#r 0 1.8047382352
-230655086 429394106
#r 0 5.5305413562
-225114204 424204808
#r 0 0.3617637146
-215218575 427949490
#r 0 4.4639345446
-218023735 416892331
#r 0 0.3481322452
-203685256 422095956
#r 0 6.1456306932
-186224932 419678944
#r 0 5.7069820768
-164803160 405760033
#r 0 6.0027988838
-127998206 395161209
#r 0 4.4138772030
-144776365 340634683
#r 0 4.5544557559
-155388521 274000341
#r 0 6.1899520325
-62534245 265318061
#r 0 1.1391913645
-11103251 376987412
#r 0 4.2070277103
-40863260 323199499
#r 0 1.0316639619
-25083674 349575702
#r 0 1.4415224662
-23100267 364832819
#r 0 4.5293668360
-24500363 357268554
#r 0 1.3630308703
-23706956 361032209
#r 1 -23740862 360428871
-483608482 -622730427
#r 0 5.8490327636
-392885798 -664794599
#r 0 0.5436705860
-307304225 -613066518
#r 0 0.4664539059
-217987359 -568094332
#r 0 0.5451097732
-132480321 -516243136
#r 0 3.6032222714
-177246713 -538513523
#r 0 3.8990789386
-195536923 -555810179
#r 0 3.3373258400
-208088319 -558298766
#r 0 6.0914526836
-201252726 -559625672
#r 0 3.1094951581
-210625610 -559324723
#r 0 0.1324368197
-204950768 -558568740
#r 0 6.0176876137
-197160685 -560686996
#r 0 2.9002987998
-201080218 -559722444
#r 0 2.9234622767
-203051782 -559285433
#r 1 -203190295 -559432554
-400050622 -282770132
#r 0 0.6861098707
-322678983 -219416919
#r 0 1.7254039425
-338078224 -120609716
#r 0 6.2553416577
-238116985 -123393721
#r 0 4.1138054489
-294464270 -206007179
#r 0 6.0803476018
-196514383 -226152146
#r 0 2.2841044338
-261948277 -150532007
#r 0 1.3371491584
-238795565 -53249162
#r 0 4.4229914429
-253064308 -101169961
#r 0 4.4643288623
-259221449 -125479912
#r 0 1.1982326650
-254657278 -113801327
#r 0 4.3221350934
-257042300 -119599337
#r 0 4.3315892415
-258207715 -122510396
#r 0 4.4459275329
-258620834 -124023919
#r 1 -258737844 -124486383
301295572 728310821
#r 0 4.2572046149
257332781 638492822
#r 0 1.2977757936
284296913 734788905
#r 0 5.4707056489
353066946 662189438
#r 0 2.5363725150
270829259 719083751
#r 0 0.1081341168
370245179 729876101
#r 0 3.4481023623
274905928 699702815
#r 0 0.8571747432
340363524 775302439
#r 0 3.9561978588
306055742 738929701
#r 0 4.3027323106
296080356 715956749
#r 0 0.9071985380
304301376 726471096
#r 0 4.0464337946
300178484 721223628
#r 0 3.7052516741
297357940 719440879
#r 1 297881006 719411334
538670319 187274473
#r 0 4.1280831773
483508270 103864951
#r 0 1.0973734266
506305039 148365595
#r 0 4.4283862812
499214517 124074084
#r 0 1.3076553009
502505644 136291151
#r 0 1.5060727364
502914997 142606951
#r 0 4.9211367688
503607410 139338288
#r 1 503252388 140074151
-356518068 -65592954
#r 0 5.0465554151
-323719885 -160061357
#r 0 6.0510662348
-226401774 -183065385
#r 0 2.8461010705
-274234729 -168504877
#r 0 6.1663560302
-249305664 -171430645
#r 0 3.0734842662
-261826650 -170576540
#r 1 -262054228 -171385379
-276446552 932869643
#r 0 5.9408734991
-182248433 899303076
#r 0 2.8486715055
-230118657 913740585
#r 0 2.8501761220
-254122935 920940815
#r 0 2.3635201323
-263136998 929823768
#r 0 5.3584717107
-259026824 924372910
#r 0 1.9879285007
-262952930 933232709
#r 0 4.9460099873
-261390467 926666804
#r 0 6.0012273499
-253570088 924401433
#r 0 2.9288025802
-257549210 925261166
#r 0 2.7730918559
-259457095 925997876
#r 1 -260017002 926429451
-550539604 -271667289
#r 0 5.3232204197
-493184729 -353584432
#r 0 4.8912394632
-475394878 -451989316
#r 0 4.6140375833
-485214169 -551506056
#r 0 5.8347674230
-395100755 -594860094
#r 0 5.5966693533
-317754850 -658244721
#r 0 5.9638586842
-222810148 -689637451
#r 0 5.6538641481
-141967422 -748497061
#r 0 4.5903359881
-154142440 -847753139
#r 0 0.6219980656
-72870851 -789487121
#r 0 1.8970289870
-104918518 -694761480
#r 0 1.5670558070
-104544467 -594762180
#r 0 4.5697804742
-111650748 -644254610
#r 0 5.0118688066
-104134504 -668597427
#r 0 2.6677372484
-115780320 -662625154
#r 0 0.3661706693
-99943607 -656552340
#r 0 5.1231303471
-92250972 -674215731
#r 0 4.1876854222
-98296764 -684660683
#r 0 6.1537352260
-92308382 -685440239
#r 0 1.5067195863
-91806325 -677615714
#r 0 0.3270121494
-81585818 -674149022
#r 0 0.4270802371
-67417337 -667701062
#r 0 0.5874977494
-48171760 -654884707
#r 0 0.0797837065
-13603724 -652120874
#r 0 4.2596738674
-35644755 -697434737
#r 0 5.6026748486
-8703145 -719244132
#r 0 3.8267305335
-47141521 -750655766
#r 0 3.8782355252
-76914626 -777658550
#r 0 5.2032932853
-56289989 -816241705
#r 0 2.1706633854
-68639055 -798185974
#r 0 2.0794665076
-74028567 -788520666
#r 0 1.7650552678
-75113351 -783006868
#r 0 1.7464066417
-75606336 -780228516
#r 0 1.9527777431
-76143819 -778890534
#r 1 -76112788 -779329182
-618319202 -169265767
#r 0 1.6598019182
-627208014 -69661605
#r 0 1.9850504266
-667458737 21880076
#r 0 1.8964160422
-699448337 116625342
#r 0 2.3227029226
-767751593 189664135
#r 0 5.4270062179
-734985176 151896928
#r 0 5.6599395899
-714657265 137284812
#r 0 5.3569669323
-706950034 127031526
#r 0 2.7757482683
-712939687 129326102
#r 0 6.1526114162
-703754027 128119831
#r 0 3.2708127719
-709840086 127328983
#r 0 0.4279839071
-703053709 130424814
#r 0 3.6457097908
-706319334 128623298
#r 0 3.3652709746
-708148172 128207265
#r 1 -708483021 127810961
755102565 -188650360
#r 0 5.4405076045
821649215 -263293132
#r 0 2.4780061677
742870393 -201698512
#r 0 0.0333061844
842814933 -198368509
#r 0 3.2464402286
793089508 -203601288
#r 0 3.1705894780
767972497 -204329806
#r 0 6.0886791026
780354347 -206768991
#r 0 3.1432365718
761441702 -206800082
#r 0 6.2799114522
770897986 -206831041
#r 0 1.0472216418
773262028 -202736172
#r 0 4.3649135493
771872904 -206571728
#r 0 1.4637805693
772325985 -202354127
#r 0 4.4994431082
771877747 -204427154
#r 1 772135479 -205268919
380790345 -501424583
#r 0 4.7119626935
380747716 -601424574
#r 0 5.5852315576
457363598 -665689702
#r 0 1.6253409100
451911844 -565838421
#r 0 1.6372694048
445269430 -466059273
#r 0 1.2699978546
474897722 -370549251
#r 0 4.5172909913
465204589 -419600684
#r 0 3.5278139548
441789040 -429122490
#r 0 0.3779604365
453535744 -424458465
#r 0 0.4950092686
459096950 -421456304
#r 0 3.6407483649
456322595 -422968901
#r 1 456591510 -422901560
-579009961 358478730
#r 0 1.5219669359
-574128962 458359538
#r 0 2.5640434873
-657909287 512956764
#r 0 5.7297863527
-615372137 486677670
#r 0 5.9546045384
-591695809 478605465
#r 0 4.3129789012
-596907646 466258009
#r 0 1.2870143607
-595031396 472691158
#r 0 0.8731346477
-592850330 475292934
#r 1 -593246472 475696599
299350043 -849072587
#r 0 0.3493159734
393310747 -814847070
#r 0 0.1264839505
492511903 -802232373
#r 0 5.3742940199
528768973 -848765793
#r 0 1.8642244595
499845420 -753039997
#r 0 2.8497426030
404074099 -724267544
#r 0 6.0997160482
453234932 -733389629
#r 0 3.4897316338
429460528 -742017858
#r 0 1.8703835709
418947748 -707983147
#r 0 1.7515757471
410623278 -662438208
#r 0 1.6974927581
402589550 -599368581
#r 0 4.4978350598
383229338 -688214426
#r 0 3.8772584321
333770535 -732983199
#r 0 3.7711473361
266164520 -782229644
#r 0 0.5198534672
302460115 -761455233
#r 0 3.7699999039
285544496 -773747443
#r 0 0.6289462866
293998991 -767596780
#r 1 294806274 -767419851
547958642 -796389549
#r 0 0.6569454243
627144777 -735319459
#r 0 2.3829322262
554568955 -666524473
#r 0 5.1154632067
593793760 -758510421
#r 0 3.6673817542
507300944 -808699989
#r 0 5.1011840164
524737263 -851264239
#r 0 0.8506342208
590687917 -776094356
#r 0 1.6677483761
581007894 -676563973
#r 0 4.9729500621
606770168 -773188531
#r 0 2.5209264087
525421052 -715030804
#r 0 5.7737903064
569073036 -739413261
#r 0 5.5076994556
587144515 -757129985
#r 0 5.4840267928
595985812 -766218012
#r 0 2.4475957326
591112610 -762163128
#r 0 2.1807595835
589276885 -759536402
#r 0 5.2538504213
590102697 -760909510
#r 1 590202749 -761064214
120566706 -818818612
#r 0 0.7169891767
195945467 -753106799
#r 0 0.4667423071
285249359 -708108856
#r 0 2.6538880252
196908280 -661248919
#r 0 5.9081651770
243433291 -679563482
#r 0 5.6854570129
264359181 -693809975
#r 0 5.5259008149
273557498 -702505109
#r 0 5.4479975331
277907638 -707311528
#r 0 2.4174768885
275479590 -705164221
#r 0 5.5351844359
276667625 -706266562
#r 1 277123298 -706417400
137093106 -178832048
#r 0 1.7277349873
121463583 -80061010
#r 0 4.0090911088
56789930 -156332358
#r 0 3.4909753723
-37168490 -190564146
#r 0 1.1326630238
5256493 -100009627
#r 0 4.0453467315
-56609999 -178575123
#r 0 3.7793451217
-136953594 -238114243
#r 0 6.1294375708
-38133186 -253428516
#r 0 3.4511761823
-133379240 -283894715
#r 0 0.2075966985
-84452786 -273589275
#r 0 3.4634650533
-108168904 -281497859
#r 0 0.4872906385
-96980693 -275569081
#r 0 4.4751696447
-101367991 -293715546
#r 0 1.3816342421
-99612741 -284547409
#r 0 1.4159341460
-98891174 -279925305
#r 0 1.1686267652
-97960242 -277736694
#r 1 -97406738 -277107074
-671832205 450572368
#r 0 3.5991375889
-761546177 406397678
#r 0 3.3512188556
-859357054 385588248
#r 0 6.2253206504
-759524423 379805011
#r 0 2.7092643963
-850323693 421703609
#r 0 0.7269602910
-775603888 488163753
#r 0 4.4704317855
-799564215 391076665
#r 0 0.7674543931
-727596172 460507212
#r 0 0.6957633372
-650839707 524604366
#r 0 1.3946728374
-633318271 623057397
#r 0 2.4783912398
-712120806 684621677
#r 0 5.6555080542
-671651118 655258361
#r 0 5.4761130225
-654338915 637178955
#r 0 5.8040129062
-643103118 631341291
#r 0 5.5651560844
-638275522 627123965
#r 0 2.1846343534
-640122152 629744611
#r 0 2.7877018787
-644596562 631397655
#r 0 5.9656373034
-642330804 630652967
#r 1 -641816056 630361042
-468532303 -84888903
#r 0 6.1881162350
-368983869 -94381496
#r 0 0.5550779483
-283997933 -41680541
#r 0 4.8739898164
-267908094 -140377639
#r 0 2.3154007222
-335676189 -66842034
#r 0 0.4457477280
-245447334 -23728767
#r 0 5.5652206254
-170132711 -89514081
#r 0 0.6936324793
-93239839 -25580630
#r 0 0.7105596010
-17440140 39645175
#r 0 1.0163934021
35203435 124666666
#r 0 0.8791576443
98983450 201686856
#r 0 4.0016569985
66364015 163792630
#r 0 3.8879636664
48003383 146811968
#r 0 0.6026574455
58539525 154061310
#r 0 1.2074979660
65208119 171602245
#r 0 4.0248296149
47530928 150077276
#r 0 0.4471785728
60263864 156183738
#r 1 59993357 156741101
242220329 -192797614
#r 0 6.0134771526
338605199 -219442629
#r 0 0.8879099240
401708678 -141867176
#r 0 2.0619072685
354548096 -53686228
#r 0 5.0600979344
388622572 -147701812
#r 0 0.9279857400
448567316 -67660400
#r 0 4.1031690646
419955922 -108665132
#r 0 3.9185877125
402110231 -126213397
#r 0 4.3840313960
398019359 -138220977
#r 0 1.4468021173
398844816 -131597906
#r 0 4.4158112823
396057589 -140718699
#r 0 1.1495464245
398007469 -136366993
#r 1 398269839 -136045148
474168597 127670696
#r 0 2.5504168505
391140004 183404462
#r 0 0.3701468170
484367428 219579693
#r 0 2.6075982813
398289338 270477260
#r 0 2.4041825947
324268093 337714566
#r 0 2.6627376762
235515784 383790890
#r 0 2.1391781628
181688883 468068199
#r 0 5.3228517743
210351219 427099058
#r 0 5.1565423584
221112561 404484755
#r 0 2.1040652841
214746931 415268170
#r 0 1.8834241499
212806057 421272839
#r 0 1.6262312263
212630910 424429116
#r 0 4.8378169713
212828638 422860967
#r 1 212806860 423260448
595496296 -707793242
#r 0 0.7948179620
665537766 -636419631
#r 0 3.1224824131
565556026 -634508723
#r 0 1.8404244413
538918725 -538121721
#r 0 2.1156435545
487089981 -452601073
#r 0 0.5023732266
574734212 -404450384
#r 0 1.8680647377
545443260 -308836368
#r 0 4.7664867246
550850396 -408690075
#r 0 4.6635983253
545973266 -508571072
#r 0 2.9278487094
448248906 -487359060
#r 0 6.1045147909
497452947 -496245130
#r 0 5.8659541424
520336404 -506388351
#r 0 0.0923917970
533146340 -505201439
#r 0 4.4596149915
531487970 -511621790
#r 0 1.5391547604
531722127 -504223964
#r 0 5.1156723193
534645691 -511076033
#r 0 1.8674111162
533556975 -507513841
#r 0 2.2943983651
532309946 -506102314
#r 1 532761070 -506455650
677928845 -196320030
#r 0 4.9956109082
705873911 -292336035
#r 0 5.2699282716
758783885 -377191999
#r 0 2.1472941337
731529329 -335273160
#r 0 5.1036993872
741067758 -358391717
#r 0 1.5914003497
740296746 -320976539
#r 0 4.8910951856
744276677 -343009755
#r 0 4.5731562934
739864658 -374492824
#r 0 1.4652741473
741538860 -358685882
#r 0 1.6476762606
740927752 -350752681
#r 0 4.8950712782
741650491 -354664832
#r 0 1.7415273677
741312525 -352704578
#r 1 741114698 -352754658
134234208 -184258840
#r 0 5.0098412788
163542742 -279867469
#r 0 1.9755521263
143853027 -233907540
#r 0 2.0416572698
132381967 -211373265
#r 0 2.4709061260
121736561 -202927495
#r 0 3.2254589889
110543167 -203868451
#r 0 5.1656850855
117277212 -217692459
#r 0 5.2828183613
127398837 -233468686
#r 0 5.3333830743
141852510 -253672005
#r 0 5.9633933020
174997338 -264648199
#r 0 5.1240447983
193029816 -305950138
#r 0 5.2383640245
226956444 -364391628
#r 0 4.9841288960
254145660 -461972646
#r 0 2.2348760225
160926333 -342867291
#r 0 5.1762406744
196905654 -414789234
#r 0 5.6655731600
294287831 -483960795
#r 0 0.8798052932
402553293 -353047864
#r 0 2.0099422175
335165781 -209590067
#r 0 2.5306343075
252223027 -151501415
#r 0 4.6831457781
250432843 -212701070
#r 0 4.6112643967
244394434 -272209963
#r 0 6.0279351656
312592530 -290005706
#r 0 4.2886155036
269961019 -384510081
#r 0 4.2368199739
214581563 -492044714
#r 0 5.5755898102
335448094 -595428669
#r 0 6.0272903441
556876927 -653361265
#r 0 3.0221771152
443250988 -639727695
#r 0 2.6489509243
391905737 -612166270
#r 0 5.7598472489
417143317 -626728422
#r 0 2.6808824884
404093566 -620251392
#r 0 2.7608751283
397304309 -617534026
#r 1 397873535 -617271923
-222667336 -46611794
#r 0 5.3296297740
-164788607 -128159649
#r 0 5.8634671303
-73468225 -168909960
#r 0 4.6390581892
-80794734 -268641210
#r 0 1.3991462040
-72254311 -219375998
#r 0 5.5763716220
-53060691 -235767415
#r 0 4.5774985546
-57761009 -270401267
#r 0 2.3108101060
-92386071 -232481542
#r 0 4.4588182092
-100705500 -264584421
#r 0 1.3439728731
-96976555 -248427476
#r 0 1.5132914646
-96499714 -240144424
#r 0 5.4831226532
-93470200 -243264119
#r 0 2.3552857439
-95006269 -241725255
#r 1 -95010335 -241736309
219528894 970092025
#r 0 3.3869601494
122524082 945800742
#r 0 5.6045570257
200367533 883028160
#r 0 0.5510737054
285563815 935388389
#r 0 3.7883859367
245662797 905256865
#r 0 3.6463518227
223581094 893056764
#r 0 3.3407550112
211187426 890555249
#r 0 6.2189412843
217764110 890132154
#r 0 2.9466412331
214531391 890770485
#r 1 214439694 890794158
-384209398 -106897359
#r 0 3.4197297917
-480366256 -134353845
#r 0 4.8090727643
-470712934 -233886821
#r 0 4.6641508398
-475534878 -333770498
#r 0 4.7624719850
-470528671 -433645109
#r 0 4.5401009391
-487672367 -532164618
#r 0 2.3277767393
-556345327 -459473322
#r 0 0.0847693741
-456704404 -451006533
#r 0 3.3784415614
-553912621 -474470601
#r 0 0.2676625810
-505693036 -461246703
#r 0 0.0249843028
-480677122 -460621568
#r 0 0.7510177488
-471236671 -451808913
#r 0 3.8133097421
-476291121 -455827468
#r 1 -476057000 -456613403
615373946 -411111791
#r 0 5.0162069723
645290497 -506531915
#r 0 1.9754083264
625607391 -460569155
#r 0 5.2869675142
639331644 -481766641
#r 0 2.0560349737
633442517 -470597922
#r 0 4.8364646799
634230021 -476912284
#r 0 1.6701517436
633914428 -473746336
#r 1 633428211 -473508920
326662212 790338362
#r 0 5.4984759780
397421581 719676409
#r 0 5.6335281721
477050706 659185067
#r 0 0.2605376409
573675868 684945076
#r 0 5.5926913477
650769018 621253269
#r 0 2.0405175501
605505246 710422720
#r 0 5.3392800031
664168224 629437196
#r 0 2.2425771549
633049181 668572924
#r 0 5.1326023435
643268590 645701936
#r 0 2.2141150476
620794366 675678956
#r 0 5.5647227319
635082490 663186114
#r 0 4.9760772079
642345633 636283060
#r 0 1.7335072069
640088553 650032150
#r 1 639436889 650701770
340630368 -61653550
#r 0 2.5933612964
255285604 -9535690
#r 0 2.7359622456
163400222 29924119
#r 0 3.4649870021
68584002 -1854559
#r 0 1.6375305938
61915528 97922851
#r 0 4.6979763190
61194920 47928044
#r 0 1.5451112146
61836977 72919798
#r 0 4.1772065946
55461193 62166237
#r 0 0.9503480963
59095403 67251994
#r 0 1.1273180941
60446169 70095493
#r 1 60564986 69925943
-936931568 -253662529
#r 0 2.0853454632
-985970139 -166921789
#r 0 5.3893749876
-923325482 -244868225
#r 0 2.2577822239
-955035965 -206210171
#r 0 2.2534782004
-970809445 -186811142
#r 0 5.1187893538
-965866415 -198296990
#r 0 6.2742738461
-947235442 -198463024
#r 0 3.0250802770
-956488138 -197380066
#r 0 3.2153923488
-961186810 -197727458
#r 1 -961706320 -198163283
-55698254 -527054964
#r 0 0.2526947123
41125968 -502053564
#r 0 0.1715509762
139658086 -484982488
#r 0 0.0113334120
239651664 -483849171
#r 0 1.5985869182
236872963 -383887784
#r 0 4.9520488194
260610183 -481029662
#r 0 2.0526932658
214264091 -392417926
#r 0 5.1110867965
233675022 -438496291
#r 0 5.8381376019
256395344 -449333015
#r 0 2.5786384575
245751437 -442615937
#r 0 3.0786816090
239384182 -442214837
#r 1 240001245 -441505923
-176767589 -188188183
#r 0 1.7282112268
-192444149 -89424599
#r 0 0.2881110639
-96565918 -61010434
#r 0 0.2822806201
-523650 -33155761
#r 0 4.3779365887
-33348845 -127614781
#r 0 3.0176973566
-132582324 -115256924
#r 0 5.3809419942
-70597208 -193728864
#r 0 1.6134304635
-74859330 -93819734
#r 0 1.7728114861
-94923722 4146690
#r 0 2.4894584178
-174402760 64835096
#r 0 5.7283139893
-131904348 38493400
#r 0 1.0011549755
-118294241 59743830
#r 0 2.5963740681
-144076928 75382207
#r 0 1.0570665165
-122810857 113070246
#r 0 1.9557410782
-143921311 165174536
#r 0 0.0391973220
-59827280 168472486
#r 0 0.4830278414
14576639 207494769
#r 0 0.5230702511
114614113 265180957
#r 0 3.5600052607
61855917 241720974
#r 0 0.5087241634
87069597 255782262
#r 0 4.0529660320
78154193 244281197
#r 0 1.1923317472
85918244 263806845
#r 0 4.3776583976
82466762 253883634
#r 0 4.2783458777
80253364 249108477
#r 1 80327546 249424100
133207554 429148051
#r 0 2.5156993818
52163539 487730196
#r 0 0.6973778018
128816421 551951187
#r 0 4.0553869682
67741850 472768507
#r 0 1.8470817408
40463467 568976042
#r 0 5.1306384883
81079614 477595910
#r 0 2.4063626482
6911964 544671686
#r 0 5.4234735604
39544759 506788963
#r 0 5.7617062575
61554753 494143618
#r 0 2.0901466092
55203424 505253178
#r 0 5.3565845597
59046060 500137069
#r 0 5.2445648121
60694457 497337688
#r 0 4.9634838288
61105405 495735605
#r 1 61045948 495008160
420725815 -425022251
#r 0 4.9328515116
442593913 -522601892
#r 0 4.9573949632
466850126 -619615479
#r 0 3.3427925339
368867377 -639599994
#r 0 3.3195763337
270447110 -657304541
#r 0 1.0712058567
318353720 -569526658
#r 0 0.8430009173
384876241 -494862382
#r 0 0.6545090937
464210928 -433985396
#r 0 0.8102728388
533141007 -361537869
#r 0 0.8932603915
595828520 -283625895
#r 0 4.0649800344
565672437 -323508354
#r 0 4.1338747313
551990523 -344459241
#r 0 3.6272869124
540743402 -350396259
#r 0 0.7466354299
545693428 -345815844
#r 0 3.9765797759
543430150 -348315505
#r 0 1.1877680699
544065167 -346739501
#r 1 544169331 -347242319
-984543034 144270826
#r 0 5.0026707486
-955920812 48454499
#r 0 5.0544311953
-922379642 -45752666
#r 0 1.7144790559
-936698528 53216872
#r 0 4.4518846755
-962455315 -43409149
#r 0 1.4321106605
-955543239 6110778
#r 0 1.1707562206
-945663604 29475700
#r 0 4.6657265578
-946255476 16800779
#r 0 1.6252842923
-946600997 23135729
#r 0 1.2655216111
-945637884 26192017
#r 0 4.3004273836
-946279426 24723841
#r 1 -946224340 24178216
366737756 485628537
#r 0 5.9551427084
461405237 453409475
#r 0 5.6328151276
540991209 392861369
#r 0 6.0024304934
637075866 365153270
#r 0 6.1072096084
735531485 347646385
#r 0 5.4074333155
799573434 270843854
#r 0 0.7235730017
874517929 337050520
#r 0 4.8945788693
892636294 238705592
#r 0 4.5451619114
875991420 140100581
#r 0 1.2094323386
911346466 233642127
#r 0 2.1864610732
853596332 315281101
#r 0 1.4078709353
869816887 413956800
#r 0 4.6275333566
865579196 364136705
#r 0 4.8225407784
868344116 339137306
#r 0 4.9339546921
871425846 325456778
#r 0 3.5949308105
862198205 320961267
#r 0 3.0883942205
857051457 321235324
#r 0 3.4315445309
853753093 320251223
#r 1 854459495 320560285
-649282821 -270779598
#r 0 1.0639840604
-600743552 -183349973
#r 0 2.0065547118
-642953356 -92694954
#r 0 1.2370791369
-610197616 1788174
#r 0 1.9841323718
-650364282 93366768
#r 0 0.5143044331
-563300772 142559706
#r 0 0.5699506079
-479108009 196518752
#r 0 0.6517720106
-399606994 257178364
#r 0 5.7950978183
-311283862 210284608
#r 0 2.6208777759
-354657049 235159627
#r 0 2.7701736866
-377977165 244242730
#r 0 2.6190336667
-388896834 250532074
#r 0 2.1352274018
-392268207 255856923
#r 0 5.3312928954
-390440063 253290226
#r 1 -390003235 252486439
411724544 245564399
#r 0 0.0155551284
511712446 247119849
#r 0 0.0308612491
611664829 250205484
#r 0 0.0154319132
711652922 251748614
#r 0 0.4114919586
803305431 291746333
#r 0 6.0958432150
901555705 273121518
#r 0 3.3101883550
802973567 256341705
#r 0 0.2818914329
851000118 270250351
#r 0 0.0323065399
876305432 271068163
#r 0 0.4212914645
887864678 276248121
#r 0 4.3148530049
885146224 269773944
#r 0 1.2323876431
886311787 273085696
#r 1 885923181 272343313
795592083 -315379132
#r 0 2.5674002970
711628958 -261063447
#r 0 1.2074143902
747172694 -167593437
#r 0 4.5393281435
729952867 -266099668
#r 0 5.0007928151
758395102 -361969576
#r 0 4.9237014991
779369442 -459745222
#r 0 2.9904975831
680508758 -444693140
#r 0 6.2302644824
730438759 -447337946
#r 0 6.0880799124
755199506 -452231148
#r 0 5.8707622866
766793874 -457303858
#r 0 5.8833233206
772693776 -459797337
#r 0 2.6942522978
769806320 -458411996
#r 1 769979616 -458787766
-521849662 466816098
#r 0 5.3195576436
-464795215 384689427
#r 0 1.2127923807
-429754672 478349239
#r 0 0.7974078483
-359898286 549904010
#r 0 0.6113162412
-278008958 607298592
#r 0 1.0870895564
-231502570 695826304
#r 0 3.9669135328
-299334693 622349756
#r 0 0.7722261690
-263516734 657236341
#r 0 0.7811438316
-245714055 674888184
#r 0 4.0919861031
-253069912 664593323
#r 0 0.7826400269
-239613518 677975692
#r 0 3.8843907968
-246602894 671557811
#r 0 3.4441867573
-251139004 670141724
#r 0 0.5072568962
-248571485 671568656
#r 1 -247898101 671379754
-558514126 -706353026
#r 0 6.0599964354
-460994468 -728487078
#r 0 5.8746312465
-369224845 -768215359
#r 0 6.0709121873
-271469392 -789283613
#r 0 6.1309421935
-172626054 -804449181
#r 0 0.5033483334
-85028817 -756213053
#r 0 3.7576149027
-125837977 -785102711
#r 0 3.4741178287
-149766309 -793366331
#r 0 4.6929078176
-150013750 -806066258
#r 0 1.4978809030
-149551062 -799731966
#r 0 1.6744763862
-149880654 -796564431
#r 1 -150058853 -795620534
-218018041 -776753981
#r 0 5.8073774628
-129125744 -822559652
#r 0 5.9832233902
-33590970 -852108034
#r 0 5.7444238305
52243509 -903415365
#r 0 5.8519395586
143088082 -945215647
#r 0 6.0694514822
240812657 -966426670
#r 0 2.9475482724
191751038 -956785223
#r 0 3.0720402301
166801817 -955047141
#r 0 0.2353056316
179283603 -952054672
#r 0 5.0717165080
185760190 -969296360
#r 0 1.8647455454
183092030 -960482371
#r 0 2.0715756066
180871944 -956426047
#r 0 1.8132131421
180313710 -954168546
#r 1 180087564 -954226736
517252615 315449462
#r 0 5.9157008059
610576019 279522560
#r 0 5.9979402981
706535293 251383303
#r 0 6.1286294529
805343293 235989177
#r 0 5.9432857166
899622108 202649934
#r 0 2.2534300807
836538230 280241328
#r 0 5.5111928366
872364341 245363114
#r 0 3.9006012602
853983496 227927664
#r 0 6.0133547557
879125274 220974059
#r 0 5.6133373202
889901581 212439151
#r 0 2.3494780887
885074120 217331898
#r 0 5.4447877750
887372081 214776470
#r 1 887355501 214715383
-836634468 79323631
#r 0 1.5857318915
-838127969 179312478
#r 0 0.7821433778
-767187518 249792634
#r 0 1.7024231316
-780312223 348927603
#r 0 1.9194588656
-814476336 442910652
#r 0 5.0943586067
-795838892 396514039
#r 0 4.5888494462
-798922946 371677067
#r 0 1.4859936199
-797863009 384145954
#r 0 1.4965651917
-797398281 390395007
#r 0 1.1572977320
-796129628 393286214
#r 0 1.2907327670
-795681710 394843524
#r 1 -795838799 394610013
-478957491 -425697431
#r 0 1.0312308255
-427581164 -339904232
#r 0 1.2275764399
-393929072 -245736633
#r 0 5.7870110567
-305988042 -293343096
#r 0 5.5111869742
-234336229 -363099943
#r 0 5.6292454837
-154966899 -423931756
#r 0 1.9556238088
-192506823 -331245435
#r 0 5.6810099739
-110096285 -387889087
#r 0 5.6510968790
-29416749 -446972185
#r 0 0.7380422708
44561973 -379688095
#r 0 5.4398977965
111063093 -454371433
#r 0 5.5045791093
182252401 -524600219
#r 0 5.5740298765
258143613 -589719524
#r 0 2.0922077184
208333165 -503007822
#r 0 5.4094914120
272533045 -579678386
#r 0 1.5206616516
277544413 -479804034
#r 0 0.9078526796
339088378 -400985633
#r 0 5.0586931786
373030752 -495048991
#r 0 5.0789578503
408872189 -588405251
#r 0 1.8250742123
396294860 -540012992
#r 0 5.1594158856
407237303 -562838590
#r 0 5.1467847358
423215554 -597278028
#r 0 5.2024621244
450017324 -647517332
#r 0 4.8426767164
461112613 -732194816
#r 0 5.2653604318
527546251 -839831756
#r 0 4.5966993488
526332189 -850279028
#r 0 1.2496220284
587400296 -666722188
#r 0 1.3558554251
616689014 -532563074
#r 0 4.4771252544
600684527 -599331184
#r 0 4.5028250117
593539845 -632923713
#r 0 4.3662411181
587712500 -649080748
#r 0 4.4932898721
585795013 -657691945
#r 0 4.4233475022
584487875 -662087618
#r 0 4.3789958941
583592237 -664673771
#r 0 4.4077292965
582943699 -666736228
#r 0 4.4203553777
582302168 -668870191
#r 0 4.4554758213
581599317 -671545486
#r 0 4.3825149507
580377437 -675114225
#r 0 4.4217180311
578809348 -680356152
#r 0 4.3845632143
576214970 -687984490
#r 0 4.5626008712
574422367 -699862445
#r 0 4.2206312726
566019812 -715549155
#r 0 4.2652580479
554496253 -739580530
#r 0 4.4379205784
543662456 -778056267
#r 0 4.5230945879
532408514 -836796523
#r 0 4.4183031632
528786763 -848754710
#r 0 1.9473874022
493622912 -759837052
#r 0 5.1568532056
514179599 -803001090
#r 0 4.8532593645
517551337 -826777593
#r 0 5.0460767192
521593470 -838438136
#r 0 5.4104305274
525635132 -843255683
#r 0 5.3614784844
527550713 -845780275
#r 1 528078535 -846160992
744680137 283363242
#r 0 5.5116828479
816366531 213641934
#r 0 5.6438933279
896618369 153979195
#r 0 2.5325997383
855607143 182581280
#r 0 2.5906690167
834286564 195680148
#r 0 5.6413858886
844308499 188190310
#r 0 2.2268946776
840460949 193187959
#r 0 5.0661043882
843663418 184514932
#r 0 1.9352759576
842015598 188833958
#r 0 1.8233122348
841438062 191072265
#r 1 841240459 191699672
787479252 -388621533
#r 0 2.3506211948
717163762 -317517864
#r 0 2.0115793232
674498987 -227076076
#r 0 2.1908365151
616392200 -145690565
#r 0 2.1104694503
565006640 -59902896
#r 0 2.1462615632
510584125 23991024
#r 0 2.5447178713
427874504 80197061
#r 0 2.0829633909
378867765 167365516
#r 0 2.2030103261
319774537 248037632
#r 0 1.9387157440
283807050 341345402
#r 0 2.0507560399
237632706 430046755
#r 0 1.9845453514
197428223 521608753
#r 0 1.9896196459
156759647 612965564
#r 0 2.3078335447
89549944 687011872
#r 0 2.0473579676
43677280 775869616
#r 0 1.9367851276
7890002 869246651
#r 0 2.0525471185
-38443139 957865159
#r 0 3.1411731122
-138443130 957907113
#r 0 6.0496757865
-41157099 934767792
#r 0 5.5129911490
30620451 865140331
#r 0 2.6368954580
-56911642 913494572
#r 0 2.6292605201
-144072006 962515699
#r 0 5.8218583482
-99298877 940258862
#r 0 2.1850289889
-113744594 960742330
#r 0 5.2708618891
-107103742 950113978
#r 0 5.4780468916
-102747692 945582463
#r 0 2.2225976157
-104654200 948080998
#r 0 2.6754017934
-106075990 948796419
#r 1 -105821575 948749212
734374273 161323653
#r 0 2.5381222480
652037162 218073985
#r 0 2.4879620902
572649023 278881249
#r 0 2.6753108810
483324417 323838060
#r 0 2.7298959218
391680100 363854546
#r 0 2.2364337343
329924041 442506877
#r 0 2.4042054204
255901262 509742494
#r 0 2.1703539481
199473531 592301026
#r 0 2.8615018273
103370498 619945320
#r 0 2.0177321748
60150059 710122887
#r 0 1.8861603686
29133801 805191240
#r 0 1.8349994895
3019785 901721329
#r 0 4.1883500254
-47018331 815140806
#r 0 1.0044475902
-20190608 857334091
#r 0 1.0694517666
-8153995 879296724
#r 0 1.4560202639
-6719335 891741434
#r 0 5.8588007433
-365583 888870543
#r 0 2.6806149729
-3487816 890421253
#r 1 -3798627 890545911
-835925574 -325109799
#r 0 1.2808363234
-807334184 -229284268
#r 0 1.4692289275
-797194898 -129799622
#r 0 1.1373159833
-755191720 -39048683
#r 0 0.9310976363
-695496346 41178883
#r 0 1.1950628864
-658800856 134202756
#r 0 1.0580845969
-609746646 221344506
#r 0 1.0804345211
-562652137 309560759
#r 0 1.2725807916
-533270640 405146990
#r 0 0.9624232472
-476117320 487204884
#r 0 1.2253267773
-442253468 581296539
#r 0 1.2653190859
-412178632 676666892
#r 0 0.9790656817
-356398807 759664549
#r 0 1.6783614103
-367134585 859086594
#r 0 4.8293682547
-361298952 809428309
#r 0 4.7117566283
-361314762 784426098
#r 0 5.1500220699
-355965425 772993259
#r 0 2.6924618425
-361972013 775888335
#r 0 5.7870941743
-359039983 774301409
#r 2 -358543552 774148374
