701687785 -541700890
#r 0 2.1244961681
701687785 -540700890
#r 0 3.9037448197
701299003 -541072004
#r 0 1.8065969684
-499127383 633119407
#r 0 5.5410303695
-499127383 632119407
#r 0 4.3761415231
-498862701 632876680
#r 0 1.7210984790
-483608482 -622730427
#r 0 5.8011898429
-483608482 -621730427
#r 0 5.7656469302
-461939081 -634066769
#r 0 5.8151414865
-400050622 -282770132
#r 0 5.6272189617
-400050622 -281770132
#r 0 3.8478483358
-400666879 -282295823
#r 0 3.7861040718
301295572 728310821
#r 0 3.3604949310
301295572 727310821
#r 0 1.2132181391
301703086 728401479
#r 0 1.2514851907
538670319 187274473
#r 0 2.3563200122
538670319 186274473
#r 0 4.9289325574
538388299 187556422
#r 0 4.9289262058
-356518068 -65592954
#r 0 5.2910794787
-356518068 -64592954
#r 0 4.1929482891
-356822993 -65126208
#r 0 5.3407887104
-276446552 932869643
#r 0 3.2988881949
-276446552 931869643
#r 0 3.3153885637
-217489074 942220639
#r 0 4.0973765053
-550539604 -271667289
#r 0 2.1649966189
-550539604 -270667289
#r 0 2.1823788033
-569033233 -244295926
#r 0 4.9331519203
-618319202 -169265767
#r 0 0.2016694589
-618319202 -168265767
#r 0 5.2336238209
-617805326 -169160706
#r 0 5.2247351974
755102565 -188650360
#r 0 3.3515578025
755102565 -187650360
#r 0 4.1035036747
754283616 -188824883
#r 0 4.1155462043
380790345 -501424583
#r 0 3.4122027067
380790345 -500424583
#r 0 0.6423446884
378666209 -502013850
#r 0 1.5901465140
-579009961 358478730
#r 0 2.3846911372
-579009961 357478730
#r 0 2.3381016704
-589845927 368714072
#r 0 1.9050114621
299350043 -849072587
#r 0 2.4104831464
299350043 -848072587
#r 0 3.3220152414
298423537 -848241587
#r 0 3.3403154472
547958642 -796389549
#r 0 3.4920654467
547958642 -795389549
#r 0 1.2813122918
547624397 -796511737
#r 0 3.5148494391
120566706 -818818612
#r 0 4.0711506964
120566706 -817818612
#r 0 2.9252072731
121207952 -817959575
#r 0 4.1211235192
137093106 -178832048
#r 0 1.3255060439
137093106 -177832048
#r 0 6.1957199084
137338060 -177853528
#r 0 2.7880228635
-671832205 450572368
#r 0 3.2165301499
-671832205 449572368
#r 0 3.0270309421
-677091387 450177519
#r 1 -677264344 450209692
-468532303 -84888903
#r 0 0.0896976941
-468532303 -83888903
#r 0 3.8472077519
-469844650 -85006934
#r 0 4.8642726755
242220329 -192797614
#r 0 2.6304933897
242220329 -191797614
#r 0 5.5176171162
244718434 -194198558
#r 0 4.6469571310
474168597 127670696
#r 0 5.2639255515
474168597 126670696
#r 0 3.5364417285
474658273 126874761
#r 0 5.1947078817
595496296 -707793242
#r 0 1.3980569099
595496296 -706793242
#r 0 2.1284349727
595632632 -707011847
#r 0 1.4931273204
677928845 -196320030
#r 0 5.2872434782
677928845 -195320030
#r 0 3.4882491480
677403866 -195509676
#r 0 2.0441608364
134234208 -184258840
#r 0 4.2404128913
134234208 -183258840
#r 0 3.7709193968
135046585 -182667361
#r 0 5.3134545695
-222667336 -46611794
#r 0 3.6551942585
-222667336 -45611794
#r 0 0.9845416444
-223729359 -47210878
#r 0 3.6143836565
219528894 970092025
#r 0 3.7121872786
219528894 969092025
#r 0 3.5540945667
214631706 966948971
#r 0 4.8238098814
-384209398 -106897359
#r 0 0.8048200445
-384209398 -105897359
#r 0 0.0895642662
-383156560 -105802809
#r 0 0.0790689805
615373946 -411111791
#r 0 2.1096860577
615373946 -410111791
#r 0 2.9514675576
614698275 -409981758
#r 0 3.4644122575
326662212 790338362
#r 0 4.2459378875
326662212 789338362
#r 0 1.2090897053
328184335 793361391
#r 0 3.5617353006
340630368 -61653550
#r 0 3.3092150300
340630368 -60653550
#r 0 4.5804285021
340494587 -61676526
#r 0 4.6642685376
-936931568 -253662529
#r 0 6.1203165730
-936931568 -252662529
#r 0 4.3760034048
-937262243 -253608191
#r 0 4.2913158328
-55698254 -527054964
#r 0 1.0202155029
-55698254 -526054964
#r 0 2.6123588836
-55246543 -526319164
#r 0 1.0685563887
-176767589 -188188183
#r 0 4.2798238902
-176767589 -187188183
#r 0 6.2210776512
-176318748 -187216095
#r 0 4.7180301991
133207554 429148051
#r 0 1.8006452373
133207554 428148051
#r 0 1.8554797511
134375050 424158411
#r 0 1.7921393661
420725815 -425022251
#r 0 0.5849945493
420725815 -424022251
#r 0 1.3373557071
420443594 -425209175
#r 0 4.0020711228
-984543034 144270826
#r 0 4.7937610241
-984543034 143270826
#r 0 4.9473026872
-984419330 142753955
#r 0 6.1145959129
366737756 485628537
#r 0 3.0005013279
366737756 484628537
#r 0 3.1201529327
375030176 484450723
#r 0 3.7507599761
-649282821 -270779598
#r 0 0.9074349906
-649282821 -269779598
#r 0 0.8974752744
-610728414 -221446060
#r 0 0.9242214936
411724544 245564399
#r 0 5.5225363539
411724544 244564399
#r 0 1.3447325425
411913237 245384822
#r 0 2.4849292380
795592083 -315379132
#r 0 2.4733108961
795592083 -314379132
#r 0 2.5145525779
780176688 -303209275
#r 0 2.4308756842
-521849662 466816098
#r 0 2.4323327803
-521849662 465816098
#r 0 4.1905126174
-521464633 466485649
#r 0 1.6088090226
-558514126 -706353026
#r 0 4.8376339008
-558514126 -705353026
#r 0 2.2597454532
-558662751 -705172562
#r 0 4.8005214663
-218018041 -776753981
#r 0 4.8934225874
-218018041 -775753981
#r 0 0.7797199878
-218173030 -775907220
#r 0 2.6035759519
517252615 315449462
#r 0 2.6214546603
517252615 314449462
#r 0 2.1103151330
516341312 315971407
#r 0 2.1823190827
-836634468 79323631
#r 0 5.6559203192
-836634468 78323631
#r 0 0.2106437243
-835569221 78551397
#r 0 4.6618352356
-478957491 -425697431
#r 0 2.5962056903
-478957491 -424697431
#r 0 5.0145994854
-478572997 -425930733
#r 0 4.8181895797
744680137 283363242
#r 0 3.8541633038
744680137 282363242
#r 0 2.7740302776
743879541 282671521
#r 0 2.8046159952
787479252 -388621533
#r 0 2.8686262392
787479252 -387621533
#r 0 2.0565538703
788098769 -388794969
#r 0 4.1607872709
734374273 161323653
#r 0 3.4341577338
734374273 160323653
#r 0 3.4317184384
358244385 48030159
#r 0 4.7720406951
-835925574 -325109799
#r 0 0.4768724125
-835925574 -324109799
#r 0 5.2947510256
-835434205 -324855937
#r 0 4.5010446748
191098699 -491490599
#r 0 2.4312596060
191098699 -490490599
#r 0 5.6167827501
177528811 -479819031
#r 0 5.6005895271
76967052 -918743877
#r 0 1.7826721509
76967052 -917743877
#r 0 1.1749167358
76825038 -918083668
#r 0 1.7795011009
-458212991 -390070259
#r 0 0.1294429465
-458212991 -389070259
#r 0 3.1731023176
-448076214 -388750747
#r 0 3.4667333275
-561441965 -303326039
#r 0 0.8877292631
-561441965 -302326039
#r 0 1.9633984991
-561167523 -302988782
#r 0 4.7316892609
-143029320 -288205830
#r 0 5.7576873285
-143029320 -287205830
#r 0 2.9371362787
-145713656 -286649223
#r 0 3.9849765962
-217724255 370576245
#r 0 1.3170201527
-217724255 369576245
#r 0 1.8243399977
-217853877 370076484
#r 0 1.8569380352
231282029 -813119927
#r 0 3.6709592826
231282029 -812119927
#r 0 1.5185127498
231228045 -813151511
#r 0 1.5331208323
-173650117 941397434
#r 0 3.5750133408
-173650117 940397434
#r 0 4.7409257796
-173678289 941384397
#r 0 3.6375839861
-974261600 -135035256
#r 0 0.6648697392
-974261600 -134035256
#r 0 5.9464038153
-973379810 -134343988
#r 0 5.9174184347
-219071864 876570219
#r 0 3.4617652858
-219071864 875570219
#r 0 2.7782388841
-220476718 876104396
#r 0 4.8523095871
841216372 -245702053
#r 0 3.2139641417
841216372 -244702053
#r 0 2.4351123731
842296373 -245623755
#r 0 3.1422685845
-554460271 622376857
#r 0 4.2236823799
-554460271 621376857
#r 0 0.6015169638
-555297585 620802153
#r 0 4.1593660888
-710372218 -603481641
#r 0 5.6171278817
-710372218 -602481641
#r 0 5.4232898192
-707708772 -605574729
#r 0 5.4235688212
57367412 137137296
#r 0 4.4146853047
57367412 136137296
#r 0 4.1702554131
56742025 135099022
#r 0 4.5437263987
350298717 99524416
#r 0 4.8027148721
350298717 98524416
#r 0 2.2207459250
350401541 98389143
#r 0 5.7368858894
124361302 -505132095
#r 0 2.9591638599
124361302 -504132095
#r 0 4.5723244870
124223888 -505106745
#r 0 1.4921028087
-544744435 413022941
#r 0 5.0515278568
-544744435 412022941
#r 0 0.0792722748
-544401283 412050201
#r 0 2.3972103067
-119196968 -904270036
#r 0 3.9130156402
-119196968 -903270036
#r 0 3.9841899896
-125906294 -910794406
#r 0 3.9545570651
-804414631 -463783652
#r 0 6.1136179997
-804414631 -462783652
#r 0 2.2760333286
-803418108 -463954268
#r 0 6.0079716119
551441948 -761356956
#r 0 4.0453230381
551441948 -760356956
#r 0 4.0783367766
540337980 -775457420
#r 0 4.0384495328
27156741 -865736728
#r 0 1.0747540477
27156741 -864736728
#r 0 1.0747037267
940217810 -146619311
#r 0 2.9491058826
940217810 -145619311
#r 0 2.5719968340
942462486 -147056798
#r 0 4.1038879468
-914055295 46387478
#r 0 0.3974352016
-914055295 45387478
#r 0 0.2612322703
-920615607 43633635
#r 0 0.2984889993
-936955659 -34943340
#r 0 1.1367160068
-936955659 -33943340
#r 0 5.7798638173
-936586356 -34146687
#r 0 4.6631924577
-369379595 277222742
#r 0 3.5703918490
-369379595 276222742
#r 0 1.1861693005
-368882888 277449821
#r 0 5.5766744898
-821124475 11788443
#r 0 0.8469734360
-821124475 10788443
#r 0 1.1011757303
-819932692 13136836
#r 0 4.3290203321
-490967586 616064171
#r 0 5.0304357709
-490967586 615064171
#r 0 1.1457379271
-490776988 615485239
#r 0 5.2938947004
-678074763 -588467848
#r 0 6.1336127091
-678074763 -587467848
#r 0 5.9301465384
-673482929 -589159829
#r 0 2.0871327428
217643120 -215305082
#r 0 5.8464421491
217643120 -214305082
#r 0 3.9945320457
217022739 -215015483
#r 0 4.8421159263
-682169509 -158834214
#r 0 0.7966071959
-682169509 -157834214
#r 0 5.2706494020
-681788394 -158444458
#r 0 5.8073322445
557597791 508080141
#r 0 4.7200252413
557597791 507080141
#r 0 5.7640452695
557605461 507075758
#r 0 3.0214361791
639262792 -399950495
#r 0 1.7911334418
639262792 -398950495
#r 0 3.1935132722
639041395 -398962000
#r 0 1.1553107643
61684808 -566926225
#r 0 1.1052757959
61684808 -565926225
#r 0 2.5321595495
62056729 -566185854
#r 0 0.1085189349
523190902 523430949
#r 0 3.1657634769
523190902 522430949
#r 0 4.3938759789
523523292 523438985
#r 0 4.4756389754
-97120665 -106773775
#r 0 0.4326545635
-97120665 -105773775
#r 0 1.7331269079
-96968409 -106703458
#r 0 0.4544164707
-565009351 514254679
#r 0 3.3789246212
-565009351 513254679
#r 0 6.0393463340
-567047338 513761709
#r 0 3.4219292391
334580786 -482417867
#r 0 2.1725254566
334580786 -481417867
#r 0 2.1920235096
317682081 -457808518
#r 0 3.0499981347
-302732954 278207160
#r 0 1.1527844670
-302732954 277207160
#r 0 1.2010765713
-299694224 285048219
#r 0 0.3484648066
-258338693 -552221732
#r 0 1.0543937022
-258338693 -551221732
#r 0 5.4693193254
-257984060 -551597153
#r 0 1.6389161866
-571070279 -284224233
#r 0 1.9509054824
-571070279 -283224233
#r 0 0.3203654826
-571423053 -283341282
#r 0 1.8672817004
481874853 641887316
#r 0 4.1400081972
481874853 640887316
#r 0 3.0027425336
481283747 640969923
#r 0 2.1781277978
-479273610 -106822827
#r 0 6.1109290860
-479273610 -105822827
#r 0 2.4436265123
-477769482 -107084516
#r 0 1.7863937948
-4238218 -621301856
#r 0 1.7746696437
-4238218 -620301856
#r 0 2.3416009471
-4500876 -620031418
#r 0 0.3258928048
-213551122 -22815755
#r 0 3.9868869202
-213551122 -21815755
#r 0 2.2096501110
-213146904 -22359964
#r 0 4.3376542027
-874003763 -51756842
#r 0 4.4335807508
-874003763 -50756842
#r 0 0.8503318943
-873578986 -50272981
#r 0 6.2028076526
-191082364 -706539912
#r 0 1.7512272074
-191082364 -705539912
#r 0 0.9120221169
-191229992 -705730611
#r 0 4.7369738103
-712230836 221529366
#r 0 1.2875040951
-712230836 220529366
#r 0 1.4060364265
-711843154 222861047
#r 0 2.4377792866
-780382671 126943689
#r 0 5.9436409792
-780382671 125943689
#r 0 5.9228261896
-822775970 141918031
#r 0 5.9260329266
-236286024 -513307999
#r 0 4.8226614929
-236286024 -512307999
#r 0 0.2059267827
-236394243 -512330605
#r 0 0.9691747772
432125842 146983063
#r 0 1.6556779341
432125842 145983063
#r 0 3.6137330298
432207385 146024704
#r 0 2.4637388264
-261116530 -918750953
#r 0 2.1644818618
-261116530 -917750953
#r 0 2.0947022590
-257102665 -924698242
#r 0 5.6873739650
118024946 613168088
#r 0 5.3699864530
118024946 612168088
#r 0 5.3256245205
110092900 623439268
#r 0 2.3497595613
-464226731 -787773296
#r 0 2.9043000512
-464226731 -786773296
#r 0 2.8553919831
-445153947 -792386031
#r 0 2.8691767489
-243669211 -909135288
#r 0 0.9104116274
-243669211 -908135288
#r 0 1.2847097324
-244142674 -909744854
#r 0 2.6874460328
-477273716 873997373
#r 0 4.4470017723
-477273716 872997373
#r 0 4.1103930214
-477723408 872342867
#r 0 4.2091785975
-723337552 322551553
#r 0 5.7793686562
-723337552 321551553
#r 0 1.3405461955
-723129969 322437119
#r 0 1.2658979785
-109826943 -461038229
#r 0 5.8901976779
-109826943 -460038229
#r 0 0.0618106829
-111925838 -460168129
#r 0 0.3256187772
273596302 -710435175
#r 0 2.1431916583
273596302 -709435175
#r 0 1.7123599933
273779293 -710719166
#r 0 0.9757813457
-495340295 -231301155
#r 0 2.8843413589
-495340295 -230301155
#r 0 4.8306655285
-495217629 -231333426
#r 0 4.4832548096
-335666797 -774290530
#r 0 0.6935728712
-335666797 -773290530
#r 0 2.1102351075
-335267075 -773958217
#r 0 0.3693161960
-44434562 -424288087
#r 0 3.1320764776
-44434562 -423288087
#r 0 3.1092283449
-688404 -424704396
#r 0 4.2514701970
482272679 648017210
#r 0 5.4262025930
482272679 647017210
#r 0 4.5880300362
482381918 647891094
#r 0 3.0851624026
-848718430 -335529233
#r 0 2.7075469903
-848718430 -334529233
#r 0 4.6090788787
-848817355 -335483379
#r 0 4.6172126267
-538168394 -366123595
#r 0 4.8087149024
-538168394 -365123595
#r 0 4.7811779561
-537928297 -368608429
#r 0 4.7455095997
780704324 -493859950
#r 0 1.9251367047
780704324 -492859950
#r 0 2.1569106528
779868816 -491601546
#r 0 3.7627937462
101574837 -660299922
#r 0 0.6957289993
101574837 -659299922
#r 0 1.0219973848
100325513 -661343124
#r 0 2.5241790480
274165912 -778182756
#r 0 2.7257757592
274165912 -777182756
#r 0 1.4108380559
274015305 -778116253
#r 0 1.7103722484
-30247511 -354320033
#r 0 5.6394513964
-30247511 -353320033
#r 0 4.6632940021
-30294898 -354284475
#r 0 1.4739502700
196232884 -273237791
#r 0 5.1938866647
196232884 -272237791
#r 0 4.4262166744
196044642 -272877529
#r 0 4.8847340583
-43571381 -254057842
#r 0 3.3309262763
-43571381 -253057842
#r 0 6.1965254091
-39980799 -253369783
#r 0 1.3638979297
245238934 77228773
#r 0 5.1937364379
245238934 76228773
#r 0 3.6278480477
245648249 76445132
#r 0 1.8715984706
691449954 36763389
#r 0 4.1160967899
691449954 35763389
#r 0 2.5823202170
690973611 36061550
#r 0 1.6274011756
305194638 -415436078
#r 0 3.0078521539
305194638 -414436078
#r 0 1.2470141029
304873544 -415392877
#r 0 3.2921087995
326597884 -216545057
#r 0 2.2680450178
326597884 -215545057
#r 0 4.6161540348
326511327 -216441717
#r 0 0.1468407104
48717586 -293671845
#r 0 3.6892210341
48717586 -292671845
#r 0 5.2526221390
49156718 -293404042
#r 0 5.2142070706
530625494 -89118625
#r 0 0.0291072003
530625494 -88118625
#r 0 3.8341803432
529376400 -89154993
#r 0 0.0495734584
42124448 645983829
#r 0 0.9950663918
42124448 644983829
#r 0 0.9937857057
-189788319 288690606
#r 0 4.3183561876
-178491570 670902010
#r 0 2.0023050360
-178491570 669902010
#r 0 5.0484971635
-179939697 674047047
#r 0 4.5797603451
78464923 432039983
#r 0 0.3090429454
78464923 431039983
#r 0 0.3167602882
195764434 469490500
#r 0 4.8084279566
160031141 -417843750
#r 0 3.7651507189
160031141 -416843750
#r 0 3.8218397117
148892291 -425855860
#r 0 3.7071157538
-430166093 553065446
#r 0 1.1724204606
-430166093 552065446
#r 0 6.1860340167
-430570390 552104848
#r 0 1.0853897219
17710008 853207122
#r 0 4.2333840277
17710008 852207122
#r 0 4.7489052183
17675876 853141402
#r 0 4.2398611326
14875479 -715975258
#r 0 1.7549603044
14875479 -714975258
#r 0 1.0701707627
14736516 -715229249
#r 0 2.5965339281
-415569731 -638404763
#r 0 3.0672884665
-415569731 -637404763
#r 0 5.3115376967
-414850269 -638458321
#r 0 3.1731581188
-773961145 -176289730
#r 0 4.8055706942
-773961145 -175289730
#r 0 6.1395159437
-774055878 -175276025
#r 0 5.3317656504
940988252 -325744210
#r 0 2.9578472318
940988252 -324744210
#r 0 4.0091966168
940255877 -325608104
#r 0 3.9195237310
-826089410 389315028
#r 0 5.0424625453
-826089410 388315028
#r 0 3.4399788804
-825779464 388410358
#r 0 3.5230433246
787581078 -76307990
#r 0 4.3467202247
787581078 -75307990
#r 0 3.8293786979
788139705 -74849011
#r 0 3.5039122700
-720594767 -54294382
#r 0 0.8910416984
-720594767 -53294382
#r 0 1.5795775470
-720586080 -54283634
#r 0 5.8256885104
594911311 732837332
#r 0 3.0707151357
594911311 731837332
#r 0 4.8784731696
594741664 732849376
#r 0 4.3236549772
288809318 -738112341
#r 0 5.9661893688
288809318 -737112341
#r 0 3.8102918874
287915022 -737818959
#r 0 3.4231637521
-344837829 -486706031
#r 0 5.5921723980
-344837829 -485706031
#r 0 0.3668582770
-345663393 -486023256
#r 0 0.1211340765
-62712054 -847301326
#r 0 3.9449364306
-62712054 -846301326
#r 0 5.9269508712
-62002160 -846565485
#r 0 0.3064845872
-250419138 -693493865
#r 0 3.0927312875
-250419138 -692493865
#r 0 3.0651163648
-214351186 -695257598
#r 0 3.0288718834
366755340 -91389671
#r 0 4.5086510151
366755340 -90389671
#r 0 3.7345470473
366995360 -90227935
#r 0 5.7829876173
961566412 68953195
#r 0 3.5402983492
961566412 67953195
#r 0 2.7734281835
960327287 68431191
#r 0 4.0834625890
597164501 -516317146
#r 0 4.8396904611
597164501 -515317146
#r 0 4.3903267766
597071992 -515594385
#r 0 4.8471209864
-877313621 -335845740
#r 0 1.2539213658
-877313621 -334845740
#r 0 4.9945054900
-877159765 -335376558
#r 0 0.8423062798
-380835327 -806301119
#r 0 2.8662555537
-380835327 -805301119
#r 0 1.0526735731
-381326323 -806162407
#r 0 1.6337510206
822465216 -184570263
#r 0 3.1985149202
822465216 -183570263
#r 0 2.3207708436
823349808 -184519856
#r 0 3.6427771931
186036512 447263379
#r 0 3.1608275843
186036512 446263379
#r 0 0.0325986901
260814390 448701904
#r 0 3.2067028844
-324336703 -906969741
#r 0 0.9550668541
-324336703 -905969741
#r 0 1.4274330950
-324518060 -907226083
#r 0 2.6849684080
-23877194 30146238
#r 0 5.0480670308
-23877194 29146238
#r 0 4.9933112900
-25545910 34929282
#r 0 4.9814037935
-646955563 126488175
#r 0 1.4870596946
-646955563 125488175
#r 0 3.3906664860
-647041327 125466360
#r 0 3.3473389564
647455009 119171730
#r 0 2.5885244933
647455009 118171730
#r 0 3.2182106342
648895718 118282331
#r 0 3.2035304037
-614105525 708095676
#r 0 4.7837993458
-614105525 707095676
#r 0 6.0839499436
-614032945 707081021
#r 0 0.8625023772
-144601442 -246545691
#r 0 4.6264597082
-144601442 -245545691
#r 0 4.5920046212
-144302243 -243072347
#r 0 0.8846268063
-755786970 456770808
#r 0 0.2958883617
-755786970 455770808
#r 0 3.7263993379
-752987600 457624159
#r 0 3.7716464792
-942398078 -178453409
#r 0 4.6480606005
-942398078 -177453409
#r 0 4.6150020210
-942208969 -175517722
#r 0 5.3441760662
711522906 98276513
#r 0 2.5611911207
711522906 97276513
#r 0 4.7238849760
711511322 98284109
#r 0 3.8990238368
-865732126 -389513957
#r 0 5.2685936550
-865732126 -388513957
#r 0 5.3072081029
-873395694 -377186666
#r 0 5.2860263026
457994694 -775492143
#r 0 5.7720024738
457994694 -774492143
#r 0 5.6733046472
465250083 -779561783
#r 0 2.2764812767
223679184 -734348721
#r 0 2.9451326401
223679184 -733348721
#r 0 1.4104493166
223522492 -734317535
#r 0 0.9853380146
590989480 604339845
#r 0 4.1690881055
590989480 603339845
#r 0 5.0138132589
590784239 604000001
#r 0 2.9836260596
33739637 326385330
#r 0 2.7535908110
33739637 325385330
#r 0 3.9941665484
34383560 326122145
#r 0 3.8854327193
107088828 -31836439
#r 0 3.3573243657
107088828 -30836439
#r 0 3.4013281751
85627954 -36539417
#r 0 3.4550792850
-86557720 15314172
#r 0 5.4269356021
-86557720 14314172
#r 0 5.6152234901
-83809272 12145806
#r 0 0.9683844927
187576655 288198927
#r 0 0.3684663575
187576655 287198927
#r 0 0.3010031457
174360352 283096114
#r 0 0.4274172553
376013911 294524797
#r 0 2.7740271091
376013911 293524797
#r 0 2.7113082240
362482151 299735406
#r 0 0.7857224113
278966036 620220652
#r 0 5.8978890652
278966036 619220652
#r 0 1.3164236721
279201239 620125261
#r 0 4.8525420211
-721859489 -551390151
#r 0 1.8536214882
-721859489 -550390151
#r 0 1.8378227374
-717198385 -567428877
#r 0 5.9589911132
388898961 -22604958
#r 0 4.6370133564
388898961 -21604958
#r 0 3.2746541779
388975251 -21594746
#r 0 4.6206912383
-862956667 140643757
#r 0 5.8497238695
-862956667 139643757
#r 0 1.0556292976
-862508055 140436131
#r 0 5.4117300857
-64393835 -548376194
#r 0 1.1125716872
-64393835 -547376194
#r 0 5.1689938486
-64147719 -547877216
#r 0 5.8101267435
-682022435 430113840
#r 0 1.3767637221
-682022435 429113840
#r 0 1.3985387511
-680504510 437838456
#r 0 0.8468900634
129522077 617343422
#r 0 2.4939306358
129522077 616343422
#r 0 4.7363020785
129497719 617361850
#r 0 5.1357698306
-709725211 -135667791
#r 0 5.7459272951
-709725211 -134667791
#r 0 1.1842350260
-710052815 -135472634
#r 0 1.6559924556
882172595 169931446
#r 0 4.3830893236
882172595 168931446
#r 0 2.5984890455
881889296 169102461
#r 0 2.8707946915
29768177 179516482
#r 0 1.9923685227
29768177 178516482
#r 0 4.6020036993
29857048 179318312
#r 0 4.6165252639
258981388 553416150
#r 0 4.6680677678
258981388 552416150
#r 0 4.6776826135
259141291 557021601
#r 0 4.6952521919
867622611 474026919
#r 0 3.9633051195
867622611 473026919
#r 0 3.1341805676
866699090 473033764
#r 0 3.1658704390
494169261 705240858
#r 0 2.3983147078
494169261 704240858
#r 0 3.8772361414
494717431 704737025
#r 0 3.4575592776
122469093 -725635014
#r 0 2.5310307826
122469093 -724635014
#r 0 0.9341417479
121981831 -725294049
#r 0 3.0981376558
-603116602 -663308573
#r 0 5.4271251145
-603116602 -662308573
#r 0 0.1464921056
-603885897 -662422082
#r 0 2.2395763811
-145539966 -887360284
#r 0 0.3590867745
-145539966 -886360284
#r 0 4.3117414966
-146043592 -887549326
#r 0 2.4853140312
682414660 608429595
#r 0 4.4685939421
682414660 607429595
#r 0 3.8560992807
682097484 607154478
#r 0 3.1835328644
-490982295 -354183775
#r 0 3.8115629460
-490982295 -353183775
#r 0 3.8162653609
-621152001 -457304974
#r 0 3.3275560929
-802812116 -220135267
#r 0 1.3486897254
-802812116 -219135267
#r 0 5.6947434181
-802615859 -219266229
#r 0 3.5357496903
250470454 471718324
#r 0 1.3128060585
250470454 470718324
#r 0 2.7169609660
250234709 470824914
#r 0 1.1983227747
439852827 37625603
#r 0 0.5706069445
439852827 36625603
#r 0 0.5048576378
428641874 30430131
#r 0 4.5098862619
-160210028 -311873695
#r 0 4.6276606704
-160210028 -310873695
#r 0 2.2485604027
-160133202 -310969134
#r 0 3.7561886736
378118500 -176315695
#r 0 4.7117409683
378118500 -175315695
#r 0 4.6449836451
378119154 -175306003
#r 0 1.8677941938
-866575725 -214630372
#r 0 3.8044733237
-866575725 -213630372
#r 0 0.4353525076
-863407315 -212156696
#r 0 1.1359477719
135413484 36622920
#r 0 3.6983940640
135413484 35622920
#r 0 4.0017102453
137267638 37777136
#r 0 1.3329384581
133848038 926203271
#r 0 5.9338386893
133848038 925203271
#r 0 4.7664026269
133792885 926223362
#r 0 4.4071487902
152317393 -838586251
#r 0 3.7599237614
152317393 -837586251
#r 0 3.7643241090
1899079 -945592717
#r 0 1.1913243948
866394399 -388688067
#r 0 2.4195827115
866394399 -387688067
#r 0 2.5225545657
860448121 -383451595
#r 0 2.2430414747
-110683473 -855371776
#r 0 4.1844855731
-110683473 -854371776
#r 0 4.2235889984
-116733889 -865747995
#r 0 6.1444820943
-778756986 -564076853
#r 0 1.0760310035
-778756986 -563076853
#r 0 2.1462095798
-778462451 -563530938
#r 0 1.9878187391
-737950047 -439455128
#r 0 4.6343212631
-737950047 -438455128
#r 0 4.5846417345
-737749968 -436897449
#r 0 4.6015842610
-609784449 -471338019
#r 0 5.4707377650
-609784449 -470338019
#r 0 3.1766952337
-610701263 -470370215
#r 0 0.8316435938
-23189346 649857189
#r 0 2.8306404239
-23189346 648857189
#r 0 5.8724743873
-31953671 652673848
#r 0 0.1412117286
919027675 186956176
#r 0 3.8767462013
919027675 185956176
#r 0 4.1999610993
920172657 187991516
#r 0 4.3636768432
-462062882 -817316296
#r 0 2.3201709496
-462062882 -816316296
#r 0 1.0754824440
-462404666 -816948956
#r 0 2.3903325697
-122964257 -333624352
#r 0 4.2390892516
-122964257 -332624352
#r 0 5.0360227954
-122761579 -333228592
#r 0 4.2481776740
-340634393 559951828
#r 0 3.4860255379
-340634393 558951828
#r 0 1.8049514860
-340854122 559873004
#r 0 0.0482841335
-909594700 -252680642
#r 0 3.9017700514
-909594700 -251680642
#r 0 3.8465948466
-899586046 -243164523
#r 0 3.8482484573
43912064 302995607
#r 0 1.0532724544
43912064 301995607
#r 0 1.0691560596
58890271 329306462
#r 0 1.0732316959
117420708 890129395
#r 0 4.6039175063
117420708 889129395
#r 0 4.0634003061
117293556 888961784
#r 0 4.9824699541
-468178342 -347725758
#r 0 3.7375405488
-468178342 -346725758
#r 0 2.3216654217
-467606836 -347338160
#r 0 3.7061649215
71200613 -222501511
#r 0 3.4148332667
71200613 -221501511
#r 0 5.2017878231
71664053 -222371632
#r 0 1.9208347481
-243623499 -789879633
#r 0 5.0643850084
-243623499 -788879633
#r 0 6.2419012903
-243996450 -788864227
#r 0 2.5262733617
-769324329 107708350
#r 0 5.8452540929
-769324329 106708350
#r 0 0.0750315099
-767484160 106846680
#r 0 0.0273105432
635566251 196520845
#r 0 3.9714984133
635566251 195520845
#r 0 2.2841411312
635121572 196034710
#r 0 3.9473469931
195202581 -473800941
#r 0 2.2349520624
195202581 -472800941
#r 0 2.6528841022
193861665 -472087935
#r 0 5.4287601721
308865562 -904406367
#r 0 2.4937231543
308865562 -903406367
#r 0 2.8054673695
306411362 -902548911
#r 0 0.7169818790
710295145 -265660052
#r 0 1.4995775848
710295145 -264660052
#r 0 1.4545619171
710478531 -263089437
#r 0 1.5404317255
-659887626 -690524746
#r 0 0.6466792127
-659887626 -689524746
#r 0 5.7968171140
-659108634 -689936624
#r 0 6.0871306484
582191960 -738122481
#r 0 3.9619830791
582191960 -737122481
#r 0 2.5665469719
582773131 -737499144
#r 0 3.9040472936
619956929 619639294
#r 0 3.4727577090
619956929 618639294
#r 0 3.2291464924
616051425 618296476
#r 0 2.4359053872
279378978 182926265
#r 0 1.3506155120
279378978 181926265
#r 0 2.1089565732
279216200 182198957
#r 0 2.3938820289
-31041134 -356688329
#r 0 2.1827560977
-31041134 -355688329
#r 0 0.0483674032
-31719914 -355721185
#r 0 2.4579013987
531322273 778893238
#r 0 4.2279012924
531322273 777893238
#r 0 3.9101497178
530250556 776857025
#r 0 4.2282984249
-409016762 -551302065
#r 0 4.8854147284
-409016762 -550302065
#r 0 1.4410671125
-409091463 -550874651
#r 0 4.8999286277
-242530425 -410578653
#r 0 6.0583662730
-242530425 -409578653
#r 0 2.5195445773
-240482590 -411046962
#r 0 2.4999866386
280793211 -921368331
#r 0 0.5354345296
280793211 -920368331
#r 0 1.4497045972
280662056 -921446138
#r 0 0.7852558644
730390034 137322819
#r 0 2.3316821689
730390034 136322819
#r 0 2.4663267137
734399569 133111738
#r 0 2.8346895790
336241334 349827929
#r 0 3.7735506452
336241334 348827929
#r 0 3.7305993765
320616301 338388562
#r 0 1.9173053358
182629508 -60733374
#r 0 1.6812286047
182629508 -59733374
#r 0 5.9484095889
182514176 -59693253
#r 0 4.3104620356
-14583895 -391538609
#r 0 4.5113187962
-14583895 -390538609
#r 0 5.9375977923
-14394005 -390606976
#r 0 3.3226679200
-529968658 -541423045
#r 0 5.3455462432
-529968658 -540423045
#r 0 0.7028850342
-530421208 -540806460
#r 0 5.3846188224
-295721070 -115687762
#r 0 2.8439227668
-295721070 -114687762
#r 0 2.8667282191
-336071731 -103308784
#r 0 0.6182768196
-860392259 105310463
#r 0 0.4837314233
-860392259 104310463
#r 0 0.0330251515
-862423435 104243359
#r 0 1.6541797422
134282577 690186611
#r 0 3.8798677213
134282577 689186611
#r 0 3.3851058843
132770834 688811028
#r 0 3.8178799783
120775521 105317247
#r 0 2.4007966474
120775521 104317247
#r 0 4.7162555114
120771641 105320796
#r 0 4.1068337630
705482076 -427802156
#r 0 3.3486735070
705482076 -426802156
#r 0 1.9976910841
705897267 -427714928
#r 0 2.7246786314
67711290 -820628312
#r 0 2.0742920551
67711290 -819628312
#r 0 1.3991240129
67579418 -820388914
#r 0 4.7879099856
433987350 508403551
#r 0 3.2719446697
433987350 507403551
#r 0 2.9286481220
431108145 508026101
#r 0 2.9496696899
-118050258 19266698
#r 0 1.3006683635
-118050258 18266698
#r 0 3.8387000234
-118410734 17964851
#r 0 5.7537690307
-797637337 -148047045
#r 0 4.4892717080
-797637337 -147047045
#r 0 3.9328287832
-797342837 -146749086
#r 0 6.0017842676
-297627869 -312378482
#r 0 5.0569157511
-297627869 -311378482
#r 0 4.4604220470
-297777767 -311960750
#r 0 3.5012678625
526708312 738674488
#r 0 3.2970627702
526708312 737674488
#r 0 3.2747468318
482826001 731796595
#r 0 2.4324531206
902408713 326691638
#r 0 2.8531550067
902408713 325691638
#r 0 3.6983429541
903496682 326368824
#r 0 2.6813807295
194389026 724215994
#r 0 4.9298647706
194389026 723215994
#r 0 5.3757181922
194697114 722821744
#r 0 4.2999502756
479784988 -770379991
#r 0 5.4561730099
479784988 -769379991
#r 0 5.4464220533
526299477 -820936332
#r 0 2.3620873434
-131810955 348029062
#r 0 1.7391833233
-131810955 347029062
#r 0 1.7354146384
-139098485 390897703
#r 0 0.2057708027
586522933 -217901995
#r 0 6.2379951880
586522933 -216901995
#r 0 2.1741683164
587234196 -217934159
#r 0 6.2707244235
-187748036 23994930
#r 0 4.7150314000
-187748036 22994930
#r 0 1.4988939078
-187745487 23030319
#r 0 5.8354365766
352205545 -810872443
#r 0 1.9228496306
352205545 -809872443
#r 0 3.1225455048
351835599 -809865396
#r 0 2.4315566995
-281264150 625950435
#r 0 5.7818933220
-281264150 624950435
#r 0 4.9371369831
-281525501 626093650
#r 0 5.7956077186
805993669 -555805939
#r 0 2.1079547497
805993669 -554805939
#r 0 1.9945438757
807852846 -558927596
#r 0 3.8329734930
109176579 830254230
#r 0 3.9156774382
109176579 829254230
#r 0 4.4575022374
109526186 830596015
#r 0 0.0679220184
454603456 -115132683
#r 0 2.1180265401
454603456 -114132683
#r 0 4.0725888540
454268435 -114582838
#r 0 1.5596056481
-841858840 456991149
#r 0 4.2788169970
-841858840 455991149
#r 0 4.2867775694
-820069209 504057925
#r 0 4.2645275236
-394302774 -111391377
#r 0 0.1742163076
-394302774 -110391377
#r 0 5.1810660357
-393837896 -111309558
#r 0 0.1534813342
-44928054 515757560
#r 0 0.8816319002
-44928054 514757560
#r 0 2.4477643613
-45416936 515164208
#r 0 4.3716102839
-121117037 -740886462
#r 0 0.5804991320
-121117037 -739886462
#r 0 2.8191626993
-120106906 -740223935
#r 0 3.2441956982
-104972969 -794518837
#r 0 0.9517300580
-104972969 -793518837
#r 0 4.3105869417
-106025732 -795996398
#r 0 1.7561424330
-228728329 -70115130
#r 0 3.4162891233
-228728329 -69115130
#r 0 5.7726566214
-227540503 -69780376
#r 0 3.4850724979
211817052 -353830981
#r 0 0.4049170916
211817052 -352830981
#r 0 0.4359994199
185008163 -365321308
#r 0 1.0469925552
714039536 -444378998
#r 0 1.9616049648
714039536 -443378998
#r 0 3.1691831249
713632167 -443390240
#r 0 4.1766850919
210279624 -719446913
#r 0 1.2542384867
210279624 -718446913
#r 0 1.3472533847
209536627 -721715097
#r 0 2.9728608376
-252990652 907596128
#r 0 2.9507812731
-252990652 906596128
#r 0 4.1353353263
-252412397 907484431
#r 0 3.8020386370
-111775591 385835601
#r 0 5.6444738074
-111775591 384835601
#r 0 2.7742584394
-108980292 383759971
#r 0 5.4332496343
-751715650 246572132
#r 0 5.4582639385
-751715650 245572132
#r 0 4.8443855685
-751870699 246739949
#r 0 4.8937245432
734240015 -107718197
#r 0 4.5744494026
734240015 -106718197
#r 0 3.5178970396
734386893 -106660161
#r 0 2.9607518075
451097033 876365304
#r 0 3.3811760131
451097033 875365304
#r 0 3.3521116130
418406735 868379876
#r 0 3.3259796164
-213751703 -188883800
#r 0 2.4731311271
-213751703 -187883800
#r 0 2.4870613487
-258446555 -153585902
#r 0 2.5770033924
-871609781 -439190600
#r 0 1.0818773383
-871609781 -438190600
#r 0 5.9578262931
-871158730 -438342761
#r 0 5.8313382382
873731973 -187795839
#r 0 3.3306744615
873731973 -186795839
#r 0 3.2781310552
892259209 -184250322
#r 0 3.5230656888
476321941 -514170025
#r 0 1.8979895442
476321941 -513170025
#r 0 4.8194822038
476479285 -514633632
#r 0 3.2817360426
648529161 -258031637
#r 0 2.2010773763
648529161 -257031637
#r 0 2.2644521851
642579341 -249876119
#r 0 2.2516126780
-947200162 54478327
#r 0 5.7343096303
-947200162 53478327
#r 0 4.9480488052
-947481614 54650452
#r 0 0.5221449879
-72923073 965837855
#r 0 5.1142272597
-72923073 964837855
#r 0 4.4740305742
-72768484 965474083
#r 0 5.0759142973
533900477 -572149686
#r 0 2.1079166379
533900477 -571149686
#r 0 2.9983521695
533248999 -571055724
#r 0 5.6995913243
-787439174 -505763987
#r 0 0.5846616067
-787439174 -504763987
#r 0 0.5583708227
-760535172 -487957533
#r 0 0.5538463372
-244124713 -774407860
#r 0 2.1433958496
-244124713 -773407860
#r 0 0.8818263446
-244486322 -773846915
#r 0 0.7609322834
912688030 366379819
#r 0 3.0170319706
912688030 365379819
#r 0 3.0521257183
65744808 676218049
#r 0 3.9132684494
65744808 675218049
#r 0 3.7668832698
61760723 672341833
#r 0 3.7878615782
-530446177 836542796
#r 0 4.5725280588
-530446177 835542796
#r 0 5.9019901169
-530579438 835596207
#r 0 6.0213389517
-415563059 -298865844
#r 0 3.8018719519
-415563059 -297865844
#r 0 0.9291671530
-417342439 -300247626
#r 0 5.8272816715
-886033412 -228132643
#r 0 0.1809123203
-886033412 -227132643
#r 0 1.2471480827
-886390782 -228198010
#r 0 3.8681825910
-277974413 -935647969
#r 0 2.5971412692
-277974413 -934647969
#r 0 1.3789364482
-278148220 -935542730
#r 0 5.9102216240
200104270 740576328
#r 0 0.6543138744
200104270 739576328
#r 0 5.1628056434
199751535 740305768
#r 0 0.6882475217
-138670661 -326693416
#r 0 1.0934446888
-138670661 -325693416
#r 0 3.3303207105
-138096708 -325583790
#r 0 4.4407870504
-420259027 -893966584
#r 0 1.3668172391
-420259027 -892966584
#r 0 1.7361364568
-420166667 -893520090
#r 0 1.4235116277
-798050443 -196980374
#r 0 6.1883354987
-798050443 -195980374
#r 0 3.6931531863
-799458121 -196846454
#r 0 3.6723447485
-402542994 -134498653
#r 0 0.4364999591
-402542994 -133498653
#r 0 0.3490372675
-392793926 -129950598
#r 0 0.4281118204
508744237 816338581
#r 0 5.1136872354
508744237 815338581
#r 0 4.0260034580
509023779 815679787
#r 0 4.8214346213
-397593185 913590386
#r 0 0.1219875062
-397593185 912590386
#r 0 4.6326858302
-397512523 913600275
#r 0 4.6145926219
-443314379 -868631678
#r 0 1.6551725666
-443314379 -867631678
#r 0 1.3234580025
-443377735 -867882585
#r 0 1.2746960158
-533147680 613971414
#r 0 3.4352711148
-533147680 612971414
#r 0 1.5948745913
-533171589 613964183
#r 0 4.0296844573
-770932227 -336799630
#r 0 3.8163165724
-770932227 -335799630
#r 0 3.8260961361
-832794167 -386287455
#r 0 3.8454910505
-313801222 -169811900
#r 0 1.8430760253
-313801222 -168811900
#r 0 0.1434732732
-314069610 -168850673
#r 0 5.9510759972
396351162 236536477
#r 0 5.6167791927
396351162 235536477
#r 0 2.3596004776
391515338 240339471
#r 0 3.7603528136
653214263 -656222690
#r 0 3.9593072049
653214263 -655222690
#r 0 2.4433381863
653738888 -655663012
#r 0 2.5083827036
-126037657 252119065
#r 0 6.0076324230
-126037657 251119065
#r 0 5.0719188043
-126458218 252237977
#r 0 5.5968568091
795662488 -210263076
#r 0 3.6889015650
795662488 -209263076
#r 0 3.5880040026
803309387 -205602990
#r 0 3.5682032446
-552602322 134431660
#r 0 1.7984670850
-552602322 133431660
#r 0 0.5843735889
-552401422 133564543
#r 0 0.9042628879
-25074801 475442830
#r 0 1.2680332283
-25074801 474442830
#r 0 2.6405196460
-25341534 474588919
#r 0 1.1681415225
-581753711 58339560
#r 0 5.3132650965
-581753711 57339560
#r 0 5.6997324811
-580501891 56513215
#r 0 5.2965872315
-123676106 -141587957
#r 0 4.2162910806
-123676106 -140587957
#r 0 0.6511883785
-122754876 -139885905
#r 0 0.5933959798
-770394741 -202777594
#r 0 6.2822487389
-770394741 -201777594
#r 0 0.0135769160
-839292222 -202713067
#r 0 0.6580753077
226219170 40973701
#r 0 1.2756851248
226219170 39973701
#r 0 5.7255187247
225963632 40133081
#r 0 4.5590656324
-730767039 -317649186
#r 0 6.1173996842
-730767039 -316649186
#r 0 5.3883820539
-729840663 -317804189
#r 0 3.0197119151
313987082 -595303530
#r 0 2.4236076610
313987082 -594303530
#r 0 2.4039661125
342365930 -620092713
#r 0 2.5186880756
422385780 609464897
#r 0 1.9091292793
422385780 608464897
#r 0 3.6208204763
422683253 608619473
#r 0 2.9508369061
-283682688 -708434606
#r 0 2.8686530841
-283682688 -707434606
#r 0 2.7773766105
-273810869 -711197979
#r 0 5.0076865268
-165174039 -771223105
#r 0 2.7759015434
-165174039 -770223105
#r 0 6.0732939578
-171060359 -768969149
#r 0 3.2382487205
-595802012 -385074130
#r 0 5.3246941228
-595802012 -384074130
#r 0 5.3526818954
-608072411 -367603779
#r 0 1.5008689137
277214466 -802769623
#r 0 6.2440990010
277214466 -801769623
#r 0 3.6253684873
275443068 -802700350
#r 0 6.2610287923
-49223034 10182434
#r 0 5.3805763059
-49223034 9182434
#r 0 5.3781192675
-204965024 207497038
#r 0 5.3918924999
606551053 -19018638
#r 0 4.7283795823
606551053 -18018638
#r 0 3.2545409147
606535090 -18020449
#r 0 4.7465956449
-355498144 909755308
#r 0 0.7161313089
-355498144 908755308
#r 0 0.6865157717
-375202161 892607960
#r 0 4.3358746895
47076853 -733059593
#r 0 4.8961555963
47076853 -732059593
#r 0 4.8813050782
49145554 -744189805
#r 0 4.8945124026
-374230082 240356462
#r 0 2.3598980719
-374230082 239356462
#r 0 0.5259586354
-373594403 239725474
#r 0 3.5048717245
57914385 673072022
#r 0 4.9308488518
57914385 672072022
#r 0 5.0749464975
58449663 670660892
#r 1 58682423 669809495
-434227853 -134865342
#r 0 1.5192067733
-434227853 -133865342
#r 0 0.3518519680
-434175220 -133846019
#r 0 4.0027006188
-803935016 3201268
#r 0 0.9102455496
-803935016 2201268
#r 0 0.9804727082
-799067922 9465323
#r 0 5.6637126945
612533705 664406426
#r 0 3.6507442635
612533705 663406426
#r 0 3.9501122794
614578274 665547797
#r 0 3.5818204334
-128789750 -864403732
#r 0 4.2425539552
-128789750 -863403732
#r 0 1.0936749865
-100255368 -808206958
#r 0 0.7034481856
49745228 181238661
#r 0 5.8385595512
49745228 180238661
#r 0 4.1875766954
50199020 181022454
#r 0 5.6755291204
582907428 511612935
#r 0 3.2792098440
582907428 510612935
#r 0 3.2420946854
556347562 507934591
#r 0 4.3447492800
616180789 -199370439
#r 0 4.6182328942
616180789 -198370439
#r 0 4.6095475823
617292082 -187602667
#r 0 4.6120563563
144982153 -279834439
#r 0 5.0980029494
144982153 -278834439
#r 0 1.7304698132
145249102 -280492052
#r 0 2.1764473706
-152837913 140842892
#r 0 0.8201986068
-152837913 139842892
#r 0 5.3670199239
-153258964 140391466
#r 0 5.2182297690
549838263 -730153584
#r 0 2.7481326519
549838263 -729153584
#r 0 3.2855593341
548052788 -729412424
#r 0 1.0179187806
-591139324 -247371007
#r 0 1.7712745192
-591139324 -246371007
#r 0 1.8088824716
-592388432 -241224060
#r 0 1.7531713543
-753947354 98952221
#r 0 0.3425352424
-753947354 97952221
#r 0 0.3642953242
-713498835 113375836
#r 0 3.4480091155
-98352464 -743450637
#r 0 1.7755845136
-98352464 -742450637
#r 0 5.9302108703
-98577373 -742367780
#r 0 4.3938460294
611104978 -524723090
#r 0 4.6620182142
611104978 -523723090
#r 0 3.3142950344
611155839 -523714218
#r 0 2.4091484084
-276948858 -364114257
#r 0 5.0200454789
-276948858 -363114257
#r 0 5.0431904563
-281198895 -350738654
#r 0 5.0118193080
-558362802 302376104
#r 0 5.2435488371
-558362802 301376104
#r 0 0.4508643640
-557905412 301597536
#r 0 1.9254261876
-267275647 10250653
#r 0 2.2242771656
-267275647 9250653
#r 0 2.2014841024
-283005942 30794025
#r 0 0.8901471178
