701687785 -541700890
#r 0 1.2700028038
716501695 -493945806
#r 0 4.2851077018
706141744 -516698199
#r 0 3.5028399318
694263172 -521186250
#r 0 4.3269582851
690162058 -531294400
#r 0 4.2937897379
687006018 -538388323
#r 0 0.2585214606
694281354 -536464440
#r 0 3.5399082625
690813209 -537923867
#r 0 3.4231179049
688970996 -538456647
#r 0 4.2724733461
688552338 -539346127
#r 0 4.3773200021
688253275 -540205013
#r 0 1.1282179040
688448023 -539794095
#r 0 4.3350556381
688364252 -540005465
#r 0 4.2149217228
688309772 -540105793
#r 0 4.3447297818
688289253 -540159066
#r 0 4.3035231203
688277653 -540185839
#r 0 4.3055996074
688271517 -540200081
#r 0 1.7299805558
688270288 -540192426
#r 0 4.1873335427
688268345 -540195780
#r 0 1.4236379247
688268629 -540193863
#r 0 4.2946602821
688268236 -540194748
#r 0 4.4526750124
-499127383 633119407
#r 0 0.9368205779
-469509753 673403349
#r 0 3.6500875448
-491346709 661231772
#r 0 3.4355164086
-505305854 657006465
#r 0 3.6078275427
-516325717 651460848
#r 0 0.1099600236
-510194680 652137747
#r 0 3.4095382348
-513168773 651321217
#r 0 2.9667030158
-514724686 651596139
#r 1 -514829973 651632835
-483608482 -622730427
#r 0 6.2280976797
-433684329 -625483415
#r 0 6.2484453931
-383714498 -627220061
#r 0 0.4769535238
-339294618 -604266320
#r 0 0.0144031762
-289299804 -603546186
#r 0 1.5348877784
-287504762 -553578418
#r 0 4.8773211506
-283400126 -578239155
#r 0 4.1636401568
-290177435 -589324328
#r 0 0.9616830957
-286460581 -583996267
#r 0 1.0081065394
-284721485 -581238873
#r 1 -284899479 -580663003
-400050622 -282770132
#r 0 5.4652214652
-365865196 -319257892
#r 0 4.8873374344
-357162327 -368494668
#r 0 1.8767977741
-364693533 -344656024
#r 0 5.5872251485
-355100552 -352670056
#r 0 5.3116225757
-350600217 -359259008
#r 0 5.4770083141
-346678707 -363346970
#r 0 5.4920949490
-342573037 -367499649
#r 0 5.3974777918
-337946688 -373161473
#r 0 5.6086438413
-330224920 -379336361
#r 0 0.8096082243
-320210206 -368824603
#r 0 1.5706162289
-320206878 -350347807
#r 0 4.4263161386
-322813832 -359210752
#r 0 5.2590744627
-320224892 -363465001
#r 0 5.0840142663
-319251772 -365961884
#r 0 5.3145512900
-318396781 -367205840
#r 0 3.7173913808
-319416216 -367867637
#r 0 0.1710281254
-318817377 -367764208
#r 0 2.2999695457
-319050250 -367503558
#r 0 2.3619008157
-319305578 -367251127
#r 0 5.2310617521
-319216584 -367407038
#r 0 5.3809053958
301295572 728310821
#r 0 3.8152953519
262219723 697116622
#r 0 3.9628305561
228153943 660517132
#r 0 0.7528401084
246397693 677609984
#r 0 1.9312122111
241968833 689361434
#r 0 5.1561234809
244664572 683690382
#r 1 244669605 684176983
538670319 187274473
#r 0 3.7892452071
498795207 157108674
#r 0 6.1568354659
548396631 150807978
#r 0 4.0296089965
516849019 112016894
#r 0 3.6212250794
472490789 88944239
#r 0 0.0377430076
497472983 89887590
#r 0 1.5326490301
498033864 104583495
#r 0 4.9109177337
499484135 97374628
#r 0 5.5080713596
502253082 94662056
#r 0 1.3118767297
503117985 97927505
#r 0 4.5454177275
502837275 96261971
#r 0 6.1768054327
503684078 96171547
#r 0 0.1492570414
504712504 96326197
#r 0 4.1519991115
503923326 95068529
#r 0 5.3575782858
504440184 94381804
#r 0 0.0671559424
505540191 94455787
#r 0 5.4453019607
506641953 93231848
#r 0 0.1761278286
508914259 93636255
#r 0 1.0905897841
510471002 96624972
#r 0 1.3063647636
511575133 100702680
#r 0 6.2323328002
517122000 100420364
#r 0 1.6946148795
-356518068 -65592954
#r 0 3.2672839288
-406123630 -71860983
#r 0 3.0106108287
-455695337 -65330602
#r 0 3.6171583430
-500147030 -88222674
#r 0 3.8916523408
-536729439 -122306796
#r 0 3.4876343998
-583765570 -139265639
#r 0 3.5936193641
-628743755 -161105118
#r 0 0.8954425984
-613114420 -141592972
#r 0 4.3197025920
-617897816 -153141526
#r 0 0.9614308640
-614320646 -148016456
#r 0 4.1136793314
-616081824 -150597904
#r 1 -615749546 -150498533
-276446552 932869643
#r 0 5.4288471899
-243610662 895162822
#r 0 6.1023794933
-194425707 886171706
#r 0 4.5961126494
-200226432 836509330
#r 0 5.2080836280
-176444292 792527404
#r 0 2.1449021394
-190021396 813519360
#r 0 2.2110830016
-197534964 823604828
#r 0 1.7019278927
-198396790 830139336
#r 0 0.8167937154
-196128306 832554927
#r 0 4.1367270119
-197030299 831165077
#r 1 -197439794 831106315
-550539604 -271667289
#r 0 5.7928910095
-506429888 -295211566
#r 0 5.7679927609
-462919994 -319846687
#r 0 0.4708016563
-418359747 -297166643
#r 0 0.4191717162
-372688429 -276816442
#r 0 5.5036473737
-337126508 -311963985
#r 0 0.9458793637
-307875011 -271413400
#r 0 3.0749469570
-357764011 -268083581
#r 0 1.8947721648
-373680915 -220684718
#r 0 5.1551026975
-362971087 -243274529
#r 0 5.1728676877
-357338696 -254629124
#r 0 5.2287529433
-354015660 -260482179
#r 0 5.0859963559
-352469010 -264427522
#r 0 2.8646156635
-355563677 -263547757
#r 0 5.1645007215
-354462481 -265815168
#r 0 5.0525006198
-353794342 -267703299
#r 0 2.5426098274
-354621433 -267138690
#r 0 5.1074237308
-354428738 -267600842
#r 0 0.4943627794
-354145900 -267448391
#r 0 5.2905111248
-354027253 -267630229
#r 0 2.8576183014
-354131466 -267599813
#r 0 5.2449673694
-618319202 -169265767
#r 0 4.4976800135
-628972356 -218117689
#r 0 1.0887572362
-617382685 -195966403
#r 0 4.2362143412
-623112469 -207075838
#r 0 4.3370595980
-625403666 -212890955
#r 0 1.0521722825
-623854596 -210176794
#r 0 1.4614273116
-623680581 -208592058
#r 1 -623751048 -208655156
755102565 -188650360
#r 0 5.1305821020
775408062 -234341571
#r 0 1.9195629480
766864589 -210846699
#r 0 5.2001331633
772722517 -221889101
#r 1 772168813 -222494939
380790345 -501424583
#r 0 3.2153131437
330926151 -505107270
#r 0 4.6275591723
326689746 -554927475
#r 0 3.0967796531
276739943 -552687575
#r 0 4.9715599630
289553908 -601017714
#r 0 2.5309453815
269071982 -586682767
#r 0 2.4365890243
255801225 -575390970
#r 0 3.4396357300
241039611 -579925640
#r 0 2.3240609279
225681693 -563547581
#r 0 2.4419017363
205713953 -546739533
#r 0 4.4417026809
196184794 -581079200
#r 0 1.4318650504
198652406 -563432237
#r 0 1.5986244301
198400248 -554373299
#r 0 1.5896361934
198300667 -549088297
#r 0 1.5438671515
198405361 -545201472
#r 0 1.6605665372
198070579 -541482171
#r 0 1.7357380831
197308969 -536906671
#r 1 196631359 -537188802
-579009961 358478730
#r 0 0.5377690062
-536067282 384089789
#r 0 3.3073915659
-560724452 379963780
#r 0 0.0428394395
-548235921 380499109
#r 0 0.2789268256
-542137422 382245675
#r 0 0.1091121651
-538984246 382591097
#r 1 -538971051 383450089
299350043 -849072587
#r 0 0.5092766702
343004913 -824695295
#r 0 1.6562853394
338735667 -774877893
#r 0 1.6687349106
333846563 -725117501
#r 0 4.4970255934
328504002 -749539970
#r 0 1.2140851280
332868931 -737826842
#r 0 2.1647136012
329302277 -732544820
#r 0 5.3760587197
331265335 -735055118
#r 1 331734459 -735783921
547958642 -796389549
#r 0 0.6863381863
586637228 -764704111
#r 0 1.0301915967
612369957 -721834230
#r 0 1.1011761962
634997336 -677247217
#r 0 1.1674999852
654619954 -631258600
#r 0 1.3351203391
666294971 -582640764
#r 0 4.7093090484
666217973 -607640644
#r 0 1.4884849791
667245703 -595182966
#r 0 3.4823451768
661318212 -597284758
#r 0 0.3361553984
664286757 -596247498
#r 1 664821743 -596276236
120566706 -818818612
#r 0 4.6783211936
118863646 -868789599
#r 0 4.9770728006
131943852 -917048362
#r 0 1.8129095421
125949984 -892777526
#r 0 1.7986067139
123125483 -880594284
#r 0 1.9293004523
120923671 -874718021
#r 0 5.1958065214
122382058 -877496099
#r 0 2.1482162679
121525703 -876181638
#r 1 121445951 -876034798
137093106 -178832048
#r 0 0.2449851941
185600152 -166704950
#r 0 2.0687340832
161719415 -122776481
#r 0 0.0634625188
211618762 -119605485
#r 0 0.1259277555
261222841 -113325725
#r 0 6.1252758044
310600750 -121188428
#r 0 5.9532752419
357904324 -137386325
#r 0 2.7621665781
334682391 -128126640
#r 0 2.9244983891
322445912 -125427636
#r 0 2.5948235544
317072559 -122157045
#r 0 5.6862400397
319673836 -123925033
#r 1 319346199 -123817670
-671832205 450572368
#r 0 5.0850598795
-653626990 404004459
#r 0 5.0196747420
-638503357 356346556
#r 0 4.3907286631
-654310465 308910965
#r 0 5.3083929875
-626243468 267531699
#r 0 5.4789661668
-591559773 231517239
#r 0 2.4514508168
-610838666 247433403
#r 0 2.0331855345
-616486783 258765266
#r 0 5.0166823256
-614589977 252725381
#r 1 -614158309 252327829
-468532303 -84888903
#r 0 5.0290508236
-452962497 -132402913
#r 0 3.3564529300
-501812807 -143063459
#r 0 1.7315216992
-509814521 -93707886
#r 0 3.6377189594
-553786177 -117509009
#r 0 0.5519845133
-532499039 -104399558
#r 0 1.7815971213
-535122723 -92138193
#r 0 2.6674486315
-546402505 -86349519
#r 0 6.2455827857
-540067779 -86587833
#r 0 4.2931880446
-541580654 -89982863
#r 0 3.2063331539
-544977576 -90203089
#r 0 1.4697683483
-544471124 -85207172
#r 0 0.5643169257
-539554543 -82095076
#r 0 4.3505744135
-540584381 -84816088
#r 0 3.1618744516
-542537163 -84855699
#r 0 3.6023727523
-543417480 -85292707
#r 0 3.3219987400
-543937457 -85387545
#r 0 1.5695351084
-543937102 -85105883
#r 0 2.6131837778
-544171806 -84968867
#r 0 0.4428258689
-543998960 -84886897
#r 0 2.6979814136
-544256617 -84764458
#r 0 1.5431775451
242220329 -192797614
#r 0 0.9633943887
270757131 -151740934
#r 0 1.8419076136
257367016 -103567240
#r 0 4.2972742148
247284643 -126443990
#r 0 4.3858694147
241750238 -142786989
#r 0 4.6429944552
240697764 -157929166
#r 0 3.1188673002
225356860 -157580479
#r 0 4.3460770487
217159270 -178949165
#r 0 5.0312726976
226581463 -207488206
#r 0 2.0159525532
220110812 -193925599
#r 0 3.5816916474
213205840 -197177160
#r 0 1.8567936404
210574870 -188230075
#r 0 3.0307958827
204920082 -187600966
#r 0 4.5776977198
203913730 -195027277
#r 0 5.0068372588
206936500 -204994742
#r 0 2.6626590656
194520585 -198547702
#r 0 3.1105346889
179556060 -198082785
#r 0 0.4780099232
186202857 -194639186
#r 0 4.0225523601
183820811 -197526300
#r 0 2.9983451417
181692385 -197219306
#r 0 3.6509428664
180686518 -197781089
#r 0 3.0550685757
474168597 127670696
#r 0 2.9263376892
425322499 138350522
#r 0 6.1869563473
450206837 135948509
#r 0 1.5275483243
450754863 148612304
#r 0 2.4434506577
438723229 158708255
#r 0 2.2294162573
424305813 177337912
#r 0 2.3396482503
399838365 202628747
#r 0 0.7824983103
437268838 239842761
#r 0 0.8543964684
476040635 284371277
#r 0 0.7515938311
533287561 337872992
#r 0 0.8152412322
608150692 417343274
#r 0 1.9495572378
549143370 565611568
#r 0 0.3796303159
755482381 647937558
#r 0 3.4540962278
649784166 613787502
#r 0 0.2329574818
703822978 626609029
#r 0 3.3753809408
676808907 620175820
#r 0 0.4695858867
689190721 626458910
#r 0 3.6342998086
683074099 623175076
#r 0 3.6972457477
680123552 621343051
#r 0 3.2786764009
678382958 621102938
#r 1 678419882 621036037
595496296 -707793242
#r 0 2.7231966589
549809205 -687478476
#r 0 3.4956931928
502911267 -704815818
#r 0 3.4542401094
455335137 -720194759
#r 0 3.4395295652
407537930 -734872191
#r 0 3.3430145475
358548775 -744875325
#r 0 0.5721076996
379567817 -731340192
#r 0 3.6860121010
368874966 -737814211
#r 0 3.5316902386
363090087 -740192774
#r 0 6.2611376490
366216721 -740261720
#r 0 3.1091334621
364653848 -740210973
#r 1 365038702 -740086740
677928845 -196320030
#r 0 1.6710541698
672924347 -146571110
#r 0 0.0009014483
722924327 -146526038
#r 0 3.1306950712
697925811 -146253604
#r 0 5.1078599461
702742017 -157790400
#r 0 1.7452614008
701656983 -151634422
#r 0 1.3170309099
702478908 -148465329
#r 0 1.6962560025
702162211 -145954292
#r 0 0.4001505792
704117941 -145127075
#r 0 6.2718124030
707264622 -145162863
#r 0 5.2083782261
709501906 -149297513
#r 0 3.6955150691
704412026 -152445680
#r 0 1.6447583261
704080708 -147974280
#r 0 6.2303472896
707271693 -148143042
#r 0 5.1419153652
709257064 -152477459
#r 0 3.8565012004
704375747 -156714929
#r 0 6.1847986390
710490966 -157318534
#r 0 2.1984708535
705574792 -150542829
#r 0 0.4520895395
709519039 -148627365
#r 0 1.3863747783
710604063 -142810825
#r 0 1.4771646318
711218202 -136270907
#r 0 1.5049569997
134234208 -184258840
#r 0 4.4896772749
123190450 -233023944
#r 0 4.5151305024
113391364 -282054322
#r 0 2.7842239674
66550338 -264563803
#r 0 4.7316864531
67515152 -314554493
#r 0 4.5480438966
59334838 -363880779
#r 0 4.8338096528
65390965 -413512657
#r 0 3.8326144289
26861204 -445378901
#r 0 4.8703890902
34728381 -494756097
#r 0 4.4119218523
19930059 -542516014
#r 0 4.2540363472
-2193510 -587355145
#r 0 5.3771838264
28651374 -626707313
#r 0 2.8541012928
4677420 -619618627
#r 0 5.6525822245
14773320 -626989026
#r 0 5.5881741887
20103914 -631433652
#r 0 1.9218107606
18910674 -628175023
#r 0 3.3631778279
16811298 -628647980
#r 0 5.5428787694
17781311 -629534234
#r 0 5.5231410666
19209292 -630891581
#r 0 5.5305197274
21365428 -632910992
#r 0 3.1323527617
16934885 -632870053
#r 0 5.7104001460
-222667336 -46611794
#r 0 0.8626680524
-190146677 -8632764
#r 0 2.6616532313
-234497822 14453508
#r 0 3.4807865644
-281648981 -2182844
#r 0 5.6808846720
-240447261 -30509833
#r 0 5.7108013721
-198416654 -57591711
#r 0 1.0620757749
-174063643 -13923291
#r 0 4.4240656703
-181172272 -37891341
#r 0 5.4392848841
-172472756 -47673300
#r 0 5.2089992705
-165856041 -59883306
#r 0 0.9191562992
-155957755 -46906976
#r 0 5.2387423756
-144959908 -65835202
#r 0 5.2352496319
-131455044 -89266236
#r 0 0.9119894421
-108781599 -59979754
#r 0 4.6673186776
-109615964 -78479743
#r 0 4.9614741675
-106613674 -90282696
#r 0 4.8354047541
-105088309 -102619834
#r 0 4.8366837912
-103256242 -117283542
#r 0 5.0168913095
-97297201 -136244694
#r 0 4.8173426638
-94254737 -165126813
#r 0 0.8013284817
-64862380 -134782756
#r 0 3.9039798870
219528894 970092025
#r 0 5.6472854394
259755773 940396938
#r 0 3.3735211244
211094526 928904199
#r 0 3.3703619893
162397215 917565244
#r 0 3.7148067133
120389104 890448485
#r 0 3.4585450525
72879620 874864874
#r 0 5.3099707255
101011868 833529942
#r 0 2.2388533207
85525322 853155610
#r 0 2.2446408777
77686758 862971840
#r 0 1.9379384555
75384489 868958305
#r 0 1.4997716264
75612136 872158095
#r 1 75309853 871623090
-384209398 -106897359
#r 0 2.8454685589
-432033134 -92306599
#r 0 1.5647505594
-431730847 -42307513
#r 0 1.4836004879
-427376578 7502530
#r 0 3.6665692518
-470643362 -17557108
#r 0 4.4143710088
-485324668 -65353125
#r 0 1.8241277273
-491590428 -41151055
#r 0 2.9332717701
-507024764 -37888427
#r 0 3.8860631420
-522350357 -52008215
#r 0 3.7227198282
-548317058 -69062642
#r 0 1.2444602622
-543337504 -54349220
#r 0 3.2818687796
-553792444 -55825494
#r 0 2.6890338711
-568034684 -48900706
#r 0 2.8789513991
-590144507 -42956442
#r 0 1.4620672451
-586433524 -8960502
#r 0 1.3398125932
-577596685 28614087
#r 0 1.3862876295
-568631286 76652090
#r 0 3.9614364646
-585303283 58790076
#r 0 3.9410462111
-596158688 47625146
#r 0 3.3385176353
-609186958 45025867
#r 0 3.3821308122
-626474029 40785570
#r 0 3.4208464189
615373946 -411111791
#r 0 5.9389151788
662440048 -427987277
#r 0 0.6740508046
701505035 -396779477
#r 0 2.8422901752
653727916 -382036789
#r 0 5.7737992925
675554017 -394227821
#r 0 5.8743669661
687517645 -399410788
#r 0 3.4193094317
681248389 -401198052
#r 0 5.9083546867
684281599 -402391411
#r 0 1.3695390909
684721338 -400236033
#r 0 3.5093015365
683361016 -400760069
#r 0 2.3096645049
681889477 -399144797
#r 0 5.8755931017
682892508 -399577877
#r 0 2.8348576477
682371739 -399412933
#r 0 0.7573181154
682572227 -399223400
#r 0 3.4902030667
682442578 -399270522
#r 0 1.6775952529
682434101 -399191447
#r 0 5.9359847593
682542284 -399230594
#r 0 5.8063501588
682653191 -399287888
#r 0 1.6610945785
682639305 -399134526
#r 0 5.8445989420
682814100 -399216514
#r 0 0.7764130173
682986753 -399046936
#r 0 3.8124845794
326662212 790338362
#r 0 0.1163228448
376324318 796141397
#r 0 4.9208663388
386672841 747224037
#r 0 2.8629497629
338601361 760976594
#r 0 5.6541459051
358816188 746267387
#r 0 0.2507603325
372316846 749725607
#r 0 3.8074318167
366837009 745421174
#r 0 0.4204750120
370017657 746843377
#r 0 3.8085776095
368648932 745765700
#r 0 4.3991177044
368364738 744888390
#r 0 3.7256311959
367689850 744442319
#r 0 5.0859522753
367926742 743837955
#r 0 5.1441767357
368328917 742965155
#r 0 0.2053019215
369735564 743258069
#r 0 3.7307299829
369138263 742858889
#r 0 3.2299362118
368731709 742822879
#r 0 2.9010160598
368524270 742873770
#r 0 5.0695934529
368561975 742772742
#r 0 5.1917564643
368631670 742638663
#r 0 0.5435569849
368822212 742753803
#r 0 5.1118026972
368926560 742506592
#r 0 3.0279953169
340630368 -61653550
#r 0 3.1993180160
290713650 -64538215
#r 0 4.4438822508
277449052 -112746621
#r 0 1.0016238473
290922431 -91687941
#r 0 1.0922001641
297174295 -79637962
#r 0 0.4759367347
304473571 -75875498
#r 0 4.3424652404
301250604 -84186926
#r 0 4.3267394823
297057213 -94516025
#r 0 1.0762200642
299702928 -89610019
#r 0 0.9003299835
301455019 -87400611
#r 0 4.3096665175
300902444 -88697718
#r 0 2.1183062069
300510193 -88054351
#r 0 4.2615083850
300128328 -88843098
#r 0 1.0268924629
300355068 -88468166
#r 0 3.7264868306
300172406 -88589123
#r 0 3.8106442090
300071307 -88669063
#r 0 1.2201623077
300093442 -88608542
#r 0 1.0980045729
300111957 -88572344
#r 0 4.2902509646
300103628 -88590888
#r 0 1.1785584478
300107513 -88581496
#r 0 3.6665704389
300103116 -88584043
#r 0 1.1331790236
-936931568 -253662529
#r 0 0.2814428117
-888898783 -239775430
#r 0 0.2562552032
-840531487 -227102439
#r 0 6.2189772903
-790634518 -230310634
#r 0 0.4293791008
-745173298 -209495317
#r 0 3.5547848543
-768069390 -219533690
#r 0 3.6822298032
-778789459 -225968905
#r 1 -778633217 -225735008
-55698254 -527054964
#r 0 4.6001472573
-61298564 -576740339
#r 0 5.6788125192
-20155630 -605152643
#r 0 3.0945775774
-45128005 -603977699
#r 0 5.8879924800
-33591476 -608790026
#r 0 3.0385483577
-39808323 -608147138
#r 0 3.1087511988
-43185969 -608036171
#r 0 3.5482692943
-45252087 -608926019
#r 0 4.4840307019
-45812360 -611336705
#r 0 3.4048001535
-49380472 -612298165
#r 0 5.0792166663
-47704800 -616659418
#r 0 5.9137566437
-41670905 -618995778
#r 0 2.4360213063
-44133684 -616897842
#r 0 3.4619329947
-45832180 -617461347
#r 0 2.4499045301
-46616639 -616811676
#r 0 4.6602225512
-46645285 -617360309
#r 0 4.4349365074
-46819265 -617971198
#r 0 3.1161143627
-47610357 -617951038
#r 0 3.9420285195
-48061296 -618415747
#r 0 4.9861276254
-47819058 -619278456
#r 0 5.7977540927
-46659722 -619890045
#r 0 3.0430294489
-176767589 -188188183
#r 0 0.3931053926
-130581391 -169035244
#r 0 4.5280308338
-139747171 -218187950
#r 0 0.8559024598
-123358739 -199308880
#r 0 2.8364399492
-138201457 -194633556
#r 0 4.5475386899
-140392944 -207806715
#r 0 0.7246566514
-135393618 -203380609
#r 0 0.7595659411
-132062831 -200217608
#r 0 4.1826671067
-133223322 -202199511
#r 0 0.7669436659
-132396482 -201402639
#r 0 0.8141274299
-131973904 -200955055
#r 0 0.8240526774
-131721634 -200682487
#r 0 0.8173367260
-131524371 -200472203
#r 0 0.8304637557
-131323490 -200252349
#r 0 0.6349410518
-131025538 -200032845
#r 0 0.8413269439
-130674433 -199640094
#r 0 0.7195136788
-130108940 -199144605
#r 0 3.0174138474
-131214923 -199006555
#r 0 2.2679958403
-131689536 -198439861
#r 0 0.7686799937
-131036654 -197808452
#r 0 0.5964869842
-129953452 -197072966
#r 0 0.6887276195
133207554 429148051
#r 0 4.4311985182
119332576 381111763
#r 0 0.5287225138
162505185 406333298
#r 0 0.1926652290
211580055 415907072
#r 0 1.0280748035
237403473 458722386
#r 0 4.2700879047
226702967 436128157
#r 0 4.0362232283
218801954 426280687
#r 1 218559226 426993179
420725815 -425022251
#r 0 4.2008069163
396247946 -468620805
#r 0 1.9910226575
375849591 -422970974
#r 0 3.9280857972
340532987 -458365005
#r 0 3.3444342608
291558083 -468437679
#r 0 4.3294148112
272874041 -514815546
#r 0 0.0566930041
322793710 -511982414
#r 0 3.7320395636
302026412 -525900722
#r 0 3.8015671037
289706710 -535461599
#r 0 3.3869536845
276786480 -538696906
#r 0 1.7267647655
274906926 -526743919
#r 0 0.0833750196
280936089 -526240069
#r 0 3.8184053178
278577811 -528134717
#r 0 3.1809470395
276616571 -528211940
#r 0 4.0094662351
275888204 -529071576
#r 0 2.3821860930
274972205 -528201997
#r 0 3.7951621862
274392828 -528645714
#r 0 3.3415395320
273427425 -528841358
#r 0 3.6863535386
272329820 -529506418
#r 0 0.0066950461
272971491 -529502122
#r 0 0.8791560926
273227504 -529192964
#r 0 3.6224434293
-984543034 144270826
#r 0 5.3327294016
-955477425 103586795
#r 0 5.8601763071
-909884532 83061491
#r 0 5.8630452426
-864232941 62667074
#r 0 1.1494165477
-843781945 108293347
#r 0 1.0547651552
-819110345 151782566
#r 0 0.1400770205
-769600083 158763535
#r 0 0.0614660444
-719694505 161834902
#r 0 4.6990315861
-720362355 111839362
#r 0 4.3827559413
-736547147 64531302
#r 0 4.6280745988
-740757873 14708920
#r 0 2.4909698557
-780543210 44993024
#r 0 5.7143838114
-759479533 31527459
#r 0 5.6919349766
-749032269 24513500
#r 0 5.0844538805
-746700257 18537668
#r 1 -746566373 19077159
366737756 485628537
#r 0 1.1471969091
387289976 531209303
#r 0 1.1484472212
407785189 576815730
#r 0 1.2277427773
424603403 623902328
#r 0 4.0505156277
409238510 604181271
#r 0 0.6428158188
419243647 611674416
#r 0 1.8614699736
417330466 618069878
#r 0 5.2051952872
418909554 615129295
#r 1 419073945 614890225
-649282821 -270779598
#r 0 1.3211404711
-636929296 -222329723
#r 0 2.2293622617
-667528462 -182786190
#r 0 2.3364317786
-702178225 -146739083
#r 0 2.4861240906
-741816346 -116262545
#r 0 2.2829542271
-774489782 -78414869
#r 0 5.5274635072
-756295365 -95560222
#r 0 5.1702861320
-750711409 -106890556
#r 0 2.2747569871
-754799256 -102076123
#r 0 0.2124031790
-751531650 -101371444
#r 0 3.1669510923
-753202476 -101413823
#r 1 -753807470 -101904937
411724544 245564399
#r 0 2.3066274003
378164372 282628059
#r 0 3.0589914421
328334849 286753425
#r 0 4.0754356928
298597403 246557849
#r 0 5.9504571885
345855143 230226712
#r 0 5.3661946877
376265727 190537968
#r 0 2.7080293707
353578863 201040644
#r 0 2.6692355204
340136450 207908841
#r 0 4.3233648027
335767288 197250131
#r 0 2.5468957501
321484982 206910393
#r 0 2.6826869759
306365919 214380519
#r 0 1.3390111052
311253111 235086569
#r 0 0.5700784685
325961075 244515540
#r 0 0.8204855529
334311809 253473852
#r 0 0.6460752415
344673854 261287144
#r 0 4.4056866942
342714770 255101122
#r 0 5.8866918193
346662304 253448424
#r 0 5.8649607381
352305327 250940412
#r 0 2.8748691003
349326878 251754225
#r 0 4.0066755950
348302914 250552534
#r 0 2.2192862625
347297786 251878867
#r 0 2.3663865995
795592083 -315379132
#r 0 1.7488748805
786735141 -266169838
#r 0 1.8168312007
774557133 -217675548
#r 0 2.5243369627
733783637 -188735576
#r 0 1.5123408430
736704747 -138820978
#r 0 6.1106198381
785962122 -147406492
#r 0 2.7699965532
762668397 -138328916
#r 0 1.7376474255
760512014 -125525076
#r 0 1.5138101053
761288556 -111912996
#r 0 1.5431725739
761791897 -93696317
#r 0 4.9095585670
763576852 -102631590
#r 0 4.9190790287
764557742 -107309522
#r 0 5.9645548446
767238740 -108193903
#r 0 5.9859588331
770593334 -109221415
#r 0 6.0383108797
775291979 -110395556
#r 0 1.7849543165
773795231 -103513743
#r 0 6.0021165144
781032314 -105603174
#r 0 3.9412620715
773809358 -113035290
#r 0 0.1934422903
778894585 -112039136
#r 0 3.9298806892
777067817 -113876493
#r 0 0.4181466844
778251672 -113350445
#r 0 1.9076663422
-521849662 466816098
#r 0 4.6995276203
-522492712 416820233
#r 0 4.7540429592
-520410615 366863603
#r 0 4.6380454660
-524124368 317001713
#r 0 4.6437371772
-527554262 267119493
#r 0 4.5374389189
-536257210 217882731
#r 0 4.4407742880
-549671574 169715783
#r 0 1.2734704606
-542347463 193618866
#r 0 0.7927929723
-533568433 202528704
#r 0 3.8682863584
-538242615 198373446
#r 0 4.0947039258
-540061545 195813087
#r 1 -539970927 196122157
-558514126 -706353026
#r 0 0.2436570661
-509991017 -694290362
#r 0 2.9516151017
-534541228 -689569441
#r 0 0.1104021776
-522117331 -688192216
#r 0 0.7687994815
-517239449 -683473637
#r 0 0.2248823782
-510892978 -682021872
#r 0 3.1158873842
-514147103 -681938205
#r 0 3.1853620151
-515871728 -682013739
#r 0 5.0699433545
-515521658 -682950724
#r 0 6.2354079017
-514624875 -682993603
#r 0 0.9043816884
-513803240 -681948844
#r 0 1.5218108229
-513711201 -680071437
#r 0 0.1135106676
-511276284 -679793855
#r 0 0.6544595083
-508496629 -677661123
#r 0 0.7399541606
-504619996 -674121736
#r 0 5.1734881259
-501125726 -681155030
#r 0 0.2424459761
-493223947 -679200835
#r 0 5.8109301621
-482362577 -684748890
#r 0 3.2795812323
-488402773 -685587699
#r 0 5.1746088530
-486618530 -689168958
#r 0 3.1272174727
-492596938 -689083011
#r 0 5.5297033672
-218018041 -776753981
#r 0 6.2063749565
-168165464 -780590723
#r 0 3.9963731776
-200984669 -818312067
#r 0 1.4265740076
-197391597 -793571618
#r 0 3.4461702256
-212645264 -798366745
#r 0 0.0145514302
-204651306 -798250413
#r 0 5.5210012781
-201527676 -801232284
#r 0 5.0463493696
-200100833 -805344747
#r 0 0.1333051592
-194114007 -804541911
#r 0 1.3692546080
-192968031 -798933059
#r 0 1.4941964548
-192702078 -795467873
#r 0 1.4186270343
-192318695 -792967901
#r 0 1.3231616222
-191692595 -790491473
#r 0 6.2792724072
-188453565 -790504147
#r 0 1.5417144723
-188316176 -785781270
#r 0 1.4048281827
-187328198 -779883212
#r 0 5.5083853155
-181258168 -785825924
#r 0 6.0900571583
-172476298 -787543356
#r 0 1.4444454786
-170861152 -774828431
#r 0 6.0705159690
-154985360 -778256565
#r 0 5.4012040205
-140656189 -795660151
#r 0 4.0635471562
517252615 315449462
#r 0 0.9457834113
546508002 355997240
#r 0 0.6637566531
585892172 386801252
#r 0 3.7053076480
564760274 373443000
#r 0 0.6114128685
574995747 380618312
#r 0 4.1996274038
571929587 375172105
#r 0 1.0745024516
573417618 377920084
#r 1 573669869 378237260
-836634468 79323631
#r 0 0.2776510361
-788549371 93028501
#r 0 4.8265580338
-782853311 43354012
#r 0 5.5610799609
-745332519 10305711
#r 0 5.8903004344
-699142098 -8837043
#r 0 1.1874905296
-680442677 37534626
#r 0 1.2744741747
-665842445 85355471
#r 0 0.0337007265
-615870836 87040188
#r 0 1.4345948783
-609081799 136577134
#r 0 6.2537092027
-559103518 135103542
#r 0 5.2811243848
-532175170 92974406
#r 0 0.2433375333
-483648209 105021564
#r 0 5.6931446513
-442102306 77201824
#r 0 4.3720087085
-458794585 30070435
#r 0 1.3861887573
-454205565 54645644
#r 0 5.1910873976
-448447761 43550704
#r 0 0.5874851593
-441375657 48260156
#r 0 5.0970417808
-436650478 36587799
#r 0 1.6291137872
-437017451 42873348
#r 0 5.1132118955
-435789127 39974742
#r 0 0.8136654596
-434588960 41244752
#r 0 5.1079832290
-478957491 -425697431
#r 0 4.7816283702
-475498287 -475577627
#r 0 5.4494353363
-441893097 -512600474
#r 0 0.3114992491
-394299340 -497276170
#r 0 0.1938930254
-345236262 -487642149
#r 0 0.4791946527
-300867936 -464588915
#r 0 0.3572794744
-254025349 -447102575
#r 0 3.6827224199
-275453531 -459980192
#r 0 0.5852822769
-265034079 -453074758
#r 0 0.4599298205
-259422651 -450295073
#r 0 3.7885343877
-261921040 -452182331
#r 0 0.4748892976
-260528736 -451466503
#r 1 -260415667 -451107190
744680137 283363242
#r 0 2.4012983826
707766632 317088502
#r 0 4.0736576539
677957764 276945864
#r 0 5.3944150324
709476121 238131006
#r 0 1.7150143834
705883155 262871471
#r 0 2.1865336248
696852520 275635742
#r 0 4.1255043397
691608288 267750307
#r 0 4.8769909511
692956762 259632094
#r 0 5.2786127901
699101015 249966057
#r 0 5.2758678016
708255343 235476922
#r 0 5.3060949202
722621040 214192401
#r 0 2.1172063642
715949372 225162353
#r 0 4.8705650200
716960588 218822780
#r 0 5.4140860172
719320938 216030106
#r 0 5.3701633189
720475571 214535522
#r 0 5.4394544628
721197657 213723867
#r 0 5.4254094249
721687761 213157138
#r 0 5.3605503439
722108506 212601558
#r 0 5.2932434834
722567078 211902931
#r 0 1.7021257372
722512361 212317175
#r 0 5.3356480552
722634305 212147535
#r 0 5.3358945874
787479252 -388621533
#r 0 0.8494050385
820500753 -351077153
#r 0 1.1586012920
840531827 -305264970
#r 0 2.4401037807
802337718 -272997184
#r 0 4.8757704010
806404106 -297664256
#r 0 4.8332954413
808512639 -315018567
#r 0 3.4648219661
792643417 -320334395
#r 0 1.0208197494
797017069 -313200412
#r 0 5.0210053356
798784606 -318744712
#r 0 4.9976439441
800250322 -323742848
#r 0 5.2086251641
803110793 -329026070
#r 0 1.8812316649
802193169 -326165712
#r 0 3.3730068439
800681749 -326521856
#r 0 5.0334455921
801125486 -327856153
#r 0 5.0428517545
801807768 -329845069
#r 0 3.4803692489
798837828 -330891560
#r 0 0.9299097959
799779207 -329629527
#r 0 1.5521545977
799798220 -328609715
#r 0 1.5371167262
799837936 -327430937
#r 0 1.6802058716
799667826 -325882348
#r 0 3.5003122357
797559355 -326672902
#r 0 0.8795596887
734374273 161323653
#r 0 4.7964609205
738572920 111500251
#r 0 3.5836742445
693379766 90109158
#r 0 1.7966059016
682184993 138839816
#r 0 6.0327316913
730624998 126447644
#r 0 4.6203871164
726031392 76659103
#r 0 1.4050739859
730155512 101316589
#r 0 1.5572737024
730325455 113883159
#r 0 4.7714304236
730696248 107610249
#r 1 730063845 106981443
-835925574 -325109799
#r 0 5.4378345893
-802752128 -362519991
#r 0 5.7054203335
-760867858 -389827644
#r 0 5.9046687209
-714407166 -408304767
#r 0 0.3193516257
-666935207 -392607215
#r 0 0.3562000037
-620073772 -375171450
#r 0 0.2530177449
-571665702 -362655112
#r 0 4.3900699934
-587504051 -410080282
#r 0 5.4897520391
-552433934 -445718561
#r 0 6.0671952776
-503595699 -456434289
#r 0 4.9069597995
-493928425 -505490826
#r 0 5.5866802676
-455573974 -537567859
#r 0 6.1064222974
-406353071 -546360056
#r 0 6.0427635374
-357791189 -558265670
#r 0 0.9778939923
-329852672 -516799548
#r 0 5.6794653065
-288691200 -545184988
#r 0 5.6976755667
-247019675 -572816202
#r 0 5.8717704971
-201191878 -592811526
#r 0 5.1284941424
-180981826 -638545035
#r 0 5.5094241855
-145217459 -673486558
#r 0 2.4789527521
-164926731 -658106553
#r 0 2.1889503430
191098699 -491490599
#r 0 3.3042206146
141758439 -499586201
#r 0 4.3575200191
124385064 -546470802
#r 0 4.1904668018
99457698 -589813926
#r 0 4.2905146155
78984138 -635430078
#r 0 4.3509740700
61304233 -682199951
#r 0 1.3674628372
66352615 -657714979
#r 0 4.5027481292
63751257 -669941300
#r 0 1.0933386468
66623273 -664390263
#r 0 4.2371056842
65193304 -667168897
#r 1 64763420 -667941686
76967052 -918743877
#r 0 4.3674659545
60060840 -965798951
#r 0 4.6541304180
58164823 -998306993
#r 0 1.8878910797
53088085 -982837066
#r 0 5.1300467469
56390170 -990278114
#r 0 3.8805561850
53351207 -993047189
#r 0 0.6445867742
54994401 -991812004
#r 0 0.9139086631
55627614 -990990854
#r 1 55635767 -990991925
-458212991 -390070259
#r 0 5.4404125306
-424943214 -427394808
#r 0 0.9130453457
-394376284 -387826351
#r 0 5.4997284777
-358952375 -423112987
#r 0 0.8723173427
-326799695 -384821929
#r 0 4.7117121906
-326816615 -409821922
#r 0 5.1466255235
-319501204 -425596098
#r 0 3.7196788454
-336054269 -436395923
#r 0 5.2330141525
-329470418 -447878205
#r 0 3.6500279616
-346286861 -457250114
#r 0 5.4188211058
-334469246 -471098711
#r 0 4.5574143215
-338626854 -497711257
#r 0 5.6602544338
-307229213 -520265531
#r 0 5.5995682056
-264563596 -555023562
#r 0 5.8645787861
-190464945 -587990215
#r 0 1.2507438446
-153381391 -476106621
#r 0 4.4805222152
-166924242 -533464038
#r 0 4.6428634674
-168987167 -563087702
#r 0 4.4732476993
-172881889 -579062328
#r 0 4.3541807268
-176338740 -588296391
#r 0 4.4172325171
-178393805 -595055648
#r 0 4.5357421732
-561441965 -303326039
#r 0 6.2142422469
-511560747 -306770462
#r 0 0.2925042329
-463684508 -292352912
#r 0 4.8954714876
-454581437 -341517270
#r 0 1.1031938487
-443312752 -319200983
#r 0 5.3409241335
-433405019 -332831597
#r 0 4.8160223070
-430790338 -357971332
#r 0 5.4224859014
-406864801 -385801523
#r 0 5.4326801110
-370795400 -426902360
#r 0 5.6200445692
-306371648 -477226958
#r 0 5.6462189327
-208799334 -549414774
#r 0 5.1948431170
-124822511 -709757240
#r 0 5.2271549638
7525281 -943739116
#r 0 2.8476957433
-377216042 -827292661
#r 0 5.4623114883
-244653862 -969610482
#r 0 0.1932710972
-120262442 -945265331
#r 0 3.7002419905
-174003238 -978857067
#r 0 1.6253226377
-175944861 -943283445
#r 0 3.0806504064
-212666643 -941042762
#r 0 6.1245022200
-194502715 -943949509
#r 0 3.2125777380
-203677071 -944601847
#r 0 3.0901494250
-143029320 -288205830
#r 0 4.5870016448
-149282272 -337813295
#r 0 0.2462588757
-100790712 -325624424
#r 0 4.5505285973
-108848440 -374970883
#r 0 4.6084776177
-114034663 -424701187
#r 0 4.3961485637
-129584444 -472221754
#r 0 4.2691563303
-151027543 -517390255
#r 0 4.5246360206
-160360134 -566511561
#r 0 4.5023742904
-170783847 -615412954
#r 0 2.0305720497
-181877525 -593009153
#r 0 5.3320466443
-174618069 -603185119
#r 0 2.1324942705
-177946969 -597895420
#r 0 2.1403869692
-179637892 -595254966
#r 0 5.3967454059
-178646808 -596469690
#r 1 -178721142 -596621413
-217724255 370576245
#r 0 0.6072421692
-176663016 399106487
#r 0 5.9841842532
-128881455 384378201
#r 0 6.1414345848
-79382946 377314376
#r 0 2.3655056125
-97224446 394826683
#r 0 5.8977746170
-85641395 390127436
#r 0 0.0772843124
-78532764 390677918
#r 0 5.8482471268
-72460842 387856833
#r 0 5.9056556713
-66598989 385532309
#r 0 4.7049485558
-66655526 377933770
#r 0 0.7706239968
-62084313 382371869
#r 0 1.8663552370
-64709103 390992524
#r 0 5.8633482566
-55550043 386904129
#r 0 0.9974709335
-48582575 397695192
#r 0 5.8145903883
-32106731 389355128
#r 0 5.9364271863
-9165875 381065244
#r 0 6.0231863735
24811044 372026691
#r 0 5.8020932879
71053948 347887912
#r 0 5.7770712575
138089418 310732299
#r 0 2.7217048668
103096298 326354556
#r 0 1.0185833987
113222034 342788328
#r 0 4.2241055323
231282029 -813119927
#r 0 2.6689654920
186763259 -790358576
#r 0 1.9443292754
168517907 -743806378
#r 0 3.9425638409
133717422 -779707997
#r 0 3.6845292931
90907664 -805540625
#r 0 3.6757938818
47873884 -830998311
#r 0 3.7257469662
6164945 -858573017
#r 0 2.3847625769
-30185865 -824242001
#r 0 2.4738513682
-69446980 -793281302
#r 0 5.1472660245
-58914508 -815954348
#r 0 2.0684885412
-64881995 -804970766
#r 0 1.9736719142
-67342050 -799198523
#r 1 -67186298 -798971820
-173650117 941397434
#r 0 5.9990823030
-125654444 927382608
#r 0 3.4878600743
-149170595 918897880
#r 0 3.4168956310
-165168926 914378740
#r 0 3.3820274208
-178920904 911007064
#r 0 3.4257943003
-193724289 906682863
#r 0 3.2781695237
-213587974 903952948
#r 0 3.4086689145
-239990497 896728875
#r 0 5.3810662942
-215199668 865352191
#r 0 2.3272248347
-228922293 879893852
#r 0 2.4008259327
-236356243 886692173
#r 0 1.6293016313
-236668320 892020249
#r 0 1.4963407160
-236453988 894893585
#r 1 -236680855 894006335
-974261600 -135035256
#r 0 4.9271009994
-963608297 -183887146
#r 0 5.1033806673
-944553025 -230113725
#r 0 0.5413780823
-901703058 -204347850
#r 0 5.0260958893
-886273721 -251907660
#r 0 5.9644682275
-838791811 -267575085
#r 0 1.2118478008
-821227313 -220761749
#r 0 4.9923079463
-814320369 -244788695
#r 0 5.3241084278
-804719173 -258475725
#r 0 0.2063521190
-787459898 -254862810
#r 0 0.0921617181
-761130823 -252429384
#r 0 4.9039864250
-753597128 -291267494
#r 0 0.0868786695
-709550017 -287431082
#r 0 0.1882906603
-645326462 -275193421
#r 0 0.2480201074
-551481097 -251428584
#r 0 4.9984565357
-510880209 -389463387
#r 0 5.6758219759
-367246747 -489288848
#r 0 5.5446393659
-174595384 -664683795
#r 0 1.4761533797
-138030050 -279487700
#r 0 4.6443800617
-151177177 -472504323
#r 0 4.1202939848
-205201606 -552826807
#r 0 5.0628922632
-219071864 876570219
#r 0 2.4653062001
-258066984 907865276
#r 0 5.5622416272
-239287406 891362931
#r 0 2.6452205124
-250278856 897315914
#r 0 5.7785805657
-244807822 894294280
#r 0 2.6570242722
-247573059 895749987
#r 0 5.6952523545
-246272921 894883359
#r 1 -246123530 894976451
841216372 -245702053
#r 0 0.9740219119
869315240 -204344422
#r 0 0.8629714622
901824375 -166355527
#r 0 0.6944052297
940246097 -134359101
#r 0 3.9215672145
922472812 -151940634
#r 0 3.7127060585
911879892 -158747014
#r 0 0.1927948306
918058820 -157540766
#r 0 3.2395636873
914926131 -157848665
#r 1 914306775 -158058434
-554460271 622376857
#r 0 0.7429122363
-517635184 656198639
#r 0 0.7303230538
-480387238 689554156
#r 0 1.0541728081
-455689881 733028753
#r 0 1.2348833666
-439208319 780234241
#r 0 1.2313709192
-422561052 827381547
#r 0 4.4390237321
-429310383 803309852
#r 0 4.3750068911
-433466118 791463203
#r 0 4.0919721571
-437132264 786332415
#r 1 -436785273 786047608
-710372218 -603481641
#r 0 4.5478028433
-718564422 -652805953
#r 0 4.6079225585
-722597231 -691269297
#r 0 1.7386771973
-725828331 -672204065
#r 0 4.9489727017
-723562190 -681603287
#r 0 4.7129676494
-723559379 -686460314
#r 0 1.6034664654
-723638705 -684033097
#r 1 -723678539 -683536542
57367412 137137296
#r 0 0.5724118782
99397262 164220348
#r 0 2.4821851348
59879494 194852782
#r 0 1.4187746549
67451334 244276129
#r 0 1.0343044315
93007529 287251481
#r 0 1.3838845893
102298795 336380621
#r 0 5.0511473171
110606701 312801421
#r 0 1.9990629800
105415519 324172507
#r 0 1.8274752560
103816180 330265955
#r 0 4.8847263285
104356346 327162696
#r 0 1.6517341706
104229011 328732499
#r 1 104129054 328832538
350298717 99524416
#r 0 1.3890273889
359337200 148700689
#r 0 0.8389953058
392747731 185899296
#r 0 6.2043527783
442592447 181961751
#r 0 5.3524311642
472453911 141858223
#r 0 5.8833652766
518510464 122395594
#r 0 1.2692463764
533360493 170139459
#r 0 1.2177215903
550649718 217055157
#r 0 1.3101399421
563535459 265366208
#r 0 5.6456624573
603714091 235605873
#r 0 5.5759305534
641721514 203118402
#r 0 5.8466355602
687032308 181977636
#r 0 5.6673031708
727845517 153093696
#r 0 5.9659583558
775350721 137497042
#r 0 5.5122768254
811214618 102657684
#r 0 2.3406490945
793813880 120608012
#r 0 2.1839689633
786614082 130840059
#r 0 5.3347882854
790261031 125757468
#r 0 2.4381394489
787875717 127780712
#r 1 788222730 128000952
124361302 -505132095
#r 0 4.2337248557
101331610 -549512646
#r 0 3.8301094087
62722145 -581282273
#r 0 1.5733141372
62596255 -531282431
#r 0 3.9725295173
28887049 -568210597
#r 0 1.0393317159
41556961 -546658954
#r 0 3.4543078977
29159206 -550667445
#r 0 1.8731214118
23405383 -532218942
#r 0 4.4802037816
21182003 -541622133
#r 0 3.6499443562
15914331 -544557262
#r 0 1.8246272573
14082915 -537497788
#r 0 4.4555989996
13156767 -541024799
#r 0 3.6489702713
11198371 -542113512
#r 0 4.0426568296
9549741 -544195594
#r 0 3.6443303542
6756704 -545731381
#r 0 1.8173896463
5629859 -541254732
#r 0 1.8991747829
3888036 -536142460
#r 0 3.7317293607
-2209636 -540226398
#r 0 1.3696078971
-347760 -531097211
#r 0 3.9618541451
-3525036 -534504126
#r 0 1.8857541371
-4434464 -531712781
#r 0 3.7816688671
-544744435 413022941
#r 0 1.3782093626
-535174502 462098560
#r 0 1.2606799706
-519916030 509713463
#r 0 1.3050226592
-506783237 557957942
#r 0 0.1554613250
-457386227 565699736
#r 0 1.5030349268
-454000749 615584990
#r 0 1.4404930958
-447504009 665161117
#r 0 1.5401219914
-445970533 715137596
#r 0 0.0071917990
-395971826 715497183
#r 0 3.1853189612
-420947930 714404374
#r 0 3.0287912645
-433385053 715813280
#r 0 3.2061484675
-439673728 715406745
#r 0 3.1389690792
-442824994 715415013
#r 1 -442336692 715125030
-119196968 -904270036
#r 0 1.6282969361
-122070414 -854352671
#r 0 5.4894999917
-87009281 -889999788
#r 0 5.2336706102
-62109683 -933358871
#r 0 2.0556019432
-73760593 -911239732
#r 0 5.1980369029
-67925825 -922294391
#r 0 2.1437593932
