701687785 -541700890
#r 0 2.3369428719
667019603 -505671497
#r 0 5.4668381884
684141789 -523887719
#r 0 2.3124411658
675698019 -514670739
#r 0 2.3440866710
671331718 -510197404
#r 0 2.2895829614
669273581 -507845041
#r 1 668468654 -507259880
-499127383 633119407
#r 0 0.1702094293
-449849917 641588845
#r 0 2.0116840639
-471187041 686807504
#r 0 5.1294537535
-461060077 663950458
#r 0 2.0736354576
-467084016 674903181
#r 0 4.5587422304
-468040534 668726810
#r 0 4.5184109483
-468855747 664577051
#r 0 5.2589430681
-466823328 661236311
#r 0 4.5003530517
-467493653 658122459
#r 0 4.4412441173
-468656164 653940631
#r 0 1.9199950883
-469398688 655979855
#r 0 6.1014819905
-469398688 655979855
#r 0 4.4741294195
-469654784 654925409
#r 0 3.3164720320
-469654784 654925409
#r 0 4.4400073402
-469843440 654250008
#r 0 4.4883669728
-469979722 653651876
#r 0 4.4192957034
-470175417 653003417
#r 0 6.1065456521
-470175417 653003417
#r 0 4.4897876786
-470372460 652132901
#r 0 4.5846233796
-470531268 650896710
#r 0 4.4208229941
-471045106 649184595
#r 0 4.4472159295
-483608482 -622730427
#r 0 1.2510169847
-467890627 -575265187
#r 0 1.8992619910
-484020182 -527938266
#r 0 1.1550633305
-463827152 -482197239
#r 0 2.0773436615
-488085204 -438475998
#r 0 1.0058407650
-461316290 -396245378
#r 0 2.2841488216
-494034915 -358436761
#r 0 2.4011279111
-530942670 -324705209
#r 0 0.8180645792
-496760920 -288214005
#r 0 1.6368968722
-500063541 -238323197
#r 0 2.1191591922
-526128083 -195654243
#r 0 3.8113845678
-565325626 -226695387
#r 0 4.0356304424
-596639089 -265675729
#r 0 0.9858791757
-582835831 -244831783
#r 0 4.1185141513
-589830538 -255191516
#r 0 3.9853350578
-593985067 -259861489
#r 0 0.8448278530
-591910338 -257524249
#r 1 -591268138 -256813695
-400050622 -282770132
#r 0 1.0330683297
-374441325 -239826403
#r 0 1.1367840208
-353415601 -194462112
#r 0 0.9621370252
-324827199 -153441346
#r 0 5.8141936910
-280225973 -176040697
#r 0 1.6939840198
-283297882 -151230147
#r 0 2.8438447182
-283297882 -151230147
#r 0 1.6116773035
-284147727 -130453450
#r 0 1.6279005853
-285481112 -107128833
#r 0 1.7594997225
-291180873 -77283339
#r 0 4.9140584750
-288137748 -92167880
#r 0 4.9460172261
-286378861 -99558974
#r 0 1.8389228754
-287385246 -95895959
#r 1 -287061255 -96406509
301295572 728310821
#r 0 6.1364316474
350758122 720999448
#r 0 2.1215966283
337673889 742302097
#r 0 3.5620362369
337673889 742302097
#r 0 2.1741316827
326616519 758349494
#r 0 2.0491587932
317574093 775788031
#r 0 2.5283341206
297051819 790231202
#r 0 5.7199710018
307661357 783531954
#r 0 5.6313311708
312661250 779716364
#r 0 5.6043165974
315109067 777741485
#r 0 5.5536267990
316281394 776693281
#r 1 316261315 776759708
538670319 187274473
#r 0 5.9470608659
585872321 170782928
#r 0 5.9605462508
633292419 154929401
#r 0 5.7996852366
677561081 131685357
#r 0 4.5870485967
671310458 82077598
#r 0 0.3986457861
717389833 101486132
#r 0 0.2355212957
766009474 113153628
#r 0 3.5433145380
742999748 103378535
#r 0 3.2354892546
730216440 102174686
#r 0 2.9872077349
723870291 103162295
#r 1 723772198 103150528
-356518068 -65592954
#r 0 0.1367499258
-306984853 -58776749
#r 0 3.1007074369
-331963961 -57754903
#r 0 5.6066383116
-322217220 -65581207
#r 0 2.2810158217
-326292221 -60842340
#r 0 6.1870078171
-323181664 -61142431
#r 0 1.2372757076
-323181664 -61142431
#r 0 6.0243635709
-320986141 -61723718
#r 0 2.2225117328
-321674931 -60820877
#r 0 2.2308944038
-322147294 -60212368
#r 0 6.2142917637
-321763043 -60238882
#r 0 6.1723839756
-321470535 -60271426
#r 0 0.8097984137
-321268388 -60059165
#r 0 1.7529196610
-321346578 -59634599
#r 0 5.5906617654
-321180450 -59772416
#r 0 0.8707900862
-321180450 -59772416
#r 0 2.2721846890
-321250092 -59689967
#r 0 4.6048235794
-321255885 -59743617
#r 0 6.1453269901
-321255885 -59743617
#r 0 2.2443252840
-321272714 -59722529
#r 0 2.2490518971
-321285152 -59707093
#r 0 6.1836837333
-276446552 932869643
#r 0 3.8445002368
-314594844 900547703
#r 0 0.2182245054
-290187761 905960117
#r 0 4.2170403636
-296129490 894962580
#r 0 3.7088089619
-304264724 889780044
#r 0 5.7498681363
-304264724 889780044
#r 0 4.2802368521
-307389499 883005146
#r 0 3.6736673866
-315560956 878194549
#r 0 3.6216156713
-325483659 873028392
#r 0 5.9567003537
-320185628 871234467
#r 0 3.6875963117
-322575751 869782181
#r 0 5.9682657513
-321246145 869349048
#r 0 5.8543275084
-320262487 868899281
#r 0 3.6854383064
-320725266 868619453
#r 0 5.7104678139
-320725266 868619453
#r 0 6.0124319678
-320464716 868547132
#r 0 3.7821110062
-320573117 868466335
#r 0 4.5060251293
-320595232 868360697
#r 0 5.1654452204
-320531853 868230510
#r 0 5.7537199333
-320344402 868120814
#r 0 4.5181319928
-320344402 868120814
#r 0 5.9604940428
-550539604 -271667289
#r 0 2.1298149919
-577057329 -229278490
#r 0 1.4381441813
-570444156 -179717760
#r 0 4.5373079231
-574798855 -204335571
#r 0 1.8427536361
-578156572 -192294984
#r 0 2.1500637119
-582194706 -186121618
#r 0 1.8914843779
-584303881 -179771612
#r 0 2.1238831433
-587944278 -173874900
#r 0 1.5124079183
-587405958 -164665745
#r 0 2.1970835528
-594052040 -155479013
#r 0 1.8671233196
-598992197 -139298559
#r 0 2.2968838010
-615419745 -120796904
#r 0 0.9386387743
-615419745 -120796904
#r 0 2.2640652291
-639104621 -92289986
#r 0 2.3208832716
-676995677 -51623825
#r 0 2.0379836006
-714515928 22757298
#r 0 0.3766207355
-714515928 22757298
#r 0 0.3996998240
-714515928 22757298
#r 0 5.1726083848
-696015395 -14563077
#r 0 0.9719332281
-696015395 -14563077
#r 0 5.1693207344
-686826080 -33254483
#r 0 5.1886920275
-618319202 -169265767
#r 0 1.0376488845
-592906879 -126205184
#r 0 1.4194859133
-585370194 -76776464
#r 0 2.8767444093
-633626806 -63688324
#r 0 2.7513417506
-679867488 -44667301
#r 0 5.1035312985
-670336371 -67779154
#r 0 1.8991390855
-674367305 -55946929
#r 0 2.0232168878
-677110204 -50303614
#r 0 2.0903905919
-678667962 -47580372
#r 0 2.0682220583
-679419585 -46196077
#r 1 -679257505 -46485167
755102565 -188650360
#r 0 2.2575354360
723401622 -149984481
#r 0 3.1613945508
673411425 -150974511
#r 0 3.1278409714
623416153 -150286949
#r 0 0.0634274922
648365881 -148702325
#r 0 3.2318100090
635916717 -149828513
#r 0 5.3693450635
639733650 -154777605
#r 0 0.9089370322
639733650 -154777605
#r 0 0.9639839778
639733650 -154777605
#r 0 0.8560323356
639733650 -154777605
#r 0 0.8706590587
639733650 -154777605
#r 0 0.9215089363
639733650 -154777605
#r 0 0.8702810366
639733650 -154777605
#r 0 0.9103131619
639733650 -154777605
#r 0 0.9608109467
639733650 -154777605
#r 0 0.8992992519
639733650 -154777605
#r 0 0.9478476292
639733650 -154777605
#r 0 0.9346971374
639733650 -154777605
#r 0 0.9103797452
639733650 -154777605
#r 0 0.9282682906
639733650 -154777605
#r 0 0.8160854395
639733650 -154777605
#r 0 0.9165469393
380790345 -501424583
#r 0 0.7214575217
418332538 -468400596
#r 0 3.0776374602
393383650 -466802806
#r 0 0.5161060009
404255492 -460634093
#r 0 0.4799459338
411385965 -456922382
#r 0 0.4752169510
417350927 -453853132
#r 0 0.4714726056
423845833 -450541900
#r 0 0.4940748192
432073401 -446110255
#r 0 0.4923548797
443610939 -439921325
#r 0 0.5002273943
460317919 -430789327
#r 0 3.6198774189
451866259 -435170944
#r 0 0.5407356195
455947122 -432720672
#r 0 0.2762687648
458245766 -432068963
#r 1 457642700 -432263968
-579009961 358478730
#r 0 4.4259704151
-593135887 310515638
#r 0 0.4310454652
-570422652 320961159
#r 0 5.1152825631
-570422652 320961159
#r 0 0.4042856739
-552730130 328530978
#r 0 0.3707283537
-534161832 335748500
#r 0 0.2891408616
-510065702 342916554
#r 0 3.3913706917
-522245475 339809427
#r 0 0.3569683399
-516356749 342005601
#r 0 3.4452881865
-519355405 341065852
#r 1 -518686670 341087332
299350043 -849072587
#r 0 4.0669848229
269273975 -889015423
#r 0 4.1599569691
243036023 -931577964
#r 0 0.9336777851
257908067 -911482634
#r 0 3.8411759989
248344186 -919531370
#r 0 1.5542646724
248447504 -913282225
#r 0 6.2796439216
248447504 -913282225
#r 0 6.2522665172
248447504 -913282225
#r 0 6.2478791262
248447504 -913282225
#r 0 6.2785151343
248447504 -913282225
#r 0 6.2497038793
248447504 -913282225
#r 0 6.2682510294
248447504 -913282225
#r 0 6.2496886483
248447504 -913282225
#r 0 6.1820105493
248447504 -913282225
#r 0 6.2335695587
248447504 -913282225
#r 0 6.2409033371
248447504 -913282225
#r 0 6.1845235730
248447504 -913282225
#r 0 6.2579132117
248447504 -913282225
#r 0 6.2827075019
248447504 -913282225
#r 0 6.2375056269
248447504 -913282225
#r 0 6.2044288693
248447504 -913282225
#r 0 0.0392548878
547958642 -796389549
#r 0 1.1260091371
569471931 -751254436
#r 0 2.6347752859
525757242 -726984578
#r 0 3.7327482227
484242381 -754850621
#r 0 2.5783604377
441965692 -728154525
#r 0 3.8929951980
405429086 -762287741
#r 0 2.1509160986
378022880 -720467891
#r 0 4.4726068473
372085605 -744752634
#r 0 4.5411473536
368875739 -763313713
#r 0 4.5417952649
365771732 -781332178
#r 0 4.4116205614
359255156 -802341302
#r 0 1.2633601328
362583413 -791858699
#r 0 1.2602059957
364264140 -786622440
#r 0 1.3909320533
364756183 -783916369
#r 1 364639435 -784885789
120566706 -818818612
#r 0 1.2855476532
134636510 -770839027
#r 0 1.9208706266
117488130 -723871665
#r 0 5.3916621293
133193822 -743322404
#r 0 5.3716544172
141632863 -754212493
#r 0 5.3236471261
146809019 -761598632
#r 0 3.1321557756
142299574 -761556076
#r 0 5.3489280778
143639876 -763369309
#r 0 1.7889746066
143395846 -762268625
#r 0 5.3102575308
143713145 -762734548
#r 0 3.0094018018
143433752 -762697398
#r 0 0.9691948975
143433752 -762697398
#r 0 1.8502804563
143433752 -762697398
#r 0 5.3398364623
143516487 -762811482
#r 0 5.3701596472
143581037 -762895037
#r 0 1.5698986794
143581084 -762842245
#r 0 2.1030257635
143562930 -762811419
#r 0 1.6444653592
143561221 -762788261
#r 0 2.8296530051
143561221 -762788261
#r 0 1.9251403511
143552477 -762764627
#r 0 1.6849569985
143549112 -762735279
#r 0 5.3573592390
137093106 -178832048
#r 0 1.0978994407
159866464 -134319419
#r 0 2.7563355781
113531371 -115529550
#r 0 2.6677904122
69039378 -92715902
#r 0 5.7835840683
90983719 -104692790
#r 0 6.0358076587
103111256 -107755605
#r 0 2.9040229088
97032760 -106283743
#r 0 2.8502668945
94037156 -105385489
#r 1 94678979 -105594856
-671832205 450572368
#r 0 5.4042726601
-639932763 412070087
#r 0 0.8194460450
-605801457 448608477
#r 0 1.7708425998
-615737191 497611346
#r 0 1.8321209647
-628655213 545913776
#r 0 0.0305975497
-578678616 547443415
#r 0 2.3462540216
-596179691 565295933
#r 0 3.8995555429
-596179691 565295933
#r 0 2.2725590797
-608387217 579737476
#r 0 2.3265138099
-621908456 594086157
#r 0 6.0015114662
-612439093 591346032
#r 0 6.0287404164
-606489341 589798608
#r 0 2.4811208873
-608916765 591684379
#r 0 2.5082110034
-610342851 592731564
#r 0 2.5432036258
-611380924 593439296
#r 0 2.4566527139
-612289177 594181216
#r 0 2.5020304760
-613428181 595028479
#r 0 4.9859487449
-613236425 594345086
#r 0 2.4771516441
-613515819 594563920
#r 0 0.1355131798
-613340000 594587893
#r 0 2.4972012157
-613410930 594641189
#r 0 4.9403128942
-468532303 -84888903
#r 0 6.2478229971
-418563562 -86656650
#r 0 1.7810891798
-429000878 -37758159
#r 0 1.8114657618
-440918519 10800773
#r 0 2.9858045081
-490312996 18558710
#r 0 1.2811482027
-476032245 66475932
#r 0 5.4327870923
-459540147 47687353
#r 0 1.9262158137
-463889942 59406110
#r 0 3.2366518312
-463889942 59406110
#r 0 3.2188774880
-463889942 59406110
#r 0 1.5485040949
-463733346 66429638
#r 0 1.5201916541
-463422286 72571259
#r 0 1.5307180299
-463141696 79568564
#r 0 1.5212916617
-462687096 88744028
#r 0 1.5084676607
-461878570 101699203
#r 0 1.5835975551
-462121534 120677936
#r 0 4.8249520241
-461055549 111247851
#r 0 1.6832580279
-461588064 115962947
#r 0 4.8579060804
-461244037 113615487
#r 1 -461312340 114187439
242220329 -192797614
#r 0 1.5397302378
243773384 -142821740
#r 0 4.1268796590
229957786 -163657507
#r 0 1.4811370507
231077026 -151207717
#r 0 2.4820582454
225064653 -146545969
#r 0 4.1237718118
225064653 -146545969
#r 0 1.4873065752
225860045 -137041288
#r 0 1.0618889160
230445522 -128822484
#r 0 5.9620092888
230445522 -128822484
#r 0 1.0410188645
235329398 -120482789
#r 0 1.5044489239
236121057 -108568274
#r 0 1.5048865451
237276865 -91057460
#r 0 1.5624459061
237494685 -64973194
#r 0 1.5151210114
239667720 -25983036
#r 0 1.4868228477
244570657 32266393
#r 0 4.5679920714
240364918 3342866
#r 0 1.1924792280
245762648 16923336
#r 0 4.2662451460
242609783 10331630
#r 0 4.3569418319
241332509 6890826
#r 1 241746073 7440111
474168597 127670696
#r 0 1.2849798484
488265642 175642285
#r 0 1.3429869673
499557843 224350459
#r 0 5.7369764797
542282842 198377888
#r 0 5.0561572296
559134705 151303322
#r 0 1.1672497386
568951768 174295174
#r 0 1.6306684025
567876707 192229677
#r 0 5.0176991244
570577002 183661776
#r 0 1.4268681549
571221251 188107006
#r 0 1.1085534294
572404978 190482798
#r 0 1.5362056046
572488905 192908114
#r 0 1.5605309205
572512832 195238905
#r 0 5.8606223400
572512832 195238905
#r 0 4.8857446297
572713860 194090917
#r 0 1.8674257223
572543529 194648196
#r 0 1.5299792019
572555597 194943703
#r 0 1.4274506537
572576903 195091314
#r 0 1.6098399635
572573763 195171702
#r 0 3.1205966947
572573763 195171702
#r 0 5.9348147996
572573763 195171702
#r 0 1.1461913900
572592448 195213030
#r 0 5.8518930077
595496296 -707793242
#r 0 2.7107263012
550066083 -686910335
#r 0 1.4813029445
554534782 -637110428
#r 0 1.6164839103
552251197 -587162603
#r 0 1.4213793894
559694277 -537719701
#r 0 1.2523212380
575350212 -490234001
#r 0 1.0732907375
599211962 -446295215
#r 0 3.1901535842
549270905 -448722307
#r 0 0.8563770601
565650374 -429835461
#r 0 0.7993594568
578680590 -416436231
#r 0 1.8605559874
578680590 -416436231
#r 0 0.7657132945
591741883 -403879295
#r 0 0.7651590654
607274008 -388963493
#r 0 1.4246023358
611490958 -360324394
#r 0 0.6594398918
645808623 -333721072
#r 0 0.6582654796
693998366 -296454529
#r 0 1.8602902027
693998366 -296454529
#r 0 0.6185878041
766222972 -245046556
#r 0 3.6754948015
728065927 -267603887
#r 0 6.2113680301
750171790 -269194205
#r 0 2.4360577705
741735837 -262008507
#r 0 3.6971174710
677928845 -196320030
#r 0 5.3402886571
707301162 -236783186
#r 0 5.4266438485
740053892 -274562264
#r 0 2.3985089006
721644249 -257648215
#r 0 5.5808994432
731186344 -265722769
#r 0 5.3371437337
734848037 -270800614
#r 0 2.1396064305
733162020 -268163292
#r 1 732795166 -267892762
134234208 -184258840
#r 0 2.6533106611
90077203 -160803373
#r 0 2.6664244765
45616413 -137928973
#r 0 2.6911344533
604028 -116160069
#r 0 2.6759743063
-44073178 -93711299
#r 0 1.3261748418
-31963723 -45199846
#r 0 4.6863468678
-32614702 -70191368
#r 0 4.2297025028
-38686533 -81778162
#r 0 4.2657535674
-41514095 -87682297
#r 0 4.2655631660
-42929161 -90635605
#r 0 4.1446958585
-43811391 -92019020
#r 1 -43591183 -91755190
-222667336 -46611794
#r 0 2.4390350050
-260826936 -14303205
#r 0 2.4551086701
-299500902 17387872
#r 0 2.4603376650
-338340051 48876291
#r 0 2.4607644885
-377192636 80348129
#r 0 3.2397717081
-426951851 75447059
#r 0 2.3088714848
-460595112 112435313
#r 0 0.7528779840
-424108907 146622399
#r 0 1.9308717669
-441726149 193415911
#r 0 3.3544045167
-490598193 182855453
#r 0 3.5943961507
-535559400 160981042
#r 0 0.4112011269
-512643366 170973807
#r 0 1.0147442345
-506033994 181608983
#r 0 4.1705015334
-509263029 176245121
#r 0 4.1364720365
-510968201 173619146
#r 1 -510799767 173494511
219528894 970092025
#r 0 3.0686488399
169661855 973735982
#r 0 4.3443616360
151673077 927084038
#r 0 5.2446528072
177047341 884001017
#r 0 5.5150636577
213008190 849261741
#r 0 3.8672521192
175605093 816080296
#r 0 3.8846902564
138786276 782251688
#r 0 6.0850099510
163296962 777329670
#r 0 4.2724596330
163296962 777329670
#r 0 3.6877261384
152615224 770837333
#r 0 3.6894416255
144961775 766167585
#r 0 5.8369554711
149005617 764232956
#r 0 3.6169885861
147012765 763207090
#r 0 5.7842524948
147996843 762670849
#r 0 4.5954391325
147996843 762670849
#r 0 3.5899407669
147491877 762427951
#r 0 3.5901008739
147079779 762229643
#r 0 5.8160613033
147283946 762126671
#r 0 5.7989337773
147445935 762041461
#r 0 5.8977915481
147626266 761968304
#r 0 5.8007786191
147838386 761857222
#r 0 3.6149551895
-384209398 -106897359
#r 0 0.8720848592
-352047817 -68613777
#r 0 1.0796156358
-328464451 -24524948
#r 0 5.5214297227
-292283179 -59034593
#r 0 0.0595897802
-242371926 -56056867
#r 0 0.9590855542
-213658483 -15123528
#r 0 1.0626752955
-189331657 28559484
#r 0 1.5048886752
-186038660 78450928
#r 0 4.4800768946
-191794363 54122511
#r 0 5.0639179604
-187372881 42067064
#r 0 5.8961120637
-181053335 39490979
#r 0 1.3417105689
-181053335 39490979
#r 0 5.0038763207
-179083029 32924021
#r 0 1.5276695793
-178935233 36348918
#r 0 1.4608108591
-178727268 38232127
#r 0 5.9287318082
-178727268 38232127
#r 0 0.9851855941
-177996349 39334208
#r 0 1.3074831036
-177597989 40811957
#r 0 5.1425675744
-177278854 40116428
#r 0 2.1316994939
-177482392 40440425
#r 0 1.2480456537
-177420686 40624929
#r 0 5.1494060363
615373946 -411111791
#r 0 3.1049933235
565407430 -409282233
#r 0 1.7928185408
554397298 -360509526
#r 0 1.5217867100
556846798 -310569563
#r 0 1.9733363783
537258967 -264566119
#r 0 1.9137743728
520444308 -217478252
#r 0 5.0477575353
528672238 -241085478
#r 0 1.9212640542
524380524 -229345326
#r 0 5.0064023409
526191747 -235327128
#r 0 5.2484671987
527792975 -238022294
#r 0 2.0778067819
527031865 -236652012
#r 1 527127995 -236985312
326662212 790338362
#r 0 2.4838305755
287094094 820905731
#r 0 3.5852083506
241933810 799445332
#r 0 5.0066985047
256437767 751595199
#r 0 2.2538157613
240659318 770986963
#r 0 5.0796756000
245147872 759320650
#r 0 5.0929408277
247688486 752969952
#r 0 5.0854897532
249302627 748846299
#r 0 3.4868250877
249302627 748846299
#r 0 5.0679553670
250633556 745262266
#r 0 5.0115701345
251899513 741157869
#r 0 3.7133281905
251899513 741157869
#r 0 5.1094071212
254099914 735909857
#r 0 5.0247778716
256536849 728364315
#r 0 5.0440524541
260319060 717381792
#r 0 5.0599854668
266183647 701195007
#r 0 1.7821369691
264377894 709611692
#r 0 4.8782315009
265088430 705366640
#r 0 5.1075685258
265918627 703376344
#r 0 1.9660444341
265503460 704371463
#r 1 265528212 704337430
340630368 -61653550
#r 0 0.1835415886
389790542 -52527909
#r 0 0.3746648726
436322058 -34229876
#r 0 2.3361945266
401680848 1825451
#r 0 2.6038173060
358738331 27436782
#r 0 2.6078114783
315693861 52876389
#r 0 1.0499096816
340576331 96245303
#r 0 5.9010811746
386970437 77601619
#r 0 4.0558941415
356453235 37994797
#r 0 1.0447888773
369005348 59615260
#r 0 4.0992188406
361812061 49392413
#r 0 5.9567661058
361812061 49392413
#r 0 1.8317689552
360199434 55430784
#r 0 0.8020053428
360199434 55430784
#r 0 5.6700086709
362755133 53632446
#r 0 4.4679090439
362755133 53632446
#r 0 6.0275201878
364856362 53083216
#r 0 5.9496856084
367116724 52300137
#r 0 2.0364160263
366579711 53368888
#r 0 2.0906021531
366145867 54126953
#r 0 0.0922499431
366145867 54126953
#r 0 5.7544579016
-936931568 -253662529
#r 0 5.2087283099
-913121078 -297629114
#r 0 0.8439513358
-879895314 -260265381
#r 0 6.2621574017
-829906368 -261316699
#r 0 1.0527216362
-805145948 -217877988
#r 0 1.9985548494
-825887565 -172383094
#r 0 6.1599050053
-801077300 -175457301
#r 0 4.7663853708
-801077300 -175457301
#r 0 1.9263164536
-801077300 -175457301
#r 0 1.0104515981
-801077300 -175457301
#r 0 1.9656126359
-801077300 -175457301
#r 0 5.3579294091
-788257957 -192477336
#r 0 4.7626020595
-787492469 -207709320
#r 0 1.1196166198
-784167496 -200846786
#r 0 0.6505429790
-780461046 -198025950
#r 0 1.1440569453
-778480576 -193670210
#r 0 1.0891908385
-776199331 -189305471
#r 0 4.7084467214
-776209039 -191767921
#r 0 2.0169655717
-776740332 -190657217
#r 0 1.4185760632
-776629944 -189937642
#r 0 0.8998900765
-776392178 -189638086
#r 0 4.6815582471
-55698254 -527054964
#r 0 1.1646470190
-35944512 -481122517
#r 0 1.2387592261
-19646035 -433853503
#r 0 4.2256565592
-31339542 -455950152
#r 0 0.9905973491
-24487162 -445495732
#r 0 1.2057121119
-22236342 -439606903
#r 0 1.1538630496
-20958776 -436722350
#r 1 -21420239 -437227668
-176767589 -188188183
#r 0 1.3567649037
-166147536 -139329054
#r 0 4.4436128406
-172786329 -163431469
#r 0 0.3003710192
-160845995 -159733036
#r 0 0.2584115318
-150655238 -157039401
#r 0 2.1477474897
-150655238 -157039401
#r 0 0.7234456491
-141836972 -149251262
#r 0 5.3297687358
-141836972 -149251262
#r 0 5.2489005768
-141836972 -149251262
#r 0 0.1359739446
-128829428 -147471593
#r 0 5.1836117200
-128829428 -147471593
#r 0 5.3236392802
-128829428 -147471593
#r 0 1.1553115341
-121120815 -129998391
#r 0 5.1413472120
-117149150 -138682269
#r 0 1.6135853625
-117353384 -133912127
#r 0 1.1214195152
-116173457 -131465601
#r 0 1.1593504659
-115141558 -129100766
#r 0 2.7138019595
-115141558 -129100766
#r 0 5.1758229218
-114564862 -130254775
#r 0 5.1360219742
-114151038 -131172472
#r 0 5.2210312768
-113653442 -132064897
#r 0 5.1784739489
133207554 429148051
#r 0 3.6393461258
89274685 405275410
#r 0 0.4786111687
111465569 416789081
#r 0 0.5029542932
122421611 422816489
#r 0 3.6155764170
116858593 419962729
#r 0 0.4474769348
119676942 421315387
#r 0 0.5339715660
121023368 422111481
#r 1 121081458 422074340
420725815 -425022251
#r 0 3.2185657363
370873863 -428867106
#r 0 2.8248329228
323361377 -413292649
#r 0 2.9764200797
274041877 -405071521
#r 0 2.5547215433
232408007 -377383602
#r 0 5.5855760606
251567510 -393443284
#r 0 5.8720134160
263165192 -398500165
#r 0 5.8315886020
268882066 -401272997
#r 0 2.7554138676
265939112 -400076406
#r 1 265676938 -399850404
-984543034 144270826
#r 0 1.3477561995
-973483261 193032301
#r 0 1.1948064470
-955123589 239539531
#r 0 4.3247536873
-964573594 216394394
#r 0 4.3340363921
-969191596 204776888
#r 0 1.1868626067
-966850212 210572663
#r 0 1.0147225651
-965200388 213227275
#r 0 4.1538975800
-966028506 211901968
#r 1 -966172243 211761462
366737756 485628537
#r 0 6.1108774318
415997341 477055712
#r 0 5.6605824861
456615510 447898134
#r 0 6.2548526105
506595443 446481689
#r 0 0.0799548356
556435709 450475173
#r 0 2.2553186673
540628133 469843202
#r 0 0.0090025117
553127626 469955732
#r 0 4.7696573575
553127626 469955732
#r 0 4.7138674816
553127626 469955732
#r 0 0.0067789092
563007120 470022705
#r 0 0.0077011838
573318087 470102113
#r 0 5.7768926141
584638603 463824870
#r 0 1.4531590230
584638603 463824870
#r 0 1.4737236537
584638603 463824870
#r 0 1.4375846691
584638603 463824870
#r 0 1.5241048913
584638603 463824870
#r 0 1.3756344230
584638603 463824870
#r 0 3.5227859978
578630962 461417025
#r 0 0.8243438360
580828402 463792656
#r 0 0.8495180097
582086471 465223365
#r 0 0.8503059445
583046472 466316840
#r 0 0.8025483688
-649282821 -270779598
#r 0 0.2610425537
-600976749 -257875202
#r 0 0.4881399553
-556816413 -234426007
#r 0 1.7426127812
-565365030 -185162216
#r 0 1.6704448081
-570339212 -135410256
#r 0 1.9624564647
-589425380 -89196425
#r 0 5.8415354727
-566824188 -99882214
#r 0 1.4933583305
-566824188 -99882214
#r 0 2.0761095068
-572875206 -88944428
#r 0 2.1195488622
-577192185 -81883505
#r 0 0.8634949284
-577192185 -81883505
#r 0 0.8413273215
-577192185 -81883505
#r 0 2.1468642171
-581074034 -75907411
#r 0 2.0743065958
-584860553 -69033694
#r 0 0.7633674894
-584860553 -69033694
#r 0 2.1627050405
-590627765 -60455664
#r 0 0.5026034120
-590627765 -60455664
#r 0 5.0834480182
-588753743 -65272185
#r 0 5.0183092540
-587938550 -67853256
#r 0 0.4159100703
-587938550 -67853256
#r 0 2.1078753127
-588630974 -66690430
#r 0 2.1571271689
411724544 245564399
#r 0 0.9077456844
442500743 284970307
#r 0 0.9072776161
473295383 324361805
#r 0 2.4323268447
435353371 356925646
#r 0 0.7179605783
473010817 389818149
#r 0 0.6487125586
512853931 420026199
#r 0 0.6415816440
552911441 449949365
#r 0 1.1416339657
573716905 495415096
#r 0 4.2466957645
562490847 473077334
#r 0 4.2876562362
557333012 461672786
#r 0 6.1160033200
557333012 461672786
#r 0 4.4339903554
555611354 455649240
#r 0 4.2823560520
554296660 452782865
#r 1 554455839 453088537
795592083 -315379132
#r 0 2.2143745957
765588997 -275381447
#r 0 2.4475812273
727154677 -243400155
#r 0 2.3837076124
690840106 -209030810
#r 0 3.2231137687
641006156 -213102353
#r 0 1.5625663740
641417649 -163104046
#r 0 1.3821844547
650792427 -113990774
#r 0 4.5157913381
645909086 -138509194
#r 0 4.5623455532
644040453 -150869539
#r 0 1.5647776916
644078072 -144619254
#r 0 4.6545782975
643897503 -147739232
#r 0 4.8529247360
644116968 -149290569
#r 1 644064158 -149199314
-521849662 466816098
#r 0 1.2579600186
-506461736 514389323
#r 0 1.2921335137
-492708221 562460529
#r 0 4.6420076260
-494466303 537522423
#r 0 1.4505562103
-492966921 549932170
#r 0 1.6792930277
-493645376 556160843
#r 0 4.9485399597
-492912429 553115033
#r 0 1.8011287083
-493270035 554640044
#r 1 -493342124 554965489
-558514126 -706353026
#r 0 2.9132635302
-607216424 -695035510
#r 0 2.8833583885
-655558544 -682266822
#r 0 6.0575259864
-631192375 -687860547
#r 0 2.9429855928
-643446654 -685394248
#r 0 5.9388771375
-637563472 -687503907
#r 0 2.7878200303
-640494947 -686421285
#r 1 -640441442 -686430818
-218018041 -776753981
#r 0 3.3154956505
-267263888 -785405370
#r 0 2.4909016171
-307047158 -755118551
#r 0 2.5994937401
-349878541 -729321795
#r 0 2.5361774851
-390991836 -700866620
#r 0 5.6705967198
-370537777 -715241302
#r 0 0.1148784364
-358119529 -713808404
#r 0 3.3096536984
-364281789 -714853902
#r 0 3.1712761971
-367414393 -714946916
#r 1 -368248475 -714969137
517252615 315449462
#r 0 1.0573402463
541812145 359002068
#r 0 1.9593781546
522868327 405274433
#r 0 1.3611049852
533276228 454179194
#r 0 0.2390693592
581854166 466019122
#r 0 0.6623019659
621283104 496765810
#r 0 4.3824250807
613182882 473114460
#r 0 4.3821402208
607974624 457921300
#r 0 4.2927568463
602403725 445434174
#r 0 1.1742396523
605044372 451740344
#r 0 0.9449073055
607047976 454512205
#r 0 4.0956584885
606058909 453117158
#r 1 606100790 453147616
-836634468 79323631
#r 0 6.0788514973
-787674649 69177887
#r 0 6.2632777829
-737684556 68182577
#r 0 6.0437389389
-689111085 56324336
#r 0 6.0352400876
-640640148 44053709
#r 0 2.9053538068
-664945776 49904899
#r 0 6.0338110575
-652832439 46819929
#r 0 2.9193624990
-658928740 48197463
#r 0 5.9919783670
-655935310 47300249
#r 1 -655996400 47400596
-478957491 -425697431
#r 0 3.4397484106
-526751485 -440385323
#r 0 3.4881646600
-573778617 -457369105
#r 0 1.0483666898
-561303939 -435703871
#r 0 0.0161440396
-561303939 -435703871
#r 0 6.2622788510
-561303939 -435703871
#r 0 0.3127844378
-544715756 -430339246
#r 0 0.3703595353
-535122288 -426614325
#r 0 3.5046332159
-539932525 -428441629
#r 0 3.4938954793
-542347444 -429329451
#r 0 1.0569785847
-541715135 -428209094
#r 0 6.2715223044
-541715135 -428209094
#r 0 1.1697095967
-541364204 -427381574
#r 0 1.6497815548
-541434483 -426493647
#r 0 0.2252807933
-541434483 -426493647
#r 0 5.2910964671
-541190902 -426866482
#r 0 0.1707151277
-541190902 -426866482
#r 0 0.2748755055
-541190902 -426866482
#r 0 3.4822895291
-541190902 -426866482
#r 0 1.1364876196
-541097204 -426664480
#r 0 0.8078526600
-540966570 -426527843
#r 0 3.4933396343
744680137 283363242
#r 0 4.6829319677
743207499 233384933
#r 0 2.0439784149
731814473 255637999
#r 0 4.2479872528
726215874 244461879
#r 0 1.8345346700
724586553 250495767
#r 0 1.8691523950
723282818 254735061
#r 0 1.9095114338
721857472 258780984
#r 0 1.9479587084
719934796 263634680
#r 0 5.5803543490
721926509 261947422
#r 0 4.8824302819
722194490 260386666
#r 0 4.9230384951
722366018 259584465
#r 0 3.9163272192
722026260 259251877
#r 0 2.1268607112
722026260 259251877
#r 0 2.5790666556
722026260 259251877
#r 0 2.7519812741
722026260 259251877
#r 0 2.9504331547
721780702 259299398
#r 0 1.8644543907
721780702 259299398
#r 0 2.4805219822
721573870 259460276
#r 0 1.9760624236
721428758 259798520
#r 0 2.7533861412
720917758 260007499
#r 0 5.6011687013
721132049 259833494
#r 0 1.8617995288
787479252 -388621533
#r 0 2.0138615661
766043715 -343449443
#r 0 1.5423191399
767467382 -293469715
#r 0 1.1427608500
788221598 -247980568
#r 0 1.6681122080
783363480 -198217141
#r 0 0.9553740476
812228649 -157390654
#r 0 0.9918270532
839586723 -115539301
#r 0 1.8972829733
823550860 -68180552
#r 0 0.9717877289
851742058 -26885802
#r 0 0.0070608512
901740812 -26532762
#r 0 6.1650526640
951392335 -32425666
#r 0 3.0532537140
926489819 -30220064
#r 0 1.6263786180
926489819 -30220064
#r 0 2.9417233514
914227793 -27736097
#r 1 913821774 -27497419
734374273 161323653
#r 0 5.1288735398
754601675 115597815
#r 0 4.9640790349
767053731 67173169
#r 0 1.7939048935
761522176 91553528
#r 0 3.7889472241
761522176 91553528
#r 0 1.8408982994
758184081 103610160
#r 0 1.8785915447
756288851 109571911
#r 1 756366007 108868333
-835925574 -325109799
#r 0 4.9976280221
-821856232 -373089520
#r 0 4.9599757448
-809602981 -421564852
#r 0 4.9591438048
-797390062 -470050361
#r 0 5.0152787065
-782476081 -517774287
#r 0 4.6857896568
-783805890 -567756600
#r 0 5.8029941844
-739460557 -590854035
#r 0 2.1367286596
-752865633 -569751809
#r 0 2.1144962302
-760885044 -556484966
#r 0 2.0894232481
-767215579 -545393165
#r 0 2.1166205173
-774443147 -533493473
#r 0 2.1483585533
-784139626 -518614495
#r 0 5.1374434230
-780477846 -526704167
#r 0 1.9660148371
-782187257 -522606513
#r 0 2.0212724838
-783154674 -520606240
#r 0 5.1431031539
-782690824 -521615739
#r 1 -782645597 -521607237
191098699 -491490599
#r 0 2.8977419723
142577926 -479418541
#r 0 4.9762597730
155618892 -527687923
#r 0 2.5749844857
134525730 -514268589
#r 0 2.5127934778
120062246 -503749628
#r 0 2.6322243717
105591166 -495667101
#r 0 2.2075596784
93580778 -479426423
#r 0 2.6587723030
71882660 -468052250
#r 0 2.6421399684
40454426 -450905256
#r 0 2.6160518384
-5406051 -424308814
#r 0 5.7661038257
17635859 -437412587
#r 0 5.7324157281
28930407 -444349298
#r 0 2.7744784837
22744698 -441970603
#r 0 5.8620172260
25768778 -443325313
#r 0 6.0371943464
27380415 -443729956
#r 1 27449005 -443782594
76967052 -918743877
#r 0 1.1463546253
97557656 -873180438
#r 0 1.2539968064
113134003 -825668572
#r 0 5.6739872228
154139360 -854279071
#r 0 5.7183130197
196372209 -881044468
#r 0 5.7388323466
239145336 -906937702
#r 0 5.8618849820
284773233 -927385073
#r 0 2.6908864854
262269741 -916495041
#r 0 2.6741604153
251100994 -910857730
#r 0 5.7682324094
256545169 -913938477
#r 0 2.7009886918
253716182 -912604557
#r 0 5.7751542999
255082524 -913365304
#r 1 255571761 -913436649
-458212991 -390070259
#r 0 5.0688512997
-440764934 -436927119
#r 0 5.0452030283
-424429736 -484183455
#r 0 1.1917968708
-415179959 -460957574
#r 0 1.7705210582
-418661933 -443756142
#r 0 0.6664375078
-418661933 -443756142
#r 0 5.0258696028
-415955925 -452103649
#r 0 0.3615747211
-415955925 -452103649
#r 0 0.3477519161
-415955925 -452103649
#r 0 5.0242033522
-414592589 -456333287
#r 0 1.2378497172
-413866386 -454233345
#r 0 0.4369857359
-412514776 -453602003
#r 0 4.9787864179
-412514776 -453602003
#r 0 0.4288769766
-410808130 -452821618
#r 0 0.3207521224
-408341863 -452002264
#r 0 4.9865353794
-408341863 -452002264
#r 0 5.0488434940
-408341863 -452002264
#r 0 1.3509976088
-408341863 -452002264
#r 0 0.4114997849
-404852327 -450479376
#r 0 1.6270148453
-404852327 -450479376
#r 0 1.2539708371
-403104247 -445147749
#r 0 4.9741409204
-561441965 -303326039
#r 0 5.1285721976
-541228344 -349057970
#r 0 5.1970125735
-517934578 -393300489
#r 0 5.2323005747
-493094407 -436693644
#r 0 0.6701845897
-453909056 -405637111
#r 0 5.1252386708
-433847995 -451436170
#r 0 1.1999995630
-424789041 -428135198
#r 0 1.2168598154
-418411967 -410876353
#r 0 0.3746825118
-401715806 -404310422
#r 0 1.8167121695
-401715806 -404310422
#r 0 0.2425737138
-376375030 -398039942
#r 0 0.2515014433
-338647816 -388346241
#r 0 1.4265497915
-338647816 -388346241
#r 0 4.7880544143
-338647816 -388346241
#r 0 1.7261907477
-338647816 -388346241
#r 0 0.9014425438
-302489083 -342645280
#r 0 4.6837119439
-303324553 -371771041
#r 0 0.2961794028
-303324553 -371771041
#r 0 0.2568410163
-303324553 -371771041
#r 0 0.2952045962
-303324553 -371771041
#r 0 0.2942302666
-303324553 -371771041
#r 0 1.1111311938
-143029320 -288205830
#r 0 6.2368054991
-93083088 -290523989
#r 0 6.1538684442
-43500577 -296971826
#r 0 6.1949700827
6305001 -301376869
#r 0 3.0512843106
-18593123 -299122228
#r 0 3.0917766642
-31077670 -298499783
#r 1 -31327834 -298442683
-217724255 370576245
#r 0 6.0353841976
-169251550 358312603
#r 0 1.0472198314
-144252515 401614430
#r 0 1.2628646594
-129098103 449262555
#r 0 4.3781233695
-137299991 425646268
#r 0 4.3988784158
-141157663 413747316
#r 0 4.5355940954
-142258764 407584214
#r 1 -142484056 406747547
231282029 -813119927
#r 0 1.3918825616
240180068 -763918048
#r 0 3.1776747579
190212612 -765721762
#r 0 1.4155822676
197942191 -716322839
#r 0 1.3906207729
206902305 -667132227
#r 0 1.6780560227
201549597 -617419567
#r 0 3.4221811592
153504965 -631265626
#r 0 1.0798212413
165292115 -609218788
#r 0 1.0901215992
173886175 -592738298
#r 0 0.7453178491
187508248 -580166640
#r 0 1.1607206563
195444208 -561911353
#r 0 3.5350530778
186251899 -565727134
#r 0 0.9488595933
189151208 -561682547
#r 0 3.5881808498
186907031 -562757180
#r 0 3.5774153699
185528503 -563399143
#r 0 1.2359099039
185778397 -562681044
#r 0 1.2838500345
185938475 -562138571
#r 0 1.8134216527
185800420 -561580776
#r 0 0.9107640635
186295559 -560942838
#r 0 0.9307801428
186867270 -560174997
#r 0 2.1256412039
186867270 -560174997
#r 0 1.6949125912
-173650117 941397434
#r 0 3.6140441979
-218172884 918643902
#r 0 3.6651201167
-261475937 893646990
#r 0 0.2255965428
-237109416 899239186
#r 0 6.0195364530
-224021173 895706245
#r 0 5.7828344846
-213636329 890028247
#r 0 3.5317363168
-219109495 887777556
#r 0 4.8852608906
-219109495 887777556
#r 0 3.5588433044
-223372793 885887726
#r 0 3.7258108201
-227476739 883174139
#r 0 5.2066028956
-227476739 883174139
#r 0 5.7356144756
-227476739 883174139
#r 0 5.1988301127
-227476739 883174139
#r 0 3.7040202528
-232975411 879708125
#r 0 5.6507608327
-232975411 879708125
#r 0 3.7329241554
-240585650 874597958
#r 0 5.2153054655
-240585650 874597958
#r 0 3.6666087619
-252194610 867873565
#r 0 3.6425115175
-269563347 858364248
#r 0 3.4756636719
-297382424 848708806
#r 0 5.7846647030
-284450888 841669096
#r 0 3.5501950441
-974261600 -135035256
#r 0 0.6453399988
-934316834 -104961751
#r 0 0.7013147738
-896117108 -72700615
#r 0 0.5256720917
-852867764 -47610892
#r 0 0.0475101222
-802924184 -45236279
#r 0 1.3723379706
-793066275 3782306
#r 0 1.3354958188
-781409514 52404522
#r 0 5.2076960491
-769526968 30408953
#r 0 0.6370273566
-769526968 30408953
#r 0 1.2219438748
-765254223 42156022
#r 0 1.3183160244
-762864602 51418635
#r 0 0.6382568228
-755407047 56950931
#r 0 0.5039400787
-743849324 63324201
#r 0 0.4052945931
-725876109 71035578
#r 0 1.4205850801
-721493294 99993474
#r 0 0.2231129000
-721493294 99993474
#r 0 1.3861827802
-714470423 137601248
#r 0 1.2757215389
-698715983 189433946
#r 0 0.5314976167
-629731480 229992041
#r 0 0.5018613656
-527358086 286166558
#r 0 1.8905377328
-527358086 286166558
#r 0 1.8856032353
-219071864 876570219
#r 0 5.7916636129
-174991080 852971820
#r 0 3.3776221961
-199297932 847125718
#r 0 5.7716928013
-188397746 841007228
#r 0 5.6885845895
-180955176 835974268
#r 0 3.3253829989
-185371803 835153270
#r 0 3.3413674512
-188601160 834499404
#r 0 5.1321776893
-188601160 834499404
#r 0 3.6099384583
-191506096 833029836
#r 0 5.8786769776
-190009712 832389208
#r 0 0.4239580583
-188853464 832911056
#r 0 5.0994508262
-188853464 832911056
#r 0 3.5946344863
-189423756 832633431
#r 0 5.6584666754
-189423756 832633431
#r 0 5.1489733677
-189423756 832633431
#r 0 4.8372892129
-189423756 832633431
#r 0 3.5092369973
-189719953 832519349
#r 0 3.2785513007
-189877287 832497665
#r 0 5.1395339054
-189877287 832497665
#r 0 4.8312058836
-189877287 832497665
#r 0 0.4574996107
-189806044 832532741
#r 0 3.3979897935
841216372 -245702053
#r 0 2.5036195622
801051144 -215923631
#r 0 2.3982850123
764239433 -182087291
#r 0 2.2881196436
731370935 -144408891
#r 0 2.3000049989
698056948 -107123797
#r 0 2.3875890217
661609249 -72895662
#r 0 1.7316848599
653599483 -23541395
#r 0 2.9446851715
604565669 -13759519
#r 0 5.5960745709
623892717 -29617174
#r 0 2.3613030913
615008844 -20823608
#r 0 2.6063200639
609586595 -17608097
#r 0 2.6296864114
606828951 -16058676
#r 0 5.7598037591
608198792 -16849157
#r 1 608228938 -16825178
-554460271 622376857
#r 0 3.1229471633
-604451580 623309077
#r 0 3.1030780298
-654414500 625234332
#r 0 6.2356281396
-629442767 624045851
#r 0 3.1201743925
-641939899 624313559
#r 0 3.1082979013
-648190701 624521755
#r 0 3.0743098295
-651315843 624732341
#r 0 2.8865263419
-652834590 625128348
#r 1 -653354474 625177311
-710372218 -603481641
#r 0 5.8786399869
-664408145 -623161682
#r 0 5.9049026032
-617943133 -641627939
#r 0 5.8699903284
-572151003 -661704813
#r 0 5.7754480791
-528458658 -686014872
#r 0 5.8028180363
-484117395 -709120118
#r 0 5.7673688983
-440622879 -733782378
#r 0 5.8300153091
-395669692 -755673266
#r 0 5.8078028593
-351213805 -778557192
#r 0 5.8357646893
-306135503 -800189267
#r 0 2.7490370709
-329233863 -790625496
#r 0 5.8684166789
-317793744 -795662723
#r 0 5.9081008355
-311975397 -797953547
#r 1 -311189168 -798216218
57367412 137137296
#r 0 1.4565229830
63068652 186811191
#r 0 1.4686499367
68167095 236550571
#r 0 2.3012650865
34806152 273793657
#r 0 1.3598638370
45274743 322685462
#r 0 2.3915439139
8691961 356769183
#r 0 1.4405494058
15185910 406345676
#r 0 2.6898739606
-29799000 428171300
#r 0 1.7775230004
-40061869 477106702
#r 0 1.8155223792
-52176396 525616889
#r 0 1.9804444914
-72090727 571479940
#r 0 5.0715939708
-63302475 548075525
#r 0 5.4365689967
-54999916 538688700
#r 0 2.2447127514
-58910144 543584755
#r 0 2.1866697180
-60724520 546148528
#r 0 5.3254163731
-59820984 544864065
#r 1 -59930444 544976848
350298717 99524416
#r 0 0.9856386752
377915258 141205667
#r 0 6.1966309643
427728084 136883351
#r 0 1.5351833855
429508355 186851647
#r 0 2.1958986792
400249341 227396808
#r 0 0.9455144888
429515631 267936717
#r 0 5.8965316505
475824437 249082156
#r 0 0.7219334490
513350909 282124007
#r 0 0.6649971549
552696836 312976852
#r 0 0.6170815771
593475371 341909724
#r 0 0.7533137529
629946675 376112706
#r 0 1.9632982645
610821611 422310454
#r 0 2.0727978540
586762557 466141515
#r 0 2.0541774392
563523779 510412941
#r 0 5.1565466596
574266215 487838619
#r 0 5.2079725090
580219665 476825575
#r 0 5.3157631657
583774097 471667509
#r 0 5.1998776846
585245442 468892258
#r 1 585362787 468824126
124361302 -505132095
#r 0 1.6111874002
122342297 -455172875
#r 0 1.2895960442
136217746 -407136723
#r 0 1.8351177868
123155028 -358873223
#r 0 1.5716802339
123110833 -308873243
#r 0 1.5450538150
124397816 -258889809
#r 0 1.5076995778
127550561 -208989306
#r 0 1.6504623256
123571473 -159147889
#r 0 1.5650553226
123858522 -109148713
#r 0 1.9691712436
104462471 -63064082
#r 0 2.0248675720
82531078 -18130642
#r 0 0.9063122618
113363731 21231110
#r 0 0.5928498173
154831320 49167449
#r 0 2.1033563412
129444296 92242953
#r 0 1.6709950199
124442740 141992168
#r 0 1.7058641364
