701687785 -541700890
#r 0 2.5534092606
660090285 -513958359
#r 0 3.8290315672
621446599 -545686352
#r 0 1.5605020105
621961306 -495689001
#r 0 1.5612706712
622437582 -445691269
#r 0 3.1860795221
572487051 -447914879
#r 0 4.1583922729
546182534 -490436314
#r 0 2.6000421022
503337011 -464663049
#r 0 2.9403133268
454346430 -454666899
#r 0 2.0846485321
429769650 -411124025
#r 0 3.4137268372
381609678 -424563410
#r 0 3.4165162501
333487381 -438137080
#r 0 3.4155274334
285351686 -451663159
#r 0 3.4151108056
237210359 -465169183
#r 0 0.2747226462
261272871 -458387183
#r 0 3.4160556526
249240735 -461775059
#r 0 3.4351247400
243258061 -463583403
#r 0 0.2990418116
246244370 -462662764
#r 0 0.2884333932
247742369 -462218296
#r 1 248212953 -462082802
-499127383 633119407
#r 0 1.0678454967
-475026731 676927609
#r 0 6.2146604640
-425144076 673504048
#r 0 4.7981218414
-420862682 623687689
#r 0 0.8969338510
-389662240 662758553
#r 0 0.9018800003
-358655429 701983261
#r 0 0.8966487924
-327443851 741045230
#r 0 0.8936856390
-296116663 780014542
#r 0 0.8945361165
-264822629 819010483
#r 0 5.1315296564
-244473846 773338533
#r 0 1.9870907749
-254583200 796203373
#r 0 2.0122245391
-259923633 807505244
#r 0 5.1543442952
-257250438 801855717
#r 0 5.1526942625
-255918503 799028751
#r 0 5.1519692283
-255253561 797614786
#r 1 -255195985 797500402
-483608482 -622730427
#r 0 5.9959536384
-435656891 -636895347
#r 0 0.5961426961
-394281518 -608822611
#r 0 5.9042896252
-347827834 -627317346
#r 0 5.8993983157
-301465169 -646039078
#r 0 2.7577906070
-324646360 -636677863
#r 0 2.7575132856
-336235657 -631994041
#r 1 -336044817 -632076257
-400050622 -282770132
#r 0 1.3977684652
-391442333 -233516733
#r 0 4.8572167681
-384226232 -282993272
#r 0 5.5876763828
-345839847 -315032084
#r 0 1.6454331535
-349568224 -265171286
#r 0 4.6190750327
-354227153 -314953757
#r 0 4.7601045940
-351842278 -364896848
#r 0 0.1318608363
-302276331 -358322895
#r 0 5.0921707600
-283740441 -404760173
#r 0 5.1028752609
-264708534 -450996377
#r 0 4.1538605020
-291205477 -493398169
#r 0 1.4444062598
-284902785 -443796999
#r 0 1.4500156750
-278878425 -394161255
#r 0 0.7885689632
-243635368 -358693989
#r 0 0.2003477622
-194635497 -348743482
#r 0 0.2051119133
-145683587 -338559646
#r 0 0.1990148993
-96670496 -328674457
#r 0 3.3381613518
-121189059 -333557089
#r 0 3.3431408052
-133436104 -336059434
#r 0 3.3581744746
-139540126 -337402520
#r 0 0.2207119778
-136490915 -336718377
#r 0 0.2104897230
301295572 728310821
#r 0 3.8711336134
264021550 694984446
#r 0 3.8712576252
226751661 661653449
#r 0 3.8680481826
189374990 628442239
#r 0 0.7136343658
208274687 644806880
#r 0 5.5574936293
208274687 644806880
#r 0 3.8534029580
198809929 636641810
#r 0 3.8586592935
194099060 632534444
#r 0 3.8558987257
191737958 630487265
#r 0 3.8512916171
190552704 629469126
#r 1 190965982 629821686
538670319 187274473
#r 0 1.9360246777
520812189 233976584
#r 0 1.9362576491
502943180 280674534
#r 0 5.0783709490
511889840 257330214
#r 0 5.0779649224
516358432 245656236
#r 0 1.9420172193
514091223 251480519
#r 0 5.0960240090
515260891 248582675
#r 0 1.9556538657
514674287 250030880
#r 1 514484573 250500733
-356518068 -65592954
#r 0 3.9147084164
-392304978 -100511389
#r 0 0.7771723645
-374482495 -82979729
#r 0 0.7663704464
-365476940 -74310525
#r 0 0.7641934234
-360964704 -69985704
#r 0 3.9085736875
-363214785 -72154395
#r 1 -363811344 -72715330
-276446552 932869643
#r 0 3.4295835094
-324387375 918668323
#r 0 3.4364139593
-372230079 904139879
#r 0 0.2975533203
-348328662 911469427
#r 0 0.2795041050
-336313668 914917941
#r 0 3.4222379585
-342319193 913186830
#r 0 3.4231345020
-345321182 912318581
#r 0 3.4126282149
-346826670 911900246
#r 1 -346470375 912001948
-550539604 -271667289
#r 0 2.1385871679
-577428146 -229512736
#r 0 1.5973379375
-578755071 -179530346
#r 0 4.7311747944
-578285453 -204525935
#r 0 1.5923095406
-578554347 -192028828
#r 0 1.5838751337
-578636088 -185779317
#r 0 4.7232302719
-578602209 -188904155
#r 0 4.7347124943
-578567331 -190466285
#r 1 -578573483 -190144625
-618319202 -169265767
#r 0 0.3170438611
-570811143 -153677811
#r 0 4.6070634680
-576067687 -203400731
#r 0 0.9678718139
-547714999 -162216692
#r 0 0.1671626142
-498411957 -153897433
#r 0 4.2531519260
-520575174 -198716980
#r 0 0.1995058765
-471566943 -188807728
#r 0 0.6290268212
-431136920 -159389822
#r 0 3.9891881509
-464226305 -196874387
#r 0 4.9721432898
-451384149 -245197043
#r 0 3.7469877992
-492498013 -273651395
#r 0 0.1282049540
-442908363 -267258693
#r 0 3.6001783166
-487742338 -289392710
#r 0 3.6052246710
-532464046 -311752692
#r 0 3.6030449640
-577234386 -334015141
#r 0 3.6088204170
-621875404 -356535787
#r 0 0.4653398472
-599533677 -345317624
#r 0 0.4694323487
-588385822 -339662852
#r 0 3.6082089921
-593967689 -342474530
#r 0 0.4669364071
-591177206 -341067798
#r 1 -590796803 -340878140
755102565 -188650360
#r 0 1.8914059169
739345308 -141198186
#r 0 2.3524644040
704122093 -105711215
#r 0 5.7658853942
747579975 -130437972
#r 0 2.6225456264
725872668 -118036649
#r 0 5.7641032192
736726103 -124237690
#r 0 2.6213384619
731303024 -121130811
#r 0 5.7674846290
734021609 -122671887
#r 0 2.6319476984
732657676 -121909595
#r 1 733149911 -122181249
380790345 -501424583
#r 0 1.5748845121
380585936 -451425001
#r 0 4.4064301298
365525554 -499102930
#r 0 2.4141638372
328181225 -465855357
#r 0 4.9755944238
341190072 -514133405
#r 0 4.2222442075
317652391 -558246641
#r 0 4.9078373061
327362708 -607294676
#r 0 4.9068276908
337023501 -656352490
#r 0 1.7642860336
332216385 -631819010
#r 0 1.7686184171
329759703 -619562788
#r 0 1.7560117961
328608706 -613419642
#r 0 4.8954230978
329177503 -616492463
#r 1 329048412 -615819691
-579009961 358478730
#r 0 3.8339057989
-617498538 326562756
#r 0 2.3758315307
-653541290 361217049
#r 0 5.5321180565
-635267266 344156568
#r 0 2.3931769051
-644426863 352662551
#r 0 2.3874539655
-648982280 356941713
#r 0 5.5308399336
-646700738 354806220
#r 0 2.3876058294
-647839755 355875838
#r 1 -647501568 355556099
299350043 -849072587
#r 0 4.7774083426
302598721 -898966936
#r 0 1.6350538449
300993388 -874018532
#r 0 1.6373331992
300162290 -861546185
#r 0 1.6342146522
299766191 -855308742
#r 0 1.6399906110
299550131 -852191208
#r 0 4.7830637647
299660469 -853749813
#r 1 299638241 -853422252
547958642 -796389549
#r 0 3.6314340185
503838267 -819913845
#r 0 2.4225349093
466216932 -786980046
#r 0 2.4205607614
428660686 -753972041
#r 0 2.4258545654
390930229 -721163313
#r 0 5.5511963666
409526393 -737872074
#r 0 2.4116278946
400211419 -729536532
#r 0 2.3811569819
395683052 -725228782
#r 0 5.5192676915
397939722 -727390527
#r 0 5.5254960073
399074781 -728464364
#r 1 398802116 -728203143
120566706 -818818612
#r 0 1.9495726683
102077515 -772362721
#r 0 0.2140308040
150936651 -761742699
#r 0 1.7458990390
142226187 -712507266
#r 0 5.8451926676
187506430 -733713388
#r 0 5.8424716650
232728803 -755042639
#r 0 2.7002649610
210124170 -744364131
#r 0 5.8492011645
221465390 -749620242
#r 0 2.7067637414
215797003 -746987397
#r 0 5.8378401878
218617196 -748333551
#r 0 2.6964439695
217206968 -747660751
#r 1 216705411 -747419148
137093106 -178832048
#r 0 0.0744165690
186954724 -175114653
#r 0 1.7977956753
175701981 -126397348
#r 0 3.2211650415
125860192 -130371770
#r 0 3.2233188032
76027078 -134453530
#r 0 3.7609254810
35313782 -163478132
#r 0 3.8823434688
-1584322 -197220241
#r 0 2.0626595323
-25197774 -153147518
#r 0 2.0480915885
-48166694 -108735485
#r 0 5.1884275223
-36710150 -130955916
#r 0 5.1917088056
-30945444 -142047294
#r 0 5.2040177082
-27995048 -147557088
#r 0 2.0607164158
-29465536 -144799675
#r 0 2.0683383727
-30211270 -143426608
#r 1 -30309228 -143231565
-671832205 450572368
#r 0 4.5586535472
-679488733 401162070
#r 0 2.3701841132
-715335204 436019358
#r 0 2.3683257928
-751116837 470943200
#r 0 2.3650814044
-786784976 505982947
#r 0 5.5070961737
-768943513 488470603
#r 1 -768887066 488424039
-468532303 -84888903
#r 0 5.2348683636
-443580790 -128218131
#r 0 2.0946963643
-456087312 -106571263
#r 0 0.7178375859
-456087312 -106571263
#r 0 4.3940240985
-456087312 -106571263
#r 0 4.7962799462
-456087312 -106571263
#r 0 2.0903299380
-462293266 -95720606
#r 0 2.8944757954
-462293266 -95720606
#r 0 0.4870397876
-462293266 -95720606
#r 0 0.4764879276
-462293266 -95720606
#r 0 5.2327393329
-459185859 -101143398
#r 0 4.3965502483
-459185859 -101143398
#r 0 0.5766597741
-459185859 -101143398
#r 0 5.2323701327
-457633156 -103855369
#r 0 2.0910472355
-458409873 -102499594
#r 0 0.4866717952
-458409873 -102499594
#r 0 1.2100357269
-458409873 -102499594
#r 0 4.9047246254
-458409873 -102499594
#r 0 0.2969056349
-458409873 -102499594
#r 0 2.8759979735
-458409873 -102499594
#r 0 5.2357120989
-458019434 -103176285
#r 0 0.2986435555
242220329 -192797614
#r 0 1.5275950123
244379723 -142844266
#r 0 1.8494435382
230626958 -94772846
#r 0 1.4518047284
236562508 -45126404
#r 0 5.6022612210
275412074 -76601969
#r 0 2.4692750704
255852565 -61031947
#r 0 0.2593947369
255852565 -61031947
#r 0 0.7927262983
255852565 -61031947
#r 0 1.5727779162
255852565 -61031947
#r 0 2.4727175851
246045343 -53280075
#r 0 1.5203167071
246045343 -53280075
#r 0 1.5137891464
246045343 -53280075
#r 0 1.4415995577
246045343 -53280075
#r 0 5.6028880750
250904363 -57211766
#r 0 1.5454125032
250904363 -57211766
#r 0 1.8049706401
250904363 -57211766
#r 0 1.5426283288
250904363 -57211766
#r 0 1.5410811466
250904363 -57211766
#r 0 0.7823045316
250904363 -57211766
#r 0 1.4514512450
250904363 -57211766
#r 0 0.7806146305
250904363 -57211766
#r 0 0.2491038980
474168597 127670696
#r 0 4.3996504910
458785325 80095966
#r 0 0.8891800629
490287773 118923736
#r 0 5.7516619356
533389571 93581380
#r 0 5.7551742098
576580112 68390565
#r 0 4.0041228153
544054216 30416020
#r 0 0.1006082474
593801379 35437950
#r 0 0.1023057973
643539945 40544321
#r 0 3.2516345662
618691159 37798822
#r 0 0.1157261339
631107548 39242172
#r 0 3.2588102935
624900437 38511238
#r 0 0.1130351538
628005493 38863721
#r 1 627582968 38821558
595496296 -707793242
#r 0 1.5365015673
597210698 -657822642
#r 0 1.5067846038
600409099 -607925045
#r 0 2.4436414350
562101077 -575792578
#r 0 3.3023628482
512745863 -583796504
#r 0 1.1931116355
531184330 -537320457
#r 0 1.4340219935
538001744 -487787409
#r 0 1.8542660733
524017314 -439782870
#r 0 2.0482162801
501042856 -395373701
#r 0 3.2147476964
451176588 -399028192
#r 0 1.8607098610
436883120 -351114762
#r 0 1.8607153368
422589389 -303201410
#r 0 1.8576868944
408440826 -255244990
#r 0 1.8646123704
393960484 -207387705
#r 0 1.1936426997
412374266 -160901872
#r 0 3.1489137730
362375606 -161267925
#r 0 0.0026661268
387375516 -161201272
#r 0 3.1391047923
374875556 -161170174
#r 0 6.2783438914
381125482 -161200433
#r 1 380235343 -161182024
677928845 -196320030
#r 0 2.3532415485
642678062 -160860443
#r 0 4.0818185756
613197784 -201245009
#r 0 3.4790129720
566017193 -217797708
#r 0 2.1029293060
540648566 -174711367
#r 0 1.5186398030
543255210 -124779359
#r 0 1.3241932603
555460770 -76291997
#r 0 2.1327987065
528816687 -33982508
#r 0 2.6419949564
484927919 -10028886
#r 0 3.0168681958
435316320 -3808819
#r 0 1.0269577816
461187547 38977623
#r 0 0.2522506288
509605205 51456823
#r 0 1.1435001963
530325783 96961302
#r 0 1.0602064828
554760380 140584122
#r 0 1.1674979860
574383090 186572700
#r 0 1.0293587598
600151514 229421135
#r 0 3.7733924307
559803220 199891231
#r 0 5.9760694586
607463692 184775696
#r 0 1.2239140383
624462065 231797556
#r 0 1.5060542517
627696908 281692804
#r 0 0.9575661314
656472513 322582468
#r 0 0.9315096810
134234208 -184258840
#r 0 4.8456384690
140876984 -233815611
#r 0 0.5059929900
184611665 -209581799
#r 0 4.5276849663
175428885 -258731332
#r 0 3.3894612910
126957009 -270998247
#r 0 3.5637521134
81346696 -291484811
#r 0 3.3444081612
32371529 -301556207
#r 0 4.5108313626
22361746 -350544004
#r 0 4.5055205796
12091942 -399477951
#r 0 2.7355427713
-33842469 -379728776
#r 0 2.7369203111
-79804042 -360042897
#r 0 2.7364183647
-125755728 -340333950
#r 0 2.7412524478
-171802151 -320847366
#r 0 5.8814724140
-148792336 -330622252
#r 0 5.8853124483
-137268724 -335465489
#r 0 5.8777148572
-131525476 -337930816
#r 0 2.7354549507
-134396277 -336696237
#r 1 -135051812 -336415522
-222667336 -46611794
#r 0 2.8166928805
-270051472 -30651104
#r 0 2.8132839827
-317380925 -14528979
#r 0 1.5359531799
-315639120 35440673
#r 0 0.5385268540
-272715863 61084268
#r 0 0.5944772357
-231293793 89088056
#r 0 3.7601166755
-251662172 74592224
#r 0 0.6191653574
-241482633 81846670
#r 0 0.6171211587
-236385458 85463482
#r 0 0.6200938665
-233842256 87279457
#r 0 0.6070809394
-232558944 88170823
#r 1 -232794260 88014127
219528894 970092025
#r 0 5.4692144218
253859741 933741056
#r 0 5.4643017738
288011595 897221871
#r 0 3.9684108057
254150579 860432857
#r 0 5.6656610490
294916302 831481936
#r 0 3.2159572736
245054491 827767131
#r 0 4.5217719380
235581251 778672755
#r 0 5.7378404481
278328674 752737107
#r 0 3.0837898714
228412180 755625637
#r 0 6.1118501858
277680080 747100733
#r 0 4.2676658082
256169680 701964243
#r 0 2.9389678443
207192593 712026300
#r 0 0.0139667231
257187716 712724613
#r 0 0.0185735655
307179092 713653238
#r 0 3.5169905218
260661001 695321102
#r 0 3.7628428663
220003431 666218491
#r 0 2.6778152718
175284974 688584974
#r 0 2.6754149928
130620331 711058729
#r 0 0.0126964654
180616301 711693535
#r 0 3.7415981080
139349674 683461186
#r 0 3.8676988570
101961404 650263035
#r 0 3.6854526465
-384209398 -106897359
#r 0 4.8055086956
-379560138 -156680734
#r 0 2.2351448794
-410387456 -117314804
#r 0 2.2381019208
-441331046 -78040204
#r 0 4.2017775691
-465766584 -121662497
#r 0 0.5336656287
-422719175 -96227864
#r 0 5.1318928926
-402353803 -141892420
#r 0 5.5503462230
-365189898 -175341548
#r 0 2.5152589846
-405699002 -146032633
#r 0 4.7898285431
-401830893 -195882786
#r 0 5.2167719409
-377667526 -239656428
#r 0 2.4150654469
-415041816 -206442539
#r 0 5.2908056658
-387706873 -248309004
#r 0 2.5823888623
-430090762 -221783432
#r 0 2.3762796558
-466149040 -187145294
#r 0 4.9661138027
-453598477 -235544502
#r 0 4.2983247612
-473715147 -281319163
#r 0 5.1427369872
-452855792 -326760194
#r 0 5.1396643363
-432136160 -372265104
#r 0 3.5863765547
-477271343 -393778245
#r 0 5.3615834280
-447044097 -433606797
#r 0 5.0241246986
615373946 -411111791
#r 0 2.0553437336
592083550 -366867498
#r 0 2.4340708107
554084805 -334369876
#r 0 2.1544318464
526531741 -292646637
#r 0 2.1575948371
498846845 -251010757
#r 0 0.9088285857
529580353 -211571545
#r 0 3.6276779395
485371930 -234929955
#r 0 2.1514440400
457943650 -193124579
#r 0 4.2305205923
434771869 -237431109
#r 0 3.5004589600
387957089 -254991758
#r 0 1.9164537284
371016326 -207949112
#r 0 1.0766550395
394730118 -163930297
#r 0 2.0317902363
372488194 -119149756
#r 0 2.0349174672
350106340 -74438990
#r 0 0.9133196568
380662415 -34862149
#r 0 2.7022777590
335410252 -13596173
#r 0 1.6810701975
329907726 36100127
#r 0 0.7573411490
366240985 70449716
#r 0 3.7830544455
326179889 40531351
#r 0 2.3244490474
291964546 76991059
#r 0 2.3240321789
257764405 113465027
#r 0 2.3584783782
326662212 790338362
#r 0 5.5652283285
364319777 757445995
#r 0 3.2010919052
314408255 754472787
#r 0 4.2229192784
290900359 710343672
#r 0 3.7555245494
250030897 681539382
#r 0 5.9611082217
297459896 665712506
#r 0 0.3041530840
345164943 680686768
#r 0 0.3014720794
392909964 695533079
#r 0 5.6942396075
434486303 667758846
#r 0 2.9400012692
385498844 677770283
#r 0 2.9431334706
336480268 687628233
#r 0 0.2253709302
385215832 698801629
#r 0 0.2313924968
433883232 710268285
#r 0 0.2173262039
482707105 721049260
#r 0 3.3543875100
458270994 715769447
#r 1 457430096 715539573
340630368 -61653550
#r 0 2.0212409757
318862074 -16640870
#r 0 2.0198296084
297157331 28402489
#r 0 2.0152836948
275657575 73544050
#r 0 2.0163769158
254108482 118662080
#r 0 5.1341613418
264342935 95852960
#r 0 1.9929884334
259220922 107255370
#r 0 1.9854580647
256702919 112975700
#r 0 2.0031827063
255393364 115813228
#r 1 255359355 115875501
-936931568 -253662529
#r 0 1.2958051456
-923354646 -205541149
#r 0 5.7240416703
-880969162 -232064171
#r 0 5.2583501363
-855007174 -274795602
#r 0 0.8302752659
-821273544 -237889746
#r 0 1.5738364097
-821425548 -187889977
#r 0 1.1290695412
-800050491 -142689237
#r 0 5.5283733283
-763630472 -176946823
#r 0 5.0245422886
-748275042 -224530547
#r 0 0.9878741685
-720751749 -182787664
#r 0 5.5821531527
-682542907 -215038003
#r 0 4.7792863329
-679200534 -264926163
#r 0 1.8400526891
-692501267 -216727714
#r 0 0.3836068336
-646135230 -198014335
#r 0 0.5131838073
-602575939 -173466664
#r 0 5.2702521813
-576107210 -215886075
#r 0 0.4140223965
-530331708 -195771319
#r 0 0.4142070218
-484559920 -175648112
#r 0 2.6174285680
-527847051 -150623637
#r 0 4.9992438038
-513700203 -198580562
#r 0 2.4989809445
-553726869 -168616150
#r 0 1.5800627147
-55698254 -527054964
#r 0 0.5927181300
-14226987 -499124086
#r 0 0.5905571336
27304542 -471282892
#r 0 3.7308314928
6520445 -485176101
#r 0 3.7338598612
-3850538 -492154157
#r 0 3.7334337508
-9037516 -495640976
#r 0 0.5872701234
-6436086 -493909440
#r 0 3.7281122334
-7737450 -494774231
#r 1 -8110394 -495025440
-176767589 -188188183
#r 0 4.8718738266
-168827108 -237553644
#r 0 4.1116531828
-197089588 -278799640
#r 0 2.7063405222
-242427776 -257717688
#r 0 2.3388391660
-277164218 -221754101
#r 0 4.5948315505
-283028560 -271409005
#r 0 4.2058827257
-307284816 -315131242
#r 0 4.4200626552
-321693848 -363010045
#r 0 5.4134371114
-289442899 -401218372
#r 0 5.4052107671
-257507352 -439690711
#r 0 2.2638350123
-273479297 -420458005
#r 0 2.2683166618
-281508286 -410877539
#r 1 -280947929 -411469726
133207554 429148051
#r 0 4.2477869130
110804200 384448054
#r 0 4.2525965277
88616094 339640823
#r 0 1.8642053521
74155232 387503998
#r 0 1.4363234917
80858628 437052605
#r 0 5.8705827409
126662644 417002863
#r 0 4.2535527350
104517393 372174436
#r 0 1.5942225371
103346190 422160717
#r 0 4.3296585129
84673451 375778298
#r 0 1.4905076295
88683574 425617228
#r 0 1.4907230778
92682959 475457020
#r 0 1.4941694011
96510557 525310300
#r 0 1.4939357488
100349803 575162684
#r 1 100362859 576102129
420725815 -425022251
#r 0 3.5194281362
374252549 -443467726
#r 0 4.4585423190
361696089 -491865405
#r 0 4.4583956961
349132533 -540261242
#r 0 3.1329983299
299134380 -539831531
#r 0 1.8129291998
287145689 -491290092
#r 0 4.6134254600
282205586 -541045447
#r 0 4.6085235483
277021647 -590775989
#r 0 1.7234696578
269417602 -541357587
#r 0 4.2410955875
246715649 -585906676
#r 0 1.2907568035
260535331 -537854450
#r 0 3.1980421282
210614973 -540675425
#r 0 2.5485383724
169153097 -512730607
#r 0 4.4471722835
156047177 -560982393
#r 0 3.0637078465
106198751 -557092089
#r 0 4.5574617996
98483343 -606493227
#r 0 0.8136711470
132825084 -570152550
#r 0 4.9793422462
146014776 -618381504
#r 0 2.9865476708
96614547 -610660277
#r 0 4.5604004584
89044346 -660083875
#r 0 1.0628108627
113365250 -616397566
#r 0 3.0430662266
-984543034 144270826
#r 0 0.8261608729
-950657844 181037576
#r 0 6.0952801481
-901537959 171697509
#r 0 6.0911724174
-852456854 162155750
#r 0 6.0974277874
-803317023 152921196
#r 0 2.9520634313
-827869348 157631110
#r 0 6.0893114334
-815603533 155222840
#r 0 2.9475950316
-821736291 156427734
#r 1 -822032726 156485923
366737756 485628537
#r 0 5.7831659592
410616420 461656411
#r 0 3.9857584217
377398668 424285554
#r 0 3.9830840145
344081090 387003668
#r 0 3.9795095302
310630462 349841113
#r 0 3.9830691772
277312331 312559721
#r 0 0.8425165273
293952001 331217732
#r 0 0.8318276155
302371084 340457286
#r 0 3.9765607908
298176072 335824312
#r 0 3.9609153798
296042561 333540901
#r 0 0.8164828105
297112554 334679572
#r 1 297020969 334588794
-649282821 -270779598
#r 0 5.4608187016
-615258373 -307417514
#r 0 5.5125852138
-579383733 -342245810
#r 0 5.5101451741
-543594182 -377161538
#r 0 5.6374283954
-503661958 -407251694
#r 0 5.3584835267
-473558322 -447173756
#r 0 5.5234448761
-437307582 -481610420
#r 0 5.1622506749
-415565532 -526635783
#r 0 2.0221808584
-426470827 -504139683
#r 0 5.1599936297
-421060735 -515408262
#r 0 5.1848365473
-418216525 -520973698
#r 0 2.0449599910
-419643403 -518193425
#r 1 -420027924 -517445580
411724544 245564399
#r 0 0.3277426524
459063115 261659732
#r 0 0.3088261512
506697665 276856759
#r 0 4.0146011072
474571456 238543489
#r 0 2.2432259502
443427029 277659019
#r 0 0.2167198647
492257430 288410388
#r 0 0.2190962074
541062144 299277764
#r 0 4.3391674511
522831290 252719886
#r 0 0.4918537309
566904236 276332920
#r 0 0.5933232308
608358595 304288888
#r 0 0.3927628026
654551352 323426003
#r 0 0.4456416824
699668065 344977852
#r 0 3.5894955766
677134134 334150946
#r 0 3.4551461172
677134134 334150946
#r 0 3.5829144473
665831728 328811731
#r 0 3.5876554051
660193221 326115350
#r 0 3.5870897331
657373205 324768754
#r 0 0.4442185892
658784072 325440248
#r 1 658470330 325291403
795592083 -315379132
#r 0 2.3496643506
760468371 -279793673
#r 0 1.7830352937
749935913 -230915587
#r 0 1.6803351498
744469918 -181215256
#r 0 1.7942441703
733390265 -132458295
#r 0 1.6669268797
728591137 -82689144
#r 0 1.2710054469
743357158 -34919231
#r 0 1.2675610257
758287631 12799539
#r 0 1.2665859601
773264626 60503728
#r 0 1.2721414710
787976370 108290385
#r 0 1.2678369713
802893674 156013273
#r 0 4.4102639869
795454934 132145615
#r 0 4.4149870004
791791966 120194344
#r 0 1.2801887271
793582807 126182285
#r 0 4.4295618177
792710708 123181439
#r 0 1.2899568080
793143774 124682725
#r 1 793182000 124797391
-521849662 466816098
#r 0 4.6273221895
-526097874 416996898
#r 0 4.6275682903
-530333825 367176654
#r 0 4.8844326303
-521774016 317914806
#r 0 0.9346304044
-492068228 358133784
#r 0 4.4955838222
-502823762 309304300
#r 0 0.5071700165
-459117635 333589572
#r 0 4.3641787039
-476178437 286590327
#r 0 4.3672177989
-493096325 239539450
#r 0 4.3634778800
-510190061 192552173
#r 0 3.8882433592
-546888449 158592958
#r 0 4.6097552328
-552011132 108856069
#r 0 4.6211583456
-556566339 59064000
#r 0 1.4959642201
-554697282 83994035
#r 0 4.6355560700
-555656749 71530912
#r 0 4.6487716260
-556054091 65293531
#r 0 1.5109625147
-555867221 68412951
#r 0 4.6524597524
-555960805 66853250
#r 1 -555938257 67195926
-558514126 -706353026
#r 0 2.4135013230
-595836420 -673080720
#r 0 0.9496691425
-566738811 -632419570
#r 0 3.2540791576
-616422814 -638032042
#r 0 3.2587025078
-666080338 -643874159
#r 0 0.1179945489
-641254170 -640931136
#r 0 0.1160151306
-628838189 -639484197
#r 0 3.2588622554
-635045267 -640215454
#r 0 0.1136372032
-631940421 -639861101
#r 1 -632809398 -639962876
-218018041 -776753981
#r 0 2.7231025686
-263703220 -756434916
#r 0 0.2192267506
-214899925 -745561169
#r 0 1.3808294025
-205458604 -696460645
#r 0 6.1024943778
-156272616 -705446110
#r 0 6.0998528922
-107110534 -714561467
#r 0 6.0869599608
-58070059 -724309893
#r 0 2.9477608575
-82601892 -719494385
#r 0 2.9378555478
-94843429 -716965239
#r 0 6.0749373399
-88728427 -718257409
#r 0 2.9347019003
-91786802 -717615474
#r 1 -90959572 -717787581
517252615 315449462
#r 0 0.0342025470
567223372 317159256
#r 0 0.0307392336
617199751 318695976
#r 0 0.0306064631
667176334 320226060
#r 0 3.1703651760
642186682 319506846
#r 0 3.1774361623
629694669 319058897
#r 1 630438887 319098270
-836634468 79323631
#r 0 5.4342165523
-803596591 41793661
#r 0 5.4348516830
-770534884 4284682
#r 0 5.4344699619
-737487497 -33236915
#r 0 2.2882098238
-753923445 -14399197
#r 0 5.4315810137
-745688732 -23803425
#r 0 5.4288973548
-741583997 -28516586
#r 0 2.2881509910
-743638358 -26161744
#r 0 2.2844728328
-744661202 -24980552
#r 1 -744575508 -25078343
-478957491 -425697431
#r 0 5.4607254456
-444936460 -462338520
#r 0 5.4651145364
-410754936 -498829935
#r 0 5.4614515471
-376707308 -535446312
#r 0 5.5162907927
-340703856 -570141433
#r 0 4.6049255674
-346066691 -619853001
#r 0 1.4666664517
-343468146 -594988417
#r 0 1.4564289419
-342041652 -582569939
#r 0 1.4611145891
-341357498 -576357347
#r 0 1.4676468575
-341035718 -573248864
#r 1 -341024804 -573127144
744680137 283363242
#r 0 1.9113802299
727978261 330491231
#r 0 4.2308792307
704822372 286176394
#r 0 1.7329887219
696748261 335520175
#r 0 2.6685987063
652237842 358297853
#r 0 1.9061205143
635784076 405513037
#r 0 1.1770262380
654967711 451686494
#r 0 1.1778679927
674112472 497876083
#r 0 4.3098401787
664318355 474874447
#r 0 1.1697526773
669198097 486382622
#r 0 1.1610633834
671687880 492115305
#r 0 4.3039819347
670446790 489247316
#r 0 1.1641719816
671064777 490682414
#r 1 671082645 490720253
787479252 -388621533
#r 0 1.7874039064
776733366 -339789925
#r 0 2.3123989231
742959840 -302920575
#r 0 2.1393220204
716040328 -260785793
#r 0 2.1409046342
689054167 -218693667
#r 0 3.4323866191
641153340 -233029314
#r 0 2.2209965592
610886050 -193231184
#r 0 3.3665526108
562145898 -204384550
#r 0 4.1242820851
534406550 -245984172
#r 0 3.6449158436
490607325 -270101135
#r 0 3.6427025679
446754830 -294121099
#r 0 2.0264844366
424750814 -249223178
#r 0 2.0251988825
402804535 -204297007
#r 0 1.3506304688
413724109 -155503945
#r 0 2.0633387275
390080729 -111447271
#r 0 1.9255571853
372712423 -64560792
#r 0 2.6317772382
329070693 -40159985
#r 0 1.1819495810
348026768 6107360
#r 0 2.7630039551
301567408 24587834
#r 0 2.7612020462
255141424 43151993
#r 0 1.9895329385
234811097 88832162
#r 0 2.2192747562
734374273 161323653
#r 0 1.9326458333
716674044 208085837
#r 0 2.6381533227
672877620 232207887
#r 0 1.8423479807
659466292 280375680
#r 0 1.8441562572
645967886 328519143
#r 0 3.6953642585
603440531 302224199
#r 0 1.6692258599
598526997 351982185
#r 0 1.6640582493
593870658 401764898
#r 0 4.4568879978
581234150 353388058
#r 0 1.5869538501
580426309 403381532
#r 0 1.5870045849
579615932 453374964
#r 0 1.5872413111
578793720 503368203
#r 0 1.5876297638
577952088 553361119
#r 0 1.5882609019
577078904 603353494
#r 0 4.7298931730
577516486 578357324
#r 0 4.7288011350
577721629 565859007
#r 0 1.5876064284
577616571 572108124
#r 1 577616946 572088694
-835925574 -325109799
#r 0 5.6087347609
-796873065 -356333212
#r 0 5.5201646352
-760735480 -390888602
#r 0 5.5146598136
-724788663 -425642398
#r 0 5.5195813579
-688671239 -460218860
#r 0 5.5239823911
-652401994 -494636034
#r 0 2.3855559128
-670591010 -477484951
#r 0 5.5286293981
-661483813 -486047015
#r 0 2.3922898963
-666059837 -481789963
#r 0 5.5351435933
-663769143 -483915602
#r 0 2.3923472138
-664913209 -482851405
#r 1 -665245367 -482544798
191098699 -491490599
#r 0 4.4153822985
176465736 -539301439
#r 0 4.4171857510
161919021 -587138591
#r 0 4.9149308442
171977015 -636116512
#r 0 3.3131725138
122711202 -644653473
#r 0 3.3090728724
73410805 -652988391
#r 0 4.6058058332
68091732 -702704661
#r 0 3.1936107324
18159364 -705304392
#r 0 4.7814066885
21607510 -755185353
#r 0 4.7821765861
25094059 -805063645
#r 0 4.7821808457
28580820 -854941922
#r 0 4.7774116529
31829663 -904836261
#r 0 4.7805234512
35233751 -954720248
#r 0 4.7839364725
38426011 -999261448
#r 0 1.6603291751
36429616 -977023156
#r 0 4.8027212994
37436703 -988141500
#r 0 4.7993456224
37921478 -993702344
#r 1 37866189 -992979661
76967052 -918743877
#r 0 6.0276107623
125342962 -931383944
#r 0 6.0341043753
173799932 -943709612
#r 0 6.0287238708
222189882 -956295823
#r 0 6.0229647414
258589127 -965987403
#r 0 2.8858660485
240367912 -961223450
#r 0 2.8389283808
231378920 -958416567
#r 0 5.9827269663
235876501 -959810091
#r 0 5.9807455818
238123917 -960511311
#r 0 5.9688758480
239243391 -960875236
#r 1 239252292 -960875496
-458212991 -390070259
#r 0 5.2284584261
-433539726 -433558533
#r 0 5.2300474433
-408797389 -477007546
#r 0 5.2302230485
-384047422 -520452214
#r 0 5.2142738030
-359993483 -564286083
#r 0 2.0704290159
-371971062 -542342118
#r 0 2.0799862851
-378064469 -531427817
#r 0 5.2239266010
-375004962 -536877799
#r 1 -374768393 -537306571
-561441965 -303326039
#r 0 1.1888685353
-542806462 -256928646
#r 0 0.6480435257
-502943147 -226747259
#r 0 0.6506477805
-463158567 -196462161
#r 0 1.0333373463
-437560823 -153511544
#r 0 0.6102805441
-396586459 -124856675
#r 0 0.6131500744
-355694490 -96084347
#r 0 0.6084468367
-314667651 -67504661
#r 0 0.6131004499
-273774254 -38734362
#r 0 1.1501922625
-253358657 6907761
#r 0 1.1482456794
-232854252 52510057
#r 0 1.1488940365
-212379418 98125637
#r 0 1.1462744784
-191785162 143687426
#r 0 4.5488144695
-199927464 94354851
#r 0 0.2687301635
-151722023 107630221
#r 0 0.2718576831
-103558336 121056289
#r 0 0.2736647782
-55418990 134569371
#r 0 0.2678782571
-7202257 147803669
#r 1 -7383796 147765690
-143029320 -288205830
#r 0 4.2963347308
-163237043 -333940367
#r 0 4.2983440457
-183352831 -379715416
#r 0 4.2955472659
-203596562 -425434026
#r 0 4.2942675418
-223898784 -471126693
#r 0 4.2935156826
-244235355 -516804082
#r 0 4.2946827320
-264518604 -562505174
#r 0 4.2932390361
-284867810 -608176935
#r 0 4.2987469145
-304965155 -653960084
#r 0 4.2968257569
-325150419 -699704538
#r 0 4.2913596355
-345585425 -745337975
#r 0 1.1513016211
-335402949 -722505603
#r 0 4.3253090099
-340121524 -734080794
#r 0 1.1835971669
-337761547 -728293481
#r 0 1.1854303308
-336586865 -725397666
#r 0 1.1841678850
-335997695 -723950497
#r 1 -336092254 -724197785
-217724255 370576245
#r 0 1.7472484868
-226501152 419799878
#r 0 0.6365943612
-186294905 449522895
#r 0 1.8774875731
-201390202 497189781
#r 0 0.7202105183
-163806857 530166927
#r 0 1.3323517254
-151997281 578752253
#r 0 0.1054393922
-102274960 584014460
#r 0 2.3267452779
-136573933 620395505
#r 0 6.1171648340
-87261422 612132562
#r 0 6.1199881381
-37925778 604008876
#r 0 6.1209584292
11417725 595933064
#r 1 11463054 595882122
231282029 -813119927
#r 0 1.8920546422
215493992 -765677985
#r 0 1.8918758162
199714439 -718233220
#r 0 1.6541393010
195552113 -668406771
#r 0 1.6567233888
191261045 -618591244
#r 0 1.6542589104
187092759 -568765293
#r 0 1.9153517654
170203845 -521704008
#r 0 1.9149330592
153334637 -474635655
#r 0 1.9115086552
136626709 -427509811
#r 0 1.6269486766
133820567 -377588617
#r 0 1.7216259238
126307649 -328156279
#r 0 1.9336873618
108558726 -281412555
#r 0 1.6052101217
106838376 -231442160
#r 0 1.6028575213
105235591 -181467856
#r 0 1.9578297668
86363444 -135166214
#r 0 1.5853707193
85634750 -85171524
#r 0 1.5878305513
84783080 -35178778
#r 0 1.7245002983
77128106 14231761
#r 0 1.5757949425
76878176 64231136
#r 0 1.7349000752
68709767 113559395
#r 0 1.5689652739
68801320 163559311
#r 0 2.0865299973
-173650117 941397434
#r 0 6.2459976077
-123684686 939538478
#r 0 6.2476244131
-73716297 937760808
#r 0 6.2240749378
-23803622 934807010
#r 0 3.0861489337
-48765207 936192393
#r 0 3.0737585268
-61236626 937039681
#r 0 3.0868531603
-67477508 937381645
#r 0 6.2232171460
-64358005 937194350
#r 1 -64696311 937227619
-974261600 -135035256
#r 0 0.6964009441
-935903810 -102962215
#r 0 1.0061151623
-909146485 -60724252
#r 0 1.0050249167
-882343126 -18515486
#r 0 0.6738553302
-843272039 12684677
#r 0 0.6726824699
-804164385 43838993
#r 0 1.0387757098
-778800599 86928184
#r 0 0.6560612096
-739180547 117428209
#r 0 0.9824781332
-711432409 159021969
#r 0 0.9803245796
-683594761 200555875
#r 0 0.6179108908
-642840235 229522556
#r 0 0.6180223158
-602088937 258493778
#r 0 1.0358734116
-576600201 301509174
#r 0 1.0409196084
-551328853 344652643
#r 0 1.0366658023
-525874210 387688223
#r 0 1.0388154210
-500512136 430778421
#r 0 1.1822028774
-481567781 477050566
#r 0 1.1845377171
-462731515 523366817
#r 0 0.9943619425
-435479617 565287386
#r 0 0.3288259410
-388158510 581433991
#r 0 1.3464637078
-377035722 630181130
#r 0 1.3505800011
-219071864 876570219
#r 0 3.2728714366
-268641629 870025118
#r 0 3.2774899951
-318180637 863251146
#r 0 3.2661361429
-367793361 857040057
#r 0 0.1252669772
-342989252 860163548
#r 0 0.1218491578
-330581926 861682897
#r 0 0.1226937810
-324378883 862447814
#r 1 -324464627 862441656
841216372 -245702053
#r 0 2.2314922163
810533049 -206223784
#r 0 2.2322478742
779819903 -166768712
#r 0 2.4099382353
742616398 -133363634
#r 0 2.2254782130
712171051 -93701551
#r 0 2.2224190750
681847178 -53946517
#r 0 2.2225896669
651516524 -14196656
#r 0 2.2240103682
621129428 25510074
#r 0 2.2240602162
590740353 65215289
#r 0 2.2246805743
560326652 104901644
#r 0 2.4676255996
521259051 136106172
#r 0 2.4671678418
482205738 167328580
#r 0 2.1931018350
453060237 207955416
#r 0 2.1913834814
423984590 248632274
#r 0 2.4968477921
384021934 278682001
#r 0 2.1630536090
356110170 320166136
#r 0 2.1592221143
328357557 361756910
#r 0 2.1636034213
300422989 403225692
#r 0 2.1658830617
272393960 444630686
#r 0 2.1640711317
244440000 486086399
#r 0 2.1642270301
216479577 527537753
#r 0 2.6740690742
-554460271 622376857
#r 0 0.5538316068
-511934494 648674353
#r 0 0.5550580898
-469441003 675023986
#r 0 0.5580570003
-427026723 701500935
#r 0 0.5599206488
-384661860 728056883
#r 0 0.5552539066
-342173529 754414837
#r 0 0.5528509971
-299621985 780670619
#r 0 0.5526554036
-257065306 806918078
#r 0 3.6959184327
-278321694 793758824
#r 0 3.6924941730
-288972386 787215611
#r 0 3.6853633323
-294320925 783982062
#r 0 0.5440587119
-291647122 785599607
#r 1 -291554435 785650370
-710372218 -603481641
#r 0 1.0398838826
-685056198 -560364369
#r 0 1.0417960704
-659822673 -517198767
#r 0 1.0436674177
-634669970 -473986020
#r 0 1.0410257875
-609403203 -430839868
#r 0 1.0405488114
-584115859 -387705772
#r 0 1.0400404697
-558806591 -344584536
#r 0 1.0450036945
-533711654 -301338216
#r 0 1.0393524449
-508372724 -258234404
#r 0 1.0407038181
-483092066 -215096389
#r 0 1.0397152059
-457768774 -171983388
#r 0 1.0449779450
-432672724 -128737715
#r 0 1.0450223142
-407578593 -85490928
#r 0 1.0373399622
-382152968 -42438197
#r 0 1.0439953132
-357014435 782795
#r 0 1.0418894969
-331784943 43950754
#r 0 1.0436730748
-306632484 87163644
#r 0 1.0430425998
-281452786 130360667
#r 0 1.0444820815
-256335295 173593891
#r 0 1.0431281452
-231159292 216793068
#r 0 1.0423516338
-205949752 259972682
#r 0 1.0410137585
57367412 137137296
#r 0 1.5434877965
58732669 187118653
#r 0 1.5433267786
60105974 237099790
#r 0 1.5484528983
61223052 287087310
#r 0 1.5441097684
62557222 337069507
#r 0 1.5443333453
63880217 387052001
#r 0 1.5444454238
65197610 437034643
#r 0 1.5445479269
66509879 487017420
#r 0 1.5435969828
67869679 536998926
#r 0 1.5426906420
69274778 586979179
#r 0 1.5397751317
70825589 636955123
#r 0 1.5425220288
72239116 686935138
#r 0 1.5426141704
73648037 736915283
#r 0 1.5430524486
75035053 786896041
#r 0 4.6833765335
74309844 761906563
#r 0 4.6882578698
74008234 749410182
#r 0 4.6853545195
73839288 743162422
#r 0 4.6780783755
73732087 740039229
#r 2 73720340 739552617
