701687785 -541700890
#r 0 1.4434394570
701687785 -540700890
#r 0 2.8875261052
701811714 -540733072
#r 0 1.4461588185
-499127383 633119407
#r 0 3.4657707058
-499127383 632119407
#r 0 4.7342796976
-499149117 633112104
#r 0 3.3522849509
-483608482 -622730427
#r 0 1.0076559938
-483608482 -621730427
#r 0 2.2058139659
-483268475 -622191873
#r 0 2.4079684196
-400050622 -282770132
#r 0 3.8899123978
-400050622 -281770132
#r 0 2.2048462258
-399613633 -282364404
#r 0 3.8176728227
301295572 728310821
#r 0 4.6448966758
301295572 727310821
#r 0 4.1839204044
301219127 727179891
#r 0 4.8152952888
538670319 187274473
#r 0 5.4102461727
538670319 186274473
#r 0 0.4346399571
539273941 186554704
#r 0 0.3328115756
-356518068 -65592954
#r 0 2.3363551112
-356518068 -64592954
#r 0 1.1920195861
-356799514 -65300113
#r 0 2.2987026396
-276446552 932869643
#r 0 4.2482588829
-276446552 931869643
#r 0 4.0964291915
-278156493 929453883
#r 0 5.6927292918
-550539604 -271667289
#r 0 2.5201776427
-550539604 -270667289
#r 0 1.7354617349
-550350992 -271802344
#r 0 4.3950190077
-618319202 -169265767
#r 0 1.2294722745
-618319202 -168265767
#r 0 4.7704836078
-618269225 -169125076
#r 0 4.7947136514
755102565 -188650360
#r 0 6.1207666932
755102565 -187650360
#r 0 1.6418729676
755174602 -188662164
#r 0 6.1682968149
380790345 -501424583
#r 0 6.2674533827
380790345 -500424583
#r 0 6.1506565858
389295417 -501558395
#r 0 0.0431807348
-579009961 358478730
#r 0 1.0486509368
-579009961 357478730
#r 0 3.9351402025
-580396066 356069847
#r 0 4.3477458739
299350043 -849072587
#r 0 3.2605387678
299350043 -848072587
#r 0 2.3626264265
300253607 -848964602
#r 0 2.3603413430
547958642 -796389549
#r 0 1.0909569695
547958642 -795389549
#r 0 1.1822342347
546039896 -800076562
#r 0 1.8501560583
120566706 -818818612
#r 0 1.7136727490
120566706 -817818612
#r 0 1.5106890777
120524276 -818523666
#r 0 2.5988135463
137093106 -178832048
#r 0 5.4740561838
137093106 -177832048
#r 0 3.9964215834
136638169 -178354989
#r 0 2.4191812014
-671832205 450572368
#r 0 4.9346709829
-671832205 449572368
#r 0 1.2206349788
-671692591 449954652
#r 0 1.5049059746
-468532303 -84888903
#r 0 5.6973418027
-468532303 -83888903
#r 0 5.6194810541
-460093846 -90488262
#r 0 5.6688033942
242220329 -192797614
#r 0 4.0660942431
242220329 -191797614
#r 0 2.6135319553
242744186 -192103188
#r 0 2.4326936147
474168597 127670696
#r 0 6.0090868059
474168597 126670696
#r 0 4.5491422432
474326019 127626433
#r 0 3.1311445106
595496296 -707793242
#r 0 1.9333198746
595496296 -706793242
#r 0 1.2936168509
595333732 -707364638
#r 0 3.4645909051
677928845 -196320030
#r 0 1.2162529464
677928845 -195320030
#r 0 2.1075366116
678157051 -195703566
#r 0 0.8562636211
134234208 -184258840
#r 0 1.4770361151
134234208 -183258840
#r 0 5.4600954279
134319586 -183350910
#r 0 3.5036316865
-222667336 -46611794
#r 0 0.6458887297
-222667336 -45611794
#r 0 0.6058083271
-206284518 -34263452
#r 0 2.6617570457
219528894 970092025
#r 0 4.0099624413
219528894 969092025
#r 0 4.1725228258
221580819 972516193
#r 0 4.3931496424
-384209398 -106897359
#r 0 3.0724286021
-384209398 -105897359
#r 0 4.2251105844
-384720532 -106861950
#r 0 3.1851864356
615373946 -411111791
#r 0 2.3009883034
615373946 -410111791
#r 0 0.5709832502
614805553 -410476902
#r 0 2.3253000060
326662212 790338362
#r 0 4.5648018458
326662212 789338362
#r 0 3.2176094170
326511841 789326909
#r 0 5.4129610234
340630368 -61653550
#r 0 6.2749424863
340630368 -60653550
#r 0 6.1974853018
353505779 -61759682
#r 0 5.2346210734
-936931568 -253662529
#r 0 0.8939474355
-936931568 -252662529
#r 0 0.8442527306
-928555575 -243237662
#r 0 1.7841498173
-55698254 -527054964
#r 0 2.4896615436
-55698254 -526054964
#r 0 0.2410304661
-56689270 -526298565
#r 0 2.5822115239
-176767589 -188188183
#r 0 5.1602517147
-176767589 -187188183
#r 0 5.1583378210
-79177842 -391321651
#r 0 4.8103805728
133207554 429148051
#r 0 2.7234714556
133207554 428148051
#r 0 4.8424310413
133068706 429209744
#r 0 0.5893815772
420725815 -425022251
#r 0 4.4748389682
420725815 -424022251
#r 0 2.4793500303
420929487 -424181055
#r 0 3.2776691180
-984543034 144270826
#r 0 5.4246254243
-984543034 143270826
#r 0 4.7247559775
-984555581 144285358
#r 0 4.6440328186
366737756 485628537
#r 0 2.2779316662
366737756 484628537
#r 0 3.8386747629
367235887 485045628
#r 0 5.4698910614
-649282821 -270779598
#r 0 2.2023686903
-649282821 -269779598
#r 0 4.7887230494
-649197408 -270896358
#r 0 0.0896269445
411724544 245564399
#r 0 6.1110575267
411724544 244564399
#r 0 2.7456557996
407628934 246276413
#r 0 0.0700762907
795592083 -315379132
#r 0 6.2354358791
795592083 -314379132
#r 0 0.1218092612
789716679 -315098371
#r 0 0.0580978331
-521849662 466816098
#r 0 5.6059947287
-521849662 465816098
#r 0 1.2511546037
-521588241 466605909
#r 0 1.1905260121
-558514126 -706353026
#r 0 6.0192022945
-558514126 -705353026
#r 0 2.0982770601
-557822724 -706539906
#r 0 0.8024044167
-218018041 -776753981
#r 0 6.1586773362
-218018041 -775753981
#r 0 6.1686658941
-316708544 -764402335
#r 0 5.6206968500
517252615 315449462
#r 0 0.6113022533
517252615 314449462
#r 0 0.6127298240
0 0
#r 0 4.9764359841
-836634468 79323631
#r 0 3.6171417741
-836634468 78323631
#r 0 1.0194570969
-835734527 79787071
#r 0 3.6627600016
-478957491 -425697431
#r 0 3.3468245250
-478957491 -424697431
#r 0 3.8065286456
-480693958 -426058899
#r 0 0.5707367177
744680137 283363242
#r 0 0.9483422177
744680137 282363242
#r 0 0.8999403980
737188962 272924332
#r 0 0.9802304498
787479252 -388621533
#r 0 2.5812419194
787479252 -387621533
#r 0 1.5029146339
787414047 -388580621
#r 0 2.7687396853
734374273 161323653
#r 0 0.9785100935
734374273 160323653
#r 0 5.0350859570
734150896 160991677
#r 0 5.4960370041
-835925574 -325109799
#r 0 5.7587040590
-835925574 -324109799
#r 0 3.4419125897
-837051428 -324458461
#r 0 5.7363601972
191098699 -491490599
#r 0 1.9231028057
191098699 -490490599
#r 0 3.2541615289
190745724 -490530502
#r 0 1.4685215065
76967052 -918743877
#r 0 2.9824150130
76967052 -917743877
#r 0 1.0866068803
76482055 -918666018
#r 0 1.2802763481
-458212991 -390070259
#r 0 0.0462479363
-458212991 -389070259
#r 0 0.1166997553
-472307127 -390722549
#r 0 0.1503124184
-561441965 -303326039
#r 0 5.4600929552
-561441965 -302326039
#r 0 3.1579198512
-562355450 -302340955
#r 0 0.3879186348
-143029320 -288205830
#r 0 3.5370835685
-143029320 -287205830
#r 0 1.8799441176
-142747509 -288088177
#r 0 1.8116841850
-217724255 370576245
#r 0 2.3753778865
-217724255 369576245
#r 0 6.0545586991
-216353746 369257334
#r 0 2.5496580535
231282029 -813119927
#r 0 2.3956852713
231282029 -812119927
#r 0 3.4283924223
230461625 -812361889
#r 0 2.3303833631
-173650117 941397434
#r 0 5.5664041817
-173650117 940397434
#r 0 3.7720011372
-173025558 940853200
#r 0 4.0871749579
-974261600 -135035256
#r 0 1.7894798096
-974261600 -134035256
#r 0 5.4957530076
-974547673 -133748017
#r 0 0.0108620331
-219071864 876570219
#r 0 5.5981303850
-219071864 875570219
#r 0 4.5739660764
-218946787 876468024
#r 0 4.8958141605
841216372 -245702053
#r 0 4.4252484234
841216372 -244702053
#r 0 4.3511667176
842568709 -241122537
#r 0 1.0286410216
-554460271 622376857
#r 0 4.3666166346
-554460271 621376857
#r 0 3.5098204172
-554878670 621215428
#r 0 2.6593382457
-710372218 -603481641
#r 0 5.0440935570
-710372218 -602481641
#r 0 2.1572270378
-711087412 -601405188
#r 0 5.0836166726
57367412 137137296
#r 0 5.4827449687
57367412 136137296
#r 0 4.6014258832
57467357 137034298
#r 0 4.4410005868
350298717 99524416
#r 0 4.9464515114
350298717 98524416
#r 0 3.8554273465
350496335 98695596
#r 0 4.8803758661
124361302 -505132095
#r 0 1.2028916949
124361302 -504132095
#r 0 3.4695980704
124804949 -503981123
#r 0 3.2163001285
-544744435 413022941
#r 0 0.0880107148
-544744435 412022941
#r 0 0.0784438373
-648548572 403863403
#r 0 4.8140059555
-119196968 -904270036
#r 0 5.8625415307
-119196968 -903270036
#r 0 5.8096299559
-103836413 -911141503
#r 0 2.7687051112
-804414631 -463783652
#r 0 5.8545777021
-804414631 -462783652
#r 0 0.2172002235
-805890388 -463109324
#r 0 0.2613187426
551441948 -761356956
#r 0 2.3301030880
551441948 -760356956
#r 0 2.3924226481
543347794 -752829010
#r 0 2.1129290546
27156741 -865736728
#r 0 2.0756729032
27156741 -864736728
#r 0 3.3533659054
26662781 -864842928
#r 0 3.4568812410
940217810 -146619311
#r 0 2.7488328477
940217810 -145619311
#r 0 0.6911090562
939412324 -146285611
#r 0 3.7935380481
-914055295 46387478
#r 0 0.2397535213
-914055295 45387478
#r 0 3.7734787109
-912004231 46888872
#r 0 3.7551051331
-936955659 -34943340
#r 0 2.8005821891
-936955659 -33943340
#r 0 2.7873058882
-870377357 -58570261
#r 0 5.0475884533
-369379595 277222742
#r 0 5.6067094763
-369379595 276222742
#r 0 1.1334679245
-369039666 276949830
#r 0 5.5178702232
-821124475 11788443
#r 0 1.0639849483
-821124475 10788443
#r 0 0.7955275793
-822405293 9481411
#r 0 4.9759078864
-490967586 616064171
#r 0 4.6003174454
-490967586 615064171
#r 0 4.5563446706
-491362976 612550938
#r 0 4.6955206434
-678074763 -588467848
#r 0 1.5030150380
-678074763 -587467848
#r 0 0.8227677702
-678001519 -587388915
#r 0 0.1782725172
217643120 -215305082
#r 0 4.7619923897
217643120 -214305082
#r 0 4.6469210323
217614868 -214735999
#r 0 1.9936602100
-682169509 -158834214
#r 0 2.9640524737
-682169509 -157834214
#r 0 2.5483891997
-680148392 -159196862
#r 0 0.0853056124
557597791 508080141
#r 0 5.4837069945
557597791 507080141
#r 0 2.8507994221
558968992 506669772
#r 0 3.0824385223
639262792 -399950495
#r 0 0.4445856254
639262792 -398950495
#r 0 0.7159381160
636721575 -401161117
#r 0 2.7252464219
61684808 -566926225
#r 0 2.7057859063
61684808 -565926225
#r 0 2.8544874663
55816438 -564193513
#r 0 2.2227427068
523190902 523430949
#r 0 3.8346907076
523190902 522430949
#r 0 5.4817061008
522654205 522985191
#r 0 4.2986994996
-97120665 -106773775
#r 0 1.5510559538
-97120665 -105773775
#r 0 0.4392036502
-97100737 -105764413
#r 0 4.0212768282
-565009351 514254679
#r 0 5.5524154642
-565009351 513254679
#r 0 0.2347077585
-564128619 513465275
#r 0 0.2658980171
334580786 -482417867
#r 0 6.0121930891
334580786 -481417867
#r 0 5.9245393655
344886761 -485281141
#r 0 2.0784527343
-302732954 278207160
#r 0 1.5713867404
-302732954 277207160
#r 0 2.1994295949
-302732363 277206347
#r 0 3.8064581205
-258338693 -552221732
#r 0 1.3388266841
-258338693 -551221732
#r 0 0.2479107920
-258087449 -551158138
#r 0 0.1727512787
-571070279 -284224233
#r 0 0.9850203237
-571070279 -283224233
#r 0 4.5631483268
-571264699 -284517275
#r 0 2.2939582498
481874853 641887316
#r 0 5.4505737875
481874853 640887316
#r 0 3.5820681072
482511575 641187442
#r 0 4.2826090621
-479273610 -106822827
#r 0 6.2034873355
-479273610 -105822827
#r 0 6.2472619015
-502037991 -105004701
#r 0 6.2796110181
-4238218 -621301856
#r 0 2.1614842947
-4238218 -620301856
#r 0 1.5396797598
-4267964 -621257496
#r 0 1.4376635580
-213551122 -22815755
#r 0 5.9402842394
-213551122 -21815755
#r 0 0.6140860026
-214492722 -22479600
#r 0 5.6906398757
-874003763 -51756842
#r 0 5.7720665267
-874003763 -50756842
#r 0 5.1047130619
-873464955 -52059021
#r 0 4.7442687993
-191082364 -706539912
#r 0 1.5558124235
-191082364 -705539912
#r 0 1.1526388341
-191066856 -705505013
#r 0 5.4851577607
-712230836 221529366
#r 0 3.4432726442
-712230836 220529366
#r 0 3.4717826935
-680544417 231389481
#r 0 3.5039326807
-780382671 126943689
#r 0 5.5169341505
-780382671 125943689
#r 0 6.1793893460
-779217510 125822314
#r 0 1.0973006193
-236286024 -513307999
#r 0 3.5689656015
-236286024 -512307999
#r 0 0.0496395575
-233821543 -512185563
#r 0 0.0264462740
432125842 146983063
#r 0 3.8593353677
432125842 145983063
#r 0 0.4714208056
429373504 144580046
#r 0 5.4024950413
-261116530 -918750953
#r 0 0.9999129076
-261116530 -917750953
#r 0 0.8028663457
-259199162 -915765401
#r 0 2.6091733007
118024946 613168088
#r 0 4.2463401303
118024946 612168088
#r 0 4.8473625826
117918015 612955505
#r 0 4.8344300894
-464226731 -787773296
#r 0 1.6004550549
-464226731 -786773296
#r 0 0.4765206785
-464255951 -786788379
#r 0 0.5697036296
-243669211 -909135288
#r 0 0.6722636342
-243669211 -908135288
#r 0 1.1308680321
-244421893 -909734382
#r 0 0.0510849532
-477273716 873997373
#r 0 3.9750593282
-477273716 872997373
#r 0 4.2376844002
-476090054 875300672
#r 0 4.0012293422
-723337552 322551553
#r 0 5.4495337665
-723337552 321551553
#r 0 4.6444608888
-723274262 322481840
#r 0 4.6053782634
-109826943 -461038229
#r 0 5.2796209209
-109826943 -460038229
#r 0 1.8280199451
-109378886 -461741537
#r 0 3.1823009051
273596302 -710435175
#r 0 0.5628490775
273596302 -709435175
#r 0 2.8806928362
274709998 -709732516
#r 0 2.9221454543
-495340295 -231301155
#r 0 2.8502198616
-495340295 -230301155
#r 0 6.2204168353
-499558683 -230036025
#r 0 6.1116382388
-335666797 -774290530
#r 0 6.0939220255
-335666797 -773290530
#r 0 5.6841219197
-333630994 -774680500
#r 0 2.3031701859
-44434562 -424288087
#r 0 0.2665605564
-44434562 -423288087
#r 0 5.3251353031
-43844767 -424127038
#r 0 0.9990191384
482272679 648017210
#r 0 3.9626274794
482272679 647017210
#r 0 5.3264341162
481871470 647586336
#r 0 3.5235736443
-848718430 -335529233
#r 0 3.3528702644
-848718430 -334529233
#r 0 3.3637277613
0 0
#r 0 5.7027066982
-538168394 -366123595
#r 0 4.1290311737
-538168394 -365123595
#r 0 6.1222599474
-537572280 -365220362
#r 0 6.0243009099
780704324 -493859950
#r 0 2.0508308558
780704324 -492859950
#r 0 1.4067115207
780578700 -493618670
#r 0 2.6510318219
101574837 -660299922
#r 0 3.8104980835
101574837 -659299922
#r 0 1.7387915453
101724383 -660181710
#r 0 2.2117253569
274165912 -778182756
#r 0 2.3026575025
274165912 -777182756
#r 0 2.0860515310
275698079 -779888433
#r 0 0.9003723357
-30247511 -354320033
#r 0 4.9473982591
-30247511 -353320033
#r 0 0.5862695338
-30454093 -353457238
#r 0 0.6057237646
196232884 -273237791
#r 0 0.7414063539
196232884 -272237791
#r 0 0.0803855789
197430327 -272141326
#r 0 0.0963344681
-43571381 -254057842
#r 0 3.4789994750
-43571381 -253057842
#r 0 5.5172186465
-42809589 -253790589
#r 0 4.8936840148
245238934 77228773
#r 0 4.0213983991
245238934 76228773
#r 0 4.0498516794
259018328 93890620
#r 0 5.0199581709
691449954 36763389
#r 0 4.0001856851
691449954 35763389
#r 0 3.9493078994
682568582 26476487
#r 0 5.1143659449
305194638 -415436078
#r 0 2.1278236914
305194638 -414436078
#r 0 5.5141517588
303626786 -412918719
#r 0 1.0694628713
326597884 -216545057
#r 0 5.0039939656
326597884 -215545057
#r 0 4.9351863833
327521816 -219623174
#r 0 0.1924959874
48717586 -293671845
#r 0 2.6855181404
48717586 -292671845
#r 0 3.9900513532
48102341 -293370025
#r 0 4.0465133863
530625494 -89118625
#r 0 0.1020862552
530625494 -88118625
#r 0 0.3873240567
527352042 -89453965
#r 0 3.6734531760
42124448 645983829
#r 0 5.0464785910
42124448 644983829
#r 0 3.8518782076
42391754 645213719
#r 0 3.8023232065
-178491570 670902010
#r 0 5.4915892494
-178491570 669902010
#r 0 5.4453327444
-188659298 681196562
#r 0 4.9209890872
78464923 432039983
#r 0 5.2707988722
78464923 431039983
#r 0 0.5465713550
78917602 431315392
#r 0 5.8861402595
160031141 -417843750
#r 0 2.4909476201
160031141 -416843750
#r 0 3.1436600930
158721023 -416846459
#r 0 1.8017765262
-430166093 553065446
#r 0 3.5537096516
-430166093 552065446
#r 0 3.5408781829
-495959260 524303934
#r 0 1.3942269312
17710008 853207122
#r 0 4.8176184598
17710008 852207122
#r 0 4.4338631979
17787139 852476850
#r 0 4.9738085342
14875479 -715975258
#r 0 0.5382634032
14875479 -714975258
#r 0 1.6337675773
14936246 -715938976
#r 0 2.0113559626
-415569731 -638404763
#r 0 0.2935415304
-415569731 -637404763
#r 0 0.1224362845
-409990059 -636718174
#r 0 2.6857758049
-773961145 -176289730
#r 0 1.6793291050
-773961145 -175289730
#r 0 6.0928709961
-774072442 -175268289
#r 0 5.8095574555
940988252 -325744210
#r 0 3.0523228311
940988252 -324744210
#r 0 3.0269047269
0 0
#r 0 5.0024728896
-826089410 389315028
#r 0 5.4761221552
-826089410 388315028
#r 0 5.1534911296
-827020704 390287575
#r 0 5.9136608543
787581078 -76307990
#r 0 5.2364314680
787581078 -75307990
#r 0 3.1850085127
787017291 -75332483
#r 0 3.2275986018
-720594767 -54294382
#r 0 3.0297888328
-720594767 -53294382
#r 0 0.4324366151
-722337396 -54098733
#r 0 0.6615589160
594911311 732837332
#r 0 4.5352446333
594911311 731837332
#r 0 3.4568937461
594721188 731775317
#r 0 4.6434474186
288809318 -738112341
#r 0 2.1147618459
288809318 -737112341
#r 0 1.3791633088
288662424 -737869474
#r 0 2.5241151444
-344837829 -486706031
#r 0 2.9544150357
-344837829 -485706031
#r 0 1.8850336204
-344491505 -486771623
#r 0 3.3747215829
-62712054 -847301326
#r 0 2.1810582761
-62712054 -846301326
#r 0 2.0703335550
-60227702 -850853908
#r 0 2.2048184359
-250419138 -693493865
#r 0 3.1163710911
-250419138 -692493865
#r 0 0.8448325424
-251287370 -693471962
#r 0 5.2400472771
366755340 -91389671
#r 0 0.8506870086
366755340 -90389671
#r 0 5.3042888161
367135956 -90955802
#r 0 1.8543672967
961566412 68953195
#r 0 2.3363098477
961566412 67953195
#r 0 3.8021664368
962116586 68380694
#r 0 3.3586645206
597164501 -516317146
#r 0 1.0171097544
597164501 -515317146
#r 0 0.7391409058
598580706 -514026254
#r 0 3.1270919621
-877313621 -335845740
#r 0 1.3926293497
-877313621 -334845740
#r 0 3.9135695749
-877095265 -334633168
#r 0 3.9767988701
-380835327 -806301119
#r 0 2.2184903557
-380835327 -805301119
#r 0 6.2642787674
-381602880 -805286606
#r 0 2.6203658238
822465216 -184570263
#r 0 5.8416298410
822465216 -183570263
#r 0 2.3325587380
824202102 -185391258
#r 0 5.8346717037
186036512 447263379
#r 0 4.4347462182
186036512 446263379
#r 0 4.0308901680
185597125 445721690
#r 0 5.1542428766
-324336703 -906969741
#r 0 1.1425644191
-324336703 -905969741
#r 0 2.2139307524
-324053016 -906348279
#r 0 0.0810329033
-23877194 30146238
#r 0 2.9971362554
-23877194 29146238
#r 0 5.7980748205
-26497367 30527394
#r 0 5.2085880954
-646955563 126488175
#r 0 5.3911885288
-646955563 125488175
#r 0 2.3591843918
-642884138 121441024
#r 0 1.3218223840
647455009 119171730
#r 0 4.8549221568
647455009 118171730
#r 0 2.5633182139
647613346 118068382
#r 0 3.4655375348
-614105525 708095676
#r 0 3.5337178511
-614105525 707095676
#r 0 3.5188903240
-672047262 684134370
#r 0 5.9634242570
-144601442 -246545691
#r 0 2.0084522320
-144601442 -245545691
#r 0 2.1191188374
-146601767 -242270763
#r 0 4.7423737275
-755786970 456770808
#r 0 5.9281157033
-755786970 455770808
#r 0 5.7285977302
-759808674 458261993
#r 0 4.8650108017
-942398078 -178453409
#r 0 5.0515947159
-942398078 -177453409
#r 0 0.3092482621
-942715174 -177554721
#r 0 0.5326153651
711522906 98276513
#r 0 5.8892790232
711522906 97276513
#r 0 4.8548167465
711370419 98339891
#r 0 1.0850951978
-865732126 -389513957
#r 0 1.9791821310
-865732126 -388513957
#r 0 5.6502095349
-866366114 -388048811
#r 0 2.0337851086
457994694 -775492143
#r 0 0.9142827599
457994694 -774492143
#r 0 1.3087589673
457583290 -776026064
#r 0 1.4644776029
223679184 -734348721
#r 0 1.7662060381
223679184 -733348721
#r 0 1.7558889342
227142842 -751847643
#r 0 2.5003085684
590989480 604339845
#r 0 5.1906079198
590989480 603339845
#r 0 5.0067828270
590258969 605749147
#r 0 5.0782557873
33739637 326385330
#r 0 3.8998028174
33739637 325385330
#r 0 0.2253937998
32346415 325065878
#r 0 5.2120296257
107088828 -31836439
#r 0 3.7077921301
107088828 -30836439
#r 0 3.7351446342
81508578 -48095748
#r 0 5.9843244866
-86557720 15314172
#r 0 2.3597478247
-86557720 14314172
#r 0 5.9826001869
-85093465 13860286
#r 0 2.2722368807
187576655 288198927
#r 0 3.1293472467
187576655 287198927
#r 0 3.0960634318
157559865 288566513
#r 0 2.6605096050
376013911 294524797
#r 0 2.7929811003
376013911 293524797
#r 0 2.8546636886
390637105 289209912
#r 0 6.2526007742
278966036 620220652
#r 0 5.0420864456
278966036 619220652
#r 0 4.9924272847
277163333 625488835
#r 0 5.4256677678
-721859489 -551390151
#r 0 0.3147654183
-721859489 -550390151
#r 0 0.1791598023
-714938515 -549136751
#r 0 6.1541038402
388898961 -22604958
#r 0 4.9356842538
388898961 -21604958
#r 0 3.1937020748
388674537 -21616663
#r 0 2.4335112049
-862956667 140643757
#r 0 0.5131197069
-862956667 139643757
#r 0 0.4725615881
-882088451 129863729
#r 0 0.3782631106
-64393835 -548376194
#r 0 1.6838681947
-64393835 -547376194
#r 0 1.8149372625
-64602520 -546538474
#r 0 1.8663024123
-682022435 430113840
#r 0 4.4839605563
-682022435 429113840
#r 0 1.1214302652
-682471305 428183103
#r 0 4.4804955538
129522077 617343422
#r 0 4.4066266297
129522077 616343422
#r 0 3.1109897874
129209437 616352993
#r 0 4.4452679520
-709725211 -135667791
#r 0 1.3330502698
-709725211 -134667791
#r 0 2.6772553096
-709509111 -134776027
#r 0 3.0716839917
882172595 169931446
#r 0 5.0142573010
882172595 168931446
#r 0 2.1570218913
882758874 168048632
#r 0 4.7166248543
29768177 179516482
#r 0 3.8868672205
29768177 178516482
#r 0 0.7054849660
15703540 166537515
#r 0 0.8193208631
258981388 553416150
#r 0 0.0652299824
258981388 552416150
#r 0 0.1091766536
281559923 554891040
#r 0 6.1740238420
867622611 474026919
#r 0 3.9863752623
867622611 473026919
#r 0 4.4127480525
868096450 474560664
#r 0 3.4694451336
494169261 705240858
#r 0 5.0843606200
494169261 704240858
#r 0 5.1973128163
495672384 701388011
#r 0 3.8026732835
122469093 -725635014
#r 0 2.3708014620
122469093 -724635014
#r 0 2.2716186166
127140728 -730172128
#r 0 3.3253322479
-603116602 -663308573
#r 0 3.3190222657
-603116602 -662308573
#r 0 3.4468692508
-610479722 -664628893
#r 0 0.1792874899
-145539966 -887360284
#r 0 5.7338959088
-145539966 -886360284
#r 0 5.7107460159
-114568204 -906318964
#r 0 5.8829194435
682414660 608429595
#r 0 3.2823209179
682414660 607429595
#r 0 4.2971205783
682884944 608496218
#r 0 4.7277708960
-490982295 -354183775
#r 0 3.8486250921
-490982295 -353183775
#r 0 0.1140682038
-489630608 -353028918
#r 0 3.9297110063
-802812116 -220135267
#r 0 4.0915637918
-802812116 -219135267
#r 0 2.0075854428
-802529650 -219740296
#r 0 1.3948925547
250470454 471718324
#r 0 4.2684199102
250470454 470718324
#r 0 4.1923258144
247662704 465815206
#r 0 4.4508249259
439852827 37625603
#r 0 3.1660270731
439852827 36625603
#r 0 5.3026750615
439193650 37609493
#r 0 0.9855652592
-160210028 -311873695
#r 0 3.8183427190
-160210028 -310873695
#r 0 3.4014337660
-158349386 -310379041
#r 0 5.3616282787
378118500 -176315695
#r 0 6.0127229804
378118500 -175315695
#r 0 5.9910480068
420697121 -188120871
#r 0 5.8379173806
-866575725 -214630372
#r 0 4.5672718294
-866575725 -213630372
#r 0 4.4927571709
-866152519 -211734568
#r 0 1.2777414486
135413484 36622920
#r 0 2.3479525066
135413484 35622920
#r 0 5.6422513195
139108637 32866348
#r 0 4.0270469070
133848038 926203271
#r 0 5.1975201702
133848038 925203271
#r 0 5.1355366016
130756725 932067468
#r 0 3.9514146568
152317393 -838586251
#r 0 0.8598014900
152317393 -837586251
#r 0 2.2100847285
152716405 -838122962
#r 0 2.1117763254
866394399 -388688067
#r 0 1.9325331320
866394399 -387688067
#r 0 2.0414214148
864917740 -384785558
#r 0 2.0331632744
-110683473 -855371776
#r 0 4.7128905695
-110683473 -854371776
#r 0 4.6580913738
-110683970 -854380920
#r 0 4.5975130736
-778756986 -564076853
#r 0 1.9815119147
-778756986 -563076853
#r 0 5.4273986892
-779630654 -562070644
#r 0 6.1910550856
-737950047 -439455128
#r 0 0.0233912824
-737950047 -438455128
#r 0 5.3901268519
-737159998 -439436644
#r 0 1.8699812047
-609784449 -471338019
#r 0 0.9384438362
-609784449 -470338019
#r 0 0.9378582701
-12734607 343497889
#r 0 4.9155772439
-23189346 649857189
#r 0 5.8347382180
-23189346 648857189
#r 0 4.7773716483
-23256524 649889511
#r 0 4.2359113839
919027675 186956176
#r 0 4.1309061992
919027675 185956176
#r 0 4.5125776141
919320369 187401480
#r 0 3.9856889043
-462062882 -817316296
#r 0 0.6035916262
-462062882 -816316296
#r 0 1.4767106771
-462163812 -817385880
#r 0 2.1729601587
-122964257 -333624352
#r 0 1.0192759853
-122964257 -332624352
#r 0 5.0375414865
-122746478 -333270355
#r 0 2.8201096846
-340634393 559951828
#r 0 3.3850951531
-340634393 558951828
#r 0 6.2590688172
-344303400 559040329
#r 0 5.1462903280
-909594700 -252680642
#r 0 5.0596574864
-909594700 -251680642
#r 0 0.0017590332
-909956406 -251681278
#r 0 0.8916958421
43912064 302995607
#r 0 3.5075795371
43912064 301995607
#r 0 3.3984286183
35621361 299818166
#r 0 3.4336286311
117420708 890129395
#r 0 4.6388037838
117420708 889129395
#r 0 5.2274323830
117355485 889244631
#r 0 4.1430751212
-468178342 -347725758
#r 0 6.2777200304
-468178342 -346725758
#r 0 5.5777885133
-466996436 -347732218
#r 0 6.2652687782
71200613 -222501511
#r 0 5.5238094650
71200613 -221501511
#r 0 1.8207620285
71537584 -222821386
#r 0 4.4222051295
-243623499 -789879633
#r 0 0.0788430790
-243623499 -788879633
#r 0 0.8345826930
-244599548 -789956748
#r 0 1.0790374047
-769324329 107708350
#r 0 5.5314498894
-769324329 106708350
#r 0 4.7017337115
-769313778 107698487
#r 0 1.2140699254
635566251 196520845
#r 0 2.5206781920
635566251 195520845
#r 0 2.5798046662
647214838 188188722
#r 0 2.6261235571
195202581 -473800941
#r 0 0.1262297204
195202581 -472800941
#r 0 0.7946631435
194081252 -473943243
#r 0 3.8727200659
308865562 -904406367
#r 0 1.8480334018
308865562 -903406367
#r 0 3.2235835832
308587499 -903429217
#r 0 2.1924116687
710295145 -265660052
#r 0 4.7148392280
710295145 -264660052
#r 0 0.3928792619
710292697 -264661066
#r 0 1.6441669720
-659887626 -690524746
#r 0 2.6411230473
-659887626 -689524746
#r 0 1.5969378983
-659861099 -690539254
#r 0 2.5229415678
582191960 -738122481
#r 0 1.1734714543
582191960 -737122481
#r 0 1.9469396162
582395421 -737637639
#r 0 1.9833990114
619956929 619639294
#r 0 3.6722904337
619956929 618639294
#r 0 3.7486412348
629243703 625089281
#r 0 4.5893306211
279378978 182926265
#r 0 1.8986012654
279378978 181926265
#r 0 4.1959052987
279591680 182300806
#r 0 1.4653045957
-31041134 -356688329
#r 0 0.4806772940
-31041134 -355688329
#r 0 1.5934090624
-31018781 -356676673
#r 0 0.6008895135
531322273 778893238
#r 0 4.7379279768
531322273 777893238
#r 0 4.4913901815
531345210 777995329
#r 0 4.1835156713
-409016762 -551302065
#r 0 1.5837703170
-409016762 -550302065
#r 0 2.5613557038
-409029848 -550293487
#r 0 0.3538548870
-242530425 -410578653
#r 0 2.1777009470
-242530425 -409578653
#r 0 2.8322818779
-243422734 -409293500
#r 0 5.8900874951
280793211 -921368331
#r 0 1.4029793119
280793211 -920368331
#r 0 3.1588089625
280963117 -920365406
#r 0 1.3685036632
730390034 137322819
#r 0 1.0791914227
730390034 136322819
#r 0 1.4854272668
730491890 137513043
#r 0 2.5434543161
336241334 349827929
#r 0 6.0710052705
336241334 348827929
#r 0 3.6426365350
337551810 349545623
#r 0 2.9669644892
182629508 -60733374
#r 0 5.8076065387
182629508 -59733374
#r 0 3.2669233288
181069434 -59929929
#r 0 3.1652277006
-14583895 -391538609
#r 0 0.3815677128
-14583895 -390538609
#r 0 1.0618574870
-15302807 -391827059
#r 0 4.8740871918
-529968658 -541423045
#r 0 1.8301573722
-529968658 -540423045
#r 0 2.5464418688
-530292100 -540204061
#r 0 2.2588902299
-295721070 -115687762
#r 0 0.6609003958
-295721070 -114687762
#r 0 4.2489441309
-296538420 -116323292
#r 0 6.1104396935
-860392259 105310463
#r 0 0.6387504505
-860392259 104310463
#r 0 4.7214605121
-860401270 105303771
#r 0 4.7651452297
134282577 690186611
#r 0 5.5632950550
134282577 689186611
#r 0 3.6692841725
134967652 689585887
#r 0 5.7597395231
120775521 105317247
#r 0 0.5596319311
120775521 104317247
#r 0 1.4643322963
120890057 105388996
#r 0 3.0626115714
705482076 -427802156
#r 0 2.7509900119
705482076 -426802156
#r 0 1.3935238078
705315231 -427733456
#r 0 3.1022675602
67711290 -820628312
#r 0 3.6219874337
67711290 -819628312
#r 0 3.5861343658
90046697 -808989047
#r 0 1.3262677646
433987350 508403551
#r 0 4.2682594606
433987350 507403551
#r 0 3.7945198903
433239258 506831385
#r 0 2.8345253906
-118050258 19266698
#r 0 1.2440370683
-118050258 18266698
#r 0 1.3270814006
-117116498 22021902
#r 0 1.2843284366
-797637337 -148047045
#r 0 6.2125955562
-797637337 -147047045
#r 0 1.1735675114
-798044781 -148018236
#r 0 2.6478769847
-297627869 -312378482
#r 0 3.4307386761
-297627869 -311378482
#r 0 3.6739091894
-301057812 -313398832
#r 0 6.2614563465
526708312 738674488
#r 0 4.0426277137
526708312 737674488
#r 0 3.8719484931
523985608 735236147
#r 0 4.6826326771
902408713 326691638
#r 0 2.8687201931
902408713 325691638
#r 0 4.4170733599
902689057 326613183
#r 0 3.5597105522
194389026 724215994
#r 0 5.2427306713
194389026 723215994
#r 0 3.7359060290
194808980 723499808
#r 0 4.7937984102
479784988 -770379991
#r 0 1.0081210469
479784988 -769379991
#r 0 0.9277252759
483768181 -764064306
#r 0 1.6647666715
-131810955 348029062
#r 0 0.0921248107
-131810955 347029062
#r 0 5.9060289946
-133858015 347839942
#r 0 2.6681482111
586522933 -217901995
#r 0 2.9581711009
586522933 -216901995
#r 0 1.5578723483
586510039 -217899603
#r 0 3.4528517597
-187748036 23994930
#r 0 0.6729740647
-187748036 22994930
#r 0 0.0918735312
-189166529 22864240
#r 0 0.2342766759
352205545 -810872443
#r 0 1.8095738031
352205545 -809872443
#r 0 1.4085729319
352107681 -810470408
#r 0 1.4677196270
-281264150 625950435
#r 0 3.2495148699
-281264150 624950435
#r 0 4.7956975507
-281346903 625941469
#r 0 4.3789619045
805993669 -555805939
#r 0 3.0602172955
805993669 -554805939
#r 0 2.9941968398
820937525 -557024692
#r 0 1.5544666820
109176579 830254230
#r 0 4.5276924969
109176579 829254230
#r 0 4.7402916041
109152297 830124257
#r 0 3.8864024140
454603456 -115132683
#r 0 0.3309050524
454603456 -114132683
#r 0 2.5849984135
455638919 -114776964
#r 0 4.3676809355
-841858840 456991149
#r 0 5.1353210950
-841858840 455991149
#r 0 5.0969642020
-845874263 465912447
#r 0 0.1054147950
-394302774 -111391377
#r 0 3.0422312843
-394302774 -110391377
#r 0 3.1741532251
-401863540 -110637647
#r 0 2.9819847214
-44928054 515757560
#r 0 2.3503323884
-44928054 514757560
#r 0 2.2322495614
-48593294 519466026
#r 0 2.2029849872
-121117037 -740886462
#r 0 5.0234252434
-121117037 -739886462
#r 0 5.1155211933
-122422544 -736825414
#r 0 0.8384821378
-104972969 -794518837
#r 0 1.4861906748
-104972969 -793518837
#r 0 1.4466990515
-104708036 -791394926
#r 0 1.4422741290
-228728329 -70115130
#r 0 0.7289015186
-228728329 -69115130
#r 0 0.6703696836
-218736839 -61193316
#r 0 0.7770013313
211817052 -353830981
#r 0 0.4505478426
211817052 -352830981
#r 0 2.2026937062
212357650 -353569477
#r 0 0.4643121697
714039536 -444378998
#r 0 1.4997085317
714039536 -443378998
#r 0 1.5132196771
713737014 -448627435
#r 0 1.5524510475
210279624 -719446913
#r 0 0.8757559045
210279624 -718446913
#r 0 1.1479364336
209302034 -720619301
#r 0 1.9096031707
-252990652 907596128
#r 0 4.2384936595
-252990652 906596128
#r 0 4.8194283290
-253079490 907422913
#r 0 4.3340099862
-111775591 385835601
#r 0 5.5888945660
-111775591 384835601
#r 0 1.4212609925
-111641723 385724146
#r 0 1.2858145540
-751715650 246572132
#r 0 5.2959172894
-751715650 245572132
#r 0 5.2854806099
-780341627 289930176
#r 0 0.2752637423
734240015 -107718197
#r 0 4.6557662155
734240015 -106718197
#r 0 1.8107476605
734286036 -106906296
#r 0 1.7970406871
451097033 876365304
#r 0 5.0378495457
451097033 875365304
#r 0 4.3967252165
451263000 875873494
#r 0 3.9429776372
-213751703 -188883800
#r 0 5.8334977426
-213751703 -187883800
#r 0 6.0115409374
-218650290 -186519400
#r 0 5.9656216665
-871609781 -439190600
#r 0 1.7361993458
-871609781 -438190600
#r 0 1.8430710194
-872024882 -436703894
#r 0 6.2629540883
873731973 -187795839
#r 0 4.2181773587
873731973 -186795839
#r 0 4.1692400277
878743524 -178494696
#r 0 4.2017258974
476321941 -514170025
#r 0 2.0720404628
476321941 -513170025
#r 0 2.1114547934
470045380 -502714754
#r 0 5.2583474631
648529161 -258031637
#r 0 5.3768294744
648529161 -257031637
#r 0 3.0865133346
647710566 -256986504
#r 0 0.3045220998
-947200162 54478327
#r 0 5.9857063431
-947200162 53478327
#r 0 5.7037256555
-950075210 55359748
#r 0 5.1645102144
-72923073 965837855
#r 0 4.8251942574
-72923073 964837855
#r 0 5.1053083767
-72767176 964461721
#r 0 5.4470672364
533900477 -572149686
#r 0 2.7390743897
533900477 -571149686
#r 0 3.1136843497
531386962 -571079520
#r 0 2.3537748557
-787439174 -505763987
#r 0 6.1029232015
-787439174 -504763987
#r 0 6.0504392158
-769191514 -509089447
#r 0 5.1350594766
-244124713 -774407860
#r 0 2.5168211945
-244124713 -773407860
#r 0 5.6682142668
-311724529 -725659132
#r 0 5.5547291942
912688030 366379819
#r 0 3.7938443960
912688030 365379819
#r 0 4.8661631001
912549439 366273968
#r 0 3.8541336053
65744808 676218049
#r 0 5.5722787563
65744808 675218049
#r 0 4.5233856535
65909042 676076626
#r 0 5.0931559520
-530446177 836542796
#r 0 3.9749472358
-530446177 835542796
#r 0 4.1286208234
-528025014 839208074
#r 0 4.7648197219
-415563059 -298865844
#r 0 0.3949379034
-415563059 -297865844
#r 0 4.7942700127
-415483709 -298832768
#r 0 3.6163693901
-886033412 -228132643
#r 0 5.3928393291
-886033412 -227132643
#r 0 1.0544966937
-886367068 -227720419
#r 0 6.2043158941
-277974413 -935647969
#r 0 2.0778143765
-277974413 -934647969
#r 0 0.8074386172
-278325855 -935015254
#r 0 0.6684747366
200104270 740576328
#r 0 3.6000195335
200104270 739576328
#r 0 3.7491080633
205061244 743022550
#r 0 4.3057563146
-138670661 -326693416
#r 0 5.0580480345
-138670661 -325693416
#r 0 4.5889177672
-138762957 -326437122
#r 0 1.4968885210
-420259027 -893966584
#r 0 0.7841573079
-420259027 -892966584
#r 0 1.5774577838
-420252409 -893959983
#r 0 6.1899138459
-798050443 -196980374
#r 0 5.5347030939
-798050443 -195980374
#r 0 0.0118374187
-799113590 -195992960
#r 0 2.1428842081
-402542994 -134498653
#r 0 2.4910042123
-402542994 -133498653
#r 0 4.7142867515
-402541093 -134500100
#r 0 2.0456852693
508744237 816338581
#r 0 3.6260152025
508744237 815338581
#r 0 5.1928104004
508335254 816123356
#r 0 3.7350455623
-397593185 913590386
#r 0 4.5166829820
-397593185 912590386
#r 0 5.7596975786
-397771073 912693064
#r 0 5.7665406274
-443314379 -868631678
#r 0 0.1913200858
-443314379 -867631678
#r 0 0.6882311181
-444905020 -868939768
#r 0 0.6614277953
-533147680 613971414
#r 0 5.1928049767
-533147680 612971414
#r 0 3.3970872455
-532688980 613091228
#r 0 5.1417108522
-770932227 -336799630
#r 0 0.1505585389
-770932227 -335799630
#r 0 4.9888073095
-770660251 -336758370
#r 0 1.9074517124
-313801222 -169811900
#r 0 5.7668748010
-313801222 -168811900
#r 0 4.0700746018
-314326347 -169513801
#r 0 4.2192555031
396351162 236536477
#r 0 2.4587840337
396351162 235536477
#r 0 4.2763285306
396689074 236261647
#r 0 0.1039569283
653214263 -656222690
#r 0 1.4220902179
653214263 -655222690
#r 0 1.7765155348
653301468 -655640595
#r 0 2.4409478311
-126037657 252119065
#r 0 6.2554562975
-126037657 251119065
#r 0 5.9167404709
-128846309 252196966
#r 0 4.7893530840
795662488 -210263076
#r 0 4.2357800396
795662488 -209263076
#r 0 0.1238105163
796214249 -209194411
#r 0 5.0001918785
-552602322 134431660
#r 0 5.5478533962
-552602322 133431660
#r 0 5.5318704481
-586512484 165105632
#r 0 5.5129836798
-25074801 475442830
#r 0 4.9053903265
-25074801 474442830
#r 0 2.1535415030
-24796992 474021332
#r 0 2.9465019251
-581753711 58339560
#r 0 0.7221515142
-581753711 57339560
#r 0 5.2290211228
-582132335 58006037
#r 0 3.3059232857
-123676106 -141587957
#r 0 5.0964066705
-123676106 -140587957
#r 0 1.4701577911
-123756896 -141388020
#r 0 4.0836444240
-770394741 -202777594
#r 0 0.8938506732
-770394741 -201777594
#r 0 2.2869516005
-769976927 -202257681
#r 0 5.1212484397
226219170 40973701
#r 0 4.0552903636
226219170 39973701
#r 0 5.2460016840
225884600 40540020
#r 0 3.9661323969
-730767039 -317649186
#r 0 1.1677892869
-730767039 -316649186
#r 0 5.0942067767
-730560259 -317164177
#r 0 5.0098377110
313987082 -595303530
#r 0 0.9085324426
313987082 -594303530
#r 0 2.4017597008
314442608 -594719327
#r 0 1.0007536717
422385780 609464897
#r 0 3.5990252988
422385780 608464897
#r 0 3.7748433017
426520574 611500271
#r 0 3.6640302364
-283682688 -708434606
#r 0 0.6329863647
-283682688 -707434606
#r 0 5.4276674707
-283152122 -708045330
#r 0 2.0985216131
-165174039 -771223105
#r 0 5.0165331501
-165174039 -770223105
#r 0 0.9019507455
-165398701 -770507352
#r 0 5.9898753095
-595802012 -385074130
#r 0 0.0287922271
-595802012 -384074130
#r 0 3.8415695239
-597031346 -385109535
#r 0 4.4496746321
277214466 -802769623
#r 0 3.0381132629
277214466 -801769623
#r 0 2.9727248591
292220210 -804327974
#r 0 2.5776866966
-49223034 10182434
#r 0 5.9446613118
-49223034 9182434
#r 0 2.7685211386
-74652844 19135686
#r 0 2.5721826748
606551053 -19018638
#r 0 4.3019160566
606551053 -18018638
#r 0 4.3152872788
595008850 -45540636
#r 0 4.4725600233
-355498144 909755308
#r 0 5.8458724201
-355498144 908755308
#r 0 4.7922235984
-355581257 909794164
#r 0 3.7291654879
47076853 -733059593
#r 0 2.5255184038
47076853 -732059593
#r 0 1.1554228155
46740763 -732821642
#r 0 2.4803603485
-374230082 240356462
#r 0 0.2340743418
-374230082 239356462
#r 0 3.9380974121
-372954602 240660594
#r 0 5.1721254350
57914385 673072022
#r 0 4.5921451418
57914385 672072022
#r 0 4.5922696652
0 0
#r 0 4.0398231420
-434227853 -134865342
#r 0 1.7794988336
-434227853 -133865342
#r 0 1.8063720763
-436027589 -126367460
#r 0 1.8705051252
-803935016 3201268
#r 0 4.4018747280
-803935016 2201268
#r 0 3.3237885437
-804276074 2138432
#r 0 5.0055214575
612533705 664406426
#r 0 5.2022916637
612533705 663406426
#r 0 4.8333404603
612376279 664701639
#r 0 3.8605798840
-128789750 -864403732
#r 0 5.0597756207
-128789750 -863403732
#r 0 5.0475538334
-119627217 -889709722
#r 0 5.2571065337
49745228 181238661
#r 0 3.9214270431
49745228 180238661
#r 0 2.0796965349
49385686 180883098
#r 0 0.8055381428
582907428 511612935
#r 0 5.3468477072
582907428 510612935
#r 0 5.2262763024
580484972 514904467
#r 0 4.5351021067
616180789 -199370439
#r 0 5.3204431600
616180789 -198370439
#r 0 0.8440204416
615790381 -198809530
#r 0 5.3181307917
144982153 -279834439
#r 0 0.0603512722
144982153 -278834439
#r 0 4.2711075487
144495929 -279863819
#r 0 0.1399478827
-152837913 140842892
#r 0 2.4930550764
-152837913 139842892
#r 0 2.3503552818
-156777282 143828537
#r 0 3.9164540250
549838263 -730153584
#r 0 2.0262813951
549838263 -729153584
#r 0 2.1202851836
547390744 -725156997
#r 0 2.7597549653
-591139324 -247371007
#r 0 0.0078227559
-591139324 -246371007
#r 0 5.4680757424
-590203944 -247363690
#r 0 4.6358526481
-753947354 98952221
#r 0 1.3042351096
-753947354 97952221
#r 0 1.3179906580
-749157434 116493896
#r 0 1.4693322920
-98352464 -743450637
#r 0 4.5552235331
-98352464 -742450637
#r 0 4.4624145105
-97934668 -740814241
#r 0 1.4219519496
611104978 -524723090
#r 0 3.0652960651
611104978 -523723090
#r 0 3.0306670404
639727235 -526911118
#r 0 2.0399519494
-276948858 -364114257
#r 0 2.1854419870
-276948858 -363114257
#r 0 0.0991877905
-277608387 -363179890
#r 0 3.2635678779
-558362802 302376104
#r 0 4.1717408820
-558362802 301376104
#r 0 1.8385723710
-558551105 302062428
#r 0 1.1949505131
-267275647 10250653
#r 0 5.1169273577
