701687785 -541700890
#r 0 1.7137233247
694565741 -492210724
#r 0 1.3607220581
704992368 -443309953
#r 0 2.0305301826
682806887 -398501422
#r 0 1.3935225331
691624225 -349285017
#r 0 2.2667409909
659568690 -310912596
#r 0 1.9122922580
642823839 -263799859
#r 0 1.9242210562
625518195 -216890215
#r 0 1.9154721871
608623614 -169830964
#r 0 3.0787651876
558722264 -166691657
#r 0 6.1818150489
583593924 -169221575
#r 0 3.0277885900
571174784 -167802093
#r 0 3.0916886411
564931600 -167490274
#r 0 6.2485927948
568055213 -167598371
#r 1 568207733 -167613736
-499127383 633119407
#r 0 5.7856650735
-455188947 609257014
#r 0 5.1987657424
-431817652 565055401
#r 0 5.2794606356
-404959434 522881521
#r 0 2.1326883169
-418279140 544037736
#r 0 2.1458165573
-425077469 554527783
#r 1 -424707481 553700466
-483608482 -622730427
#r 0 2.3659441932
-519306839 -587721467
#r 0 2.6764182600
-563994006 -565292533
#r 0 5.8067082014
-541778602 -576758821
#r 1 -541680251 -576516992
-400050622 -282770132
#r 0 4.3395285427
-418264663 -329334590
#r 0 0.3634939593
-371531649 -311557487
#r 0 1.9148049920
-388394829 -264486974
#r 0 0.7737991099
-352631789 -229544093
#r 0 2.8959973569
-401131427 -217387403
#r 0 2.8936910340
-449602899 -205118890
#r 0 2.8640537118
-497689532 -191419410
#r 0 6.0182632673
-473561709 -197965261
#r 0 3.2377837706
-473561709 -197965261
#r 0 2.8815963867
-485641596 -194751799
#r 0 2.8704129777
-491663339 -193077582
#r 0 6.0345947224
-488634328 -193846470
#r 0 2.8973066514
-490150474 -193468549
#r 1 -490193557 -193464448
301295572 728310821
#r 0 1.1974475152
319532351 774866378
#r 0 1.1620226046
339406570 820746825
#r 0 4.3153727365
329739861 797691355
#r 0 3.4514769736
329739861 797691355
#r 0 4.2886716598
324599752 786295194
#r 0 4.2645694930
321893094 780660650
#r 0 1.1144210908
323270477 783466240
#r 1 322978959 782942325
538670319 187274473
#r 0 4.8239513105
544236872 137585304
#r 0 5.7876281800
588222068 113809212
#r 0 5.7651900765
631662746 89052244
#r 0 4.3918777605
615910157 41598520
#r 0 4.4555254014
603207743 -6761057
#r 0 3.3884074954
554722967 -18976886
#r 0 5.0822826639
572798782 -65595175
#r 0 1.9392107064
563795366 -42272687
#r 0 1.9376416576
559311951 -30604368
#r 0 5.0759721663
561534615 -36445809
#r 0 1.9547210322
560364105 -33548298
#r 0 5.0859942750
560934379 -35003016
#r 1 561057318 -35254268
-356518068 -65592954
#r 0 0.4382858402
-311244045 -44373556
#r 0 5.8447627795
-265972923 -65599142
#r 0 5.6866420929
-224608797 -93688447
#r 0 6.0430238383
-176043818 -105581420
#r 0 0.8486542687
-142994140 -68061842
#r 0 5.6647708051
-102254207 -97049043
#r 0 5.0845872925
-84071002 -143625550
#r 0 0.3281983377
-36739771 -127508647
#r 0 3.4742809571
-60368965 -135673274
#r 0 0.3426640577
-48595680 -131473306
#r 0 3.4922209020
-54465411 -133620105
#r 1 -53985538 -133401543
-276446552 932869643
#r 0 3.5769428512
-321782672 911783245
#r 0 5.3957281252
-290213375 873009807
#r 0 5.4293360536
-257359055 835319043
#r 0 4.0760768759
-287070722 795104408
#r 0 4.0831348146
-316497819 754681074
#r 0 4.0148657043
-348613890 716359305
#r 0 0.9063234544
-333197785 736040353
#r 0 0.8126200213
-324593422 745126400
#r 0 0.7402919532
-319970660 749349871
#r 0 3.8768479199
-322292648 747249804
#r 0 3.9027566256
-323426078 746170019
#r 1 -323405864 746205512
-550539604 -271667289
#r 0 5.2138075307
-526506106 -315512368
#r 0 5.2062603385
-502804197 -359537582
#r 0 4.5650481731
-510144611 -408995830
#r 0 5.7735559514
-466498342 -433388517
#r 0 5.6660693388
-425720802 -462322792
#r 0 2.5231910945
-446090956 -447829455
#r 0 2.5293267975
-456320321 -440645404
#r 0 2.5123629928
-461373401 -436967088
#r 1 -462101720 -436495795
-618319202 -169265767
#r 0 1.5258874052
-616074511 -119316179
#r 0 1.5238979009
-613730449 -69371155
#r 0 5.0732879381
-596074678 -116150143
#r 0 1.7053941222
-599429472 -91376259
#r 0 1.7157274777
-601324601 -78391879
#r 0 1.7287886167
-602531272 -70818005
#r 0 0.1557049280
-602531272 -70818005
#r 0 1.5126983171
-602203428 -65181406
#r 0 1.7279907189
-603163445 -59124598
#r 0 1.7275000406
-604312004 -51855197
#r 0 1.7199422404
-605789587 -42021799
#r 0 6.0819912546
-605789587 -42021799
#r 0 3.3941152182
-605789587 -42021799
#r 0 1.7323875519
-608080552 -27967881
#r 0 1.7382366167
-611562641 -7366591
#r 1 -611417730 -7457761
755102565 -188650360
#r 0 1.3095993385
768014421 -140346282
#r 0 3.8003264002
728476023 -170952084
#r 0 3.4621476620
681022989 -186706751
#r 0 1.8579995068
666859435 -138754757
#r 0 3.4893691846
619852794 -155795172
#r 0 3.1227310653
569861688 -154852149
#r 0 2.0640800709
546185653 -110813015
#r 0 2.3884155736
509709675 -76615017
#r 0 0.8446520521
542909250 -39228011
#r 0 2.7537112177
496623628 -20316607
#r 0 4.6577508272
493893079 -70241992
#r 0 3.2988515985
444510065 -78072570
#r 0 2.2462362562
413248029 -39050972
#r 0 0.2013909035
462237494 -29049356
#r 0 0.1993724610
511247047 -19146643
#r 0 0.4986475602
555158555 4765268
#r 0 0.5185998217
598584257 29548495
#r 0 0.4741879711
643067447 52379303
#r 0 3.6016506779
620666779 41279301
#r 0 3.6351084406
609656172 35356556
#r 0 0.4704731118
380790345 -501424583
#r 0 3.7894302466
340920815 -531597760
#r 0 1.6846967704
335238099 -481921742
#r 0 1.7516293421
326245646 -432737031
#r 0 4.8822951558
330472893 -457377047
#r 0 4.9080027400
332902791 -469640118
#r 0 4.8980891814
334056913 -475783487
#r 0 4.8967427357
334629840 -478855960
#r 0 1.7766690111
334310387 -477326244
#r 1 334278376 -476978717
-579009961 358478730
#r 0 4.5995852988
-584638191 308796510
#r 0 1.4273273184
-581063758 333539658
#r 0 4.5640536429
-582911157 321176928
#r 0 4.5765255755
-583757713 314984378
#r 0 4.5554562156
-584246133 311897683
#r 0 1.4187509788
-584009469 313442205
#r 1 -583930039 313813803
299350043 -849072587
#r 0 1.4862594568
303571854 -799251143
#r 0 1.8564608453
289482099 -751277413
#r 0 2.2110317823
259612885 -711179657
#r 0 2.2478377786
228288396 -672208176
#r 0 2.2154624885
198241814 -632243155
#r 0 5.4126528775
214352301 -651359958
#r 0 2.2856217510
206158732 -641919863
#r 0 2.2596487793
202185066 -637093990
#r 1 202234050 -637035813
547958642 -796389549
#r 0 2.3187807442
513950512 -759736485
#r 0 2.2820444574
481311522 -721859099
#r 0 2.2735566836
448995199 -683706049
#r 0 5.3481316018
463839579 -703821822
#r 0 2.1915895978
456568572 -693654107
#r 0 2.2513320402
452635134 -688795299
#r 1 452494906 -688460306
120566706 -818818612
#r 0 1.4895168236
124626208 -768983680
#r 0 2.4457121619
86251730 -736930607
#r 0 1.8008332975
74851054 -688247709
#r 0 1.0262762714
100751435 -645478909
#r 0 0.9858723790
128358234 -603791205
#r 0 1.0164349512
154678255 -561279366
#r 0 4.1524601760
141400109 -582461688
#r 0 1.0208082926
147933571 -571805054
#r 0 4.1806746725
144764748 -577192173
#r 1 145246805 -576380710
137093106 -178832048
#r 0 2.6357347752
93355151 -154604145
#r 0 2.5512631386
51817286 -126772405
#r 0 3.9466923548
17165318 -162817392
#r 0 0.8355040452
33935416 -144276525
#r 0 3.9896292631
25667205 -153651314
#r 0 3.9346624680
21281133 -158105204
#r 0 0.8206318803
23411964 -155818668
#r 0 3.9723549481
22358185 -156972669
#r 1 22687810 -156599771
-671832205 450572368
#r 0 4.0017377017
-704448582 412675509
#r 0 1.3916419286
-695538704 461875245
#r 0 4.3692997609
-703948650 438332247
#r 0 1.3656930943
-701402797 450570246
#r 0 1.3666181798
-700111666 456805679
#r 0 4.1442941056
-700111666 456805679
#r 0 1.3683443877
-699425274 460149626
#r 0 4.1465140534
-699425274 460149626
#r 0 0.3987780426
-699425274 460149626
#r 0 1.3882529981
-699039299 462240515
#r 0 6.0838729143
-699039299 462240515
#r 0 4.1619971289
-699039299 462240515
#r 0 0.9471940926
-699039299 462240515
#r 0 1.3788525323
-698703587 463967997
#r 0 1.3648137278
-698315573 465825002
#r 0 1.3872759646
-697875019 468198566
#r 0 1.3728627402
-697212219 471503318
#r 0 1.3744373861
-696258921 476295638
#r 0 1.3766199570
-694865919 483379150
#r 0 1.3641650619
-692658926 493907531
#r 0 0.9103121692
-468532303 -84888903
#r 0 4.5665552845
-475798169 -134358158
#r 0 1.8440391931
-489290939 -86213115
#r 0 0.8661751819
-456903677 -48120265
#r 0 1.5014250850
-453437896 1759474
#r 0 6.2633066074
-403447775 765604
#r 0 6.2681451372
-353453430 13624
#r 0 6.2688710948
-303458552 -702062
#r 0 6.2674034180
-253464779 -1491124
#r 0 6.2665819436
-203471671 -2321254
#r 0 2.6738447176
-248100969 20222609
#r 0 5.8244536361
-225685599 9152328
#r 0 5.7824788806
-214719162 3151273
#r 0 5.8265862696
-209105759 393857
#r 0 5.8432625883
-206276416 -937875
#r 1 -205822322 -1126896
242220329 -192797614
#r 0 1.7139247913
235088315 -143308884
#r 0 1.8113148573
223178002 -94748155
#r 0 4.1776508188
197697213 -137768260
#r 0 1.6496107876
193760568 -87923473
#r 0 0.0596589213
243671615 -84942296
#r 0 4.1083487713
215272996 -126094677
#r 0 4.3926506571
199557088 -173560562
#r 0 3.9979714915
166798215 -211334313
#r 0 3.9861046538
133593404 -248716669
#r 0 1.0315373600
146430910 -227264433
#r 0 4.1777097666
140061347 -238019834
#r 0 4.1699305145
136834760 -243372709
#r 1 136443089 -243970640
474168597 127670696
#r 0 4.8728841900
482158951 78313283
#r 0 6.0025774950
530203315 64466296
#r 0 4.3446971226
512230189 17808320
#r 0 0.1918485393
561312861 27342012
#r 0 1.0853354946
584643661 71565013
#r 0 5.4303844954
617537479 33908716
#r 0 2.1164121794
604563864 55278912
#r 0 5.2601669455
611073758 44607865
#r 0 5.2536302677
614293775 39251154
#r 0 5.2945393091
616011983 36640872
#r 0 2.1236923107
615191423 37970583
#r 1 615034183 38185768
595496296 -707793242
#r 0 1.2734623767
610144905 -659987194
#r 0 3.1635206901
560156925 -661083508
#r 0 3.4968480028
513279040 -678474997
#r 0 3.0525790977
463476995 -674030194
#r 0 2.5648438921
421564996 -646765119
#r 0 1.4509064762
427545138 -597124028
#r 0 1.4452670977
433805129 -547517451
#r 0 3.0910855512
383868890 -544993169
#r 0 2.0357536703
361449656 -500301134
#r 0 2.8852153155
313083908 -487622236
#r 0 1.2615614620
328300402 -439993901
#r 0 0.6844375079
367039142 -408382036
#r 0 3.1144887807
317057506 -407027008
#r 0 4.0655478264
286924072 -446926584
#r 0 2.5312971384
245950137 -418271101
#r 0 2.8990614779
197413477 -406263077
#r 0 3.1257131395
147419781 -405469135
#r 0 1.2200004064
164602049 -358514160
#r 0 3.4407569013
116822892 -373250244
#r 0 1.7685925812
106997440 -324225143
#r 0 3.8363974386
677928845 -196320030
#r 0 2.0161318144
656390811 -151196720
#r 0 0.6225915523
697009308 -122039599
#r 0 0.6081474863
738044701 -93472196
#r 0 0.6015414608
779267914 -65176495
#r 0 0.6339415674
819552868 -35560242
#r 0 3.7730013030
799372949 -50317301
#r 0 3.7999439747
789485361 -57965020
#r 0 0.7019220360
794257908 -53929453
#r 0 3.8777190448
791942034 -56027661
#r 0 0.7738264827
793059606 -54935659
#r 1 792693313 -55311541
134234208 -184258840
#r 0 2.5313455450
93258886 -155605341
#r 0 2.5299098734
52324744 -126893044
#r 0 5.7005537686
73200183 -140648624
#r 1 73057377 -141022719
-222667336 -46611794
#r 0 0.7079762335
-184683362 -14096910
#r 0 1.7959250275
-195844953 34641359
#r 0 1.5916682786
-196888475 84630468
#r 0 4.2340591459
-219903330 40242221
#r 0 0.6167585590
-179115452 69161920
#r 0 1.3996334014
-170599032 118431288
#r 0 5.0674143857
-153218323 71549405
#r 0 0.5965528804
-111854468 99639110
#r 0 4.1952405480
-136574642 56177483
#r 0 0.0632871829
-86674740 59339730
#r 0 0.3572458403
-39831565 76824495
#r 0 0.9012527520
-8800157 116029746
#r 0 0.8638279217
23676430 154046470
#r 0 4.7059668347
23355325 104047501
#r 0 0.8602261346
55968629 141947005
#r 0 0.8857212475
87605187 180665582
#r 0 1.7959701725
76441396 229403347
#r 0 0.7768942619
112096111 264456753
#r 0 0.7750844699
147814207 299445574
#r 0 3.8935331402
129555088 282369142
#r 0 0.7535582030
219528894 970092025
#r 0 4.2427500061
196900675 925505438
#r 0 3.2212144187
147059082 921528555
#r 0 5.8080797995
191521305 898656941
#r 0 5.0470078054
207941763 851430163
#r 0 5.0508167845
224541987 804266273
#r 0 6.1993518671
274366389 800079509
#r 0 3.8029434004
234908222 769370340
#r 0 0.3808348263
258117088 778662730
#r 0 3.5162303680
246484086 774088538
#r 0 3.5282831798
240695350 771731414
#r 0 3.5534625181
237831572 770480355
#r 0 3.5055660989
236370499 769923765
#r 1 236552782 769999803
-384209398 -106897359
#r 0 4.5577532222
-391910409 -156300744
#r 0 0.7076023010
-353914279 -123800065
#r 0 0.2165648321
-305082212 -113056266
#r 0 5.5420251990
-268197921 -146813474
#r 0 0.1488276271
-218750641 -139399533
#r 0 0.8237172842
-184775710 -102715694
#r 0 0.8311039687
-151072675 -65781896
#r 0 0.2112996361
-102184717 -55295356
#r 0 1.5599544269
-101642633 -5298295
#r 0 4.1182671076
-129631699 -46730314
#r 0 0.8518425775
-113166756 -27917934
#r 0 2.3256024182
-113166756 -27917934
#r 0 1.8643515794
-113166756 -27917934
#r 0 5.0490100695
-113166756 -27917934
#r 0 5.0398006233
-113166756 -27917934
#r 0 0.9113324775
-105389814 -17886357
#r 0 4.0510958702
-109287453 -22895023
#r 0 4.7806135326
-109287453 -22895023
#r 0 0.1824730343
-109287453 -22895023
#r 0 6.2824616931
-109287453 -22895023
#r 0 1.5253648235
615373946 -411111791
#r 0 1.5811169682
614857923 -361114454
#r 0 2.1866101172
585976772 -320299271
#r 0 1.5185849650
588586154 -270367406
#r 0 1.9316721081
570931467 -223588009
#r 0 2.2702293489
538742270 -185327643
#r 0 1.8149838012
526653871 -136810939
#r 0 3.6019592197
481859386 -159024766
#r 0 1.1383094972
502815884 -113628453
#r 0 1.3644356120
513060844 -64689299
#r 0 1.9462997432
494723798 -18173143
#r 0 5.2075894417
506603999 -40169980
#r 0 2.0622148224
500705537 -29149175
#r 0 2.0668657747
497730667 -23652471
#r 0 2.0673553192
496241874 -20904824
#r 1 496572604 -21556387
326662212 790338362
#r 0 3.5284709296
280357642 771473399
#r 0 0.0654752796
305304073 773109112
#r 0 5.0505018616
305304073 773109112
#r 0 6.0481766800
318647505 769914256
#r 0 5.9106551176
328865236 765921403
#r 0 6.0646545975
340831773 763263908
#r 0 5.8127210434
354450912 756337894
#r 0 5.9279046207
375035628 748700462
#r 0 4.6075064959
375035628 748700462
#r 0 0.3816570908
375035628 748700462
#r 0 4.2269122167
375035628 748700462
#r 0 4.2392280518
375035628 748700462
#r 0 4.3263681563
375035628 748700462
#r 0 0.3583197428
375035628 748700462
#r 0 5.8172181112
403546104 734362462
#r 0 4.3539374588
403546104 734362462
#r 0 0.6807835579
403546104 734362462
#r 0 0.6908588481
403546104 734362462
#r 0 0.6745940098
403546104 734362462
#r 0 5.7984900416
445620138 712206555
#r 0 0.0239849962
340630368 -61653550
#r 0 3.9623843753
306548262 -98237836
#r 0 2.2031349580
276996621 -57905461
#r 0 1.9854743405
256851858 -12143156
#r 0 1.9467496048
238493888 34364746
#r 0 1.2957881617
252071628 82485895
#r 0 2.0015626858
231193264 127918196
#r 0 2.1311306443
204619793 170272070
#r 0 1.1057842042
227041475 214962876
#r 0 2.4954311438
187121428 245069186
#r 0 2.4005140620
150234386 278823387
#r 0 6.2383531179
200184146 276582528
#r 0 3.2479713065
175325469 273928075
#r 0 3.2397265791
162604885 272675731
#r 0 1.8963799230
162604885 272675731
#r 0 1.9141042740
162604885 272675731
#r 0 1.9099187944
162604885 272675731
#r 0 0.1045827539
168961007 273342906
#r 0 3.2348160901
165779362 273045440
#r 0 0.0695969547
167373254 273156549
#r 1 167549218 273192425
-936931568 -253662529
#r 0 1.3335136685
-925178453 -205063514
#r 0 5.9107126273
-878606936 -223259498
#r 0 5.8686574363
-832841607 -243397390
#r 0 2.4632283791
-852306612 -227709383
#r 0 5.6140855204
-842501858 -235462884
#r 0 5.6170518392
-837587581 -239325407
#r 0 5.5272021097
-835312593 -241470345
#r 1 -835583813 -241194149
-55698254 -527054964
#r 0 3.0907456022
-105633632 -524513707
#r 0 3.0306708045
-155326356 -518978980
#r 0 3.1853770392
-205278437 -521167500
#r 0 0.0527435151
-180313202 -519849523
#r 0 0.0248725321
-167816066 -519538623
#r 0 0.0639297311
-161577715 -519139263
#r 0 3.2521483443
-164684193 -519484108
#r 0 0.1331377495
-163135244 -519276657
#r 1 -163596125 -519342508
-176767589 -188188183
#r 0 0.9774020793
-148808677 -146735810
#r 0 0.9269418833
-118794545 -106746413
#r 0 1.0144445369
-92389960 -64287046
#r 0 5.0138984411
-77541864 -112031512
#r 0 0.5173323306
-34084784 -87303346
#r 0 0.8706007482
-1866421 -49067537
#r 0 0.5982483244
39449750 -20907743
#r 0 1.1856834615
58232937 25430059
#r 0 2.4985834357
18218185 55410380
#r 0 1.9811131362
-1726808 101260105
#r 0 2.9132356135
-50428790 112578981
#r 0 0.6707538912
-11261126 143657817
#r 0 0.9062977817
19572097 183019123
#r 0 0.7442389604
56352280 216889732
#r 0 1.7552732655
47180661 266041349
#r 0 0.2255395139
95914341 277222961
#r 0 0.0275676078
145895343 278601167
#r 0 6.2519156790
195870900 277037940
#r 0 3.0134486777
171075881 280232779
#r 0 3.3471463613
171075881 280232779
#r 0 3.3379451836
133207554 429148051
#r 0 2.1006327775
107937943 472292538
#r 0 4.8454053315
114569165 422734220
#r 0 6.2593353063
164554945 421541833
#r 0 4.6911241008
163491781 371553137
#r 0 4.6793747588
161841370 321580383
#r 0 4.6891030576
160677179 271593938
#r 0 1.5722864628
160639926 296593910
#r 0 4.7153932933
160677480 284093967
#r 0 4.7379540141
160837244 277845995
#r 1 160710857 278207807
420725815 -425022251
#r 0 3.9208845031
385155246 -460161041
#r 0 1.2008715909
403232509 -413543313
#r 0 1.4155805742
410962172 -364144403
#r 0 2.6657906514
366515890 -341241827
#r 0 2.9548098884
317385552 -331956898
#r 0 1.2848896102
331486926 -283986582
#r 0 3.4530899155
283893139 -299310791
#r 0 3.5032805830
237128095 -317003464
#r 0 4.2515650412
214893783 -361787784
#r 0 4.2420302595
192233479 -406358073
#r 0 3.1264334929
142239224 -405600144
#r 0 3.1370858225
92239732 -405374803
#r 0 3.1069773684
42269684 -403644384
#r 0 3.1468321383
-7729630 -403906357
#r 0 0.0092172342
17269308 -403675929
#r 0 3.1273234308
4770582 -403497570
#r 0 6.2826342807
11020580 -403501014
#r 0 6.2388593117
14143097 -403639513
#r 0 3.1026090368
12581491 -403578605
#r 1 12383349 -403582456
-984543034 144270826
#r 0 0.6962720230
-946181109 176338921
#r 0 5.2183139960
-921950270 132602592
#r 0 0.9467950102
-892735916 173179944
#r 0 1.0867017182
-869465556 217434778
#r 0 0.8763475152
-837467456 255855106
#r 0 0.8617981752
-804913772 293805833
#r 1 -804624171 293124100
366737756 485628537
#r 0 1.2786796727
381136749 533510360
#r 0 4.4182513472
373888884 509584048
#r 0 1.2535571813
377788192 521460300
#r 1 377644701 521855385
-649282821 -270779598
#r 0 0.6038198577
-608124184 -242390047
#r 0 2.7286351557
-653921080 -222324049
#r 0 5.0287737896
-638364438 -269842371
#r 0 5.3645363531
-608019713 -309581491
#r 0 4.9679070097
-595382380 -357958116
#r 0 5.4432366262
-562007328 -395188559
#r 0 5.4483074622
-528443916 -432249285
#r 0 1.2821926972
-514213222 -384317173
#r 0 4.5829348819
-517440543 -409107986
#r 0 4.5695794991
-519264011 -421789604
#r 0 4.5775195555
-520199640 -428684782
#r 0 0.8344155947
-520199640 -428684782
#r 0 4.5848166247
-520771006 -433139215
#r 0 2.4615567024
-520771006 -433139215
#r 0 4.5842739850
-521264456 -436969736
#r 0 4.6026852006
-521734814 -441240050
#r 0 4.5803309731
-522473383 -446800265
#r 0 5.4570435147
-522473383 -446800265
#r 0 4.5886870805
-523443712 -454604304
#r 0 5.5532368801
-523443712 -454604304
#r 0 1.7199922214
411724544 245564399
#r 0 5.6522924854
452099603 216071102
#r 0 1.5429526212
453491608 266051721
#r 0 2.3918743151
416897566 300123353
#r 0 2.5678897292
374902716 327260645
#r 0 1.3561795632
385551366 376113549
#r 0 3.4792393177
338374523 359550171
#r 0 0.7156882363
376106615 392357018
#r 0 1.6501582520
372142683 442199643
#r 0 1.6422963496
368570727 492071891
#r 0 1.6440996139
364908844 541937617
#r 0 1.6430838008
361297617 591807037
#r 0 1.6376984655
357955005 641695181
#r 0 4.7735511630
359483106 616741928
#r 0 1.5399499871
359868624 629235981
#r 0 4.7026059281
359807481 622986281
#r 0 4.6706376176
359676988 619862620
#r 0 4.6335943855
359553932 618304117
#r 1 359533421 618028251
795592083 -315379132
#r 0 1.8664658898
781023062 -267548769
#r 0 2.0257723171
759051025 -222635190
#r 0 1.4825907456
763455587 -172829570
#r 0 3.5192484943
716979008 -191266696
#r 0 1.4593986983
722537377 -141576611
#r 0 1.3567177519
733159733 -92717983
#r 0 2.1528157798
705674132 -50950271
#r 0 1.2927290925
719399014 -2870882
#r 0 1.2849902469
733495560 45100853
#r 0 2.7179887278
687914886 65653278
#r 0 1.7651105182
678260202 114712294
#r 0 3.2522630037
628566088 109190065
#r 0 3.2674566745
578961609 102913467
#r 0 0.1238823821
603770019 106002611
#r 1 603250731 105719986
-521849662 466816098
#r 0 0.3463049075
-474817995 483787318
#r 0 1.3730992403
-464997405 532813393
#r 0 0.4367516041
-419690880 553963305
#r 0 3.0357692892
-469411177 559244603
#r 0 0.0782288941
-444487635 561198331
#r 0 0.1813251024
-431784028 563527396
#r 0 3.0803951939
-438229612 563922343
#r 0 0.4033241028
-438229612 563922343
#r 0 1.4120267971
-438229612 563922343
#r 0 3.0686679036
-441633132 564170985
#r 0 0.1908668440
-439957823 564494686
#r 0 3.0741635332
-440809031 564552169
#r 0 0.1849913936
-440389736 564630632
#r 0 3.0947344374
-440602788 564640623
#r 0 0.0579015389
-440496324 564646794
#r 0 0.1649740557
-440443153 564655646
#r 0 0.1614265170
-440414045 564660386
#r 0 4.6352703578
-440414045 564660386
#r 0 1.4246292071
-440414045 564660386
#r 0 0.1586674397
-440395076 564663421
#r 0 1.4349916368
-558514126 -706353026
#r 0 2.8650123709
-606613870 -692699651
#r 0 2.8966255191
-655121135 -680573429
#r 0 6.0279888603
-630930792 -686884316
#r 0 6.1069643071
-618623089 -689075925
#r 0 2.9578871581
-624768567 -687934093
#r 0 2.9667340502
-627846408 -687390353
#r 1 -627561760 -687474096
-218018041 -776753981
#r 0 5.7588826473
-174734379 -801784454
#r 0 1.0760113567
-150992258 -757780912
#r 0 5.4650252151
-116813993 -794275380
#r 0 5.4652656866
-82626953 -830761628
#r 0 5.4683147414
-48328824 -867143469
#r 0 5.5086201388
-12592563 -902113737
#r 0 2.3652787706
-30430089 -884597384
#r 0 2.3706034292
-39395387 -875886794
#r 0 5.5423019718
-34783670 -880105181
#r 1 -35446309 -879551313
517252615 315449462
#r 0 1.4725206018
522158495 365208203
#r 0 3.3583041826
473328004 354457241
#r 0 0.1492956058
498049906 358175781
#r 0 0.4009019812
509610941 363076005
#r 0 1.2953716973
509610941 363076005
#r 0 1.2782422481
509610941 363076005
#r 0 3.3428631248
503459349 361820877
#r 0 1.3242161411
503459349 361820877
#r 0 0.1280062869
506572831 362221613
#r 0 0.1299747357
508137502 362426134
#r 0 1.4447579354
508137502 362426134
#r 0 0.1438908168
508934375 362541595
#r 0 3.3360156908
508539363 362463813
#r 0 0.1172251981
508739279 362487356
#r 0 0.1328325831
508839634 362500765
#r 0 1.4420166216
508839634 362500765
#r 0 0.3863179859
508887415 362520200
#r 0 1.3383749008
508887415 362520200
#r 0 1.0547564888
508887415 362520200
#r 0 0.1256591678
508913014 362523434
#r 0 1.0516842924
-836634468 79323631
#r 0 0.2662710372
-788396527 92480417
#r 0 5.0775697840
-770540618 45777457
#r 0 1.1447003793
-749874669 91306772
#r 0 4.0899510047
-764450110 70995286
#r 0 0.4216636686
-764450110 70995286
#r 0 4.0597442160
-772327533 60689730
#r 0 4.0692078501
-776831296 54680708
#r 0 4.0696743484
-780098285 50317578
#r 0 5.0870030268
-780098285 50317578
#r 0 4.0671494249
-783279996 46090625
#r 0 5.2471444858
-783279996 46090625
#r 0 4.0682586662
-787106170 40995741
#r 0 4.0556631129
-792369486 34167998
#r 0 4.0775020917
-799701237 24214850
#r 0 4.0605407263
-810702015 9799414
#r 0 4.0890426803
-826440036 -12090174
#r 0 4.0669947413
-850638166 -44227417
#r 0 4.0616021910
-887133653 -92156563
#r 0 4.0570008562
-942171366 -163751134
#r 0 0.9390919597
-915507962 -127312199
#r 0 0.8451051696
-478957491 -425697431
#r 0 5.0430397159
-462724562 -472988995
#r 0 5.0472137411
-446294379 -520212390
#r 0 5.0139762681
-431442568 -567955701
#r 0 1.8502378271
-438338039 -543925460
#r 0 1.8969234646
-442344711 -532078527
#r 0 1.9204917534
-444487096 -526203883
#r 1 -444200195 -526804529
744680137 283363242
#r 0 2.0704657222
720723368 327250293
#r 0 0.5903402165
762260935 355082478
#r 0 0.5994101521
803544361 383290256
#r 0 0.6196576916
844248226 412328082
#r 0 3.7625534778
823915232 397782660
#r 0 0.6208402694
834082605 405054145
#r 0 0.6304529356
839131109 408738587
#r 1 838420358 408243236
787479252 -388621533
#r 0 2.3429782422
752594252 -352802030
#r 0 1.6459502114
748840094 -302943166
#r 0 1.4927155412
752740168 -253095504
#r 0 2.4290212948
714906004 -220406422
#r 0 1.4215648514
722339914 -170962140
#r 0 2.4749330137
683045334 -140043926
#r 0 1.7076139881
676225773 -90511173
#r 0 1.6934450706
670108699 -40886770
#r 0 1.7247265094
662442548 8522036
#r 0 1.6644450043
657766955 58302944
#r 0 1.5513024139
658741589 108293444
#r 0 2.8276190204
611185896 123735466
#r 0 2.8301214382
563591709 139058436
#r 0 1.5667493795
563794056 189058027
#r 0 0.8737157710
595893158 227394011
#r 0 1.3896923601
604898938 276576284
#r 0 0.8073535896
639469577 312699281
#r 0 0.7866576736
674780358 348099122
#r 0 1.8524338186
660883908 396129203
#r 0 1.8486517462
647169210 444211498
#r 0 0.2338341872
734374273 161323653
#r 0 1.7064249761
727613612 210864479
#r 0 1.2839530837
741759905 258821568
#r 0 2.7915427891
694792124 275968800
#r 0 1.8918124127
679015579 323414565
#r 0 0.9048181591
709907008 362730206
#r 0 2.8163273163
662528710 378708217
#r 0 0.6264065026
703035679 408020083
#r 0 2.0219690930
681234617 453016902
#r 0 1.6488128306
677337748 502864815
#r 0 2.1422141207
650296491 544921567
#r 0 2.1455189496
623116391 586888723
#r 0 2.3082058405
589497758 623899364
#r 0 1.4877007100
593647759 673726841
#r 0 4.2255543060
570256226 629535935
#r 0 1.0630758030
582410890 651382310
#r 0 5.2654212156
582410890 651382310
#r 0 2.2890816822
582410890 651382310
#r 0 4.1855933065
576126315 640577029
#r 0 4.2590302584
573387898 634956354
#r 0 0.1782444398
573387898 634956354
#r 0 1.1111019442
-835925574 -325109799
#r 0 0.7311277905
-798704482 -291724318
#r 0 5.4733374004
-764224053 -327933433
#r 0 5.4617572256
-730165234 -364539401
#r 0 5.4715132726
-695750912 -400811352
#r 0 5.4579809913
-661830568 -437545672
#r 0 0.5637762251
-619568408 -410826581
#r 0 5.1939613421
-596409744 -455139968
#r 0 1.4135041607
-588577525 -405757214
#r 0 4.9976133725
-574508886 -453737141
#r 0 4.9973970006
-560450629 -501720111
#r 0 5.0115889872
-545712837 -549498741
#r 0 5.0744145632
-528004375 -596257808
#r 0 1.9296636184
-536784722 -572850428
#r 0 1.9723303687
-541670156 -561344531
#r 0 5.1041124658
-539283995 -567121166
#r 0 5.1274571685
-538023698 -569981122
#r 1 -538066120 -569814869
191098699 -491490599
#r 0 2.2565138862
159437272 -452792356
#r 0 1.6096562566
157494764 -402830104
#r 0 1.6067508821
155697424 -352862419
#r 0 1.9433966343
137495497 -306293225
#r 0 1.0635334087
161784829 -262589354
#r 0 1.7981061121
150516962 -213875545
#r 0 2.0395688111
127927385 -169269368
#r 0 0.7789219962
163510948 -134143736
#r 0 1.0801514340
187070688 -90042277
#r 0 0.7450477830
223823463 -56141930
#r 0 1.0850175952
247168320 -11926349
#r 0 1.0994717442
269871662 32622032
#r 0 1.3071419709
282902180 80894235
#r 0 2.2022127580
253387746 121253846
#r 0 2.1791205577
224813090 162284189
#r 0 0.5048998485
268574236 186470178
#r 0 2.5236698190
227820056 215437345
#r 0 2.4924145674
187991009 245663939
#r 0 2.5259845486
147169887 274536694
#r 0 2.5127427113
106734661 303947449
#r 0 5.6511595607
76967052 -918743877
#r 0 1.0830551113
100398636 -874574195
#r 0 2.0594011792
76928914 -830424765
#r 0 2.4990583192
36899929 -800463450
#r 0 1.8300606484
24081452 -752134508
#r 0 1.6258862992
21328346 -702210361
#r 0 2.0638878940
-2339225 -658166677
#r 0 1.6483599545
-6213519 -608317005
#r 0 2.6411983168
-50083191 -584328427
#r 0 1.5815155839
-50619144 -534331300
#r 0 1.3631991814
-40313682 -485404851
#r 0 1.8256817064
-52920407 -437020241
#r 0 1.0491295391
-28004111 -393670752
#r 0 2.1540345584
-55540597 -351936570
#r 0 1.2912491624
-41744576 -303877546
#r 0 0.9880931022
-14230422 -262128638
#r 0 1.6460616428
-17990136 -212270193
#r 0 0.9750480377
10066279 -170883751
#r 0 1.2948314282
23690052 -122775614
#r 0 0.6428355608
63710010 -92802243
#r 0 1.1481899162
84216958 -47201091
#r 0 1.8035984043
-458212991 -390070259
#r 0 2.5998745528
-501054195 -364289816
#r 0 1.4765781098
-496350251 -314511579
#r 0 0.6711056995
-457193523 -283418965
#r 0 2.7637481979
-503666624 -264973073
#r 0 1.4883520339
-499549078 -215142903
#r 0 2.9017670167
-548118048 -203266240
#r 0 0.7636491857
-512002189 -168688144
#r 0 0.7697919130
-476099413 -133888852
#r 0 1.0899089746
-452971109 -89559611
#r 0 1.2219007680
-435878103 -42572068
#r 0 1.1066720535
-413496109 2138628
#r 0 1.0829440428
-390059619 46305708
#r 0 1.0925621662
-367049011 90696156
#r 0 1.6009420923
-368556071 140673439
#r 0 1.0625573421
-344224092 184353581
#r 0 1.0644480754
-319974744 228079650
#r 0 1.2945175656
-306335873 276183508
#r 0 0.0096767357
-256338214 276667337
#r 0 0.4674158773
-211701433 299196380
#r 0 2.5676915064
-253690903 326341996
#r 0 2.6056551593
-561441965 -303326039
#r 0 0.6796874183
-522553504 -271898542
#r 0 0.7038609922
-484436045 -239540246
#r 0 1.2557539948
-468943209 -192001083
#r 0 0.6399611083
-428837260 -162142871
#r 0 1.1575826805
-408759532 -116351116
#r 0 1.2704113037
-393965131 -68589984
#r 0 0.7837250971
-358550690 -33293846
#r 0 0.6266546124
-318050995 -3971931
#r 0 1.2263144711
-301165544 43090597
#r 0 0.6131018302
-260272187 71860952
#r 0 0.4968653227
-216318132 95694564
#r 0 3.4556268226
-240095511 87972114
#r 0 0.4774281484
-228993267 93715819
#r 0 1.5285400807
-228993267 93715819
#r 0 0.4900837310
-223333947 96735042
#r 0 0.4871462017
-220200203 98395074
#r 0 0.4686127477
-218090617 99462993
#r 0 0.4979055355
-216261201 100457438
#r 0 0.5448342482
-214224419 101691769
#r 0 0.4923209907
-211425531 103193018
#r 0 3.4539946668
-143029320 -288205830
#r 0 1.6348555872
-146230093 -238308385
#r 0 1.4947525650
-142431568 -188452882
#r 0 1.0176517391
-116163294 -145909048
#r 0 1.6787040832
-121548217 -96199868
#r 0 2.2485024951
-152898605 -57249217
#r 0 1.4672780342
-147731930 -7516879
#r 0 0.8026028592
-112990071 28441475
#r 0 1.5060635621
-109755693 78336753
#r 0 0.6041398097
-68606141 106739471
#r 0 0.6677555524
-29345468 137700730
#r 0 0.7291469102
7941684 171012415
#r 0 0.7456777207
44673097 204935907
#r 0 0.7530968619
81151818 239130978
#r 0 0.7252102269
118569818 272295617
#r 0 0.7459855946
155290785 306230416
#r 0 3.8766557059
136746073 289464568
#r 0 3.9274091432
127909883 280620982
#r 0 0.7726227759
132385931 284984101
#r 1 132480375 285093676
-217724255 370576245
#r 0 1.9027412168
-234018373 417846761
#r 0 1.4452281605
-227756451 467453095
#r 0 1.9661267784
-247012110 513596563
#r 0 1.1805856290
-227992946 559838010
#r 0 1.2133573162
-210499133 606677806
#r 0 4.6745211450
-211445603 581695730
#r 0 1.5297498818
-210932667 594185200
#r 0 1.5354680013
-210711909 600431363
#r 0 1.5433638318
-210626192 603555219
#r 0 1.5283336424
-210559860 605116395
#r 1 -210543183 605190545
231282029 -813119927
#r 0 1.7751188227
221136839 -764159993
#r 0 2.6238360381
177690255 -739413391
#r 0 1.2469939908
193598934 -692011767
#r 0 1.1020146173
216188922 -647405798
#r 0 1.0949340557
239094176 -602960896
#r 0 2.2192929422
208894731 -563111260
#r 0 1.2971105351
222408825 -514972198
#r 0 1.3853320059
231628971 -465829661
#r 0 1.0366102133
257086006 -422795496
#r 0 1.1977335252
275309469 -376234725
#r 0 1.2807007295
289611660 -328323898
#r 0 1.2798241920
303955842 -280425626
#r 0 1.2759578538
318485107 -232583171
#r 0 3.0426612351
268729593 -227644665
#r 0 2.0967994269
243625555 -184403628
#r 0 2.4542537566
204978696 -152679500
#r 0 2.4436202174
166671356 -120546220
#r 0 1.0720322886
190588382 -76637498
#r 0 0.7124156016
228427637 -43954310
#r 0 1.0059921816
255190156 -1719638
#r 0 1.0948701040
-173650117 941397434
#r 0 5.9376629678
-126605183 924463024
#r 0 5.1365284628
-106028350 878893364
#r 0 6.1001098479
-56863928 869790639
#r 0 4.8172065187
-51632642 820065056
#r 0 4.8233560902
-46095666 770372583
#r 0 4.8294504219
-40255953 720714776
#r 0 1.7279045433
-44167520 745406873
#r 0 4.8777521466
-42109888 733077390
#r 0 4.7865384045
-41646847 726844140
#r 0 1.6568903032
-41915577 729957777
#r 0 1.6283258556
-42005436 731518021
#r 1 -42013961 731733288
-974261600 -135035256
#r 0 0.2661124687
-926021573 -121886119
#r 0 0.3211125693
-878577330 -106104996
#r 0 3.4747977278
-902202303 -114281833
#r 0 3.3883543872
-914325431 -117335593
#r 0 0.2547242490
-908276217 -115760497
#r 0 0.2303927508
-905233152 -115046723
#r 1 -904470142 -114847780
-219071864 876570219
#r 0 3.1384983885
-269071625 876724932
#r 0 3.1235402173
-319063478 877627505
#r 0 3.1374259817
-369063044 877835838
#r 0 3.0920825930
-419001775 880310330
#r 0 6.2489911950
-394016390 879455644
#r 0 6.0767603342
-381778896 876893017
#r 0 2.9386641703
-387902086 878152929
#r 0 2.9014889950
-390938189 878896248
#r 1 -391796855 878994628
841216372 -245702053
#r 0 1.8282441243
828485707 -197349905
#r 0 1.8605584683
814199492 -149434312
#r 0 1.8642515205
799736421 -101571805
#r 0 1.5802014541
799266172 -51574016
#r 0 1.8815805424
783975903 -3969314
#r 0 1.5548057089
784775400 46024294
#r 0 1.9002014032
768601393 93336042
#r 0 1.4756762027
773350231 143110017
#r 0 1.9170562705
756381125 190142447
#r 0 1.9532159657
737722804 236530668
#r 0 2.0304699318
715540023 281340536
#r 0 1.1449987453
736192387 326876015
#r 0 1.9868898219
715982869 372609759
#r 0 0.9018977891
746988982 411835018
#r 0 0.8682460263
779297290 449994856
#r 0 0.9211524039
809542435 489809818
#r 0 4.1474695664
796158742 468694025
#r 0 1.0097623387
802809516 479277842
#r 0 0.9906286508
806235594 484505238
#r 0 4.1508875299
804571639 481860021
#r 0 1.0244336252
-554460271 622376857
#r 0 3.5011676128
-601262595 604783037
#r 0 3.4772093493
-648472964 588315461
#r 0 3.4625251167
-695920048 572542883
#r 0 0.2983201257
-672024260 579890756
#r 0 3.4223436595
-684034854 576427290
#r 0 0.3059927883
-678075178 578310040
#r 0 0.2159615461
-675020825 578980112
#r 0 3.3433896336
-676552594 578666740
#r 1 -676402574 578682699
-710372218 -603481641
#r 0 0.7793064112
-674802160 -568342333
#r 0 1.1140912320
-652752495 -523466813
#r 0 0.7525134394
-616253830 -489293030
#r 0 0.8737279114
-584155194 -450956656
#r 0 0.7485600051
-547521711 -416927435
#r 0 0.8626464633
-515000232 -378949107
#r 0 0.7889032749
-479769034 -343470061
#r 0 0.8030001720
-445041465 -307497906
#r 0 1.2050775814
-427160435 -260804558
#r 0 0.7420392745
-390305837 -227014936
#r 0 0.8030599826
-355580419 -191040704
#r 0 0.5177149067
-312132802 -166295914
#r 0 0.8986922418
-281001110 -127170248
#r 0 0.7320436897
-243810611 -93750691
#r 0 0.7214726901
-206268919 -60726134
#r 0 0.7208398416
-168706335 -27725342
#r 0 0.4799393119
-124355188 -4639075
#r 0 0.7396695072
-87420620 29063116
#r 0 0.6863626947
-48742811 60749502
#r 0 0.6693176561
-9530551 91772052
#r 0 0.8474385046
57367412 137137296
#r 0 0.8537600308
90225094 174825128
#r 0 1.9383796252
72257033 221485055
#r 0 0.9577457177
101025294 262379886
#r 0 0.2997109802
148796387 277142090
#r 0 2.1599303752
121014324 318713197
#r 0 0.6053342498
162129921 347165045
#r 0 0.9861381797
189725638 388860085
#r 0 2.4214588976
152139762 421834346
#r 0 0.8623958786
184670757 459804523
#r 0 0.4248423301
230225944 480413380
#r 0 0.4339003657
275592589 501434026
#r 0 0.9906744726
302998882 543253819
#r 0 0.2999797912
350766005 558028864
#r 0 1.1208022450
372514015 603051348
#r 0 0.1650186770
421834779 611264886
#r 0 0.1666352137
471142201 619558142
#r 0 0.1060891201
520861092 624852653
#r 0 0.2779583605
568941975 638572300
#r 0 0.1178493382
618595165 644451137
#r 0 3.2571571731
593761919 641568450
#r 0 3.9884343332
350298717 99524416
#r 0 2.2585596485
318558189 138157807
#r 0 1.0853348519
341889017 182380793
#r 0 1.0948312681
364798840 226823340
#r 0 0.9400507452
394286192 267202741
#r 0 1.1143415656
416324622 312083779
#r 0 1.1218281002
438026434 357128549
#r 0 1.1086323040
460320741 401883033
#r 0 1.0737262658
484163352 445832207
#r 0 1.0548075113
508833110 489322471
#r 0 1.7093332632
501928399 538843426
#r 0 1.2665470672
516907249 586547032
#r 0 0.7173587672
554584484 619416866
#r 0 0.7414332298
591459554 653184147
#r 0 4.6567632974
588679704 603261482
#r 0 1.5012143371
590417850 628200986
#r 0 1.5533420364
590636060 640701516
#r 0 0.0209930882
590636060 640701516
#r 0 4.7713184076
591004227 634461150
#r 0 1.6444745911
590774146 637578278
#r 1 590725182 638105762
124361302 -505132095
#r 0 0.9590416259
153076543 -464200018
#r 0 1.7917904615
142116559 -415416017
#r 0 1.7802539734
131720087 -366508826
#r 0 1.0748359361
155513914 -322533222
#r 0 1.0862559546
178803998 -278288765
#r 0 1.1872833867
197513024 -231920971
#r 0 0.8694943139
229773673 -193720833
#r 0 0.8708261616
261983416 -155477763
#r 0 1.9835406144
241927183 -109676589
#r 0 0.8195163186
276055921 -73135801
#r 0 2.0482631402
253079382 -28727709
#r 0 1.1727181474
272461758 17362675
#r 0 0.7163149772
310173281 50193164
#r 0 1.3632287687
320477295 99119918
#r 0 1.1304182475
341791370 144349446
#r 0 1.2143814784
359237202 191207134
#r 0 2.3664315904
323521786 226198691
#r 0 1.1120530324
345662870 271029176
#r 0 1.1239008423
367271270 316118832
#r 0 1.0074510052
393972148 358392501
#r 0 0.9999939184
-544744435 413022941
#r 0 0.4463892796
-499643847 434608513
#r 0 0.1750049164
-450407563 443314162
#r 0 0.3454125688
-403360771 460243407
#r 0 0.4763993929
-358928178 483172530
#r 0 0.4776238925
-314523695 506156044
#r 0 0.4738613773
-270033051 528972323
#r 0 0.1584229361
-220659185 536860377
#r 0 0.5915517611
-179155368 564742866
#r 0 0.5799833301
-137331779 592143366
#r 0 0.1369299791
-87799793 598968490
#r 0 1.3671109312
-77685798 647934877
#r 0 4.5228931261
-82394893 623382395
#r 0 1.4081031016
-80370188 635717327
#r 0 4.5600215841
-81318804 629539737
#r 0 4.5391895622
-81857408 626461164
#r 0 1.3733776423
-81550909 627993477
#r 1 -81632798 627584174
-119196968 -904270036
#r 0 0.9951268069
-91977142 -862328636
#r 0 1.1862710038
-73221184 -815979806
#r 0 1.1893661581
-54608772 -769573146
#r 0 1.2396707428
-38353388 -722289296
#r 0 1.1332777722
-17168735 -676999005
#r 0 1.2638725100
-2062353 -629335631
#r 0 1.1790636332
17027168 -583123185
#r 0 1.2595496970
32339448 -535525558
#r 0 1.2665719463
47317111 -487821579
#r 0 1.1729694138
66687905 -441726326
#r 0 1.2640843854
81784188 -394059752
#r 0 1.1223727205
103461465 -349003169
#r 0 1.1592121756
123464549 -303178758
#r 0 1.0471360747
148467211 -259879025
#r 0 1.0356835630
173964113 -216868468
#r 0 1.1186117936
195810691 -171893730
#r 0 1.1241258930
217408943 -126799212
#r 0 0.8094753623
251902859 -90602945
#r 0 1.2064231899
269721042 -43885578
#r 0 0.7774536865
305356142 -8812231
#r 0 1.0606451876
-804414631 -463783652
#r 0 0.6778211176
-765467584 -432428787
#r 0 0.6535214045
-725770196 -402029488
#r 0 0.6772640771
-686805689 -370696323
#r 0 0.5203057357
-643422328 -345839051
#r 0 0.6990068359
-605148247 -313666163
#r 0 0.8030492927
-570422445 -277692302
#r 0 0.4960870270
-526449854 -253892906
#r 0 0.6963589568
-488090717 -221821476
#r 0 0.4979973755
-444163671 -197938120
#r 0 0.8284278691
-410361918 -161094647
#r 0 0.6749070000
