701687785 -541700890
#r 0 1.6692588330
696772611 -491943066
#r 0 2.5550692664
655129116 -464269626
#r 0 0.7736893898
690895990 -429330669
#r 0 4.3698615056
682499270 -452878387
#r 0 1.9042271322
677647897 -438871761
#r 0 1.6012769600
677130671 -421907999
#r 0 2.8519879569
654257362 -415092157
#r 0 1.4393034610
657481802 -390711861
#r 0 1.5936692670
656640204 -353923797
#r 0 1.4246256990
664676930 -299334125
#r 0 0.6478428418
730545765 -249484185
#r 0 1.7793392332
706980977 -138129730
#r 0 4.4356262039
691430642 -192874277
#r 0 1.2016181529
701698651 -166336332
#r 0 4.3696252983
696916890 -179736271
#r 0 1.0901507171
700205959 -173428505
#r 0 3.2179682630
696592746 -173705004
#r 0 0.0939132294
698396650 -173535094
#r 1 698580164 -173340025
-499127383 633119407
#r 0 0.4323966328
-453729180 654071810
#r 0 2.9958456479
-478464122 657702599
#r 0 6.1158523785
-466138717 655620685
#r 0 6.0850888244
-460008094 654390091
#r 0 2.9301122630
-463064895 655046357
#r 0 2.9987432198
-464612478 655268944
#r 1 -464783787 655470854
-483608482 -622730427
#r 0 4.6444815789
-487001243 -672615186
#r 0 0.5781636241
-445127862 -645290838
#r 0 5.7280817395
-402635569 -671642404
#r 0 5.4433340300
-369256891 -708869596
#r 0 6.0017125091
-321224522 -722758135
#r 0 5.7502746765
-278157922 -748160260
#r 0 2.6573338306
-300283427 -736521447
#r 0 2.5292318721
-310536272 -729319452
#r 0 2.6767024882
-316141518 -726508118
#r 0 2.2489718510
-318122947 -724048696
#r 0 5.5027804692
-317000760 -725159731
#r 1 -316849736 -725414007
-400050622 -282770132
#r 0 6.1490704929
-350499618 -289455788
#r 0 1.6218646495
-353051924 -239520973
#r 0 0.3012907366
-305304211 -224683321
#r 0 5.9255703897
-258467493 -242185373
#r 0 0.8543648468
-225632611 -204477675
#r 0 1.6119900256
-227691713 -154520092
#r 0 0.3657189061
-180998368 -136639055
#r 0 1.8522283273
-194884948 -88606119
#r 0 1.6722568998
-199949277 -38863254
#r 0 1.7045789676
-206618473 10689968
#r 0 0.7433856581
-169809402 44529180
#r 0 0.0145346267
-119814683 45255886
#r 0 1.9149813845
-136686165 92323424
#r 0 1.5824164475
-137267158 142320048
#r 0 1.8016694910
-148708538 190993396
#r 0 0.2044112434
-99749505 201142931
#r 0 1.8113975872
-111663836 249702675
#r 0 2.6339693269
-155358950 274007757
#r 0 2.7367705913
-201317575 293700518
#r 0 1.6001959607
-202787345 343678911
#r 0 4.7371142783
301295572 728310821
#r 0 4.5734078982
294368867 678792938
#r 0 4.5641707168
286985059 629341150
#r 0 1.5761320077
286851668 654340793
#r 0 4.7357531168
287143693 641844206
#r 1 287862940 641650416
538670319 187274473
#r 0 1.2834176441
552842288 235223981
#r 0 1.7221172974
545305081 284652622
#r 0 1.7661501659
535599398 333701574
#r 0 5.7808461672
579422334 309627723
#r 0 2.6348439224
557564157 321761152
#r 0 0.2768479898
569588412 325177781
#r 0 6.0484604855
586628723 321102884
#r 0 2.7167033105
578647279 324714087
#r 0 3.2284772701
574129024 324320529
#r 0 2.8416555614
571921759 325003164
#r 1 572060716 324796955
-356518068 -65592954
#r 0 4.7278789017
-355743603 -115586956
#r 0 0.6897239374
-317172518 -83770744
#r 0 0.5033472804
-273373874 -59652726
#r 0 1.3971293795
-264734109 -10404838
#r 0 0.0532047791
-214804861 -7745854
#r 0 1.4118381932
-206890383 41623783
#r 0 1.3551388316
-196190896 90465578
#r 0 0.7393942432
-159247052 124157601
#r 0 2.4077170635
-196376267 157645232
#r 0 2.3496727943
-231500279 193230394
#r 0 4.9014754399
-226801236 168675986
#r 0 1.7749287412
-229335207 180916450
#r 0 2.0589434566
-232267059 186437720
#r 1 -231655442 186597762
-276446552 932869643
#r 0 1.2269838145
-265235083 964183774
#r 0 4.3611513444
-270956917 948568764
#r 0 4.4354454533
-273230550 940570001
#r 0 4.3369327711
-274760584 936688180
#r 0 1.3028431406
-274208236 938699968
#r 1 -274418472 937903990
-550539604 -271667289
#r 0 1.2959997951
-536972049 -223543268
#r 0 2.8117511615
-584276734 -207348615
#r 0 5.4188088821
-568048869 -226365881
#r 0 1.3021414321
-563907457 -211323187
#r 0 0.2680654169
-549646739 -207406103
#r 0 1.6098041265
-550046851 -197154086
#r 0 6.0532931471
-535708947 -200509580
#r 0 2.5611694447
-541865826 -196472062
#r 0 0.9620962131
-539518751 -193104597
#r 0 0.2814278554
-534100612 -191538208
#r 0 1.2085533324
-531105060 -183633664
#r 0 1.1271268833
-526110198 -173124161
#r 0 6.2024799208
-509206619 -174491340
#r 0 6.0159162421
-486682367 -180658936
#r 0 0.8128991781
-464178299 -156881766
#r 0 4.6817908518
-465629088 -204281262
#r 0 2.6768881703
-503496128 -185297689
#r 0 1.3559017005
-498374326 -161831690
#r 0 1.5749154697
-498503238 -130536104
#r 0 1.3644441150
-489874255 -89314563
#r 0 1.4612935688
-618319202 -169265767
#r 0 2.6459739647
-662302934 -145486968
#r 0 2.9477856834
-711366841 -135857169
#r 0 2.8494448746
-759248216 -121456686
#r 0 2.9501049330
-808334325 -111940704
#r 0 2.9977763704
-857818138 -104774652
#r 0 5.5423776395
-820921952 -138518858
#r 0 1.7841328209
-831508048 -89652361
#r 0 4.6293880479
-833580690 -114566295
#r 0 0.8016798152
-824159486 -104833200
#r 0 3.8381805541
-829354593 -109178763
#r 1 -829186046 -108879890
755102565 -188650360
#r 0 2.0068723214
733983268 -143329556
#r 0 0.0057345249
783982446 -143042831
#r 0 1.0899264683
807109974 -98713186
#r 0 2.4275433734
769324164 -65968224
#r 0 4.4004531777
753979084 -113555287
#r 0 2.5372759808
712834556 -85145292
#r 0 3.3014643629
663472170 -93104870
#r 0 1.6371436547
660157237 -43214879
#r 0 1.6645989930
655473979 6565309
#r 0 4.9852701554
662211657 -17509651
#r 0 4.6354556107
661220687 -30365110
#r 0 1.2399970945
663314601 -24267838
#r 0 4.4563106222
662498151 -27386123
#r 0 4.2875857187
661830206 -28862747
#r 1 661573427 -29350449
380790345 -501424583
#r 0 2.1171404327
354811995 -458703098
#r 0 2.6589930138
310522422 -435498924
#r 0 2.4146323695
273162519 -402268852
#r 0 2.5634093684
231289675 -374943681
#r 0 2.1307429343
204732627 -332579507
#r 0 5.2282278468
217064245 -354326488
#r 0 5.3777098777
224795635 -364179582
#r 0 5.1969580329
227723668 -369741615
#r 1 227443281 -369350476
-579009961 358478730
#r 0 1.3541646411
-568262898 407310079
#r 0 1.5858749228
-569016799 457304395
#r 0 4.7203847981
-568816906 432305195
#r 0 4.9225147435
-566209489 420079523
#r 0 3.6945499041
-571712528 416683149
#r 0 0.5224973286
-568910567 418296750
#r 0 0.5020727109
-567492087 419075491
#r 1 -567498378 419328110
299350043 -849072587
#r 0 1.8350451853
286290829 -800808139
#r 0 2.4095307525
249100939 -767387904
#r 0 5.5344786195
267415185 -784405201
#r 0 2.3466116679
258661456 -775482072
#r 0 2.5686428420
253398315 -772086619
#r 0 2.3790158459
251096269 -769887318
#r 0 5.5295466247
252257075 -770976637
#r 1 252340187 -771109867
547958642 -796389549
#r 0 6.0699820036
592014450 -805927348
#r 1 591363249 -806256859
120566706 -818818612
#r 0 4.7844487522
124166577 -868688853
#r 0 4.9204021788
134492394 -917611011
#r 0 3.8986055567
98147862 -951948672
#r 0 0.8856853088
113966836 -932589953
#r 0 0.6087809738
124389321 -925324377
#r 0 0.7006044826
129247778 -921227132
#r 0 0.3570376721
132232120 -920113899
#r 0 0.9273366995
133243793 -918764885
#r 1 132836703 -919242769
137093106 -178832048
#r 0 5.9995439525
185095244 -192824716
#r 0 6.0274994966
233469748 -205470165
#r 0 2.6986748970
210882122 -194755728
#r 0 5.8766736629
222363444 -199698324
#r 0 5.8143049349
227946295 -202526363
#r 0 5.7548232959
230649017 -204103993
#r 0 5.6555233157
231917415 -205024266
#r 1 232147306 -204971739
-671832205 450572368
#r 0 5.9645452765
-624349088 434908601
#r 0 5.9903655063
-576477401 420475944
#r 0 0.2911094619
-528581099 434826703
#r 0 0.7886750569
-493341805 470297708
#r 0 0.6783451471
-454411194 501672978
#r 0 0.4579553185
-409563276 523778730
#r 0 3.4446836851
-433423738 516316936
#r 0 3.6599114056
-444538757 509977690
#r 0 4.2429718164
-447456725 504224972
#r 0 1.0539672617
-445863058 507028951
#r 1 -445958120 507055184
-468532303 -84888903
#r 0 0.9066346644
-437712342 -45517212
#r 0 0.9126824384
-407131055 -5959850
#r 0 1.6505509887
-411114562 43881214
#r 0 1.0247751521
-385150009 86611086
#r 0 2.6298168907
-428743821 111097399
#r 0 2.1523527453
-456210079 152877833
#r 0 4.9393171805
-450585441 128518781
#r 0 1.2133552153
-446211964 140228720
#r 0 4.3956901648
-448158409 134289542
#r 0 4.0066632200
-450188602 131907032
#r 0 0.9455216254
-449272523 133176011
#r 1 -449174281 133293174
242220329 -192797614
#r 0 4.3347775988
223785270 -239275013
#r 0 1.7282865947
219864269 -214584413
#r 0 0.1298038565
235341117 -212564099
#r 0 2.1834117461
229323834 -204002460
#r 0 1.4705094847
230179056 -195503306
#r 0 1.1259309537
232834558 -189933156
#r 0 2.1002322212
230356511 -185698332
#r 0 4.0582171021
226150026 -191184039
#r 0 0.6979665969
228798168 -188962729
#r 0 4.0042742101
227674134 -190275460
#r 0 1.2262942217
227965967 -189462127
#r 0 1.7648625970
227872382 -188985964
#r 0 4.0205724473
227576993 -189342544
#r 0 1.7653948840
227453343 -188715175
#r 0 3.5245421987
226819157 -188970648
#r 0 1.8764493337
226521397 -188026998
#r 0 0.6945766929
227467036 -187239225
#r 0 1.8527728848
227164058 -186193377
#r 0 0.6557579659
228438349 -185213027
#r 0 3.8547750562
227830387 -185738961
#r 0 4.0826080049
474168597 127670696
#r 0 1.3145885269
486839295 176038592
#r 0 1.9838706404
466767947 221833144
#r 0 0.0111513667
516764838 222390701
#r 0 1.3876349332
525871788 271554341
#r 0 1.2897267104
539740961 319592306
#r 0 1.5358516650
541487839 369561781
#r 0 2.8568120193
493501674 383609127
#r 0 5.3717982349
524134177 344091413
#r 0 5.5654907709
561800373 311208930
#r 0 2.3888280545
543555333 328300404
#r 0 2.5500656438
533166454 335279336
#r 0 5.6785849254
538314832 331722261
#r 0 5.6684263003
540871257 329917357
#r 1 540827750 330001161
595496296 -707793242
#r 0 2.5765137875
553268977 -681019121
#r 0 3.2794174876
503743118 -687888566
#r 0 1.4482863520
509853306 -638263314
#r 0 2.7368012327
463894078 -618571962
#r 0 2.4963493590
423946404 -588502320
#r 0 1.6064610937
422163544 -538534116
#r 0 2.0295235740
400023179 -493703276
#r 0 3.2873475990
350553352 -500965247
#r 0 2.6430888288
306638408 -477059648
#r 0 3.4317911895
258729054 -491366771
#r 0 3.4833547075
211620775 -508124159
#r 0 3.3735479108
162959836 -519618202
#r 0 3.9851028174
129717591 -556967274
#r 0 3.3366577699
80665838 -566658795
#r 0 4.2333763447
57620680 -611031317
#r 0 4.2102006301
33553438 -654857883
#r 0 4.3359367550
15172266 -701356620
#r 0 1.2813417837
22308004 -677396627
#r 0 1.0373766485
28711910 -666552105
#r 0 4.5662726323
27795072 -672782098
#r 0 1.5486591722
677928845 -196320030
#r 0 3.7366785519
636523828 -224349024
#r 0 2.3403810205
601731977 -188439038
#r 0 2.1081188850
576140093 -145484929
#r 0 2.0929995517
551200546 -102148812
#r 0 5.2224116917
563405473 -123967148
#r 0 2.4937681243
553437992 -116423984
#r 0 5.7886180687
558939081 -119390551
#r 0 5.3360142808
560806314 -121986107
#r 0 2.3070890312
559732709 -120801523
#r 1 559863825 -121131778
134234208 -184258840
#r 0 3.9810587713
100841194 -221473173
#r 0 4.1409427402
73798740 -263529156
#r 0 4.0214854361
41937051 -302062684
#r 0 0.9365649882
56751014 -281924499
#r 0 4.2401894799
51065437 -293056623
#r 0 1.1839678472
53423269 -287268435
#r 1 53291909 -288012530
-222667336 -46611794
#r 0 5.5448893549
-185686511 -80263221
#r 0 0.1394498297
-136171880 -73313306
#r 0 0.5768293214
-94262077 -46044854
#r 0 1.9574906182
-113118520 263186
#r 0 5.3387108450
-98464301 -19991539
#r 0 4.3522786552
-103113928 -32340201
#r 0 5.2781616724
-98741004 -39226472
#r 0 1.8077189585
-99698325 -35261711
#r 0 1.7352223020
-100066178 -33044715
#r 0 1.9299168746
-100615868 -31580434
#r 0 1.5690206854
-100613550 -30274915
#r 0 1.3137256856
-100201281 -28706681
#r 0 6.2556611850
-97873753 -28770760
#r 0 6.1833400377
-94719355 -29086763
#r 0 0.4160257505
-90601831 -27267583
#r 0 0.3521375050
-84265436 -24939257
#r 0 0.0576526049
-74157541 -24355864
#r 0 6.2090926789
-59180241 -25467607
#r 0 0.8101837140
-43852898 -9360997
#r 0 0.3195091397
-13681145 621168
#r 0 6.1717916390
219528894 970092025
#r 0 4.6967539566
218747175 920098136
#r 0 2.6128271275
175575651 945321528
#r 0 5.2746810163
188903819 924170644
#r 0 4.5566011614
186567137 909293053
#r 0 3.7123525255
172284679 900123127
#r 0 2.4844697044
152263486 915569581
#r 0 3.9589120674
129467426 891269647
#r 0 2.0174499090
109204932 933577095
#r 0 1.8032969350
96489853 987276471
#r 0 4.3484716608
71663495 922095206
#r 0 1.2301752818
83314134 954966150
#r 0 1.1913335789
89776785 971171804
#r 0 1.0693674701
93970179 978821760
#r 1 93563694 978991859
-384209398 -106897359
#r 0 0.4263048454
-338684401 -86221899
#r 0 4.7845650415
-335078730 -136091721
#r 0 0.6600218963
-295579790 -105435014
#r 0 4.6225327083
-300066560 -155233296
#r 0 0.3556137457
-253194911 -137825007
#r 0 0.3927984773
-207002836 -118686244
#r 0 0.4294992997
-161544118 -97865462
#r 0 4.4121764469
-176330280 -145629145
#r 0 4.4215384773
-190668636 -193529161
#r 0 5.7200984578
-148388067 -220219112
#r 0 1.0611951897
-123996612 -176572154
#r 0 5.4457404197
-90528447 -213718916
#r 0 0.1521692179
-41106218 -206139784
#r 0 1.6679218290
-45954862 -156375433
#r 0 5.1715772060
-34874348 -178785747
#r 0 1.2966349147
-31076555 -165282169
#r 0 0.8554433125
-17279827 -149403410
#r 0 5.1205247323
-5067987 -177644324
#r 0 1.0164062326
7024741 -158113522
#r 0 0.9829449032
25878458 -129823681
#r 0 0.8719859325
615373946 -411111791
#r 0 1.3193423253
627814571 -362684207
#r 0 2.2409035003
596761072 -323496452
#r 0 3.4858325762
549694460 -340370516
#r 0 2.3445440515
514753416 -304605680
#r 0 2.5835415639
472338979 -278128982
#r 0 3.4465331228
424645738 -293140802
#r 0 2.4106525053
387418382 -259762306
#r 0 3.5576103477
341683106 -279968357
#r 0 2.3122147771
307916370 -243092788
#r 0 3.6357081859
263896944 -266805446
#r 0 1.6866720393
258116115 -217140750
#r 0 3.8042907341
218699359 -247903054
#r 0 0.0435852263
268651875 -245724483
#r 0 1.6004966686
267167076 -195746534
#r 0 1.8760899834
252138413 -148058598
#r 0 1.9447683616
233872623 -101514416
#r 0 2.1105310250
208177202 -58622163
#r 0 2.8511570934
160271240 -44303684
#r 0 1.4209489090
167735603 5136009
#r 0 4.0886636906
153134027 -15156697
#r 0 3.1983350050
326662212 790338362
#r 0 4.5718987607
319660786 740830988
#r 0 4.6231135187
315202940 691030108
#r 0 1.3721577022
320136313 715538511
#r 0 4.5664581221
318318645 703171375
#r 0 4.5077247442
317044882 697034844
#r 0 1.5351478659
317156569 700166520
#r 1 317404060 700624195
340630368 -61653550
#r 0 0.1010867943
390375122 -56607814
#r 0 2.2070281661
360666683 -16390795
#r 0 1.5424302345
362084797 33589090
#r 0 3.2714577490
312505828 27114071
#r 0 0.3818692782
335705069 36430465
#r 0 3.0186688065
323299390 37963146
#r 0 3.3420479455
315800759 36439543
#r 0 3.0750123021
310866492 36768555
#r 0 3.0998436007
305974421 36972913
#r 0 2.9904716643
300128775 37863100
#r 0 1.2428057399
302769219 45622694
#r 0 2.4489567059
294722101 52300010
#r 0 6.0568526784
299817108 51126741
#r 0 1.5856649402
299770677 54249274
#r 0 1.3105570503
300945673 58661945
#r 0 3.1974978414
294372886 58294109
#r 0 3.1307875594
286772949 58376230
#r 0 1.6782422738
285675993 68546285
#r 0 3.2372890694
271443951 67180157
#r 0 3.3175163182
252724282 63852524
#r 0 3.1712527184
-936931568 -253662529
#r 0 1.6632895599
-941549638 -203876252
#r 0 1.5397066578
-939995405 -153900414
#r 0 1.6691946753
-944907387 -104142275
#r 0 1.7521071302
-953923339 -54961866
#r 0 5.6023561095
-915070786 -86433744
#r 0 2.0974941965
-927637823 -64821952
#r 0 5.8166051185
-916473926 -70444885
#r 0 1.9644304599
-919551951 -63033484
#r 0 2.0043812132
-924556808 -52223089
#r 0 2.0504825356
-932748784 -36475711
#r 0 2.0585209972
-945165626 -13068422
#r 0 2.1427701611
-966627338 20269804
#r 0 2.4131402490
-998800138 48972264
#r 0 5.4528807671
-984256283 33059806
#r 0 5.7383138182
-974943267 27415457
#r 0 5.6240653895
-970609470 24058084
#r 0 5.5446771584
-968577315 22208096
#r 0 5.5203634415
-967583548 21258217
#r 1 -967535358 21131918
-55698254 -527054964
#r 0 0.9419891282
-26289228 -486618481
#r 0 0.8586835725
6382499 -448769330
#r 0 3.2864594483
-43093758 -455987361
#r 0 0.8244700639
-9146451 -419277957
#r 0 4.8771056330
-947810 -468601200
#r 0 4.9702140979
11801098 -516948541
#r 0 4.7336139747
12862268 -566937279
#r 0 5.2733466745
39462136 -609274579
#r 0 2.0380545307
28201134 -586954413
#r 0 2.4124546071
18797846 -578553831
#r 0 0.6103850023
24142614 -574815208
#r 0 3.7937869778
21550697 -576794584
#r 0 3.7459642155
20206566 -577722806
#r 1 19829994 -577777146
-176767589 -188188183
#r 0 4.3636858402
-193851553 -235179014
#r 0 0.5086848778
-150182265 -210827561
#r 0 1.5651256677
-149898734 -160828365
#r 0 1.4456753173
-143658994 -111219236
#r 0 0.3230311618
-96245116 -95347116
#r 0 0.4881859036
-52085858 -71895892
#r 0 0.3642101649
-5365588 -54085323
#r 0 4.1681970178
-31251935 -96862619
#r 0 1.9966237830
-51905659 -51327757
#r 0 0.7273227372
-14557803 -18084146
#r 0 1.9246053179
-31881472 28818844
#r 0 5.7930089980
12231021 5279772
#r 0 1.0696238113
36253730 49130763
#r 0 0.0190372944
86244670 50082570
#r 0 6.2250367486
136160162 47176780
#r 0 0.2139286567
185020382 57791811
#r 0 4.7831151444
188553743 7916814
#r 0 1.6344172998
186964291 32866235
#r 0 1.6974436096
185385349 45266748
#r 0 1.6441688623
184926069 51515080
#r 0 1.6139331273
133207554 429148051
#r 0 0.3651651081
179910795 447003227
#r 0 0.7975063180
214835465 482784052
#r 1 214637704 483420944
420725815 -425022251
#r 0 2.4020095856
383788334 -391323253
#r 0 3.3364736082
334734798 -401005740
#r 0 2.7591410430
288347173 -382345936
#r 0 0.7642299691
324442944 -347746871
#r 0 1.8634608799
310017719 -299872944
#r 0 1.7926019463
299018151 -251097853
#r 0 0.6392397401
339145628 -221268580
#r 0 3.5678535975
316382677 -231605310
#r 0 0.7678453787
325375288 -222922976
#r 0 3.8582018219
320662556 -227028173
#r 0 3.5878172755
317836158 -228380342
#r 0 3.7649564096
316400127 -229412848
#r 0 1.9424353263
316002026 -228391421
#r 0 0.7206189703
317217919 -227323668
#r 0 0.2179336187
319347500 -226852071
#r 0 3.7555078277
318456056 -227480327
#r 0 2.0454538596
318170865 -226925307
#r 0 1.8019856774
318052533 -226422618
#r 0 0.0073427595
318666615 -226418109
#r 0 3.5569992486
318385680 -226542022
#r 0 2.3431483667
-984543034 144270826
#r 0 0.5512264226
-941948892 170457446
#r 0 0.7160250980
-904227853 203277002
#r 0 0.6574474809
-864650121 233831921
#r 0 0.2001764258
-815648545 243774033
#r 0 0.4459297920
-770538043 265338880
#r 0 0.2261068960
-721810715 276548141
#r 0 5.1849527044
-699052189 232027927
#r 0 0.8255587819
-665144869 268774269
#r 0 0.5531618868
-622601490 295043279
#r 0 6.2322075665
-572666444 292495496
#r 0 0.5182907355
-529233083 317265300
#r 0 6.1647018374
-479583631 311354978
#r 0 0.3038276593
-431873714 326313715
#r 0 0.2798942174
-383819481 340126414
#r 0 6.0990564278
-334664675 330971904
#r 0 0.9862305127
-307072808 372669492
#r 0 5.6570119801
-266559005 343367072
#r 0 4.6755748796
-268399294 293400950
#r 0 0.2024082700
-219420030 303452401
#r 0 6.2434273867
-169459542 301465029
#r 0 5.8427506135
366737756 485628537
#r 0 3.0280447569
317059738 491293740
#r 0 1.3441579460
328294895 540015103
#r 0 4.4292627572
321310926 516010434
#r 0 2.4551042809
311611676 523958480
#r 0 5.0821566314
313877612 518112349
#r 0 2.6092773658
310549645 520072626
#r 0 4.4698413347
309168335 514489740
#r 0 2.3983141060
304663403 518630311
#r 0 1.2402899099
307397893 526600474
#r 0 2.4388946714
300726522 532250531
#r 0 1.1867410040
305638515 544405239
#r 0 1.2314063981
311037155 559696643
#r 0 2.6562848364
291189154 570164003
#r 0 0.7625587560
313592481 591566654
#r 0 2.6563608830
280001304 609278570
#r 0 6.1252593759
298752376 606292423
#r 0 6.2517531685
309200406 605963911
#r 0 0.1085600841
316682244 606779346
#r 0 0.0006897694
324443888 606784700
#r 0 0.2429760601
333514725 609033118
#r 0 3.6040215105
-649282821 -270779598
#r 0 0.3993149420
-603216443 -251340234
#r 0 5.3734685836
-572517974 -290806726
#r 0 4.8444544782
-565933877 -340371327
#r 0 5.7270665519
-523468358 -366766017
#r 0 1.0323901974
-497829945 -323839664
#r 0 4.9943256330
-483919127 -371865586
#r 0 4.9142540996
-473894281 -420850303
#r 0 5.0026021681
-459586456 -468759448
#r 0 4.9949874394
-445643857 -516776153
#r 0 0.9073314093
-414851336 -477382998
#r 0 0.6933530007
-376395967 -445427019
#r 0 4.8478190685
-369645143 -494969187
#r 0 0.9103178285
-338970403 -455484249
#r 0 1.6249547014
-341676998 -405557559
#r 0 4.9652837084
-335421807 -429762364
#r 0 4.9961567696
-331786963 -442225905
#r 0 4.5193976672
-333233035 -449625584
#r 0 5.0831050888
-331747660 -453447102
#r 0 5.1197790987
-330260959 -456892274
#r 0 5.1553480593
-328370227 -460877793
#r 0 4.4831457641
411724544 245564399
#r 0 3.0793361068
361821410 248675216
#r 0 2.2590660276
330061323 287292529
#r 0 0.4507112911
375068197 309072824
#r 0 2.8264650187
327530356 324569715
#r 0 5.6149713142
347153593 309080088
#r 0 0.2242883101
360761301 312184367
#r 0 6.1294831021
367995670 311063589
#r 0 6.0488306584
371568930 310210504
#r 1 371094169 310071400
795592083 -315379132
#r 0 1.4209846918
803054677 -265939172
#r 0 1.3845770542
812311920 -216803610
#r 0 1.4557281724
818052640 -167134262
#r 0 0.2167167276
866883075 -156383046
#r 0 0.1207970097
916518720 -150357874
#r 0 1.2635608429
931639957 -102699211
#r 0 4.3655693030
923142243 -126210672
#r 0 4.3275195825
918441920 -137814402
#r 0 4.6245231266
917885126 -144134950
#r 1 917846064 -143156361
-521849662 466816098
#r 0 0.1566714251
-472462056 474617662
#r 0 5.8780750472
-426509109 454911657
#r 0 0.2370713399
-377907611 466654502
#r 0 0.0413374843
-327950325 468720788
#r 0 0.4438042375
-282794088 490189701
#r 0 0.2171788322
-233968627 500963480
#r 0 0.7314311609
-196757665 534360251
#r 0 0.7787388022
-161167668 569479364
#r 0 3.9258326897
-178865798 551822180
#r 0 3.9676754916
-187338069 542630876
#r 0 3.8970365933
-191900687 538333725
#r 0 3.7707912660
-194437453 536487243
#r 1 -194326637 536327183
-558514126 -706353026
#r 0 5.0871375609
-540212198 -752883010
#r 0 5.0065897715
-525713444 -800734720
#r 0 5.2069769773
-501979991 -844742937
#r 0 1.8983923507
-510024186 -821072473
#r 0 5.1025492901
-505269978 -832633073
#r 0 4.9898115074
-503551558 -838667576
#r 0 1.8058572183
-504282219 -835616646
#r 0 5.0900223291
-503703842 -837074723
#r 1 -503802429 -837388165
-218018041 -776753981
#r 0 1.8014440122
-229448446 -728078054
#r 0 2.9381199597
-278416984 -717974474
#r 0 2.9430800965
-327435034 -708113908
#r 0 2.7913072787
-374398775 -690955615
#r 0 2.9328556892
-423313446 -680594393
#r 0 6.2736774256
-398314577 -680832086
#r 0 5.8546846448
-386503462 -686227493
#r 0 2.5354375057
-391839329 -682528611
#r 0 5.4732787448
-389600808 -684879636
#r 1 -390044476 -684657082
517252615 315449462
#r 0 3.3238610208
468080862 306386421
#r 0 2.0876923661
443371658 349854286
#r 0 3.0526120212
393569466 354297449
#r 0 2.9138567114
344860463 365586074
#r 0 5.6445096120
364932611 350682757
#r 0 1.7328833457
362603594 364925634
#r 0 2.7197834884
347668876 371627503
#r 0 2.1659601456
333915379 391941046
#r 0 4.0384502095
311905018 364382806
#r 0 3.9779972151
284334006 333845315
#r 0 4.0441015734
249902446 290231825
#r 0 4.1214216970
206080282 224918947
#r 0 4.6145413480
194953410 111565781
#r 0 4.4279800136
150951935 -38952059
#r 0 2.7303291640
-60818426 53408238
#r 0 0.1604194374
53215807 71860100
#r 0 6.1571935040
126507962 62576716
#r 0 4.6026879161
120791409 10675647
#r 0 4.2780496952
108572358 -15665128
#r 0 4.9520145365
114310746 -39152323
#r 0 0.8897644241
-836634468 79323631
#r 0 5.5192105844
-800529867 44733780
#r 0 0.3324489749
-753267570 61051724
#r 0 0.3550177540
-706385554 78432075
#r 0 0.7900589663
-671195383 113951814
#r 0 0.8731809842
-639075784 152270626
#r 0 0.4654229240
-594394192 174710665
#r 0 0.0889559757
-544591891 179152600
#r 0 0.9331435802
-514826337 219327366
#r 0 0.1838425275
-465668912 228467800
#r 0 5.9905836384
-417794078 214045586
#r 0 0.4548902201
-372878615 236013771
#r 0 6.1720099917
-323187296 230466449
#r 0 1.2383304472
-306868553 277728470
#r 0 0.3147605846
-259325027 293207911
#r 0 0.4694790644
-214734822 315829000
#r 0 5.5243503389
-178452915 281425174
#r 0 2.3107874701
-195309949 299887037
#r 0 2.8549520180
-207361856 303439432
#r 0 6.0783285502
-201210942 302161448
#r 1 -201314725 302110020
-478957491 -425697431
#r 0 0.5243516500
-435675055 -400664838
#r 0 0.4794313953
-391312188 -377601100
#r 0 5.2593716138
-365306564 -420305989
#r 0 1.1844652612
-346466942 -373991103
#r 0 0.0953296950
-296693964 -369231834
#r 0 1.2177693441
-279406979 -322315311
#r 0 4.6763543807
-280307649 -347299081
#r 0 0.6891248681
-269742426 -338594754
#r 0 0.0496025807
-249365216 -337583162
#r 0 0.7013001574
-227615751 -319215448
#r 0 6.2641534088
-184981247 -320026962
#r 0 0.9068343309
-147369214 -271958806
#r 0 5.2341712940
-102956177 -349208160
#r 0 0.0475863272
-5681515 -344575719
#r 0 6.2067764361
139919954 -355722664
#r 0 3.1447494650
66906549 -355953154
#r 0 1.6699265439
63270749 -319396360
#r 0 4.7149505868
63317802 -337764875
#r 0 4.8952815975
65003685 -346879750
#r 0 5.0044690855
66338423 -351318822
#r 1 66676453 -351052282
744680137 283363242
#r 0 5.4781104765
779333002 247319117
#r 0 5.8666602772
825058021 227089865
#r 0 2.7688348809
801774858 236194495
#r 0 4.0492755923
794065467 226324652
#r 0 0.9860302601
797522095 231546131
#r 0 0.7352020043
799858532 233659040
#r 1 800284801 234527482
787479252 -388621533
#r 0 2.4042748847
750465527 -355006296
#r 0 1.4420634762
756884406 -305420028
#r 0 1.0334776854
782476122 -262465819
#r 0 1.2327878122
799056569 -215294972
#r 0 2.9047006204
750452966 -203560842
#r 0 1.5107915655
753451404 -153650829
#r 0 0.6332820449
793755882 -124061151
#r 0 1.1071857199
816114907 -79338964
#r 0 1.0908503406
839201470 -34987971
#r 0 4.7678192995
840586518 -59949573
#r 0 1.7434420740
838439151 -47635403
#r 0 5.5712727621
843235612 -51774076
#r 0 2.4168430164
840864143 -49674125
#r 0 2.3661549367
839732943 -48565238
#r 1 839695061 -48609181
734374273 161323653
#r 0 5.7436760814
777272318 135637904
#r 0 5.0048959898
791690001 87761705
#r 0 1.7984630970
786047373 112116597
#r 0 1.8777657298
782254393 124082242
#r 0 1.9881898408
779703769 129834017
#r 0 2.1701777428
777928836 132431876
#r 1 777833579 132940942
-835925574 -325109799
#r 0 0.8481912424
-802858527 -287605528
#r 0 5.8531627460
-757410710 -308450093
#r 0 5.8552907104
-711918639 -329197900
#r 0 5.8190049036
-667209199 -351582404
#r 0 0.5328043623
-624139900 -326184855
#r 0 0.3972184256
-578032869 -306842113
#r 0 0.4999502024
-534152547 -282873021
#r 0 5.4988015166
-498761363 -318192478
#r 0 1.4817035916
-494312617 -268390785
#r 0 5.7938703237
-450179865 -291891853
#r 0 5.2893061687
-422907731 -333799259
#r 0 5.3333979895
-393814927 -374463848
#r 0 5.2375604271
-368746859 -417725748
#r 0 5.2284419887
-344074309 -461214428
#r 0 5.2901356326
-316767424 -503099199
#r 0 5.2155324482
-292658333 -546902757
#r 0 2.0316155188
-303775382 -524510545
#r 0 5.2757089898
-297100431 -535079130
#r 0 5.0932552664
-294752890 -540941864
#r 1 -295009605 -540620703
191098699 -491490599
#r 0 3.9656823459
157137432 -528187088
#r 0 4.1480877713
130396157 -570435215
#r 0 1.4190173517
134176079 -545722623
#r 0 4.0696131129
126683333 -555728060
#r 0 3.9719457816
121566860 -561326548
#r 0 3.9843739805
117346432 -566061425
#r 0 4.0265640157
112988238 -571387069
#r 0 4.1371338779
108245785 -578701066
#r 0 3.9519428603
100098084 -587265865
#r 0 3.9318675688
87904193 -599579273
#r 0 3.9315775854
69770701 -617879881
#r 0 4.0578136089
46336094 -648415593
#r 0 3.8901474725
4331751 -687433455
#r 0 0.5461180152
28827455 -672545538
#r 0 2.1398273212
20795632 -659988011
#r 0 5.3212451814
25058346 -666101904
#r 0 5.2994721853
27125915 -669209444
#r 0 5.0157644065
27685306 -670996416
#r 1 27770447 -670701243
76967052 -918743877
#r 0 1.7310094205
68990623 -869384211
#r 0 1.5702768913
69016595 -819384218
#r 0 1.4181450087
76619553 -769965648
#r 0 1.8115376418
64698422 -721407573
#r 0 1.4232887778
72047082 -671950549
#r 0 1.7372812709
63761236 -622641881
#r 0 1.7868491900
53042439 -573804320
#r 0 1.7401250162
44616405 -524519414
#r 0 0.7711121094
80473207 -489672754
#r 0 1.4667856322
85664370 -439942966
#r 0 1.9631855113
66544515 -393743062
#r 0 1.3507433251
77458582 -344948768
#r 0 2.0478047819
54502401 -300530149
#r 0 1.3270119664
66571241 -252008576
#r 0 1.3745337098
76321494 -202968464
#r 0 1.2920349289
90079748 -154898614
#r 0 1.3559696120
100738654 -106047947
#r 0 1.4592206948
106305868 -56358852
#r 0 1.5036955641
109658389 -6471373
#r 0 4.5949264794
106728575 -31299102
#r 0 1.4195772621
-458212991 -390070259
#r 0 1.4345616770
-451422310 -340533539
#r 0 1.2479805496
-435560403 -293116244
#r 0 0.4717299208
-391021228 -270394847
#r 0 0.4348477085
-345674518 -249331233
#r 0 1.3164866281
-333095650 -200939373
#r 0 0.4975599382
-289158161 -177075235
#r 0 1.3704870644
-279209540 -128074980
#r 0 1.4782454343
-274588599 -78288969
#r 0 1.3190529291
-262133960 -29864988
#r 0 1.4263135117
-254934927 19614037
#r 0 0.7335196444
-217793795 53088449
#r 0 1.2544744714
-202240144 100607750
#r 0 5.8758461101
-156331234 80799368
#r 0 5.9251656391
-109501604 63278360
#r 0 1.6883250611
-115364522 112933432
#r 0 1.9591134195
-134296089 159210811
#r 0 1.1630959881
-114471129 205112564
#r 0 1.4544650646
-108667676 254774621
#r 0 1.7648812455
-118311112 303835850
#r 0 1.6957107914
-124540605 353446266
#r 0 1.7976491396
-561441965 -303326039
#r 0 0.7707974143
-525574198 -268490665
#r 0 0.9236719933
-495429466 -228599624
#r 0 0.5996905988
-454153952 -200380270
#r 0 1.1810754814
-435157442 -154129512
#r 0 0.8017795001
-400385988 -118199775
#r 0 1.0013035874
-373425742 -76091045
#r 0 1.4043607322
-365142329 -26781968
#r 0 1.2127463927
-347619904 20047132
#r 0 0.3168219408
-300108387 35624545
#r 0 0.4648387428
-255413694 58038478
#r 0 6.2177428559
-205520724 54768691
#r 0 6.2146442933
-155638125 51344323
#r 0 6.0265713673
-107275379 38653982
#r 0 0.6246650363
-66717426 67895262
#r 0 1.4397220185
-60182460 117466365
#r 0 5.5181415353
-24114858 82837936
#r 0 5.8704498880
21686493 62782109
#r 0 2.0037285109
709780 108169084
#r 0 1.9832557887
-19333407 153975968
#r 0 0.3377306862
27842044 170543309
#r 0 4.9787114958
-143029320 -288205830
#r 0 1.4601790812
-137509730 -238511423
#r 0 0.8499845959
-104509994 -200947911
#r 0 0.6800761281
-65633752 -169505300
#r 0 0.6409203944
-25556464 -139608628
#r 0 0.7885679375
9686629 -104141398
#r 0 0.7399676058
46611149 -70428199
#r 0 0.6855386569
85315056 -38773696
#r 0 0.7228104044
122812537 -5698949
#r 0 3.8449907492
103746321 -21869273
#r 0 0.4925154129
114760648 -15958726
#r 0 3.7382147780
109590410 -19470297
#r 1 109137015 -18972191
-217724255 370576245
#r 0 0.1596177535
-168359849 378523287
#r 0 2.1747538195
-196755064 419678016
#r 0 0.3306902515
-149464142 435912814
#r 0 4.9830791375
-136094316 387733485
#r 0 1.5376218329
-135265106 412719728
#r 0 4.6563409612
-135965339 400239357
#r 0 4.7310938198
-135848379 393987183
#r 0 1.6733970689
-136168611 397097374
#r 0 4.8861230836
-135898374 395557592
#r 1 -135928787 395417829
231282029 -813119927
#r 0 1.0738410240
255119596 -769168017
#r 0 1.4474010391
261273715 -719548194
#r 0 1.7320769352
253244599 -670197072
#r 0 1.8866794816
237711796 -622670952
#r 0 1.4684136000
242821994 -572932779
#r 0 1.9273700349
225368718 -526077863
#r 0 1.9123000044
208623502 -478965256
#r 0 1.7241319643
200986728 -429551901
#r 0 1.7645376002
191360152 -380487361
#r 0 1.7342389783
183224355 -331153713
#r 0 1.5897405988
182277198 -281162685
#r 0 1.8097550965
170442642 -232583437
#r 0 1.6338339360
167292849 -182682748
#r 0 1.4677296157
172437066 -132948082
#r 0 1.5532140210
173316136 -82955810
#r 0 2.1185755608
147276502 -40271651
#r 0 1.3847056968
156527424 8865101
#r 0 1.0150260623
182907314 51339816
#r 0 0.7843395596
218300061 86657708
#r 0 4.0752968796
203428548 66561984
#r 0 3.8226691943
-173650117 941397434
#r 0 5.6645502406
-132916578 912401248
#r 0 5.4082755892
-100863270 874026967
#r 0 5.7366487903
-58146784 848040397
#r 0 5.6938238036
-16581997 820248879
#r 0 5.9068634763
29919136 801873770
#r 0 2.6944508019
7376971 812683524
#r 0 2.7928428852
-4429285 816976424
#r 0 5.5606405176
282443 812822657
#r 0 2.4677794210
-2171794 814782315
#r 1 -2556516 815442909
-974261600 -135035256
#r 0 1.0271547850
-948398802 -92243718
#r 0 0.4166080158
-902675462 -72010672
#r 0 0.9408663809
-873221054 -31607233
#r 0 0.1943397082
-824162284 -21951297
#r 0 0.8145461365
-789852353 14419415
#r 0 0.8807711958
-758024525 52980916
#r 0 0.7473554607
-721350079 86965986
#r 0 0.1029523611
-671614825 92104515
#r 0 0.7490784584
-634998989 126152724
#r 0 1.0888572552
-611824076 170457616
#r 0 0.5383636453
-568896634 196094205
#r 0 0.0911043428
-519103991 200643123
#r 0 0.7650121609
-483035294 235270412
#r 0 0.6622878508
-443605922 266016544
#r 0 0.5522535402
-401038699 292246899
#r 0 0.7708226734
-365171812 327083179
#r 0 0.8203544223
-331073710 363652558
#r 0 0.9545699259
-302175721 404455821
#r 0 5.9406735589
-255080018 387663121
#r 0 0.5582904220
-212671919 414149970
#r 0 1.7765878236
-219071864 876570219
#r 0 5.6352367124
-179205684 846392617
#r 0 4.0280270171
-210814623 807651489
#r 0 3.9732247074
-244498149 770699898
#r 0 4.1123824560
-272730542 729433301
#r 0 3.6984186637
-315177383 703008584
#r 0 4.3563491392
-332605642 656144357
#r 0 1.1571086136
-322555925 679035472
#r 0 1.2905378559
-319086906 691087615
#r 0 0.9118386196
-315246092 696047112
#r 0 2.7275096832
-318432811 697447656
#r 0 5.7937896856
-316896658 696629482
#r 1 -317091087 696784787
841216372 -245702053
#r 0 1.7077343000
834390852 -196170121
#r 0 2.8530940819
786457245 -181944463
#r 0 1.6428277057
782858790 -132074120
#r 0 1.6698182619
777915780 -82319053
#r 0 2.2263286356
747436715 -42682875
#r 0 2.1127687775
721645376 151770
#r 0 3.0914549606
671708208 2657604
#r 0 1.0313170671
697392672 45556419
#r 0 1.0852179907
720728668 89776678
#r 0 1.0723150525
744633277 133692161
#r 0 1.2368359557
761022635 180929741
#r 0 1.1758669285
780259786 227080928
#r 0 4.2498249932
769103683 204708146
#r 0 4.3983564704
765224862 192765211
#r 0 1.0088784993
768570117 198078307
#r 0 3.7963086938
766079994 196166707
#r 1 766915128 196428138
-554460271 622376857
#r 0 5.8950352298
-508179731 603453019
#r 0 5.8967974623
-461865915 584610768
#r 0 0.0342360690
-411895215 586322237
#r 0 5.7329330885
-369275582 560177125
#r 0 5.8314921002
-324290116 538352647
#r 0 0.0386626452
-274327481 540285298
#r 0 5.1299136161
-254052532 494580523
#r 0 0.8931335640
-222703835 533532535
#r 0 4.0712183472
-237657185 513497632
#r 0 3.9356114051
-246431156 504571068
#r 0 4.1677444255
-249686384 499197283
#r 1 -250150233 498792365
-710372218 -603481641
#r 0 0.6627421848
-670956819 -572717599
#r 0 0.7818805126
-635477331 -537486846
#r 0 0.6823607356
-596673024 -505955500
#r 0 1.1257619121
-575148577 -460825707
#r 0 1.3523721971
-564314004 -412013700
#r 0 1.0903826417
-541206700 -367673509
#r 0 0.7125299056
-503371181 -334985996
#r 0 0.3697602923
-456750481 -316916399
#r 0 0.4931187264
-412707440 -293247632
#r 0 0.5385740608
-369785393 -267602011
#r 0 1.2693388914
-354939781 -219856772
#r 0 1.2250523189
-337994943 -172815593
#r 0 1.4881283839
-333866252 -122986345
#r 0 1.3327212860
-322074632 -74396658
#r 0 0.3419692137
-274969825 -57629512
#r 0 1.3153591381
-262336403 -9251866
#r 0 0.1521868336
-212914307 -1671863
#r 0 1.4902818101
-208892929 48166160
#r 0 0.0046292732
-158893465 48397623
#r 0 0.8667560050
-126528334 86509278
#r 0 1.1458696895
57367412 137137296
#r 0 5.8743037238
103245715 117258128
#r 0 5.5996583871
142013224 85681551
#r 0 5.4672424455
176272321 49262953
#r 0 0.4182863863
221961638 69572712
#r 0 3.5581182525
199099135 59458073
#r 0 3.5734032338
187746481 54226608
#r 0 3.5920163744
182119043 51505304
#r 0 0.4942847369
184870395 52988020
#r 1 184702735 52997231
350298717 99524416
#r 0 1.5567280348
351002108 149519468
#r 0 2.6097137724
307909322 174877146
#r 0 2.5693233116
265875612 201954207
#r 0 2.2296844336
235263708 241487880
#r 0 2.5333309519
194231578 270059970
#r 0 5.5675801016
213098986 253658113
#r 0 2.2114707126
205627284 263679273
#r 0 5.2106152829
208613960 258189077
#r 1 209322840 257921868
124361302 -505132095
#r 0 1.4043618424
132644660 -455823009
#r 0 1.5059976377
135882328 -405927944
#r 0 1.5838927783
135227524 -355932232
#r 0 1.5077323666
138378632 -306031626
#r 0 1.7938537626
127318015 -257270343
#r 0 1.5740569732
127154983 -207270609
#r 0 1.5086280857
130261393 -157367200
#r 0 1.6463201451
126488791 -107509728
#r 0 1.8996273021
110341948 -60188702
#r 0 1.6477049855
106500305 -10336503
#r 0 1.5413260731
107973604 39641786
#r 0 1.4837809883
112318883 89452614
#r 0 1.9181542710
95298146 136466383
#r 0 1.6442385960
91629333 186331599
#r 0 1.4408886215
98106464 235910292
#r 0 1.5077660623
101255891 285811005
#r 0 1.4523762956
107163064 335460832
#r 0 1.5272254093
109340921 385413379
#r 0 0.6697980805
148538273 416454764
#r 0 1.5581383666
149171154 466450758
#r 0 1.4997446439
-544744435 413022941
#r 0 0.2139819391
-495884781 423640576
#r 0 0.6498468627
-456075958 453893800
#r 0 0.1943627157
-407017410 463550864
#r 0 0.3503420595
-360054642 480711819
#r 0 0.2684603442
-311845621 493974181
#r 0 0.4300385030
-266398136 514819471
#r 0 0.7558313625
-230013058 549114165
#r 0 6.1354832176
-180557465 541755883
#r 0 6.2690153892
-130562485 541047411
#r 0 6.0603690369
-81798536 529998554
#r 0 2.6556510654
-103904425 541674582
#r 0 5.0319384528
-99716100 529016806
#r 0 1.8968031443
-101851086 535332039
#r 0 2.0915995920
-103509669 538223425
#r 0 5.1694284797
-102774183 536727827
#r 1 -102496334 536744781
-119196968 -904270036
#r 0 1.3965804735
-110530172 -855026898
#r 0 1.4146867560
-102756358 -805634917
#r 0 1.5765609727
-103044589 -755635748
#r 0 1.3392294505
-91569446 -706970349
#r 0 1.1894171347
-72959400 -660562740
#r 0 1.5709002475
-72964596 -610562740
#r 0 1.1626749511
-53120311 -564669338
#r 0 1.1800321789
-34075557 -518438425
#r 0 1.3347224020
-22381194 -469825239
#r 0 1.3195473143
-9950497 -421395106
#r 0 1.6363939194
-13228025 -371502644
#r 0 1.4406476328
-6738946 -321925514
#r 0 1.5306505616
-4732197 -271965801
#r 0 1.1524570996
15579976 -226277557
#r 0 1.4859990858
19814759 -176457214
#r 0 1.6210769068
17301789 -126520404
#r 0 1.7555843357
8114881 -77371643
#r 0 1.2189147564
25348116 -30435350
#r 0 1.4368393621
32025951 19116709
#r 0 1.1956559957
50346106 65639520
#r 0 0.9421055730
-804414631 -463783652
#r 0 0.7619379466
-768239653 -429267410
#r 0 1.1081783604
-745925032 -384523051
#r 0 1.1599880098
-725957506 -338683135
#r 0 1.0032022032
-699077257 -296523294
#r 0 0.7117508035
-661216283 -263865268
#r 0 0.7177584961
-623552190 -230980376
#r 0 1.0263732643
-597655958 -188209064
#r 0 1.0273200707
-571800233 -145413252
#r 0 0.9205016871
-541529186 -105617979
#r 0 0.8963668991
-510306598 -66564810
#r 0 0.8890596340
-478799474 -27740834
#r 0 1.1249052276
-457236373 17370502
#r 0 1.0714022319
-433291687 61264146
#r 0 0.8904293224
-401837769 100131241
#r 0 0.7876536727
-366562264 135566234
#r 0 0.7542255393
