701687785 -541700890
#r 0 4.3818760248
685461372 -588994690
#r 0 3.7978039248
645845898 -619500660
#r 0 1.4329365502
649281486 -594737851
#r 0 1.4797140154
650947484 -576497334
#r 0 1.4511887554
653137462 -558275038
#r 0 1.4408079383
656027590 -536166665
#r 0 1.4134838590
660764680 -506302859
#r 0 1.4370569121
666518416 -463537676
#r 0 4.5562711887
663163801 -484850539
#r 0 3.6700678935
653843192 -490292569
#r 0 5.5871193121
653843192 -490292569
#r 0 5.5413497740
653843192 -490292569
#r 0 5.5627332652
653843192 -490292569
#r 0 5.5724298249
653843192 -490292569
#r 0 5.6023944147
653843192 -490292569
#r 0 5.5924079777
653843192 -490292569
#r 0 5.5122843771
653843192 -490292569
#r 0 5.5512907108
653843192 -490292569
#r 0 5.5669999005
653843192 -490292569
#r 0 5.5990386563
653843192 -490292569
#r 0 5.5831959692
-499127383 633119407
#r 0 3.4550786071
-546690601 617700579
#r 0 3.9151499458
-582462090 582766347
#r 0 4.6671149905
-584725016 532817582
#r 0 5.8345380953
-539673281 511130231
#r 0 5.3195740312
-511145385 470067363
#r 0 5.7057002204
-469253473 442771434
#r 0 5.8282714378
-424338529 420802187
#r 0 2.8760868161
-448462526 427362122
#r 0 5.9973492425
-436469699 423837626
#r 0 6.0170410279
-430437257 422193113
#r 0 2.8162041545
-433399500 423192516
#r 0 5.9523019054
-431921147 422684684
#r 1 -431969491 422743432
-483608482 -622730427
#r 0 2.1648690095
-511595510 -581297031
#r 0 4.2372522654
-523032011 -603527786
#r 0 4.1814432242
-534134101 -622434996
#r 0 4.3190146891
-543817682 -645768654
#r 0 5.3403188924
-524881639 -671853192
#r 0 1.9775505044
-531257849 -657051566
#r 0 1.9051466056
-534028060 -649077276
#r 0 1.9735291021
-536053108 -644323846
#r 0 2.0586178743
-537903980 -640835539
#r 0 1.9348304032
-539274962 -637237307
#r 0 1.9684740111
-541146564 -632781732
#r 0 5.1144091867
-540201098 -635005434
#r 1 -539910814 -635596569
-400050622 -282770132
#r 0 3.6697701219
-443236971 -307968132
#r 0 1.4517095018
-440266832 -283145194
#r 0 3.7568995763
-450474285 -290360308
#r 0 3.7001007879
-458546492 -295404414
#r 0 4.6966027411
-458702807 -305305559
#r 0 1.5220075829
-458461341 -300360262
#r 0 5.2634697758
-457165099 -302469367
#r 0 1.1310893349
-456638201 -301349314
#r 0 4.8605764861
-456546823 -301961429
#r 0 0.3891671004
-456546823 -301961429
#r 0 3.6777335246
-456546823 -301961429
#r 0 5.6591756378
-456222139 -302195195
#r 0 1.9904269969
-456303640 -302012510
#r 0 5.3352357322
-456245293 -302093748
#r 0 2.2067060068
-456274994 -302053514
#r 0 1.1698272999
-456265233 -302030489
#r 0 2.9640402118
-456265233 -302030489
#r 0 2.9511169281
-456265233 -302030489
#r 0 0.1116451775
-456244162 -302028127
#r 0 2.9253217544
-456254516 -302025852
#r 0 2.2148493223
301295572 728310821
#r 0 4.8121982979
306277756 678559662
#r 0 5.1187439034
326040942 632631278
#r 0 4.5951598056
320192899 582974452
#r 0 1.5283725034
321253176 607951957
#r 0 4.6726736610
320756865 595461815
#r 0 1.5538300552
320862899 601710914
#r 0 4.6974618966
320816254 598586263
#r 0 4.6071054394
320652052 597032409
#r 1 320731004 597054795
538670319 187274473
#r 0 2.4022790748
501723757 220963516
#r 0 0.3773479966
548206010 239386333
#r 0 3.9758705155
531413189 220866042
#r 0 0.3554120238
543131979 225215750
#r 0 1.9091879487
543131979 225215750
#r 0 3.2093567347
536896324 224792549
#r 0 1.7194983811
536896324 224792549
#r 0 2.4514254718
534296022 226939403
#r 0 2.3641642302
531900276 229297263
#r 0 0.4620582701
531900276 229297263
#r 0 1.4353497072
532470471 233481227
#r 0 2.1685523442
528908182 238713366
#r 0 2.0943510266
524402960 246517434
#r 0 0.3239407817
524402960 246517434
#r 0 1.3620026084
527158960 259524691
#r 0 0.2518532721
527158960 259524691
#r 0 3.8335788337
522040122 255282809
#r 0 5.3279474924
522040122 255282809
#r 0 2.1729672380
522040122 255282809
#r 0 0.2177792895
525285614 256001000
#r 0 2.4607079551
-356518068 -65592954
#r 0 2.0905687187
-381352198 -22196341
#r 0 2.9199512089
-430129094 -11204780
#r 0 1.5164621017
-427413719 38721433
#r 0 5.6837066207
-406772973 24616130
#r 0 5.7551788023
-388303495 13843950
#r 0 2.6496112286
-397726234 18893935
#r 0 2.5833495733
-402265956 21729013
#r 0 2.5031790191
-404415074 23323833
#r 0 2.5623916111
-405540208 24059701
#r 1 -405719637 24111391
-276446552 932869643
#r 0 4.3881961048
-292373742 885474236
#r 0 5.5480767284
-255285845 851940851
#r 0 5.2485416210
-229744231 808956831
#r 0 5.9792275148
-182036261 793991886
#r 0 4.1414641533
-209056783 751921809
#r 0 0.2023562591
-184566890 756946260
#r 0 4.9989767887
-184566890 756946260
#r 0 3.6536042620
-195463898 750822112
#r 0 5.9309711176
-189597579 748666007
#r 0 4.7345936456
-189597579 748666007
#r 0 5.6484987231
-185696640 745793678
#r 0 5.6624133341
-181137507 742533555
#r 0 5.9197430776
-174213835 739900220
#r 0 5.2537129214
-169075616 731354051
#r 0 5.6455027855
-157057375 722449161
#r 0 0.3357878727
-136228073 729718686
#r 0 4.2134551853
-141506150 720032699
#r 0 4.9281290305
-139821646 712346191
#r 0 4.8133112492
-138815219 702407772
#r 0 5.8631327598
-126442956 696881879
#r 0 3.7262737070
-550539604 -271667289
#r 0 3.0717420376
-600417676 -268177598
#r 0 4.4684749839
-612492806 -316697606
#r 0 1.7782985294
-617643214 -292233893
#r 0 2.6930131705
-630973363 -285818035
#r 0 2.5913767530
-646010850 -276594006
#r 0 2.6430155082
-666370539 -265509043
#r 0 2.7049024314
-696276795 -251550493
#r 0 4.9827334833
-691869793 -267452840
#r 0 1.0683322907
-687896294 -260221804
#r 0 1.0497716495
-684894944 -254992272
#r 0 4.2169698605
-686328182 -257644602
#r 0 1.0477327960
-685575181 -256338752
#r 1 -685696573 -256556905
-618319202 -169265767
#r 0 1.8294479181
-631108063 -120928980
#r 0 1.7272784298
-638900276 -71539898
#r 0 2.1055324345
-664380976 -28519741
#r 0 2.0880100958
-689103989 14940271
#r 0 5.2800063343
-675663375 -6139337
#r 0 2.0538493591
-681469438 4930424
#r 0 5.0169468918
-679595242 -1031948
#r 0 1.8792950612
-680544081 1945521
#r 1 -680670205 2220203
755102565 -188650360
#r 0 0.5232464184
798412641 -163665619
#r 0 0.5433484377
841211757 -137815365
#r 0 3.6867314457
819835375 -150778784
#r 0 3.7283137006
809425836 -157699224
#r 0 3.3068623863
803248419 -158729562
#r 0 0.1507934412
806344261 -158259159
#r 1 807307545 -158131957
380790345 -501424583
#r 0 2.6930514115
335736312 -479742006
#r 0 5.4044769873
351689966 -498989887
#r 0 3.0288867753
339269274 -497584044
#r 0 5.0564050013
339269274 -497584044
#r 0 3.7912664274
332027710 -503085386
#r 0 0.0027452454
336574807 -503072903
#r 0 5.4484259241
338627327 -505338756
#r 0 2.2792983603
337632647 -504178005
#r 0 2.4265319438
337055108 -503676489
#r 0 0.3196172660
337418188 -503556322
#r 0 3.0430539445
337227892 -503537510
#r 0 2.5130870117
337138208 -503472325
#r 0 5.3897110606
337172950 -503515523
#r 0 5.5253897909
337194442 -503535860
#r 0 5.4762622941
337206025 -503547953
#r 0 2.6529770221
337198633 -503544023
#r 0 6.2713721647
337202818 -503544072
#r 0 0.0182217092
337205335 -503544026
#r 0 2.4466294456
337204369 -503543220
#r 0 5.4291387346
337204782 -503543694
#r 0 2.3367156707
-579009961 358478730
#r 0 0.2779567793
-530929057 372198301
#r 0 0.2747157414
-482803940 385761968
#r 0 5.5397814641
-445995484 351922086
#r 0 5.5541119991
-408705881 318613146
#r 0 5.5880996349
-370305939 286590584
#r 0 2.3916977714
-388599952 303629630
#r 0 2.4798862707
-398491336 311333463
#r 0 5.5684120507
-393756920 307224640
#r 1 -394202392 307595115
299350043 -849072587
#r 0 0.5258087577
342595958 -823976953
#r 0 0.4366175207
387905319 -802833116
#r 0 0.8625207008
420431574 -764858878
#r 0 6.1219431673
469783005 -772886096
#r 0 3.0092835303
445001508 -769588010
#r 0 2.9345469599
432758241 -767016240
#r 0 6.0476941868
438840825 -768475714
#r 0 6.0320168562
441872753 -769253667
#r 1 441591569 -769108041
547958642 -796389549
#r 0 0.0445748349
597908977 -794161545
#r 0 3.0652787836
572981740 -792255550
#r 0 6.2603748166
585478487 -792540656
#r 0 6.0674989247
591601120 -793882091
#r 0 2.8983032059
588559482 -793127138
#r 0 2.9764206365
587012666 -792869298
#r 1 587281284 -792928260
120566706 -818818612
#r 0 2.3242734440
86357766 -782352896
#r 0 2.8177228576
38957216 -766441019
#r 0 3.1482608597
-11041672 -766774427
#r 0 3.9720462435
-44768721 -803686298
#r 0 3.9066160652
-80837028 -838313992
#r 0 4.0149546507
-112949690 -876638618
#r 0 0.7673842748
-94956462 -859282243
#r 0 3.8616275362
-104353746 -867524879
#r 0 0.7489645726
-99776283 -863269375
#r 0 3.7840553491
-102278228 -865141777
#r 0 0.7005236930
-101083690 -864134562
#r 1 -100909808 -864073644
137093106 -178832048
#r 0 0.7803789932
172625453 -143654608
#r 0 3.6162676144
150389421 -155080842
#r 0 1.6371911247
150389421 -155080842
#r 0 1.7629255921
150389421 -155080842
#r 0 5.3261288736
150389421 -155080842
#r 0 1.3484804166
153145535 -142888475
#r 0 3.9984791210
149053074 -147612271
#r 0 1.5498821219
149118426 -144487955
#r 0 2.9233519244
149118426 -144487955
#r 0 5.6281640697
150357542 -145439792
#r 0 2.2783855869
149849727 -144846097
#r 0 3.6879034096
149849727 -144846097
#r 0 4.1134453679
149849727 -144846097
#r 0 1.2817467424
149965780 -144455843
#r 0 2.8564525755
149965780 -144455843
#r 0 1.4995739747
149995951 -144032937
#r 0 1.5585844295
150001986 -143538735
#r 0 2.9046859418
150001986 -143538735
#r 0 3.7248058892
149795716 -143674826
#r 0 1.9059548810
149795716 -143674826
#r 0 2.2760431638
-671832205 450572368
#r 0 1.1459793020
-651224501 496128076
#r 0 1.1256483949
-629694931 541255425
#r 0 4.2432606070
-640997656 518956358
#r 0 1.1541790695
-635939289 530387145
#r 0 4.2663917919
-638635274 524748515
#r 0 1.0053172124
-636960836 527387052
#r 1 -637390249 526857654
-468532303 -84888903
#r 0 0.5573159796
-426098414 -58443391
#r 0 0.5813191947
-384311465 -30987045
#r 0 2.6024817156
-427219737 -5318383
#r 0 2.2661027598
-459250775 33074489
#r 0 1.4520675868
-453328275 82722490
#r 0 1.3855658528
-444119622 131867181
#r 0 1.4415144853
-437673521 181449918
#r 0 1.3067291188
-424623075 229716737
#r 0 4.4643024196
-430761814 205482137
#r 0 4.7648901879
-430105683 192996173
#r 0 1.6198095784
-430411971 199240260
#r 0 1.6131457847
-430544309 202363293
#r 0 1.6490936153
-430666579 203921713
#r 1 -430683243 204353799
242220329 -192797614
#r 0 3.9939571874
209310085 -230439557
#r 0 3.2864374594
159833669 -237656500
#r 0 0.6401878258
179883258 -222722848
#r 0 5.6208702887
179883258 -222722848
#r 0 2.6251624847
179883258 -222722848
#r 0 1.9407156856
179883258 -222722848
#r 0 1.4406759101
181856926 -207640539
#r 0 2.6522678881
181856926 -207640539
#r 0 2.8273592037
181856926 -207640539
#r 0 2.6701092191
181856926 -207640539
#r 0 1.6669891780
180143216 -189880163
#r 0 1.4665158807
182743303 -165037011
#r 0 1.0413896801
200568635 -134572619
#r 0 0.7194441895
236772427 -102855020
#r 0 0.7401287534
284954302 -58849277
#r 0 2.1652717602
284954302 -58849277
#r 0 1.7015216064
272732115 34112737
#r 0 6.2737040245
272732115 34112737
#r 0 2.5648653457
158709648 108284461
#r 0 5.6964139525
215345519 70627856
#r 0 2.4774431891
474168597 127670696
#r 0 3.9952284738
441306234 89986945
#r 0 3.8115364847
402113407 58939847
#r 0 4.0285902543
370526294 20180922
#r 0 0.8827517137
386401990 39493152
#r 0 4.0815640510
379029352 29398887
#r 0 1.0194083688
382303539 34722625
#r 0 4.1318350546
380589517 32109629
#r 0 4.2258443919
379858311 30727277
#r 1 380104721 31128875
595496296 -707793242
#r 0 2.7553700978
549179366 -688958646
#r 0 2.7597572705
502780251 -670327431
#r 0 2.6838314501
457928043 -648230385
#r 0 5.8939428655
481057963 -657717576
#r 0 5.6362263412
491078668 -665287386
#r 0 2.5857888565
485744582 -661974282
#r 0 2.5178989589
483174985 -660125457
#r 0 5.7572361435
484543863 -660920075
#r 1 484907818 -661275326
677928845 -196320030
#r 0 0.7169895557
715618213 -163464109
#r 0 3.4156109157
691550930 -170229158
#r 0 1.6930882208
691550930 -170229158
#r 0 0.5119473561
702448332 -164105710
#r 0 0.5465355006
708080718 -160679257
#r 0 4.5939519917
707691217 -163952538
#r 0 0.5822666184
709067812 -163046170
#r 0 0.6231097905
710109083 -162297898
#r 0 0.6351252858
711153585 -161528106
#r 0 0.6299747132
712441586 -160589055
#r 0 0.5891452981
714254821 -159377237
#r 0 2.5721250276
714254821 -159377237
#r 0 0.5998953313
716858898 -157596092
#r 0 0.6272374909
720625353 -154865818
#r 0 0.6199283861
726252065 -150849466
#r 0 0.5668824038
734966106 -145302292
#r 0 0.6274356983
747502641 -136210865
#r 0 0.6863608351
765448464 -121508995
#r 0 0.5189864434
795607412 -104281698
#r 0 3.6682752654
780594677 -113011144
#r 0 3.6224620020
134234208 -184258840
#r 0 2.6632996459
89845114 -161245620
#r 0 2.6190594115
46517230 -136291773
#r 0 2.6850723450
1637636 -114250401
#r 0 2.5641222476
-40254677 -86955087
#r 0 5.7371508311
-18889913 -99937648
#r 0 2.6689277249
-30019391 -94246890
#r 0 0.2153255548
-23913723 -92911481
#r 0 2.6132940146
-26612678 -91336279
#r 0 3.9343932067
-26612678 -91336279
#r 0 3.9974956330
-26612678 -91336279
#r 0 3.9928132930
-26612678 -91336279
#r 0 3.9879968887
-26612678 -91336279
#r 0 3.9970498629
-26612678 -91336279
#r 0 4.0240745460
-26612678 -91336279
#r 0 3.9965819170
-26612678 -91336279
#r 0 3.9257345756
-26612678 -91336279
#r 0 3.9942432093
-26612678 -91336279
#r 0 4.0288799744
-26612678 -91336279
#r 0 3.9869291051
-26612678 -91336279
#r 0 4.0066078193
-26612678 -91336279
#r 0 3.9323294223
-222667336 -46611794
#r 0 2.1464878557
-249888085 -4670993
#r 0 2.1244123627
-276176413 37860452
#r 0 2.2512145713
-307632322 76725935
#r 0 5.4099916877
-291572765 57566327
#r 1 -291115455 57446786
219528894 970092025
#r 0 5.9321125751
266479111 952896760
#r 0 5.1093203030
285808615 906784177
#r 0 5.1561683852
307276407 861627407
#r 0 5.5132505935
343174213 826822989
#r 0 5.0332728625
358944485 779375139
#r 0 4.9922916302
372757589 731321022
#r 0 1.9905150388
362569999 754151112
#r 0 5.3045547541
369546990 743779441
#r 0 2.1019609771
366381129 749168301
#r 1 366493797 748492593
-384209398 -106897359
#r 0 0.3678507192
-337554278 -88916821
#r 0 0.3732010041
-290996026 -70686923
#r 0 4.9007160528
-281635236 -119802863
#r 0 5.7284243387
-239133917 -146139870
#r 0 4.8756154617
-231008785 -195475275
#r 0 5.8564232801
-185493245 -216171546
#r 0 5.9296320713
-138585826 -233483218
#r 0 4.4982563654
-149210823 -282341272
#r 0 0.1183442549
-99560549 -276437862
#r 0 0.1795185995
-50364061 -267510066
#r 0 3.2131678411
-75300050 -269297918
#r 0 0.1579878344
-62955728 -267331275
#r 0 6.0114905050
-56890230 -269021023
#r 0 2.9599606368
-59986676 -268452342
#r 0 2.8330353976
-61498560 -267970448
#r 1 -61373170 -267916626
615373946 -411111791
#r 0 4.6556901243
612540522 -461031444
#r 0 4.6537495948
609610233 -510945504
#r 0 4.5527649646
601662882 -560309860
#r 0 1.3322403624
607570375 -536017855
#r 0 1.5389633930
607970689 -523446630
#r 1 607462076 -524009904
326662212 790338362
#r 0 4.3126331307
307202539 744280560
#r 0 5.7199728378
349479755 717585298
#r 0 4.3647977862
332448053 670575500
#r 0 4.9058241745
342059610 621508016
#r 0 4.9282619978
352769623 572668528
#r 0 4.8651770770
360379340 523250999
#r 0 4.9781309288
373510602 475006103
#r 0 1.7678891452
368615120 499522103
#r 0 4.7674832459
369303450 487041069
#r 0 0.8370553653
373488779 491682784
#r 0 3.9924697266
371428392 489333225
#r 0 3.9595593120
370359897 488192762
#r 1 370073792 487889742
340630368 -61653550
#r 0 2.1220882765
314440957 -19061124
#r 0 2.2458494912
283194016 19972562
#r 0 2.5013258883
243097195 49843032
#r 0 2.4809725557
203616601 80523362
#r 0 5.1712461533
214689695 58109381
#r 0 2.0583770986
208833571 69152740
#r 0 2.0125805193
206159161 74807338
#r 0 1.9601161126
204971900 77701262
#r 1 204959584 77733586
-936931568 -253662529
#r 0 1.3718001354
-927047296 -204649253
#r 0 1.4505721055
-921050555 -155010165
#r 0 0.0336156999
-871078803 -153329697
#r 0 0.5398585690
-828189734 -127628963
#r 0 0.5004098376
-784320434 -103639705
#r 0 0.9934065929
-757028500 -61745191
#r 0 1.2098437315
-739370220 -14967150
#r 0 1.1217890779
-717666650 30076774
#r 0 5.5144364085
-681727598 -4685052
#r 0 1.4490698266
-678691945 20129960
#r 0 1.5866064610
-679009905 40239424
#r 0 6.1553126814
-679009905 40239424
#r 0 1.4160259596
-675929131 59985681
#r 0 1.9861370606
-686288528 83476608
#r 0 1.3182677336
-678551014 113462656
#r 0 3.9800022260
-688904415 101948963
#r 0 0.8533660946
-683814393 107782588
#r 0 0.7628529822
-681015525 110458016
#r 1 -680861663 110759843
-55698254 -527054964
#r 0 1.5081074568
-52565863 -477153179
#r 0 3.7196671998
-73503770 -490813488
#r 0 3.6271671334
-91359599 -500236311
#r 0 1.4539284424
-90182524 -490210367
#r 0 3.7233840864
-94399524 -492984022
#r 0 3.8612855385
-97356285 -495575696
#r 0 3.7027997339
-100571230 -497596715
#r 0 4.1447465231
-103147187 -501636497
#r 0 3.7828971273
-107903180 -505187195
#r 0 3.7979814731
-114743245 -510456335
#r 0 3.6495140631
-125892161 -516662189
#r 0 3.8374928840
-140566368 -528919614
#r 0 0.8349277352
-134149376 -521833260
#r 0 3.9769968252
-137356183 -525377965
#r 1 -137228882 -525254755
-176767589 -188188183
#r 0 4.7344613959
-175664058 -238176004
#r 0 1.0054130362
-162270571 -217066421
#r 0 0.7160498254
-150082115 -206461207
#r 0 0.7573295161
-138331010 -195351931
#r 0 0.7887666484
-124554258 -181482051
#r 0 0.7002336927
-104426724 -164520820
#r 0 1.0822221997
-86564006 -130916364
#r 0 0.6144043349
-42909867 -100118589
#r 0 0.3822351132
31424204 -70235793
#r 0 3.5367309412
-5546951 -85655506
#r 0 3.4780924717
-24455739 -92269868
#r 0 3.5631596693
-33604799 -96372795
#r 0 0.4830275919
-29164911 -94044229
#r 1 -28918198 -93959920
133207554 429148051
#r 0 0.9863059085
160796277 470847719
#r 0 1.0963467992
183638719 515324936
#r 0 4.8051585317
185954632 490432437
#r 0 1.7261183359
184020904 502781958
#r 0 1.5882425786
183911445 509055402
#r 1 183920831 508885454
420725815 -425022251
#r 0 2.2895667367
387802827 -387391454
#r 0 0.1664264968
412457403 -383249972
#r 0 3.2223946608
399998188 -384258898
#r 0 2.3420430156
395609948 -379744667
#r 0 3.6200150647
395609948 -379744667
#r 0 2.3650649971
391712143 -375915407
#r 0 5.8911926300
394236954 -376959129
#r 0 5.8951840728
395674298 -377546601
#r 0 2.7682719739
394951392 -377263447
#r 0 0.5647106604
395279314 -377055698
#r 0 0.5484874620
395548140 -376891438
#r 0 2.6172907425
395411781 -376812583
#r 0 3.6325551973
395289702 -376877849
#r 0 3.5429287162
395207704 -376912646
#r 0 2.3839186427
395207704 -376912646
#r 0 1.3864449079
395215868 -376868864
#r 0 2.5758686342
395215868 -376868864
#r 0 3.5666429126
395195581 -376878047
#r 0 1.3658425904
395197847 -376867146
#r 0 1.0545110510
395202315 -376859275
#r 0 5.8005475677
-984543034 144270826
#r 0 6.0611172146
-935770832 133258456
#r 0 2.9515503774
-960320737 137980966
#r 0 6.1277591959
-947971417 136045953
#r 0 5.7959327934
-942442164 133116200
#r 0 2.6875869585
-945253956 134488369
#r 0 2.5382894482
-946543584 135376919
#r 1 -946599437 135291014
366737756 485628537
#r 0 3.1135777849
316757376 487029097
#r 0 0.2709093059
340845574 493719289
#r 0 5.2608866391
340845574 493719289
#r 0 3.0828365307
328367146 494453318
#r 0 0.2987637608
334340277 496292936
#r 0 0.2828275349
337699251 497269115
#r 0 2.8322838620
336033277 497801503
#r 0 2.6163253796
335052324 498370041
#r 0 2.6041745638
334109208 498932068
#r 0 6.2708443715
334658106 498925294
#r 0 2.6131769475
334421073 499063672
#r 0 0.2733413087
334553212 499100718
#r 0 5.9004276777
334648013 499062550
#r 0 5.9064964789
334712001 499037238
#r 0 2.6252572365
334682080 499054224
#r 0 0.3452559736
334698268 499060046
#r 0 2.6060144304
334690871 499064435
#r 0 2.5013366966
334685469 499068459
#r 0 4.0902829489
334685469 499068459
#r 0 4.2259464187
334685469 499068459
#r 0 2.6271608125
-649282821 -270779598
#r 0 4.7450647905
-647649321 -320752908
#r 0 4.7617719096
-645181178 -370691954
#r 0 4.7428601362
-643657856 -420668744
#r 0 2.0723976317
-655678611 -398748401
#r 0 5.2292853629
-649501307 -409615364
#r 0 5.2446996505
-646328530 -415001853
#r 0 5.0576219662
-645268497 -417949372
#r 0 5.3977183520
-644268293 -419172842
#r 1 -644668557 -418753356
411724544 245564399
#r 0 0.1640869322
461052940 253731979
#r 0 1.1508682137
481437681 299387892
#r 0 2.6138040162
438241537 324569098
#r 0 3.5127560542
391646236 306434105
#r 0 2.4528862293
353042797 338211054
#r 0 6.2293796270
378006617 336866561
#r 0 2.2281945314
370368375 346761370
#r 0 0.7918872599
370368375 346761370
#r 0 3.3565929787
370368375 346761370
#r 0 3.8321373810
370368375 346761370
#r 0 0.0364263251
376614228 346988984
#r 0 0.6318788099
380736672 350006598
#r 0 0.6116195821
386230542 353859627
#r 0 2.9567373714
382932543 354476320
#r 0 0.6481624813
384269901 355489113
#r 0 0.6632669057
385274337 356273932
#r 0 1.4415651423
385441662 357561488
#r 0 3.6439760399
384872687 357248892
#r 0 0.5630389587
385147177 357422147
#r 0 6.2714593223
385310059 357420237
#r 0 3.6207010908
795592083 -315379132
#r 0 0.2390170186
844170641 -303541747
#r 0 0.3352844176
891386479 -287089859
#r 0 0.2337422415
940026801 -275508878
#r 0 3.4772081768
916421607 -283742638
#r 0 0.3871813123
927996319 -279022890
#r 0 3.5478649710
922255068 -281492814
#r 0 0.4962222087
925003153 -280004981
#r 1 924254970 -280537469
-521849662 466816098
#r 0 0.1090487844
-472146658 472257737
#r 0 3.7261945354
-492994955 458461051
#r 0 4.4408590144
-497023402 443991364
#r 0 3.0682399159
-497023402 443991364
#r 0 2.8598292497
-497023402 443991364
#r 0 3.0021296090
-497023402 443991364
#r 0 5.6238288818
-497023402 443991364
#r 0 4.4113554034
-502023118 427887615
#r 0 4.4732102917
-507197899 406666134
#r 0 4.4105791717
-516399045 377110899
#r 0 4.3525059503
-532223681 335054224
#r 0 4.3942356330
-552895878 272285895
#r 0 4.4359778896
-579775909 177528675
#r 0 5.1862251562
-512464363 46266260
#r 0 2.0615011737
-547222406 111320429
#r 0 1.9993437472
-562551728 144873782
#r 0 2.0296109412
-570727181 161424177
#r 0 2.0396516075
-574900729 169663720
#r 0 2.1389200737
-577390124 173563609
#r 1 -577909404 174357114
-558514126 -706353026
#r 0 5.5909688096
-520022464 -738265280
#r 0 5.8266682879
-475142798 -760306504
#r 0 5.3005148823
-447402659 -801905599
#r 0 2.0747429278
-459474791 -780013508
#r 0 2.1663741175
-466536617 -769592677
#r 0 2.9796864167
-472784295 -768572207
#r 0 6.1473899743
-469648200 -769000711
#r 0 5.9533713221
-468149861 -769513618
#r 1 -468362585 -769346354
-218018041 -776753981
#r 0 1.3761779898
-208348436 -727697903
#r 0 1.3018129936
-195060863 -679495824
#r 0 4.4911333077
-200547234 -703886390
#r 0 1.3482129077
-197787859 -691694761
#r 0 1.2904315084
-196058442 -685688784
#r 0 4.4356188542
-196912350 -688694861
#r 1 -196957683 -688616487
517252615 315449462
#r 0 3.3972415254
468877644 302805800
#r 0 5.3384677672
498176233 262289227
#r 0 0.3425249185
545271715 279082547
#r 0 1.4451486777
551537580 328688383
#r 0 3.5069841214
528187981 319755509
#r 0 1.2252360639
532422029 331516582
#r 0 1.3591678052
534451517 340962847
#r 0 6.2740285191
534451517 340962847
#r 0 4.0033720231
531306170 337296176
#r 0 1.2083967009
532162494 339554743
#r 0 6.2495465742
532162494 339554743
#r 0 0.0199159246
532162494 339554743
#r 0 6.2669448752
532162494 339554743
#r 0 1.3683582536
532432661 340871027
#r 0 1.2752896010
532726935 341837699
#r 0 3.5413683781
532261539 341641056
#r 0 1.3570331483
532315129 341887923
#r 0 2.7038035395
532315129 341887923
#r 0 1.3013845645
532370339 342087869
#r 0 1.2429111234
532440479 342294065
#r 0 1.2534655348
-836634468 79323631
#r 0 1.4941109497
-832803956 129176687
#r 0 1.4481432135
-826686665 178801064
#r 0 1.5218533740
-824240494 228741191
#r 0 4.7996859838
-822060840 203836390
#r 0 1.6758003819
-823370980 216267542
#r 0 1.6640491669
-823953148 222492337
#r 0 1.5404651451
-823858295 225618626
#r 1 -823931456 225864762
-478957491 -425697431
#r 0 6.2469432193
-428990325 -427509139
#r 0 1.9353635735
-446817576 -380795232
#r 0 6.0342892481
-422587953 -386953586
#r 0 6.0923136949
-402431872 -390848221
#r 0 6.0557869123
-380379576 -395951140
#r 0 6.0510903591
-352178514 -402616581
#r 0 6.1083132072
-312421930 -409640644
#r 0 6.0472571207
-255090414 -423423445
#r 0 6.0917091729
-169705966 -439975306
#r 0 2.6984259081
-208992025 -421327985
#r 0 5.8061792673
-189675687 -431310887
#r 0 5.9188743118
-179505838 -435188983
#r 0 5.8043842461
-174665926 -437701323
#r 0 5.8636241525
-172174353 -438812680
#r 0 2.6148861138
-173353570 -438126963
#r 1 -173403548 -438272135
744680137 283363242
#r 0 0.8103436553
779142611 319589446
#r 0 0.7617335454
815324643 354098293
#r 0 6.1876238126
865096517 349327487
#r 0 6.1079749580
914331012 340611723
#r 0 3.0030925782
889570407 344063166
#r 0 2.8773109169
877488155 347332763
#r 0 2.9873383331
871287090 348296964
#r 0 6.0564912879
874344598 347591723
#r 1 874538993 347643068
787479252 -388621533
#r 0 3.7750700189
747180554 -418219083
#r 0 3.8666019267
709755890 -451376202
#r 0 3.8913991022
673164851 -485451058
#r 0 3.8872261355
636431937 -519372925
#r 0 0.6921485115
655678853 -503418106
#r 0 0.8042291092
664374449 -494388691
#r 0 3.9406464609
660003344 -498880837
#r 0 0.7670768636
662259589 -496705788
#r 1 661658505 -497218963
734374273 161323653
#r 0 1.2326513900
750961155 208492237
#r 0 1.2045811014
768865365 255176702
#r 0 3.9976454323
752479771 236295168
#r 0 4.8303824659
754118689 222469784
#r 0 1.2288432870
756452936 229027841
#r 0 2.0012501174
754724858 232791319
#r 0 1.1670545081
755542289 234704732
#r 0 1.2067080984
756156712 236317062
#r 0 1.1463326016
756913867 237992416
#r 0 2.2155001366
755487236 239889832
#r 0 1.1712690132
756398786 242048695
#r 0 4.8000638329
756501384 240881487
#r 0 1.1856644469
756721478 241424427
#r 0 2.1558277338
756527444 241717361
#r 0 1.1118277444
756606177 241876687
#r 0 4.7627772316
756610653 241787942
#r 0 1.2333043283
756625364 241829864
#r 0 1.1587079034
756635497 241853046
#r 0 1.1608995237
756643001 241870317
#r 0 1.1909056994
756649930 241887670
#r 0 1.1623559226
-835925574 -325109799
#r 0 0.8838448904
-804216422 -286450651
#r 0 1.2736702334
-789577750 -238641559
#r 0 0.0176171622
-739585509 -237760746
#r 0 0.3800341057
-693152910 -219213139
#r 0 1.4801650947
-688627550 -169418349
#r 0 1.4813138527
-684159395 -119618393
#r 0 0.2056796856
-635213275 -109406765
#r 0 1.7451972891
-643889186 -60165232
#r 0 0.7250740572
-606466671 -27005688
#r 0 1.9234897584
-623738006 19916599
#r 0 1.9327749324
-641444272 66676498
#r 0 1.8723463027
-656294302 114420363
#r 0 1.9760724775
-676007930 160370041
#r 0 5.1855691497
-664614947 138116953
#r 0 2.2064638758
-672036381 148175396
#r 0 5.4993640383
-667610001 143762954
#r 0 2.4375592956
-669991993 145785757
#r 0 5.6528845935
-668729728 144864839
#r 1 -668684427 144770620
191098699 -491490599
#r 0 1.6160746131
188835558 -441541843
#r 0 1.8553027433
174801371 -393551827
#r 0 1.9504598228
156270974 -347112357
#r 0 1.5370350613
157958717 -297140850
#r 0 2.0697943940
134031416 -253237726
#r 0 2.0327742207
111745439 -208479093
#r 0 2.4743990535
72467373 -177539902
#r 0 1.4159367422
80179441 -128138242
#r 0 2.0961724562
55102519 -84881474
#r 0 2.0791979347
30763437 -41205289
#r 0 1.9992384643
9990724 4275415
#r 0 2.0130151646
-11406572 49465632
#r 0 5.1159376754
-1589461 26473801
#r 0 1.9777120734
-6536696 37953123
#r 0 5.0980483876
-4185633 32162183
#r 0 1.8890074319
-5163345 35130297
#r 0 4.9812161163
-4748344 33623918
#r 1 -4653158 33575802
76967052 -918743877
#r 0 2.8992636924
28427965 -906745668
#r 0 1.4185004752
36013355 -857324399
#r 0 3.2561498653
-13658920 -863039740
#r 0 3.0600268994
-63492688 -858965973
#r 0 3.1974031880
-113414838 -861755051
#r 0 0.7420579545
-94987854 -844859896
#r 0 3.3138037574
-107302957 -847001911
#r 0 3.1015203780
-115281066 -846682039
#r 0 3.3214784655
-122752580 -848040746
#r 0 3.3585792142
-130853766 -849826712
#r 0 3.3374076069
-141215987 -851882128
#r 0 3.0701838315
-155929481 -850829665
#r 0 3.3101782986
-177566326 -854512281
#r 0 3.3210825600
-209327277 -860275070
#r 0 1.1971270582
-203435716 -845249045
#r 0 3.1127214155
-203435716 -845249045
#r 0 3.4478237066
-211130158 -847681849
#r 0 3.4031085822
-217274694 -849326406
#r 0 3.3531024387
-223888462 -850746523
#r 0 3.4341748371
-232219575 -853256080
#r 0 3.3925137698
-458212991 -390070259
#r 0 0.6879812073
-419586517 -358321314
#r 0 4.8662256948
-415755751 -383026075
#r 0 2.0415888545
-421425660 -371885962
#r 0 1.2271603504
-419119702 -365441734
#r 0 0.7703373027
-416559141 -362957163
#r 0 0.8341634976
-414699339 -360906515
#r 0 4.7032327852
-414712013 -362290655
#r 0 4.7281033541
-414696584 -363272383
#r 0 4.7265902503
-414683171 -364216809
#r 0 4.6927644974
-414705342 -365346410
#r 0 4.8213397825
-414540930 -366849486
#r 0 4.6573543745
-414661517 -369038389
#r 0 0.8412222420
-413930902 -368221284
#r 0 4.9005899772
-413828365 -368759662
#r 0 0.8207819580
-413641575 -368559162
#r 0 4.7029465463
-413642869 -368696169
#r 0 0.8926678096
-413599893 -368642820
#r 0 2.0773212262
-413599893 -368642820
#r 0 4.7221075564
-413599560 -368677070
#r 0 4.7113955993
-413599584 -368700736
#r 0 4.8467427635
-561441965 -303326039
#r 0 4.9453808412
-549897486 -351975037
#r 0 4.9933798530
-536032096 -400014094
#r 0 4.9506604397
-524230932 -448601464
#r 0 5.0004974038
-510023976 -496540617
#r 0 5.0350118466
-494171216 -543960971
#r 0 4.9581543563
-482006277 -592458541
#r 0 4.9708271369
-469227733 -640798057
#r 0 5.0237063118
-453912087 -688394601
#r 0 5.0079134641
-439350005 -736227077
#r 0 5.0519512594
-422696285 -783372104
#r 0 4.9309445043
-411855298 -832182687
#r 0 1.4725832512
-409403916 -807303163
#r 0 4.6849982227
-409746258 -819798473
#r 0 4.4876084309
-411146303 -825921713
#r 0 4.4611675833
-411929475 -828973311
#r 0 1.4277487643
-411704908 -827414154
#r 1 -411551482 -827522721
-143029320 -288205830
#r 0 1.0573289062
-118469296 -244653503
#r 0 4.3360183950
-127657984 -267903621
#r 0 2.3373023992
-127657984 -267903621
#r 0 1.3824636471
-125317718 -255624650
#r 0 0.8644273299
-121120413 -250705365
#r 0 1.0982293607
-119616730 -247763885
#r 0 2.3641522395
-119616730 -247763885
#r 0 4.4245201865
-120085683 -249347686
#r 0 1.4267632344
-119967139 -248530354
#r 0 1.2398052002
-119830197 -248131842
#r 0 0.8387200666
-119688027 -247973640
#r 0 4.3401735658
-119726704 -248072706
#r 0 1.1024618274
-119702701 -248025258
#r 0 1.0782461919
-119690013 -248001616
#r 0 1.1282011126
-119684007 -247988944
#r 0 0.8550544327
-119678816 -247982974
#r 0 4.3418605525
-119680248 -247986661
#r 0 0.9829737598
-119679152 -247985016
#r 0 2.3358132235
-119679152 -247985016
#r 0 1.4908987258
-119679069 -247983985
#r 0 1.2094641657
-217724255 370576245
#r 0 0.8287747312
-183935284 407431441
#r 0 0.7523952063
-147432579 441600908
#r 0 1.0089007105
-120793013 483913241
#r 0 0.9982847543
-93705771 525940391
#r 0 4.1927420771
-106120113 504240527
#r 0 1.3878915464
-103846530 516532020
#r 0 4.4891717817
-105230081 510437082
#r 0 4.6797810295
-105332128 507308673
#r 1 -105590716 506911840
231282029 -813119927
#r 0 3.2584105427
181622802 -818947546
#r 0 3.2505583772
131919347 -824385057
#r 0 3.2584610298
82260414 -830215183
#r 0 1.4766668674
86959940 -780436528
#r 0 1.4980785072
90592627 -730568667
#r 0 3.4488480070
42934264 -745690851
#r 0 1.4531471453
48803162 -696036485
#r 0 3.6403500942
26848722 -707994853
#r 0 1.3288427504
29843719 -695858956
#r 0 3.5777842360
24178924 -698499523
#r 0 3.6378470328
19842070 -700847708
#r 0 3.6776353516
15539631 -703403628
#r 0 1.1675193853
16521574 -701102169
#r 0 3.6268209905
15414897 -701685691
#r 0 1.4231740206
15506907 -701066949
#r 0 1.5460505050
15519468 -700559465
#r 0 3.6095970905
15292942 -700673964
#r 0 1.1979722184
15339168 -700555773
#r 0 3.6537573097
15283856 -700586870
#r 0 1.3019772219
15292282 -700556282
#r 0 0.6777891784
-173650117 941397434
#r 0 5.2407243111
-148445299 898215063
#r 0 3.6288615971
-192626043 874804341
#r 0 5.6179222860
-153288320 843941037
#r 0 5.1388528891
-132605619 798419329
#r 0 5.7208449930
-90305137 771760950
#r 0 5.3533574588
-60406538 731685099
#r 0 5.3050213012
-32479218 690211435
#r 0 5.2720790568
-5933039 647840450
#r 0 5.3286238842
22965297 607037433
#r 0 5.1887288988
45891778 562603477
#r 0 2.0294980965
34822167 585019178
#r 0 2.1285029810
28204587 595628365
#r 0 1.5116386642
28575720 601894664
#r 0 4.6193597052
28284156 598769597
#r 0 4.6953064403
28257319 597198707
#r 1 28285064 596937053
-974261600 -135035256
#r 0 0.2889865171
-926334940 -120786210
#r 0 5.3621645930
-896084552 -160597189
#r 0 5.3646332105
-865735978 -200333370
#r 0 5.3828753969
-834667619 -239509346
#r 0 0.6838080348
-795908988 -207921872
#r 0 0.3666502835
-749232317 -189997353
#r 0 0.5251263883
-705969288 -164931235
#r 0 1.7942476347
-717049110 -116174312
#r 0 0.6573077508
-677467109 -85624923
#r 0 0.3148274204
-629924617 -70142304
#r 0 0.4021253337
-583913053 -50573553
#r 0 5.0137830868
-569070465 -98319732
#r 0 0.4066526843
-523147967 -78542872
#r 0 2.0796206286
-547505508 -34876979
#r 0 2.0817265492
-571954952 8737522
#r 0 0.6295420854
-531540092 38176256
#r 0 0.2481758361
-483071986 50458061
#r 0 2.1993662667
-512471417 90901521
#r 0 0.2057239373
-463525749 101115315
#r 0 0.4178281582
-417827130 121404135
#r 0 0.6488733073
-219071864 876570219
#r 0 5.6696116984
-178192085 847780574
#r 0 5.9660336712
-130685707 832187498
#r 0 5.8655197691
-84983789 811906109
#r 0 0.1071498650
-35270542 817253356
#r 0 5.4998275298
156862 781970229
#r 0 5.4568870496
34037000 745198824
#r 0 5.4820383399
68831173 709291088
#r 0 5.5323242104
105386255 675177660
#r 0 5.5006736876
140843501 639924523
#r 0 5.4085963024
172909114 601560523
#r 0 5.3379178771
202185419 561027845
#r 0 2.2174386869
187122668 580980628
#r 0 2.0775801511
181052867 591914374
#r 0 5.0780374720
183288581 586074948
#r 0 1.8717932642
182361692 589060782
#r 1 181861937 589922083
841216372 -245702053
#r 0 2.1044394450
815782708 -202654071
#r 0 2.0669848074
791978851 -158683895
#r 0 2.0314853277
769750582 -113896575
#r 0 5.2156727615
781808200 -135796662
#r 0 2.1785761488
774670122 -125535190
#r 0 1.9039388844
772604105 -119564732
#r 0 1.8702737024
771668017 -116533003
#r 0 4.8804892853
771933450 -118097118
#r 1 771992730 -118001908
-554460271 622376857
#r 0 3.6324875769
-598555838 598806091
#r 0 3.5953814559
-643495470 576887390
#r 0 3.4250630335
-691500000 562902930
#r 0 3.3575198574
-740338908 552190270
#r 0 3.2608741400
-789983628 546240329
#r 0 3.3152770001
-839231366 537599708
#r 0 3.4224407718
-844092642 536197362
#r 0 0.2285540187
-841628677 536770526
#r 1 -842430802 536540927
-710372218 -603481641
#r 0 5.6990730789
-668662119 -631054592
#r 0 1.7426495164
-672937332 -606422854
#r 0 5.5731329952
-663458236 -614571271
#r 0 5.6441799391
-656520889 -619725713
#r 0 5.5807120454
-650183726 -625090281
#r 0 5.5604182565
-642902522 -631512124
#r 0 5.6296902940
-632674816 -639343826
#r 0 0.8561353934
-632674816 -639343826
#r 0 5.5267079209
-619246127 -652017406
#r 0 5.6444059424
-597698936 -668019390
#r 0 5.5464908150
-568066179 -694897673
#r 0 5.6375885588
-520483271 -730740906
#r 0 5.6769036845
-447103162 -781622558
#r 0 5.4301030993
-359015965 -882520609
#r 0 6.2582792961
-159631150 -887487516
#r 0 3.1221467240
-259335631 -885548425
#r 0 3.1124782067
-309177653 -884096892
#r 0 3.1189301346
-334102867 -883531927
#r 0 2.9949091684
-346435797 -881709803
#r 0 6.0738362093
-340338492 -883005249
#r 1 -341046993 -882619010
57367412 137137296
#r 0 0.8003725576
92189382 173018076
#r 0 0.7147178918
129953290 205788295
#r 0 0.6340252500
170235766 235407919
#r 0 3.7576180276
149831231 220963027
#r 0 0.6962057591
159422243 228979415
#r 0 3.8356879971
154618289 224981351
#r 0 3.7845225444
152117207 223107771
#r 0 3.9527604794
151037889 221971341
#r 1 151211998 222159016
350298717 99524416
#r 0 1.0734500426
374153467 143467002
#r 0 0.9895919408
401605015 185257103
#r 0 1.1367606577
422631799 230620903
#r 0 0.2430816515
471161841 242655644
#r 0 1.2283720794
487950420 289752816
#r 0 1.2444688319
503978745 337114117
#r 0 1.6355566129
500742994 387009306
#r 0 0.9189545479
531075573 426757697
#r 0 0.9711499869
559293100 468034460
#r 0 0.9875795511
586828690 509769233
#r 0 4.1803539790
574146488 488224821
#r 0 1.0856669359
579975523 499282503
#r 0 0.9212029125
583764221 504270499
#r 0 4.0164110362
581756269 501867021
#r 0 0.9494640683
582667828 503140286
#r 1 582635787 503090114
124361302 -505132095
#r 0 1.1691001402
143910306 -459112138
#r 0 1.3552932882
154602249 -410268691
#r 0 1.3334702067
166357476 -361670186
#r 0 1.4044270455
174637619 -312360560
#r 0 1.1777114656
193789610 -266173968
#r 0 2.4875537136
154107960 -235754128
#r 0 2.5204116290
113448376 -206654330
#r 0 2.4816895330
73945795 -176002314
#r 0 1.2263329258
90830377 -128939474
#r 0 0.6806483494
129688621 -97474622
#r 0 1.2308891232
146358601 -50335342
#r 0 0.9324554561
176151793 -10181068
#r 0 0.4643080253
220858375 12209142
#r 0 0.9176842079
251241424 51918969
#r 0 0.5201338807
294629056 76768785
#r 0 1.0348090225
320163563 119757027
#r 0 0.4476918976
365235995 141401330
#r 0 1.4230679682
372595576 190856730
#r 0 1.4968277379
376290634 240720009
#r 0 0.1897554635
425393153 250150947
#r 0 1.0801207294
-544744435 413022941
#r 0 3.0035658470
-594268906 419902389
#r 0 3.0405720726
-644013994 424944831
#r 0 2.8983626982
-692542251 436986769
#r 0 3.0006595057
-742046519 444010123
#r 0 2.9648975698
-791268019 452798977
#r 0 2.8513131177
-839176214 467109981
#r 0 3.0385404369
-881853443 471523599
#r 0 6.1799676386
-860515194 469313260
#r 0 0.0868600250
-849829419 470243768
#r 0 3.2622787054
-855153515 469598086
#r 0 3.2102958262
-857831801 469413789
#r 1 -857679994 469393696
-119196968 -904270036
#r 0 1.1392438375
-98282895 -858854163
#r 0 0.9372396084
-68682147 -818557814
#r 0 1.1272689022
-47225734 -773395636
#r 0 1.2149334715
-29805770 -726528325
#r 0 1.1070240731
-7439516 -681809753
#r 0 1.1479959384
13076277 -636212579
#r 0 0.8617561499
45631556 -598263220
#r 0 1.1148970772
67645051 -553369946
#r 0 0.9056599716
98503372 -514028314
#r 0 0.9237760311
128643953 -474134137
#r 0 0.9520709665
157643817 -433403217
#r 0 1.1777844856
176792435 -387215227
#r 0 0.8978282198
207957921 -348116474
#r 0 1.3656271084
218144563 -299165148
#r 0 0.8270159299
251998303 -262369437
#r 0 0.8160623312
286253049 -225946747
#r 0 1.1747636614
305541106 -179816812
#r 0 1.3523766801
316375460 -131004756
#r 0 0.7596552199
352629135 -96571181
#r 0 0.7398514921
389557569 -62862269
#r 0 1.3035148166
-804414631 -463783652
#r 0 0.6675386411
-765147243 -432830910
#r 0 0.6826333443
-726351533 -401288987
#r 0 0.6113985920
-685409233 -372588324
#r 0 0.8307270005
-651692278 -335667233
#r 0 0.4065470116
-605767691 -315895225
#r 0 0.6921360652
-567273462 -283986067
#r 0 0.8056129475
-532639998 -247923300
#r 0 0.6086130752
-491617910 -219336794
#r 0 0.8802827724
-459771251 -180790843
#r 0 0.5935827442
-418324148 -152824118
#r 0 0.3835215302
-371956514 -134114694
#r 0 0.6127501501
-331053042 -105358722
#r 0 0.6259907622
-290533891 -76063699
#r 0 0.3348912502
-243311588 -59630376
#r 0 0.3577456363
-196477158 -42122202
#r 0 1.0569603779
-171901085 1421071
#r 0 0.6491501914
-132071195 31646554
#r 0 0.9695092273
-103785980 72876963
#r 0 0.6581826702
-64230722 103460971
#r 0 0.2390079885
-15652057 115297918
#r 0 0.6830829093
551441948 -761356956
#r 0 1.3924477375
560312178 -712150056
#r 0 1.6657904140
