701687785 -541700890
#r 0 2.6060872073
615686703 -490673311
#r 0 2.1940629481
557317634 -409475701
#r 0 2.7497947485
464895232 -371290631
#r 0 2.7573551781
372186778 -333805399
#r 0 5.6729920754
454140509 -391107982
#r 0 2.4910592749
414352464 -360827435
#r 0 0.5985973144
435039212 -346717427
#r 0 4.1018877319
416647010 -373004574
#r 0 0.1362465055
446008857 -368979186
#r 0 3.2421554912
431265474 -370466841
#r 0 0.0791222441
438651417 -369881226
#r 0 3.2923244594
434988860 -370437509
#r 1 434315862 -370420605
-499127383 633119407
#r 0 0.7494065587
-425918058 701239850
#r 0 5.1390205981
-384537388 610203373
#r 1 -384255459 610383169
-483608482 -622730427
#r 0 0.9012560531
-421545924 -544319720
#r 0 0.6113158961
-339656577 -486925166
#r 0 5.3566991963
-279591868 -566876593
#r 0 1.8180253915
-304063690 -469917169
#r 0 1.5230796879
-299293837 -370030991
#r 0 1.4539708795
-287637848 -270712624
#r 0 0.8045276145
-218292681 -198662309
#r 0 3.4744174173
-312805004 -231333717
#r 0 3.4790655291
-407164446 -264444074
#r 0 0.3828610320
-360784465 -245765280
#r 0 1.0260553070
-347802894 -224339747
#r 0 4.1579078956
-354397713 -234988786
#r 0 4.1434039509
-357772320 -240265422
#r 0 4.1756333711
-359375578 -242959847
#r 1 -359708753 -243630469
-400050622 -282770132
#r 0 3.1267991986
-500039680 -281290840
#r 0 2.8412268210
-595562511 -251703872
#r 0 0.5987585578
-512958916 -195342129
#r 0 1.9329645719
-548389182 -101829048
#r 0 1.0556654130
-499124304 -14806224
#r 0 5.7121795134
-414988525 -68854079
#r 0 0.0342017036
-315047007 -65434575
#r 0 2.0536747186
-361480045 23131632
#r 0 1.6244787131
-366845706 122987577
#r 0 4.6336030861
-370780927 73142677
#r 0 1.5835053594
-371098644 98140658
#r 0 4.7158055889
-371055936 85640732
#r 0 1.3032176953
-369403312 91668840
#r 0 4.1299153288
-374512922 83911842
#r 0 0.8265222796
-370652377 88103723
#r 0 1.3272440768
-368848371 95363745
#r 0 4.5422291804
-369481770 91677366
#r 0 4.0236659795
-370676761 90225710
#r 1 -370104593 90738540
301295572 728310821
#r 0 3.2904354575
202401237 713481438
#r 0 5.8800781778
294385895 674253607
#r 0 3.1352691456
194387894 674885954
#r 0 2.2967012615
128006643 749675856
#r 0 4.0758562222
68565563 669259701
#r 0 0.6519181349
148057714 729930930
#r 0 0.1910208492
246238807 748917057
#r 0 3.4355201397
198383136 734431382
#r 0 3.1113336941
173131575 735195701
#r 0 3.3618407751
160630719 732397010
#r 0 3.0597478468
154245878 732920746
#r 0 6.0846956928
157386128 732289122
#r 1 157317966 732099417
538670319 187274473
#r 0 3.0258344459
439339569 198824458
#r 0 5.9434529505
533623958 165500982
#r 0 2.5424004754
451044810 221898539
#r 0 2.4709314694
372703719 284048949
#r 0 4.3185130241
334326673 191706097
#r 0 0.6162523078
415931701 249504189
#r 0 5.9521634388
510502773 217003230
#r 0 3.5261937088
417807954 179484293
#r 0 3.3310271390
319596866 160653940
#r 0 5.3636990571
380219748 81124913
#r 0 4.9339627528
402196267 -16430367
#r 0 2.0331480621
357590851 73070230
#r 0 4.6863768313
354989929 -26895940
#r 0 0.6383136416
435300099 32688257
#r 0 4.1834270708
384836359 -53644882
#r 0 4.6082204423
374438334 -153102818
#r 0 1.6130498800
370214236 -53192073
#r 0 5.9910146595
465976328 -81995229
#r 0 2.2357632291
404273019 -3301508
#r 0 3.0035652027
305224086 10457451
#r 0 2.7233202167
213844885 51075694
#r 0 1.9131154349
180277631 145273568
#r 0 5.1329762560
200692462 99631102
#r 0 2.0333266713
189537112 122004259
#r 0 2.3334308778
180886578 131057873
#r 0 5.5031815317
185337579 126654636
#r 0 5.3097546056
187099771 124064231
#r 0 2.0875410802
186325845 125426184
#r 1 186559757 124984175
-356518068 -65592954
#r 0 6.1439646463
-257485623 -79470090
#r 0 5.8852022138
-165301169 -118226076
#r 0 0.7303795034
-90809042 -51510838
#r 0 4.8776177197
-74361246 -150148914
#r 0 5.5322891288
-1253475 -218378335
#r 0 4.4887404173
-23432354 -315887808
#r 0 6.2513391077
76516941 -319071890
#r 0 0.3899658520
169009145 -281056207
#r 0 4.1556936012
116170800 -365956792
#r 0 5.9992755108
212167560 -393967898
#r 0 2.7112150869
121286731 -352246501
#r 0 0.8062359078
190508714 -280077830
#r 0 3.6345704477
102415962 -327402950
#r 0 5.7639493333
189235818 -377024646
#r 0 2.2290621656
128061222 -297919217
#r 0 5.3958203133
159634093 -336689744
#r 0 1.4482684231
162691566 -311861465
#r 0 1.3777999877
169439316 -277333546
#r 0 4.4341183403
164607312 -294247417
#r 0 1.6098948916
164261028 -285395226
#r 0 4.7243595533
164314050 -289824389
#r 1 164605338 -290730335
-276446552 932869643
#r 0 5.6575087740
-195389842 874305065
#r 0 3.8690492237
-270076655 807807847
#r 0 3.5409655738
-362207156 768923778
#r 0 3.8821676744
-436015227 701452535
#r 0 1.6258712040
-441519931 801300911
#r 0 4.9084944275
-431777386 752259268
#r 0 6.2076064078
-406358574 750334476
#r 0 6.1924076730
-377888867 747742941
#r 0 4.4588142708
-387209369 711777721
#r 0 1.1276966624
-376515244 734311939
#r 0 3.7199369677
-404973432 715734302
#r 0 4.7347497873
-404591434 698653771
#r 0 2.0003923749
-411161400 712994535
#r 0 0.4943696490
-399100360 719495606
#r 0 0.6886721253
-383238362 732551714
#r 0 4.6245399348
-385925636 702040771
#r 0 1.5471902619
-385564154 717351032
#r 0 1.6989094302
-386546497 724976811
#r 0 0.9920686930
-384285979 728436692
#r 0 1.0826324047
-383290216 730311840
#r 1 -383856953 729553907
-550539604 -271667289
#r 0 2.7616901899
-643409685 -234584300
#r 0 3.1159138080
-743376717 -232016698
#r 0 6.2306923952
-693445589 -234640138
#r 0 6.2590617052
-668434901 -235243603
#r 0 1.8355145770
-671709802 -223162666
#r 0 4.9016821336
-670532178 -229309348
#r 0 4.9769696856
-669709228 -232346820
#r 0 5.1822092899
-668992860 -233757716
#r 1 -669070739 -233288002
-618319202 -169265767
#r 0 0.8245095966
-550427491 -95844274
#r 0 0.0099130970
-450432404 -94852981
#r 0 5.4835474492
-380735759 -166563355
#r 0 0.0639510372
-280940176 -160172609
#r 0 3.3895453235
-377881867 -184714585
#r 0 0.2316714326
-329217668 -173234354
#r 0 0.1468205072
-304480083 -169576045
#r 0 0.6702595935
-294547733 -161702902
#r 0 6.1544975855
-287757680 -162581554
#r 0 1.3538688753
-286979560 -159050991
#r 0 4.5998255497
-287182605 -160847197
#r 1 -287365769 -161390467
755102565 -188650360
#r 0 0.1405168482
854116939 -174644871
#r 0 3.2509555748
804415648 -180102123
#r 0 3.2350287008
779500553 -182436889
#r 0 3.7223741220
768976240 -189343847
#r 0 0.7494380590
774060843 -184612383
#r 0 4.1216358225
768662657 -192661605
#r 0 1.1928862017
771271511 -186090044
#r 0 0.1461097282
779369497 -184898357
#r 0 3.2861669011
775319595 -185487982
#r 0 3.0837940546
773276707 -185369774
#r 1 773291098 -185812395
380790345 -501424583
#r 0 4.8320264876
392725576 -600709780
#r 0 1.5605924910
393235759 -550712383
#r 0 0.7648761153
411573598 -533112170
#r 0 0.8621139891
425949928 -516341688
#r 0 1.5832450541
425653908 -492563771
#r 0 1.7037819744
422622131 -469900549
#r 0 1.7311067779
418441562 -444046370
#r 0 1.3225264151
426873511 -410784221
#r 0 1.6145586153
424649291 -359991641
#r 0 1.5422499653
426762538 -285983161
#r 0 3.7951744777
339316520 -352955588
#r 0 3.3369443396
263706100 -367917018
#r 0 1.5670591162
264037917 -279129984
#r 0 4.2111137295
203708066 -389229091
#r 0 2.7676498144
106135020 -350940830
#r 0 0.0275185061
262665091 -346632269
#r 0 3.3115643398
166710170 -363100789
#r 0 0.4498014913
281474131 -307691571
#r 0 3.9546770233
206663462 -386763761
#r 0 3.3378558208
104420691 -407091932
#r 0 4.3371993889
50914492 -542947720
#r 0 5.7999271492
198117162 -620193665
#r 0 2.7928126115
120002037 -591787366
#r 0 2.6847860829
82035953 -573127882
#r 0 5.7496064261
100247517 -583886084
#r 0 5.9044846627
110131804 -587819109
#r 0 6.0698236570
115330228 -588945396
#r 0 3.2160509808
112603641 -589148789
#r 1 113116804 -588995031
-579009961 358478730
#r 0 5.7452296702
-493134164 307240585
#r 0 1.3028728705
-466661209 403672855
#r 0 1.2281074335
-433059124 497858310
#r 0 5.4500584709
-365802617 423854511
#r 0 0.5180216116
-278922567 473370739
#r 0 2.4052125628
-353013025 540531770
#r 0 0.6354499713
-272532555 599885741
#r 0 2.8424533280
-368091603 629355527
#r 0 3.0357939976
-467532457 639915666
#r 0 6.0842988570
-418518098 630036773
#r 0 0.0654413777
-393356524 631685736
#r 0 3.0779125581
-405938743 632488058
#r 0 3.3948696687
-412142288 630882360
#r 0 0.1180368954
-408960591 631259672
#r 1 -409630057 631190206
299350043 -849072587
#r 0 3.1449322464
199350601 -849406546
#r 0 6.2333372045
249288492 -851897919
#r 0 2.9156819405
224854916 -846282253
#r 0 6.1873991888
237332757 -847481126
#r 0 6.1038932400
243603350 -848617597
#r 0 3.0973121978
240420100 -848476549
#r 1 240160866 -848062371
547958642 -796389549
#r 0 4.2396327413
517693453 -855566180
#r 0 1.3666941786
537962256 -757641844
#r 0 4.5475612493
529758136 -806964175
#r 0 4.5491166713
525688177 -831669706
#r 0 0.8258331463
534229723 -822407889
#r 0 3.9934764941
530081024 -827148470
#r 0 3.9368580447
527874372 -829399105
#r 0 4.0896791498
526955190 -830679289
#r 1 527071829 -830644780
120566706 -818818612
#r 0 4.7308733751
122415040 -918801529
#r 0 1.7324317408
106321788 -820104988
#r 0 1.6343874137
99966964 -720307111
#r 0 4.0149729491
35743043 -796957538
#r 0 5.6639136282
117173185 -855001762
#r 0 4.5981702256
105776128 -954350175
#r 0 1.3653395066
115976848 -905401781
#r 0 1.5602929703
116241602 -880196064
#r 1 115558233 -880768749
137093106 -178832048
#r 0 1.8866052803
106034554 -83777504
#r 0 5.5492282555
180287528 -150758814
#r 0 0.8571706610
245745433 -75159457
#r 0 3.0367393831
146294640 -64693332
#r 0 0.6253361942
227371277 -6156344
#r 0 0.6423845641
307438220 53754295
#r 0 3.8100832431
268200315 22764186
#r 0 1.5904972600
267707488 47776362
#r 0 4.7434558840
268096026 35273883
#r 0 4.6249214982
267549609 29042730
#r 0 5.0548479341
268609436 26069912
#r 1 268613121 26767444
-671832205 450572368
#r 0 5.2315947611
-622213131 363751014
#r 0 6.1484487252
-523119456 350318085
#r 0 4.2944451823
-563707666 258925540
#r 0 4.6360906051
-571330103 159216471
#r 0 4.1869247980
-621491565 72707352
#r 0 4.9089925537
-601957618 -25366217
#r 0 5.4037085022
-538202188 -102406759
#r 0 2.2199065390
-568426078 -62575661
#r 0 6.1939781713
-543481169 -64806847
#r 0 4.6807184560
-544597908 -100056208
#r 0 1.5633961044
-544467417 -82423168
#r 0 4.8367263327
-543373987 -91171864
#r 0 4.3630114521
-544908962 -95385086
#r 1 -544443271 -95334577
-468532303 -84888903
#r 0 0.9597603919
-411160678 -2983491
#r 0 5.0549797762
-377567832 -97172242
#r 0 1.0027154269
-323766296 -12878739
#r 0 0.7458109051
-250312507 54978028
#r 0 6.2534361669
-150356754 52003553
#r 0 1.5911605829
-152393039 151982819
#r 0 5.6199862424
-73590360 90418724
#r 0 5.5964276559
3740223 27015405
#r 0 1.0845742581
50469137 115425860
#r 0 4.0606775058
-10185663 35921173
#r 0 0.6160735277
71429697 93704675
#r 0 1.1126061649
115662264 183390125
#r 0 3.9949813372
49918913 108038869
#r 0 4.1181368789
-6070010 25182122
#r 0 0.9197463074
24231089 64954517
#r 0 3.8615010996
5373913 48418547
#r 0 0.0289859831
42569973 49497013
#r 0 3.2440374748
24061676 47594273
#r 0 3.1885480279
14719019 47155262
#r 0 2.7803447249
10308293 48821759
#r 0 5.8567182303
12454662 47846552
#r 1 12319764 47715282
242220329 -192797614
#r 0 0.9681777860
298900500 -110412189
#r 0 1.0384694992
349654457 -24249344
#r 0 0.6079893575
431734276 32872484
#r 0 3.9286811167
361143221 -37957615
#r 0 0.8647490765
393584774 89008
#r 1 392977929 -432401
474168597 127670696
#r 0 4.9958237524
502134099 31660641
#r 0 2.1440868641
447894156 115672715
#r 0 1.9930181056
406915343 206890788
#r 0 1.1956797802
443553440 299937281
#r 0 4.4572508177
430934485 251555859
#r 0 4.5005973913
425604167 226765546
#r 0 1.3200649141
428749849 239047551
#r 0 1.4706244006
429384760 245364550
#r 0 1.1547489862
430674460 248283481
#r 1 430169872 247502190
595496296 -707793242
#r 0 1.7254349211
580093994 -608986516
#r 0 0.0718909669
679835690 -601803610
#r 0 6.2374880597
779731296 -606371744
#r 0 5.3922865486
787632818 -616144905
#r 0 2.3549820953
783194833 -611696146
#r 1 783961456 -611960096
677928845 -196320030
#r 0 2.9574009321
579620384 -178004831
#r 0 1.9032001624
546988762 -83478765
#r 0 1.9577043719
509256079 9129251
#r 0 1.9342956764
473701369 102595088
#r 0 1.7727306289
453644899 200563134
#r 0 4.9875803308
467231454 152444473
#r 0 1.7907896854
461775875 176841945
#r 0 1.7980345621
458951215 189057638
#r 0 2.3475057721
454510721 193575975
#r 0 5.5701280107
456906542 191503928
#r 0 2.3520992300
455791242 192628401
#r 1 455387842 192954795
134234208 -184258840
#r 0 5.0157750557
164109543 -279691876
#r 0 0.1108815295
263495437 -268626430
#r 0 5.8506845157
354287477 -310540693
#r 0 5.7416238704
439977962 -362088155
#r 0 2.8964728765
342967135 -337820903
#r 0 6.0625992741
391755605 -348760978
#r 0 6.0367684340
416015010 -354862913
#r 0 6.1087449157
428339354 -357034852
#r 0 3.1162437211
421997240 -356874052
#r 0 0.2324616534
431106189 -354717586
#r 0 3.2272806224
425360338 -355211145
#r 0 4.2716282643
421914358 -362516436
#r 0 1.0924571861
423773360 -358931102
#r 0 1.2143277818
424479028 -357036062
#r 1 424888107 -356421610
-222667336 -46611794
#r 0 5.9742835320
-127400534 -77013052
#r 0 6.0175096883
-30909001 -103269176
#r 0 3.0549106482
-130533548 -94611827
#r 0 6.1405911904
-81041014 -101717396
#r 0 0.6505645691
-61085387 -86529255
#r 0 3.6390571653
-76248358 -94762973
#r 0 4.2190136773
-87172065 -115077397
#r 0 1.0526798419
-81460607 -105058413
#r 0 1.0038851992
-78362043 -100191196
#r 1 -78388781 -99859615
219528894 970092025
#r 0 3.7609165332
138101782 912043550
#r 0 2.8186287178
43271893 943781415
#r 0 5.9678877978
90807100 928276449
#r 0 5.9013087062
114007636 918959338
#r 0 6.0514926472
126206244 916081326
#r 0 5.9339100358
132108070 913931837
#r 0 2.6348642278
129360850 915456740
#r 1 129588448 915070842
-384209398 -106897359
#r 0 3.5222914112
-477049921 -144054288
#r 0 0.9444410726
-418430341 -63037346
#r 0 5.3210002563
-361257477 -145081624
#r 0 0.7598815799
-288765718 -76198063
#r 0 3.4914881375
-382706573 -110478026
#r 0 0.6928030308
-305760698 -46608375
#r 0 0.7950990971
-235739296 24784925
#r 0 0.9013887001
-173687140 103203863
#r 0 0.8174015686
-105275267 176140929
#r 0 3.8951870479
-141736970 141927713
#r 0 0.6294782498
-121528601 156645790
#r 0 3.9662882346
-130142907 147326372
#r 0 0.6045445865
-114485146 158143212
#r 0 4.0454149492
-120738474 150200870
#r 0 3.7317034925
-133284454 141798624
#r 0 4.0433992506
-147026710 124416809
#r 0 3.6873901421
-175434102 107163926
#r 0 6.0767420917
-127284952 97080200
#r 0 2.9181959173
-151270594 102529468
#r 0 2.9767341567
-163405763 104548377
#r 0 2.7984196640
-169201607 106619295
#r 0 3.4859315908
-172146105 105563320
#r 1 -171476908 105959131
615373946 -411111791
#r 0 5.6787186832
697654480 -467944120
#r 0 5.4897369286
767793637 -539221737
#r 0 5.8985148009
826472443 -562977176
#r 0 2.5930220024
741145368 -510830362
#r 0 5.8498886648
786524694 -531823615
#r 0 5.4514409549
803586438 -550544957
#r 0 5.8148950191
815206843 -556422754
#r 0 5.5314113089
819967217 -560873302
#r 0 2.5811493542
817071691 -559056165
#r 1 816892054 -558270498
326662212 790338362
#r 0 4.3872985234
294722761 695576178
#r 0 4.2703491688
251944351 605188083
#r 0 0.1041010172
351402989 615579392
#r 0 2.3646341394
280098063 685690786
#r 0 3.2651885735
180860889 673362637
#r 0 6.0716164152
278631155 652363230
#r 0 1.2488126377
310276048 747224185
#r 0 4.4972699651
299602863 698376635
#r 0 4.2005006618
287218329 676333840
#r 1 287485369 675627276
340630368 -61653550
#r 0 5.2963438156
395763139 -145082427
#r 0 2.5769403530
311285668 -91570215
#r 0 2.0259518463
267325467 -1750948
#r 0 4.4785025520
244149479 -99028251
#r 0 4.4968525333
222762330 -196714431
#r 0 0.4954681221
310736954 -149170078
#r 0 0.4074930421
402548678 -109539189
#r 0 3.7279269719
319251225 -164870322
#r 0 2.0422290375
273834907 -75778470
#r 0 5.8331063697
363876183 -119282131
#r 0 5.2612606544
416048680 -204593505
#r 0 2.1750992077
387639253 -163448586
#r 0 2.0426059058
376241930 -141111603
#r 0 1.8300522734
373026056 -128986525
#r 0 2.1147309355
369574870 -123280110
#r 0 5.1253208704
370912968 -126334281
#r 1 371427094 -126528163
-936931568 -253662529
#r 0 1.0979361492
-891388121 -164635598
#r 0 4.9580700833
-867066418 -261632787
#r 0 5.2838090531
-812983712 -345746168
#r 0 2.2581617292
-844708864 -307100151
#r 0 2.1384778242
-858330136 -285740229
#r 0 4.9446596920
-855378944 -298216739
#r 0 1.8779352835
-857317017 -292106332
#r 0 1.7240978075
-857809191 -288921025
#r 1 -857543365 -289840595
-55698254 -527054964
#r 0 3.9949685358
-121442570 -602405379
#r 0 1.4464505105
-109040007 -503177477
#r 0 4.1029019245
-166284702 -585171653
#r 0 4.4601134873
-191245509 -682006348
#r 0 1.4218857160
-183827465 -632559684
#r 0 4.7289173407
-183409887 -657821693
#r 0 1.9739341442
-198050991 -623492943
#r 0 5.0796568429
-191350701 -640908808
#r 0 5.2471707540
-186589450 -648946595
#r 0 5.3364838858
-183834921 -652771750
#r 0 2.5377874947
-185920779 -651333056
#r 0 5.5597443965
-184971160 -652171735
#r 1 -184739997 -651953226
-176767589 -188188183
#r 0 5.8835578311
-84646989 -227095703
#r 0 5.8223680300
4921948 -271563731
#r 0 5.7774278272
92402723 -320010754
#r 0 5.9620474000
187290409 -351575404
#r 0 3.8451326039
111034719 -416267519
#r 0 0.7621923080
147200916 -381742076
#r 0 0.6335833827
167417867 -366890350
#r 0 0.7226056814
176827365 -358594103
#r 1 177446813 -357810269
133207554 429148051
#r 0 2.6598341827
44589401 475481873
#r 0 2.5283099624
-37186905 533037375
#r 0 4.4928988743
-58960104 435436515
#r 0 1.7739492407
-79135944 533380047
#r 0 1.7761225637
-99524599 631279499
#r 0 5.0832421592
-63283525 538077651
#r 0 2.0780966618
-87574492 581780612
#r 0 5.1497646466
-76985402 559133954
#r 0 2.0214046219
-82429316 570386232
#r 0 2.2445149959
-86329351 575271506
#r 0 0.5499072159
-83504296 577003201
#r 0 3.5181560813
-86422501 575849245
#r 1 -85447060 576046554
420725815 -425022251
#r 0 0.8637124068
485687771 -348996306
#r 0 0.3717673468
578856450 -312670045
#r 0 4.0892779425
520500015 -393876735
#r 0 0.8212024725
554567092 -357278452
#r 0 1.1386912551
565202627 -334216447
#r 0 1.0522095970
571524266 -323139198
#r 0 1.0136146492
574903643 -317715101
#r 0 4.1107224793
573095021 -320349325
#r 1 572563252 -321096982
-984543034 144270826
#r 0 0.1601778776
-885823141 160220207
#r 0 4.7663754440
-880427117 60365899
#r 0 1.0145340131
-827625545 145289359
#r 0 0.8453929020
-761281810 220112543
#r 0 0.0010965672
-661281870 220222200
#r 0 0.3396276972
-566993994 253535808
#r 0 1.2922275755
-539496008 349680807
#r 0 1.4395235213
-526406398 448820416
#r 0 1.1139903533
-482298015 538567007
#r 0 1.4618019429
-471420144 637973606
#r 0 1.4797070466
-462323807 737559030
#r 0 1.2251440999
-428442767 831644497
#r 0 4.4455404765
-441627407 783414162
#r 0 1.5657601016
-441500723 808568534
#r 0 4.7934645794
-440482124 796032503
#r 0 4.4817465744
-441930348 789865154
#r 0 4.9251451000
-441248519 786708910
#r 0 1.8980955640
-441767567 788237726
#r 1 -441747513 787919964
366737756 485628537
#r 0 4.0845125693
307995005 404700858
#r 0 1.3219527691
332623335 501620646
#r 0 0.4478866252
422759769 544926804
#r 0 0.6296289696
503584373 603811295
#r 0 3.1763153762
403644650 600339720
#r 0 0.2483975422
500575413 624924820
#r 0 3.7168447809
416669897 570520184
#r 0 0.5527689160
459223596 596772474
#r 0 0.8665721978
475417843 615834955
#r 0 4.2400173562
469332368 603924908
#r 0 1.0050050001
472917345 609570126
#r 0 4.0234952598
470791828 606988980
#r 1 471167479 607327906
-649282821 -270779598
#r 0 3.4976786168
-743009668 -305640439
#r 0 3.4870861999
-837100510 -339506549
#r 0 0.6338351878
-756524301 -280282614
#r 0 3.6626346978
-799889347 -305171822
#r 0 4.1066067210
-814304256 -325982790
#r 0 1.0452602625
-807954100 -315033041
#r 0 4.0997963837
-811593176 -320211120
#r 0 1.0611532453
-810049342 -317448799
#r 0 0.7790821263
-808911631 -316325369
#r 1 -809093241 -316278145
411724544 245564399
#r 0 0.7619002659
484077101 314594157
#r 0 0.6047497785
566341540 371449782
#r 0 0.6342916041
646890710 430710488
#r 0 0.8827343954
710394836 507958310
#r 0 4.0108653156
678125721 469765324
#r 0 4.0540785175
662828418 449986066
#r 0 1.4207020764
664698394 462351049
#r 0 4.6955729419
664593252 456099142
#r 1 664384587 455926625
795592083 -315379132
#r 0 2.3683814519
724024929 -245535432
#r 0 3.3636182168
626479588 -267556024
#r 0 3.7207811566
542788879 -322290521
#r 0 3.8616830764
467614269 -388235786
#r 0 3.2141999393
367877744 -395490137
#r 0 3.0992532030
267967362 -391257457
#r 0 3.0021441049
168938082 -377357753
#r 0 6.0530496191
217619855 -388763235
#r 0 3.3209628345
192819607 -393259989
#r 0 0.8139815479
218627334 -365933080
#r 0 4.0536471120
207123345 -380794369
#r 0 3.9795969787
200777252 -387845911
#r 1 200440848 -387844969
-521849662 466816098
#r 0 1.0536998279
-472413829 553741919
#r 0 1.0735799925
-424715750 641633291
#r 0 0.0250466840
-324747115 644137698
#r 0 1.9394988254
-360787658 737417274
#r 0 2.1168293675
-412717778 822876403
#r 0 5.2271877631
-388099792 779356812
#r 0 5.0175502699
-380581293 755488601
#r 0 6.1580017630
-367285033 753815379
#r 0 3.1565124372
-373984850 753715412
#r 0 6.1247364380
-370612328 753176522
#r 0 2.9499519497
-372288718 753501778
#r 1 -372470881 753603199
-558514126 -706353026
#r 0 6.2399979092
-458607369 -710670423
#r 0 6.1757671011
-359183748 -721391598
#r 0 1.2723746280
-329782545 -625811426
#r 0 5.9914892373
-234006795 -654569132
#r 0 5.7983650570
-145530921 -701174065
#r 0 5.7248791651
-60715556 -754149096
#r 0 5.8983908256
31972004 -791685961
#r 0 0.6913085140
109013248 -727931379
#r 0 3.2992068238
10252790 -743627619
#r 0 1.3532853061
31832786 -645983860
#r 0 5.1301089292
72400537 -737385488
#r 0 0.4256122728
163479148 -696097637
#r 0 5.8817724487
255530136 -735169565
#r 0 2.9523722538
157315019 -716360238
#r 0 6.0040416153
205379605 -730136867
#r 0 3.0933896906
180207668 -728922564
#r 0 3.1339702594
142418228 -728634512
#r 0 3.2417800056
86052038 -734300662
#r 0 0.6026745079
155862892 -686265886
#r 0 3.8203780825
122884739 -712867862
#r 0 3.7824477097
105805090 -725607123
#r 0 3.3263525493
95198000 -727589496
#r 0 4.0435057891
91680708 -732039298
#r 0 1.1337321773
92964509 -729291431
#r 0 4.3121895835
92373683 -730688088
#r 1 92506303 -730493336
-218018041 -776753981
#r 0 0.0897203853
-118420258 -767793975
#r 0 0.0427774295
-18511739 -763517537
#r 0 3.2053398950
-68410181 -766702741
#r 0 6.2798027090
-43410324 -766787306
#r 0 0.1447764627
-30985503 -764975810
#r 0 3.4080478739
-37042041 -766628915
#r 0 3.0961551489
-40223880 -766484241
#r 0 3.0830571018
-41821550 -766390614
#r 1 -41243195 -766457335
517252615 315449462
#r 0 5.8201718511
606723676 270784832
#r 0 5.7558158906
693137069 220458641
#r 0 3.8306838354
615954650 156875041
#r 0 1.9109725512
582589328 251144629
#r 0 5.8187059780
671994821 206348894
#r 0 0.5935671958
754889896 262281054
#r 0 3.7422029944
713640355 234023749
#r 0 3.6001354847
691221782 222957152
#r 0 3.9618516839
682557627 213666835
#r 1 681956504 214380880
-836634468 79323631
#r 0 0.3721213938
-743478656 115682876
#r 0 0.5765503601
-659643841 170196395
#r 0 0.0693255937
-559884047 177123403
#r 0 0.7335322539
-485602626 244073164
#r 0 0.5066530259
-398165273 292598510
#r 0 0.5085858861
-310821876 341292770
#r 0 0.5629347102
-226252617 394659806
#r 0 0.7140807185
-150683055 460152106
#r 0 0.3402816825
-56416986 493527370
#r 0 0.8503160728
9557579 568676267
#r 0 3.9955471902
-23292772 530982045
#r 0 3.9780381101
-40045631 512425152
#r 0 0.6675724247
-30227888 520164582
#r 0 3.7285222542
-35432533 516702880
#r 0 3.8412250100
-37839178 514677303
#r 1 -37444964 515047171
-478957491 -425697431
#r 0 0.7123822519
-403276802 -360333578
#r 0 1.0980076875
-357739724 -271303389
#r 0 1.2977596566
-330774038 -175007741
#r 0 0.6031282799
-248417516 -118285582
#r 0 5.3445313407
-189330067 -198961931
#r 0 5.3050558038
-133472566 -281907332
#r 0 1.1275363461
-90583899 -191571502
#r 0 0.9157547475
-29664677 -112269242
#r 0 1.4007068229
-12737621 -13712280
#r 0 1.5489361713
-10551780 86263828
#r 0 1.5216798303
-5642105 186143231
#r 0 0.4839457544
82874491 232670775
#r 0 0.4895353904
171129633 279692365
#r 0 1.9447327692
134601366 372782030
#r 0 6.0048732513
230753420 345308725
#r 0 6.1517303404
329890643 332201056
#r 0 3.1637375654
229915162 329986746
#r 0 0.3392996430
324213961 363269421
#r 0 3.6523538873
236976697 314385274
#r 0 0.7156659527
312442343 379997287
#r 0 3.8363110109
274030642 347988833
#r 0 4.0258366499
258176830 328644451
#r 0 1.0564050718
264462036 339765989
#r 0 0.7199561655
278525688 352099676
#r 0 4.0877070871
262117078 329341575
#r 0 0.8232956393
271653632 339629798
#r 0 2.3480686077
266660781 344704459
#r 0 5.4250430209
268988152 342011222
#r 1 268772743 342611986
744680137 283363242
#r 0 2.0353047149
699881804 372767433
#r 0 2.1032742525
649114828 458922608
#r 0 2.1708968564
592642284 541450493
#r 0 1.9956922079
551419692 632558659
#r 0 4.7079451998
550975315 532559646
#r 0 1.5466448769
552182770 582545064
#r 0 1.5900079317
551702323 607550156
#r 0 1.9965763110
546537347 618938716
#r 0 5.6440957008
552343875 614623712
#r 0 2.4384139551
549584749 616962724
#r 0 2.6159551743
548013915 617873920
#r 1 548616731 617494033
787479252 -388621533
#r 0 3.9604887687
719176463 -461660762
#r 0 4.1975778119
669939413 -548699333
#r 0 4.0615861385
609356879 -628259100
#r 0 3.8243773934
531775011 -691354692
#r 0 3.8507523249
455884075 -756474319
#r 0 4.2230878054
408883157 -844740472
#r 0 1.6407496584
401893528 -744985046
#r 0 4.7219879251
402373468 -794982742
#r 0 5.0566945065
410842718 -818601034
#r 0 3.0245639656
397825974 -817070709
#r 0 6.1744803083
404340489 -817781672
#r 0 6.2369414234
407613811 -817933151
#r 0 5.7723778472
409051992 -818739135
#r 1 408764792 -818507657
734374273 161323653
#r 0 1.9292280588
699293667 254968466
#r 0 2.0210995496
655769812 344999983
#r 0 2.2107708158
596052314 425211082
#r 0 1.9791652624
556341022 516988058
#r 0 3.1065047406
456402574 520496129
#r 0 1.8764432063
426311560 615861379
#r 0 3.0109830108
327163292 628885241
#r 0 2.7645119300
234188942 665706027
#r 0 0.6529875254
313616166 726462229
#r 0 3.4592470622
218619101 695228311
#r 0 3.4649092713
123800411 663457003
#r 0 3.2988499536
25034358 647796009
#r 0 0.5366076636
110979145 698918349
#r 0 3.8125606551
71818136 667831127
#r 0 3.4842798594
47851079 659280563
#r 0 3.7209355837
37163167 652288213
#r 0 0.7412249075
41933492 656654673
#r 0 0.4442557163
50547573 660754889
#r 0 3.6064969841
46283780 658616290
#r 1 46352029 658038939
-835925574 -325109799
#r 0 0.6486569741
-756235988 -264698129
#r 0 0.7623422919
-683913951 -195636396
#r 0 0.8908522833
-621039000 -117875606
#r 0 0.8466500094
-554789378 -42969080
#r 0 0.7197358612
-479591391 22949527
#r 0 0.7160042495
-404147945 88587066
#r 0 0.5451700554
-318644033 140443416
#r 0 0.7316240358
-244234993 207251310
#r 0 0.5755564821
-160346039 261681480
#r 0 0.8792557872
-96573583 338707929
#r 0 0.6583199500
-17471465 399886805
#r 0 0.7568425168
55229300 468549741
#r 0 0.7108684947
131008848 533798957
#r 0 0.9870065436
186127849 617236933
#r 0 0.7680348138
258055581 686709240
#r 0 0.6765873305
336026986 749322817
#r 0 0.7290579997
410607212 815939555
#r 0 4.7638899431
415755032 716072143
#r 0 1.6167413738
413458588 766019379
#r 0 1.5089834957
415002973 790972403
#r 0 1.7328627503
412957668 803481882
#r 0 1.7047198605
412111298 809763858
#r 0 4.9440684796
412839024 806679170
#r 0 4.5118083625
412520294 805111499
#r 2 412628802 805314467
