701687785 -541700890
#r 0 5.4676451919
735961547 -578105687
#r 0 5.7272581030
778432122 -604492242
#r 0 1.2816616319
785560196 -580529968
#r 0 3.1730436727
773066378 -580923041
#r 0 3.1469197160
760980416 -580987424
#r 0 3.2114822915
746378541 -582009609
#r 0 3.4659615054
727823258 -588248732
#r 0 0.3460507185
737031086 -584928763
#r 0 0.2997455458
741709101 -583482988
#r 0 0.2438289300
744084873 -582891946
#r 1 743384755 -582994578
-499127383 633119407
#r 0 4.1498462318
-525794325 590824322
#r 0 4.2164369159
-549587786 546848519
#r 0 1.0970901679
-538183099 569095612
#r 0 1.2730033423
-534513646 581051354
#r 0 4.3944275726
-536468555 575111700
#r 0 4.3713321872
-537514757 572164040
#r 1 -537284810 572863921
-483608482 -622730427
#r 0 1.8935818336
-499468954 -575312652
#r 0 0.6301749986
-459072734 -545848344
#r 0 2.7584007903
-482259633 -536501275
#r 0 6.1094412412
-469947829 -538662165
#r 0 2.3029174342
-474125633 -534013677
#r 0 2.7494125843
-478055684 -532388186
#r 0 1.3565300052
-477430403 -529514740
#r 0 2.7690634834
-477430403 -529514740
#r 0 2.3543473824
-480427624 -526506427
#r 0 5.9847902450
-478398173 -527130643
#r 0 1.3138720971
-478398173 -527130643
#r 0 2.3491913600
-479143590 -526374712
#r 0 2.3185835637
-479582463 -525901519
#r 0 2.3262906289
-479938771 -525523238
#r 0 1.3174897833
-479801186 -524991750
#r 0 2.3408507001
-480371738 -524403415
#r 0 2.4755533409
-481198803 -523753485
#r 0 1.4445103747
-481018762 -522335410
#r 0 2.8253940613
-483020687 -521680428
#r 0 2.3069436976
-484859931 -519650468
#r 0 2.3301416028
-400050622 -282770132
#r 0 2.7625488954
-446501567 -264268518
#r 0 5.9127952466
-423196911 -273317995
#r 0 2.8135903253
-435030508 -269291089
#r 0 5.9505243930
-429123154 -271332084
#r 0 5.9293774274
-426191653 -272414833
#r 1 -425437175 -272572064
301295572 728310821
#r 0 0.4905764144
345398644 751867541
#r 0 1.0848322029
368751698 796078794
#r 0 6.2820836602
418751668 796023712
#r 0 2.7797249654
395370737 804874252
#r 0 2.7196754696
382582722 810614460
#r 0 2.8074407816
373105384 813904712
#r 0 5.9464932817
377839858 812247554
#r 0 5.9626386764
380220179 811457297
#r 0 2.7999527888
379038618 811877440
#r 1 379171780 811788984
538670319 187274473
#r 0 3.6830463298
495822300 161505359
#r 0 5.7961720362
517915663 149805647
#r 0 1.7188525656
516071714 162168892
#r 0 3.4600293535
510135927 160212128
#r 0 3.6837091634
504570887 156860247
#r 0 3.6095041550
497834779 153456213
#r 0 4.7982961756
498710384 143288842
#r 0 3.4412221439
489021774 140295736
#r 0 3.4816324140
474683307 135223050
#r 0 4.9518647468
474683307 135223050
#r 0 3.5640886537
453876508 125868945
#r 0 3.4547076319
421355290 115339695
#r 0 4.0546832822
390017739 74769882
#r 0 2.3505378051
390017739 74769882
#r 0 0.9018068811
405914402 94876698
#r 0 0.8836670579
414044817 104785539
#r 0 0.8565824243
418249655 109636068
#r 0 1.2245740221
419351570 112690551
#r 0 1.0832735081
420129547 114157850
#r 1 419916128 113692934
-356518068 -65592954
#r 0 6.2809659478
-306518191 -65703922
#r 0 2.4941192450
-326458449 -50624595
#r 0 6.2091944866
-313992651 -51548637
#r 0 6.1333585145
-306078574 -52743331
#r 0 6.2764780948
-299594698 -52786820
#r 0 6.2780307322
-292267001 -52824591
#r 0 6.1575707469
-282738333 -54027866
#r 0 1.1211784391
-276981396 -42098464
#r 0 5.9721850288
-276981396 -42098464
#r 0 6.1239839440
-258315179 -45095514
#r 0 5.9067251849
-233938930 -54731784
#r 0 6.0324007374
-198385075 -63839893
#r 0 2.7833384959
-215570961 -57405309
#r 0 3.3332049495
-224681868 -59172755
#r 0 0.2590111130
-220196275 -57984239
#r 0 0.0968648414
-217876499 -57758829
#r 1 -217428520 -57797608
-276446552 932869643
#r 0 3.7962277135
-316110061 902426154
#r 0 5.4583449002
-282176352 865704180
#r 0 5.4394554111
-248942315 828347805
#r 0 3.8451893316
-287068325 795999585
#r 0 5.6630475032
-266723366 781470903
#r 0 4.0996391668
-266723366 781470903
#r 0 4.9786523160
-260127277 757286320
#r 0 5.3462349194
-238825198 728304759
#r 0 0.2823759141
-190539696 742313757
#r 0 0.1323742887
-139002437 749176095
#r 0 2.8378947698
-163808843 756950240
#r 0 3.7377135912
-176418442 748395166
#r 0 0.0621604131
-168814246 748868456
#r 0 0.1462515843
-164111851 749561134
#r 0 0.0926024748
-160430036 749903057
#r 0 0.1117810359
-156546768 750338950
#r 0 0.1480694671
-151690131 751063372
#r 0 0.0601731299
-144965885 751468480
#r 0 3.0524308619
-148320723 751768399
#r 0 6.1793333706
-146645689 751593815
#r 1 -146270411 751611734
-550539604 -271667289
#r 0 1.8127939307
-562521729 -223124229
#r 0 1.9074046877
-579036114 -175930214
#r 0 1.9511834699
-597600112 -129504166
#r 0 5.7871016765
-575613777 -141403789
#r 0 2.2044641807
-583015083 -131330525
#r 0 2.1678022669
-587146724 -125252351
#r 0 5.9492455401
-583674989 -126456810
#r 0 2.2200600734
-584785861 -124993294
#r 0 2.1808600164
-585466212 -124019992
#r 0 2.2599679675
-586128800 -123215826
#r 0 5.6837804093
-585698637 -123509741
#r 0 2.2547175602
-585863226 -123307833
#r 0 2.2466231579
-585951134 -123198193
#r 0 2.2668666767
-586008374 -123129691
#r 0 2.3008344237
-586057744 -123074528
#r 0 2.2788115457
-586109171 -123014455
#r 0 0.4945260646
-586074369 -122995689
#r 0 2.2953758473
-586087472 -122980886
#r 0 2.2527882227
-586100069 -122965371
#r 0 2.2518725463
-586115785 -122945980
#r 0 2.3417549179
-618319202 -169265767
#r 0 1.3682689636
-608261918 -120287700
#r 0 1.4442103077
-601949507 -70687766
#r 0 4.4697102747
-607957099 -94955209
#r 0 4.7915024376
-606956001 -107582750
#r 0 1.6897728983
-607707772 -101293944
#r 0 1.6079697001
-607825652 -98124317
#r 0 1.5712187481
-607826322 -96538401
#r 1 -607768711 -96750667
755102565 -188650360
#r 0 3.2868035921
705628795 -195885418
#r 0 4.5925475895
699651058 -245526799
#r 0 2.7665087719
676389136 -236368034
#r 0 3.4928828592
652945024 -244960097
#r 0 2.2684446901
629818217 -217371572
#r 0 2.7702026104
593105961 -203073500
#r 0 5.8865411022
611275711 -210683775
#r 1 611599143 -210539101
380790345 -501424583
#r 0 4.2094404499
356689794 -545232840
#r 0 4.3395623561
338477328 -591797914
#r 0 4.1196820526
310546914 -633269494
#r 0 4.2662962298
288974716 -678376481
#r 0 5.9527797899
336270259 -694597813
#r 0 3.4232840171
312255594 -701547331
#r 0 2.6110582064
298089970 -693237278
#r 0 2.8013724278
289872797 -690328525
#r 0 5.8016124389
293735509 -692347223
#r 0 2.5004402727
291989081 -691043800
#r 1 292643055 -691543550
-579009961 358478730
#r 0 4.3619628340
-596174865 311517405
#r 0 6.2663462059
-571178410 311096447
#r 0 1.0831321696
-559926994 332309865
#r 0 5.3333656346
-552941381 322545027
#r 0 5.3016125608
-546958339 313594162
#r 0 5.3636443326
-539578482 303911688
#r 0 4.1749695340
-547873245 289992602
#r 0 1.1888874345
-544853837 297510526
#r 0 5.5354408794
-541883690 294756035
#r 0 5.5227359045
-539111370 292118707
#r 0 5.4422929114
-536105398 288759121
#r 0 5.4544064698
-532107399 284398282
#r 0 5.5171029182
-526079682 278599040
#r 0 5.4907041879
-517446854 269843046
#r 0 5.5238380934
-504212778 257281132
#r 1 -504463550 257180822
299350043 -849072587
#r 0 2.6376076669
255566788 -824926643
#r 0 2.6280445429
212016442 -800363105
#r 0 2.6673892228
167533605 -777531609
#r 0 5.8147646501
189840665 -788818549
#r 0 5.9869687235
201796661 -792467467
#r 0 2.9889905286
195619087 -791517370
#r 0 2.3285724227
193427400 -789201133
#r 0 5.3694448019
194401241 -790463569
#r 1 194423703 -790440344
547958642 -796389549
#r 0 1.8178028703
535733519 -747907115
#r 0 4.9690486514
542079796 -772088198
#r 0 1.6777055756
540745975 -759659565
#r 0 4.7992214842
541287996 -765886017
#r 1 541427135 -766374308
120566706 -818818612
#r 0 4.9074308598
130257087 -867870590
#r 0 5.0570847677
147152606 -914929505
#r 0 4.6761203723
145339573 -964896623
#r 0 1.4254208682
148961171 -940160334
#r 0 1.6199210999
148340101 -927527810
#r 0 1.6148343812
148061559 -921206871
#r 1 147574032 -920947793
137093106 -178832048
#r 0 1.3946153544
145856654 -129606036
#r 0 1.2320124377
162473672 -82448060
#r 0 4.3881098343
154508033 -106145075
#r 0 4.2850047946
149325797 -117523132
#r 0 4.4617295779
147766717 -123612232
#r 1 148109929 -123358340
-671832205 450572368
#r 0 5.8241255284
-627008729 428417097
#r 0 3.0232023804
-651833730 431369945
#r 0 4.2538500186
-657969791 418939469
#r 0 0.6110835850
-652292926 422916301
#r 0 0.4581650104
-648496446 424788594
#r 0 5.8764871296
-645107830 423329079
#r 0 3.1245785960
-646952346 423360465
#r 0 3.3682418344
-647977091 423124147
#r 0 5.8217627342
-647506261 422890040
#r 0 1.1080253400
-647506261 422890040
#r 0 0.3188766287
-647161220 423003953
#r 0 5.3240761506
-647042582 422834817
#r 0 3.4350963367
-647141463 422804932
#r 0 3.4182096317
-647237661 422777622
#r 0 5.3291974055
-647208740 422736836
#r 0 0.6594294901
-647208740 422736836
#r 0 4.7427658698
-647207286 422688996
#r 0 3.3365876386
-647272682 422676080
#r 0 3.3404288075
-647362822 422657917
#r 0 4.6263973225
-647374233 422525543
#r 0 4.6848164491
-468532303 -84888903
#r 0 2.1899781542
-497550757 -44171224
#r 0 0.0337412682
-472564987 -43327852
#r 0 0.3209733216
-452753139 -36741007
#r 0 0.0095056995
-427420503 -36500195
#r 0 0.3025862942
-397115204 -27039720
#r 0 1.5785549337
-397471736 18912487
#r 0 1.0279096066
-364978321 72766560
#r 0 5.3795321068
-345519620 48060695
#r 0 6.1420711488
-316030456 43871513
#r 0 6.1114204303
-274067176 36591964
#r 0 6.2094659664
-211904200 32001031
#r 0 3.2251654177
-242961561 29399422
#r 0 1.1001530425
-235895267 43288248
#r 0 4.3118943460
-238932982 36113273
#r 0 4.1527166244
-241011427 32795687
#r 1 -241322891 32481686
242220329 -192797614
#r 0 2.1716991102
213950962 -151556338
#r 0 0.2014550066
238445373 -146553960
#r 0 2.2523954313
230569928 -136846883
#r 0 1.3323679588
233190729 -126063984
#r 0 1.2907206566
237604998 -110717278
#r 0 2.3428714916
221142923 -93810604
#r 0 0.8659520518
221142923 -93810604
#r 0 2.7222192063
194568317 -81963080
#r 0 2.6769041789
162277539 -65775656
#r 0 2.1842703988
133451019 -24834861
#r 0 3.0754563364
58550864 -19874006
#r 0 2.8656225673
-39440232 7876701
#r 0 6.0331455237
9898596 -4723661
#r 0 6.0555221168
34719471 -10474156
#r 0 5.5803956698
44493355 -18753304
#r 0 2.4162504500
39701006 -14504579
#r 0 2.2072506254
37796774 -11927974
#r 0 5.4183400543
38836052 -13147051
#r 1 38953748 -13516030
474168597 127670696
#r 0 0.9216336408
504394578 167500209
#r 0 5.8204658513
549136672 145181047
#r 0 3.6910814955
527816883 132124763
#r 0 3.7878633458
510881512 119349795
#r 0 3.7427544305
490847824 105609816
#r 0 3.9489382027
468945196 82724042
#r 0 3.7292997134
430709375 57249814
#r 0 5.1938195597
430709375 57249814
#r 0 5.2275456135
430709375 57249814
#r 0 1.6137156022
429723721 80201002
#r 0 5.1857544592
434960086 69977861
#r 0 0.9075073459
438496171 74503248
#r 0 3.0164707633
435647077 74861604
#r 0 3.6632803137
433509182 73632732
#r 0 1.6607224711
433398456 74860705
#r 0 3.7478721997
432891851 74509428
#r 0 5.1787578888
432891851 74509428
#r 0 6.0363764149
433190748 74434122
#r 0 4.5084497107
433190748 74434122
#r 0 5.2082855047
433303627 74225467
#r 0 5.2067355367
595496296 -707793242
#r 0 4.4600209801
583011414 -756209435
#r 0 4.9349148089
593940326 -804509098
#r 0 1.7478674034
589578861 -780135911
#r 0 2.0275715531
584107241 -769002032
#r 0 5.3612290968
587855397 -773944378
#r 0 2.2721413480
585854213 -771574964
#r 0 2.0732109505
585105422 -770212142
#r 1 585140299 -770373897
677928845 -196320030
#r 0 0.4639239330
722644024 -173946993
#r 0 5.0496358026
739188537 -221130455
#r 0 5.1885389085
762106575 -265568766
#r 0 5.1667771287
784052206 -310495253
#r 0 5.2603005860
810097490 -353175965
#r 0 3.5164226412
786833244 -362328823
#r 0 0.3944534324
798373327 -357525028
#r 0 0.2725223279
804394988 -355842121
#r 0 0.5455667951
807085572 -354208877
#r 0 3.6998495523
805750752 -355042504
#r 1 805488668 -355159980
134234208 -184258840
#r 0 0.8001504110
169064148 -148385796
#r 0 0.8116615407
203478850 -112114206
#r 0 1.2946549411
217111113 -64008474
#r 0 0.3323474055
264375067 -47695330
#r 0 2.0125983923
242996607 -2496199
#r 0 5.1208007647
252925413 -25440017
#r 0 5.2190111751
258997502 -36382051
#r 0 5.2338136214
262117279 -41812898
#r 0 4.9712365394
262923682 -44858365
#r 1 263052493 -44449283
-222667336 -46611794
#r 0 1.4968656828
-218974170 3251625
#r 0 3.1894004924
-268917041 862144
#r 0 2.6289830204
-312490420 25384800
#r 0 2.8500791899
-360380920 39754908
#r 0 5.1299890799
-350241721 16903287
#r 0 5.2981723329
-339546148 782527
#r 0 3.1230156192
-349217562 962214
#r 0 3.0057774476
-357130981 2043634
#r 0 3.0015368869
-365240284 3186874
#r 0 4.2527362957
-369748696 -5920729
#r 0 5.3119309121
-361277879 -18314667
#r 0 5.2839869521
-351295060 -33834608
#r 0 5.2846166485
-337554658 -55166795
#r 0 2.8978887367
-349866968 -52105388
#r 0 0.3296951474
-343865026 -50051618
#r 0 1.8801383277
-343865026 -50051618
#r 0 5.3126453974
-341570825 -53403197
#r 0 2.6065367776
-343317792 -52367719
#r 0 2.7749319681
-344428632 -51941127
#r 0 2.5676325406
-345256538 -51405828
#r 0 2.3965512957
219528894 970092025
#r 0 3.2364213269
169753538 965357694
#r 0 6.2828911811
194753536 965350341
#r 0 0.3811278838
206461046 970041788
#r 0 4.2414906353
203599979 964421898
#r 0 1.1219151534
204968304 967262656
#r 0 1.0223423143
205790673 968608639
#r 1 205874064 969032465
-384209398 -106897359
#r 0 4.3193456058
-403359473 -153084745
#r 0 4.2675556342
-424874846 -198218865
#r 0 5.8889814946
-378709713 -217422524
#r 0 5.9477898124
-331495703 -233879657
#r 0 3.7694417814
-351728023 -248564792
#r 0 1.4070488905
-349690315 -236232002
#r 0 5.1849612666
-346845452 -241797004
#r 0 5.9800027400
-342863158 -243042772
#r 0 3.6943337242
-344638784 -244138126
#r 0 5.9603187150
-343649534 -244469103
#r 0 2.3941931409
-344032087 -244114572
#r 0 3.6904341645
-344291077 -244272948
#r 0 5.9891260025
-344145804 -244316942
#r 0 5.6995919240
-344048949 -244380897
#r 0 5.7584030462
-343933475 -244447748
#r 0 5.9771949991
-343767814 -244500082
#r 0 3.7733401864
-343837914 -244551381
#r 0 3.8750810472
-343890272 -244598567
#r 0 2.7695436324
-343963347 -244570051
#r 0 6.0112041587
-343925569 -244580587
#r 0 2.4754608325
615373946 -411111791
#r 0 6.2015949927
665207614 -415186782
#r 0 6.1917987093
714998972 -419749754
#r 0 3.0008716388
690246094 -416243328
#r 0 3.0618023049
677755580 -415244585
#r 0 6.2062886109
684002256 -415725883
#r 0 6.1345678458
687100345 -416189733
#r 1 686460441 -416149063
326662212 790338362
#r 0 6.2820544104
376662180 790281817
#r 0 0.0168478337
426655084 791124169
#r 0 0.2081576903
475575749 801457055
#r 0 3.3359493507
451046447 796628671
#r 0 3.3694659363
438867265 793804304
#r 0 3.6133332276
433298643 790963430
#r 0 0.5603559099
435946321 792624703
#r 0 0.2686100624
437464909 793042713
#r 1 437200852 792953395
340630368 -61653550
#r 0 6.1341119841
390075825 -69079640
#r 0 0.9532085010
419029338 -28315758
#r 0 5.7667088750
462507567 -53006720
#r 0 5.6327585388
502298840 -83283025
#r 0 5.7317229188
544886802 -109479695
#r 0 2.6144003176
523281226 -96901973
#r 0 2.4436046216
513698877 -88863774
#r 0 5.5586247662
518381575 -93008753
#r 0 2.3921612314
516092490 -90878680
#r 0 5.3690436810
517046911 -92116969
#r 1 516798282 -91723515
-936931568 -253662529
#r 0 5.7864912478
-892973432 -277488613
#r 0 2.1455195217
-906563493 -256505044
#r 0 5.6725721981
-896322286 -263672167
#r 0 5.8406049879
-889898917 -266716437
#r 0 2.2284915678
-892071535 -263903690
#r 0 2.2770778621
-893452968 -262284350
#r 0 2.2353730054
-894435820 -261029855
#r 0 1.7893194447
-894787735 -259445148
#r 0 2.1814796665
-896077071 -257603072
#r 0 0.2748111663
-894995020 -257297993
#r 0 2.2326499164
-895340487 -256854564
#r 0 1.6742685591
-895394721 -256332296
#r 0 2.1884989310
-895812409 -255744372
#r 0 2.2288381793
-896386503 -255001662
#r 0 0.6040301610
-896386503 -255001662
#r 0 2.1125085953
-897061879 -253879326
#r 0 2.2592075351
-898285414 -252392050
#r 0 5.8524147839
-897410443 -252794146
#r 0 1.6078104510
-897428260 -252313006
#r 0 2.1449816542
-897662029 -251951631
#r 0 5.0269490670
-55698254 -527054964
#r 0 4.6844034808
-57097346 -577035386
#r 0 5.8320991325
-12098640 -598832552
#r 0 4.3930781588
-27794255 -646305151
#r 0 1.2702979852
-20394349 -622425424
#r 0 2.8722585158
-20394349 -622425424
#r 0 4.4592518505
-23524878 -634527067
#r 0 4.3593310682
-25690774 -640404703
#r 0 4.4359703252
-26545558 -643417894
#r 0 1.5309652428
-26483197 -641853092
#r 0 4.4455850829
-26689641 -642608409
#r 0 4.4068601102
-26813300 -643000473
#r 0 4.4424949343
-26879412 -643239451
#r 0 4.4509501792
-26928334 -643422294
#r 0 4.3974100698
-26987629 -643604278
#r 0 2.8631677058
-26987629 -643604278
#r 0 4.3741011986
-27067238 -643830560
#r 0 2.9465902202
-27067238 -643830560
#r 0 2.9271813356
-27067238 -643830560
#r 0 2.9412476464
-27067238 -643830560
#r 0 5.9592688264
-27067238 -643830560
#r 0 3.0155924625
-176767589 -188188183
#r 0 4.8166527988
-171563838 -237916656
#r 0 4.7653066140
-168919191 -287846665
#r 0 4.6793654533
-170570067 -337819404
#r 0 4.9250384522
-160017545 -386693163
#r 0 1.7985693554
-165662761 -362338871
#r 0 1.9518105212
-170312100 -350732618
#r 0 5.1305326485
-167773615 -356445451
#r 0 4.9562263035
-167017940 -359482881
#r 1 -166775806 -359798256
133207554 429148051
#r 0 3.3917877307
84764347 416768403
#r 0 1.5513867938
85249555 441763693
#r 0 5.8964639420
96826436 437049269
#r 0 2.3848754075
92282101 441340133
#r 0 3.1469627807
88759508 441321216
#r 0 4.1644509378
87838056 439811311
#r 0 4.3565533916
87273300 438291745
#r 0 4.6195099530
87086942 436291055
#r 0 2.3157171954
86405859 437029633
#r 0 1.6469125921
86347631 437793147
#r 0 4.3992625810
86229695 437428899
#r 0 0.4480561973
86402231 437511830
#r 0 0.3531109689
86536674 437561380
#r 0 3.1813754794
86465090 437558531
#r 0 4.5664434723
86459396 437519793
#r 0 2.6175028179
86442447 437529590
#r 0 6.1608273784
86452162 437528395
#r 0 4.6013115141
86452162 437528395
#r 0 5.7709915677
86457060 437525641
#r 0 2.5449650129
86454736 437527219
#r 0 3.5147771479
420725815 -425022251
#r 0 0.9424855161
450114765 -384571174
#r 0 2.1732834793
421780092 -343374738
#r 0 3.2206633746
371936315 -347324156
#r 0 2.2031478060
342384156 -306992160
#r 0 2.2519087655
310901274 -268148523
#r 0 2.1831047540
282163373 -227232352
#r 0 2.1657665741
254139167 -185824093
#r 0 0.1789499870
278739945 -181374182
#r 0 3.3480960595
266505523 -183937167
#r 0 2.2733980934
262463674 -179163775
#r 0 2.2016103253
259319729 -174859136
#r 0 3.5071349025
253656760 -177026601
#r 0 1.3565619125
254301318 -174064115
#r 0 2.2648910006
252676188 -172111405
#r 0 2.8932920775
249191760 -171227989
#r 0 3.8835416353
245226162 -174863133
#r 0 2.3032655837
245226162 -174863133
#r 0 0.5196631942
247560877 -173527408
#r 0 4.7816509693
247653953 -174869085
#r 0 1.9756377724
247389093 -174250993
#r 0 2.3342351331
-984543034 144270826
#r 0 5.0353839053
-968672632 96856373
#r 0 4.9749946103
-955692745 48570531
#r 0 5.0606310825
-938630447 1571829
#r 0 1.6370341624
-940285182 26517006
#r 0 4.7541478599
-939763348 14027903
#r 0 4.7777740127
-939354738 7787523
#r 0 1.7852576808
-940020202 10842761
#r 1 -939670983 10100800
366737756 485628537
#r 0 3.5053248408
320008978 467840301
#r 0 0.9869177220
333790581 488698571
#r 0 0.8569287061
344623584 501203825
#r 0 2.9703823123
336472060 502613249
#r 0 0.8304081944
339262259 505666647
#r 0 5.6387600113
339262259 505666647
#r 0 0.8976385239
341436791 508393652
#r 0 0.8867905084
343921569 511441306
#r 0 0.9378949684
346956346 515578314
#r 0 0.8758176446
351619047 521170821
#r 0 2.4996609569
351619047 521170821
#r 0 0.8081239076
358927257 528818985
#r 0 0.9037188228
368547838 541035467
#r 0 0.7931295530
384847945 557589587
#r 0 0.8495712526
407715281 583597725
#r 0 3.9125086973
395295180 571532252
#r 0 0.7234848141
401784279 577263764
#r 0 3.8084529038
398382745 574586225
#r 1 398447642 574499870
-649282821 -270779598
#r 0 2.7521891537
-695539605 -251797766
#r 0 5.3690427489
-680277857 -271598752
#r 0 1.5988667141
-680628691 -259103677
#r 0 2.7847331093
-688407919 -256203412
#r 0 4.9494645549
-687432978 -260238442
#r 0 5.6307108324
-684692355 -262332597
#r 0 1.6214690135
-684779706 -260610246
#r 0 4.9667954207
-684562695 -261444774
#r 0 2.7325213290
-684958263 -261273284
#r 0 0.4528876380
-684764425 -261178958
#r 0 4.9208109969
-684742123 -261284410
#r 0 1.5749206279
-684742345 -261230518
#r 0 0.9868675231
-684726884 -261207121
#r 0 4.9269914584
-684723898 -261220820
#r 0 5.3576327499
-684717631 -261229145
#r 0 4.3791008481
-684721680 -261240840
#r 0 1.7997956924
-684723085 -261234814
#r 0 1.6273130223
-684723307 -261230887
#r 0 5.3294914819
-684722169 -261232490
#r 0 1.4802950710
-684722080 -261231512
#r 0 1.7199307622
411724544 245564399
#r 0 3.8840152928
374882902 211760650
#r 0 3.5207102514
328433323 193255607
#r 0 3.2302099144
278629520 188830541
#r 0 0.2918927886
302572043 196024678
#r 0 4.1636257592
296051637 185360049
#r 0 3.5515545422
287905445 181819829
#r 0 2.9237387386
282229235 183076355
#r 0 3.6354333222
279241025 181467707
#r 0 6.1665489587
280926342 181270242
#r 0 4.6782951638
280926342 181270242
#r 0 0.3174020657
281984227 181617766
#r 0 2.8518454266
281450683 181776836
#r 0 3.0693330453
281087090 181803155
#r 0 3.4529106427
280822154 181717904
#r 0 3.5648501554
280612621 181623512
#r 0 2.2252038680
280468830 181810940
#r 0 3.3250115228
280120627 181746347
#r 0 3.6812839617
279719202 181505889
#r 0 6.1333126213
279950545 181470955
#r 0 2.2191640623
279879901 181564198
#r 0 2.2678898955
795592083 -315379132
#r 0 1.0879061030
818809126 -271096303
#r 0 1.0095416731
845421566 -228766904
#r 0 3.1002231093
820442957 -227732960
#r 0 0.9914879114
827286023 -217272443
#r 0 3.2576329543
821078056 -217996068
#r 0 0.9678314723
822850202 -215422138
#r 0 0.9051611628
824334276 -213532017
#r 0 1.8991134448
823566065 -211276856
#r 0 2.7654034559
820284839 -209980770
#r 0 1.4867790485
820708991 -204944268
#r 0 1.8532611828
818761706 -198234694
#r 0 0.8649501472
825527109 -190297171
#r 0 1.4972980676
826519638 -176817385
#r 0 2.9865578559
826519638 -176817385
#r 0 0.8638392043
839660244 -161434790
#r 0 1.5141047074
841280539 -132884557
#r 0 0.5517458964
877704102 -110465491
#r 0 0.7025331312
922774914 -72307284
#r 0 0.8316700793
981243258 -8161287
#r 0 3.9527538700
951357500 -39628023
#r 0 4.0341775632
-521849662 466816098
#r 0 5.8900371648
-475664282 447661184
#r 0 3.6550672987
-497440357 435381015
#r 0 4.2498756678
-506319540 417572176
#r 0 4.2336052354
-518213608 394657808
#r 0 5.7774364016
-518213608 394657808
#r 0 3.2867806832
-553958449 389431309
#r 0 6.0567533913
-536357058 385376251
#r 0 1.0408584680
-531206296 394168444
#r 0 4.2751524449
-533363678 389552824
#r 0 4.3001628931
-534393046 387198802
#r 0 3.6681594115
-535551255 386525518
#r 0 1.7920420303
-535698249 387179033
#r 0 3.0850532531
-536349882 387215915
#r 0 4.3381895772
-536707534 386305169
#r 0 4.3253449706
-537175767 385156424
#r 0 4.2840609428
-537892618 383586445
#r 0 3.6938745085
-540033509 382267122
#r 0 1.8000495332
-540319249 383491604
#r 0 6.0774463284
-539703819 383363169
#r 0 2.9377094403
-540011652 383426815
#r 0 3.6977334310
-558514126 -706353026
#r 0 2.6174044629
-601800653 -681327508
#r 0 1.6998013941
-608233030 -631742989
#r 0 1.8029998216
-619739152 -583084905
#r 0 1.7192371742
-627133967 -533634761
#r 0 0.6057557977
-586030367 -505165583
#r 0 0.8455540027
-552864527 -467748648
#r 0 0.5270649950
-509650172 -442598707
#r 0 3.6072178974
-531988697 -453823246
#r 0 3.7693816691
-542143403 -461192860
#r 1 -541359447 -461140724
-218018041 -776753981
#r 0 0.3219867744
-170587612 -760931388
#r 0 2.5698240821
-191611244 -747403384
#r 0 1.5807798566
-191808322 -727663697
#r 0 0.0137461362
-191808322 -727663697
#r 0 1.5830912155
-192150412 -699841327
#r 0 1.4928266826
-188990150 -659391539
#r 0 1.6416516618
-193269735 -599093733
#r 0 5.1713703693
-179879112 -626190342
#r 0 2.0072426411
-186267437 -612494612
#r 0 2.1139991479
-190175064 -606022798
#r 0 4.9715175752
-189206481 -609676607
#r 0 1.7304740060
-189506992 -607810647
#r 1 -189530320 -607718082
517252615 315449462
#r 0 0.0579532437
567168674 318345502
#r 0 6.2275449939
617091298 315564922
#r 1 617798055 315813569
-836634468 79323631
#r 0 6.0673883987
-787794165 68617335
#r 0 6.1398815533
-738306686 61476646
#r 0 6.0786511386
-689348901 51321093
#r 0 0.4764885049
-644918352 74254176
#r 0 3.6620340351
-666608346 61822598
#r 0 1.3750662825
-664177313 74083921
#r 0 3.9238926860
-668610400 69678217
#r 0 3.8927211277
-671573079 66911944
#r 0 3.8254638426
-674328618 64665947
#r 0 3.9360630883
-677210873 61730915
#r 0 3.9737852294
-680780114 57810965
#r 0 3.8154474611
-686534748 53215615
#r 0 3.9054549897
-694372383 45708493
#r 0 0.7943102581
-690569652 49579615
#r 0 0.8395445235
-688756077 51601045
#r 1 -688070001 51992562
-478957491 -425697431
#r 0 3.3361489609
-528014168 -435363993
#r 0 0.3534237655
-504559339 -426711194
#r 0 3.5880460954
-515834139 -432108310
#r 0 3.3841482429
-521953428 -433622388
#r 0 1.4340839883
-521523864 -430499888
#r 0 3.6010910300
-522936352 -431198821
#r 0 3.3788640051
-524207367 -431506186
#r 0 0.6779108251
-523698113 -431096128
#r 0 3.3701131268
-524016526 -431170186
#r 0 1.8672899024
-524016526 -431170186
#r 0 3.2527020813
-524208542 -431191609
#r 0 3.3422983378
-524362674 -431222966
#r 0 3.3646582351
-524520176 -431258694
#r 0 3.3285185425
-524716139 -431295757
#r 0 1.5263482185
-524711708 -431196137
#r 0 3.3549382433
-524760437 -431206694
#r 0 3.4115831174
-524808370 -431219959
#r 0 3.4253500102
-524865673 -431236670
#r 0 1.6253356013
-524867300 -431206870
#r 0 1.3339520019
-524860218 -431177530
#r 0 1.7591628082
744680137 283363242
#r 0 3.4313265749
696764141 269078380
#r 0 5.5186374088
714806525 251773111
#r 0 3.5875070000
703528817 246382074
#r 0 5.3476628228
707237554 241351392
#r 0 5.5959349695
712215738 237265678
#r 0 5.3679170203
716707398 231424494
#r 0 2.4435732436
713884842 233792360
#r 0 5.5505136954
715254255 232560244
#r 0 5.5884441316
715962679 231969887
#r 0 5.6602248835
716337517 231700608
#r 0 3.4337447346
716116528 231634144
#r 0 2.9869642679
715934074 231662584
#r 0 5.6132909720
716006449 231605257
#r 0 3.4169935777
715962025 231592703
#r 0 5.6582676024
715980744 231579200
#r 0 5.7085915847
715996106 231569254
#r 0 3.0305639320
715987012 231570268
#r 0 5.4767382372
715990178 231566966
#r 0 5.3553791784
715992083 231564423
#r 0 5.5996760490
715994520 231562438
#r 0 5.5757551521
787479252 -388621533
#r 0 2.5483713324
746022044 -360669790
#r 0 0.9877223224
773551676 -318931086
#r 0 3.7642631720
753243579 -333511250
#r 0 0.9867209571
760136432 -323083472
#r 0 1.3538210066
761648018 -316226514
#r 0 1.4385323504
762452942 -310176304
#r 0 1.0364157212
766052746 -304093670
#r 0 1.4282065110
767233995 -295865647
#r 0 0.9984560603
773710189 -285813742
#r 0 3.0110047336
767782344 -285035207
#r 0 0.9527862407
769514431 -282598768
#r 0 0.9878454381
770969340 -280392334
#r 0 1.4331126914
771386224 -277383649
#r 0 1.3680577395
772266593 -273100920
#r 0 2.3966364374
767563854 -268763963
#r 0 2.6097196032
759753774 -264168232
#r 0 0.8740811762
762661294 -260693200
#r 0 0.7861664484
765997371 -257351993
#r 0 2.2719336523
765997371 -257351993
#r 0 1.3297025051
767372535 -251759082
#r 0 3.1069648349
734374273 161323653
#r 0 5.9102979684
780938241 143108360
#r 0 5.3465477729
810563245 102829840
#r 0 0.4397640731
855805851 124116140
#r 0 3.4650848116
832102574 116169152
#r 0 0.3734597806
843740956 120729638
#r 0 0.2236703941
849850462 122119407
#r 1 849588782 122158671
-835925574 -325109799
#r 0 1.1634246526
-816115701 -279201533
#r 0 4.7657221337
-814783004 -304165985
#r 0 2.3204786431
-823300582 -295017169
#r 0 1.1792214166
-819985779 -286989013
#r 0 2.4137521187
-823232092 -284096431
#r 0 5.5255736236
-821652706 -285590397
#r 0 4.8476661157
-821505976 -286668433
#r 0 2.4981690266
-821941191 -286342075
#r 0 1.6009488249
-821953328 -285939691
#r 0 2.4070973328
-822124341 -285785259
#r 0 5.5646486585
-822037614 -285861101
#r 0 5.5435961688
-821995047 -285899936
#r 0 4.7944909687
-821992684 -285928652
#r 0 1.6927128678
-821994436 -285914353
#r 0 4.8219418016
-821993649 -285921512
#r 0 5.4900494123
-821991122 -285924079
#r 0 6.2731213440
-821988706 -285924103
#r 0 2.3198113244
-821989529 -285923218
#r 0 1.4183524210
-821989392 -285922323
#r 0 2.4175461638
-821990315 -285921507
#r 0 2.3831630539
191098699 -491490599
#r 0 2.8717246523
142908394 -478160388
#r 0 3.9779076796
109398280 -515269312
#r 0 1.6750047006
106797783 -490404933
#r 0 5.4067371191
114796340 -500010819
#r 0 4.1090527802
110204658 -506674648
#r 0 2.5052445047
110204658 -506674648
#r 0 5.3685523583
112837894 -510094544
#r 0 2.5419927463
111056248 -508876701
#r 0 5.4258291757
111762420 -509692587
#r 0 5.4211390015
112136072 -510128405
#r 0 4.0186364958
111911429 -510398517
#r 0 2.4863751717
111911429 -510398517
#r 0 1.5046667699
111923037 -510223242
#r 0 2.4773256774
111831234 -510151363
#r 0 5.4217656381
111869206 -510195597
#r 0 5.3602420280
111887465 -510219723
#r 0 4.0253689414
111876130 -510233541
#r 0 4.0731305601
111861804 -510252812
#r 0 4.1165799604
111842724 -510280953
#r 0 2.4954064796
111842724 -510280953
#r 0 4.1544493191
76967052 -918743877
#r 0 1.8354920961
63886270 -870485270
#r 0 2.1409254097
36899234 -828393704
#r 0 0.5162619093
80382759 -803712070
#r 0 0.4728670296
124896068 -780940041
#r 0 2.8846786613
100716601 -774587615
#r 0 2.8415525767
83749843 -769338437
#r 0 2.7498471006
67789004 -762745064
#r 0 1.9902609821
59061368 -743173327
#r 0 2.9751596779
27412989 -737856813
#r 0 0.0169049910
43456608 -737585570
#r 0 0.1560109079
51643470 -736297866
#r 0 3.0929434125
47504616 -736096355
#r 0 2.9871194779
45373671 -735764538
#r 0 3.0006432950
44064730 -735578812
#r 0 3.0703104912
43018955 -735504140
#r 0 3.1030695391
41956272 -735463182
#r 0 3.1336597918
40656743 -735452873
#r 0 3.0606940349
38902694 -735310663
#r 0 3.1638378578
36358067 -735367278
#r 0 3.0828228826
32645949 -735148866
#r 0 3.0089498136
-458212991 -390070259
#r 0 5.6314081726
-418462639 -420400269
#r 0 0.4559052647
-373569497 -398386504
#r 0 1.6620590604
-378126302 -348594582
#r 0 2.8291889145
-425706179 -333227236
#r 0 2.0930028195
-450645867 -289891201
#r 0 3.6972449430
-493123694 -316266079
#r 0 3.8523210336
-531018039 -348885378
#r 0 3.9607310949
-565160583 -385413267
#r 0 3.7148866154
-607166527 -412533382
#r 0 4.1407105659
-634218744 -454583085
#r 0 3.4999369082
-681042685 -472119292
#r 0 0.3760790531
-657789889 -462937382
#r 0 0.3482071932
-646036370 -458670877
#r 0 0.2303260868
-639949155 -457243502
#r 0 3.3703488365
-642993879 -457952410
#r 0 0.2601760755
-641483404 -457550306
#r 1 -641833846 -457723037
-561441965 -303326039
#r 0 1.7635319396
-571019193 -254251843
#r 0 1.9698397688
-590446049 -208180189
#r 0 0.8927373889
-559081923 -169240600
#r 0 1.9359192347
-576935128 -122536606
#r 0 1.8558658177
-590996335 -74554500
#r 0 3.2464378368
-640721774 -79787160
#r 0 3.4254393909
-688721037 -93789686
#r 0 5.4805398670
-671350874 -111769602
#r 0 3.3317556692
-683625541 -114132339
#r 0 1.4792285110
-683054042 -107908524
#r 0 3.3032276119
-686138308 -108411437
#r 0 1.4698197873
-685980800 -106856897
#r 0 1.5072977552
-685882127 -105305053
#r 0 3.3127237047
-686648258 -105437457
#r 0 3.2583233850
-687427189 -105528797
#r 0 3.2257361699
-688405536 -105611313
#r 0 1.5252792368
-688405536 -105611313
#r 0 5.9543191332
-687940934 -105769862
#r 0 3.2080697316
-688185847 -105786167
#r 0 1.4895925113
-688185847 -105786167
#r 0 1.7784220440
-143029320 -288205830
#r 0 3.8012432581
-182539640 -318847870
#r 0 0.6041953093
-161965652 -304645369
#r 0 0.7854538760
-153100178 -295778907
#r 0 3.9711721761
-157333045 -300403357
#r 0 3.8527495909
-159712454 -302453318
#r 1 -160006713 -302681640
-217724255 370576245
#r 0 5.2493579258
-192147561 327613089
#r 0 1.1655880998
-182292308 350588597
#r 0 4.3128933505
-187154229 339072882
#r 0 4.3473380570
-189385532 333234532
#r 0 4.1284884412
-191111966 330621722
#r 1 -190516903 331223245
231282029 -813119927
#r 0 2.7941836916
184269128 -796096792
#r 0 0.7525242624
202518275 -779009704
#r 0 0.7701990370
218531434 -763476066
#r 0 0.6624470776
238738509 -747713872
#r 0 0.7835174716
262056558 -724483367
#r 0 0.6794530100
298551357 -695004435
#r 0 3.8371440425
280543594 -710035732
#r 0 3.6572138458
270337418 -715820205
#r 0 0.5656604169
275289453 -712676341
#r 0 4.0538200472
273494588 -714995844
#r 0 1.0277692365
274252335 -713740365
#r 1 274273039 -713733859
-173650117 941397434
#r 0 3.5956861258
-218583069 919465042
#r 0 5.0728715231
-200946779 872678706
#r 0 3.3640978471
-249714163 861645019
#r 0 5.3101562609
-235644205 840980164
#r 0 5.2759959760
-223090421 821116133
#r 0 6.1045938282
-195478536 816131781
#r 0 5.3202341216
-179256242 792814379
#r 0 5.2047791064
-159695143 756351235
#r 0 5.1980100790
-130890312 701773528
#r 0 5.2142653652
-86461809 620809152
#r 0 2.0607794563
-108193036 661552670
#r 0 2.1755387171
-121321756 680548923
#r 0 5.4558549028
-113507066 672049756
#r 0 2.7526900363
-118848872 674238682
#r 0 5.8598990638
-116217172 673053049
#r 0 5.9526266904
-114850471 672584067
#r 1 -114570642 672403025
-974261600 -135035256
#r 0 4.1145549410
-987903674 -155068794
#r 0 0.9508284575
-980862617 -145205443
#r 0 1.0554624081
-977874959 -139930461
#r 0 4.2670423740
-979180690 -142665959
#r 0 1.1696553227
-978588905 -141270695
#r 1 -978592572 -141309449
-219071864 876570219
#r 0 3.3849080654
-267599092 864524134
#r 0 3.9359930938
-302634724 828851953
#r 0 3.2685577004
-352232262 822520743
#r 0 3.2867289998
-401706572 815289376
#r 0 3.4048630100
-449983775 802277395
#r 0 0.8537157590
-433554100 821120583
#r 0 4.0239323329
-441495926 811467740
#r 0 3.9390059284
-445865501 806991881
#r 0 3.9176754739
-448099236 804799379
#r 1 -447841013 804995749
841216372 -245702053
#r 0 1.0729940868
865091155 -201770348
#r 0 1.0686667795
889155820 -157942367
#r 0 1.2023975864
907161924 -111297107
#r 0 1.0910267583
930240663 -66942042
#r 0 1.1604420988
950187372 -21093064
#r 0 4.3407243342
941108199 -44386165
#r 0 4.2699247740
935748099 -55699301
#r 0 4.2775242424
933111000 -61376314
#r 0 1.0479604221
934673835 -58664629
#r 0 4.0807257237
933749779 -59927578
#r 1 933981350 -59678430
-554460271 622376857
#r 0 2.5831122100
-596863336 648871764
#r 0 2.6021526947
-639763160 674554542
#r 0 5.6805810509
-619166602 660384794
#r 0 5.7472426573
-608376477 653976239
#r 0 2.2602404831
-612367979 658817932
#r 0 5.4332855886
-610297086 656461044
#r 0 5.2819664011
-609450277 655138674
#r 1 -609313707 655148681
-710372218 -603481641
#r 0 2.7210604610
-756015808 -583069324
#r 0 2.7784810839
-802755616 -565310092
#r 0 2.4507029716
-841289586 -533448937
#r 0 5.6363591711
-821339572 -548515355
#r 0 5.5993930492
-811630998 -556427385
#r 0 5.4157765565
-807570076 -561215666
#r 0 5.4911290407
-805350519 -563464977
#r 0 2.3283161045
-806436183 -562317027
#r 1 -806726002 -562137463
57367412 137137296
#r 0 4.7154796818
57521947 87137535
#r 0 4.7104177556
57423386 37137632
#r 0 1.5197847376
58698123 62105112
#r 0 1.6914529632
57189959 74544035
#r 0 4.8010119970
57744456 68303613
#r 1 57888713 67636972
350298717 99524416
#r 0 3.0137646557
300706661 105898424
#r 0 2.5125435514
260277293 135317231
#r 0 1.7911069439
249350656 184108712
#r 0 3.1430691387
199350711 184034888
#r 0 4.4021136043
184084667 136422412
#r 0 2.4599885065
164670592 152173400
#r 0 2.5129338890
145625292 166020523
#r 0 2.4067061970
124605164 185017593
#r 0 1.6771916611
120636030 222182248
#r 0 3.1412473905
120636030 222182248
#r 0 2.9811404797
77462176 229169653
#r 0 1.5562365459
77462176 229169653
#r 0 1.5744168415
77226885 294157614
#r 0 3.3873406760
45708960 286252364
#r 0 1.5782517000
45587833 302499008
#r 0 3.5277138866
38062368 299439696
#r 0 1.4278867079
38640861 303460062
#r 0 2.5230635114
35783949 305493300
#r 0 2.5568346463
31510095 308322549
#r 0 2.8992731316
24115290 310150371
#r 0 2.4973808543
124361302 -505132095
#r 0 3.9803968253
90943661 -542324316
#r 0 4.0528149748
60304648 -581836983
#r 0 1.5529188351
60751561 -556840979
#r 0 4.1753089576
54356195 -567581057
#r 0 4.0276890999
49471482 -573563820
#r 0 4.0433248541
45244170 -578909894
#r 0 4.0726769472
40664770 -585064205
#r 0 4.1260192280
35158127 -593353464
#r 0 4.1787462312
28123634 -605259769
#r 0 4.1479976397
17478404 -622074649
#r 0 2.3996324792
10143334 -615350660
#r 0 4.2152310134
7770457 -619723676
#r 0 4.2257795685
5434975 -624138236
#r 0 4.1435450831
2144057 -629285614
#r 0 4.1492202944
-2379198 -636449776
#r 0 4.2018528944
-8368682 -647144084
#r 0 4.2846184765
-15837440 -663525621
#r 0 4.3261674241
-25853682 -688157044
#r 0 4.1097699032
-48248738 -720708535
#r 0 4.0557838678
-84425104 -767649409
#r 0 0.9231990098
-544744435 413022941
#r 0 3.6819608561
-587620401 387300353
#r 0 3.8073453622
-626943006 356417789
#r 0 2.7774261793
-673664054 374226317
#r 0 2.7785387274
-720404886 391982854
#r 0 5.0448478302
-712245681 368351787
#r 0 0.7388974038
-703005537 376770202
#r 0 3.0743997798
-709241432 377189841
#r 0 4.2639348495
-711265070 372984004
#r 0 4.3685186184
-712063212 370755164
#r 0 0.6315947931
-711107849 371454070
#r 0 5.0195021001
-710928926 370889905
#r 0 3.0972668492
-711224563 370903018
#r 0 4.2536045103
-711349289 370650504
#r 0 3.0634908260
-711767536 370683236
#r 0 4.2236829828
-712005700 370235330
#r 0 3.1218272324
-712762431 370250289
#r 0 4.2448922367
-713223483 369336991
#r 0 4.3718662703
-713723280 367926429
#r 0 4.3502700493
-714501128 365873106
#r 0 4.4104367284
-715472323 362755070
#r 0 3.0702953474
-119196968 -904270036
#r 0 1.1261264581
-97688974 -859132400
#r 0 1.2207831548
-80543465 -812163990
#r 0 1.2207336567
-63395631 -765196429
#r 0 1.3138531787
-50689369 -716837863
#r 0 4.5150039936
-55592013 -741352431
#r 0 1.3949016977
-53404650 -729045302
#r 0 1.4425812857
-52605131 -722843743
#r 0 4.6456192059
-52813728 -725963218
#r 0 4.6008922156
-52988316 -727522585
#r 1 -53134409 -727799191
-804414631 -463783652
#r 0 1.3026585857
-791167822 -415570355
#r 0 1.3341085331
-779443619 -366964357
#r 0 1.5326158186
-777535057 -317000796
#r 0 1.0953764398
-754649467 -272545765
#r 0 1.7233733737
-762248754 -223126631
#r 0 1.1527835274
-741951496 -177431759
#r 0 1.3348615362
-730263897 -128816946
#r 0 1.2982709233
-716805672 -80662235
#r 0 1.1618424751
-696923189 -34785369
#r 0 1.3410373004
-685536045 13900696
#r 0 1.2379672812
-669200139 61156787
#r 0 1.3258461234
-657074738 109664257
#r 0 1.1886966736
-638431262 156058446
#r 0 4.4657466346
-644534994 131815006
#r 0 3.7959386545
-654633142 124068871
#r 0 0.5242639731
-649124330 127254273
#r 0 1.3489871341
-648412635 130410071
#r 0 4.4698983096
-648801037 128839869
#r 1 -648867431 128302710
551441948 -761356956
#r 0 2.5255635623
510632984 -732467018
#r 0 2.4739963094
471367382 -701512010
#r 0 2.4780849857
431975544 -670717805
#r 0 2.4810533674
392492470 -640040665
#r 0 2.1134926588
366670131 -597224701
#r 0 1.7593284669
357299269 -548110681
#r 0 2.4011169540
320391883 -514378725
#r 0 2.5580746262
278665407 -486830563
#r 0 1.7592937068
269296252 -437716218
#r 0 2.5752706103
227102251 -410889621
#r 0 1.7544725089
217969994 -361730676
#r 0 2.4982716067
177964593 -331737879
#r 0 2.1566756512
150317979 -290076569
#r 0 2.6271137598
