701687785 -541700890
#r 0 1.6791881294
701687785 -540700890
#r 0 2.7188509777
701573365 -540649417
#r 0 2.7086254425
-499127383 633119407
#r 0 4.6071831284
-499127383 632119407
#r 0 3.9969957411
-499247586 631981076
#r 0 4.0678093480
-483608482 -622730427
#r 0 1.6579592008
-483608482 -621730427
#r 0 0.7905333654
-483688777 -621811551
#r 0 6.1255747007
-400050622 -282770132
#r 0 4.9079715113
-400050622 -281770132
#r 0 1.0327061175
-400199364 -282019349
#r 0 0.7360462354
301295572 728310821
#r 0 0.4897259942
301295572 727310821
#r 0 3.7683696342
306526966 731099343
#r 0 3.5431413250
538670319 187274473
#r 0 0.0675744177
538670319 186274473
#r 0 5.0078706421
538372071 187254288
#r 0 2.4695898455
-356518068 -65592954
#r 0 1.6884796665
-356518068 -64592954
#r 0 2.9864601735
-356638525 -64574116
#r 0 0.1591675438
-276446552 932869643
#r 0 6.1540156982
-276446552 931869643
#r 0 4.8514973409
-276589158 932888167
#r 0 5.1722066957
-550539604 -271667289
#r 0 1.5144404599
-550539604 -270667289
#r 0 1.7205794319
-550498539 -270939396
#r 0 5.2287773400
-618319202 -169265767
#r 0 1.7199184435
-618319202 -168265767
#r 0 1.7234365557
-624740218 -126526638
#r 0 1.7383157120
755102565 -188650360
#r 0 2.2938022837
755102565 -187650360
#r 0 1.9606874553
755871650 -189521943
#r 0 2.6255491489
380790345 -501424583
#r 0 0.0187507603
380790345 -500424583
#r 0 0.0447072782
342305316 -502146291
#r 0 5.3420001439
-579009961 358478730
#r 0 0.9684611147
-579009961 357478730
#r 0 0.9313756138
-588128516 345216737
#r 0 2.2730401673
299350043 -849072587
#r 0 3.5718470458
299350043 -848072587
#r 0 0.8885399157
298054692 -849667061
#r 0 0.3208057600
547958642 -796389549
#r 0 1.7156841093
547958642 -795389549
#r 0 1.7189846659
541499896 -752124345
#r 0 4.8632941764
120566706 -818818612
#r 0 1.1214158537
120566706 -817818612
#r 0 4.9263877642
120716523 -818507976
#r 0 1.1371152795
137093106 -178832048
#r 0 0.6476781224
137093106 -177832048
#r 0 1.3258328729
136784817 -179065283
#r 0 2.4839870465
-671832205 450572368
#r 0 2.4685277284
-671832205 449572368
#r 0 2.3216037954
-675476058 453477448
#r 0 2.4968325049
-468532303 -84888903
#r 0 4.5865218387
-468532303 -83888903
#r 0 1.6435813976
-468486045 -84523328
#r 0 2.7206949184
242220329 -192797614
#r 0 2.1382458241
242220329 -191797614
#r 0 6.2370995911
241563650 -191767329
#r 0 6.2791406044
474168597 127670696
#r 0 3.9960276638
474168597 126670696
#r 0 2.0428509248
473846766 127301052
#r 0 4.4007189176
595496296 -707793242
#r 0 3.5824772830
595496296 -706793242
#r 0 3.9617739355
593830300 -708579362
#r 0 3.9520445121
677928845 -196320030
#r 0 4.7041578599
677928845 -195320030
#r 0 1.6735430118
677936468 -195393959
#r 0 4.7204886436
134234208 -184258840
#r 0 4.5819109117
134234208 -183258840
#r 0 0.8315898413
134387496 -183090693
#r 0 4.0912548359
-222667336 -46611794
#r 0 0.2317884802
-222667336 -45611794
#r 0 2.3073089698
-221920462 -46435509
#r 0 0.1544603041
219528894 970092025
#r 0 3.6037548630
219528894 969092025
#r 0 5.0736947153
219210867 969933602
#r 0 4.5953843210
-384209398 -106897359
#r 0 0.8595243176
-384209398 -105897359
#r 0 0.9042732770
-393231542 -117367007
#r 0 1.5955352837
615373946 -411111791
#r 0 1.1125499885
615373946 -410111791
#r 0 1.1335677077
606461025 -429180969
#r 0 4.5216740068
326662212 790338362
#r 0 4.8134290555
326662212 789338362
#r 0 4.1032263260
326750733 789465243
#r 0 4.9847196630
340630368 -61653550
#r 0 1.0090867030
340630368 -60653550
#r 0 2.2218569402
340975014 -61105913
#r 0 4.4070965856
-936931568 -253662529
#r 0 0.5276559469
-936931568 -252662529
#r 0 0.5724277637
-953158348 -263119051
#r 0 0.6167492001
-55698254 -527054964
#r 0 3.8051398488
-55698254 -526054964
#r 0 2.0528867043
-55326902 -526764639
#r 0 0.3392283345
-176767589 -188188183
#r 0 2.0734389313
-176767589 -187188183
#r 0 1.1705885402
-177006658 -187753306
#r 0 5.6997141308
133207554 429148051
#r 0 5.1738952221
133207554 428148051
#r 0 1.2197581284
133418459 428723972
#r 0 1.2748339829
420725815 -425022251
#r 0 1.3662382197
420725815 -424022251
#r 0 1.7667773558
420827263 -424533250
#r 0 1.5777468483
-984543034 144270826
#r 0 0.7546247298
-984543034 143270826
#r 0 5.6186800294
-985123208 143725305
#r 0 6.2471051204
366737756 485628537
#r 0 3.9338362968
366737756 484628537
#r 0 4.1334114708
368675931 487593431
#r 0 3.5721051169
-649282821 -270779598
#r 0 1.3009542157
-649282821 -269779598
#r 0 2.5202198247
-649051952 -269944896
#r 0 4.5861024222
411724544 245564399
#r 0 3.0824030727
411724544 244564399
#r 0 4.7093787488
411727554 245564221
#r 0 5.2147509486
795592083 -315379132
#r 0 3.8795838629
795592083 -314379132
#r 0 3.8754504727
928507251 -194504392
#r 0 2.9499015830
-521849662 466816098
#r 0 4.6214296977
-521849662 465816098
#r 0 4.6226310977
-515072470 541118474
#r 0 1.7549306541
-558514126 -706353026
#r 0 2.1289521220
-558514126 -705353026
#r 0 2.1172685149
-534956440 -744082545
#r 0 1.4939277182
-218018041 -776753981
#r 0 1.6770477997
-218018041 -775753981
#r 0 2.3893069179
-218136520 -775643099
#r 0 1.6420865878
517252615 315449462
#r 0 5.8869170866
517252615 314449462
#r 0 5.4978627306
515532769 316169048
#r 0 4.2756128811
-836634468 79323631
#r 0 1.1578238219
-836634468 78323631
#r 0 5.6637676915
-836968330 78561685
#r 0 0.5697784277
-478957491 -425697431
#r 0 1.8487373712
-478957491 -424697431
#r 0 5.9097036204
-479278737 -424571543
#r 0 1.8917307866
744680137 283363242
#r 0 0.3213955980
744680137 282363242
#r 0 0.3492616146
776677102 294016279
#r 0 3.7318866558
787479252 -388621533
#r 0 2.3676609589
787479252 -387621533
#r 0 2.6508581979
785221886 -386415350
#r 0 2.5745744537
734374273 161323653
#r 0 2.7106259189
734374273 160323653
#r 0 0.3300097600
735620647 160750581
#r 0 0.3198141414
-835925574 -325109799
#r 0 1.3891110282
-835925574 -324109799
#r 0 1.4153275756
-836992893 -330919566
#r 0 6.1921942705
191098699 -491490599
#r 0 1.1973928301
191098699 -490490599
#r 0 2.6772884335
191426219 -490654628
#r 0 4.6239043529
76967052 -918743877
#r 0 0.0167769725
76967052 -917743877
#r 0 0.0061422964
170985830 -917166379
#r 0 3.2040808070
-458212991 -390070259
#r 0 2.4017519712
-458212991 -389070259
#r 0 2.4408965776
-472639166 -376902084
#r 0 2.3979610286
-561441965 -303326039
#r 0 5.5989752930
-561441965 -302326039
#r 0 5.6331028833
-579520629 -288580207
#r 0 1.5837408076
-143029320 -288205830
#r 0 3.3160323224
-143029320 -287205830
#r 0 3.3282524223
-222221899 -302162004
#r 0 4.2351796606
-217724255 370576245
#r 0 3.7616570117
-217724255 369576245
#r 0 0.3929260939
-221062856 368192463
#r 0 5.4647853586
231282029 -813119927
#r 0 1.5881327036
231282029 -812119927
#r 0 2.4379746888
231264432 -812104996
#r 0 2.4682169686
-173650117 941397434
#r 0 6.0890044059
-173650117 940397434
#r 0 5.0413688187
-174016071 941469402
#r 0 4.9885580574
-974261600 -135035256
#r 0 0.2776708832
-974261600 -134035256
#r 0 5.9680184210
-972625122 -134568804
#r 0 5.9446978313
-219071864 876570219
#r 0 5.2898070627
-219071864 875570219
#r 0 3.4904506616
-218545185 875761790
#r 0 4.5140000548
841216372 -245702053
#r 0 3.3266262648
841216372 -244702053
#r 0 1.9799844434
841617480 -245626976
#r 0 3.9155402006
-554460271 622376857
#r 0 5.6691393925
-554460271 621376857
#r 0 4.4745057178
-554253193 622230876
#r 0 5.4939094828
-710372218 -603481641
#r 0 5.6453782731
-710372218 -602481641
#r 0 5.5977723249
-697302507 -613168136
#r 0 5.6786101031
57367412 137137296
#r 0 0.7869827723
57367412 136137296
#r 0 0.6743106091
52462560 132216875
#r 0 3.8891350480
350298717 99524416
#r 0 5.7393735357
350298717 98524416
#r 0 0.7193931610
350974111 99116057
#r 0 5.7633437023
124361302 -505132095
#r 0 2.0624462273
124361302 -504132095
#r 0 2.0468190972
138205102 -530983746
#r 0 5.2920998629
-544744435 413022941
#r 0 1.8137011309
-544744435 412022941
#r 0 2.8272314919
-544474923 411935311
#r 0 0.7967994509
-119196968 -904270036
#r 0 1.5322407755
-119196968 -903270036
#r 0 2.2940820792
-119160008 -903311898
#r 0 6.2301946530
-804414631 -463783652
#r 0 0.0458129167
-804414631 -462783652
#r 0 0.3645044376
-807393399 -463920214
#r 0 5.3859016557
551441948 -761356956
#r 0 3.1830299475
551441948 -760356956
#r 0 3.2672033264
539651507 -761845800
#r 0 0.0423321126
27156741 -865736728
#r 0 5.8401259010
27156741 -864736728
#r 0 1.1165379649
26760288 -865548602
#r 0 1.4543077863
940217810 -146619311
#r 0 3.5955422352
940217810 -145619311
#r 0 2.7578014288
941339199 -146072145
#r 0 3.6063999762
-914055295 46387478
#r 0 0.1261507439
-914055295 45387478
#r 0 4.3221049079
-913621263 46442524
#r 0 4.3106502680
-936955659 -34943340
#r 0 3.6753856253
-936955659 -33943340
#r 0 3.7409284208
-947808868 -41357841
#r 0 3.6981486800
-369379595 277222742
#r 0 4.0419765422
-369379595 276222742
#r 0 4.0326074887
-411067375 224648107
#r 0 0.9892161661
-821124475 11788443
#r 0 4.7633230382
-821124475 10788443
#r 0 3.5249697388
-821074524 10808590
#r 0 3.5575292613
-490967586 616064171
#r 0 3.5293824952
-490967586 615064171
#r 0 3.4940059225
-515532832 606029915
#r 0 3.4551349330
-678074763 -588467848
#r 0 4.3181327917
-678074763 -587467848
#r 0 4.3584923394
-681373998 -596397957
#r 0 4.3767076093
217643120 -215305082
#r 0 0.2578893653
217643120 -214305082
#r 0 0.2582628586
-682169509 -158834214
#r 0 3.2325105300
-682169509 -157834214
#r 0 5.4762395973
-681288623 -158753904
#r 0 0.7462569857
557597791 508080141
#r 0 3.5859495986
557597791 507080141
#r 0 4.4087014354
557966130 508255513
#r 0 4.7814602922
639262792 -399950495
#r 0 3.1001796274
639262792 -398950495
#r 0 4.3056547064
638839592 -399932959
#r 0 4.2914281072
61684808 -566926225
#r 0 0.8940990373
61684808 -565926225
#r 0 0.7593995220
65066729 -562715736
#r 0 1.3522418455
523190902 523430949
#r 0 5.4637000444
523190902 522430949
#r 0 2.9507065573
524330673 522210701
#r 0 3.1345202131
-97120665 -106773775
#r 0 6.1777097732
-97120665 -105773775
#r 0 1.2885666566
-97401998 -106743991
#r 0 1.4804100779
-565009351 514254679
#r 0 2.0680481134
-565009351 513254679
#r 0 2.0687332192
-232465693 -98458612
#r 0 3.0524735483
334580786 -482417867
#r 0 4.2189240698
334580786 -481417867
#r 0 4.2592645066
329438985 -491977835
#r 0 2.6696517631
-302732954 278207160
#r 0 3.5931673090
-302732954 277207160
#r 0 3.4923231447
-311126293 274136402
#r 0 3.5317193788
-258338693 -552221732
#r 0 4.2351908584
-258338693 -551221732
#r 0 0.3116291905
-257718310 -551021891
#r 0 4.9780586601
-571070279 -284224233
#r 0 0.4266236356
-571070279 -283224233
#r 0 5.4768847253
-570402385 -283920648
#r 0 5.5081565184
481874853 641887316
#r 0 4.9853985639
481874853 640887316
#r 0 4.9388615485
480573412 646535304
#r 0 4.6787032349
-479273610 -106822827
#r 0 2.5317896316
-479273610 -105822827
#r 0 2.8349817862
-481891198 -104994113
#r 0 1.6414981214
-4238218 -621301856
#r 0 3.3085578681
-4238218 -620301856
#r 0 1.1258489068
-4756726 -621389242
#r 0 6.0732451282
-213551122 -22815755
#r 0 1.2685257558
-213551122 -21815755
#r 0 0.1593087605
-213222849 -21763011
#r 0 0.1141276775
-874003763 -51756842
#r 0 4.5118548685
-874003763 -50756842
#r 0 2.9939724833
-873806461 -50786181
#r 0 3.0444718696
-191082364 -706539912
#r 0 2.2796398496
-191082364 -705539912
#r 0 2.2860550251
-257629003 -628936294
#r 0 5.3856305546
-712230836 221529366
#r 0 5.1696731503
-712230836 220529366
#r 0 0.8346969656
-711911961 220881340
#r 0 4.4446481688
-780382671 126943689
#r 0 3.9015812040
-780382671 125943689
#r 0 0.1023876311
-781562358 125822480
#r 0 1.2450559464
-236286024 -513307999
#r 0 2.2072060837
-236286024 -512307999
#r 0 2.0708416807
-234189898 -516144519
#r 0 2.0849858574
432125842 146983063
#r 0 1.0841367877
432125842 145983063
#r 0 1.0938013951
454342861 188972880
#r 0 4.2257651002
-261116530 -918750953
#r 0 2.1825668044
-261116530 -917750953
#r 0 0.0107475027
-261812837 -917758437
#r 0 1.9442036970
118024946 613168088
#r 0 5.5970105076
118024946 612168088
#r 0 2.2493876803
115651087 615112101
#r 0 4.3961586188
-464226731 -787773296
#r 0 2.5156066692
-464226731 -786773296
#r 0 1.1087818610
-464592873 -787508581
#r 0 0.6755245243
-243669211 -909135288
#r 0 1.4962950893
-243669211 -908135288
#r 0 0.9400423176
-243586074 -908021444
#r 0 0.9884887339
-477273716 873997373
#r 0 4.5223105349
-477273716 872997373
#r 0 5.1748141488
-477412535 873275863
#r 0 5.4123971283
-723337552 322551553
#r 0 1.2405894440
-723337552 321551553
#r 0 1.2345564323
-741069979 270816717
#r 0 0.0380953679
-109826943 -461038229
#r 0 2.3865056868
-109826943 -460038229
#r 0 0.3224189140
-110611122 -460300204
#r 0 4.1930023962
273596302 -710435175
#r 0 2.4324124962
273596302 -709435175
#r 0 2.4730792986
258947910 -697865329
#r 0 2.4608922470
-495340295 -231301155
#r 0 1.9900313246
-495340295 -230301155
#r 0 2.2512629321
-496331911 -229076080
#r 0 5.5530591471
-335666797 -774290530
#r 0 1.4586000497
-335666797 -773290530
#r 0 0.7895570781
-335539686 -773162358
#r 0 0.7865220687
-44434562 -424288087
#r 0 6.1991260525
-44434562 -423288087
#r 0 6.1848692203
25124411 -430148973
#r 0 6.2150076265
482272679 648017210
#r 0 3.2838612035
482272679 647017210
#r 0 2.6199493750
480879887 647817712
#r 0 5.3525579961
-848718430 -335529233
#r 0 1.3314732144
-848718430 -334529233
#r 0 0.9150570081
-848361094 -334064738
#r 0 1.8373743894
-538168394 -366123595
#r 0 0.4332702368
-538168394 -365123595
#r 0 4.1653103046
-539016426 -366515882
#r 0 0.4158442395
780704324 -493859950
#r 0 3.4593010331
780704324 -492859950
#r 0 2.0115129047
781112648 -493725673
#r 0 2.0383054207
101574837 -660299922
#r 0 5.2330122285
101574837 -659299922
#r 0 3.1715913281
101011146 -659316837
#r 0 6.1305655560
274165912 -778182756
#r 0 2.1246443749
274165912 -777182756
#r 0 0.7014050566
273759695 -777525885
#r 0 1.9219304581
-30247511 -354320033
#r 0 1.7369817759
-30247511 -353320033
#r 0 0.7671290432
-30391895 -353459235
#r 0 0.7663808204
196232884 -273237791
#r 0 5.3144593154
196232884 -272237791
#r 0 4.1102489154
195889268 -272737754
#r 0 0.8249056365
-43571381 -254057842
#r 0 2.9290859596
-43571381 -253057842
#r 0 1.8935771863
-43210886 -254135624
#r 0 5.5740240649
245238934 77228773
#r 0 0.4593481143
245238934 76228773
#r 0 0.4594017122
691449954 36763389
#r 0 0.8687070625
691449954 35763389
#r 0 0.8647957782
584323386 -89883793
#r 0 2.4116769690
305194638 -415436078
#r 0 6.0041476830
305194638 -414436078
#r 0 1.2411155610
304883019 -415346795
#r 0 0.9879079311
326597884 -216545057
#r 0 2.4068004048
326597884 -215545057
#r 0 0.6725971780
326009675 -216013560
#r 0 2.4155481604
48717586 -293671845
#r 0 1.9952661196
48717586 -292671845
#r 0 5.3170376543
47411161 -290781169
#r 0 5.3342708907
530625494 -89118625
#r 0 0.9396796905
530625494 -88118625
#r 0 2.8342209062
531218703 -88306929
#r 0 2.2333077313
42124448 645983829
#r 0 6.1067226169
42124448 644983829
#r 0 6.1464263143
66694834 641602501
#r 0 6.1401955554
-178491570 670902010
#r 0 4.6711968927
-178491570 669902010
#r 0 4.6644150810
-178782767 663836761
#r 0 6.0550658458
78464923 432039983
#r 0 4.3393274109
78464923 431039983
#r 0 2.8625277585
78113001 431140823
#r 0 5.7992186858
160031141 -417843750
#r 0 4.7011222443
160031141 -416843750
#r 0 2.5892853306
160042331 -416850646
#r 0 2.5499332414
-430166093 553065446
#r 0 0.0474823168
-430166093 552065446
#r 0 2.6499333196
-431881243 552983945
#r 0 5.2784899339
17710008 853207122
#r 0 0.5935147249
17710008 852207122
#r 0 0.6572171120
28019572 860162552
#r 0 0.6562513232
14875479 -715975258
#r 0 0.1629767568
14875479 -714975258
#r 0 6.0235942002
17200958 -715592867
#r 0 6.0364502553
-415569731 -638404763
#r 0 1.2279428636
-415569731 -637404763
#r 0 6.1075234550
-415234048 -637464344
#r 0 1.8986956153
-773961145 -176289730
#r 0 3.1380949122
-773961145 -175289730
#r 0 3.1586884697
-822516060 -176119897
#r 0 6.2785866645
940988252 -325744210
#r 0 2.9471265158
940988252 -324744210
#r 0 2.2838811782
942030745 -325949534
#r 0 2.4920479986
-826089410 389315028
#r 0 0.4116452234
-826089410 388315028
#r 0 6.1157282918
-827740587 388594143
#r 0 4.7299736342
787581078 -76307990
#r 0 1.4490645554
787581078 -75307990
#r 0 4.2805968484
787747634 -74946534
#r 0 0.9211807168
-720594767 -54294382
#r 0 6.2181559759
-720594767 -53294382
#r 0 6.1958832759
-675958590 -57201141
#r 0 6.2086053484
594911311 732837332
#r 0 2.3057746147
594911311 731837332
#r 0 2.2991918438
527100297 807855905
#r 0 2.3645549541
288809318 -738112341
#r 0 3.1888368799
288809318 -737112341
#r 0 2.3196757339
289699695 -738070245
#r 0 3.1955636664
-344837829 -486706031
#r 0 2.4078998170
-344837829 -485706031
#r 0 2.0274648474
-343955839 -487501224
#r 0 2.4277687665
-62712054 -847301326
#r 0 2.3160266800
-62712054 -846301326
#r 0 5.9435420333
-64081150 -845817576
#r 0 0.5003178638
-250419138 -693493865
#r 0 0.9117099879
-250419138 -692493865
#r 0 2.2139222281
-250038228 -693002142
#r 0 0.9399878096
366755340 -91389671
#r 0 5.2861958210
366755340 -90389671
#r 0 5.2792110866
408486161 -155953230
#r 0 2.1593407108
961566412 68953195
#r 0 2.2676458218
961566412 67953195
#r 0 2.2491612105
939777000 94988527
#r 0 2.1797341171
597164501 -516317146
#r 0 1.6240247203
597164501 -515317146
#r 0 1.6641599358
597040885 -513996964
#r 0 1.6799289298
-877313621 -335845740
#r 0 1.8124413569
-877313621 -334845740
#r 0 1.1902032025
-877466134 -335226927
#r 0 1.1759865058
-380835327 -806301119
#r 0 0.0343357369
-380835327 -805301119
#r 0 1.1563265563
-381282033 -806316463
#r 0 2.2480718081
822465216 -184570263
#r 0 4.0902492580
822465216 -183570263
#r 0 2.6174783571
822972198 -183863318
#r 0 2.3564108592
186036512 447263379
#r 0 1.8125388423
186036512 446263379
#r 0 2.4479945052
186346654 446005526
#r 0 2.3956729955
-324336703 -906969741
#r 0 1.2694320150
-324336703 -905969741
#r 0 1.6199772470
-324294211 -906833037
#r 0 0.3100132220
-23877194 30146238
#r 0 3.5871811386
-23877194 29146238
#r 0 3.5482210444
-45155076 19983375
#r 0 3.5625460615
-646955563 126488175
#r 0 6.2445145941
-646955563 125488175
#r 0 6.0550483484
-652123814 126688135
#r 0 0.4046043280
647455009 119171730
#r 0 3.8260660947
647455009 118171730
#r 0 3.5064806482
645151357 117291749
#r 0 3.9956902519
-614105525 708095676
#r 0 0.5503617300
-614105525 707095676
#r 0 0.5818696347
-591501991 721965273
#r 0 4.7972318594
-144601442 -246545691
#r 0 4.0094935883
-144601442 -245545691
#r 0 2.6744175633
-144007867 -245845101
#r 0 5.6119680902
-755786970 456770808
#r 0 6.2374160827
-755786970 455770808
#r 0 5.9687770274
-759366147 456934739
#r 0 6.2741233326
-942398078 -178453409
#r 0 0.3669523143
-942398078 -177453409
#r 0 0.9685146172
-943332481 -178812557
#r 0 0.3236152213
711522906 98276513
#r 0 2.2535170461
711522906 97276513
#r 0 4.5741599257
711641699 98130427
#r 0 2.2972238120
-865732126 -389513957
#r 0 5.3974941699
-865732126 -388513957
#r 0 5.8436901514
-867059061 -387890080
#r 0 1.3206856528
457994694 -775492143
#r 0 2.7291505755
457994694 -774492143
#r 0 3.5797803240
456891070 -775009266
#r 0 0.1445282766
223679184 -734348721
#r 0 1.3913634485
223679184 -733348721
#r 0 1.3922273999
186986861 -936639914
#r 0 2.7178859195
590989480 604339845
#r 0 3.2134325856
590989480 603339845
#r 0 5.2102970005
590466355 604302199
#r 0 4.6979603669
33739637 326385330
#r 0 5.0762113009
33739637 325385330
#r 0 5.3801035004
34475975 324451531
#r 1 34637814 324260224
107088828 -31836439
#r 0 4.6650555964
107088828 -30836439
#r 0 1.5273079207
106553834 -43130682
#r 0 0.2280297314
-86557720 15314172
#r 0 4.5483455976
-86557720 14314172
#r 0 4.5216691213
-87718345 8302638
#r 0 4.5590588865
187576655 288198927
#r 0 4.6238045365
187576655 287198927
#r 0 1.8017887599
187512185 287473047
#r 0 3.1843008183
376013911 294524797
#r 0 6.0798777560
376013911 293524797
#r 0 5.3478495502
375144160 294704101
#r 0 5.9054386814
278966036 620220652
#r 0 4.1353732471
278966036 619220652
#r 0 0.7787352714
277146349 617425053
#r 0 3.0050171781
-721859489 -551390151
#r 0 1.3378992039
-721859489 -550390151
#r 0 5.1690863762
-721699516 -550715734
#r 0 0.7286911918
388898961 -22604958
#r 0 0.6916307479
388898961 -21604958
#r 0 1.2851380730
388510892 -22926310
#r 0 1.2435954309
-862956667 140643757
#r 0 5.4432135795
-862956667 139643757
#r 0 1.0014460867
-862583246 140227180
#r 0 6.2314724324
-64393835 -548376194
#r 0 2.3448815195
-64393835 -547376194
#r 0 0.6311310941
-64964047 -547792932
#r 0 5.8562099163
-682022435 430113840
#r 0 1.4130291363
-682022435 429113840
#r 0 5.6874968697
-682166039 429211178
#r 0 1.3705945612
129522077 617343422
#r 0 2.5767909798
129522077 616343422
#r 0 4.4556623511
129747155 617200799
#r 0 2.5866039868
-709725211 -135667791
#r 0 0.8006434870
-709725211 -134667791
#r 0 2.7673985144
-709022797 -134943626
#r 0 3.2544214206
882172595 169931446
#r 0 5.3685753611
882172595 168931446
#r 0 2.8495936148
883174509 168630279
#r 0 5.3826503092
29768177 179516482
#r 0 5.5697514276
29768177 178516482
#r 0 3.9141689680
30311597 179046143
#r 0 0.5836168476
258981388 553416150
#r 0 2.6643500850
258981388 552416150
#r 0 5.6613584877
253970350 556007413
#r 0 3.8433856000
867622611 474026919
#r 0 4.3701155985
867622611 473026919
#r 0 4.0526511514
866963618 472177356
#r 0 3.5096062712
494169261 705240858
#r 0 4.5144213428
494169261 704240858
#r 0 5.2579132730
494018493 704489255
#r 0 4.7925054999
122469093 -725635014
#r 0 5.6597938168
122469093 -724635014
#r 0 5.6031826290
133626777 -733657852
#r 0 5.6162157142
-603116602 -663308573
#r 0 6.2049359013
-603116602 -662308573
#r 0 2.6836455264
-600703970 -663497746
#r 0 6.2404497877
-145539966 -887360284
#r 0 2.2938693389
-145539966 -886360284
#r 0 2.6913797102
-147078897 -885616491
#r 0 1.0743604530
682414660 608429595
#r 0 4.6925836112
682414660 607429595
#r 0 4.7107077696
682416497 608522343
#r 0 2.2715567328
-490982295 -354183775
#r 0 2.7779565507
-490982295 -353183775
#r 0 2.8614440718
-501752978 -350084886
#r 0 2.9632995407
-802812116 -220135267
#r 0 1.8218772091
-802812116 -219135267
#r 0 1.8151278374
-793907183 -254853220
#r 0 0.4845383690
250470454 471718324
#r 0 4.8719224721
250470454 470718324
#r 0 4.8901818807
252009209 462154949
#r 0 1.9884248382
439852827 37625603
#r 0 2.3570115875
439852827 36625603
#r 0 0.9910264296
440248795 37230282
#r 0 2.3575526555
-160210028 -311873695
#r 0 4.4922490120
-160210028 -310873695
#r 0 1.5723495921
-160208485 -311866801
#r 0 1.5342981067
378118500 -176315695
#r 0 3.3800616689
378118500 -175315695
#r 0 0.7437882034
376641320 -176674790
#r 0 0.7507008460
-866575725 -214630372
#r 0 2.0370208285
-866575725 -213630372
#r 0 0.6402089054
-866941750 -213903013
#r 0 0.6271482764
135413484 36622920
#r 0 2.8829997547
135413484 35622920
#r 0 0.5213372287
136605586 36307591
#r 0 0.4233557838
133848038 926203271
#r 0 3.6619008573
133848038 925203271
#r 0 3.9990326588
135564515 927186763
#r 0 3.6376028869
152317393 -838586251
#r 0 1.0775356557
152317393 -837586251
#r 0 1.5539500027
152300000 -838618605
#r 0 1.5706871018
866394399 -388688067
#r 0 3.5118698152
866394399 -387688067
#r 0 2.4998109052
867275069 -388346207
#r 0 3.6271182873
-110683473 -855371776
#r 0 2.1572077523
-110683473 -854371776
#r 0 1.0541486108
-110989716 -854910824
#r 0 0.1193947135
-778756986 -564076853
#r 0 1.0455681933
-778756986 -563076853
#r 0 0.4753677861
-777931096 -562651736
#r 0 5.7179158543
-737950047 -439455128
#r 0 4.9919148317
-737950047 -438455128
#r 0 0.3599820537
-738209101 -438552631
#r 0 2.0694026811
-609784449 -471338019
#r 0 0.8622991230
-609784449 -470338019
#r 0 0.1524432044
-608797610 -470186406
#r 0 4.2138297346
-23189346 649857189
#r 0 2.6690632960
-23189346 648857189
#r 0 2.6407798708
-50808841 663974949
#r 0 4.8768293778
919027675 186956176
#r 0 2.9626940301
919027675 185956176
#r 0 2.6737531796
915945241 187513578
#r 0 4.8597632331
-462062882 -817316296
#r 0 1.6499239324
-462062882 -816316296
#r 0 1.1667978835
-462129769 -816472752
#r 0 0.7965418169
-122964257 -333624352
#r 0 2.1607066250
-122964257 -332624352
#r 0 1.4588922292
-123060478 -333480615
#r 0 5.8496465365
-340634393 559951828
#r 0 0.0862826195
-340634393 558951828
#r 0 3.2569161554
-306551358 562899921
#r 0 4.5303853033
-909594700 -252680642
#r 0 1.3672794418
-909594700 -251680642
#r 0 1.2658526951
-908995381 -249776598
#r 0 0.6788751461
43912064 302995607
#r 0 1.3138904188
43912064 301995607
#r 0 1.3484125835
45535712 309175961
#r 0 1.4317058598
117420708 890129395
#r 0 3.1285254543
117420708 889129395
#r 0 3.0819468455
95983883 890409530
#r 0 3.0714702345
-468178342 -347725758
#r 0 3.2424596890
-468178342 -346725758
#r 0 3.2228977854
-417483182 -342594875
#r 0 0.7771302263
71200613 -222501511
#r 0 6.1558689032
71200613 -221501511
#r 0 4.9715055839
71474999 -222536635
#r 0 2.1907298298
-243623499 -789879633
#r 0 1.4508833539
-243623499 -788879633
#r 0 1.2985217250
-243411537 -788120479
#r 0 0.1088121070
-769324329 107708350
#r 0 5.3849678176
-769324329 106708350
#r 0 4.2608782914
-769022920 107329915
#r 0 1.1185214070
635566251 196520845
#r 0 3.9839867021
635566251 195520845
#r 0 3.8645281872
631377691 191825383
#r 1 631870618 192172327
195202581 -473800941
#r 0 2.3155632360
195202581 -472800941
#r 0 3.0632645669
194208806 -472722941
#r 0 1.1968425674
308865562 -904406367
#r 0 1.9008089961
308865562 -903406367
#r 0 1.8900321998
318302853 -931957362
#r 0 1.9047401335
710295145 -265660052
#r 0 3.5282249154
710295145 -264660052
#r 0 3.5628249567
685861903 -275607401
#r 0 3.5887357915
-659887626 -690524746
#r 0 1.0328975858
-659887626 -689524746
#r 0 1.9659230676
-659642165 -690113297
#r 0 1.9381638895
582191960 -738122481
#r 0 3.6545701452
582191960 -737122481
#r 0 3.7178096215
570631342 -744634281
#r 0 2.7490487764
619956929 619639294
#r 0 4.3578373952
619956929 618639294
#r 0 5.1255690276
619756215 619097109
#r 0 5.1148821856
279378978 182926265
#r 0 3.1753814739
279378978 181926265
#r 0 5.5441649550
278320885 182890500
#r 0 2.6428200618
-31041134 -356688329
#r 0 6.0813679931
-31041134 -355688329
#r 0 5.3912677333
-30074809 -356886042
#r 0 6.0758594787
531322273 778893238
#r 0 4.5716482742
531322273 777893238
#r 0 2.1063271407
531207903 778085984
#r 0 3.2632221872
-409016762 -551302065
#r 0 2.0158934694
-409016762 -550302065
#r 0 5.3278489883
-410482898 -548228549
#r 0 5.7311671061
-242530425 -410578653
#r 0 5.5613867028
-242530425 -409578653
#r 0 3.4572249319
-243359060 -409849243
#r 0 3.4469810664
280793211 -921368331
#r 0 2.0345826119
280793211 -920368331
#r 0 2.4504344695
279939984 -919662469
#r 0 2.2070686237
730390034 137322819
#r 0 3.4564010295
730390034 136322819
#r 0 2.7866590517
728953804 136855129
#r 0 3.5039205689
336241334 349827929
#r 0 3.2558055160
336241334 348827929
#r 0 4.9955610114
335959742 349795627
#r 0 3.2545420262
182629508 -60733374
#r 0 1.6029951350
182629508 -59733374
#r 0 4.5039714888
182601555 -59865545
#r 0 5.4869576587
-14583895 -391538609
#r 0 0.0758038336
-14583895 -390538609
#r 0 2.5671942391
-13201039 -391433582
#r 0 1.8400983253
-529968658 -541423045
#r 0 1.4408042099
-529968658 -540423045
#r 0 1.4059013294
-529358900 -536758763
#r 0 0.4119771406
-295721070 -115687762
#r 0 1.8967557345
-295721070 -114687762
#r 0 2.9783052877
-296079021 -114628788
#r 0 0.4803614133
-860392259 105310463
#r 0 0.7619526679
-860392259 104310463
#r 0 0.2310211225
-861783168 103983292
#r 0 4.1748919681
134282577 690186611
#r 0 4.1474800815
134282577 689186611
#r 0 4.1498950059
252503752 876711499
#r 0 3.6255963256
120775521 105317247
#r 0 2.3950995359
120775521 104317247
#r 0 2.3991717947
253599297 -17553692
#r 0 0.8609904182
705482076 -427802156
#r 0 1.7369299556
705482076 -426802156
#r 0 3.6726878622
705329431 -426891818
#r 0 2.5996525288
67711290 -820628312
#r 0 0.6930405274
67711290 -819628312
#r 0 0.6973090585
-70446723 -935363106
#r 0 1.9877097504
433987350 508403551
#r 0 1.3944409256
433987350 507403551
#r 0 5.7844322202
433824911 507492029
#r 0 3.9501801970
-118050258 19266698
#r 0 5.6773564613
-118050258 18266698
#r 0 5.7300784098
-104777097 10072006
#r 0 5.7298462891
-797637337 -148047045
#r 0 4.2073875473
-797637337 -147047045
#r 0 4.1704215027
-790884755 -135832128
#r 0 4.2269876681
-297627869 -312378482
#r 0 3.3283837073
-297627869 -311378482
#r 0 4.8368176290
-297505682 -312355389
#r 0 1.8008022805
526708312 738674488
#r 0 1.8768713553
526708312 737674488
#r 0 5.2288075928
527420882 736419557
#r 0 3.8819022083
902408713 326691638
#r 0 4.8019179343
902408713 325691638
#r 0 3.3935547712
902496454 325714226
#r 0 4.8343358249
194389026 724215994
#r 0 3.8849968795
194389026 723215994
#r 0 4.7031469583
194398347 724224564
#r 0 4.5601067315
479784988 -770379991
#r 0 0.1582374700
479784988 -769379991
#r 0 0.1231942085
507756786 -765916488
#r 0 0.1352257550
-131810955 348029062
#r 0 3.8766899016
-131810955 347029062
#r 0 0.0716761688
-133012387 346942800
#r 0 5.4645188484
586522933 -217901995
#r 0 5.6840311900
586522933 -216901995
#r 0 2.7767616266
583200313 -215632992
#r 0 2.5211898795
-187748036 23994930
#r 0 1.3079191616
-187748036 22994930
#r 0 6.0707245440
-188002376 23049795
#r 0 6.0379463029
352205545 -810872443
#r 0 2.8458028835
352205545 -809872443
#r 0 3.6339060444
351016615 -810510141
#r 0 3.5951934150
-281264150 625950435
#r 0 5.7269268090
-281264150 624950435
#r 0 5.7219294015
-425129933 715398921
#r 0 3.9810005342
805993669 -555805939
#r 0 3.8054588772
805993669 -554805939
#r 0 3.7919598639
852430560 -519477496
#r 0 2.5488472372
109176579 830254230
#r 0 2.1378846328
109176579 829254230
#r 0 2.1488015811
136060976 788040795
#r 0 4.8055318353
454603456 -115132683
#r 0 3.6298035335
454603456 -114132683
#r 0 1.7595638187
454776900 -115040568
#r 0 3.7864000491
-841858840 456991149
#r 0 6.2753534547
-841858840 455991149
#r 0 0.1636065884
-836075624 456945855
#r 0 0.1702568880
-394302774 -111391377
#r 0 1.5887622040
-394302774 -110391377
#r 0 4.2867130417
-394320057 -110429496
#r 0 2.9174696120
-44928054 515757560
#r 0 5.7830011768
-44928054 514757560
#r 0 2.7979563207
-39628864 512861332
#r 0 0.4771525155
-121117037 -740886462
#r 0 1.5585071958
-121117037 -739886462
#r 0 2.5268369397
-121104853 -739895064
#r 0 5.7018317689
-104972969 -794518837
#r 0 2.6313599522
-104972969 -793518837
#r 0 1.0502822834
-105406974 -794275940
#r 0 5.8613377410
-228728329 -70115130
#r 0 3.2782876707
-228728329 -69115130
#r 0 1.2011952745
-229137540 -70171418
#r 0 3.0922047380
211817052 -353830981
#r 0 3.4148866286
211817052 -352830981
#r 0 3.7052004322
208973551 -354628036
#r 0 3.4350669229
714039536 -444378998
#r 0 1.7807078163
714039536 -443378998
#r 0 1.7853570672
704496784 -399587843
#r 0 3.8720123067
210279624 -719446913
#r 0 3.6614870364
210279624 -718446913
#r 0 3.6405574560
246692919 -698603157
#r 0 2.1269014663
-252990652 907596128
#r 0 3.6228432569
-252990652 906596128
#r 0 5.3834122680
-253551891 907303048
#r 0 5.7557179155
-111775591 385835601
#r 0 6.1842442120
-111775591 384835601
#r 0 3.8930398463
-110808069 385739560
#r 0 4.2071375584
-751715650 246572132
#r 0 4.0722242493
-751715650 245572132
#r 0 0.5030783494
-752977741 244877596
#r 0 1.2015159745
734240015 -107718197
#r 0 1.2847315071
734240015 -106718197
#r 0 3.6656154297
734594384 -106513402
#r 0 4.4040261321
451097033 876365304
#r 0 5.5924581067
451097033 875365304
#r 0 5.5912151841
-213751703 -188883800
#r 0 2.9666971250
-213751703 -187883800
#r 0 6.2135706846
-223099805 -187231982
#r 0 4.4605492319
-871609781 -439190600
#r 0 1.3788119040
-871609781 -438190600
#r 0 1.3232516127
-870767876 -434859335
#r 0 0.9698864699
873731973 -187795839
#r 0 3.5562579637
873731973 -186795839
#r 0 2.6109099467
874705660 -187367232
#r 0 1.7351813544
476321941 -514170025
#r 0 4.0168715223
476321941 -513170025
#r 0 4.9740355430
476524681 -513927122
#r 0 0.1392978457
648529161 -258031637
#r 0 5.6174935069
648529161 -257031637
#r 0 5.5649758932
659810851 -266890761
#r 0 5.5695047758
-947200162 54478327
#r 0 4.9919463336
-947200162 53478327
#r 0 4.6596546852
-947155577 54323018
#r 0 0.7417776000
-72923073 965837855
#r 0 5.1310047035
-72923073 964837855
#r 0 6.0542193979
-72426691 964722172
#r 0 4.8273748416
533900477 -572149686
#r 0 3.1624288809
533900477 -571149686
#r 0 0.8829787919
533064489 -572167107
#r 0 0.8871251345
-787439174 -505763987
#r 0 1.2468210273
-787439174 -504763987
#r 0 5.4420665536
-787195036 -505036969
#r 0 6.0892260087
-244124713 -774407860
#r 0 1.4310762088
-244124713 -773407860
#r 0 2.2389711146
-244005346 -773559094
#r 0 1.6787457757
912688030 366379819
#r 0 3.6941985826
912688030 365379819
#r 0 3.4649235376
909136973 364189895
#r 0 3.7922133382
65744808 676218049
#r 0 5.4204930102
65744808 675218049
#r 0 1.5507429024
65764405 676195162
#r 0 3.0680752297
-530446177 836542796
#r 0 4.6544035030
-530446177 835542796
#r 0 5.9186889137
-530502970 835564465
#r 0 4.6729617213
-415563059 -298865844
#r 0 3.6751240114
-415563059 -297865844
#r 0 3.6663650824
-330488059 -248614548
#r 0 4.9566540095
-886033412 -228132643
#r 0 0.5578335081
-886033412 -227132643
#r 0 0.5958321283
-904517702 -239665649
#r 0 1.4160581770
-277974413 -935647969
#r 0 0.2051051772
-277974413 -934647969
#r 0 0.8762386733
-278982061 -935857591
#r 0 1.7526712351
200104270 740576328
#r 0 4.5579384077
200104270 739576328
#r 0 3.9134117648
199920777 739397752
#r 0 5.0264054388
-138670661 -326693416
#r 0 6.0567804128
-138670661 -325693416
#r 0 1.9764486058
-138194036 -326803209
#r 0 1.4028422953
-420259027 -893966584
#r 0 1.1349995411
-420259027 -892966584
#r 0 1.1233485554
-404582529 -860301168
#r 0 0.1817222679
-798050443 -196980374
#r 0 2.1829621435
-798050443 -195980374
#r 0 2.1955899592
-824668968 -159070215
#r 0 5.3159406476
-402542994 -134498653
#r 0 2.6118165561
-402542994 -133498653
#r 0 0.8216618913
-403145075 -134146065
#r 0 2.6356298062
508744237 816338581
#r 0 2.0886623163
508744237 815338581
#r 0 2.0326672268
504802621 823256953
#r 0 2.0511402152
-397593185 913590386
#r 0 3.9939552059
-397593185 912590386
#r 0 3.9795000346
-428057598 878746065
#r 0 5.3640665467
-443314379 -868631678
#r 0 0.7422010481
-443314379 -867631678
#r 0 1.0113719979
-444785112 -869980537
#r 0 1.0142080437
-533147680 613971414
#r 0 5.2635341828
-533147680 612971414
#r 0 5.3139878916
-527271027 604410938
#r 0 5.3700182558
-770932227 -336799630
#r 0 6.2502879542
-770932227 -335799630
#r 0 2.1614727065
-770246561 -336822195
#r 0 5.7364240220
-313801222 -169811900
#r 0 1.0651013896
-313801222 -168811900
#r 0 1.1013470754
-319848707 -180733453
#r 0 0.3350880934
396351162 236536477
#r 0 0.0581012373
396351162 235536477
#r 0 5.4595117886
395472276 236485355
#r 0 0.5006157961
653214263 -656222690
#r 0 3.9213562036
653214263 -655222690
#r 0 2.2049450029
653640079 -655801646
#r 0 3.2952591556
-126037657 252119065
#r 0 0.5158475816
-126037657 251119065
#r 0 0.5275237888
-61664189 288622760
#r 0 3.6655433322
795662488 -210263076
#r 0 3.1010509106
795662488 -209263076
#r 0 3.0297598221
809602214 -210828527
#r 0 3.8388740689
-552602322 134431660
#r 0 1.9445698700
-552602322 133431660
#r 0 4.2977854383
-552394930 133902882
#r 0 0.0722773348
-25074801 475442830
#r 0 5.8775975396
-25074801 474442830
#r 0 0.9223453363
-24503068 475197331
#r 0 4.4671316767
-581753711 58339560
#r 0 0.7927043592
-581753711 57339560
#r 0 4.6763378451
-581716274 58377548
#r 0 4.2755468384
-123676106 -141587957
#r 0 1.3185601001
-123676106 -140587957
#r 0 1.3352311721
-127170212 -155145438
#r 0 1.3246053415
-770394741 -202777594
#r 0 2.5738968219
-770394741 -201777594
#r 0 2.6146843274
-788267504 -191379730
#r 0 2.5878129429
226219170 40973701
#r 0 5.0438833468
226219170 39973701
#r 0 2.2367419148
226831714 39194062
#r 0 4.4815161916
-730767039 -317649186
#r 0 1.0859110996
-730767039 -316649186
#r 0 0.8148716267
-729572822 -315382414
#r 0 0.7467644137
313987082 -595303530
#r 0 1.3971081619
313987082 -594303530
#r 0 5.6269418280
314141653 -594422565
#r 0 0.8435927110
422385780 609464897
#r 0 1.2404572740
422385780 608464897
#r 0 3.0752775326
422050511 608487163
#r 0 5.6133590554
-283682688 -708434606
#r 0 2.4456530512
-283682688 -707434606
#r 0 2.4573950122
-334332851 -666122931
#r 0 5.5465735052
-165174039 -771223105
#r 0 2.1043571848
-165174039 -770223105
#r 0 1.5733362571
-165171488 -771227423
#r 0 0.2422224706
-595802012 -385074130
#r 0 4.3440333087
-595802012 -384074130
#r 0 0.3707943136
-595347896 -383897580
#r 0 2.4959788083
277214466 -802769623
#r 0 1.9158528735
277214466 -801769623
#r 0 1.3770011700
277087522 -802416447
#r 0 1.9053665899
-49223034 10182434
#r 0 3.3841868652
-49223034 9182434
#r 0 0.1242022226
-57378099 8164316
#r 0 3.3874763206
606551053 -19018638
#r 0 2.2352300215
606551053 -18018638
#r 0 2.2686259142
594684852 -3868370
#r 0 2.7832224131
-355498144 909755308
#r 0 4.4661899226
-355498144 908755308
#r 0 4.6451772689
-355406203 910121172
#r 0 5.4527749634
47076853 -733059593
#r 0 6.1241660142
47076853 -732059593
#r 0 6.1096502276
114078888 -743804935
#r 0 6.1319721197
-374230082 240356462
#r 0 4.6556581153
-374230082 239356462
#r 0 3.2359978542
-374287181 239351056
#r 0 3.2044765235
57914385 673072022
#r 0 3.5566964458
57914385 672072022
#r 0 5.5937483500
57123935 672723661
#r 0 5.5672870802
-434227853 -134865342
#r 0 6.2099943599
-434227853 -133865342
#r 0 0.7436457593
-435234782 -134791512
#r 0 2.5361088628
-803935016 3201268
#r 0 3.4460045828
-803935016 2201268
#r 0 4.1949819355
-803241972 3419007
#r 0 4.2361170542
612533705 664406426
#r 0 3.0945204660
612533705 663406426
#r 0 4.3943810971
612857858 664391156
#r 0 3.1183090164
-128789750 -864403732
#r 0 1.7874645075
-128789750 -863403732
#r 0 2.3786273702
-129068551 -863137167
#r 0 2.1069472681
49745228 181238661
#r 0 0.0043558040
49745228 180238661
#r 0 2.4681209844
48498775 181233232
#r 0 4.9348618593
582907428 511612935
#r 0 4.3283723520
582907428 510612935
#r 0 1.7753737836
582770339 511273670
#r 0 5.4040657269
616180789 -199370439
#r 0 4.6184390672
616180789 -198370439
#r 0 2.5139491997
616268987 -198434428
#r 0 4.0104943552
144982153 -279834439
#r 0 5.3937174027
144982153 -278834439
#r 0 4.3870298671
144743919 -279540636
#r 0 1.6680345089
-152837913 140842892
#r 0 4.3686196986
-152837913 139842892
#r 0 5.1359862704
-153037464 140285460
#r 0 4.3911056690
549838263 -730153584
#r 0 1.8784512629
549838263 -729153584
#r 0 4.4795337718
549702464 -729726198
#r 0 4.5137088594
-591139324 -247371007
#r 0 0.7855400810
-591139324 -246371007
#r 0 0.4405397843
-589248406 -245479553
#r 0 5.3868547004
-753947354 98952221
#r 0 1.3659951742
-753947354 97952221
#r 0 4.2357694757
-754294872 97279156
#r 0 5.7415564026
-98352464 -743450637
#r 0 5.6427868707
-98352464 -742450637
#r 0 2.8550331434
-100572252 -741796533
#r 0 2.6087480479
611104978 -524723090
#r 0 2.0763776892
611104978 -523723090
#r 0 4.4355948688
610917238 -524383946
#r 0 2.0040359714
-276948858 -364114257
#r 0 4.5834660403
-276948858 -363114257
#r 0 6.1190731963
-276821941 -363135275
#r 0 4.5697355927
-558362802 302376104
#r 0 6.2370164744
-558362802 301376104
#r 0 5.7024728414
-560002185 302451846
#r 0 4.1196188820
-267275647 10250653
#r 0 0.4233082557
-267275647 9250653
#r 0 2.2956003324
-267908671 9965446
#r 0 0.8071478261
425647155 -827346206
#r 0 1.0704978117
