701687785 -541700890
#r 0 3.2951320687
602864189 -556994576
#r 0 2.5272901866
521146619 -499355710
#r 0 1.8475722770
493821046 -403161567
#r 0 1.2528082459
525086660 -308174929
#r 0 1.2230777889
559162037 -214159671
#r 0 3.0945383889
459272722 -209455981
#r 0 2.6174874101
372695516 -159412126
#r 0 5.6206903291
412118519 -190166424
#r 0 2.9036288300
387362820 -184161690
#r 0 6.1070326266
399902493 -186393721
#r 0 6.1450109180
406234228 -187274215
#r 0 0.3672740871
409293923 -186097057
#r 0 4.2088112829
408098715 -188266388
#r 1 407518695 -188273718
-499127383 633119407
#r 0 3.5067318814
-592534788 597411472
#r 0 3.6871390946
-678019176 545522943
#r 0 3.4356262886
-773727442 516541434
#r 0 3.7901869044
-853420817 456134763
#r 0 0.1857692648
-755141371 474605025
#r 0 3.3066844764
-804461534 466387880
#r 0 2.3813818034
-822586546 483622100
#r 0 5.5478149060
-813312806 475232743
#r 0 5.4332555094
-809183273 470532626
#r 0 2.3434710509
-811366966 472772607
#r 1 -811164935 473047997
-483608482 -622730427
#r 0 0.4961487676
-395666239 -575126205
#r 0 3.8652154133
-470607440 -641336600
#r 0 0.6151015920
-429771699 -612484525
#r 0 0.8253580976
-412616004 -593899888
#r 0 0.2274850288
-400295225 -591047725
#r 0 3.4031558052
-406403448 -592682872
#r 0 3.4545300979
-409415038 -593657330
#r 0 0.3515630957
-407929181 -593112316
#r 1 -407818719 -593111907
-400050622 -282770132
#r 0 0.5412909549
-314346198 -231245849
#r 0 0.0952075862
-214799080 -221739467
#r 0 3.1558105933
-264794026 -222450340
#r 0 3.3310796166
-289506986 -227189986
#r 0 0.2404533575
-277287281 -224193748
#r 0 3.2893873782
-283509539 -225120120
#r 0 3.5438212541
-286428651 -226361977
#r 1 -287210524 -226366492
301295572 728310821
#r 0 5.4084649247
365416717 651574397
#r 0 1.9765102565
325949234 743456483
#r 0 2.0387366025
280844340 832706405
#r 0 5.1482670456
301954666 787381422
#r 0 1.8067009856
296105596 811713977
#r 0 4.6937003244
295409517 774472233
#r 0 1.5028172423
296674593 793053341
#r 0 1.5174423148
297172398 802374712
#r 0 1.7368328611
296395607 807010074
#r 0 5.0354104426
297143612 804775529
#r 1 296660064 805492016
538670319 187274473
#r 0 5.3467660059
597937905 106730366
#r 0 5.2309873600
647504235 19878890
#r 0 1.9300467806
612346971 113494951
#r 0 5.2678434000
665079917 28528861
#r 0 2.2059382738
635415328 68778235
#r 0 3.3445318027
610773445 63707631
#r 0 0.2832194952
622851388 67222835
#r 0 6.2481085580
629177420 67000847
#r 0 2.9416553037
625998934 67644951
#r 0 6.2537487390
630739052 67505378
#r 0 3.1904339672
628370794 67389617
#r 1 627815331 67371198
-356518068 -65592954
#r 0 1.7931457797
-378570252 31945250
#r 0 5.2279713408
-329266093 -55055324
#r 0 2.8985576155
-426327300 -30990367
#r 0 5.9064058755
-379834580 -49386753
#r 0 6.2432900957
-354412221 -50401522
#r 0 3.2511401411
-367122145 -51799459
#r 0 0.1663336719
-360817097 -50740937
#r 0 3.0567718615
-364012499 -50469249
#r 0 6.0357007797
-359358497 -51645149
#r 0 2.8397635085
-361650126 -50931670
#r 1 -362302073 -50703165
-276446552 932869643
#r 0 5.9779060926
-181070245 902813694
#r 0 4.4890113465
-203222705 805298216
#r 0 4.5216425033
-222181894 707111918
#r 0 1.1337563338
-179855941 797712766
#r 0 4.4171032833
-208957260 702040862
#r 0 1.7811412515
-229836983 799836757
#r 0 4.8596488585
-222500572 750377916
#r 0 5.0946305540
-213138517 727090045
#r 0 4.5900901027
-214687585 714487010
#r 0 1.3351821991
-213205488 720660534
#r 0 2.4182092901
-215615304 722788574
#r 0 5.5344976390
-214437704 721694409
#r 1 -214177956 721527157
-550539604 -271667289
#r 0 2.1060352046
-601544256 -185652607
#r 0 2.5384361427
-683899177 -128928123
#r 0 0.8252122091
-616059070 -55458947
#r 0 1.1969624845
-579540354 37634465
#r 0 4.3250489796
-598426694 -8661388
#r 0 1.1991495369
-589347937 14631875
#r 0 4.5037636842
-591937514 2399908
#r 0 1.3351975987
-590478247 8478746
#r 0 4.5180978390
-591081743 5411789
#r 1 -591164099 5925234
-618319202 -169265767
#r 0 6.1499366452
-519205650 -182551237
#r 0 5.3733999038
-457814134 -261488438
#r 0 2.6902388921
-547799878 -217870025
#r 0 5.6286437460
-468467167 -278749587
#r 0 1.0769011559
-421061252 -190700287
#r 0 0.1833425781
-322737274 -172468573
#r 0 1.4695436280
-312629296 -72980741
#r 0 3.9393412083
-382461299 -144559309
#r 0 0.6874564731
-343818171 -112830637
#r 0 1.1839095298
-334271555 -89398776
#r 0 5.0230678953
-330119310 -102331048
#r 0 2.3949258836
-342657632 -90728215
#r 0 6.0877719508
-325549142 -94114658
#r 0 2.8916006888
-333998281 -91957311
#r 1 -333477594 -91987245
755102565 -188650360
#r 0 5.3665613028
815952830 -268005544
#r 0 3.2514646252
716555816 -278970649
#r 0 0.1376724065
766082721 -272108753
#r 0 3.3123418951
741446279 -276356771
#r 0 0.4101892643
752921879 -271366535
#r 0 3.5256487429
747120841 -273710871
#r 0 3.4973506718
744186316 -274801245
#r 1 744415257 -274727783
380790345 -501424583
#r 0 3.9164838357
309340628 -571388416
#r 0 0.3367557175
403723791 -538345738
#r 0 3.8316409467
326602264 -602003181
#r 0 2.8667401621
230355740 -574862684
#r 0 4.3511435899
195011788 -668408422
#r 0 5.5318144275
268087162 -736672540
#r 0 2.3308247048
233640061 -700431717
#r 0 2.4369119305
214527546 -684179933
#r 0 2.5671258387
203995429 -677362613
#r 1 204141570 -676899775
-579009961 358478730
#r 0 4.2132950116
-626872983 270677072
#r 0 5.1739127766
-582341684 181139575
#r 0 5.6443238108
-502064169 121511388
#r 0 0.3199092287
-407137772 152959428
#r 0 4.9299050463
-385557283 55315777
#r 0 0.9299029206
-325766103 135471967
#r 0 3.1145559492
-425729556 138175308
#r 0 0.4835778526
-337195849 184670283
#r 0 3.7012454552
-379567822 158125684
#r 0 0.4487204154
-357042749 168971008
#r 0 0.4914292535
-345887349 174941662
#r 0 3.2515551446
-352370763 174225842
#r 0 0.5953698244
-344744662 179391465
#r 0 0.4942159077
-340690062 181576147
#r 0 0.2802160569
-338447460 182221541
#r 0 0.3634659052
-337162258 182710387
#r 0 0.5064572554
-336305199 183185812
#r 0 0.4507431315
-335526071 183562888
#r 0 0.4037661577
-334604821 183956483
#r 0 0.4068277176
-333370723 184488212
#r 0 0.4038783831
-331610047 185240676
#r 0 0.6026441416
-329297180 186831988
#r 0 0.3104837582
-325398391 188082957
#r 0 0.4330605658
-319824685 190659852
#r 0 0.2513032431
-310925882 192944447
#r 0 0.2487403501
-297578610 196334662
#r 0 1.4229708005
-294537214 216758808
#r 0 4.5829136150
-295870273 206520551
#r 0 4.3686014615
-297610853 201658652
#r 0 4.9264584765
-297045333 199057371
#r 1 -297209240 199915551
299350043 -849072587
#r 0 3.6799576557
213495228 -900345882
#r 0 0.8231206134
281488855 -827018761
#r 0 2.3451219031
211565446 -755529483
#r 0 3.0754732418
111783955 -748922358
#r 0 6.1023078274
160968266 -757916998
#r 0 3.0497356265
136073664 -755623800
#r 0 0.1053572979
148602408 -754298900
#r 0 4.1687896150
138979805 -770221586
#r 0 0.9406479825
144461284 -762705936
#r 0 1.1572639415
146344259 -758415109
#r 0 1.1958754597
147203899 -756230705
#r 1 147162284 -756403006
547958642 -796389549
#r 0 3.1921629272
448086482 -801444421
#r 0 3.1392262821
348086762 -801207784
#r 0 0.0968621381
397852387 -796372247
#r 0 3.3434123082
373359802 -801383556
#r 0 3.1035817591
360732105 -800903335
#r 0 0.1186495565
367012143 -800154695
#r 0 3.2301442094
363862282 -800434351
#r 0 3.3303049932
362307821 -800731230
#r 1 361808445 -800859539
120566706 -818818612
#r 0 1.2739978323
149812724 -723190842
#r 0 1.8298933026
124191947 -626528669
#r 0 0.3635135886
217657277 -590972628
#r 0 4.4195688019
188791927 -686715991
#r 0 2.4290005488
113124956 -621336258
#r 0 1.9994147996
71563492 -530382178
#r 0 0.0157587055
171551075 -528806373
#r 0 4.0550989480
110453700 -607971459
#r 0 1.9626903126
72259750 -515552726
#r 0 5.2940416412
127200308 -599108307
#r 0 2.1135011477
101377605 -556292562
#r 0 2.1690296472
87276679 -535602956
#r 0 2.4706005598
77466898 -527815263
#r 0 5.5550508793
82141400 -531982878
#r 0 2.3424880500
79957797 -529738580
#r 1 80116277 -529578397
137093106 -178832048
#r 0 4.0190343078
73181019 -255742679
#r 0 0.8986573482
104314076 -216618099
#r 0 4.5568129008
100438602 -241327273
#r 0 5.9168672620
134260817 -254302602
#r 0 0.2427293783
170915690 -245226435
#r 0 4.7625739076
172784619 -282436011
#r 0 2.1552671733
142553930 -236741135
#r 0 1.2747206754
151039443 -208923573
#r 0 2.1379211895
142130835 -194936553
#r 0 1.1031991809
145933764 -187405207
#r 0 5.9758221152
151802633 -189268119
#r 0 0.4645212966
159864858 -185228198
#r 0 1.9062077801
155972078 -174060741
#r 0 1.1697215717
159773201 -165097110
#r 0 1.2394251331
164086364 -152560946
#r 0 1.2196832495
170564027 -134876446
#r 0 0.7811530944
190180068 -115426245
#r 0 0.4384612469
227616502 -97872223
#r 0 2.3076387688
186813723 -52901367
#r 0 1.8908422542
165516059 11356539
#r 0 5.0584765584
176997877 -20484238
#r 0 5.0899399432
183241001 -36226813
#r 0 5.1880210137
187145291 -43806905
#r 0 4.9534884622
188231757 -48225546
#r 0 4.9692970630
188852517 -50588422
#r 0 5.1351815090
189485058 -51994299
#r 0 4.8785907304
189718419 -53385429
#r 0 5.1636811250
190360564 -54710397
#r 0 4.8932488297
190718655 -56668696
#r 0 5.0454966309
191605752 -59232555
#r 0 5.0916827196
193075747 -62920506
#r 0 4.9844728616
194663335 -68610724
#r 0 1.6258126538
194180499 -59843345
#r 0 4.6870699512
194069352 -64232270
#r 0 4.9583789039
194607348 -66375043
#r 1 194274395 -66395833
-671832205 450572368
#r 0 5.0639629721
-637394610 356689185
#r 0 5.8917372208
-544958856 318536449
#r 0 4.5885771159
-557308434 219301939
#r 0 4.8153150362
-547033992 119831160
#r 0 1.7656364187
-556714475 168885092
#r 0 6.2689984773
-531506840 168527452
#r 0 4.1925147426
-545653415 143812738
#r 0 1.4077427276
-539453659 181497984
#r 0 4.4239064217
-544886403 163191183
#r 0 4.7453319473
-544567019 153499635
#r 0 4.7817981103
-544229003 148637557
#r 0 1.7007027784
-544544683 151053930
#r 0 4.7664806379
-544478807 149837259
#r 1 -544444440 149619660
-468532303 -84888903
#r 0 5.4261068260
-403067430 -160482225
#r 0 5.5237764025
-330543120 -229331513
#r 0 5.4194760289
-265580926 -305357255
#r 0 5.0233349899
-234984984 -400561711
#r 0 5.0334131816
-203431124 -495452985
#r 0 1.7955301354
-214573467 -446710313
#r 0 4.2829515891
-225078444 -469649936
#r 0 1.0643279826
-218958875 -458618342
#r 0 1.5570290287
-218871525 -452274005
#r 0 6.2201134104
-215363264 -452495572
#r 0 3.1237620489
-217120610 -452464234
#r 1 -217631274 -452312781
242220329 -192797614
#r 0 2.1892274112
184244575 -111318709
#r 0 6.1289561507
283057599 -126680554
#r 0 6.1245941731
381802675 -142473272
#r 0 5.8954890488
474380921 -180278938
#r 0 2.6610426247
430043881 -157165589
#r 0 0.2694220812
454348736 -150454142
#r 0 3.3329006249
441971503 -152851322
#r 0 3.7210478025
436664810 -156323969
#r 0 2.9131529735
433414403 -155568256
#r 0 6.0994235098
435054860 -155873149
#r 1 435158080 -155949938
474168597 127670696
#r 0 4.8673011234
489597926 28868187
#r 0 3.6633311447
402902521 -20970621
#r 0 0.3778581788
495848216 15922438
#r 0 5.3203557961
552968194 -66158669
#r 0 5.0491263448
586009140 -160542438
#r 0 2.0470471678
563086618 -116106440
#r 0 5.2126876743
575078809 -138042422
#r 0 2.1915920529
567807777 -127874725
#r 0 5.3502530875
571529532 -132895783
#r 0 5.4687023666
573674671 -135169479
#r 0 2.1650565732
572779476 -133844724
#r 1 572537861 -134024605
595496296 -707793242
#r 0 2.0931572963
545603531 -621128878
#r 0 0.5928799380
628537026 -565253701
#r 0 3.0269429693
529193534 -553813833
#r 0 2.9593893579
430848849 -535694149
#r 0 3.0741692283
331076059 -528956914
#r 0 3.0686171023
231342212 -521665834
#r 0 2.9995311367
132349590 -507507418
#r 0 2.7698034520
39181705 -471179121
#r 0 5.0083038159
68343209 -566832697
#r 0 2.0509576564
22150982 -478140656
#r 0 6.0170466077
118630346 -504441461
#r 0 2.8769120116
70371541 -491361409
#r 0 2.6878869523
47900767 -480403903
#r 0 2.9930228027
35118618 -478490764
#r 0 6.0773484913
41444466 -479811563
#r 0 5.8673361190
44409895 -481121106
#r 0 2.5366651869
42944212 -480107740
#r 1 43425935 -480335491
677928845 -196320030
#r 0 2.8525238042
582077873 -167814047
#r 0 2.3362840678
512788997 -95709598
#r 0 2.2983633323
446283531 -21030129
#r 0 2.4812531668
367305127 40308372
#r 0 5.5486076689
404410823 6794683
#r 0 5.6300570016
424374565 -8480621
#r 0 6.0248986236
436580115 -11705179
#r 1 437264372 -12141312
134234208 -184258840
#r 0 3.4381011568
38597961 -213477126
#r 0 6.1916818490
138179609 -222614708
#r 0 3.8500911216
62245632 -287684141
#r 0 2.0349203559
17481665 -198262738
#r 0 1.6888644368
5702266 -98958933
#r 0 1.2524881595
36998282 -3982308
#r 0 1.6171929467
32360284 95910079
#r 0 4.5303614828
14257890 -2437790
#r 0 3.8498529367
-61691583 -67489135
#r 0 0.3341980837
32775782 -34687962
#r 0 3.8993035438
-39865331 -103414003
#r 0 1.4076933462
-23627253 -4741186
#r 0 4.4989768017
-34217048 -53606881
#r 0 0.2113217749
-9711408 -48349817
#r 0 3.3830545627
-21879450 -51346401
#r 0 3.3887718622
-27960321 -52880844
#r 0 3.3495405468
-31041828 -53531036
#r 1 -30941106 -53529280
-222667336 -46611794
#r 0 0.5746860539
-138731036 7745336
#r 0 0.5872039387
-55481731 63148885
#r 0 0.1770929982
42954266 80765764
#r 0 3.7414576843
-39586916 24312657
#r 0 0.6846006364
-853333 55930841
#r 0 0.2995943011
23203868 63361913
#r 0 0.9223308816
31153353 73852325
#r 1 31457496 73525305
219528894 970092025
#r 0 4.2211914741
172360679 881915160
#r 0 4.3409670837
136066605 788733938
#r 0 1.2370222416
152447162 835974569
#r 0 0.9766159303
166462728 856719096
#r 0 3.9416134354
157448525 847437339
#r 0 4.2693004502
149395975 830468852
#r 0 0.9809131291
165065695 853877929
#r 0 3.6994645939
152776550 846209638
#r 0 6.1728973601
173014706 843968519
#r 0 3.2923907997
154253919 841117786
#r 0 0.9675495427
166915056 859496189
#r 0 4.0078940563
159688108 850993912
#r 0 4.2275954349
157061481 846007140
#r 1 156513678 845746208
-384209398 -106897359
#r 0 4.8299792131
-372477456 -206206782
#r 0 5.6432195210
-292265837 -265923582
#r 0 5.6172260158
-213633389 -327704955
#r 0 5.2226177541
-164795699 -414968235
#r 0 4.4464623546
-191076043 -511453174
#r 0 0.1068540786
-91646390 -500788088
#r 0 1.4038201295
-75026253 -402178905
#r 0 4.9110851454
-55287121 -500211383
#r 0 2.5670117682
-139229137 -445863080
#r 0 2.5774213698
-223732339 -392391509
#r 0 5.5767277646
-147665718 -457305831
#r 0 2.3990305261
-184502644 -423496944
#r 0 5.7200652708
-163335266 -436860004
#r 0 2.3447434251
-189546986 -410040999
#r 0 5.3973873011
-177684125 -424561702
#r 0 5.4981201809
-171000415 -431240962
#r 0 0.2227364625
-166365752 -430191236
#r 0 3.4092472733
-168657178 -430819625
#r 1 -169643456 -430696868
615373946 -411111791
#r 0 6.0803933317
713324754 -431252278
#r 0 0.6121479895
795166315 -373789605
#r 0 4.1441915690
741354958 -458076839
#r 0 0.4745522732
830304698 -412382815
#r 0 0.6546068906
909633431 -351498071
#r 0 4.0131323073
845268533 -428030155
#r 0 2.8823968873
748608891 -402399828
#r 0 0.0867540407
848232814 -393735302
#r 0 0.4230934877
934992059 -354668646
#r 0 3.3304286061
836769718 -373440213
#r 0 6.1025587637
921290471 -388875130
#r 0 3.0891021144
878390373 -386621210
#r 0 0.7831009149
893861211 -371221290
#r 0 3.9316265552
886179362 -378974693
#r 0 3.9339888546
882347422 -382860644
#r 1 881532610 -383337679
326662212 790338362
#r 0 3.5663600126
235548749 749127479
#r 0 1.8295042467
209965581 845799613
#r 0 1.3863485478
228305952 944103381
#r 0 4.5648028072
220953403 894646935
#r 0 1.1942199825
230159357 917926726
#r 0 4.2545805750
224627065 906698711
#r 1 224082289 907536214
340630368 -61653550
#r 0 2.1424179480
286530710 22448929
#r 0 2.2183173986
226209599 102207085
#r 0 3.2774716694
127131335 88660957
#r 0 0.7679764405
199063122 158129065
#r 0 3.4249969112
103052213 130166493
#r 0 3.1358918476
3053838 130736571
#r 0 4.2105297938
-45051792 43067601
#r 0 1.3666994765
-24783508 140992045
#r 0 4.5319915227
-33754538 91803422
#r 0 0.6560260928
-13932853 107061301
#r 0 1.6723434441
-17539635 142457439
#r 0 1.9426490579
-36274899 190497053
#r 0 1.6637778347
-43131251 264023304
#r 0 1.7320799788
-60873043 373071488
#r 0 1.8851301269
-111947432 530168993
#r 0 0.6528232855
83338386 679497982
#r 0 6.0415737197
398534996 601825507
#r 0 5.7335489596
702710248 415486234
#r 0 1.1461002150
791311670 611412987
#r 0 4.4628933267
666471627 121469069
#r 0 1.7630812064
598073312 472787673
#r 0 1.1176271879
710512909 703684166
#r 0 3.5144122751
243166154 520899933
#r 0 0.5128922996
461791181 644021269
#r 0 0.0941595095
589113447 656045428
#r 0 2.6318652112
532196614 687861991
#r 0 5.8216373677
561388163 673342752
#r 0 5.7784630953
575690082 665441658
#r 0 3.1479182132
567497630 665389835
#r 0 0.0896661762
571577481 665756643
#r 1 570868877 665517255
-936931568 -253662529
#r 0 0.5990049605
-854341863 -197280434
#r 0 5.5659343563
-778980306 -263011977
#r 0 2.3746238600
-814981181 -228314182
#r 0 2.5426277916
-835680137 -214184696
#r 0 2.3593855123
-844610845 -205310803
#r 0 5.9695783973
-838610202 -207256866
#r 0 3.0386970659
-847875099 -206300170
#r 0 6.1874248052
-843239356 -206745453
#r 0 0.1550043232
-840938617 -206385945
#r 0 3.4522563699
-842122099 -206765913
#r 1 -842250697 -206899543
-55698254 -527054964
#r 0 1.7482980681
-73355366 -428626176
#r 0 1.7419202246
-90384360 -330086776
#r 0 5.0262111167
-59514725 -425202840
#r 0 2.8450606331
-155150285 -395982305
#r 0 5.9812859991
-107411611 -410849013
#r 0 6.0808751904
-82920780 -415872479
#r 0 5.8584518995
-71441582 -421064084
#r 0 2.7503514438
-77264885 -418661933
#r 0 5.8077226727
-74464591 -420103685
#r 1 -73867783 -420446291
-176767589 -188188183
#r 0 4.0739676173
-236360437 -268491934
#r 0 3.8670291755
-311181425 -334838146
#r 0 3.9218545544
-382254357 -405184704
#r 0 0.7452646763
-345508936 -371276387
#r 0 4.1990318640
-357801573 -393080559
#r 0 1.1909965002
-353161719 -381457114
#r 0 4.6548578562
-353527883 -387814707
#r 0 1.5584536197
-353488584 -384630886
#r 1 -353396516 -384229688
133207554 429148051
#r 0 3.5654449587
42056419 388020559
#r 0 1.8657141628
12990296 483703162
#r 0 2.6135810831
-73390762 534084833
#r 0 3.0209740741
-172664201 546117465
#r 0 1.0637016703
-124100244 633533379
#r 0 1.2200924765
-89744354 727446492
#r 0 0.9451799010
-31184648 808506722
#r 0 4.0716083200
-61075719 768425257
#r 0 4.1666309412
-74055357 747051992
#r 0 0.8478288477
-65748756 756466366
#r 0 4.0963048957
-69376193 751342967
#r 1 -69892703 751567045
420725815 -425022251
#r 0 3.4802561069
326405861 -458244927
#r 0 4.2876225826
285195066 -549358430
#r 0 1.3503594486
307060661 -451778228
#r 0 3.3510078158
209245395 -472567015
#r 0 3.2275200003
109614343 -481149179
#r 0 3.7258165746
26200304 -536304398
#r 0 4.9533374613
50062685 -633415606
#r 0 4.8738281158
66136564 -732115304
#r 0 2.5614167583
-17500060 -677298198
#r 0 5.1199540609
22137443 -769107066
#r 0 3.7927313514
-57401973 -829716317
#r 0 3.5416214451
-149506951 -868660803
#r 0 0.4654480650
-104825924 -846219641
#r 0 0.1656572578
-80062904 -842079526
#r 0 3.0655199235
-92932615 -841098599
#r 0 6.0283415407
-74880467 -845801327
#r 0 2.9338506842
-84007242 -843877558
#r 0 2.7328703705
-88296236 -842019939
#r 0 2.9792289084
-90628669 -841637873
#r 0 2.9070173437
-91779375 -841362883
#r 1 -91760896 -841336116
-984543034 144270826
#r 0 0.4755900382
-895640762 190057134
#r 0 0.2392105121
-798488228 213750703
#r 0 1.0669941274
-750212347 301326038
#r 0 4.5285132226
-768496483 203011795
#r 0 3.9211793190
-839616900 132713244
#r 0 4.2269199917
-886279221 44267623
#r 0 1.7982997466
-908833819 141690875
#r 0 5.0076782900
-894282987 93854977
#r 0 4.8372173476
-891156112 68935825
#r 0 0.9243662252
-883582986 78971950
#r 0 4.0331664932
-887532037 74080734
#r 0 4.2735867215
-888868881 71232253
#r 1 -888544374 72094636
366737756 485628537
#r 0 2.7264841425
275230500 525957460
#r 0 5.7535200843
318379312 500695237
#r 0 0.1362126102
343470333 504134246
#r 0 5.3532735744
352357992 492219211
#r 0 0.0671136962
360249272 492749621
#r 0 0.2816461091
364876386 494088418
#r 0 5.4079079688
367651696 490763328
#r 0 5.4922714990
369485452 488909231
#r 0 0.3583557776
371489201 489659689
#r 0 5.3208008508
373269936 487103210
#r 0 5.2473397597
374976887 484222702
#r 0 0.2993772702
378970106 485455225
#r 0 0.4188230243
384558209 487942834
#r 0 5.8303657118
392637720 484011850
#r 0 4.8071503238
393865427 471094877
#r 0 5.2398286381
401610456 457798299
#r 0 4.9092517953
405973804 435920959
#r 0 0.5349415370
433213870 452062722
#r 0 4.6039498229
429184062 415046577
#r 0 4.4596740366
417402362 369422789
#r 0 1.3048427321
423594685 392154699
#r 0 0.8441226819
431422616 400960566
#r 0 4.1573956151
427664819 394899571
#r 0 3.5114194071
418245719 391248126
#r 0 0.3956746417
422906509 393194957
#r 0 0.3177141799
425307240 393984448
#r 1 425543680 394286089
-649282821 -270779598
#r 0 5.0659041847
-614663044 -364595754
#r 0 4.9390419565
-592191307 -462038153
#r 0 4.8961713959
-573916348 -560354102
#r 0 6.0173204228
-477429786 -586628488
#r 0 2.8223805155
-524903934 -570937558
#r 0 3.0413576134
-549849124 -568428768
#r 0 2.8643130995
-562057132 -564954232
#r 0 2.8046489997
-568059576 -562851565
#r 0 2.5038415670
-570617330 -560956131
#r 1 -570883275 -561392022
411724544 245564399
#r 0 3.1067099878
311785378 249051958
#r 0 2.5068868740
231260759 308346020
#r 0 6.1499943566
330375078 295066270
#r 0 0.7742082129
401872562 364981289
#r 0 0.7537337264
474786434 433417882
#r 0 0.7540149351
547681058 501874976
#r 0 1.7677126201
528116443 599942431
#r 0 0.3241769683
622907764 631795304
#r 0 0.3814433653
715720593 669021352
#r 0 3.9472002884
646453282 596896185
#r 0 5.0950830401
683795382 504129987
#r 0 1.3902527418
701751817 602504610
#r 0 1.6465591491
694182781 702217747
#r 0 4.9405543503
716801863 604809446
#r 0 5.5162801079
788808026 535418434
#r 0 2.9491820359
690653414 554540992
#r 0 1.5295097624
694780898 654455775
#r 0 5.5146792462
766675883 584949580
#r 0 4.6960504351
765042101 484962927
#r 0 1.2976534715
792018012 581255711
#r 0 4.7063926208
791418380 481257509
#r 0 1.8938294885
759673951 576085201
#r 0 5.2975751043
814909406 492724272
#r 0 2.2027670403
785372606 533067516
#r 0 2.6013971585
763885534 545953214
#r 0 5.9508369632
778265536 540989944
#r 0 4.0363294592
765840051 525500002
#r 0 0.9745882884
771415207 533715863
#r 0 0.7119906836
775197477 536979947
#r 0 0.9982767663
776565146 539101914
#r 1 776367262 538774124
795592083 -315379132
#r 0 4.5868452101
783070659 -414592105
#r 0 2.3902390282
709994107 -346329248
#r 0 1.2036591312
745888595 -252993372
#r 0 4.7531816135
749966727 -352910182
#r 0 5.1768536447
794761151 -442316331
#r 0 2.1481152529
767472184 -400419885
#r 0 5.6796644816
788315977 -414787887
#r 0 2.5000427436
778174752 -407212841
#r 0 2.5922882080
772769010 -403903724
#r 0 2.9854913488
769637636 -403410903
#r 0 0.3963355428
771340819 -402698154
#r 1 770871850 -402977037
-521849662 466816098
#r 0 4.7860391329
-514491303 367087193
#r 0 4.2828906549
-556132778 276169716
#r 0 3.0886531458
-655992681 281461194
#r 0 4.1533242499
-709032036 196686040
#r 0 2.2196913299
-769462673 276361244
#r 0 5.2283773742
-744792933 232870970
#r 0 1.9458215219
-753950332 256133430
#r 0 2.1882362438
-761329369 266525691
#r 0 2.8426917278
-767427816 268404820
#r 0 5.9050779104
-764462495 267226936
#r 1 -763737532 267422307
-558514126 -706353026
#r 0 6.1078447912
-460047406 -723797370
#r 0 6.2308503266
-360184322 -729028479
#r 0 5.1444256069
-318312206 -819839965
#r 0 2.0518668943
-341448631 -775514963
#r 0 1.9196221272
-350014011 -751964187
#r 0 2.1380592100
-356754621 -741384270
#r 0 1.6938545586
-357541617 -735021272
#r 0 4.9630401843
-356746481 -738126837
#r 1 -357134974 -737521478
-218018041 -776753981
#r 0 0.9384979156
-158918003 -696086853
#r 0 5.3552848394
-98966434 -776123153
#r 0 5.4662644636
-30519506 -849027323
#r 0 5.8093311796
58462113 -894659236
#r 0 5.0860900412
94968468 -987757496
#r 0 1.7941241526
72820865 -890240914
#r 0 4.9804234987
86062697 -938455579
#r 0 5.1622645450
96955737 -961013053
#r 0 1.7294287619
94837531 -947772327
#r 0 4.5715012951
92030116 -967566925
#r 0 1.4055058396
93674903 -957706824
#r 0 1.4624103408
94215897 -952735023
#r 1 94746681 -952305952
517252615 315449462
#r 0 6.2021938085
616924813 307359164
#r 0 1.9126144424
583404755 401573843
#r 0 2.0241414635
539607234 491472548
#r 0 1.2897906031
567339440 587550249
#r 0 3.1966590042
467491017 582046396
#r 0 5.5821483544
543908392 517545351
#r 0 0.8705757650
608347029 594015359
#r 0 0.4619873477
697863874 638588159
#r 0 1.3461730476
712319171 701855682
#r 0 4.4366037417
703483241 670632933
#r 0 4.5597125983
701009311 654555282
#r 0 4.2519813353
697393936 647265580
#r 0 1.2711305448
698676604 651417011
#r 1 698623917 650578601
-836634468 79323631
#r 0 4.7340038630
-834473148 -20653010
#r 0 4.8641422509
-819355999 -119503765
#r 0 1.5302840821
-815305883 -19585816
#r 0 4.6088056241
-820475794 -69317817
#r 0 4.8050363116
-818153744 -94309393
#r 0 5.4739368516
-809451258 -103437217
#r 0 2.2893204478
-813602178 -98690380
#r 0 2.3638038893
-815852654 -96473895
#r 0 2.2509559302
-816846068 -95245828
#r 1 -816578414 -95744942
-478957491 -425697431
#r 0 1.2720062682
-449521082 -330128096
#r 0 1.3157715567
-424294144 -233362391
#r 0 0.2151047744
-326598740 -212017412
#r 0 1.2908366101
-298967047 -115910755
#r 0 0.3509796495
-205063413 -81528965
#r 0 0.7383811117
-131107494 -14219812
#r 0 1.2931416817
-103697407 81950283
#r 0 0.5906742579
-20640871 137642399
#r 0 0.2346061787
76619725 160888396
#r 0 2.0025585487
34772530 251711368
#r 0 1.8947368052
2942075 346510219
#r 0 1.4136842650
18588724 445278546
#r 0 1.7089124785
4820979 544326258
#r 0 2.1636256154
-51049997 627262583
#r 0 4.0510631979
-112466364 548344715
#r 0 5.5860032274
-35800914 484138728
#r 0 2.4308651623
-73695287 516757992
#r 0 2.5038529165
-93785060 531645247
#r 0 2.4422766223
-103372980 539709837
#r 0 5.3367160823
-99707852 534622645
#r 0 2.2906491962
-101774670 536979853
#r 1 -101921546 537641686
744680137 283363242
#r 0 0.3537665087
838487590 318006594
#r 0 3.3666178047
789748165 306850050
#r 0 3.6015055144
766978114 295571128
#r 0 4.1967452222
760710606 284513262
#r 0 0.9062481138
765666333 290839033
#r 0 4.1990919241
760196512 281135527
#r 0 1.1591251846
762425096 286239707
#r 0 0.7323826103
764517045 288120824
#r 0 1.3599415947
764825881 289563738
#r 1 764713716 289607894
787479252 -388621533
#r 0 1.9309231149
752239963 -295036318
#r 0 1.2111938329
787430181 -201432640
#r 0 1.1441412438
828812987 -110397134
#r 0 1.1998070987
865066741 -17200217
#r 0 0.9977973628
919282186 66827668
#r 0 1.0735586563
966982140 154718022
#r 0 1.3460309866
978626100 205647648
#r 0 4.5830747940
975257578 179743880
#r 0 3.7893451675
964747847 171791544
#r 0 0.7271716031
969670697 176172077
#r 0 0.5835966832
972437463 177999031
#r 0 0.0989343465
974087482 178162809
#r 1 973718878 178441878
734374273 161323653
#r 0 2.1738260181
677660234 243685767
#r 0 2.1312298337
624504890 328388243
#r 0 2.1238144973
571979099 413482551
#r 0 1.6918088127
559907364 512751243
#r 0 2.5187130008
478687174 571088887
#r 0 5.6943996514
520267957 543321309
#r 0 5.7380438120
541669136 530342774
#r 0 4.9262289035
544357843 517961555
#r 0 0.7929199671
550112073 523803008
#r 0 3.9324460465
547228928 520888234
#r 0 4.1099976933
546067418 519199140
#r 1 546484807 520093818
-835925574 -325109799
#r 0 0.6712141959
-757618865 -262916075
#r 0 0.9492285187
-699387820 -181619424
#r 0 0.9105048428
-638053110 -102638076
#r 0 0.9255526174
-577913793 -22742753
#r 0 0.8877040599
-514794345 54819708
#r 0 0.8265866157
-447055278 128382055
#r 0 0.6651601787
-368373484 190100572
#r 0 0.8671346081
-303672084 266348384
#r 0 0.8556304860
-238097821 341846834
#r 0 0.6337600098
-157517160 401064712
#r 0 0.7921163939
-87283125 472248841
#r 0 0.6326657584
-6637713 531378508
#r 0 1.0415826498
43847761 617698940
#r 0 4.1180408297
15849321 576273255
#r 0 4.1886154427
3292621 554533188
#r 0 4.1445485416
-3482275 543912996
#r 0 0.8878482038
492640 548798891
#r 2 468176 549618358
