701687785 -541700890
#r 0 2.6405804705
613978100 -493669533
#r 0 2.3409359201
544354555 -421888184
#r 0 5.0968896575
581864187 -514586768
#r 0 0.1330316183
680980621 -501322810
#r 0 1.9002488016
648628121 -406700848
#r 0 4.1022206340
591327577 -488656005
#r 0 5.7075808981
675213922 -543090196
#r 0 2.3762457486
603099715 -473811475
#r 0 2.8197284421
508234980 -442177916
#r 0 6.1235450748
606963434 -458074218
#r 0 4.6997834767
605702917 -558066273
#r 0 2.7437007529
513514929 -519318694
#r 0 3.2357806354
413958170 -528723572
#r 0 0.2010371030
462951170 -518739290
#r 0 3.2144056962
438017413 -520558008
#r 0 0.1345850655
450404376 -518880769
#r 0 1.2296933033
452503128 -512968431
#r 0 0.0179727048
458470086 -512861177
#r 0 0.6392859588
461435954 -510656249
#r 0 0.5428102502
464956825 -508532262
#r 0 4.3765614556
463242797 -513442824
#r 0 1.7320493632
462816966 -510824988
#r 0 6.2565742124
466773284 -510930295
#r 0 0.7066923739
470079310 -508107631
#r 0 0.5339577614
475588469 -504850363
#r 0 5.6373571379
483086436 -510501149
#r 0 0.5757676735
492210359 -504578481
#r 0 0.6933513374
504710611 -494190947
#r 0 2.4538851278
485995586 -478816754
#r 0 0.2597247798
508270639 -472897674
#r 0 6.0844430750
539867036 -479261217
#r 0 1.1617842598
557058862 -439599104
#r 0 4.7159031236
557274913 -501079263
#r 0 1.5680534063
557359231 -470339110
#r 0 1.6753967846
555754375 -455052385
#r 0 1.0593574690
559549494 -448290472
#r 0 4.2462948357
557807141 -451753968
#r 0 4.1021930930
556694028 -453345925
#r 1 556693022 -453043221
-499127383 633119407
#r 0 0.0267754818
-399163227 635796635
#r 0 1.1355390207
-356998854 726472793
#r 0 4.0032415851
-422117549 650581057
#r 0 2.9677695258
-520610625 667875969
#r 0 5.6939453243
-437474297 612303036
#r 0 2.5949778514
-480188748 638292949
#r 0 5.8764739822
-457228080 628403173
#r 0 2.7283580627
-468675913 633422844
#r 0 2.7342724233
-474414817 635898888
#r 0 6.0675334237
-471361916 635230125
#r 0 3.2149213329
-476020921 634887873
#r 0 6.2437778108
-473686955 634795850
#r 0 0.4392499178
-472616596 635298774
#r 1 -472604872 635288130
-483608482 -622730427
#r 0 0.3085340410
-388330507 -592364204
#r 0 0.1922802124
-290173403 -573254446
#r 0 3.2310013103
-339973687 -577718925
#r 0 3.5510674779
-363148148 -587776802
#r 0 2.7406291639
-374931441 -582781518
#r 0 5.6262191325
-368409342 -587811720
#r 0 2.6109771227
-371961335 -585727609
#r 0 5.7330041847
-370206066 -586804211
#r 1 -370425907 -586564496
-400050622 -282770132
#r 0 3.3546871211
-497788738 -303918670
#r 0 3.2622654600
-597061525 -315956685
#r 0 1.7503735397
-614922885 -217564755
#r 0 5.0986275251
-577252212 -310198013
#r 0 3.3124858267
-675795538 -327204271
#r 0 5.1557852622
-632894559 -417534255
#r 0 2.0679611832
-656741336 -373587341
#r 0 1.0765478408
-644847853 -351515686
#r 0 4.2715860020
-650196568 -362853430
#r 0 4.2051090215
-653250274 -368347753
#r 0 1.0210534783
-651608180 -365667884
#r 1 -651924625 -365941648
301295572 728310821
#r 0 4.1599358583
248817872 643186847
#r 0 2.6521284857
160559381 690202151
#r 0 0.4740162624
249533600 735848491
#r 0 3.6587612639
206072472 711127440
#r 0 4.6939960523
205611819 686085174
#r 0 1.9468919976
197303649 707124238
#r 0 0.9289275561
209413315 723325488
#r 0 0.3214530938
237413750 732649713
#r 0 3.5149578757
223674305 727267427
#r 0 0.2785497728
230767950 729296102
#r 0 3.6874063393
227586731 727363957
#r 0 2.1309501603
224622415 732090499
#r 0 2.3503803871
220122071 736643480
#r 0 5.7222675013
227635816 731923129
#r 0 3.5248346944
223089007 730089961
#r 0 1.0776754863
226533217 736498944
#r 0 0.1381661248
232248895 737293721
#r 0 0.2675941282
235598138 738211982
#r 0 5.3954937036
237444755 735942880
#r 0 4.3966016184
236933361 734377648
#r 0 4.9948684921
237183315 733516454
#r 0 2.3151387768
236879512 733846286
#r 0 5.6757851761
237417527 733472336
#r 0 2.2189406333
237169213 733800239
#r 0 6.2683705699
237757261 733791527
#r 0 0.2120635196
238340089 733917010
#r 0 3.5386174978
237616261 733613516
#r 0 1.1807604284
237803491 734068957
#r 0 5.3423855667
238237036 733474335
#r 0 2.6354810876
237727453 733756779
#r 0 0.1288041286
238298014 733830679
#r 0 2.9474238125
237574211 733973012
#r 0 0.2608928446
238218153 734144930
#r 0 0.2695533471
239036429 734371001
#r 0 0.3862924121
240132056 734816623
#r 0 2.3010342119
238972628 736111573
#r 0 1.0383172630
239936353 737747078
#r 0 0.4047753557
242550262 738866964
#r 0 0.9974876003
244737444 742254547
#r 0 3.0404521808
238729075 742864317
#r 0 0.1385879175
243829173 743575689
#r 0 3.4485255113
237790134 741661622
#r 0 1.2096574449
239383655 745880594
#r 0 0.1228355880
246021620 746700098
#r 0 6.2096278596
254238102 746094622
#r 0 4.7649867577
254804229 735341223
#r 0 5.6349460048
261818146 730028672
#r 0 0.2939868896
273563986 733584841
#r 0 2.8490807224
256250864 738798696
#r 0 2.4048468104
248912668 745455466
#r 0 3.3434363854
240481959 743730288
#r 0 2.7181992900
235240814 746092204
#r 0 5.1794683221
238306544 740012989
#r 0 3.4328973519
234754186 738947871
#r 0 0.1760922519
236579811 739272714
#r 0 4.7356859797
236601693 738333606
#r 0 1.2265188525
237005545 739459933
#r 0 5.4209788659
237465528 738923246
#r 0 1.3609650156
237608891 739596417
#r 0 5.5707846601
237916361 739330852
#r 0 2.7919399509
237547214 739465456
#r 0 5.6164779443
237915056 739175998
#r 0 5.4834596953
238237033 738844660
#r 0 5.4937953145
238649175 738429215
#r 0 0.3073250457
239421420 738674310
#r 0 0.1049828582
240287687 738765589
#r 0 2.5479561278
239317388 739420381
#r 0 1.1610030057
239550811 739957746
#r 0 2.3468701221
239114588 740402181
#r 0 5.1820306112
239317538 740002291
#r 0 3.1466649982
238812020 739999727
#r 0 0.2875916042
239054460 740071439
#r 0 0.1755556129
239423793 740136952
#r 0 4.7268649379
239431929 739574959
#r 0 2.3020927923
239028681 740024383
#r 0 3.7141158535
238725152 739828748
#r 0 4.2197439443
238616996 739627262
#r 0 2.6189344661
238402477 739750846
#r 0 5.6393843523
238501483 739676545
#r 0 2.9322935894
238440060 739689592
#r 0 3.0229770014
238346923 739700692
#r 0 4.0618645505
238262176 739589334
#r 0 5.5767962764
238397902 739473523
#r 0 3.4801139127
238271671 739429080
#r 0 5.4972615806
238412365 739288238
#r 0 0.3786490359
238596336 739361430
#r 0 4.4168658951
238557509 739233893
#r 0 4.9116417280
238596883 739038909
#r 0 4.7275858531
238601356 738744595
#r 0 5.2955710125
238844428 738376150
#r 0 5.6694690863
239364209 738009983
#r 0 3.7906797245
238654586 737471546
#r 0 0.2524880569
239698427 737740851
#r 0 2.2764898026
238993309 738568388
#r 0 0.2997270494
239530136 738734287
#r 0 5.1910706379
239824280 738167466
#r 0 0.1986515473
240752824 738354388
#r 0 5.6102420913
241724977 737579527
#r 0 4.2066886749
240823488 735951489
#r 0 5.1496247237
241731163 734009556
#r 0 4.7749395245
538670319 187274473
#r 0 2.1013034496
488073236 273529532
#r 0 5.7343418807
573386084 221359445
#r 0 2.3887021819
500414528 289734529
#r 0 5.1384246302
541740936 198673407
#r 0 4.1576968943
489072778 113667142
#r 0 3.7357554119
406211029 57685622
#r 0 3.3343634530
308063311 38527712
#r 0 4.8056967705
317380556 -61037287
#r 0 2.3395113214
247859341 10843174
#r 0 6.1470025347
346933486 -2733049
#r 0 2.9198738044
298157441 8262287
#r 0 3.1817476219
272995605 7251371
#r 0 6.0309533352
285289676 4082933
#r 0 2.9450432645
279064001 5322590
#r 0 2.9847533690
275919307 5819886
#r 0 6.0774766832
277477629 5494726
#r 1 277399081 5668637
-356518068 -65592954
#r 0 1.7941786028
-378670980 31922422
#r 0 4.5852853353
-391347149 -67270898
#r 0 5.2019994039
-344318937 -155522512
#r 0 0.4218390938
-253085188 -114578610
#r 0 2.2211718486
-313633719 -34992962
#r 0 2.5163682977
-394716902 23534958
#r 0 5.1550978547
-351878026 -66824495
#r 0 1.8991933336
-368004332 -19496467
#r 0 2.0153981355
-378896240 3365785
#r 1 -378677985 4275466
-276446552 932869643
#r 0 5.6023802054
-198739930 869927758
#r 0 4.9379082847
-176378675 772459946
#r 0 0.0091750115
-76382884 773377434
#r 0 3.7458128549
-158677421 716565382
#r 0 0.1924669355
-60523887 735693468
#r 0 0.9612995483
-3278395 817687087
#r 0 1.6052950220
-6727580 917627585
#r 0 3.2763565802
-105820888 904191947
#r 0 3.8024753433
-184765961 842810554
#r 0 5.9907478329
-89011558 813981847
#r 0 0.8938946363
-26373473 891933565
#r 0 1.4330741477
-12644751 990986693
#r 0 4.6196956018
-17272786 941201342
#r 0 4.5179271423
-22113533 916622871
#r 0 4.1326541895
-28975882 906142634
#r 0 1.0615431654
-25922253 911611377
#r 0 1.0375882167
-24322496 914321752
#r 1 -24692122 913644787
-550539604 -271667289
#r 0 0.1333014813
-451426753 -258376584
#r 0 5.9340785137
-357458891 -292582446
#r 0 1.9554661789
-394984205 -199890209
#r 0 5.7456055866
-309089153 -251096068
#r 0 5.9531371176
-214486480 -283504930
#r 0 2.8058845082
-261695343 -267033037
#r 0 2.8556821247
-285681243 -259982033
#r 0 6.0980784946
-273394392 -262282751
#r 0 3.0017916656
-279583613 -261411810
#r 0 6.1627848701
-276481138 -261787165
#r 0 2.9493079456
-278014890 -261488559
#r 1 -278345761 -261478191
-618319202 -169265767
#r 0 5.1600317932
-575035021 -259412756
#r 0 1.6668453119
-584625158 -159873672
#r 0 5.3026636765
-528966232 -242952454
#r 0 3.6345578968
-617059578 -290276469
#r 0 0.3672805048
-570394213 -272322537
#r 0 0.3761322977
-546777929 -262995642
#r 0 5.2462457312
-539955703 -274537033
#r 0 3.3228388678
-556402712 -277551067
#r 0 0.4125907966
-536177013 -268697977
#r 0 0.5641156485
-524880120 -261550458
#r 0 0.6546831267
-517327837 -255753172
#r 0 3.4003485754
-525690157 -257966593
#r 0 1.9519774944
-528548625 -250834384
#r 0 0.3933346141
-524903502 -249321810
#r 0 0.3865758990
-521404870 -247897664
#r 0 2.7345281471
-525553182 -246109138
#r 0 5.1931568981
-524478185 -248170150
#r 0 4.9546791915
-523652554 -251510818
#r 0 1.9225159122
-524245319 -249895560
#r 0 0.6265237171
-523540131 -249385143
#r 0 1.4623360447
-523457052 -248622165
#r 0 2.0133954530
-523696188 -248117615
#r 0 1.2648608616
-523578160 -247743933
#r 0 1.0266696952
-523320400 -247317921
#r 0 1.6715244153
-523392682 -246602753
#r 0 1.1411780648
-522995614 -245736093
#r 0 3.4702964727
-524344334 -246196111
#r 0 1.9552564041
-524715374 -245279043
#r 0 0.1148820398
-523274525 -245112783
#r 0 4.8465562218
-523054764 -246740904
#r 0 3.6678298149
-523926879 -247247493
#r 0 6.0652886975
-523402177 -247363668
#r 0 0.4139177260
-522786608 -247093251
#r 0 3.4300178661
-523108895 -247188873
#r 0 5.4942825198
-522988609 -247310006
#r 0 1.3261165772
-522938097 -247107700
#r 0 0.2741531689
-522682998 -247035957
#r 0 1.6503976641
-522714420 -246642046
#r 0 2.8652947445
-523193949 -246506075
#r 0 2.8691056057
-523618924 -246387321
#r 0 1.7043520584
-523685511 -245891716
#r 0 6.0293719540
-522960037 -246079910
#r 0 3.5767657901
-523575644 -246366104
#r 0 5.3648601708
-523268264 -246768376
#r 0 2.7491005935
-523550149 -246651684
#r 0 5.0396060129
-523433285 -246995990
#r 0 0.6696886910
-523288638 -246881466
#r 0 2.6169413317
-523503017 -246757393
#r 0 0.0721430993
-523196514 -246735243
#r 0 2.8861392176
-523516396 -246651703
#r 0 1.7171077573
-523568958 -246295021
#r 0 3.6553725564
-524039929 -246560805
#r 0 5.0873982569
-523852148 -247037845
#r 0 5.3975112079
-523676382 -247252937
#r 0 5.9631675891
-523536030 -247299451
#r 0 5.0301148108
-523512840 -247369966
#r 0 3.3954087259
-523566485 -247383882
#r 0 6.0656463382
-523485663 -247401747
#r 0 0.0201626640
-523439792 -247400822
#r 0 0.6022546522
-523418008 -247385847
#r 0 3.3619674485
-523431303 -247388825
#r 0 5.1487039566
-523423171 -247406265
#r 0 2.7797772266
-523445378 -247397860
#r 0 1.0393726775
-523431418 -247374112
#r 0 5.1116575908
-523425383 -247388416
#r 0 0.3194925435
-523409278 -247383088
#r 0 4.8898363295
-523407453 -247393264
#r 0 2.1663379149
-523415885 -247380821
#r 0 1.2016315907
-523411924 -247370583
#r 0 0.4789589417
-523406621 -247367829
#r 0 0.0288751326
-523403579 -247367741
#r 0 1.8893018085
-523404253 -247365696
#r 0 5.2357847025
-523403528 -247366953
#r 0 4.9219529009
-523403159 -247368689
#r 0 1.0465405629
-523401879 -247366475
#r 0 4.8072761771
-523401745 -247367880
#r 0 5.2677758156
-523400629 -247369679
#r 0 4.9505065960
-523399897 -247372694
#r 0 2.7398741575
-523404180 -247370874
#r 0 5.1318383000
-523402657 -247374289
#r 0 3.5277784612
-523407581 -247376291
#r 0 0.4069425136
-523405141 -247375239
#r 0 0.3122589743
-523403876 -247374831
#r 0 0.4800585180
-523403284 -247374523
#r 0 5.1483722822
-523403143 -247374826
#r 0 0.6724120236
-523402860 -247374601
#r 0 1.6155642500
-523402868 -247374415
#r 0 1.7368019953
-523402888 -247374295
#r 0 5.9376686687
-523402780 -247374334
#r 0 0.3742150368
-523402719 -247374310
#r 0 0.2642480686
-523402688 -247374302
#r 0 3.3879793896
-523402704 -247374306
#r 0 1.3485924857
-523402702 -247374299
#r 0 1.3932695674
-523402700 -247374289
#r 0 5.9080971784
-523402687 -247374294
#r 0 3.4989108340
-523402703 -247374300
#r 0 0.4829522538
-523402696 -247374296
#r 0 3.4917695422
-523402700 -247374297
#r 0 5.0341450657
-523402699 -247374299
#r 0 3.5387638408
-523402701 -247374300
#r 0 0.0739280043
755102565 -188650360
#r 0 6.2416848793
855016463 -192799212
#r 0 3.5312974872
762514339 -230790752
#r 0 0.8612975999
827659693 -154921899
#r 0 0.6869603789
904977421 -91502904
#r 0 1.0723988411
952779280 -3667932
#r 0 2.5559039453
869446122 51609412
#r 0 3.4504934958
774179292 21208243
#r 0 5.4129986825
838647681 -55236683
#r 0 1.5790747975
837819843 44759890
#r 0 1.4349601620
851361725 143838735
#r 0 4.2057577239
802838282 56400325
#r 0 4.4317720386
775143431 -39688151
#r 0 1.5313851614
779083527 60234197
#r 0 0.7020386049
855436256 124811753
#r 0 2.8457541454
759780454 153965956
#r 0 4.7625992848
764799375 54091983
#r 0 1.8491120773
737325715 150243936
#r 0 1.9984168203
695855042 241239448
#r 0 5.0801004171
713829081 194581825
#r 0 4.8307852593
716792654 169667928
#r 0 1.2001915081
721911113 182840850
#r 0 4.2840958525
718976390 176412902
#r 1 718798276 175683602
380790345 -501424583
#r 0 6.2715865569
480783619 -502584432
#r 0 1.9876910205
440291312 -411149356
#r 0 0.4726251618
529328944 -365626833
#r 0 0.4283393019
620294623 -324090762
#r 0 0.6973367260
696950143 -259872920
#r 0 1.4907435716
704946871 -160193171
#r 0 1.7140052822
690674876 -61216860
#r 0 0.7873344271
761248507 9630600
#r 0 0.2294801094
858626986 32377729
#r 0 3.4144070096
810476166 18905590
#r 0 3.2833850357
785680634 15366020
#r 0 3.4082132802
773575854 12059923
#r 0 0.1976793579
779727739 13292116
#r 1 779174871 13182839
-579009961 358478730
#r 0 1.5162041523
-573553455 458329752
#r 0 5.8811565977
-481526547 419201142
#r 0 2.5617744637
-565182774 473988327
#r 0 4.5911650943
-577275494 374722189
#r 0 4.6839525678
-580118752 274762618
#r 0 4.8478604584
-566613004 175678842
#r 0 0.2594191128
-469959089 201330756
#r 0 2.5366317590
-552211523 258203747
#r 0 2.8018024250
-646493983 291532679
#r 0 3.2478606717
-745929870 280925867
#r 0 5.3438371899
-686898437 200208521
#r 0 2.0823908277
-711376848 243806771
#r 0 2.6140367247
-733285582 256571645
#r 0 1.6119346100
-733849860 270280515
#r 0 4.1712809633
-737996623 263380016
#r 0 1.0170906086
-735879942 266803872
#r 0 1.0175584363
-734822235 268516567
#r 1 -735085102 267836195
299350043 -849072587
#r 0 2.9286657667
201608384 -827940428
#r 0 1.1050841540
246514308 -738590230
#r 0 1.0312456502
297889363 -652796269
#r 0 3.4320076678
202076851 -681431258
#r 0 0.9645017674
259059489 -599254747
#r 0 3.2772795340
159978624 -612781838
#r 0 5.9621055558
254868145 -644340970
#r 0 5.7170093857
339263986 -697981832
#r 0 5.8105813002
428302581 -743502472
#r 1 428253043 -744248112
547958642 -796389549
#r 0 2.1774888036
490943309 -714235719
#r 0 1.0874661819
537416352 -625690497
#r 0 1.0609195854
586223319 -538410030
#r 0 0.9611297300
643482734 -456426133
#r 0 0.5499351911
728738574 -404162935
#r 0 4.5596793901
713526899 -502999188
#r 0 3.0796915332
613718425 -496813028
#r 0 4.7663000735
619106923 -596667743
#r 0 1.7635344819
609529570 -547593572
#r 0 1.5100056999
611077349 -522164123
#r 0 1.2538612941
615049136 -510054696
#r 0 1.5805937448
614983943 -503400833
#r 0 4.8060612857
615295144 -506713338
#r 1 614932999 -506585502
120566706 -818818612
#r 0 1.0405627566
171140191 -732549715
#r 0 3.1996440398
71308642 -738351594
#r 0 2.8085391682
-23196205 -705658570
#r 0 0.5747656174
60735769 -651294762
#r 0 1.3597462732
81684446 -553513614
#r 0 1.1584617003
121759383 -461894842
#r 0 1.3363164084
144993100 -364631311
#r 0 0.8705893123
209430701 -288160430
#r 0 0.6771997548
287363745 -225499113
#r 0 0.3121419218
382531542 -194789337
#r 0 1.9757276362
343135979 -102876391
#r 0 5.0930995232
361714991 -149296433
#r 0 5.0202757714
369295571 -173134807
#r 0 1.7946642181
366518911 -160939584
#r 0 1.9860912984
363978070 -155177269
#r 0 2.3093623209
361856980 -152847587
#r 0 5.4255333892
362887573 -154039009
#r 1 363141431 -154421062
137093106 -178832048
#r 0 1.6154125553
132632963 -78931562
#r 0 2.9312443697
34837138 -58051510
#r 0 2.8019726595
-59450994 -24738628
#r 0 5.6292612953
19919298 -85569186
#r 0 1.5749185415
19507078 14429964
#r 0 3.8710626492
-55045696 -52217496
#r 0 0.8781020836
8815583 24735327
#r 0 3.7597121328
-72681384 -33215035
#r 0 6.1768536957
26753828 -43828170
#r 0 3.3984265833
-69966079 -69230131
#r 0 0.8048311090
-642782 2841226
#r 0 4.0267384891
-32301614 -35859141
#r 0 3.2412357160
-57337468 -38362079
#r 0 0.2344644710
-45101352 -35439390
#r 0 6.1565179993
-38749344 -36248313
#r 0 3.2968951088
-41940206 -36747884
#r 0 0.0778165199
-40330227 -36622348
#r 1 -40184332 -36585976
-671832205 450572368
#r 0 0.0296252783
-571876085 453534463
#r 0 6.1935411553
-472277620 444582049
#r 0 3.4147052144
-568571221 417609055
#r 0 1.6333652151
-574824028 517413376
#r 0 4.9221347763
-554002901 419604989
#r 0 1.7912036520
-564934256 468395412
#r 0 4.7910513250
-562969502 443469887
#r 0 1.8584563853
-573592669 479375188
#r 0 4.8505916083
-570971167 460527570
#r 0 5.3032347690
-555090360 436852482
#r 0 2.1670138587
-563094236 448647201
#r 0 2.2286049768
-567451707 454287213
#r 0 5.2917876707
-565500556 451305213
#r 0 1.9956526784
-566239498 452938557
#r 1 -566638621 453223001
-468532303 -84888903
#r 0 0.5641157787
-384026133 -31422023
#r 0 0.0178571853
-284042077 -29636399
#r 0 4.4490562760
-310072058 -126189183
#r 0 2.4129415756
-384679386 -59602798
#r 0 4.9639974175
-359783179 -156454121
#r 0 2.1503460204
-414547901 -72783187
#r 0 5.6171897848
-335917691 -134567409
#r 0 1.0418805710
-285457936 -48231941
#r 0 0.2133439812
-187725100 -27059016
#r 0 6.2151828527
-87956228 -33854022
#r 0 2.5583231303
-171422869 21221562
#r 0 0.6348085460
-90904344 80523899
#r 0 0.1131094651
8456650 91810743
#r 0 1.4977614548
15753646 191544157
#r 0 1.1990661259
52076446 284714185
#r 0 6.2744475305
152072629 283840418
#r 0 6.2575331752
252039729 281275486
#r 0 1.6402440804
245100535 381034433
#r 0 0.3919444278
337517341 419233044
#r 0 5.8456690861
428098022 376863949
#r 0 4.8249890278
439334248 277497218
#r 0 3.7615645295
357944768 219395991
#r 0 6.2794553822
457944072 219022999
#r 0 0.6572384001
537112312 280116286
#r 0 3.6407919456
449315696 232244016
#r 0 0.4567342778
494190572 254294990
#r 0 0.4663699701
516560957 265556412
#r 0 3.4736212276
504722382 261474554
#r 0 0.4524154160
510353719 264211595
#r 1 510947659 264276850
242220329 -192797614
#r 0 2.0304670657
197855024 -103177752
#r 0 2.1583019296
142426364 -19945164
#r 0 1.2748169289
171594044 75706529
#r 0 1.6213012616
166545697 175579019
#r 0 4.7452982095
168190861 125606092
#r 0 4.6935743039
167720376 100602779
#r 0 5.3369345798
175086731 90382997
#r 0 2.0765878570
172034890 95893263
#r 0 2.5832953350
169326270 97585013
#r 1 169490382 97435383
474168597 127670696
#r 0 0.5437632042
559745378 179406704
#r 0 0.0597431838
659566969 185377469
#r 0 3.0354127594
560130148 195975518
#r 0 2.9598361920
461777376 214051256
#r 0 2.1173328985
409804232 299484226
#r 0 5.4936042587
480218518 228478393
#r 0 2.3565156614
444851826 263822374
#r 0 2.6539365467
422765540 275536524
#r 0 5.6231491147
433521091 267188464
#r 0 2.5230360624
427974854 271135900
#r 1 427685495 271896627
595496296 -707793242
#r 0 0.0979455049
695017013 -698014344
#r 0 6.2371773956
715177813 -698942555
#r 0 3.0264884240
705153509 -697783592
#r 0 0.6269576415
709258921 -694809363
#r 0 3.8596183134
707349963 -696476992
#r 1 706895435 -697011316
677928845 -196320030
#r 0 3.0077034926
578823822 -182971080
#r 0 2.2537968608
515711490 -105402829
#r 0 0.7508769468
588820573 -37174814
#r 0 3.9868938251
555645274 -74583363
#r 0 5.8595809105
578637755 -84950736
#r 0 2.3559883289
555249196 -61552531
#r 0 2.0703901002
541106355 -35639220
#r 0 1.3080475648
550748001 207728
#r 0 4.1942143447
523192103 -48124032
#r 0 2.2073125404
506024354 -24897466
#r 0 1.7940892278
497046422 14639039
#r 0 1.1792680062
520225719 70784643
#r 0 0.9176508591
573776746 140769557
#r 0 0.7621666743
665253312 228091617
#r 0 0.2687221986
841438685 276610064
#r 0 4.6705328924
830935290 25815941
#r 0 5.6677426310
970333111 -72745460
#r 0 2.4197455124
906262189 -16341184
#r 0 5.6087521835
939598323 -42993266
#r 0 2.9185147365
918740099 -38261505
#r 0 6.0551303589
929157306 -40679262
#r 0 2.7061135118
924309187 -38423581
#r 0 5.9129503769
926801621 -39390978
#r 1 927459321 -39837574
134234208 -184258840
#r 0 6.2511238221
234182815 -187464439
#r 0 5.7762193199
321604977 -236017148
#r 0 6.2131441734
421359789 -243015536
#r 0 3.2399335267
321842946 -252833780
#r 0 0.2801237403
417945069 -225186323
#r 0 3.4224949214
369904785 -239047456
#r 0 4.6053571819
367234094 -263904410
#r 0 1.5512862656
367477954 -251406782
#r 0 1.3114865311
369092761 -245319664
#r 0 1.3810974430
369689050 -242214116
#r 1 369943280 -242435253
-222667336 -46611794
#r 0 0.3271325163
-127970572 -14478900
#r 0 4.2672217824
-171031451 -104732768
#r 0 0.4707682070
-81909440 -59375662
#r 0 0.4287678497
9038431 -17800612
#r 0 1.8000735197
-13688938 79582480
#r 0 1.3552876988
7695494 177269255
#r 0 1.2783253398
36527410 273022692
#r 0 4.4755941779
24798006 224417949
#r 0 4.9257221612
30107351 199909080
#r 0 1.8704107396
26406537 211889164
#r 0 1.7901927036
25031961 218053578
#r 0 4.9049573677
25636322 214954044
#r 0 5.0671429511
26185181 213472345
#r 1 26082110 213889495
219528894 970092025
#r 0 6.0788435960
304759574 952429316
#r 0 5.8724638844
396442876 912502230
#r 0 4.6386406688
389074728 812774047
#r 0 4.4659767605
364682115 715794666
#r 0 1.6095928943
360803431 815719417
#r 0 4.8293982360
366640553 766061306
#r 0 0.3619846980
390162961 774968547
#r 0 3.4754760202
378281265 770847147
#r 0 3.5588418287
372528104 768296902
#r 0 3.4850367478
369563141 767236582
#r 1 369598935 767117091
-384209398 -106897359
#r 0 4.4446136536
-410668068 -203333549
#r 0 1.1594372570
-370682529 -111675725
#r 0 0.1888414476
-272460291 -92903618
#r 0 4.8730440001
-256463808 -191615890
#r 0 2.0002023156
-298096887 -100694568
#r 0 4.3871610072
-330049369 -195452359
#r 0 1.3967504749
-312732521 -96963137
#r 0 4.3499597791
-348187188 -190466969
#r 0 2.1305042251
-401281057 -105725945
#r 0 3.1986234581
-501118475 -111425934
#r 0 1.7048915601
-514487847 -12323664
#r 0 0.3406029431
-420232505 21081882
#r 0 2.5234503247
-501728147 79034106
#r 0 3.9796141982
-568621623 4701994
#r 0 1.5963670922
-571178421 104669303
#r 0 2.6866784919
-661008296 148607824
#r 0 4.3361894562
-697747139 55601064
#r 0 5.1286588979
-657311966 -35859292
#r 0 6.1284649674
-558506499 -51269671
#r 0 2.0053880739
-600610512 39434530
#r 0 1.7762084346
-621007574 137332231
#r 0 1.2444569962
-588949802 232054453
#r 0 0.9708564955
-532490521 314591412
#r 0 3.9485111548
-601663226 242375507
#r 0 0.6395265624
-521425386 302057070
#r 0 3.7876046380
-561349933 271956730
#r 0 3.4470101371
-585193973 264439130
#r 0 0.2913524005
-573220267 268029879
#r 0 3.6177684041
-578776314 265164294
#r 0 0.7768076307
-572107114 271719883
#r 0 3.8213026581
-575743773 268780801
#r 0 3.9591172111
-577357973 267059403
#r 1 -577051828 266766038
615373946 -411111791
#r 0 0.8708392345
679792433 -334624808
#r 0 0.1396374283
778819086 -320706400
#r 0 1.0173250222
831383431 -235635902
#r 0 5.8644963486
922745706 -276292203
#r 0 2.3255630532
854233830 -203449065
#r 0 3.2189636124
754532994 -211178444
#r 0 0.1540414124
803940946 -203506798
#r 0 2.8681821568
779728538 -196716831
#r 0 5.8601358925
813835428 -212072950
#r 0 0.4801664661
832154109 -202532170
#r 0 3.8243841866
823581845 -209503897
#r 0 0.7545903625
827606868 -205719540
#r 0 0.4931847356
830052527 -204405032
#r 0 3.5744549148
828792299 -204987371
#r 1 829109392 -204927011
326662212 790338362
#r 0 5.2731021615
379841243 705650756
#r 0 5.2967394020
435007013 622243695
#r 0 5.0177267904
465068551 526869149
#r 0 5.1288028570
505516890 435414614
#r 0 5.9429503922
599784520 402043759
#r 0 6.1194656144
698447304 385744831
#r 0 2.8448371680
650632790 400365784
#r 0 3.9080971108
632308809 382721458
#r 0 0.7219393684
641854733 391126691
#r 0 0.6937970163
646753760 395201406
#r 0 0.9651607102
648592243 397856476
#r 1 648801216 397149546
340630368 -61653550
#r 0 1.5854336144
339166692 38335738
#r 0 0.7617147458
411532054 107352072
#r 0 1.4576193197
422825609 206712304
#r 0 2.8348024039
327494827 236912336
#r 0 2.4527372540
250297418 300477736
#r 0 1.4172636845
265590435 399301436
#r 0 4.6918169248
264561905 349312016
#r 0 4.2475305675
253158376 326573829
#r 0 4.2997564595
247894467 314549310
#r 0 1.1070963186
250829888 320419382
#r 0 0.6631240604
253422728 322444708
#r 0 3.9911468599
252056671 320891078
#r 1 251687976 321116326
-936931568 -253662529
#r 0 0.8905167510
-874030529 -175922840
#r 0 4.9138446159
-854020955 -273900475
#r 0 5.1811251658
-808845040 -363114469
#r 0 2.2710542250
-873286532 -286646867
#r 0 5.3217727614
-844668419 -327646911
#r 0 5.6773772120
-823948462 -341999573
#r 0 4.5435947179
-826129072 -354795392
#r 0 1.4413147316
-825291064 -348359574
#r 0 4.5223644549
-825904003 -351546234
#r 1 -825787738 -351483936
-55698254 -527054964
#r 0 3.9463454208
-125027197 -599120890
#r 0 3.9197239382
-196249850 -669315860
#r 0 4.9397591452
-173708234 -766742117
#r 0 1.7185268699
-181067923 -717286733
#r 0 2.9387489843
-205710104 -712218520
#r 0 2.8864104123
-226965413 -706673660
#r 0 3.2931631153
-250870040 -710324899
#r 0 0.1040536692
-238844503 -709069062
#r 0 6.2216702793
-232796864 -709441553
#r 0 0.6119568844
-230155072 -707587449
#r 0 0.1302603690
-228510142 -707371960
#r 1 -228995782 -707296758
-176767589 -188188183
#r 0 4.2669975966
-219848700 -278432395
#r 0 4.6507349724
-226010196 -378242394
#r 0 4.8015600345
-217104903 -477845084
#r 0 3.5420474417
-309193283 -516828803
#r 0 1.9218915274
-343585923 -422929142
#r 0 1.1748443322
-305017253 -330666161
#r 0 4.5158797880
-324541943 -428741573
#r 0 4.1119950087
-381038702 -511252883
#r 0 5.5826412594
-304589543 -575716253
#r 0 5.5314982761
-231535755 -644003470
#r 0 3.6894953438
-316897643 -696093277
#r 0 2.3752246330
-388941071 -626740955
#r 0 2.8205338929
-483831255 -595183815
#r 0 5.9143704958
-437193491 -613209325
#r 0 0.3252040230
-413449896 -605203580
#r 0 3.6680555755
-427554513 -613400837
#r 0 3.0466442285
-447888940 -611464292
#r 0 6.2563320482
-437679406 -611738517
#r 0 6.1758729170
-432578694 -612287997
#r 0 2.5581092712
-434725967 -610870457
#r 0 5.6169373243
-433714600 -611665558
#r 1 -433428170 -611674704
133207554 429148051
#r 0 3.2619526776
33931007 417141088
#r 0 2.2177960948
-26348518 496930679
#r 0 5.8286803828
63499331 453028924
#r 0 2.4350154832
-12559524 517952345
#r 0 1.8292655143
-38119613 614630584
#r 0 2.2965796447
-104491768 689428559
#r 0 5.0492563388
-71438553 595049086
#r 0 3.5368559736
-163728073 556543964
#r 0 0.3744554482
-117192727 574832252
#r 0 0.5163621865
-95442792 587180592
#r 0 0.1534723348
-82960763 589111421
#r 0 1.2135952009
-80694634 595183402
#r 0 4.7866835726
-80351076 590567643
#r 0 1.6834423333
-80611218 592867239
#r 1 -80535952 592959453
420725815 -425022251
#r 0 3.2167692192
321008258 -432532829
#r 0 3.2912488134
222126018 -447442643
#r 0 3.0155757871
122918980 -434874283
#r 0 5.1260061023
163111385 -526441584
#r 0 1.9867287534
142909233 -480704585
#r 0 1.9855130280
132835913 -457823701
#r 0 2.0674188402
126880077 -446833554
#r 0 1.4662263178
127537574 -440568867
#r 0 4.1726551105
125653563 -443713771
#r 0 0.9769102937
126679297 -442194611
#r 1 126640308 -442486470
-984543034 144270826
#r 0 4.8717839268
-968670949 45538476
#r 0 1.3175916312
-943620174 142349935
#r 0 1.3324367488
-920009284 239522595
#r 0 1.4148767335
-904480424 338309510
#r 0 5.7927363900
-816268274 291207316
#r 0 2.8335846382
-911562209 321523416
#r 0 4.4717574557
-935393809 224404649
#r 0 4.4997163396
-956501117 126657621
#r 0 4.4955639876
-978014122 28999080
#r 0 4.7818151157
-971077084 -70760017
#r 0 2.1135634418
-999729469 -23259163
#r 0 5.2728820043
-984984552 -46751927
#r 0 5.2850482685
-977467372 -58411408
#r 0 2.0720330428
-980800358 -52328311
#r 0 2.6474023955
-983869102 -50674925
#r 0 5.8067727174
-982320277 -51474211
#r 1 -982301320 -51318542
366737756 485628537
#r 0 1.7583332430
348093799 583875180
#r 0 5.4794945814
417499240 511882925
#r 0 6.0990383397
515808521 493572126
#r 0 3.1380436282
415809151 493927028
#r 0 0.0645762331
465704934 497153596
#r 0 5.8135125540
488101028 485786362
#r 0 2.8908159350
474160854 489357409
#r 0 0.0114200905
495089682 489596429
#r 0 2.9633646332
484708358 491466515
#r 0 3.3428311975
469437201 488351202
#r 0 0.2064917134
477064491 489948948
#r 1 477944134 489881033
-649282821 -270779598
#r 0 1.9597640650
-687206167 -178249496
#r 0 1.9078569377
-720277620 -83876412
#r 0 0.0015324865
-620277737 -83723163
#r 0 2.0041285563
-662267473 7033997
#r 0 2.3117643874
-729767721 80815543
#r 0 1.8160861694
-754051471 177822241
#r 0 0.0158682406
-654064061 179408998
#r 0 1.9953287473
-695253536 270532141
#r 0 0.8741289692
-631087019 347230629
#r 0 3.1998831176
-730917178 341404883
#r 0 3.2566067472
-830256495 329928814
#r 0 3.2336239913
-929833305 320738666
#r 0 6.1723087383
-830447356 309673713
#r 0 1.7451148145
-847791055 408158210
#r 0 1.2430445037
-815599521 502835056
#r 0 4.0092481968
-880261192 426553549
#r 0 0.9450195461
-850974840 467078968
#r 0 0.8283655391
-833972005 485609520
#r 0 4.5799272908
-835635133 473127501
#r 0 1.4227759651
-834706572 479354817
#r 0 2.1124774213
-836330044 482052882
#r 0 5.3755869676
-835360767 480812195
#r 1 -835486646 480945623
411724544 245564399
#r 0 5.9437273326
506018073 212266794
#r 0 6.1558984578
605209069 199572453
#r 0 5.9048242387
698136199 162632658
#r 0 2.7627420976
651681681 181125296
#r 0 2.5975023939
630291712 194066297
#r 0 3.4348115107
617999796 190355101
#r 0 0.1653518266
624332203 191411824
#r 0 3.4387427849
621262895 190471952
#r 0 0.3652321841
622762024 191045201
#r 1 622840394 190854598
795592083 -315379132
#r 0 1.6889464271
783804542 -216076293
#r 0 5.9062637274
876784750 -252882283
#r 0 6.1534131616
964434735 -264321095
#r 0 2.9118674219
921399202 -254257083
#r 0 3.4696174825
900271362 -261447298
#r 0 0.4543082010
910298363 -256550315
#r 0 3.4155998718
904842180 -258083923
#r 0 6.2400100388
913331021 -258450659
#r 0 2.9221515499
908893578 -257460964
#r 0 3.4906058999
902827976 -259668301
#r 0 0.3374358859
905873350 -258599818
#r 1 906776057 -258412317
-521849662 466816098
#r 0 3.6338633061
-609975858 419553284
#r 0 1.4854018044
-601446781 519188894
#r 0 1.6341291953
-607775835 618988408
#r 0 1.7265678771
-623290070 717777620
#r 0 1.3997785139
-610463894 792044085
#r 0 4.6093671695
-614339196 754560933
#r 0 4.4445663981
-619348249 736307387
#r 0 1.1879462947
-615812758 745086392
#r 0 1.1605524640
-613900664 749482808
#r 0 4.3312308804
-614792379 747257727
#r 1 -614787336 747148554
-558514126 -706353026
#r 0 6.1441865926
-459478604 -720208182
#r 0 0.0815182779
-359810682 -712065380
#r 0 3.3593102126
-408630331 -722865461
#r 0 1.9509206637
-418076471 -699223921
#r 0 5.2773651076
-405650920 -718825569
#r 0 2.3936051659
-425386866 -700513683
#r 0 5.4098908341
-416740569 -710831129
#r 0 5.6244768005
-411335239 -715015057
#r 1 -411218817 -714830111
-218018041 -776753981
#r 0 1.5008316606
-211027281 -676998634
#r 0 5.6190138952
-132284501 -738639323
#r 0 2.4583932591
-171062350 -707075445
#r 0 2.4413243314
-190186002 -690959041
#r 0 2.1983552153
-197550557 -680806392
#r 0 5.2202496024
-194500805 -686286105
#r 1 -195014463 -686091759
517252615 315449462
#r 0 6.0531304173
614618003 292646365
#r 0 5.4169637204
679388992 216457658
#r 0 0.6023975485
761786941 273119621
#r 0 1.8784530363
731504320 368424201
#r 0 1.4293817071
745598695 467425962
#r 0 4.7227230038
746632079 367431302
#r 0 4.7876072213
754146812 267714058
#r 0 4.3461640432
718337485 174345476
#r 0 5.9466709170
812728619 141325576
#r 0 5.6617607692
894033611 83106179
#r 0 2.3639076092
822779642 153269359
#r 0 5.3426869924
881718195 72484169
#r 0 2.2329115965
850978869 111918846
#r 0 2.1148132776
838026348 133331400
#r 0 5.3072554997
845038412 122968135
#r 0 2.0921225728
841922572 128393364
#r 0 2.2999685065
839827190 130738692
#r 0 5.5885896402
841039881 129728409
#r 1 840719803 129844027
-836634468 79323631
#r 0 1.6470856948
-844256007 179032769
#r 0 1.8447124918
-871306374 275304663
#r 0 1.8009184521
-894116017 372668518
#r 0 5.0123293404
-879342856 324900812
#r 0 5.4515107660
-862420018 306334491
#r 0 2.2651875882
-870457871 315986723
#r 0 2.4445249846
-875282837 320026609
#r 0 2.2717334551
-877328448 322450629
#r 0 5.2196911897
-876557950 321064397
#r 1 -876896495 321514078
-478957491 -425697431
#r 0 1.2025948027
-442963683 -332399812
#r 0 0.4445087827
-352681483 -289398367
#r 0 0.6016972423
-270243874 -232794122
#r 0 1.2123490247
-235161810 -139149855
#r 0 1.4875239723
-226844195 -39496369
#r 0 1.5381747256
-223582613 60450427
#r 0 0.2803960914
-127488023 88124056
#r 0 1.3813530370
-108656806 186334978
#r 0 1.4736164869
-98954111 285863153
#r 0 1.5590222422
-97776730 385856222
#r 0 1.3683537767
-77670470 483814061
#r 0 1.8804040419
-108138973 579059378
#r 0 1.8534459705
-136029086 675091360
#r 0 2.6161875811
-222541170 725247708
#r 0 1.4094769575
-206479112 823949330
#r 0 6.2743037227
-106483056 823061183
#r 0 0.3735818631
-13380445 859556440
#r 0 3.3538637609
-111135941 838488383
#r 0 3.2564059600
-210477560 827032260
#r 0 5.9115273606
-117304907 790716192
#r 0 0.5255875978
-30801979 840888330
#r 0 4.7796745355
-24078499 741114612
#r 0 2.8278702627
-119197642 771974759
#r 0 2.5580300088
-202648135 827074806
#r 0 5.8150429245
-158027734 804513341
#r 0 2.7294204235
-180934053 814528355
#r 0 2.6682122903
-192094244 820244893
#r 0 2.3967757490
-196715452 824505469
#r 0 5.5243183071
-194435006 822342928
#r 0 2.3966535113
-195590178 823408213
#r 1 -195657200 823314786
744680137 283363242
#r 0 5.2581174858
796584229 197888303
#r 0 2.0918553316
771694285 241252927
#r 0 2.3956332411
753322187 258230168
#r 0 2.2807106446
744661038 268308541
#r 0 5.4357423791
749058941 263328007
#r 0 5.3982560580
751163399 260756614
#r 0 5.1568439440
751877818 259256472
#r 1 751929899 259484485
787479252 -388621533
#r 0 1.7014448567
774451535 -289473772
#r 0 2.1616052484
718748234 -206424737
#r 0 2.2123485447
658904259 -126307956
#r 0 1.7869888353
637453026 -28635828
#r 0 2.5445576971
554752409 27583456
#r 0 1.2951603807
581968302 123808687
#r 0 1.0030026505
635745625 208117640
#r 0 1.1415221620
677366718 299044449
#r 0 0.9958075625
731749254 382964290
#r 0 1.3517166708
753482391 480574078
#r 0 4.6298731354
749361279 430744204
#r 0 2.4637527346
729528760 446711265
#r 0 5.5459890452
738953961 438153547
#r 0 5.5565099635
743728044 433909636
#r 0 5.9574741544
746789017 432875824
#r 1 745938469 433376779
734374273 161323653
#r 0 2.0663506866
686822333 249294177
#r 0 2.6983442693
596486005 292181796
#r 0 2.3229370302
528165652 365204597
#r 0 2.0039728978
486190043 455968292
#r 0 1.8789398935
455861026 551258117
#r 0 2.2304384646
394577616 630279276
#r 0 2.2556525035
331321453 707730279
#r 0 1.6457820799
323829903 807449268
#r 0 1.6214988601
318761822 907320758
#r 0 1.3150496115
328485522 944509005
#r 0 4.0335925517
265699852 866676110
#r 0 1.0947218473
309181482 951003054
#r 0 5.6528051206
389961828 892057862
#r 0 2.2922683903
350965260 936388480
#r 0 2.9592653197
252622823 954520362
#r 0 3.3701318753
155222985 931864865
#r 0 3.7906914470
75560098 871417993
#r 0 0.6547388551
115220446 901865598
#r 0 3.8418339461
96103279 885755543
#r 0 0.9124206885
103767004 895663328
#r 1 104608933 896043435
-835925574 -325109799
#r 0 0.9013398190
-773869585 -246693894
#r 0 0.7850921955
-703137275 -176004854
#r 0 1.2534398799
-671931664 -80998487
#r 0 0.7460333366
-598492970 -13125383
#r 0 0.8672478409
-533800204 63129755
#r 0 1.5569414862
-532414764 163120157
#r 0 1.4087457078
-516280534 261810008
#r 0 0.8481769092
-450145364 336817603
#r 0 0.7877875748
-379603844 407697036
#r 0 0.4518568704
-289640056 451360716
#r 0 0.6569964083
-210457034 512434844
#r 0 1.9626645421
-248648602 604854561
#r 0 0.5339367517
-162567579 655747168
#r 0 0.8671549801
-97867732 731996298
#r 0 0.5338085004
-11780183 782877865
#r 0 3.4672180243
-106525268 750887729
#r 0 0.2647283806
-58267089 763970085
#r 0 0.2651284246
-34051339 770545156
#r 0 6.1764155225
-21394919 769188674
#r 0 3.0427260110
-27728291 769816881
#r 0 2.9195237105
-30832568 770517804
#r 1 -31808845 770433055
191098699 -491490599
#r 0 1.5094413474
197230348 -391678762
#r 0 1.9135622041
163621012 -297495894
#r 0 1.9606967084
125611384 -205001201
#r 0 2.0079347386
83276514 -114404519
#r 0 1.8981148638
51126005 -19713734
#r 0 1.3038196272
77507650 76743556
#r 0 2.0368021495
32575490 166080564
#r 0 2.0665676007
-14995531 254040771
#r 0 2.0663414524
-62546658 342011734
#r 0 1.0310743009
-11156903 427796890
#r 0 0.9141734724
49887641 507002721
#r 0 1.1765651046
88297491 599331933
#r 0 1.0759378971
135788198 687335528
#r 0 0.8868479222
198974027 764843921
#r 0 3.1454321961
98974764 764459968
#r 0 0.7070276293
175004365 829417644
#r 0 0.7595582081
247518395 898277759
#r 0 0.4566981697
336128980 941815962
#r 0 3.2966139875
237328156 926375844
#r 0 0.1547395576
286730741 934081983
#r 0 0.2476942332
310967750 940211214
#r 0 6.2624528064
323571217 939949875
#r 0 0.8521440421
327750442 944727845
#r 0 4.1339262127
326015145 942070315
#r 1 326148907 942345093
76967052 -918743877
#r 0 1.7056351427
63523993 -819651576
#r 0 1.8414968817
36783338 -723293196
#r 0 1.8035638326
13716211 -625990022
#r 0 1.6993625150
894981 -526815347
#r 0 1.8365364868
-25367371 -430325509
#r 0 1.8377675745
-51748490 -333868075
#r 0 1.8875578118
-82897570 -238843158
#r 0 1.7784901149
-103517950 -140992251
#r 0 1.7589031785
-122217898 -42756250
#r 0 1.7451323037
-139563320 55727943
#r 0 1.9480378901
-176399060 148696369
#r 0 1.7382176461
-193063088 247298145
#r 0 1.8822664647
-223708925 342486551
#r 0 1.7127616811
-237857822 441480534
#r 0 1.7753622169
-258172034 539395460
#r 0 1.9493810548
-295132613 632314326
#r 0 1.6084637416
-298898464 732243393
#r 0 2.0894430300
-348468991 819092474
#r 0 5.5265454404
-275754313 750444272
#r 0 2.6526597798
-364037770 797412678
#r 0 0.1661013084
-265414084 813946536
#r 0 3.3190795935
-314628608 805118709
#r 0 3.2896988236
-339358120 801429098
#r 0 0.2407021797
