701687785 -541700890
#r 0 3.9323494984
701687785 -540700890
#r 0 1.6343410776
701747570 -541640461
#r 0 1.6315366905
-499127383 633119407
#r 0 0.5818596773
-499127383 632119407
#r 0 0.5278965128
-512508038 624317215
#r 0 1.3139829578
-483608482 -622730427
#r 0 0.2193189313
-483608482 -621730427
#r 0 3.9724137506
-484754833 -622985954
#r 0 0.7084675982
-400050622 -282770132
#r 0 1.0492005542
-400050622 -281770132
#r 0 1.3390846343
-400450926 -283466697
#r 0 1.6008232129
301295572 728310821
#r 0 4.6541105653
301295572 727310821
#r 0 4.8379763055
301255668 727626886
#r 0 4.8822225083
538670319 187274473
#r 0 1.9521199959
538670319 186274473
#r 0 1.6766828694
538525699 187635168
#r 0 1.6258247313
-356518068 -65592954
#r 0 0.3721949859
-356518068 -64592954
#r 0 1.3097092678
-356816369 -65709408
#r 0 5.1639498519
-276446552 932869643
#r 0 5.2152582271
-276446552 931869643
#r 0 3.6902246482
-276034910 932121249
#r 0 4.3717039936
-550539604 -271667289
#r 0 2.7179684638
-550539604 -270667289
#r 0 2.7828779325
-563699165 -265733294
#r 0 1.7135822357
-618319202 -169265767
#r 0 1.3615476807
-618319202 -168265767
#r 0 0.7759256575
-618050949 -168002548
#r 0 5.8260045174
755102565 -188650360
#r 0 3.8652180033
755102565 -187650360
#r 0 2.6777521906
755825242 -188011873
#r 0 3.8780843577
380790345 -501424583
#r 0 3.9383817887
380790345 -500424583
#r 0 3.8880214014
390984280 -490995724
#r 0 1.2692884303
-579009961 358478730
#r 0 1.6365399447
-579009961 357478730
#r 0 0.1017877230
-578944562 357485410
#r 0 1.5985580959
299350043 -849072587
#r 0 1.2987344052
299350043 -848072587
#r 0 1.4511002382
299138629 -849830399
#r 0 5.3165294883
547958642 -796389549
#r 0 2.4564489400
547958642 -795389549
#r 0 2.3102203132
551539711 -799316014
#r 0 3.6329796908
120566706 -818818612
#r 0 0.9524829108
120566706 -817818612
#r 0 2.9684550939
121199363 -817929257
#r 0 1.9793504662
137093106 -178832048
#r 0 3.7104194171
137093106 -177832048
#r 0 0.8532317448
135118636 -180094355
#r 0 3.3477042533
-671832205 450572368
#r 0 5.2609621918
-671832205 449572368
#r 0 1.0860253205
-671549314 450109480
#r 0 1.1027090484
-468532303 -84888903
#r 0 1.7976997158
-468532303 -83888903
#r 0 0.9676344352
-468705221 -84139949
#r 0 6.0127028082
242220329 -192797614
#r 0 1.2054303377
242220329 -191797614
#r 0 0.2372667671
242641866 -191695677
#r 0 0.2682071335
474168597 127670696
#r 0 3.7498615604
474168597 126670696
#r 0 2.3487099829
473584289 127263816
#r 0 1.5854049589
595496296 -707793242
#r 0 2.1447466630
595496296 -706793242
#r 0 0.9405527687
595153535 -707263108
#r 0 2.3392279481
677928845 -196320030
#r 0 2.4526282434
677928845 -195320030
#r 0 4.7106355171
677927094 -196318588
#r 0 4.7605192890
134234208 -184258840
#r 0 6.1349834890
134234208 -183258840
#r 0 6.1261108710
244334194 -200696378
#r 0 6.1477882000
-222667336 -46611794
#r 0 4.8083316105
-222667336 -45611794
#r 0 1.7122258067
-222964298 -43526098
#r 0 1.4687093497
219528894 970092025
#r 0 5.4542222243
219528894 969092025
#r 0 5.5472084430
224922064 964207220
#r 0 5.5035746848
-384209398 -106897359
#r 0 5.2883578109
-384209398 -105897359
#r 0 3.4688041281
-384741527 -106077970
#r 0 1.3003259344
615373946 -411111791
#r 0 2.3227799349
615373946 -410111791
#r 0 0.4616641027
614735657 -410429354
#r 0 1.1862382277
326662212 790338362
#r 0 5.4164280887
326662212 789338362
#r 0 1.8480324455
326234238 790842326
#r 0 3.5494673886
340630368 -61653550
#r 0 3.1270147477
340630368 -60653550
#r 0 1.7370308298
340798562 -61656002
#r 0 1.3225435788
-936931568 -253662529
#r 0 1.0799472697
-936931568 -252662529
#r 0 5.7718298890
-936520404 -252893249
#r 0 6.1683435504
-55698254 -527054964
#r 0 4.2825757138
-55698254 -526054964
#r 0 6.0862403489
-55278272 -526138764
#r 0 5.4557798060
-176767589 -188188183
#r 0 5.3847046785
-176767589 -187188183
#r 0 5.3873481226
-323986995 -3246219
#r 0 5.0786871697
133207554 429148051
#r 0 3.2316046133
133207554 428148051
#r 0 1.1881941015
133625155 429185742
#r 0 3.7759504195
420725815 -425022251
#r 0 2.3026577232
420725815 -424022251
#r 0 2.3113913326
369098144 -367548030
#r 0 1.4647359117
-984543034 144270826
#r 0 5.0910965136
-984543034 143270826
#r 0 5.3398468590
-983661374 142055127
#r 0 0.0283167692
366737756 485628537
#r 0 0.8411295235
366737756 484628537
#r 0 5.0723107680
366472892 485332374
#r 0 0.8532552083
-649282821 -270779598
#r 0 2.3121701901
-649282821 -269779598
#r 0 1.0469254722
-649637038 -270392734
#r 0 4.9519507450
411724544 245564399
#r 0 3.9529126730
411724544 244564399
#r 0 4.3865965701
412248975 246116748
#r 0 2.9590156419
795592083 -315379132
#r 0 2.8778976979
795592083 -314379132
#r 0 0.4479786939
794259720 -315019418
#r 0 3.7121750042
-521849662 466816098
#r 0 0.0045528662
-521849662 465816098
#r 0 6.2507575143
-548882489 466693020
#r 0 0.5383591478
-558514126 -706353026
#r 0 0.6711082122
-558514126 -705353026
#r 0 0.5800263445
-551312289 -700634338
#r 0 0.6882103826
-218018041 -776753981
#r 0 2.9111292493
-218018041 -775753981
#r 0 1.4578897971
-218128491 -776728066
#r 0 1.5502230948
517252615 315449462
#r 0 3.1324724834
517252615 314449462
#r 0 4.9519944825
517007771 315451695
#r 0 4.2685866772
-836634468 79323631
#r 0 4.7349514819
-836634468 78323631
#r 0 0.1928443459
-836612001 78328018
#r 0 0.7728560402
-478957491 -425697431
#r 0 1.8613293253
-478957491 -424697431
#r 0 1.4861517677
-479023583 -425476383
#r 0 2.3910326123
744680137 283363242
#r 0 5.1592949628
744680137 282363242
#r 0 2.2463149958
745872590 280875050
#r 0 3.1862280768
787479252 -388621533
#r 0 2.4301846063
787479252 -387621533
#r 0 2.3895763962
801105136 -400366772
#r 0 2.2954578151
734374273 161323653
#r 0 0.1086884591
734374273 160323653
#r 0 0.1372213249
768891950 165090169
#r 0 0.0344640286
-835925574 -325109799
#r 0 0.3163188090
-835925574 -324109799
#r 0 0.6730180993
-838053824 -325806394
#r 0 1.0307413092
191098699 -491490599
#r 0 0.3037250417
191098699 -490490599
#r 0 5.4807723160
191840514 -491258097
#r 0 0.3304074635
76967052 -918743877
#r 0 1.8090241341
76967052 -917743877
#r 0 1.7312452769
77452257 -920741927
#r 0 1.8033352908
-458212991 -390070259
#r 0 6.0260823764
-458212991 -389070259
#r 0 0.1123091477
-460874650 -389370451
#r 0 3.8335998499
-561441965 -303326039
#r 0 0.9578596304
-561441965 -302326039
#r 0 2.5553446862
-560962580 -302644416
#r 0 0.0238732067
-143029320 -288205830
#r 0 1.4712871997
-143029320 -287205830
#r 0 5.0009968642
-142954606 -287457481
#r 0 4.1331000958
-217724255 370576245
#r 0 0.9206779447
-217724255 369576245
#r 0 3.4348471586
-218711274 369278204
#r 0 3.4457764373
231282029 -813119927
#r 0 1.2793208907
231282029 -812119927
#r 0 3.0748160347
231576148 -812139597
#r 0 1.2817427649
-173650117 941397434
#r 0 4.1820808496
-173650117 940397434
#r 0 5.7453380824
-174084517 940656556
#r 0 4.1936366262
-974261600 -135035256
#r 0 0.2429237545
-974261600 -134035256
#r 0 0.5199251901
-977341890 -135798607
#r 0 0.5283763204
-219071864 876570219
#r 0 3.4666311441
-219071864 875570219
#r 0 3.3339108188
-226100960 874201479
#r 0 3.3650141902
841216372 -245702053
#r 0 6.2217700258
841216372 -244702053
#r 0 6.1723994566
861317393 -246938117
#r 0 6.2242711063
-554460271 622376857
#r 0 5.0708996284
-554460271 621376857
#r 0 0.3593520205
-554131803 621500250
#r 0 0.4052588119
-710372218 -603481641
#r 0 0.7627640083
-710372218 -602481641
#r 0 0.7515077990
-663444635 -558631719
#r 0 5.3990140609
57367412 137137296
#r 0 2.1964544765
57367412 136137296
#r 0 4.2051772507
57681519 136702537
#r 0 4.2765675383
350298717 99524416
#r 0 2.8820165256
350298717 98524416
#r 0 4.3391733888
350653401 99430223
#r 0 4.3692418550
124361302 -505132095
#r 0 3.6191167451
124361302 -504132095
#r 0 0.3055649904
129311219 -502570672
#r 0 0.2810568200
-544744435 413022941
#r 0 3.5116388146
-544744435 412022941
#r 0 0.4760655246
-536913821 416060563
#r 0 0.5378698115
-119196968 -904270036
#r 0 0.5194068367
-119196968 -903270036
#r 0 1.0770468128
-119974439 -904714574
#r 0 0.5402669162
-804414631 -463783652
#r 0 5.5021541096
-804414631 -462783652
#r 0 0.1142414206
-805318753 -462887392
#r 0 5.4865459956
551441948 -761356956
#r 0 3.7486727274
551441948 -760356956
#r 0 2.3049347935
551996659 -760971664
#r 0 1.8476147671
27156741 -865736728
#r 0 6.1198143617
27156741 -864736728
#r 0 1.4241093928
27012506 -865712952
#r 0 1.2486971289
940217810 -146619311
#r 0 4.6007865408
940217810 -145619311
#r 0 3.5445199214
940335500 -145569146
#r 0 2.0097766418
-914055295 46387478
#r 0 5.4299561698
-914055295 45387478
#r 0 5.4243860609
-936955659 -34943340
#r 0 0.5002623221
-936955659 -33943340
#r 0 6.1153165871
-935559219 -34179986
#r 0 1.0454137106
-369379595 277222742
#r 0 5.0394217357
-369379595 276222742
#r 0 5.0601974871
-364109176 261685540
#r 0 5.0137894704
-821124475 11788443
#r 0 4.5720931107
-821124475 10788443
#r 0 4.5418735014
-821909808 6227528
#r 0 5.2562839004
-490967586 616064171
#r 0 0.8036484900
-490967586 615064171
#r 0 5.0026981602
-491195664 615827613
#r 0 0.7664280976
-678074763 -588467848
#r 0 2.7145418272
-678074763 -587467848
#r 0 2.7619415653
-695916566 -580348822
#r 0 5.8434885399
217643120 -215305082
#r 0 0.3122775275
217643120 -214305082
#r 0 0.3520118074
195155787 -222564905
#r 0 0.9175716877
-682169509 -158834214
#r 0 4.3579973872
-682169509 -157834214
#r 0 4.3623970619
-709214710 -231926731
#r 0 1.2885179110
557597791 508080141
#r 0 5.6240359298
557597791 507080141
#r 0 3.3978176015
558562366 507332844
#r 0 3.1287477777
639262792 -399950495
#r 0 3.2188258546
639262792 -398950495
#r 0 1.3154847825
638996404 -399971110
#r 0 1.2950414116
61684808 -566926225
#r 0 6.1929293405
61684808 -565926225
#r 0 3.4991744689
59530315 -566731239
#r 0 4.3854933969
523190902 523430949
#r 0 2.8816258462
523190902 522430949
#r 0 1.8272345582
522909032 523505923
#r 0 3.1614083459
-97120665 -106773775
#r 0 4.4082676826
-97120665 -105773775
#r 0 3.2255165239
-96798296 -105746657
#r 0 3.2605860552
-565009351 514254679
#r 0 2.4092334753
-565009351 513254679
#r 0 5.8822879653
-562905522 512362968
#r 0 2.4194687881
334580786 -482417867
#r 0 4.2996712488
334580786 -481417867
#r 0 0.3592074485
335104811 -481221096
#r 0 0.7067201033
-302732954 278207160
#r 0 1.1402241971
-302732954 277207160
#r 0 4.8394170444
-302832884 277989597
#r 0 3.6123996041
-258338693 -552221732
#r 0 6.0120262412
-258338693 -551221732
#r 0 5.8294559041
-253568989 -553547740
#r 0 3.5888987302
-571070279 -284224233
#r 0 2.6441034654
-571070279 -283224233
#r 0 1.7009150713
-570929410 -284300731
#r 0 0.1064725236
481874853 641887316
#r 0 2.9584412260
481874853 640887316
#r 0 3.9249843929
482721434 641730506
#r 0 1.6847202151
-479273610 -106822827
#r 0 2.6474703168
-479273610 -105822827
#r 0 2.9912094223
-481856470 -105431453
#r 0 6.1255243093
-4238218 -621301856
#r 0 6.0852994215
-4238218 -620301856
#r 0 0.0896035714
-7682288 -620611286
#r 0 3.2598044641
-213551122 -22815755
#r 0 3.9629117908
-213551122 -21815755
#r 0 5.0642167330
-213287867 -22532874
#r 0 1.2321900178
-874003763 -51756842
#r 0 0.0213720282
-874003763 -50756842
#r 0 0.0232205316
-191082364 -706539912
#r 0 5.9262228365
-191082364 -705539912
#r 0 0.4468983725
-192255833 -706102280
#r 0 3.1041548048
-712230836 221529366
#r 0 5.5062308978
-712230836 220529366
#r 0 0.5056435595
-711580178 220889605
#r 0 0.9167999086
-780382671 126943689
#r 0 4.9682179839
-780382671 125943689
#r 0 4.4329713137
-780245843 126420567
#r 0 5.7624304995
-236286024 -513307999
#r 0 1.2949670466
-236286024 -512307999
#r 0 1.2052307090
-235199641 -509469789
#r 0 0.9738058002
432125842 146983063
#r 0 3.9432451012
432125842 145983063
#r 0 0.8227374445
454565492 170164314
#r 0 1.5766958532
-261116530 -918750953
#r 0 6.2780561621
-261116530 -917750953
#r 0 1.0831905851
-261645408 -918748240
#r 0 1.1896219678
118024946 613168088
#r 0 2.7919396960
118024946 612168088
#r 0 5.9283156733
-50848406 674745267
#r 0 0.8140601795
-464226731 -787773296
#r 0 1.9520588192
-464226731 -786773296
#r 0 2.3580696190
-464894167 -786108359
#r 0 2.3305410889
-243669211 -909135288
#r 0 2.5455690281
-243669211 -908135288
#r 0 1.6806133793
-243550037 -909216125
#r 0 2.5319208369
-477273716 873997373
#r 0 4.9467564756
-477273716 872997373
#r 0 4.9648674209
-474070418 860580703
#r 0 4.9476334209
-723337552 322551553
#r 0 5.8191377450
-723337552 321551553
#r 0 0.1147906818
-721713642 321738786
#r 0 0.1307682437
-109826943 -461038229
#r 0 2.7847571133
-109826943 -460038229
#r 0 5.4417128881
-108486727 -461537854
#r 0 1.6368421681
273596302 -710435175
#r 0 1.4358850994
273596302 -709435175
#r 0 1.4334603725
281190565 -654486293
#r 0 3.0933568865
-495340295 -231301155
#r 0 1.5124652078
-495340295 -230301155
#r 0 4.1956851711
-495275208 -230186605
#r 0 0.5258218910
-335666797 -774290530
#r 0 2.6260027626
-335666797 -773290530
#r 0 1.2127523732
-335975506 -774115578
#r 0 2.7748734697
-44434562 -424288087
#r 0 2.8164202392
-44434562 -423288087
#r 0 2.8351070044
-92783758 -407987651
#r 0 1.9775315925
482272679 648017210
#r 0 4.6073673044
482272679 647017210
#r 0 1.6733004672
482220618 647523319
#r 0 1.6498712117
-848718430 -335529233
#r 0 5.2670266782
-848718430 -334529233
#r 0 0.6990184543
-849125794 -334871668
#r 0 0.6936500247
-538168394 -366123595
#r 0 0.4147480033
-538168394 -365123595
#r 0 0.7802023224
-539988647 -366925030
#r 0 0.7700863448
780704324 -493859950
#r 0 2.5636473986
780704324 -492859950
#r 0 2.4001825713
784500213 -496335764
#r 0 3.3512975003
101574837 -660299922
#r 0 2.6799567021
101574837 -659299922
#r 0 2.7115959002
75848623 -647501440
#r 0 4.5458413759
274165912 -778182756
#r 0 2.5598578893
274165912 -777182756
#r 0 5.2094187932
275009203 -778737347
#r 0 1.5638079167
-30247511 -354320033
#r 0 1.5363384331
-30247511 -353320033
#r 0 3.0678748954
-30213127 -353322572
#r 0 2.0602324003
196232884 -273237791
#r 0 4.9589039888
196232884 -272237791
#r 0 4.3007458622
196073255 -272603420
#r 0 3.3838953057
-43571381 -254057842
#r 0 2.9537615248
-43571381 -253057842
#r 0 1.9552439983
-43133098 -254141147
#r 0 2.9686288119
245238934 77228773
#r 0 4.3869075395
245238934 76228773
#r 0 5.3124392939
245012927 76559091
#r 0 3.9306604673
691449954 36763389
#r 0 3.1279790791
691449954 35763389
#r 0 5.4015240381
690616725 36774733
#r 0 2.8336051117
305194638 -415436078
#r 0 2.7908891590
305194638 -414436078
#r 0 1.2326580960
304883074 -415322100
#r 0 0.0022499516
326597884 -216545057
#r 0 1.6262854661
326597884 -215545057
#r 0 6.0180389545
326541487 -215529743
#r 0 3.4262611954
48717586 -293671845
#r 0 4.6697258240
48717586 -292671845
#r 0 3.4048309792
48760772 -292660207
#r 0 2.8276430889
530625494 -89118625
#r 0 2.5658981164
530625494 -88118625
#r 0 3.5998416636
529750069 -88550446
#r 0 3.5618369233
42124448 645983829
#r 0 2.8286277224
42124448 644983829
#r 0 4.2451687148
42558125 645843491
#r 0 4.3081028364
-178491570 670902010
#r 0 1.0022132396
-178491570 669902010
#r 0 0.9953886933
-221426012 603708945
#r 0 5.1610329277
78464923 432039983
#r 0 0.2062293915
78464923 431039983
#r 0 2.0174581951
78029597 431948911
#r 0 0.1189380270
160031141 -417843750
#r 0 6.2634125908
160031141 -416843750
#r 0 1.5625104915
160022856 -417843586
#r 0 4.1813757475
-430166093 553065446
#r 0 5.0528043958
-430166093 552065446
#r 0 4.7935300040
-430271646 553363446
#r 0 4.5245651430
17710008 853207122
#r 0 3.2444705636
17710008 852207122
#r 0 3.8316059685
19094827 853350094
#r 0 3.8496558578
14875479 -715975258
#r 0 5.7564834714
14875479 -714975258
#r 0 1.5974988076
14902609 -715991034
#r 0 1.3395696091
-415569731 -638404763
#r 0 0.5575886285
-415569731 -637404763
#r 0 3.5434118185
-410535908 -635265694
#r 0 0.8896760782
-773961145 -176289730
#r 0 2.0123231315
-773961145 -175289730
#r 0 5.7826642055
-774598589 -174941061
#r 0 5.8103966571
940988252 -325744210
#r 0 1.7188023722
940988252 -324744210
#r 0 1.6806345577
941411876 -328585489
#r 0 2.5352368448
-826089410 389315028
#r 0 5.4541518159
-826089410 388315028
#r 0 6.2805695639
-825170881 388312625
#r 0 0.2805652733
787581078 -76307990
#r 0 2.0807311417
787581078 -75307990
#r 0 1.5434894717
787555036 -76261426
#r 0 4.2098788209
-720594767 -54294382
#r 0 0.0986707971
-720594767 -53294382
#r 0 0.1420336142
-743319857 -56543990
#r 0 3.0841916460
594911311 732837332
#r 0 5.5443478659
594911311 731837332
#r 0 3.8563859255
595473470 732325228
#r 0 3.1039530589
288809318 -738112341
#r 0 1.3809686740
288809318 -737112341
#r 0 3.3887182431
289011247 -737061398
#r 0 1.7201558848
-344837829 -486706031
#r 0 0.6370183933
-344837829 -485706031
#r 0 5.7388268121
-344094495 -486156023
#r 0 3.9069882380
-62712054 -847301326
#r 0 0.3126612538
-62712054 -846301326
#r 0 1.7099671575
-62578046 -847258006
#r 0 1.1404279978
-250419138 -693493865
#r 0 0.4162231902
-250419138 -692493865
#r 0 1.4261562077
-250574819 -693562684
#r 0 0.6570546436
366755340 -91389671
#r 0 1.8771392446
366755340 -90389671
#r 0 2.0328829104
365888584 -88649373
#r 0 1.8795555778
961566412 68953195
#r 0 4.6213897188
961566412 67953195
#r 0 2.4310457842
961481804 68025998
#r 0 2.5568424182
597164501 -516317146
#r 0 2.2725881637
597164501 -515317146
#r 0 1.2837196853
596945687 -516058304
#r 0 3.3287512700
-877313621 -335845740
#r 0 5.3566113935
-877313621 -334845740
#r 0 0.6513837171
-877791239 -335209872
#r 0 1.3759845980
-380835327 -806301119
#r 0 0.5712030151
-380835327 -805301119
#r 0 2.5936219152
-380037232 -805788210
#r 0 6.2627208807
822465216 -184570263
#r 0 2.1491615859
822465216 -183570263
#r 0 2.7681454081
821587983 -183226533
#r 0 1.6210192279
186036512 447263379
#r 0 0.2846010800
186036512 446263379
#r 0 0.2611797595
146444007 435680889
#r 0 2.7288301583
-324336703 -906969741
#r 0 0.5963326672
-324336703 -905969741
#r 0 0.6374760923
-340501796 -917942064
#r 0 1.2408160870
-23877194 30146238
#r 0 0.5031854943
-23877194 29146238
#r 0 4.2903023088
-23280656 30474600
#r 0 0.5305272873
-646955563 126488175
#r 0 0.4498961698
-646955563 125488175
#r 0 0.4196696705
-674165992 113347524
#r 0 0.8157986429
647455009 119171730
#r 0 3.9674587931
647455009 118171730
#r 0 2.5798769139
646871490 118538963
#r 0 0.3101115172
-614105525 708095676
#r 0 6.0827247298
-614105525 707095676
#r 0 4.7473422064
-614140743 708102832
#r 0 5.1752630541
-144601442 -246545691
#r 0 1.0903994240
-144601442 -245545691
#r 0 1.0590383156
-137383976 -232695658
#r 0 4.1475723592
-755786970 456770808
#r 0 0.6238759530
-755786970 455770808
#r 0 5.9785971651
-756753950 456074798
#r 0 6.0373053064
-942398078 -178453409
#r 0 1.0173280732
-942398078 -177453409
#r 0 0.8596335465
-940213349 -174917604
#r 0 5.2755041803
711522906 98276513
#r 0 0.6125276332
711522906 97276513
#r 0 4.6608929692
711576384 98314092
#r 0 1.7566052917
-865732126 -389513957
#r 0 0.6826351241
-865732126 -388513957
#r 0 5.5479923034
-865149831 -389040534
#r 0 0.0748544992
457994694 -775492143
#r 0 3.9504691875
457994694 -774492143
#r 0 4.0460809045
453525324 -780176466
#r 0 4.0482201887
223679184 -734348721
#r 0 1.0304647010
223679184 -733348721
#r 0 2.5500588256
224106758 -733635956
#r 0 3.5251377025
590989480 604339845
#r 0 5.1189841603
590989480 603339845
#r 0 6.0079710540
591479671 603201425
#r 0 2.3396861185
33739637 326385330
#r 0 1.8845298765
33739637 325385330
#r 0 1.2355982875
33907623 325867573
#r 0 3.0217719080
107088828 -31836439
#r 0 0.6720052941
107088828 -30836439
#r 0 0.2961830676
109128128 -30214128
#r 0 0.6580252106
-86557720 15314172
#r 0 1.5742902794
-86557720 14314172
#r 0 3.7052069380
-86554234 14316375
#r 0 2.0672667615
187576655 288198927
#r 0 4.2037876792
187576655 287198927
#r 0 1.0249940515
180780082 276008285
#r 0 0.9712671124
376013911 294524797
#r 0 3.7651532665
376013911 293524797
#r 0 5.2329716068
375607981 294232812
#r 0 1.7407986844
278966036 620220652
#r 0 0.9787043775
278966036 619220652
#r 0 4.4836667753
279322058 620749982
#r 0 5.6461251218
-721859489 -551390151
#r 0 0.7963102596
-721859489 -550390151
#r 0 5.4614233191
-721382747 -550902890
#r 0 5.4660820786
388898961 -22604958
#r 0 5.6018378420
388898961 -21604958
#r 0 4.8589060116
389066596 -22740892
#r 0 2.4190647845
-862956667 140643757
#r 0 5.1521684756
-862956667 139643757
#r 0 4.8866882650
-863238064 141241825
#r 0 4.8798059450
-64393835 -548376194
#r 0 4.2734476255
-64393835 -547376194
#r 0 4.3430560925
-66599593 -553074416
#r 0 4.2812093324
-682022435 430113840
#r 0 6.0142148009
-682022435 429113840
#r 0 5.9956170735
-731733408 443816675
#r 0 6.2783963580
129522077 617343422
#r 0 3.7937567137
129522077 616343422
#r 0 1.2736563871
129921732 617648608
#r 0 5.5178019372
-709725211 -135667791
#r 0 6.2108883317
-709725211 -134667791
#r 0 4.8012221340
-709635565 -135674283
#r 0 4.7942451968
882172595 169931446
#r 0 1.7859796636
882172595 168931446
#r 0 3.1347902712
882391488 168929957
#r 0 3.0953378695
29768177 179516482
#r 0 2.3316104452
29768177 178516482
#r 0 5.0219613611
29286479 180022466
#r 0 2.6360571005
258981388 553416150
#r 0 5.0538514573
258981388 552416150
#r 0 5.1080701090
261363091 546714361
#r 0 5.0916779548
867622611 474026919
#r 0 2.3239926049
867622611 473026919
#r 0 2.3295845319
494169261 705240858
#r 0 5.8119560426
494169261 704240858
#r 0 2.1519371210
493182114 705743823
#r 0 2.1617314122
122469093 -725635014
#r 0 1.9500250032
122469093 -724635014
#r 0 3.9307861074
122184753 -724921521
#r 0 3.9425689225
-603116602 -663308573
#r 0 0.0288912681
-603116602 -662308573
#r 0 5.6868906587
-601703395 -663267732
#r 0 1.4199100178
-145539966 -887360284
#r 0 0.6905909215
-145539966 -886360284
#r 0 0.4354545595
-142770578 -885071855
#r 0 1.7525335288
682414660 608429595
#r 0 2.5673596724
682414660 607429595
#r 0 3.5455199906
683345423 607827431
#r 0 3.3933870534
-490982295 -354183775
#r 0 5.5932331309
-490982295 -353183775
#r 0 0.3438291352
-491827384 -353486360
#r 0 2.5593058891
-802812116 -220135267
#r 0 0.6490273117
-802812116 -219135267
#r 0 6.0251657723
-801834190 -219393344
#r 0 5.6792376873
250470454 471718324
#r 0 3.3559212804
250470454 470718324
#r 0 0.0925839245
242459081 469974473
#r 0 0.1188193746
439852827 37625603
#r 0 3.1726276588
439852827 36625603
#r 0 2.5804512145
438336724 37578536
#r 0 1.7464498046
-160210028 -311873695
#r 0 5.5633206880
-160210028 -310873695
#r 0 1.8778198224
-159770904 -312258731
#r 0 5.5526648926
378118500 -176315695
#r 0 4.7851759702
378118500 -175315695
#r 0 4.7669200943
378335630 -179293520
#r 0 6.0312791075
-866575725 -214630372
#r 0 0.0037752720
-866575725 -213630372
#r 0 6.2631918696
-824508353 -214471555
#r 0 0.0070100381
135413484 36622920
#r 0 1.2614492925
135413484 35622920
#r 0 1.0418922696
134708172 34416116
#r 0 1.2502358927
133848038 926203271
#r 0 4.3262179873
133848038 925203271
#r 0 5.8592503240
133504490 925358314
#r 0 0.0166321539
152317393 -838586251
#r 0 5.9030350748
152317393 -837586251
#r 0 2.8698842521
144052156 -835283570
#r 0 2.8033076734
866394399 -388688067
#r 0 2.6137572920
866394399 -387688067
#r 0 3.9552398453
865785077 -388332825
#r 0 1.1088623080
-110683473 -855371776
#r 0 0.3070178399
-110683473 -854371776
#r 0 0.9949275927
-111501050 -855630983
#r 0 0.2911416343
-778756986 -564076853
#r 0 6.0791557301
-778756986 -563076853
#r 0 6.0707795597
-664473018 -587723194
#r 0 2.9580260375
-737950047 -439455128
#r 0 0.7241671167
-737950047 -438455128
#r 0 0.1437514408
-736598180 -438259445
#r 0 5.0620767371
-609784449 -471338019
#r 0 5.0097732787
-609784449 -470338019
#r 0 4.9243370262
-609062083 -473695051
#r 0 0.2882324439
-23189346 649857189
#r 0 4.5248456131
-23189346 648857189
#r 0 4.5999643873
-22910632 651325856
#r 0 4.5354416217
919027675 186956176
#r 0 3.2984703093
919027675 185956176
#r 0 3.5340823520
922937119 187574562
#r 0 1.9549378703
-462062882 -817316296
#r 0 2.1736985452
-462062882 -816316296
#r 0 1.0512210835
-462375295 -816862475
#r 0 2.2276833788
-122964257 -333624352
#r 0 4.7622466329
-122964257 -332624352
#r 0 4.7131359457
-122963499 -333639549
#r 0 4.7067168161
-340634393 559951828
#r 0 2.2750703269
-340634393 558951828
#r 0 1.9848392723
-341544646 561023192
#r 0 3.1317790881
-909594700 -252680642
#r 0 0.5619627433
-909594700 -251680642
#r 0 0.0225140427
-907947713 -251643555
#r 0 1.1794125432
43912064 302995607
#r 0 3.2849467082
43912064 301995607
#r 0 3.5040727815
48169325 303610118
#r 0 2.8985077169
117420708 890129395
#r 0 4.4929309112
117420708 889129395
#r 0 6.0858073726
117207182 889172096
#r 0 0.2257875322
-468178342 -347725758
#r 0 5.7577851159
-468178342 -346725758
#r 0 0.9684522981
-468669954 -347440744
#r 0 6.1903030540
71200613 -222501511
#r 0 3.1973268837
71200613 -221501511
#r 0 1.2992256470
70917769 -222517291
#r 0 3.1779168595
-243623499 -789879633
#r 0 2.8568694845
-243623499 -788879633
#r 0 1.2037116096
-243969117 -789778479
#r 0 0.5212015168
-769324329 107708350
#r 0 0.9965530595
-769324329 106708350
#r 0 0.6557903410
-770612521 105717239
#r 0 5.7926851777
635566251 196520845
#r 0 4.7720526628
635566251 195520845
#r 0 4.1156323059
635621158 195601663
#r 0 2.1913374247
195202581 -473800941
#r 0 0.2637390830
195202581 -472800941
#r 0 0.2628987311
308865562 -904406367
#r 0 6.0436292573
308865562 -903406367
#r 0 6.0431352401
710295145 -265660052
#r 0 0.0531176793
710295145 -264660052
#r 0 2.9051406790
713695035 -265479288
#r 0 2.9451913902
-659887626 -690524746
#r 0 1.8697778138
-659887626 -689524746
#r 0 1.8474931754
-656276577 -702240537
#r 0 0.0188908753
582191960 -738122481
#r 0 2.6846941144
582191960 -737122481
#r 0 3.3193755251
580702250 -737390152
#r 0 3.8123188364
619956929 619639294
#r 0 4.9654931484
619956929 618639294
#r 0 5.7267851025
620265165 618447588
#r 0 4.9360010078
279378978 182926265
#r 0 4.0064708715
279378978 181926265
#r 0 2.8357049127
278707332 182138370
#r 0 2.2684733381
-31041134 -356688329
#r 0 2.2966603312
-31041134 -355688329
#r 0 1.1972528416
-31313010 -356381988
#r 0 0.0997387239
531322273 778893238
#r 0 2.6003218137
531322273 777893238
#r 0 3.7040336645
532134282 778405092
#r 0 3.6056386735
-409016762 -551302065
#r 0 0.7221835166
-409016762 -550302065
#r 0 1.6176704459
-408971715 -551262381
#r 0 6.2386781954
-242530425 -410578653
#r 0 0.7317940312
-242530425 -409578653
#r 0 0.7444614407
-285725883 -449374808
#r 0 0.7017439928
280793211 -921368331
#r 0 0.1508728504
280793211 -920368331
#r 0 0.0945401231
298274100 -918710744
#r 0 1.6060576640
730390034 137322819
#r 0 0.3699256188
730390034 136322819
#r 0 0.3973821799
761705342 149466194
#r 0 2.1133742362
336241334 349827929
#r 0 3.5362574405
336241334 348827929
#r 0 1.9354624600
335911965 349690741
#r 0 1.9606123752
182629508 -60733374
#r 0 3.6365528275
182629508 -59733374
#r 0 2.4632280169
183372595 -60332273
#r 0 1.2415501240
-14583895 -391538609
#r 0 2.0797183007
-14583895 -390538609
#r 0 2.2375635873
-16500871 -388102826
#r 0 4.9393568714
-529968658 -541423045
#r 0 4.6016235817
-529968658 -540423045
#r 0 3.3994466523
-529854077 -540392827
#r 0 0.4924632721
-295721070 -115687762
#r 0 3.6515714418
-295721070 -114687762
#r 0 3.6770909558
-325136336 -132140628
#r 0 0.4961205721
-860392259 105310463
#r 0 4.9354383033
-860392259 104310463
#r 0 5.7560282671
-860130931 104158343
#r 0 4.9457032075
134282577 690186611
#r 0 3.9959373444
134282577 689186611
#r 0 6.0775754737
133545611 689340311
#r 0 6.1709811596
120775521 105317247
#r 0 2.2749128549
120775521 104317247
#r 0 0.6958348657
121272400 104732237
#r 0 0.6525931574
705482076 -427802156
#r 0 0.6449212915
705482076 -426802156
#r 0 3.1030224511
706746601 -426850953
#r 0 2.4558514135
67711290 -820628312
#r 0 2.3860592842
67711290 -819628312
#r 0 2.4000582567
29365659 -784507274
#r 0 5.4892977291
433987350 508403551
#r 0 3.3514698236
433987350 507403551
#r 0 2.5874355211
432785216 508147479
#r 0 2.5960270154
-118050258 19266698
#r 0 2.4153426973
-118050258 18266698
#r 0 1.9973359387
-118812263 19943501
#r 0 4.7261945890
-797637337 -148047045
#r 0 1.8975305346
-797637337 -147047045
#r 0 0.4669397200
-797926771 -147192955
#r 0 1.9004654232
-297627869 -312378482
#r 0 1.6549710013
-297627869 -311378482
#r 0 5.3315134150
-297723575 -311244174
#r 0 0.0906459756
526708312 738674488
#r 0 3.1791613957
526708312 737674488
#r 0 2.1817859610
526025884 738648838
#r 0 2.1849194146
902408713 326691638
#r 0 2.1397286635
902408713 325691638
#r 0 2.7592275788
903269555 325345444
#r 0 2.0431331417
194389026 724215994
#r 0 5.9943199340
194389026 723215994
#r 0 0.8362040533
195101112 724004378
#r 0 3.5324149831
479784988 -770379991
#r 0 3.2183098199
479784988 -769379991
#r 0 2.3816805320
480758554 -770305155
#r 0 1.7803585897
-131810955 348029062
#r 0 1.0787476940
-131810955 347029062
#r 0 3.5600245868
-132514734 346716096
#r 0 1.0624910118
586522933 -217901995
#r 0 5.8710145000
586522933 -216901995
#r 0 3.9977354777
585893903 -217626974
#r 0 5.8064001478
-187748036 23994930
#r 0 1.6619006197
-187748036 22994930
#r 0 2.1622102307
-187642295 22837485
#r 0 0.7647092853
352205545 -810872443
#r 0 4.6303444538
352205545 -809872443
#r 0 2.5942755443
352283850 -809920164
#r 0 4.5844068117
-281264150 625950435
#r 0 4.7379448807
-281264150 624950435
#r 0 3.8929811169
-281239185 624973757
#r 0 1.3525394476
805993669 -555805939
#r 0 2.4507299311
805993669 -554805939
#r 0 1.5563658767
805979408 -555794148
#r 0 2.8120087968
109176579 830254230
#r 0 5.4628391299
109176579 829254230
#r 0 5.6016607145
113004012 826149470
#r 0 0.1579621504
454603456 -115132683
#r 0 1.0530299916
454603456 -114132683
#r 0 3.7461342999
455542605 -113483896
#r 0 3.7986210236
-841858840 456991149
#r 0 6.0306247552
-841858840 455991149
#r 0 6.0158855629
-394302774 -111391377
#r 0 6.0939739861
-394302774 -110391377
#r 0 4.1536852276
-394861081 -111284460
#r 0 1.2654595528
-44928054 515757560
#r 0 1.4153834879
-44928054 514757560
#r 0 6.2099560917
-45082950 514768923
#r 0 6.2599437328
-121117037 -740886462
#r 0 0.6316118058
-121117037 -739886462
#r 0 1.6303692690
-121059887 -740844652
#r 0 1.6033629530
-104972969 -794518837
#r 0 2.9235828252
-104972969 -793518837
#r 0 0.8600426771
-105695937 -794358677
#r 0 0.8821270006
-228728329 -70115130
#r 0 3.7157072844
-228728329 -69115130
#r 0 1.4108268956
-228908477 -70231648
#r 0 3.7146261086
211817052 -353830981
#r 0 5.0438248696
211817052 -352830981
#r 0 4.3375654381
211633487 -353297565
#r 0 4.1131168315
714039536 -444378998
#r 0 2.8593673083
714039536 -443378998
#r 0 1.7150937799
714191235 -444422985
#r 0 1.7208809908
210279624 -719446913
#r 0 3.6427609044
210279624 -718446913
#r 0 2.0427822261
210678537 -719228380
#r 0 1.0552647754
-252990652 907596128
#r 0 5.3642392877
-252990652 906596128
#r 0 5.3747501851
-217495118 861082924
#r 0 2.2792068153
-111775591 385835601
#r 0 5.1380007819
-111775591 384835601
#r 0 4.2682820706
-111543445 385323500
#r 0 4.2478976251
-751715650 246572132
#r 0 6.1910464866
-751715650 245572132
#r 0 0.8633870191
-750923222 246498911
#r 0 4.4325090371
734240015 -107718197
#r 0 1.4914942724
734240015 -106718197
#r 0 3.9422587625
734326576 -106628952
#r 0 3.2673805858
451097033 876365304
#r 0 5.0500892954
451097033 875365304
#r 0 5.0772486872
455450404 863967890
#r 0 5.0164377826
-213751703 -188883800
#r 0 2.5962622590
-213751703 -187883800
#r 0 5.7149895351
-182233208 -208006027
#r 0 5.7463059216
-871609781 -439190600
#r 0 1.4426412437
-871609781 -438190600
#r 0 1.4679831432
-872127432 -443207718
#r 0 0.7798053665
873731973 -187795839
#r 0 5.4439156581
873731973 -186795839
#r 0 5.4533158404
825765629 -134361605
#r 0 5.4600556748
476321941 -514170025
#r 0 1.8505618542
476321941 -513170025
#r 0 2.1375108326
475798161 -512346915
#r 0 3.5440884354
648529161 -258031637
#r 0 0.0287544612
648529161 -257031637
#r 0 6.2550209348
666093293 -257526451
#r 0 6.2402784931
-947200162 54478327
#r 0 5.5552185836
-947200162 53478327
#r 0 5.5457481605
-72923073 965837855
#r 0 3.6925851005
-72923073 964837855
#r 0 5.3431644153
-73427165 965528105
#r 0 3.6671850464
533900477 -572149686
#r 0 1.1460696244
533900477 -571149686
#r 0 2.0272144884
534135892 -571629150
#r 0 2.6700221997
-787439174 -505763987
#r 0 5.6444145153
-787439174 -504763987
#r 0 5.6116264273
-768267284 -520001703
#r 0 5.5843037186
-244124713 -774407860
#r 0 0.6933381448
-244124713 -773407860
#r 0 6.1893922494
-243043670 -773509553
#r 0 0.3444791909
912688030 366379819
#r 0 3.6676177079
912688030 365379819
#r 0 2.4332326319
911992267 365975866
#r 0 3.1418464992
65744808 676218049
#r 0 2.9541441105
65744808 675218049
#r 0 0.3299136044
67624141 675861586
#r 0 3.5007822001
-530446177 836542796
#r 0 5.9151323915
-530446177 835542796
#r 0 5.9234726572
-425734400 796163333
#r 0 2.7621897930
-415563059 -298865844
#r 0 2.1575448014
-415563059 -297865844
#r 0 5.6683501732
-416816281 -296980893
#r 0 0.0248047044
-886033412 -228132643
#r 0 0.0923727280
-886033412 -227132643
#r 0 0.0646219206
-850222351 -224815237
#r 0 5.1402864426
-277974413 -935647969
#r 0 1.5660942710
-277974413 -934647969
#r 0 1.0077519778
-277969676 -934640464
#r 0 2.4176962853
200104270 740576328
#r 0 1.4797141123
200104270 739576328
#r 0 0.2769345606
200010501 739549675
#r 0 3.5325812956
-138670661 -326693416
#r 0 3.7562292493
-138670661 -325693416
#r 0 5.4290249901
-138131220 -326312656
#r 0 5.4306715625
-420259027 -893966584
#r 0 2.1816959563
-420259027 -892966584
#r 0 0.8405443600
-420651970 -893405444
#r 0 0.4999692877
-798050443 -196980374
#r 0 6.1452062266
-798050443 -195980374
#r 0 0.6742938094
-799116395 -196832354
#r 0 1.7836256450
-402542994 -134498653
#r 0 0.0738285792
-402542994 -133498653
#r 0 5.4679506866
-401662317 -134433515
#r 0 1.0135885205
508744237 816338581
#r 0 3.2664165171
508744237 815338581
#r 0 3.2840462491
564458069 823329342
#r 0 3.3071575790
-397593185 913590386
#r 0 4.9147936942
-397593185 912590386
#r 0 4.1848337519
-397441423 912850860
#r 0 5.4576193015
-443314379 -868631678
#r 0 2.1266139902
-443314379 -867631678
#r 0 2.1298237664
-530497910 -728270815
#r 0 2.1053551542
-533147680 613971414
#r 0 3.7482975132
-533147680 612971414
#r 0 4.5098593940
-532908207 614137615
#r 0 3.7271589393
-770932227 -336799630
#r 0 0.9589085759
-770932227 -335799630
#r 0 1.0870792589
-773022230 -339777978
#r 0 5.9376258118
-313801222 -169811900
#r 0 1.5950704262
-313801222 -168811900
#r 0 1.6252059848
-313845030 -168007552
#r 0 5.9095659270
396351162 236536477
#r 0 1.3237064390
396351162 235536477
#r 0 2.9280542839
396111999 235588338
#r 0 4.6806578028
653214263 -656222690
#r 0 2.9617374127
653214263 -655222690
#r 0 3.8140280605
652191816 -656036789
#r 0 2.1413291484
-126037657 252119065
#r 0 1.1979852394
-126037657 251119065
#r 0 3.5759204795
-126515436 250897438
#r 0 3.5818838985
795662488 -210263076
#r 0 2.5901615737
795662488 -209263076
#r 0 2.9939038533
793517964 -208944031
#r 0 5.9937106022
-552602322 134431660
#r 0 0.5535497192
-552602322 133431660
#r 0 1.6794495314
-552704516 134368504
#r 0 1.2565296943
-25074801 475442830
#r 0 1.5945043793
-25074801 474442830
#r 0 3.3657938207
-25051216 474448208
#r 0 1.5655078332
-581753711 58339560
#r 0 4.6106696848
-581753711 57339560
#r 0 4.5827212134
-582223569 53736336
#r 0 4.6059738005
-123676106 -141587957
#r 0 4.5332568770
-123676106 -140587957
#r 0 1.9413106230
-123552602 -140905892
#r 0 4.5622720382
-770394741 -202777594
#r 0 6.1588021203
-770394741 -201777594
#r 0 0.8574198528
-771175661 -202679957
#r 0 6.1531901656
226219170 40973701
#r 0 3.7316909205
226219170 39973701
#r 0 5.5208389797
225603643 40561484
#r 0 6.2107162803
-730767039 -317649186
#r 0 1.9329127738
-730767039 -316649186
#r 0 1.2874779312
-730931664 -317214615
#r 0 1.3024442151
313987082 -595303530
#r 0 2.8800437288
313987082 -594303530
#r 0 2.9048000786
276052129 -585149073
#r 0 6.0300958799
422385780 609464897
#r 0 4.5248133457
422385780 608464897
#r 0 4.4792517171
421439874 604481381
#r 0 1.2172796866
-283682688 -708434606
#r 0 2.8232988461
-283682688 -707434606
#r 0 3.1430173961
-286704551 -707438911
#r 0 1.1805967924
-165174039 -771223105
#r 0 1.5428651776
-165174039 -770223105
#r 0 2.7954350199
-165146379 -770233081
#r 0 1.3150929617
-595802012 -385074130
#r 0 2.1380421893
-595802012 -384074130
#r 0 1.5666911463
-595806091 -385067728
#r 0 4.2246256180
277214466 -802769623
#r 0 5.2588618959
277214466 -801769623
#r 0 2.3962889831
275827819 -800489938
#r 0 2.6881144600
-49223034 10182434
#r 0 1.7264272286
-49223034 9182434
#r 0 1.7363062747
-46637961 -6293523
#r 0 2.1747316362
606551053 -19018638
#r 0 1.7651632535
606551053 -18018638
#r 0 2.8744833620
606342993 -17961703
#r 0 3.9419629013
-355498144 909755308
#r 0 4.0436786177
-355498144 908755308
#r 0 3.8968631137
-358583790 905850204
#r 0 5.5067084453
47076853 -733059593
#r 0 3.1298710850
47076853 -732059593
#r 0 4.7615620029
47126094 -733060170
#r 0 4.7550722519
-374230082 240356462
#r 0 0.4566553000
-374230082 239356462
#r 0 0.5272342095
-363231137 245760133
#r 0 0.5331968363
57914385 673072022
#r 0 3.6038755527
57914385 672072022
#r 0 4.1870134167
58729600 673478240
#r 0 0.1211536855
-434227853 -134865342
#r 0 0.0549354061
-434227853 -133865342
#r 0 2.6057955671
-432686360 -134780574
#r 0 2.9063740320
-803935016 3201268
#r 0 4.2648116998
-803935016 2201268
#r 0 0.7648883222
-804825307 1346767
#r 0 4.2419809442
612533705 664406426
#r 0 2.3710661601
612533705 663406426
#r 0 3.6467312503
613190009 663769358
#r 0 2.6263597745
-128789750 -864403732
#r 0 2.6275525534
-128789750 -863403732
#r 0 0.9017013897
-129336423 -864095039
#r 0 1.4293648901
49745228 181238661
#r 0 5.9878031490
49745228 180238661
#r 0 6.0032481043
109278337 163123705
#r 0 2.9302977725
582907428 511612935
#r 0 5.4202425341
582907428 510612935
#r 0 3.0668417752
583821837 510544455
#r 0 5.4398321647
616180789 -199370439
#r 0 5.5205141414
616180789 -198370439
#r 0 5.5216056566
136788327 258712356
#r 0 5.0075154052
144982153 -279834439
#r 0 1.7660203281
144982153 -278834439
#r 0 2.1655480702
144702729 -278421371
#r 0 3.6452081585
-152837913 140842892
#r 0 2.1060963041
-152837913 139842892
#r 0 1.6734571455
-152962595 141053128
#r 0 4.7199795552
549838263 -730153584
#r 0 2.6452227671
549838263 -729153584
#r 0 0.8810835655
549268116 -729844794
#r 0 1.5689010117
-591139324 -247371007
#r 0 0.8369841395
-591139324 -246371007
#r 0 2.8313234642
-590439784 -246595297
#r 0 1.5746437508
-753947354 98952221
#r 0 1.0650587169
-753947354 97952221
#r 0 4.8803756420
-754077181 98717781
#r 0 5.5773048514
-98352464 -743450637
#r 0 1.6099707528
-98352464 -742450637
#r 0 0.5253883290
-98390788 -742472855
#r 0 1.5831415008
611104978 -524723090
#r 0 2.6852552342
611104978 -523723090
#r 0 1.6840596789
611225456 -524782232
#r 0 2.9099597666
-276948858 -364114257
#r 0 6.1769867377
-276948858 -363114257
#r 0 6.1405762274
-249910251 -366996562
#r 0 6.1878978393
-558362802 302376104
#r 0 0.9771345939
-558362802 301376104
#r 0 0.4602151332
-559376954 300873372
#r 0 5.9961086936
-267275647 10250653
#r 0 1.8359100168
-267275647 9250653
#r 0 1.1865858691
-267113219 9652401
#r 0 1.6745171992
425647155 -827346206
#r 0 2.4685821658
425647155 -826346206
#r 0 3.9368421986
425096817 -826907495
#r 0 2.6538152097
112162654 -453062467
#r 0 2.8556261131
112162654 -452062467
#r 0 2.7714626620
