701687785 -541700890
#r 0 2.3333239546
667150217 -505546272
#r 0 2.7495086840
620944479 -486440518
#r 0 1.8214859139
608540877 -438003439
#r 0 5.1383813879
618871494 -460769165
#r 0 1.9632232322
614091095 -449219370
#r 0 1.9436874248
611811598 -443392330
#r 0 2.2951381040
609723019 -441031764
#r 0 5.4685011506
610804273 -442178279
#r 1 611039149 -442311149
-499127383 633119407
#r 0 4.2280085706
-522410390 588871225
#r 0 0.7149588089
-503532384 605260883
#r 0 5.0284682032
-499148786 591857174
#r 0 0.0808199975
-478585010 593522766
#r 0 4.7219065832
-478372732 571219724
#r 0 4.8715449626
-473199270 538989043
#r 0 4.5819180399
-479550547 490585950
#r 0 4.7328614701
-478077945 418665222
#r 0 1.6520850386
-480998510 454514353
#r 0 1.6243040656
-481963881 472538842
#r 0 5.7660421514
-474118894 468076812
#r 0 2.5320044986
-477818686 470660399
#r 0 2.6313807082
-479804361 471771656
#r 1 -479960953 471710470
-483608482 -622730427
#r 0 0.9619665988
-455013089 -581714534
#r 0 2.3065509712
-488570428 -544648310
#r 0 1.3723892494
-478715033 -495629220
#r 0 2.7976820909
-525787200 -478770658
#r 0 2.6026187273
-568698989 -453107876
#r 0 5.5239854456
-550564314 -470316407
#r 0 2.6268635304
-561444639 -464162669
#r 0 5.8776507073
-555701567 -466628356
#r 0 2.6852702235
-558506813 -465251326
#r 0 2.8371034032
-560001277 -464781673
#r 1 -560090955 -464733379
-400050622 -282770132
#r 0 0.2598879389
-351729683 -269921519
#r 0 0.0568826809
-301810552 -267078918
#r 0 1.1448762457
-281152610 -221545969
#r 0 5.2619038012
-268095771 -242865419
#r 0 0.3155023762
-248365798 -236425452
#r 0 0.5943648771
-222843102 -219174767
#r 0 6.2107395678
-176783435 -222517444
#r 0 5.8706291511
-115986096 -249126835
#r 0 6.0525863508
-25112165 -270461784
#r 0 0.7192887939
78972182 -179303632
#r 0 3.9473082017
31058604 -229204824
#r 0 0.1501491027
65259308 -224030677
#r 0 3.2286950657
48029932 -225535204
#r 0 3.4103957686
39659936 -227840887
#r 0 3.3982399179
35448157 -228946204
#r 1 35488835 -228660977
301295572 728310821
#r 0 4.3253929483
282425157 682008473
#r 0 4.3110658102
262893321 635981227
#r 0 4.3175780802
243661639 589827761
#r 0 1.2301604017
252013803 613391321
#r 0 1.1791397549
256799284 624978646
#r 0 4.1765956650
253599165 619588752
#r 0 0.9459154540
255432648 622130655
#r 1 255624954 622348430
538670319 187274473
#r 0 1.2953189711
552270635 235389246
#r 0 3.6711059507
530694311 222761413
#r 0 1.2200868052
534988863 234500527
#r 0 1.1068396241
538860683 242238187
#r 0 4.1178277000
536437409 238654427
#r 0 2.7697523922
534388119 239453613
#r 0 1.3204209833
535006223 241870519
#r 0 1.5618175073
535039310 245555376
#r 0 2.2774462647
531450374 249759254
#r 0 2.1755137630
526997752 256202201
#r 0 2.1965826136
520224847 265574120
#r 0 2.1945341957
510178005 279536463
#r 0 2.3260335311
492555467 298255428
#r 0 1.3789767836
499855766 335845662
#r 0 0.2554227516
551746869 349395794
#r 0 0.0996343941
609514424 355170551
#r 0 3.1431310611
580486721 355125895
#r 0 0.1755296777
594777572 357660447
#r 0 3.4566632646
587877864 355411642
#r 0 1.0712994134
589615842 358596796
#r 0 4.3794275666
-356518068 -65592954
#r 0 3.3750713071
-405161441 -77161113
#r 0 3.1893228898
-455104497 -79546719
#r 0 6.1698609931
-430264856 -82373767
#r 0 0.4939742494
-418977901 -76295697
#r 0 3.6807592579
-424478321 -79586584
#r 0 6.1713313767
-421293488 -79944313
#r 0 2.9833726571
-422875903 -79691833
#r 1 -423227396 -79607837
-276446552 932869643
#r 0 6.2246168151
-226532284 929942892
#r 0 0.0111894592
-176535414 930502353
#r 1 -176821293 930321664
-550539604 -271667289
#r 0 2.8467794772
-598382426 -257139234
#r 0 4.3203674330
-617485295 -303346164
#r 0 4.4412593801
-630876292 -351519613
#r 0 5.1333881279
-610442664 -397153667
#r 0 3.7569976534
-651269650 -426018130
#r 0 5.9834190722
-627384511 -433400552
#r 0 6.1026260136
-607704338 -436993116
#r 0 0.0660768528
-587781188 -435674738
#r 0 6.1887074143
-565534620 -437782823
#r 0 3.0622726031
-576672602 -436897500
#r 0 5.7649271318
-571819654 -439664900
#r 0 2.6770786323
-574316954 -438413544
#r 0 2.4238901026
-575372102 -437492388
#r 1 -575393492 -437529409
-618319202 -169265767
#r 0 0.6654349476
-578986786 -138395700
#r 0 4.1005349902
-593346438 -158860312
#r 0 2.5630342574
-604671893 -151463544
#r 0 0.2165071732
-598066325 -150010618
#r 0 5.2070853838
-595685458 -154424242
#r 0 5.6656216773
-593641135 -155876197
#r 0 4.2061434158
-594368149 -157187455
#r 0 6.0905351523
-593406186 -157375104
#r 0 0.0681924646
-592664709 -157324462
#r 0 2.5072727945
-592964025 -157104240
#r 0 4.2004107633
-593091040 -157330261
#r 0 0.0990400358
-592962043 -157317443
#r 0 3.0870949343
-593026763 -157313912
#r 0 3.0155226753
-593059661 -157309742
#r 0 5.5035915336
-593047869 -157321398
#r 0 3.0148874987
-593056093 -157320350
#r 0 5.7026806783
-593052627 -157322623
#r 0 1.0249013522
-593051352 -157320524
#r 0 4.4470376231
-593051674 -157321708
#r 0 1.1229992421
-593051409 -157321155
#r 0 2.3875372630
755102565 -188650360
#r 0 4.1251622083
727399840 -230274380
#r 0 5.4815011093
762174718 -266200803
#r 0 5.2652735286
788431928 -308751466
#r 0 5.5153950010
824404286 -343478825
#r 0 5.4890256853
859448508 -379142567
#r 0 5.2989295578
887122664 -420785587
#r 0 2.1629226265
873169499 -400041692
#r 0 2.0355436847
867566862 -388867158
#r 0 3.5607860786
861781327 -391445224
#r 0 0.4747210548
864598095 -389997632
#r 0 0.3342518390
866098548 -389476551
#r 1 865912331 -389585300
380790345 -501424583
#r 0 2.7505604155
334564539 -482367436
#r 0 2.6519713360
290438988 -458852849
#r 0 2.3741401538
254454901 -424137644
#r 0 0.9178397435
284831773 -384423092
#r 0 4.5386889045
280511075 -409046892
#r 0 0.3706368847
294544125 -403593704
#r 0 4.4668504318
292714306 -410895601
#r 0 3.1022949611
286547836 -410653148
#r 0 3.0074110511
283452511 -410235302
#r 0 3.0420608108
281874143 -410077683
#r 0 2.4995241874
281189832 -409565980
#r 0 1.3997275744
281262565 -409144968
#r 0 1.8408463676
281161474 -408779770
#r 0 2.2913629914
280929512 -408515598
#r 0 3.1415001664
280591369 -408515567
#r 0 3.0092759644
280325040 -408480120
#r 0 1.8320098583
280248013 -408191977
#r 0 0.1731953607
280688558 -408114904
#r 0 3.1669049590
280465012 -408120564
#r 0 4.4468667733
280435038 -408230784
#r 0 2.2051336220
-579009961 358478730
#r 0 3.8977219819
-615384819 324173196
#r 0 5.8881261909
-569236128 304930058
#r 0 6.0241402387
-520904376 292122178
#r 0 3.9776271143
-554424900 255022657
#r 0 6.2206721951
-529473734 253460847
#r 0 3.8572669855
-538906870 245259267
#r 0 5.2794912852
-533982466 237527288
#r 0 3.6909277730
-545456532 230502970
#r 0 5.8117225399
-533826498 224573892
#r 0 3.6033610002
-539669980 221665865
#r 0 0.5455698270
-536880199 223359335
#r 0 0.7145318279
-535638937 224436055
#r 0 3.6829023545
-536343070 224012722
#r 0 6.0509221655
-535943305 223918165
#r 0 0.0879480822
-535644113 223944546
#r 0 0.1462898125
-535400970 223980371
#r 0 0.7061907078
-535205405 224147174
#r 0 0.1023961688
-534946288 224173800
#r 0 0.0807628045
-534577178 224203675
#r 0 4.5073268088
-534687839 223671616
#r 0 0.1851255232
299350043 -849072587
#r 0 2.6293692023
255767197 -824566760
#r 0 2.4906294630
215992171 -794269115
#r 0 5.2943070232
229732853 -815154364
#r 0 1.4393403514
231371324 -802762214
#r 0 4.5716400838
230494545 -808950408
#r 0 4.6376061358
230261046 -812066942
#r 1 230593875 -811186602
547958642 -796389549
#r 0 3.7164162413
505994231 -823573886
#r 0 3.6135976586
461461308 -846307535
#r 0 3.5052332294
414730901 -864091490
#r 0 5.6540016542
434943605 -878803613
#r 0 2.5062530931
424882728 -871385478
#r 0 5.6295238669
429844369 -875186085
#r 0 5.7966498089
432607664 -876647719
#r 1 431762554 -876628099
120566706 -818818612
#r 0 1.7188184384
113192598 -769365376
#r 0 4.9747635393
119676962 -793509796
#r 0 4.7194915672
119766896 -806171702
#r 0 1.7618192649
118564850 -799955750
#r 0 4.8321070208
118942919 -803098647
#r 1 119003981 -802964802
137093106 -178832048
#r 0 4.8812694814
145497050 -228120725
#r 0 6.2206444716
195399298 -231245729
#r 0 0.2216182057
244176450 -220255302
#r 0 3.5508776988
221241311 -230204140
#r 0 3.1997260826
208331659 -230955469
#r 0 3.1910045246
201871745 -231274925
#r 0 3.1541002453
198635742 -231315402
#r 0 0.1037590047
200245167 -231147808
#r 0 0.1113052089
201055887 -231057196
#r 0 0.2128312825
201468566 -230968014
#r 0 4.6842733533
201461444 -231221265
#r 0 3.2055815677
201254970 -231234495
#r 0 3.0391892581
200947540 -231202903
#r 0 3.1648240141
200484162 -231213670
#r 0 2.9292302667
199805296 -231067297
#r 0 0.2698675801
200139961 -230974723
#r 0 3.1556835941
199966362 -230977169
#r 0 5.9976941418
200049656 -231001617
#r 0 5.7339636597
200089839 -231026211
#r 0 3.0847267264
200066322 -231024872
#r 0 3.0023042746
-671832205 450572368
#r 0 0.1554445459
-622435065 458313333
#r 0 5.5011045381
-586962633 423075476
#r 0 0.2611641635
-538658131 435985747
#r 0 4.0764168111
-553507128 415873381
#r 0 5.5115578424
-541242383 403941857
#r 0 5.5601655373
-522661145 387545311
#r 0 0.5430447683
-491213103 406526595
#r 0 5.7673758937
-448949697 382562790
#r 0 5.9080483885
-382032972 356212006
#r 0 6.2358521487
-274372788 351112300
#r 0 0.8311756931
-166273261 469591283
#r 0 0.9085147320
-36140321 636478175
#r 0 0.7204551043
185823030 831333899
#r 0 3.7287240117
62875257 749523353
#r 0 1.4049912206
75062214 822350258
#r 0 4.8549805643
80308842 785805179
#r 0 2.6958008419
63653047 793764574
#r 0 5.6493360269
71090109 788298133
#r 0 2.4043186276
67673627 791400651
#r 0 5.5502007089
69388506 789856734
#r 1 68727377 790330763
-468532303 -84888903
#r 0 0.9423158543
-439136490 -44442813
#r 0 5.9184702003
-392425219 -62276971
#r 0 4.9298615173
-381637100 -111099266
#r 0 4.2330823552
-404695302 -155465011
#r 0 3.1014752701
-454655072 -153459680
#r 0 0.3228956938
-430947059 -145526832
#r 0 0.1870671762
-417156940 -142916635
#r 0 6.1852558486
-408356878 -143781186
#r 0 3.1282782436
-412777700 -143722322
#r 0 0.3635868942
-410711607 -142936167
#r 0 1.3038680441
-410381663 -141729586
#r 0 5.4924548895
-409367994 -142754123
#r 0 5.9209012838
-408694143 -143009521
#r 0 0.4845128679
-408321534 -142813394
#r 0 3.9179211828
-408471750 -142960909
#r 0 0.4488780668
-408376910 -142915227
#r 0 0.1416432338
-408319533 -142907045
#r 0 0.4916367661
-408278244 -142884935
#r 0 0.3987459372
-408239715 -142868702
#r 0 3.8207154533
-408255981 -142881832
#r 0 6.2684289003
242220329 -192797614
#r 0 3.6006057815
197395820 -214950794
#r 0 3.5832301082
152193170 -236321813
#r 0 0.6256096701
172458326 -221682023
#r 0 3.6418459627
161490063 -227677620
#r 0 3.9758597713
157226431 -232379749
#r 0 0.9740364055
159009920 -229754619
#r 1 159358657 -229932996
474168597 127670696
#r 0 4.5460217215
465888554 78361053
#r 0 3.3700540740
417187754 67037093
#r 0 2.5347759028
376114382 95549864
#r 0 3.4191685434
328028255 81848607
#r 0 3.7473737716
286925376 53378388
#r 0 3.6702853591
243752015 28158140
#r 0 3.7488432741
202691018 -372449
#r 0 0.7464112617
221044277 16602764
#r 0 0.4490595366
232520628 22133168
#r 0 3.5042981627
226565345 19873169
#r 0 4.1556664185
224869956 17149185
#r 0 1.0590174777
225655602 18547887
#r 1 226017352 18922808
595496296 -707793242
#r 0 2.5304865847
554545602 -679104557
#r 0 0.9148819321
585039809 -639480028
#r 0 3.4085068008
560925075 -646073931
#r 0 0.9572525662
568122181 -635853772
#r 0 0.6655191944
574926987 -630512090
#r 0 0.7147978492
580030954 -626082328
#r 0 2.5624663631
574045406 -622168256
#r 0 0.5782056376
582632525 -616564243
#r 0 3.3847268296
577656342 -617798541
#r 0 0.6439189799
579706489 -616259591
#r 0 0.6660433885
580863038 -615350735
#r 0 3.3424264980
580142357 -615497450
#r 0 3.1764895452
579703637 -615512766
#r 0 0.5398992156
579891909 -615399936
#r 0 0.6638869873
579997748 -615317133
#r 0 0.4738745771
580100583 -615264394
#r 0 0.6696060028
580193405 -615190915
#r 0 1.0545254009
580270106 -615055788
#r 0 0.5657056585
580464176 -614932568
#r 0 0.5288383964
580744832 -614768565
#r 0 0.6541388524
677928845 -196320030
#r 0 3.9659077877
643975851 -233024174
#r 0 4.9095675201
653771017 -282055335
#r 0 4.3154460680
634440979 -328167694
#r 0 5.0667597725
651790995 -375060944
#r 0 2.9380415923
602823249 -364953527
#r 0 3.2508371720
553121312 -370404895
#r 0 3.8780870227
516079921 -403989644
#r 0 4.0105248928
483797806 -442171643
#r 0 2.9609106117
434611738 -433186615
#r 0 3.6502865871
390942670 -457538463
#r 0 4.0300446564
359411961 -496343287
#r 0 1.6623165075
357127149 -471447914
#r 0 1.0245445465
366624559 -455826142
#r 0 1.1433700421
371677332 -444733572
#r 0 3.5720184835
366138650 -447276583
#r 0 2.9438082280
361940446 -446435244
#r 0 1.0246898179
364665621 -441951285
#r 0 2.2201262393
360429284 -436370898
#r 0 2.2421570319
354078807 -428377561
#r 0 0.7940613698
364656141 -417615353
#r 0 0.7910894923
134234208 -184258840
#r 0 4.7870021237
137961405 -234119727
#r 0 0.1074693778
187672941 -228756596
#r 0 0.1175963661
237327617 -222890320
#r 0 3.9708631043
220442269 -241326290
#r 0 4.1604461774
211240745 -256269129
#r 0 4.0061338476
199485345 -270049758
#r 0 4.0916943320
186995627 -287518915
#r 0 0.8818747139
193821428 -279230396
#r 0 5.3636695726
197091062 -283519976
#r 0 4.6357414588
196567254 -290340567
#r 0 4.0081719895
189931163 -298152118
#r 0 3.9836985735
180048621 -309224227
#r 0 3.9954488502
165681120 -325706982
#r 0 3.1828829079
133149494 -327050985
#r 0 0.1286568369
149294632 -324962265
#r 0 6.1038965875
157364865 -326424872
#r 0 0.1922446106
161461569 -325627455
#r 1 162150349 -325764986
-222667336 -46611794
#r 0 6.2773353336
-172668192 -46904291
#r 0 3.1469145001
-197667837 -47037337
#r 0 2.4981833354
-207669773 -39537319
#r 0 5.6656814045
-202573349 -43156531
#r 0 5.6490869875
-200053826 -45009415
#r 0 5.6040062799
-198835589 -45992903
#r 1 -198782554 -46264810
219528894 970092025
#r 0 5.8890745982
265695814 950892664
#r 0 3.9926661493
232737001 913293241
#r 0 2.7805544718
185960471 930955525
#r 0 4.9006183672
195316464 881838670
#r 0 2.8645680043
147222792 895513418
#r 0 5.5255982478
165385198 878334157
#r 0 2.7728250815
153725544 882839984
#r 0 2.6887331413
147321284 885956212
#r 0 4.3333765226
145553092 881516509
#r 0 4.6309161397
144979501 874491815
#r 0 4.5244245542
143004306 864107518
#r 0 4.2306260970
135663125 850066912
#r 0 4.2566210626
125342967 829013480
#r 0 0.1236978509
136976792 830459944
#r 0 2.4910272768
132312394 834010003
#r 0 4.4205190036
131078630 829903622
#r 0 4.5585595164
130633951 827035730
#r 0 4.0695147034
128940806 824775252
#r 0 4.0048263687
127134045 822662820
#r 0 4.5154862948
126488614 819427372
#r 0 4.9015938943
-384209398 -106897359
#r 0 2.8856062477
-432580098 -94237369
#r 0 4.0397930889
-463731028 -133347720
#r 0 0.3503398564
-440249626 -124767294
#r 0 1.2411047751
-435154020 -109875709
#r 0 0.3520244268
-427715596 -107143395
#r 0 4.9703358479
-425956410 -113811414
#r 0 1.2908066816
-425003546 -110497602
#r 0 1.2335528938
-424289913 -108462362
#r 0 0.5771058949
-422751754 -107460959
#r 0 5.0380730649
-421956023 -109817217
#r 0 5.4765937890
-419759054 -112109339
#r 0 2.7282815965
-421212870 -111471734
#r 0 4.2685551819
-421602287 -112290745
#r 0 6.0889480959
-420376435 -112531891
#r 0 0.3628243108
-418908277 -111974533
#r 0 6.0041306772
-417113500 -112488792
#r 0 0.2728066981
-414450474 -111743725
#r 0 5.7347125710
-411144343 -113763790
#r 0 1.3654663826
-409971009 -108129941
#r 0 3.1071948678
-416019029 -107921820
#r 0 5.3500533523
615373946 -411111791
#r 0 5.9536023457
662682816 -427294214
#r 0 5.8505634054
708076298 -448256843
#r 0 3.7308816699
666509496 -476045348
#r 0 1.3467189369
672064669 -451670360
#r 0 1.4657638366
673960851 -433683508
#r 0 1.8580785356
668705080 -415894795
#r 0 4.9963184874
671303130 -424797911
#r 0 5.0417268670
672802902 -429185964
#r 0 4.9044935031
673246251 -431465356
#r 1 673278909 -431590294
326662212 790338362
#r 0 2.7200222107
281039839 810798057
#r 0 5.3666284297
296253737 790960282
#r 0 4.5462908097
293739411 775962159
#r 0 3.4445667709
276595173 770602905
#r 0 4.5779033461
272987310 743937713
#r 0 5.3912582858
295262788 716327808
#r 0 0.5048150225
330446563 735769345
#r 0 3.5356796159
311888246 728052045
#r 0 4.6366622712
311118704 717909378
#r 0 0.6128685103
315278985 720834876
#r 0 4.5569288071
314885247 718322589
#r 0 0.5865373299
315944212 719026327
#r 0 4.4771864274
315796060 718408093
#r 0 4.4678276385
315685307 717964296
#r 0 3.1541857989
315247030 717958776
#r 0 3.3120450424
314994211 717915260
#r 0 5.4055869507
315128928 717753092
#r 0 4.5973363014
315093372 717445420
#r 0 0.6432528008
315217282 717538305
#r 0 4.7074049596
315216896 717460877
#r 0 0.7245285019
340630368 -61653550
#r 0 5.9387696459
387694014 -78535886
#r 0 5.7609366079
431028997 -103477403
#r 0 5.8983862245
477372691 -122246049
#r 0 5.9288028238
524265739 -139596613
#r 0 2.7666613385
501002420 -130441398
#r 0 3.8667388166
491643440 -138735458
#r 0 0.5952498925
496820677 -135229506
#r 0 0.9653650676
498629648 -132615914
#r 0 0.6406920608
499919744 -131653993
#r 1 499497769 -132083160
-936931568 -253662529
#r 0 5.0575944216
-920012068 -300712827
#r 0 1.9018707146
-928138549 -277070486
#r 0 1.8994252119
-932173674 -265237052
#r 0 1.9935310873
-934740702 -259530727
#r 0 1.4129728679
-934248461 -256437733
#r 0 5.7668075235
-932570039 -257390678
#r 0 1.8443973864
-932830793 -256461534
#r 0 1.9962271346
-933123379 -255815795
#r 0 2.0204842226
-933402781 -255236927
#r 0 1.7312194249
-933520084 -254512001
#r 0 1.9187317228
-933871079 -253544248
#r 0 1.9676935118
-934435066 -252198668
#r 0 1.8112186529
-934940243 -250138105
#r 0 1.9024839574
-935972111 -247142072
#r 0 1.9866304531
-937881620 -242817856
#r 0 1.3899455049
-936613909 -235884738
#r 0 2.1041649712
-941873350 -226977241
#r 0 1.8977833180
-946760470 -212567837
#r 0 2.1129682764
-958530189 -193029331
#r 0 1.9647542090
-971561507 -161680620
#r 0 1.9087104357
-55698254 -527054964
#r 0 0.0263488038
-5715609 -525737676
#r 0 0.8306902961
28002701 -488817823
#r 0 0.7471359186
64684608 -454840805
#r 0 0.4024942973
110688948 -435255079
#r 0 0.4700214846
155266876 -412609807
#r 0 1.5910751310
154253005 -362620087
#r 0 5.5286404757
172467590 -379744015
#r 0 5.3697282884
183800290 -394426525
#r 0 5.3668724252
194098720 -407848118
#r 0 2.0703755065
190046539 -400423226
#r 0 5.3443810233
192545033 -403835676
#r 0 2.0806257769
191513015 -401989935
#r 1 191869856 -402772872
-176767589 -188188183
#r 0 0.4570300153
-131899236 -166123938
#r 0 5.0785857930
-113995886 -212808733
#r 0 4.5549356554
-121836063 -262190224
#r 0 1.9003382604
-129926304 -238535457
#r 0 2.9704548054
-144835075 -235958797
#r 0 0.9802795715
-134099770 -219943228
#r 0 2.7789652776
-144072280 -216159603
#r 0 5.3013115688
-141109941 -220594266
#r 0 0.9903144879
-139179386 -217650707
#r 0 0.0622414655
-136398290 -217477384
#r 0 1.6129760520
-136469363 -215793388
#r 0 2.0151289146
-137496441 -213636042
#r 0 4.5456847156
-137694678 -214814158
#r 0 1.8634156882
-137866987 -214242212
#r 0 4.9969779532
-137783132 -214528867
#r 0 0.3659066019
-137643675 -214475432
#r 0 2.0464576764
-137722105 -214323173
#r 0 0.2850095112
-137486149 -214254041
#r 0 6.1959317450
-137188449 -214280083
#r 0 1.0387444613
-137001795 -213963009
#r 0 0.6867345056
133207554 429148051
#r 0 5.7717908692
176810700 404678363
#r 0 5.7969795684
221016309 381314628
#r 0 5.7849728943
264938218 357421827
#r 0 2.9237898511
240528853 362823948
#r 0 6.0568427047
252710024 360018761
#r 0 5.8183665494
258297323 357216927
#r 1 258648550 358105549
420725815 -425022251
#r 0 1.8757890404
405711504 -377329794
#r 0 3.5950288390
360764146 -399232647
#r 0 0.4472300290
383305357 -388420906
#r 0 0.4063064035
394788135 -383480477
#r 0 0.5229653921
400218358 -380349920
#r 1 400622501 -379899217
-984543034 144270826
#r 0 5.5004323115
-949094298 109009131
#r 0 5.4842827463
-914219621 73179578
#r 0 5.5876510701
-875834047 41139794
#r 0 2.5408962727
-896457602 55270221
#r 0 5.5357031243
-887290068 46772792
#r 0 1.1337008505
-884588079 52555700
#r 0 4.3351538284
-885763674 49588602
#r 0 4.0142440380
-886793087 48361828
#r 1 -886727473 47932634
366737756 485628537
#r 0 2.2780987207
334248474 523634412
#r 0 2.2686096340
302121290 561946865
#r 0 2.5822273745
259741685 588479281
#r 0 2.5739161408
217584059 615363003
#r 0 5.8255702985
240011777 604317759
#r 0 5.6790978872
250423288 597132211
#r 0 5.6923821735
255703714 593590527
#r 0 5.0770293296
256865174 590547746
#r 0 5.6974028299
258341329 589568369
#r 0 5.6423375318
259052342 589038051
#r 0 5.7062276201
259424203 588796033
#r 0 5.7103697678
259612645 588674498
#r 0 5.6860641992
259709403 588608710
#r 0 5.7325880874
259766243 588573814
#r 0 5.6880146315
259806681 588546435
#r 0 4.4420715762
259794203 588501404
#r 0 5.6449849872
259817088 588484429
#r 0 2.8603930727
259803402 588488382
#r 0 5.6715973110
259809233 588484293
#r 0 5.7984903913
259812709 588482463
#r 0 5.8049904270
-649282821 -270779598
#r 0 4.3178500409
-668501951 -316938292
#r 0 0.2682179818
-644395835 -310312953
#r 0 4.0901333957
-651681703 -320470025
#r 0 4.1394825153
-656340046 -327691403
#r 0 0.3461251706
-652298112 -326233706
#r 0 4.1057576835
-653522908 -327998755
#r 0 1.0589488145
-652996783 -327062234
#r 0 1.0976478717
-652749847 -326579874
#r 0 0.6528621461
-652523808 -326407015
#r 0 3.9826996387
-652618657 -326513067
#r 0 4.3272770932
-652646310 -326581286
#r 0 4.5242779678
-652655992 -326632146
#r 0 5.4348572298
-652620474 -326672441
#r 0 1.0149127101
-652578502 -326604878
#r 0 0.5573608030
-652505026 -326559082
#r 0 0.1959792490
-652384527 -326535160
#r 0 4.1426059138
-652417663 -326586881
#r 0 0.8074484227
-652396430 -326564691
#r 0 4.5453900036
-652398983 -326579833
#r 0 4.5642081455
-652400457 -326589706
#r 0 3.9835937340
411724544 245564399
#r 0 4.2342910760
388719984 201170816
#r 0 2.9196289156
339946633 212178096
#r 0 0.9813786691
367740485 253741323
#r 0 1.7283931099
359893224 303121688
#r 0 0.2875186794
407840747 317300370
#r 0 3.4966081622
384399720 308610248
#r 0 0.3004769645
396339662 312309946
#r 0 0.1229691992
402560885 313078844
#r 0 0.3822538405
405696959 314339635
#r 0 0.8788491768
406863093 315746964
#r 0 0.1748366230
407766827 315906600
#r 0 4.4765837236
407603788 315228048
#r 0 1.9124431979
407486882 315556813
#r 0 0.2345224725
407704759 315608868
#r 0 1.1761008981
407763232 315749242
#r 0 0.2374865651
407839722 315767757
#r 0 3.4507993520
407802239 315755783
#r 0 0.7780921065
407816252 315769593
#r 0 0.8168524725
407824309 315778173
#r 0 3.5675767854
407818951 315775742
#r 0 0.6920265597
795592083 -315379132
#r 0 3.9185053269
759938013 -350433194
#r 0 4.2202928137
736314295 -394500415
#r 0 4.1920069083
711453711 -437881879
#r 0 4.2704271680
690068031 -483077594
#r 0 4.0971441910
661210109 -523909203
#r 0 4.1954307577
636498202 -567375531
#r 0 4.0926396269
607456645 -608076734
#r 0 0.9278081824
622446383 -588069043
#r 0 0.8927758096
630291273 -578328589
#r 0 4.0273087949
626334544 -583171003
#r 1 626926860 -582412942
-521849662 466816098
#r 0 5.2202163439
-497535665 423125944
#r 0 5.4537293495
-463771809 386247739
#r 0 0.5861503287
-422117993 413905642
#r 0 5.3108783680
-393948240 372596261
#r 0 0.7408727944
-357054252 406342870
#r 0 0.5552916281
-314566915 432702427
#r 0 0.7181442033
-276915509 465601844
#r 0 0.6239783858
-236337487 494815268
#r 0 0.6743913340
-197283129 526036369
#r 0 0.4740048070
-152795758 548859029
#r 0 3.6268305292
-174909858 537198560
#r 0 0.5100301606
-164000737 543301104
#r 0 3.5626319056
-169704890 540746672
#r 0 0.4176219143
-166848466 542014134
#r 0 3.6482985249
-168214634 541255854
#r 1 -168213026 541310427
-558514126 -706353026
#r 0 6.0477888429
-509893028 -718014453
#r 0 5.8310125242
-464918033 -739860502
#r 0 6.0461643887
-416315943 -751600896
#r 0 6.0214214024
-368019193 -764540135
#r 0 5.9107900868
-321446267 -782732511
#r 0 6.2333245256
-271508407 -785224517
#r 0 6.2413298675
-221552198 -787316678
#r 0 3.1420135606
-246552195 -787327201
#r 0 3.0334105809
-259001308 -785975152
#r 0 2.9900371907
-265194299 -785029318
#r 0 3.0997941642
-268350102 -784897333
#r 0 3.2846763825
-269921481 -785123719
#r 1 -270212216 -785206255
-218018041 -776753981
#r 0 2.7120639990
-263476148 -755931865
#r 0 2.7483337018
-309659405 -736771834
#r 0 0.1219582569
-284845097 -733730430
#r 0 4.8098438099
-283345960 -749064591
#r 0 4.7323192261
-283136477 -759574030
#r 0 0.0404155310
-273147218 -759170089
#r 0 5.7385476054
-268785621 -761812132
#r 0 5.8269648367
-265229454 -763557322
#r 0 5.7810904675
-261800100 -765440125
#r 0 6.2473131333
-256975781 -765613258
#r 0 0.3602567601
-251519458 -763557883
#r 0 2.7201736760
-254179701 -762365361
#r 0 4.6847247430
-254238973 -764507371
#r 0 0.1032680849
-252770938 -764355229
#r 0 4.6134950350
-252987607 -766539008
#r 0 6.0014141403
-251021232 -767108220
#r 0 4.5862062398
-251407545 -770153487
#r 0 4.6494567544
-251633468 -773738691
#r 0 5.7492477861
-247448061 -776213181
#r 0 0.3120788584
-240665994 -774025142
#r 0 0.3166041812
517252615 315449462
#r 0 4.1769297232
491740811 272447742
#r 0 0.5165112777
513479495 284793981
#r 0 0.7183793184
525106423 294958295
#r 0 1.6575227067
524156023 305889411
#r 0 1.5412805130
524330023 311782850
#r 0 0.5640942089
527697980 313913647
#r 0 0.6129074086
532015955 316950286
#r 0 0.6779445547
537794900 321603882
#r 0 0.6524341484
546314849 328113570
#r 0 0.4739917563
560418163 335348540
#r 0 0.6714791457
579024399 350134257
#r 0 0.5944574225
608369597 369972513
#r 0 3.7545136495
593882631 359784183
#r 0 3.6299862814
586059848 355627731
#r 0 0.4256999065
590093761 357456815
#r 1 589164357 357133532
-836634468 79323631
#r 0 4.1951912211
-861356786 35863224
#r 0 0.0574451589
-836398025 37298563
#r 0 3.9314571836
-845197294 28420340
#r 0 4.9495447049
-843107375 19773742
#r 0 0.3183476639
-831553975 23581241
#r 0 3.8811403658
-836047426 19482043
#r 0 0.4103863437
-833258787 20695354
#r 0 0.5954696321
-831871324 21635369
#r 0 5.6531062378
-831074824 21054533
#r 0 3.9410621628
-831971187 20132582
#r 0 3.8705875611
-833266645 18975596
#r 0 3.9310657477
-834996833 17231249
#r 0 5.9140775819
-831628442 15928231
#r 0 0.5030854354
-828275886 17773195
#r 0 5.5342011483
-825833661 15502656
#r 0 4.0033604471
-829056187 11746102
#r 0 6.1524547096
-826602614 11423505
#r 0 4.8349256204
-826348926 9363571
#r 0 3.9770229967
-828415395 7079240
#r 0 0.3542437865
-826970858 7613495
#r 0 3.9471477322
-478957491 -425697431
#r 0 3.5401885156
-525037835 -445103664
#r 0 1.1582708259
-515014729 -422200885
#r 0 4.0070371538
-523118500 -431718178
#r 0 3.5695783416
-529269860 -434524338
#r 0 5.0419834206
-527425909 -439914875
#r 0 4.0060835276
-529279517 -442087602
#r 0 2.5349406901
-531417491 -440603962
#r 0 5.9441068477
-530190413 -441036753
#r 0 3.4925624870
-530801335 -441260429
#r 0 6.2135661597
-530476833 -441283057
#r 0 1.3593688293
-530437196 -441098384
#r 0 5.9188428094
-530318363 -441143703
#r 0 6.0037433406
-530238217 -441166701
#r 0 2.4467877785
-530270242 -441140010
#r 0 1.1621271693
-530260653 -441117866
#r 0 3.5657577410
-530271649 -441122831
#r 0 0.8008554065
-530267450 -441118500
#r 0 3.8841971960
-530269672 -441120539
#r 0 0.6011031483
-530268429 -441119687
#r 0 3.5480465376
-530269121 -441119985
#r 0 0.7441333571
744680137 283363242
#r 0 1.8883304575
729068891 330863653
#r 0 1.8356787817
715979100 379119817
#r 0 2.6318512529
672335564 403517394
#r 0 1.6474215383
668508051 453370680
#r 0 4.1873022295
655975850 431738669
#r 0 1.6164155226
655405808 444225663
#r 0 3.0792920128
647432251 444723064
#r 0 2.7900891515
636738245 448644912
#r 0 1.5096735907
637719246 464674603
#r 0 3.3448298346
621657613 461364582
#r 0 1.6530273356
619705696 485048047
#r 0 3.5266426914
592744828 474121339
#r 0 3.7961846427
561586715 450208248
#r 0 3.1824616245
508147329 448023019
#r 0 0.0735076714
534817136 449986993
#r 0 3.5717095894
522663997 444411588
#r 0 0.4987186782
528535182 447609270
#r 0 0.0806100081
531882717 447879701
#r 0 3.0573755700
530209448 448020953
#r 1 530609473 447902966
787479252 -388621533
#r 0 3.8180841690
748490550 -419924586
#r 0 3.7114226064
706390914 -446899030
#r 0 3.1375921292
656391314 -446699004
#r 0 4.0979405466
627565918 -487553582
#r 0 3.8928974932
591025977 -521683228
#r 0 3.7507841004
550020430 -550293455
#r 0 3.3678713293
501295029 -561511086
#r 0 4.3757240555
484777975 -608704167
#r 0 4.7790511941
488108618 -658593112
#r 0 1.6878179655
485189750 -633764093
#r 0 1.3509154369
487923071 -621534158
#r 0 4.6365782156
487448509 -627781988
#r 0 4.4593978182
486648254 -630877385
#r 0 4.0173839291
485612668 -632119415
#r 1 485591901 -631972984
734374273 161323653
#r 0 3.5208356184
687927015 142812786
#r 0 3.0345382996
638213257 148155285
#r 0 3.8435252514
600033470 115870554
#r 0 2.8662503538
551916860 129464372
#r 0 2.8357249013
504237559 144520410
#r 0 3.6837436631
461407520 118721423
#r 0 4.1891268205
436422097 75411740
#r 0 4.1103700549
408106716 34202042
#r 0 3.1352850788
358107711 34517419
#r 0 3.1826724260
308149894 32464008
#r 0 3.9378919796
273182062 -3274637
#r 0 1.8028647389
267432288 21055182
#r 0 2.9560095944
246652461 24956457
#r 0 3.0953294427
215708608 26389041
#r 0 2.9417179924
170310436 35585782
#r 0 3.1529993864
101377519 34799449
#r 0 0.0270470290
135833612 35731611
#r 0 0.0476053874
153052648 36551950
#r 0 0.0652811675
161676645 37115736
#r 0 3.4476072359
157556198 35813927
#r 0 0.4497304926
-835925574 -325109799
#r 0 2.2650038859
-867914404 -286681753
#r 0 2.1636244577
-895849844 -245213558
#r 0 4.8663647460
-892015642 -269917786
#r 0 2.0212133889
-897457405 -258664467
#r 0 4.9754593879
-895832114 -264699442
#r 0 2.0948472270
-897395837 -261993820
#r 0 0.8941345560
-896353249 -260695704
#r 0 6.2040618090
-895200895 -260787073
#r 0 2.2088679962
-895545170 -260322809
#r 0 2.1714175239
-895796654 -259955705
#r 0 2.0869539082
-896025153 -259553043
#r 0 2.2201172474
-896384563 -259079595
#r 0 5.1340627960
-896262920 -259350768
#r 0 5.2407304847
-896184238 -259485568
#r 0 2.1094056251
-896224269 -259418576
#r 0 2.2424443063
-896248553 -259388027
#r 0 0.6388076132
-896232524 -259376122
#r 0 2.0848615072
-896242256 -259358889
#r 0 2.1372052404
-896248213 -259349522
#r 0 2.1416421179
-896252200 -259343313
#r 0 2.1536849799
191098699 -491490599
#r 0 4.7554009800
193248636 -541444355
#r 0 4.5750448025
186402997 -590973510
#r 0 5.5839361401
224669281 -623155672
#r 0 5.7366414199
267385576 -649142557
#r 0 2.7643539488
244143443 -639933688
#r 0 5.7910700747
255160136 -645839828
#r 0 2.6359432928
249692260 -642812480
#r 0 2.4609856096
247263094 -640845667
#r 1 247729937 -641444265
76967052 -918743877
#r 0 2.3523662707
41747320 -883253449
#r 0 5.9741116452
65562714 -890857857
#r 0 5.0840203955
71032972 -904893474
#r 0 5.2036744629
74587228 -911536440
#r 0 5.0552294425
75862997 -915110665
#r 0 5.2539624294
76841711 -916737597
#r 0 5.2304713128
77339449 -917610794
#r 0 5.1432446640
77588515 -918152646
#r 0 6.1486830941
78013526 -918210158
#r 0 3.2109890601
77799600 -918225028
#r 0 6.1101244304
77905219 -918243491
#r 0 5.2250583594
77933011 -918292867
#r 0 5.9932817916
77988316 -918309365
#r 0 6.1042634730
78038679 -918318473
#r 0 5.2156151972
78065491 -918367179
#r 0 5.0974154872
78096551 -918443823
#r 0 0.9767479862
78119695 -918409558
#r 0 5.2289568176
78136686 -918439471
#r 0 5.1672648670
78158975 -918485043
#r 0 5.1556843129
78191237 -918552991
#r 0 5.1212096651
-458212991 -390070259
#r 0 4.0663872685
-488312921 -429995116
#r 0 5.4118624372
-456122177 -468254180
#r 0 1.4240932965
-452467743 -443522721
#r 0 1.4266458495
-449715890 -424564992
#r 0 0.7681078703
-435699195 -411024811
#r 0 3.5265574942
-444730310 -414684048
#r 0 5.7773900082
-440468213 -417044616
#r 0 0.2836944528
-436781732 -415969791
#r 0 0.5401560514
-434611038 -414668152
#r 0 5.7626727472
-432961638 -415613659
#r 0 2.6990356965
-433820650 -415206567
#r 0 0.6579240096
-433442288 -414914175
#r 0 3.6535646178
-433650719 -415031303
#r 0 5.7836169047
-433545785 -415088570
#r 0 3.5268123630
-433601176 -415111030
#r 0 3.4097449111
-433646432 -415123465
#r 0 5.7759357579
-433625921 -415134864
#r 0 1.0654786815
-433617605 -415119833
#r 0 2.6435897724
-433625792 -415115382
#r 0 2.6490492040
-433636804 -415109472
#r 0 5.4349211248
-561441965 -303326039
#r 0 1.0955534824
-538564245 -258866957
#r 0 3.8616997960
-557357622 -275353587
#r 0 3.8390776698
-568191174 -284432084
#r 0 4.2238974812
-572898955 -293290420
#r 0 0.4180459095
-568315089 -291254126
#r 0 0.4542704801
-565249504 -289757100
#r 0 0.3819348009
-562426917 -288623386
#r 0 4.3158655861
-563014302 -290026260
#r 0 1.1528870841
-562705677 -289331264
#r 0 3.8468977503
-562995181 -289577747
#r 0 1.1739557156
-562921703 -289402412
#r 0 0.7360289483
-562837421 -289326066
#r 0 4.2534817999
-562862608 -289377042
#r 0 3.9289389501
-562885301 -289399823
#r 0 2.7579882501
-562902221 -289392994
#r 0 5.8684023037
-562893872 -289396670
#r 0 1.1413286359
-562891971 -289392519
#r 0 5.0218354551
-562891276 -289394693
#r 0 0.3971502028
-562889772 -289394062
#r 0 4.3414951911
-562890067 -289394822
#r 0 4.4255544535
-143029320 -288205830
#r 0 1.9615080392
-162071649 -241973918
#r 0 3.4459591535
-209773499 -256958361
#r 0 5.3613247145
-179556558 -296794732
#r 0 0.4617406332
-134792639 -274519375
#r 0 0.0028969071
-84792849 -274374530
#r 0 5.1410139918
-64011819 -319851434
#r 0 0.2108557297
-15119210 -309386596
#r 0 5.3701950559
15449900 -348953369
#r 0 5.1104461796
34831309 -395044160
#r 0 1.1574544485
44873109 -372149570
#r 0 1.4797984966
46575473 -353493494
#r 0 4.7884341868
47287086 -362833216
#r 0 1.3656422409
48241178 -358248033
#r 0 1.2585299989
49015036 -355850911
#r 0 0.5538435889
50457701 -354958758
#r 0 5.1969878598
51424240 -356794643
#r 0 5.0404705691
52369308 -359571130
#r 0 1.3208863030
52731988 -358150225
#r 0 0.5789165822
53520311 -357634960
#r 0 1.1951538179
53934551 -356584572
#r 0 0.7099381732
-217724255 370576245
#r 0 5.4776767354
-183087027 334517093
#r 0 1.3433143793
-177448900 358873027
#r 0 0.9658146464
-165521916 376121633
#r 0 0.7258965434
-145890897 393545236
#r 0 0.8647789205
-121425561 422239290
#r 0 0.8161946429
-83996630 462047608
#r 0 1.0490492157
-43621908 532278682
#r 0 0.0706717889
74887361 540667915
#r 0 1.4175385606
100721487 707912590
#r 0 3.2496735431
-129875227 682891990
#r 0 6.1595362031
-14785597 668588289
#r 0 0.3080884410
43350586 687088449
#r 0 2.5337234205
18310544 704510107
#r 0 5.6243990337
30371001 695173360
#r 0 0.2029261673
37859954 696714274
#r 0 3.5070485521
34289498 695348058
#r 0 3.0427439702
32337878 695541604
#r 1 32025789 695428851
231282029 -813119927
#r 0 4.1589198783
204999950 -855655234
#r 0 0.0582051222
229957614 -854200927
#r 0 3.9305068888
221149912 -863070785
#r 0 4.8041625433
221964226 -871918938
#r 0 4.8464508671
223534802 -883563978
#r 0 4.7283147991
223801571 -900313262
#r 0 3.6460634156
202592292 -912023367
#r 0 1.7095583012
198690399 -884084755
#r 0 4.0324847842
189822398 -895053176
#r 0 1.5226069523
190162119 -888008922
#r 0 3.3256613707
185547516 -888868051
#r 0 4.1150038268
181614006 -894650032
#r 0 2.1824972448
175848272 -886430338
#r 0 2.0451330038
170604288 -876216781
#r 0 5.3059524913
173815089 -880975434
#r 0 5.2009168543
175181180 -883545696
#r 0 4.1200995321
174354737 -884773920
#r 0 4.1083058818
173721315 -885691726
#r 0 4.2880028258
173257764 -886717636
#r 0 1.5783685788
173253502 -886154765
#r 0 0.2506228177
-173650117 941397434
#r 0 0.2729099543
-125500585 954874176
#r 0 0.1705105622
-76225672 963358452
#r 0 0.2015293751
-27237592 973366851
#r 0 3.2532720391
-52081850 970580666
#r 0 6.2622397365
-39584593 970318866
#r 0 2.8968738580
-45648376 971833138
#r 0 3.5176920200
-48696447 970629464
#r 0 0.6661826038
-47408231 971642078
#r 1 -47746361 971308305
-974261600 -135035256
#r 0 3.7224741389
-989432547 -144993906
#r 0 0.5182681210
-981550369 -140498980
#r 0 1.1805534058
-979817730 -136286788
#r 0 4.3997253217
-980518218 -138453690
#r 1 -980613042 -138246653
-219071864 876570219
#r 0 5.7579866396
-175810647 851500974
#r 0 5.6509003000
-135476687 821951496
#r 0 4.9969147551
-121441571 773961752
#r 0 6.2054018362
-71592751 770076499
#r 0 5.5602424072
-34099652 736996784
#r 0 4.1426395982
-61070704 694894974
#r 0 4.1748708995
-86670986 651945870
#r 0 6.1160435543
-37367771 643627639
#r 0 5.9863294991
10445276 629001890
#r 0 4.1173311501
-17582556 587596086
#r 0 0.5557847315
3654610 600786338
#r 0 5.0979469102
9111702 587340976
#r 0 0.0949090264
29859033 589316019
#r 0 0.6751721305
47102428 603122933
#r 0 0.6752754683
64614379 617147852
#r 0 0.5121849288
88782012 630735639
#r 0 0.7990897514
116103130 658815329
#r 0 3.8962743738
101832762 645395765
#r 0 4.1148302727
96311273 637282597
#r 0 1.1199602027
98449295 641699207
#r 0 4.0738787866
841216372 -245702053
#r 0 3.0859665291
791293709 -242922181
#r 0 2.3777979071
755182883 -208338829
#r 0 1.8817197562
739885987 -160736256
#r 0 1.7298203184
731968258 -111367141
#r 0 2.1975916475
702640645 -70871572
#r 0 1.6075417057
700803789 -20905324
#r 0 1.6449511169
697099447 28957266
#r 0 3.5122860630
650495628 10844175
#r 0 3.1539638139
600499454 10225633
#r 0 3.0530202974
550695452 14648463
#r 0 2.6055716206
507708071 40184420
#r 0 2.6466228487
463708918 63934674
#r 0 3.7316184225
422162601 36115552
#r 0 1.5493294491
422699232 61109792
#r 0 3.7328365673
412321132 54142364
#r 0 2.4928488860
404138240 60346830
#r 0 3.8110300610
392297309 50976641
#r 0 3.6770405931
377952497 42466456
#r 0 4.2629894170
368250936 22351871
#r 0 3.0553076534
340534000 24749380
#r 0 2.3114100812
-554460271 622376857
#r 0 5.4082296063
-522408728 584001102
#r 0 6.2313174996
-472475970 581408874
#r 0 4.3150629347
-491823674 535303925
#r 0 5.2003123914
-468384042 491138512
#r 0 5.4871764562
-433405831 455410026
#r 0 5.2650998322
-407156012 412854803
#r 0 0.3504243142
-360194655 430019621
#r 0 0.1273750483
-310599717 436371166
#r 0 5.3806723683
-279617739 397126841
#r 0 5.5145714984
-243673991 362369871
#r 0 4.1284749000
-271238677 320654309
#r 0 4.2091366490
-295352536 276853375
#r 0 4.1885641761
-320362323 233557757
#r 0 1.0743834994
-308455463 255540173
#r 0 4.2166805843
-314401149 244544774
#r 0 4.3988557505
-316328784 238599461
#r 0 3.2418731175
-319540885 238276266
#r 0 0.0013723019
-317926728 238278481
#r 1 -317389597 238411977
-710372218 -603481641
#r 0 4.6850109561
-711740948 -653462903
#r 0 1.2426815928
-703684476 -629796615
#r 0 4.3320794470
-708324574 -641403486
#r 0 1.2962624371
-706630210 -635387539
#r 0 4.5633359023
-707094278 -638477888
#r 1 -707317582 -638497651
57367412 137137296
#r 0 5.2939650496
84834491 95357402
#r 0 5.1634612756
106631032 50358393
#r 0 5.0225593297
121892075 2744314
#r 0 0.7251051780
159313559 35905022
#r 1 158816857 36459985
350298717 99524416
#r 0 3.9994676262
317596395 61701696
#r 0 2.2398012230
286586110 100923657
#r 0 4.2359966017
263657298 56490903
#r 0 4.2877180860
243056251 10932184
#r 0 4.2565947654
221047472 -33963402
#r 0 4.0469662094
190177884 -73296194
#r 0 4.1448231281
163298827 -115456795
#r 0 4.7742107476
166387947 -165361277
#r 0 1.6289620326
164934624 -140403557
#r 0 1.6644808669
163765264 -127958206
#r 0 1.6077122715
163534405 -121707414
#r 0 1.6479672530
163293290 -118589194
#r 1 163382339 -118830954
