701687785 -541700890
#r 0 2.3562328779
630974393 -470992926
#r 0 3.6309483137
542710801 -517998653
#r 0 3.3290674424
444463000 -536636506
#r 0 2.4695673340
366206764 -474379286
#r 0 2.4896474863
286716254 -413705908
#r 0 0.7171395189
362085135 -347982763
#r 0 3.0809527289
262268939 -341922486
#r 0 1.9137424515
228642628 -247745678
#r 0 1.6862369389
217124190 -148411265
#r 0 1.8547080008
189112904 -52414557
#r 0 5.4753044835
258216082 -124696995
#r 0 2.4553767535
219533622 -93016287
#r 0 1.3789091117
224371391 -68114960
#r 0 3.4039470076
205733653 -73120014
#r 0 3.3267999603
192685101 -75564718
#r 0 6.0260084633
204011985 -78543698
#r 0 2.9452903427
198268418 -77401514
#r 0 2.8736871716
195434409 -76623566
#r 0 2.7171523977
194092037 -76016936
#r 1 194300488 -75985523
-499127383 633119407
#r 0 5.2957378184
-444045179 549657135
#r 0 5.4536948217
-376520013 475898393
#r 0 3.7418232416
-459040552 419415116
#r 0 5.1714682668
-414728261 329769029
#r 0 1.5559862339
-413247306 429758062
#r 0 0.9525821617
-355289228 511249541
#r 0 4.0912400784
-384387720 470589023
#r 0 3.8562108641
-403271470 454205655
#r 0 0.7228979099
-393897743 462475233
#r 0 4.4080211279
-395770951 456512044
#r 0 1.1275743944
-394430684 459335307
#r 0 1.4852262831
-394294587 460921897
#r 1 -394227429 461311437
-483608482 -622730427
#r 0 2.5485742577
-566534240 -566843768
#r 0 2.1562317222
-621790472 -483496610
#r 0 1.8066551563
-645158284 -386265209
#r 0 4.8182668380
-639874277 -435985217
#r 0 4.9945462050
-632797110 -460398386
#r 0 5.3070376492
-625630077 -470995656
#r 1 -626150518 -470691733
-400050622 -282770132
#r 0 5.3449337070
-340930716 -363422700
#r 0 5.9756025132
-245623898 -393698276
#r 0 1.8985589641
-277816456 -299021778
#r 0 4.3547522044
-312822608 -392694449
#r 0 1.5503539212
-310778510 -292715343
#r 0 5.8667565002
-219324579 -333165047
#r 0 6.0576462262
-121857210 -355528229
#r 0 3.6629005334
-208574068 -405329701
#r 0 2.2497827934
-271374529 -327508739
#r 0 5.3104051455
-243224327 -368831446
#r 0 5.3202235988
-228853796 -389487646
#r 0 5.5505749616
-219288073 -398093252
#r 0 3.9455576298
-223773472 -402748381
#r 0 3.7863778270
-229934343 -407381407
#r 0 3.2562920134
-240593135 -408609353
#r 0 5.5495696224
-228639705 -419384774
#r 0 0.2839413777
-216880947 -415953257
#r 0 3.7561084687
-222390212 -419840935
#r 0 5.6103961385
-214555069 -426084009
#r 0 5.4632278931
-207187110 -433979678
#r 0 3.6089629967
-219990808 -440441219
#r 0 3.6143466555
-236426519 -448847023
#r 0 4.4660652183
-242725813 -473900924
#r 0 5.2406806354
-223419061 -506981702
#r 0 3.1807441501
-274744821 -508992210
#r 0 0.0048753822
-249062565 -508866998
#r 0 3.9794854306
-257663859 -518422291
#r 0 3.2415100972
-275626474 -520223066
#r 0 3.2924039354
-302251026 -524269070
#r 0 3.2426555730
-342397733 -528340284
#r 0 3.0331465516
-402482962 -521798610
#r 0 3.1141364893
-492287041 -519332315
#r 0 0.1421872182
-359069375 -500261774
#r 0 4.7726159240
-354981936 -568046979
#r 0 1.4681073350
-347547807 -495907023
#r 0 4.3265088102
-371000056 -553636050
#r 0 0.1901784132
-295005469 -539006723
#r 0 2.9747179376
-333672423 -532493616
#r 0 2.7158056139
-385203587 -509122598
#r 0 5.8557634554
-359457143 -520850213
#r 0 5.6506756545
-348047857 -529212827
#r 0 2.8062787753
-355009787 -526786782
#r 0 1.4360359284
-353526037 -515843234
#r 0 4.6106920953
-354086623 -521336541
#r 0 4.5943145746
-354412215 -524081232
#r 1 -354689497 -524843218
301295572 728310821
#r 0 2.2645299811
237354342 805197225
#r 0 5.3658234706
267750191 765497195
#r 0 2.4264071687
248845277 781917730
#r 0 5.8883976114
283459892 767495113
#r 0 2.8738155336
265378543 772456029
#r 0 2.5543623405
257449512 777733209
#r 1 257802897 777711610
538670319 187274473
#r 0 4.9650784652
563671213 90450120
#r 0 2.5949711839
478242656 142430517
#r 0 3.1522612383
378248347 141363679
#r 0 6.1233110912
476973079 125444276
#r 0 2.7926504359
382999589 159634672
#r 0 6.1802934469
482470719 149363631
#r 0 5.5455263289
556475225 82107902
#r 0 2.4020035160
519537949 115807124
#r 0 2.2380140013
504067823 135445857
#r 0 5.3708900381
511717001 125559441
#r 0 5.4740391467
516030573 121035967
#r 0 5.2799002206
517722794 118381348
#r 0 5.3715308720
518687332 117136350
#r 1 518482177 117085795
-356518068 -65592954
#r 0 3.2732446940
-455652706 -78720161
#r 0 3.3893195127
-552599936 -103240246
#r 0 0.3347468507
-505375262 -86813742
#r 0 0.7392408823
-486761472 -69843578
#r 0 4.2968196798
-493291578 -84642057
#r 0 4.5667324402
-496056671 -103491264
#r 0 1.2893911415
-493411392 -94340467
#r 0 1.5606303568
-493362092 -89491143
#r 0 4.3383179445
-494248133 -91748261
#r 1 -493985680 -90895830
-276446552 932869643
#r 0 4.0812308591
-335454568 852135176
#r 0 5.2754680158
-282075328 767573620
#r 0 5.0392747544
-249965801 672868930
#r 0 1.8381745843
-263175989 721092274
#r 0 1.8331631682
-269683081 745322067
#r 0 4.7890658631
-268707574 732624697
#r 0 1.1470959600
-261015575 749679437
#r 0 4.3886150919
-263991696 740810929
#r 0 4.2746636242
-265993986 736532575
#r 0 3.9009390582
-267719308 734894885
#r 1 -267771959 734869403
-550539604 -271667289
#r 0 5.4403785480
-484002587 -346318648
#r 0 4.0518141557
-545359673 -425282615
#r 0 4.0311053743
-608338733 -502959111
#r 0 4.5842801882
-621114599 -602139640
#r 0 1.4267174413
-613935553 -552657711
#r 0 1.2962513581
-607156100 -528587858
#r 0 1.9651210634
-612084427 -516744319
#r 0 4.9938737641
-610302730 -522905894
#r 0 5.3236417267
-608438989 -525565399
#r 1 -608524707 -525912968
-618319202 -169265767
#r 0 2.5135431852
-699236714 -110509011
#r 0 0.4097151884
-607513283 -70674200
#r 0 1.4393836535
-594409806 28463577
#r 0 1.5233923195
-589671180 128351241
#r 0 1.4012914100
-572801742 226918082
#r 0 3.8262667718
-650264260 163676021
#r 0 0.6689696213
-611041206 194684922
#r 0 0.7638973375
-592983115 211982715
#r 0 0.5312573710
-582159928 218342499
#r 0 0.8165479971
-577814165 222967800
#r 0 0.7118902127
-575398192 225052351
#r 0 0.9318942918
-574444905 226335654
#r 1 -574346308 226049885
755102565 -188650360
#r 0 5.3955239633
818225326 -266210125
#r 0 4.1784708311
767334320 -352292095
#r 0 4.3951949953
736144144 -447303531
#r 0 1.3929541540
744989454 -398092145
#r 0 0.9277119027
760269006 -377701714
#r 0 4.0086546935
752025318 -387415117
#r 0 4.5277956109
750851830 -393699900
#r 0 1.5138346223
751033821 -390508385
#r 0 1.2898471383
751484143 -388947920
#r 1 751791841 -388475055
380790345 -501424583
#r 0 3.1134965987
280829812 -498615347
#r 0 1.9230170198
246331510 -404754454
#r 0 4.1049311762
189253319 -486864625
#r 0 1.5748615212
188846801 -386865451
#r 0 0.1501137652
287722208 -371910389
#r 0 0.1894364221
385933260 -353079846
#r 0 2.5804422844
301268911 -299863796
#r 0 1.2362370277
334104205 -205408285
#r 0 3.8956385854
261211703 -273867639
#r 0 1.7725432325
241173592 -175895836
#r 0 2.2786167467
176155661 -99917756
#r 0 4.7088428919
175801053 -199917127
#r 0 1.2690230440
205522435 -104436032
#r 0 0.7789573515
276687077 -34182252
#r 0 4.4947390409
255093517 -131823013
#r 0 2.1368196185
201465537 -47418986
#r 0 5.0508902703
234672917 -141744327
#r 0 1.1244823602
277837268 -51539899
#r 0 0.8398864864
344592003 22916836
#r 0 5.6809998809
427001969 -33727647
#r 0 2.9759998317
328369888 -17243940
#r 0 0.9471729125
386767924 63932839
#r 0 5.3852404536
449089775 -14271937
#r 0 5.5833605079
525585279 -78680305
#r 0 0.0201705996
625564937 -76663382
#r 0 0.0954601017
725109651 -67131863
#r 0 4.3845820218
692912897 -161806934
#r 0 4.4014138412
662314182 -257010498
#r 0 3.9453387418
592912727 -329006596
#r 0 0.4534765574
682805675 -285197260
#r 0 4.4880158336
660556148 -382690637
#r 0 1.8574644739
632280356 -286771506
#r 0 4.8688452530
640071293 -336160789
#r 0 0.0606919036
665444246 -334618963
#r 0 0.1972798622
689135404 -329883582
#r 0 3.3019079466
677210416 -331811888
#r 0 3.1931659354
671170268 -332123675
#r 0 6.2459482126
674192266 -332236257
#r 1 673665667 -332345073
-579009961 358478730
#r 0 2.2887369228
-644793461 433794937
#r 0 2.0230683862
-688494489 523740588
#r 0 5.1192996148
-668705784 477823194
#r 0 2.2096409403
-683643128 497934071
#r 0 5.2991866316
-676707689 487503703
#r 0 5.4214775967
-672618656 482737626
#r 0 2.2859708220
-674677637 485108177
#r 1 -674586716 485448464
299350043 -849072587
#r 0 0.0404390700
399268288 -845029782
#r 0 4.4109213582
373596143 -927591462
#r 0 1.3058837684
384914952 -885869081
#r 0 2.0770474610
374419689 -866939842
#r 0 0.6956850594
387134687 -856323596
#r 0 0.5910098608
394016997 -851705434
#r 0 0.7638407649
397083952 -848767939
#r 0 0.5702673016
398906172 -847599266
#r 1 398187558 -848180899
547958642 -796389549
#r 0 2.4202063798
472869550 -730346924
#r 0 2.9791062925
374186739 -714169692
#r 0 1.5320118859
378064211 -614244894
#r 0 0.4411856823
468488811 -571543703
#r 0 0.8141549811
537137120 -498829126
#r 0 3.9709924791
503371194 -535705436
#r 0 0.5000101057
525315735 -523716791
#r 0 3.2760362744
488513572 -528694635
#r 0 0.0766368754
507027713 -527272985
#r 0 0.2841023208
515969583 -524661949
#r 0 3.6522475495
511871883 -526957558
#r 0 0.4598321718
513976397 -525915319
#r 0 0.5597554126
514973986 -525290221
#r 1 515064849 -525137255
120566706 -818818612
#r 0 1.8704840741
91044517 -723275740
#r 0 5.0335946114
106830055 -770718514
#r 0 4.9870410982
113613496 -794792642
#r 0 2.2312901563
105941014 -784916833
#r 0 5.3170176677
109495556 -790061234
#r 0 5.3997115778
111485397 -792485371
#r 0 5.7012142069
112796460 -793348036
#r 1 112766521 -793430167
137093106 -178832048
#r 0 0.8354059586
204180775 -104675156
#r 0 0.6504509175
283761858 -44120625
#r 0 3.6255087706
195243884 -90645545
#r 0 6.1755997369
294665709 -101383360
#r 0 4.2545912623
250468342 -191086162
#r 0 2.5365442892
168220883 -134205976
#r 0 1.7503913715
150357768 -35814365
#r 0 5.5678802223
225847087 -101399140
#r 0 2.1169707422
173904886 -15947354
#r 0 5.1759414459
196261310 -60670840
#r 0 5.3710436879
211666688 -80575675
#r 0 5.5067958464
220653730 -89402235
#r 0 4.2536214222
217759141 -95262739
#r 0 1.1880061254
218979841 -92231085
#r 0 0.8885430726
220016135 -90955481
#r 1 219902048 -91019901
-671832205 450572368
#r 0 0.2922135808
-576071350 479379635
#r 0 6.2217458053
-476260031 473239549
#r 0 5.7212978589
-391634929 419961109
#r 0 5.0923433667
-354547118 327092954
#r 0 4.8757739809
-338281213 228424720
#r 0 5.2331003294
-288531480 141678170
#r 0 3.1111376291
-388485108 144723202
#r 0 1.5672716849
-388132645 244722581
#r 0 5.5965330764
-310795378 181327414
#r 0 1.9357272994
-346483859 274742254
#r 0 4.9764794665
-333432289 226475738
#r 0 5.6939968489
-312437376 212443139
#r 0 2.9499873931
-327731777 215410023
#r 0 0.1276871340
-308857337 217833230
#r 0 3.4247966358
-326407821 212725575
#r 0 3.8813814153
-339357721 200906172
#r 0 0.5614610120
-324701574 210124693
#r 0 1.0730447283
-317067335 224174062
#r 0 3.9299762851
-332331575 208818407
#r 0 0.0647306603
-314907027 209947887
#r 0 2.4511915790
-326053357 219154874
#r 0 5.5519532398
-320672750 214327723
#r 0 1.7499301161
-321317807 217890100
#r 0 4.9507669008
-320890381 216131134
#r 1 -320845103 215491430
-468532303 -84888903
#r 0 0.2254834900
-371063691 -62531139
#r 0 6.2800445220
-271064184 -62845217
#r 0 2.9737451756
-369658849 -46139170
#r 0 3.8197425553
-447532321 -108874506
#r 0 1.3843820033
-428998667 -10606995
#r 0 3.9058529581
-501188110 -79807316
#r 0 0.8355391676
-467649215 -42724402
#r 0 6.1130672815
-442885281 -46978309
#r 0 6.0200128713
-424089443 -52042309
#r 0 1.8880528074
-430597751 -32220898
#r 0 1.8793098766
-433888171 -21896045
#r 0 2.8077985372
-439699878 -19880721
#r 0 0.4657985506
-433373965 -16700738
#r 0 3.7121900753
-436353244 -18612874
#r 0 3.4170814917
-438075142 -19099614
#r 1 -438426622 -19316435
242220329 -192797614
#r 0 4.5509692443
226148364 -291497624
#r 0 3.9445169882
156687770 -363436666
#r 0 0.6338337571
237264064 -304212846
#r 0 0.1177364522
336571771 -292466383
#r 0 6.0999982727
434898583 -310682803
#r 0 1.5844662815
433531630 -210692146
#r 0 4.2223494092
386465550 -298923569
#r 0 2.3248858703
318003017 -226034052
#r 0 5.9775848059
413369662 -256120643
#r 0 2.8485474215
365501231 -241677195
#r 0 0.0159521125
390501990 -241278346
#r 0 6.0946839780
426888001 -248219566
#r 0 0.7818949538
466313012 -209069820
#r 0 1.0123101383
505864192 -145772000
#r 0 0.4864217581
596160883 -98023054
#r 0 0.5604826811
725836492 -16635770
#r 0 4.3110947657
636299032 -227649961
#r 0 4.7982825037
649952189 -386213299
#r 0 1.5686317537
650124435 -306638457
#r 0 2.9315888525
610910659 -298280181
#r 0 0.0173880892
648432300 -297627686
#r 0 3.2879686140
629869300 -300364437
#r 0 6.2127845654
639382109 -301035254
#r 0 3.0442692947
634636458 -300571928
#r 0 0.0228163145
637019944 -300517536
#r 1 636085085 -300647431
474168597 127670696
#r 0 3.0939731082
374281957 132430851
#r 0 5.5136374310
446104491 62849793
#r 0 0.9939472207
500643053 146668319
#r 0 3.2855346220
401677230 132323777
#r 0 0.1439775972
451159886 139497811
#r 0 3.1129824641
426170117 140212968
#r 0 5.9957528260
462012853 129617183
#r 0 2.7427090275
444791909 136875430
#r 0 3.1545911846
435333450 136752477
#r 0 1.6633090089
434881016 141629024
#r 0 4.9243843611
435396259 139235100
#r 0 4.6883888880
435366461 137993750
#r 1 435310838 137942310
595496296 -707793242
#r 0 0.6655820348
674152046 -646041538
#r 0 0.4130865682
765740658 -605897720
#r 0 3.5899764947
720683214 -627573205
#r 0 0.5330868493
742214275 -614868348
#r 0 3.7653416918
732068096 -622169377
#r 0 3.6397305268
726532720 -625179996
#r 0 0.8398366655
728642334 -622827216
#r 0 3.9965670586
727605455 -624019438
#r 1 727424748 -624294315
677928845 -196320030
#r 0 5.5250244647
750539027 -265078749
#r 0 3.6954156453
665487020 -317673009
#r 0 2.6438200272
577622196 -269926044
#r 0 1.2206935054
611921635 -175992299
#r 0 2.2129369020
552030533 -95910741
#r 0 0.2318758103
649354237 -72930388
#r 0 3.5436927699
557330123 -112065570
#r 0 2.1546371021
502206868 -28630405
#r 0 4.2930131160
461487820 -119964731
#r 0 1.6991009530
448692531 -20786706
#r 0 1.4403377884
461701411 78363529
#r 0 3.8635182524
386647948 12280417
#r 0 0.7086187994
424611021 44819701
#r 0 3.2011912442
399650990 43330355
#r 0 0.5524186313
429980084 62026359
#r 0 0.4755518056
445841080 70194297
#r 0 5.6930653459
453252718 65230505
#r 0 2.5069564426
449661019 67874856
#r 0 2.6281845405
447714612 68972322
#r 1 448225751 68847350
134234208 -184258840
#r 0 4.0540898734
73056981 -263362233
#r 0 5.6652534572
154564819 -321297303
#r 0 5.2903302265
209194890 -405056215
#r 0 4.3800806101
176572292 -499585396
#r 0 1.0631272971
225186450 -412197390
#r 0 4.2468797189
202742554 -456877043
#r 0 4.2498103510
191566314 -479289386
#r 0 2.5638649240
180997031 -472398999
#r 0 5.6472980194
186072479 -476145546
#r 0 5.6110708091
188549022 -478116135
#r 0 6.1683597643
190157048 -478301593
#r 1 189724212 -478242882
-222667336 -46611794
#r 0 0.5445554077
-137131567 5191992
#r 0 2.2969107210
-203528482 79967988
#r 0 4.9057858835
-184309125 -18167716
#r 0 2.3367074843
-253628525 53907389
#r 0 1.9633346980
-291882020 146301491
#r 0 3.0669417032
-391603511 153759654
#r 0 5.1844319989
-346132828 64695537
#r 0 1.7039755114
-359411412 163810012
#r 0 1.5686788951
-359199669 263809788
#r 0 5.1272692901
-318891629 172293331
#r 0 1.8386945947
-345362155 268726268
#r 0 1.9683824968
-384081548 360926098
#r 0 5.4244069377
-318745270 285221602
#r 0 2.4030288512
-355717080 318882933
#r 0 2.2110053142
-370865183 339219541
#r 0 5.3944435585
-362872388 329376987
#r 0 2.3350319134
-367259278 333953596
#r 0 2.2044959662
-369148830 336525127
#r 0 5.4158983657
-368116670 335308395
#r 1 -368522351 335687422
219528894 970092025
#r 0 4.4352706177
192170385 873907245
#r 0 5.9328052897
286094619 839581769
#r 0 5.7035781012
369762404 784812235
#r 0 6.1520539287
468903863 771736646
#r 0 3.2918101640
370030008 756771326
#r 0 0.3365416404
464420242 789793798
#r 0 3.7184586881
380602639 735253818
#r 0 0.8501727582
446587974 810393259
#r 0 3.9681433114
412717118 773613304
#r 0 3.7084247982
391615198 760181758
#r 0 0.5403553704
402340251 766615854
#r 1 402765150 765979128
-384209398 -106897359
#r 0 1.5378471905
-380915081 -6951636
#r 0 4.6693759325
-383065070 -56905390
#r 0 4.6243586721
-385263209 -81811108
#r 0 1.3746247998
-382826516 -69549617
#r 0 1.6726171922
-383469242 -63259129
#r 0 1.3219926504
-382685374 -60173860
#r 1 -382984395 -59845305
615373946 -411111791
#r 0 3.9205948504
544212454 -481368763
#r 0 2.1885032141
486295722 -399847894
#r 0 3.3287413540
388041848 -418453708
#r 0 1.1253625490
431126785 -328211322
#r 0 1.4360692280
444558774 -229117520
#r 0 3.5422813264
352479515 -268122776
#r 0 2.8955972379
255489975 -243770587
#r 0 3.9461893576
186149786 -315825693
#r 0 4.2176138143
138666407 -403833242
#r 0 1.1777492792
157816651 -357645927
#r 0 0.4931937120
180063805 -345688138
#r 0 3.5153046668
168306863 -350298502
#r 0 0.2138182764
174564731 -348939684
#r 0 3.0678101698
165152496 -348243963
#r 0 6.0050243434
170885929 -349881227
#r 0 0.9855471203
175084737 -343545286
#r 0 4.2234601011
173299733 -346900475
#r 0 4.1032028744
172202386 -348473263
#r 1 171451295 -348930437
326662212 790338362
#r 0 5.9485309966
421114603 757494094
#r 0 6.1804150318
520586981 747235147
#r 0 3.2922312807
421719437 732228191
#r 0 5.1881045721
467516907 643331668
#r 0 1.1749772878
506073310 735599776
#r 0 1.9080790742
472980894 829965511
#r 0 3.8975108021
400216690 761369807
#r 0 6.1439759300
499249291 747493789
#r 0 6.0426669068
596370753 723673175
#r 0 5.2018496689
643385750 635414521
#r 0 3.7600814255
561910190 577434067
#r 0 3.2008195031
462085530 571514844
#r 0 6.1748541184
561499321 560702902
#r 0 2.9377697516
512534326 570823630
#r 0 0.6882401155
532018598 586847139
#r 0 3.8597205262
522520231 578547836
#r 0 3.9132173808
517995693 574146249
#r 1 518080072 574340592
340630368 -61653550
#r 0 3.2536529190
241257586 -72836138
#r 0 1.4673367715
251585094 26629145
#r 0 1.5445057705
254213847 126594587
#r 0 1.7597524385
235430478 224814672
#r 0 1.2970234493
262467050 321090441
#r 0 4.2924634553
221697805 229778510
#r 0 1.3297712521
245567625 326887890
#r 0 4.7131414069
245642868 226887918
#r 0 1.6516761056
241603287 276724469
#r 0 2.3417990025
224070484 294769468
#r 0 5.6933537900
240129673 284020866
#r 0 4.4567066868
234665576 263117950
#r 0 1.4021129961
236479172 273767266
#r 0 1.3404031046
237721914 279065493
#r 0 0.6232645149
239958650 280673368
#r 0 3.4968008410
238387340 280090503
#r 1 238760708 280069062
-936931568 -253662529
#r 0 0.0338623549
-836988895 -250276941
#r 0 0.3422673348
-742789283 -216714564
#r 0 5.4536829048
-675264996 -290474110
#r 0 1.9501617835
-712298108 -197584129
#r 0 5.5101821412
-640716425 -267412939
#r 0 0.9849072085
-585422382 -184090860
#r 0 0.4458949646
-495199876 -140964309
#r 0 5.2609867286
-443050750 -226289971
#r 0 1.3508842653
-421236370 -128698307
#r 0 0.6298891612
-340427090 -69792788
#r 0 0.2836264678
-244422397 -41808882
#r 0 3.3112135807
-293704838 -50249318
#r 0 3.4013998274
-318177503 -56754521
#r 0 0.1220933923
-305610506 -55212504
#r 0 3.2091406788
-311926693 -55639800
#r 0 0.2128108392
-308823598 -54969275
#r 0 3.1701201997
-313583032 -55105087
#r 0 6.2690470624
-311202585 -55138745
#r 0 0.1163476468
-310018140 -55000312
#r 1 -310033503 -55088087
-55698254 -527054964
#r 0 2.9037675143
-152883519 -503496010
#r 0 6.0565132741
-104162534 -514732807
#r 0 3.0126524059
-128955001 -511518226
#r 0 6.2659075411
-116456868 -511734187
#r 0 4.1662310364
-119743353 -517141090
#r 0 1.1088017914
-118333191 -514309071
#r 1 -117788937 -513722851
-176767589 -188188183
#r 0 2.1612251775
-232439321 -105117982
#r 0 0.0443489562
-132537646 -100684540
#r 0 1.0270366391
-80801939 -15107577
#r 0 2.6533579520
-169118167 31799180
#r 0 0.4413827496
-78701984 74518190
#r 0 0.5467895620
6717834 126512946
#r 0 6.0649509835
104345959 104862330
#r 0 4.6035607979
93484610 5453924
#r 0 1.7367463473
76965673 104080111
#r 0 2.6040736064
-8932486 155280759
#r 0 5.4948090422
61567295 84359811
#r 0 0.9645912941
118542575 166541423
#r 0 6.0145787066
214956737 140002597
#r 0 2.5155514687
133921388 198596729
#r 0 3.8542180632
58256595 133214476
#r 0 3.2014862022
-41564097 127228701
#r 0 0.1385963423
7956448 134136354
#r 0 5.3131245716
22174900 113386070
#r 0 2.2100350294
14671567 123479862
#r 1 14986853 124270183
133207554 429148051
#r 0 4.2918963220
92386530 337859257
#r 0 2.1715188973
35862661 420351998
#r 0 3.2007785182
-63962242 414436866
#r 0 0.0860744960
-14147348 418735279
#r 0 0.1152485391
10704755 421612196
#r 0 6.1889143248
23243556 420426637
#r 0 6.2751280124
29553013 420375799
#r 1 29255193 419589794
420725815 -425022251
#r 0 3.6961062548
335710151 -477675236
#r 0 0.8881230911
398797092 -400086333
#r 0 0.8892101206
461799654 -322428898
#r 0 3.5782580118
371182955 -364720906
#r 0 1.5318276039
375078841 -264796824
#r 0 2.0566292385
328384336 -176368191
#r 0 0.3811153853
421209370 -139172585
#r 0 2.3160773676
353391533 -65682851
#r 0 4.1961694374
304031949 -152651992
#r 0 3.8449473228
227764274 -217329977
#r 0 6.0189632904
324293871 -243445813
#r 0 1.0491499229
374124695 -156745819
#r 0 3.9166923219
302689566 -226724547
#r 0 3.7982104513
223483427 -287768691
#r 0 3.8698983626
148853107 -354329305
#r 0 0.2442630577
245884688 -330145173
#r 0 0.0136062437
345875432 -328784591
#r 0 4.0293931786
282763467 -406353140
#r 0 3.4117536013
186390672 -433041795
#r 0 1.0910031697
232550242 -344332753
#r 0 3.7140253648
148491670 -398500608
#r 0 2.1441474389
94246638 -314491820
#r 0 4.2492955522
49574853 -403959309
#r 0 0.4382985264
140122361 -361519365
#r 0 4.1519837296
86969410 -446223343
#r 0 4.0237824067
23423221 -523436566
#r 0 0.8375968717
56885739 -486284718
#r 0 0.7089919033
75898893 -469975666
#r 0 1.1825341381
80859342 -457848167
#r 0 4.1312512660
77254561 -463336602
#r 0 3.7110898680
68968234 -468642001
#r 0 4.1542571906
61354849 -480836098
#r 0 3.8092456754
44447905 -494166228
#r 0 3.8092773003
19287180 -514005270
#r 0 3.7953660611
-18730675 -543133625
#r 0 3.8954352062
-71005281 -592209008
#r 0 1.8409002368
-99702958 -488558645
#r 0 3.8489471582
-172447817 -550751072
#r 0 2.0750602715
-240014404 -428314998
#r 0 5.3336823538
-199314223 -485169675
#r 0 3.7686570879
-228008314 -505962222
#r 0 5.2466276709
-209839203 -536672739
#r 0 5.3605089267
-197779341 -552598771
#r 0 4.2885700603
-203001903 -564174602
#r 0 5.1579013351
-195811397 -579232239
#r 0 5.1927074447
-187300698 -595567061
#r 0 5.0946113913
-178495838 -617470135
#r 0 3.9427590381
-201804901 -641526122
#r 0 5.7500014202
-160724210 -665772025
#r 0 5.4823417379
-120483679 -707275221
#r 0 5.2235331410
-80145175 -779197577
#r 0 1.5018415077
-71657048 -656295798
#r 0 4.7426518784
-69793221 -717864864
#r 0 4.0167287358
-89725038 -741738255
#r 0 0.8502582286
-79465285 -730053158
#r 0 4.9947741221
-77297456 -737524861
#r 0 1.8534935597
-78382536 -733789348
#r 0 1.7701493408
-78767706 -731882910
#r 1 -79158739 -731046180
-984543034 144270826
#r 0 5.3892768641
-921906025 66318243
#r 0 5.2953447465
-866856632 -17165674
#r 0 0.2720026096
-770533151 9700422
#r 0 3.4062692077
-818792009 -3379433
#r 0 0.4531745775
-796314259 7566701
#r 0 3.7287005095
-806721645 641886
#r 0 3.5855645432
-812466236 -2090482
#r 0 3.5032131900
-815485350 -3232474
#r 1 -815893151 -2549638
366737756 485628537
#r 0 6.1693887948
466090972 474273430
#r 0 0.5040080846
553656366 522567340
#r 0 3.4785228974
459278971 489508190
#r 0 0.2993996645
507054657 504255522
#r 0 1.8360372210
500491890 528415211
#r 0 3.4349347192
474891692 520682515
#r 0 6.0755816920
513439430 512562879
#r 0 5.0098028128
519511781 492751283
#r 0 0.1346873864
541971736 495794782
#r 0 0.1287529123
556456495 497670111
#r 0 6.2325712462
568967550 497036334
#r 0 6.2131026572
583816108 495994001
#r 0 0.5763556803
600667539 506946963
#r 0 0.6247854340
620757529 521435025
#r 0 0.5632385683
649129604 539351147
#r 0 5.7037173782
689685936 512810749
#r 0 5.5272404371
739302237 466034351
#r 0 2.3607652601
715083663 490032536
#r 0 0.0324348660
732132618 490585711
#r 0 3.2285376641
723635872 489845094
#r 0 3.3183625197
719425392 489092958
#r 1 719708538 489757068
-649282821 -270779598
#r 0 5.5201440128
-577009076 -339891868
#r 0 0.6262813230
-495987800 -281278278
#r 0 0.8823641259
-432455076 -204053975
#r 0 4.9422238278
-409673404 -301424378
#r 0 0.1070085105
-310245399 -290743938
#r 0 4.4939555662
-331915452 -388367751
#r 0 4.8740235318
-315822285 -487064306
#r 0 4.8239036687
-304693914 -586443174
#r 0 5.4391932872
-238245425 -661173344
#r 0 4.0233049171
-301828475 -738356216
#r 0 0.9911484356
-274442007 -696523439
#r 0 4.3833273883
-282616972 -720463476
#r 0 1.2511661678
-278642564 -708455440
#r 0 0.9665379203
-275049061 -703250533
#r 0 4.1144986017
-276829203 -705864375
#r 0 4.3639707021
-277369073 -707350650
#r 1 -277443533 -707019819
411724544 245564399
#r 0 5.4300902741
477490019 170232452
#r 0 2.5278671717
395739206 227824158
#r 0 2.6818058782
306124492 272199862
#r 0 2.4491636091
229154736 336040731
#r 0 0.8791393145
292936163 413059752
#r 0 3.4764882438
198491700 380192696
#r 0 3.0699126283
98748491 387354562
#r 0 0.0098641944
148746058 387847764
#r 0 3.2482690426
123888172 385185910
#r 0 3.1094466861
111278167 385591410
#r 1 111940159 386202168
795592083 -315379132
#r 0 5.6519188942
876320159 -374395890
#r 0 1.2734560327
905617984 -278783979
#r 0 2.3948042147
832230562 -210855440
#r 0 5.0496888191
865324591 -305220610
#r 0 5.0128094043
894916774 -400741826
#r 0 1.9435128717
876709434 -354174748
#r 0 4.8308907724
879680451 -379128777
#r 0 1.6925172708
878154785 -366656610
#r 0 4.5852515823
877358177 -372888535
#r 0 1.3503896178
878044952 -369823212
#r 1 877555037 -369167922
-521849662 466816098
#r 0 6.2238477471
-422025658 460885823
#r 0 1.0257315263
-370178308 546395193
#r 0 1.0361209715
-319222135 632438603
#r 0 4.2467114715
-341673548 587762726
#r 0 4.0665394795
-356791910 567703224
#r 0 0.9682869750
-349674382 578051070
#r 0 0.8731136556
-345632478 582872419
#r 0 1.0828199199
-344157529 585651191
#r 0 4.3996159035
-344659104 584100189
#r 1 -345135513 583787272
-558514126 -706353026
#r 0 5.1038955639
-520355982 -798786548
#r 0 5.1974882557
-478578106 -878044985
#r 0 2.1470103061
-502986205 -840480809
#r 0 2.2030565407
-516332571 -822262559
#r 0 5.3355011544
-509742997 -831432348
#r 0 5.3692379313
-506295146 -835903874
#r 0 5.2698065041
-504801318 -838300295
#r 1 -504328758 -838604700
-218018041 -776753981
#r 0 5.6342206752
-138347045 -837190165
#r 0 5.3940277073
-75340404 -914844291
#r 0 5.4726449640
-6429707 -987310254
#r 0 6.1789042668
82357851 -996602821
#r 0 2.8572700162
-13627337 -968552086
#r 0 1.9908294231
-54406404 -877244542
#r 0 5.2607682221
-28341164 -919913069
#r 0 4.8859460572
-23953544 -944939284
#r 0 5.0264603535
-19972631 -957194939
#r 0 5.0921350969
-17561417 -963236290
#r 0 1.6741186764
-17902456 -959947315
#r 0 4.7947631674
-17766420 -961595013
#r 1 -17927110 -961379359
517252615 315449462
#r 0 1.5791887971
516413378 415445940
#r 0 4.9298005055
537983659 317800034
#r 0 1.5937362527
535689868 417773723
#r 0 1.5615367888
536615809 517769436
#r 0 3.0998543172
436702901 521942058
#r 0 1.3907357105
454611822 620325342
#r 0 1.1944203831
491367073 713325619
#r 0 1.2952353243
518575755 809552890
#r 0 4.5048000022
508270693 760626356
#r 0 4.3991100711
500530702 736733563
#r 0 1.2322201007
504701639 748578247
#r 0 4.4148100033
502860655 742575408
#r 0 1.2662160297
503802138 745570309
#r 1 503458020 745258652
-836634468 79323631
#r 0 0.0439920806
-736731218 83721420
#r 0 0.0115672027
-636737908 84878114
#r 0 0.3307268668
-542157252 117351173
#r 0 0.3112531733
-446962199 147976357
#r 0 0.0641238655
-347167722 154384350
#r 0 1.4758895466
-337691285 253934323
#r 0 4.1673282282
-389538289 168424744
#r 0 4.7406741551
-386710149 68464744
#r 0 1.5891427868
-387627421 118456328
#r 0 1.5330092892
-386682877 143440949
#r 0 1.9660848139
-391524502 155044591
#r 0 5.1297703366
-388976112 149297665
#r 1 -388676816 149026394
-478957491 -425697431
#r 0 0.7351550337
-404784813 -358627215
#r 0 1.5241323142
-400120105 -258736072
#r 0 5.0710589983
-365017185 -352372523
#r 0 1.5384196188
-361780080 -252424931
#r 0 1.3273187860
-337672175 -155374383
#r 0 0.1211226295
-238404813 -143291714
#r 0 0.7041626811
-162189423 -78552125
#r 0 2.1659432162
-218252462 4254491
#r 0 2.0659617417
-265770182 92243503
#r 0 2.1811562956
-323086429 174187678
#r 0 1.8769813110
-353228755 269536722
#r 0 5.0284747779
-337686322 222013751
#r 0 5.1757927881
-326510339 199648154
#r 0 1.9999086840
-331711646 211015961
#r 0 5.0495283065
-329644013 205117228
#r 0 1.8383290639
-330470196 208131355
#r 1 -331010503 208934246
744680137 283363242
#r 0 4.4613814501
719842133 186496976
#r 0 4.5765056727
706295580 87418770
#r 0 4.1699232789
654670652 1774933
#r 0 4.4740887088
631065525 -95399127
#r 0 0.9699488713
687599696 -12913446
#r 0 4.3374916757
650981999 -105967969
#r 0 1.7856220628
629664282 -8266613
#r 0 5.0087587485
644266791 -56086763
#r 0 5.0032129030
651482815 -80195603
#r 0 2.1484626221
644444724 -69398304
#r 0 5.2398207292
647688245 -74966846
#r 0 1.9092742435
646615627 -71919855
#r 0 4.8705096906
647371519 -76660425
#r 0 1.4576052280
647677736 -73966675
#r 1 647233789 -73964452
787479252 -388621533
#r 0 3.8905422469
714238806 -456708514
#r 0 1.5722971473
714088724 -356708627
#r 0 1.5633714548
714831204 -256711383
#r 0 3.9646967228
646836364 -330037380
#r 0 1.4058242520
663258842 -231395086
#r 0 4.0901007116
604969241 -312649762
#r 0 1.2793977692
633698451 -216865460
#r 0 2.2719641894
569187403 -140456529
#r 0 4.1787750783
518322590 -226553978
#r 0 1.0952990414
541211621 -182100720
#r 0 2.2744133761
524982600 -162973786
#r 0 1.3905012711
529430574 -138571156
#r 0 4.0860802788
517765586 -154694681
#r 0 1.2986903995
524935660 -128997949
#r 0 1.2017982940
533179246 -107680768
#r 0 2.2051247255
518751135 -88071100
#r 0 1.1379521929
534002281 -55064812
#r 0 2.2958595252
503377636 -20502324
#r 0 4.1601897263
467492212 -78745095
#r 0 2.2178955112
431634840 -31291939
#r 0 2.5894515575
356878885 14761843
#r 0 0.9692769736
431293456 123179480
#r 0 4.6069179917
415632618 -24754320
#r 0 1.1489130516
454997018 62949512
#r 0 0.7681999377
538875443 143991322
#r 0 1.0173219774
614058169 265666736
#r 0 1.1753082401
692765457 454194017
#r 0 1.2417275761
759716922 650253948
#r 0 4.9620091473
860179216 256187372
#r 0 1.6869278599
836618606 458153167
#r 0 1.8600300814
807109725 557316520
#r 0 2.1475821017
778664160 601039633
#r 0 1.9833868018
768091095 625194796
#r 0 3.6158701221
756338575 619161536
#r 0 0.6211435867
769055367 628262141
#r 0 3.8866744244
763308257 622960710
#r 1 763409092 623409006
734374273 161323653
#r 0 4.0401370830
672099323 83081525
#r 0 2.6802976164
582551641 127592341
#r 0 4.2729759639
540010809 37092188
#r 0 2.5002832985
459879496 96916704
#r 0 2.5765724488
375421718 150459992
#r 0 4.3888472496
343629066 55648456
#r 0 4.2746350044
301238436 -34922149
#r 0 4.2828847542
259596425 -125839380
#r 0 1.9898302269
218908612 -34491135
#r 0 1.9479031468
182085399 58482254
#r 0 1.9692603395
143285084 150648059
#r 0 4.5884626759
130924150 51414963
#r 0 2.0371983772
85956596 140734161
#r 0 1.7997623006
63259535 238124322
#r 0 1.8778159978
33037633 333448173
#r 0 2.0083224917
-9332363 424028433
#r 0 1.5208006851
-4334881 523903481
#r 0 4.4453990878
-30717799 427446539
#r 0 1.3414873936
-19352569 476137725
#r 0 0.8415149554
-2670588 494805506
#r 0 4.0321259711
-10544210 485074130
#r 1 -10310690 485294476
-835925574 -325109799
#r 0 5.4979630096
-765202461 -395808040
#r 0 5.5122207625
-693478573 -465490777
#r 0 5.5864381108
-616785208 -529663417
#r 0 5.6276401183
-537513638 -590622568
#r 0 5.6481203123
-457010324 -649945552
#r 0 5.6652897800
-375500381 -707877661
#r 0 5.6036311937
-297715080 -770722286
#r 0 5.6495712988
-217125774 -829928398
#r 0 5.6594867025
-135953386 -888332537
#r 0 5.5388495508
-62399578 -956080875
#r 0 5.8663798340
29039110 -996565024
#r 0 2.7702681212
-17553267 -978422524
#r 0 5.9231103941
5843493 -987231132
#r 0 5.9371208898
17603917 -991471646
#r 0 2.8057981570
11702241 -989411889
#r 0 6.1528695893
14801463 -989818068
#r 2 14625615 -989732446
