701687785 -541700890
#r 0 3.4339843007
605932061 -570525209
#r 0 1.2306299278
639296457 -476255293
#r 0 0.1457835704
738235695 -461728520
#r 0 1.9143101971
704555921 -367570818
#r 0 2.4777770304
625791215 -305958149
#r 0 2.9168507167
528306050 -283672669
#r 0 2.4443416168
451645027 -219461396
#r 0 1.0044396561
505301142 -135075252
#r 0 1.4359072798
518749179 -35983626
#r 0 0.1897036649
616955195 -17126838
#r 0 6.0884161302
715064432 -36480846
#r 0 4.0439093195
653085072 -114957333
#r 0 0.9471718358
682284134 -74368975
#r 0 1.0867448144
693941740 -52196588
#r 0 0.1272660991
706999174 -50525789
#r 0 3.2617577388
700464690 -51314807
#r 0 2.8884657203
697278425 -50490599
#r 0 6.1381444265
698906717 -50728438
#r 1 698657624 -50681957
-499127383 633119407
#r 0 5.7567836226
-412665328 582876865
#r 0 2.7946124570
-506705719 616882818
#r 0 0.5364391978
-420752321 667990679
#r 0 3.6935187852
-463328130 641774262
#r 0 1.6036916299
-464150561 666766729
#r 0 4.6691771669
-464690670 654275403
#r 0 1.5796174950
-464745815 660526658
#r 0 4.7724093000
-464558319 657406537
#r 0 4.8780219509
-464299963 655861018
#r 1 -464530423 655750607
-483608482 -622730427
#r 0 0.5551002701
-398623722 -570027575
#r 0 0.6527741209
-319183534 -509288324
#r 0 1.8537635653
-347104145 -413265204
#r 0 0.7845994090
-276337009 -342611029
#r 0 4.0375153659
-307576940 -381650324
#r 0 0.5918169186
-286573435 -367531971
#r 0 3.8783422363
-314668375 -393018205
#r 0 0.8555310846
-302229977 -378700221
#r 0 0.6667699824
-294673630 -372753299
#r 0 3.7002186170
-298750667 -375301598
#r 0 3.9235369183
-300476197 -377015249
#r 1 -300107932 -376716169
-400050622 -282770132
#r 0 1.6726426576
-410217657 -183288318
#r 0 2.2387685078
-472157183 -104780388
#r 0 2.5307799017
-554075398 -47427044
#r 0 2.9187278167
-651602223 -25324593
#r 0 2.8930410926
-748529198 -724564
#r 0 2.9178273027
-846036080 21465702
#r 0 4.8754327136
-829803848 -77208077
#r 0 0.6972270550
-753141286 -12998642
#r 0 2.1607428711
-808772946 70098400
#r 0 5.3681577548
-778284510 30469431
#r 0 3.3728256003
-802724290 24715225
#r 0 2.4277656499
-826267927 45108842
#r 0 4.0549143826
-854807919 8143113
#r 0 5.9860086544
-805162962 -7060428
#r 0 0.5675935298
-783088272 7013922
#r 0 0.0821903891
-765139870 8492439
#r 0 3.0269449994
-777365911 9900300
#r 0 5.8020738611
-762590675 2187267
#r 0 2.6084896257
-769767894 6422493
#r 0 2.8788998438
-773802629 7507461
#r 1 -774089225 8079678
301295572 728310821
#r 0 3.4189445655
205117184 700929849
#r 0 3.1217853366
105136800 702910451
#r 0 3.5710631182
14218163 661271510
#r 0 3.7733820975
-66479034 602212537
#r 0 4.3131903888
-105347041 510075259
#r 0 2.8595932536
-201397138 537902922
#r 0 3.4687288323
-296093784 505769681
#r 0 6.1487986244
-196995415 492371426
#r 0 4.2671415779
-240063533 402121012
#r 0 4.2888050106
-281166564 310958844
#r 0 5.9835580540
-185621906 281442435
#r 0 0.8438947788
-119166151 356166144
#r 0 5.5075813706
-47766319 286151403
#r 0 4.4384501832
-74818865 189880121
#r 0 6.0942481913
23401577 171098618
#r 0 2.3821384823
-49119617 239951189
#r 0 1.5919137135
-51231199 339928893
#r 0 5.2134984667
-3191308 252223882
#r 0 4.2364984543
-49004328 163335372
#r 0 1.2028645983
-31020010 209989035
#r 0 2.8065525179
-54903264 218304375
#r 0 0.4821550842
-27506519 232642547
#r 0 0.4059345919
-13165308 238806490
#r 0 0.3582806869
-5336878 241737777
#r 0 3.2457974787
-10659526 241181115
#r 0 0.2027797360
-8038514 241720010
#r 1 -8712128 241697011
538670319 187274473
#r 0 3.9124584685
466939551 117598817
#r 0 4.4064788365
436823432 22241492
#r 0 1.1941945107
455211560 68737478
#r 0 2.6589916894
432956446 80397405
#r 0 5.5478523071
451639936 63496923
#r 0 1.8335240644
444338862 90644069
#r 0 5.0367435461
448818436 77321092
#r 0 5.2180593264
452235633 71149391
#r 1 451970503 70803426
-356518068 -65592954
#r 0 3.1508658690
-456513768 -66520262
#r 0 3.0234161307
-555816296 -54730097
#r 0 6.0939901691
-506708500 -64133520
#r 0 3.0409486307
-531581991 -61621665
#r 0 5.7213038970
-520921243 -68333390
#r 0 2.6426884827
-526452253 -65319651
#r 0 2.2614510354
-528466487 -62882401
#r 1 -528266246 -63298719
-276446552 932869643
#r 0 5.4896802231
-206311437 861588049
#r 0 3.5878967731
-296516290 818424586
#r 0 2.5915200939
-381764949 870699495
#r 0 5.8099422532
-337260207 847910730
#r 0 5.5340320292
-318845873 830785102
#r 0 5.9416899989
-306821572 826511423
#r 0 2.8793496635
-312984023 828165577
#r 0 5.7683152355
-310189948 826584773
#r 0 2.5451551826
-311517941 827486373
#r 1 -311765376 827495657
-550539604 -271667289
#r 0 4.7542385417
-546355869 -371579732
#r 0 5.1178158519
-506914763 -463473144
#r 0 1.4654287520
-496397492 -364027747
#r 0 4.4711901838
-508340836 -412580362
#r 0 3.9665197808
-525615802 -431278030
#r 0 4.1899991486
-534904413 -447411388
#r 0 1.0355381219
-530156690 -439405140
#r 1 -530180056 -439903789
-618319202 -169265767
#r 0 2.2563262761
-681627535 -91857402
#r 0 2.6531090378
-769932084 -44928663
#r 0 0.8477418048
-703764284 30050149
#r 0 0.1616955688
-605068711 46149338
#r 0 6.2521991560
-505116714 43051219
#r 0 0.5038584663
-417544095 91332027
#r 0 5.7570501807
-331068651 41112534
#r 0 6.0464268574
-233858311 17657260
#r 0 0.4292878756
-142932073 59279600
#r 0 0.8251704905
-75088901 132745946
#r 0 1.4466857207
-62709678 231976762
#r 0 1.0372499077
-11850675 318077644
#r 0 3.9225408450
-82875313 247682325
#r 0 0.1507421145
15990678 262699512
#r 0 3.3834553813
-32553998 250723934
#r 0 2.9725860543
-57401440 254963761
#r 0 6.0218512951
-45226082 251707456
#r 0 2.7434947663
-51034937 254150387
#r 0 6.0601046090
-47905332 253440416
#r 1 -48779792 253224302
755102565 -188650360
#r 0 5.0550176054
788698974 -282837840
#r 0 2.5920983541
703420100 -230612236
#r 0 2.7730400183
610135124 -194585672
#r 0 3.5754663991
519400716 -236624549
#r 0 3.5536859513
427772275 -276677375
#r 0 1.7521944005
409731787 -178318132
#r 0 2.4760495854
331073631 -116569493
#r 0 2.9050335347
233858618 -93133596
#r 0 3.2741601052
134736038 -106351546
#r 0 0.2367744909
183341020 -94623129
#r 0 3.2055922783
158122978 -96239281
#r 0 0.1103580814
170681004 -94847748
#r 0 6.0646404065
176861418 -96220369
#r 0 2.6387226896
173937721 -94612234
#r 1 174367138 -95338522
380790345 -501424583
#r 0 3.4093610310
284353971 -527882583
#r 0 6.1499425789
383467602 -541167465
#r 0 2.3673890537
311969796 -471252776
#r 0 2.9864418242
213170973 -455799864
#r 0 2.5171766203
132040507 -397337504
#r 0 3.6238445471
43445227 -443715046
#r 0 3.1824664053
-56471251 -447801283
#r 0 1.5320802739
-52600613 -347876220
#r 0 0.5107534425
34637032 -298992753
#r 0 4.3781174321
1828919 -393457708
#r 0 5.2169686525
50172873 -480995483
#r 0 2.3804451527
-22231627 -412020209
#r 0 5.6914587531
60766258 -467799695
#r 0 2.5599129663
18989211 -440328288
#r 0 5.1269721149
29060438 -463212705
#r 0 2.0080106484
23767186 -451887379
#r 0 1.9624009375
21380274 -446106977
#r 0 2.1635193695
19633511 -443513442
#r 1 20197054 -443432798
-579009961 358478730
#r 0 5.0852552789
-542581334 265350028
#r 0 1.9946253779
-563144020 310926074
#r 0 2.0550349600
-574812568 333109193
#r 0 5.6189197881
-564689188 325182967
#r 0 2.7112952443
-581159624 332742585
#r 0 0.0414145770
-568257813 333277214
#r 0 3.2779538673
-574654320 332399532
#r 0 0.0757409685
-571435355 332643807
#r 0 3.2040852135
-573046314 332543003
#r 1 -573645149 332438110
299350043 -849072587
#r 0 3.8642078466
224342169 -915207440
#r 0 0.6107327309
265303570 -886534046
#r 0 3.8140683997
245746524 -902107161
#r 0 0.4836703403
256854792 -896272155
#r 0 2.8702204663
238730914 -891229440
#r 0 6.0698589587
247923863 -893220839
#r 0 5.8151870064
252135352 -895349537
#r 0 5.9501678502
254407644 -896135522
#r 1 254008498 -895877256
547958642 -796389549
#r 0 1.6803460733
537025566 -696989006
#r 0 3.0283569377
437665998 -685689618
#r 0 1.7131405263
423479599 -586701002
#r 0 0.9694883794
480051748 -504241363
#r 0 1.6574639195
471395834 -404616692
#r 0 2.5802699556
386740657 -351386052
#r 0 1.3818475677
405523304 -253165829
#r 0 1.9206763054
371244798 -159224443
#r 0 0.6491973368
450901728 -98769721
#r 0 3.9146568475
415113018 -133686310
#r 0 3.5962238907
392310868 -144831541
#r 0 3.8044388880
382255466 -152681549
#r 1 381758099 -153461653
120566706 -818818612
#r 0 3.2059195337
20773532 -825246865
#r 0 3.0737399236
-78996357 -818466797
#r 0 1.4313420943
-65096090 -719437596
#r 0 1.0659285521
-16726918 -631913752
#r 0 3.8251052385
-94262842 -695065795
#r 0 0.7024180301
-56098731 -662762534
#r 0 0.5554997414
-34850216 -649573624
#r 0 3.3944802305
-47100118 -652739244
#r 0 0.0749678596
-28738307 -651360114
#r 0 3.0975288336
-37936135 -650954560
#r 1 -37426374 -650463074
137093106 -178832048
#r 0 2.1994479707
78287635 -97949933
#r 0 2.8938203919
-18658482 -73425447
#r 0 3.1836082226
-118570230 -77625768
#r 0 0.0540697314
-68643301 -74923599
#r 0 0.0276400418
-43649219 -74232586
#r 0 0.1635584602
-31314185 -72196902
#r 0 6.1888294589
-24984869 -72795889
#r 0 6.0735974204
-21875615 -73457264
#r 1 -22076245 -73471115
-671832205 450572368
#r 0 0.4109320082
-580157313 490518760
#r 0 3.7090879292
-664482309 436766597
#r 0 5.5033003561
-593382865 366446835
#r 0 6.0458723021
-496185548 342937656
#r 0 1.0323775790
-444907638 428789715
#r 0 4.2281261177
-468185443 384538797
#r 0 4.0673788512
-483259612 364502965
#r 0 4.3842499537
-487311089 352602498
#r 0 1.0229092540
-483893780 358202791
#r 0 1.7049231328
-485204203 367914164
#r 0 4.8088663816
-484732226 363037256
#r 0 5.5022173996
-482989801 361310202
#r 0 2.3423455183
-483845084 362189509
#r 1 -483934365 362281600
-468532303 -84888903
#r 0 1.1968940927
-432007220 8202011
#r 0 0.9889144405
-377047511 91744996
#r 0 3.4954209902
-470852821 57095844
#r 0 0.3701793349
-424239698 75184975
#r 0 0.1256166918
-399430053 78317977
#r 0 2.0093693029
-404971924 90133365
#r 0 5.0788220791
-402634007 84041315
#r 0 4.6908205167
-402704736 80762524
#r 0 1.4504959061
-402507946 82390449
#r 1 -402575976 82355937
242220329 -192797614
#r 0 1.0288393128
293801684 -107127527
#r 0 0.7900531973
364182437 -36088456
#r 0 0.4299532838
455080959 5594378
#r 0 0.5798405709
538735960 60383435
#r 0 3.8049326834
499338961 29595834
#r 0 2.6769000694
476834785 40877333
#r 0 4.9661126813
482036991 20815778
#r 0 1.8598842206
479082858 30748316
#r 0 5.3402131695
482130063 26549835
#r 0 2.3487834383
476769804 31990139
#r 0 5.3791489584
479131440 28989307
#r 0 5.9594963983
480963860 28374551
#r 1 480077238 28434405
474168597 127670696
#r 0 4.1474989195
420636301 43205950
#r 0 0.3619613267
514156711 78616865
#r 0 3.4405801058
466374951 63889229
#r 0 3.1237851729
441280016 64336154
#r 0 5.7849733378
454254825 57278077
#r 0 2.6955813912
447592123 60463815
#r 0 5.7263525177
450726874 58512288
#r 0 2.5846913640
449159566 59488159
#r 1 449292947 59593894
595496296 -707793242
#r 0 2.0871377302
546126114 -620830117
#r 0 2.4855190619
466886766 -559829087
#r 0 5.9766222256
562224406 -590007462
#r 0 2.2625402986
498436282 -512993988
#r 0 0.1561728163
597219261 -497440113
#r 0 1.8898601421
565851485 -402487164
#r 0 1.2640921562
596043311 -307153782
#r 0 0.7012191679
672448932 -242638814
#r 0 3.7131847918
630396895 -269687403
#r 0 3.9854033456
613504884 -288677782
#r 0 4.0349118733
605537313 -298581572
#r 0 4.4168261608
603674390 -304699924
#r 0 1.4123825245
604178856 -301542126
#r 0 1.0257691491
605023226 -300149428
#r 1 605067494 -299847964
677928845 -196320030
#r 0 1.7143621746
663621527 -97348819
#r 0 4.3883689650
631783532 -192145138
#r 0 2.4875628967
552419673 -131306187
#r 0 2.8103139009
457856953 -98780935
#r 0 5.9509682311
505123033 -115087919
#r 0 5.1708333308
516186883 -137506489
#r 0 2.0058510102
510918629 -126170892
#r 0 2.1628466340
507428822 -120981813
#r 0 1.9356281487
506299776 -118025647
#r 1 506461818 -118129959
134234208 -184258840
#r 0 5.4602403693
202240715 -257574016
#r 0 1.5347577070
205843797 -157638948
#r 0 0.1858497048
304121757 -139160781
#r 0 1.7612040955
285195826 -40968067
#r 0 1.6241029457
279867688 58889887
#r 0 0.4052347826
371768674 98313341
#r 0 1.8447268905
344716921 194584846
#r 0 2.0418593109
299333546 283693483
#r 0 1.5359123980
302821231 383632645
#r 0 4.5723441894
295841858 334122158
#r 0 4.5840300822
292606526 309055379
#r 0 5.1782219554
298499346 297333848
#r 1 298564582 296977104
-222667336 -46611794
#r 0 1.5721356726
-222801271 53388116
#r 0 1.9036451681
-255474954 147899652
#r 0 1.2016829545
-219396088 241164412
#r 0 2.3313027820
-288324933 313613113
#r 0 2.4405968642
-364744963 378111012
#r 0 5.5150338632
-328785149 343370665
#r 0 2.3328280265
-346044965 361456535
#r 0 1.6213135581
-346677202 373961160
#r 0 4.7339788157
-346542054 367702321
#r 0 4.6255870002
-346813643 364581349
#r 1 -346384499 363992191
219528894 970092025
#r 0 3.5165081978
126475039 933472631
#r 0 0.6259705442
192598844 981277578
#r 0 3.8027843266
160399145 956225693
#r 0 3.4982479382
141260502 949094844
#r 0 0.6316529873
149940196 955445338
#r 0 5.2457616920
158112550 941604601
#r 0 2.1200299570
153917128 948459291
#r 0 2.2225782495
151478972 951654694
#r 0 1.9699148482
150684065 953539455
#r 1 150572744 954137003
-384209398 -106897359
#r 0 1.2534412644
-353003919 -11890948
#r 0 1.6850767146
-364407099 87456762
#r 0 3.2674482982
-463616162 74904396
#r 0 0.7121499567
-387920291 140250667
#r 0 2.2215793243
-448501246 219811637
#r 0 0.9320685548
-388883795 300097125
#r 0 0.6993085353
-312355049 364465992
#r 0 1.7242043805
-327635753 463291596
#r 0 0.3928443419
-235253360 501573359
#r 0 3.0613400341
-334931509 509590009
#r 0 0.5110375163
-247707754 558498256
#r 0 0.0364263288
-147774091 562140083
#r 0 4.7998045989
-139043658 462521914
#r 0 1.3937958708
-121435889 560959541
#r 0 4.4806449715
-132919652 512296176
#r 0 1.2444826708
-124905817 535976936
#r 0 4.3918192072
-128844659 524113737
#r 0 4.3425357225
-131103975 518286167
#r 1 -130608778 517868417
615373946 -411111791
#r 0 0.9358242173
674689452 -330602967
#r 0 4.2383084021
629037390 -419574250
#r 0 6.0420305426
726143674 -443456663
#r 0 6.1953530548
825758197 -452228600
#r 0 0.2504231955
901458787 -432864937
#r 0 3.5380907131
809216881 -471483983
#r 0 0.3958999035
855349375 -452202051
#r 0 0.5897681395
876126124 -438297837
#r 0 3.8228700644
866416510 -446170162
#r 0 3.7461164519
861231325 -449752081
#r 0 3.3401828297
858108048 -450380618
#r 1 858586854 -450165093
326662212 790338362
#r 0 5.8826240392
418746440 751344838
#r 0 3.2469470277
319300904 740828880
#r 0 0.3455602426
413389487 774701265
#r 0 3.3331158228
315217944 755665822
#r 0 6.1852809787
414739064 745891022
#r 0 2.6649757161
325883857 791768600
#r 0 2.3621694531
254751950 862055525
#r 0 5.7632711210
341538132 812374958
#r 0 5.2229411552
390404040 725127476
#r 0 1.7196934356
375569287 824021005
#r 0 4.7612980855
378013767 774080797
#r 0 4.6561458764
376594462 748872224
#r 0 1.2899669939
380400942 762068438
#r 0 2.2361125920
368588336 777122888
#r 0 5.4804095337
375235236 770240864
#r 0 5.2255938100
377608629 766029538
#r 1 377556461 766055826
340630368 -61653550
#r 0 1.4622714687
351461564 37758146
#r 0 2.4897802513
271962999 98420970
#r 0 5.9916364717
367742982 69677366
#r 0 1.5369269149
371129276 169620015
#r 0 5.8783044757
463044211 130229092
#r 0 0.3438738160
557189784 163942756
#r 0 5.6281688400
636493574 103025526
#r 0 2.0941071500
586518513 189642460
#r 0 0.3904238579
678993296 227700501
#r 0 3.5067387646
632289717 209846213
#r 0 3.4612674393
608541116 201984749
#r 0 0.1960804780
620809419 204421635
#r 0 3.4588694711
614867573 202470512
#r 0 0.5353496326
617596243 204088957
#r 1 618021947 203741027
-936931568 -253662529
#r 0 1.0064081939
-883441674 -169170924
#r 0 1.2465496771
-851582196 -74381823
#r 0 1.5022046599
-844728407 25383028
#r 0 4.6456260131
-848064076 -24505580
#r 0 1.7738013807
-853104432 -18870
#r 0 0.6967448251
-824582677 23846396
#r 0 3.9280496266
-837717138 10684091
#r 0 3.5111748012
-846456134 7298757
#r 0 5.0819379662
-844670615 2689115
#r 0 1.9137303677
-845501723 5016877
#r 0 1.8558744879
-845849528 6203680
#r 1 -845908325 6096438
-55698254 -527054964
#r 0 2.0176052766
-98907249 -436871913
#r 0 3.7670661085
-179975850 -495420029
#r 0 2.0146130318
-222914802 -405108090
#r 0 4.7718257475
-216974624 -504931506
#r 0 3.9372979557
-286952734 -576367240
#r 0 4.0260338203
-350324923 -653723336
#r 0 3.4778708134
-444723855 -686720937
#r 0 2.7151753179
-535769197 -645359776
#r 0 5.7009508642
-452245594 -700348936
#r 0 2.5753519674
-494441777 -673525773
#r 0 4.9025960068
-489714013 -698081180
#r 0 3.7319296745
-518792231 -717564861
#r 0 1.6712447725
-522511304 -680664775
#r 0 2.0897701401
-531863743 -664291458
#r 0 1.7432659756
-533522438 -654769693
#r 0 1.3892733478
-532649187 -650011958
#r 0 1.8519250742
-533426233 -647321138
#r 1 -533335171 -647288898
-176767589 -188188183
#r 0 4.4292805278
-204701759 -284207359
#r 0 0.4505418555
-114680631 -240662021
#r 0 1.1766292748
-76276706 -148330344
#r 0 2.2792339227
-141341517 -72392406
#r 0 1.4514115646
-129431380 26895804
#r 0 1.2838001824
-101124129 122805655
#r 0 6.0217382479
-4522433 96957784
#r 0 2.9255773462
-53360397 107674746
#r 0 1.9650361451
-62982854 130804552
#r 0 1.8902001101
-69101312 149304532
#r 0 2.2529217566
-82203528 165436635
#r 0 3.1723581076
-105513028 164719281
#r 0 2.0452064439
-115138731 183463599
#r 0 2.6385366980
-142410337 198470540
#r 0 1.4987808572
-139309302 241456758
#r 0 2.1661602524
-174260182 293056020
#r 0 2.8403251522
-262734728 320547325
#r 0 2.2063623263
-338536207 423304680
#r 0 0.8726551695
-215451416 569988605
#r 0 4.0658906783
-273125858 493567609
#r 0 1.3282661671
-261598582 540161279
#r 0 0.5834887502
-203217860 578702257
#r 0 3.9967347141
-270816004 500950367
#r 1 -270275059 500689008
133207554 429148051
#r 0 2.6418601362
45436477 477067129
#r 0 2.9698802349
-53092884 494154112
#r 0 1.5452281074
-50536341 594121427
#r 0 3.2141876223
-150272955 586868305
#r 0 3.3763658206
-247529668 563606067
#r 0 6.1810189425
-148051112 553407195
#r 0 3.0512098206
-197847025 557920186
#r 0 2.7687983145
-221133088 567026932
#r 0 5.1241038415
-215807209 554830398
#r 0 1.8090747357
-219691547 570822383
#r 0 4.6875945121
-220048033 556447685
#r 0 1.6759774355
-220802845 563597510
#r 0 6.1374827448
-217186652 563066861
#r 0 2.9613691702
-218984513 563394432
#r 1 -219799825 563482487
420725815 -425022251
#r 0 5.3001633521
476176843 -508239938
#r 0 5.3300944411
534093459 -589760890
#r 0 2.9403533665
436111497 -569772514
#r 0 6.2334535486
535987860 -574743640
#r 0 3.4899068400
441992916 -608875011
#r 0 0.3145984163
489538951 -593403280
#r 0 0.3309321049
513209307 -585270935
#r 0 0.5135848159
524137409 -579106670
#r 0 3.6199682646
518568248 -581994547
#r 0 3.8815188375
516248873 -584112030
#r 0 0.6703971890
517479312 -583136414
#r 1 517755743 -582775537
-984543034 144270826
#r 0 5.8204394733
-895060023 99630142
#r 0 6.1018475012
-796699692 81595582
#r 0 2.9428685134
-845715655 91466519
#r 0 2.9294794197
-870162746 96731266
#r 0 3.1157847227
-882691308 97054674
#r 0 0.1232593581
-876422231 97831334
#r 1 -877276134 97655983
366737756 485628537
#r 0 1.8695379140
337305979 581199299
#r 0 0.8363705102
404322089 655420866
#r 0 1.4252050924
418829832 754362896
#r 0 6.2315060133
518696324 749197267
#r 0 6.2286418506
618547611 743745625
#r 0 3.1045764415
568581863 745596013
#r 0 4.1455213056
555152933 724499857
#r 0 0.9065147712
562861469 734344878
#r 0 1.2860529612
564634277 740401683
#r 1 564579290 739416075
-649282821 -270779598
#r 0 0.7294366655
-574727826 -204134623
#r 0 0.9512258000
-516659269 -122721831
#r 0 1.6464633030
-524218748 -23007969
#r 0 1.8122321533
-548128453 74091598
#r 0 1.4535890767
-536434545 173405507
#r 0 1.7831930983
-557514887 271158355
#r 0 1.3308148028
-533746419 368292592
#r 0 2.0910629287
-583457567 455061260
#r 0 2.4618302966
-661229780 517922082
#r 0 5.6003535404
-622440330 486372462
#r 0 5.7342319534
-601113351 473327473
#r 0 2.1457925837
-608021197 483987068
#r 0 5.3807865082
-604085243 479002634
#r 0 4.7207344474
-604058512 475799639
#r 0 1.7056852209
-604273889 477386644
#r 1 -604172692 477323240
411724544 245564399
#r 0 5.6760661849
493854042 188514021
#r 0 5.9784926635
589247962 158514022
#r 0 5.5793824498
665486641 93801861
#r 0 5.6622165655
746818161 35619528
#r 0 5.6982299219
830191833 -19596691
#r 0 2.7954890313
736121669 14326815
#r 0 6.1641933168
835414549 2455676
#r 0 3.9908484488
769360342 -72623227
#r 0 0.9085853625
800103441 -33191492
#r 0 1.2092782532
808976867 -9725324
#r 0 5.5545777960
819835973 -19416131
#r 0 2.4321130447
814314737 -14675464
#r 1 814234604 -15469902
795592083 -315379132
#r 0 1.4337883200
809250060 -216316224
#r 0 1.7124317170
795133828 -117317578
#r 0 1.4009155230
812040315 -18757085
#r 0 1.9901322499
771324915 72578867
#r 0 5.1498592285
792507380 27287553
#r 0 5.2920850282
806206124 6364947
#r 0 3.1864707238
793323816 5786425
#r 0 0.0403334384
799766217 6046410
#r 0 0.0678591739
802982687 6265013
#r 1 802548437 6070981
-521849662 466816098
#r 0 1.4373388540
-508543496 565926874
#r 0 0.9417827824
-449708757 646787702
#r 0 3.9395706790
-519524333 575193112
#r 0 1.0383487901
-468759975 661349830
#r 0 4.4068273987
-498842854 565982014
#r 0 1.4706212912
-488842096 665480682
#r 0 0.1775628164
-390414386 683143806
#r 0 0.7481705391
-317120918 751173708
#r 0 3.8930430512
-353655891 717038744
#r 0 2.8136248449
-377323617 725091826
#r 0 5.8802609479
-365824516 720190397
#r 0 5.8855211819
-360029884 717756405
#r 0 0.1157969213
-356844229 718126952
#r 1 -357414354 717838102
-558514126 -706353026
#r 0 4.9155431584
-538338162 -804296533
#r 0 0.2792159438
-442210980 -776736329
#r 0 3.6448101183
-529814529 -824960993
#r 0 0.4176103481
-484111492 -804682127
#r 0 0.9974603384
-470451592 -783526461
#r 0 4.5547714536
-472731162 -797869162
#r 0 1.4433569781
-471808282 -790666686
#r 0 1.2121901555
-470532864 -787263869
#r 0 4.3651346614
-471151218 -788972407
#r 1 -471214426 -788928824
-218018041 -776753981
#r 0 3.9689810263
-285698107 -850370614
#r 0 0.6943123478
-247273414 -818377758
#r 0 3.8167118782
-266789224 -834002517
#r 0 0.1160591843
-254368743 -832554499
#r 0 3.3685110017
-260460762 -833961116
#r 0 2.9626115913
-263574512 -833397786
#r 1 -264090382 -832933477
517252615 315449462
#r 0 1.8646528267
488288059 411162860
#r 0 1.8865924839
457230723 506217802
#r 0 2.5465085257
374420589 562275644
#r 0 1.8888174724
343151834 657261248
#r 0 1.7948141015
320936955 754762526
#r 0 2.1311551833
267787934 839468970
#r 0 1.6849917146
256393199 938817649
#r 0 4.7571349634
258629752 888867696
#r 0 4.8837447080
262913215 864115353
#r 0 5.0638441685
267237836 852321312
#r 1 266567964 851704260
-836634468 79323631
#r 0 0.8006488525
-767010358 151104431
#r 0 2.2972756721
-833434559 225856191
#r 0 2.1620322337
-889173315 308881434
#r 0 2.1578096525
-929331117 369247443
#r 0 5.3093545692
-908952826 339265761
#r 0 3.3121121109
-926817495 336189614
#r 0 0.0614673195
-917770824 336746390
#r 0 0.3522967779
-913467028 338328609
#r 0 0.1275651651
-911180533 338621879
#r 1 -911958984 338488415
-478957491 -425697431
#r 0 4.5476935697
-495352678 -524344265
#r 0 4.3903489116
-527002919 -619203436
#r 0 4.4050710978
-557253246 -714518271
#r 0 4.7510442663
-553388680 -814443569
#r 0 1.6665413772
-558168622 -764672572
#r 0 1.3487255271
-552644459 -740207157
#r 0 1.7704850522
-555233017 -727416954
#r 0 2.2316439690
-559239792 -722263307
#r 0 5.4066731647
-557151380 -724771716
#r 0 5.3813456798
-556138141 -726053393
#r 1 -556089064 -726266960
744680137 283363242
#r 0 2.4165060595
669835937 349683268
#r 0 2.0888516404
620316781 436561649
#r 0 1.8247762562
595190962 533353659
#r 0 1.8732881707
565400978 628813372
#r 0 3.1486509615
465403469 628107547
#r 0 1.5975336918
462730051 728071805
#r 0 1.5539738930
464412215 828057656
#r 0 3.5779948577
373784390 785789496
#r 0 3.3958888240
277000331 760633068
#r 0 0.5815367871
360562278 815563943
#r 0 3.3015839542
261839411 799632981
#r 0 2.6356485258
174367680 848096331
#r 0 2.6977863730
84055293 891034342
#r 0 4.7252173348
85338093 791042570
#r 0 4.7798194617
92076032 691269827
#r 0 1.0475858486
142042401 777891776
#r 0 4.2207415767
118438461 733813958
#r 0 4.2819988886
107997442 711071260
#r 0 4.0665660960
100351338 700925616
#r 0 0.9006416251
104296676 705903923
#r 0 3.9744317580
102159898 703554139
#r 0 3.8953384622
100996711 702462351
#r 1 101083067 701733977
787479252 -388621533
#r 0 2.0036070162
745536855 -297842486
#r 0 1.7052945354
732127548 -198745612
#r 0 1.9874334181
691658796 -107300108
#r 0 1.8396251246
665098548 -10891845
#r 0 1.7803602189
644295213 86920328
#r 0 1.8996787008
611996663 181560719
#r 0 2.9011834410
514872601 205370728
#r 0 1.7691376924
495168252 303410203
#r 0 1.5783674068
494411151 403407337
#r 0 2.4015476536
420567329 470839451
#r 0 1.4403161060
433578359 569989404
#r 0 2.4809802702
354616697 631349456
#r 0 1.2276059965
388266006 725518050
#r 0 2.6901973328
298282075 769140202
#r 0 2.7049167667
207665822 811433164
#r 0 2.4511812119
130567417 875118609
#r 0 0.0748269422
230287594 882594322
#r 0 6.1420608381
329293440 868528673
#r 0 0.1794012705
427688511 886372722
#r 0 0.0998279274
457257447 889334372
#r 0 5.6328398649
536844916 828788235
#r 0 2.3053835848
506778947 862076040
#r 0 2.5267095102
506778945 862076041
#r 0 2.6678054588
417794272 907701998
#r 0 5.8878349676
433592986 901108829
#r 0 5.6737960842
467600022 877371574
#r 0 2.2430315799
458649657 888617179
#r 0 5.5505023247
479078684 870235940
#r 0 2.2978984836
469945213 880501585
#r 0 2.6158294844
463930102 883991792
#r 0 2.5162503498
461084415 886046393
#r 0 2.1891392028
460058151 887488970
#r 1 459832496 887367440
734374273 161323653
#r 0 2.9213891436
636788971 183166475
#r 0 2.2678480967
572592975 259840291
#r 0 2.3318019523
503627974 332254576
#r 0 2.9035060048
406448873 355838944
#r 0 2.1888034968
348507664 437342418
#r 0 2.1970490446
289896392 518365370
#r 0 2.2202636284
229420167 598005977
#r 0 3.2743703547
130300369 584767187
#r 0 1.8719501389
100638140 680266675
#r 0 3.2723727327
1492093 667225915
#r 0 3.1887869389
-98396563 662508238
#r 0 1.4454704283
-85896755 761723936
#r 0 0.9820207746
-30362439 844886065
#r 0 1.4242171403
-15756953 943813714
#r 0 5.8883104114
76547517 905344442
#r 0 2.8235108886
29055663 920981698
#r 0 2.5609822300
8029616 934775652
#r 0 2.8224217922
-4050713 938767832
#r 1 -4051482 938460315
-835925574 -325109799
#r 0 1.2094607185
-800573183 -231567250
#r 0 1.2967797122
-773513146 -135298073
#r 0 1.0651658104
-725077230 -47811148
#r 0 1.1408415755
-683394263 43087313
#r 0 1.0986645404
-637915674 132147394
#r 0 1.1736431540
-599236207 224363981
#r 0 1.4152862299
-583747801 323157246
#r 0 0.9548429369
-525974105 404779547
#r 0 1.4386976663
-512802624 503908312
#r 0 1.2870788847
-484809984 599910458
#r 0 1.1973743739
-448329615 693018904
#r 0 4.3230810388
-467307027 646760306
#r 0 4.3032410065
-477255231 623818016
#r 0 4.0038786888
-485412710 614298723
#r 0 0.8506640062
-481278931 619010645
#r 0 0.8406320563
-479188228 621346069
#r 2 -478626508 622165635
