701687785 -541700890
#r 0 3.0066508669
652142327 -534974259
#r 0 2.6519269850
608017819 -511457715
#r 0 4.3925234221
592295872 -558921600
#r 0 4.6679863798
590076471 -608872318
#r 0 2.5980956604
568678834 -595944012
#r 0 1.6627243261
566663221 -574079814
#r 0 4.8569769054
568245048 -584943712
#r 0 4.3071837256
566075163 -590002396
#r 0 4.9870036800
566954730 -593124388
#r 0 2.1517323293
566064696 -591768676
#r 0 4.9562510287
566260485 -592555565
#r 0 2.7164848957
565891131 -592388354
#r 0 3.4358390275
565583198 -592481671
#r 0 2.2224274186
565322304 -592139641
#r 0 4.8086054257
565342967 -592353733
#r 0 4.8749601393
565364993 -592488026
#r 0 1.6818296325
565357453 -592420402
#r 0 1.9363503792
565345259 -592388544
#r 0 3.3673023025
565345259 -592388544
#r 0 1.7577779752
565342016 -592371405
#r 0 3.3480936662
-499127383 633119407
#r 0 4.7856320025
-495468505 583253461
#r 0 0.3486010650
-448475931 600332629
#r 0 0.1287888705
-398890022 606754286
#r 0 5.1349017005
-378387347 561151212
#r 0 5.0987501116
-359546333 514836893
#r 0 6.2415414411
-309589682 512755301
#r 0 0.3086467390
-261952406 527943781
#r 0 0.9203235109
-231674269 567733659
#r 0 0.2430726526
-183144118 579767963
#r 0 5.7403240286
-140332414 553938562
#r 0 0.1235504546
-90713547 560100380
#r 0 1.7166002947
-97977943 609569851
#r 0 0.0218851201
-47989916 610664020
#r 0 5.4743485977
-13472890 574489790
#r 0 4.0117056663
-45709898 536269700
#r 0 0.9309631989
-30783359 556324584
#r 0 0.8714330609
-22706996 565925580
#r 0 4.1981852373
-25792364 560463695
#r 0 1.0115446729
-24128263 563122396
#r 0 1.0854015044
-23395091 564512330
#r 1 -23181640 564937045
-483608482 -622730427
#r 0 0.5689463134
-441485026 -595793195
#r 0 2.2333374717
-472241144 -556371612
#r 0 0.8747589785
-440182052 -518002163
#r 0 3.3490265958
-464646116 -523150901
#r 0 0.5669092104
-454101556 -516438060
#r 0 2.4044361419
-454101556 -516438060
#r 0 2.4016944849
-454101556 -516438060
#r 0 0.1797892260
-447210891 -515185669
#r 0 0.1657880389
-443476736 -514560856
#r 0 0.7807553300
-441784538 -512884298
#r 0 2.5192293167
-441784538 -512884298
#r 0 2.5382933228
-441784538 -512884298
#r 0 5.4831116153
-441784538 -512884298
#r 0 0.7770820263
-439872771 -511004066
#r 0 1.0220145718
-438045717 -508015902
#r 0 5.9519742996
-438045717 -508015902
#r 0 2.5816029633
-438045717 -508015902
#r 0 0.7864318299
-434438888 -504401609
#r 0 2.5623541433
-434438888 -504401609
#r 0 0.5776129337
-428254719 -500371002
#r 0 3.2394856844
-400050622 -282770132
#r 0 4.0676094117
-430101736 -322731746
#r 0 0.9059143264
-414677579 -303057006
#r 0 0.6011464842
-404364818 -295984296
#r 0 3.9649008293
-408615276 -300569889
#r 0 0.9900086122
-406899950 -297956238
#r 0 3.0327068182
-408453824 -297786371
#r 0 0.9248771101
-407983374 -297162255
#r 0 5.6859214708
-407983374 -297162255
#r 0 6.2212929815
-407313055 -297203796
#r 0 3.8948465245
-407558011 -297433490
#r 0 6.0785632328
-407393614 -297467607
#r 0 5.5050345070
-407295387 -297564420
#r 0 0.1674553999
-407117384 -297534331
#r 0 0.0849132701
-406926021 -297518043
#r 0 5.7679188352
-406709114 -297640876
#r 0 0.7227892974
-406429562 -297394307
#r 0 5.5528332496
-406429562 -297394307
#r 0 5.7287276698
-406045364 -297632224
#r 0 0.1972586713
-405389275 -297501100
#r 0 5.6265393098
-404618372 -298095269
#r 0 5.3525036600
301295572 728310821
#r 0 4.1997911982
276773432 684737152
#r 0 4.9201898924
287088863 635812803
#r 0 4.8908029142
295962308 586606483
#r 0 3.0012574040
271208080 590103360
#r 0 4.0416067713
256168622 571150714
#r 0 1.9365651675
251841778 582447857
#r 0 1.9030633158
248445437 592290618
#r 0 5.3406593679
251505319 588078625
#r 0 1.9715373603
250489862 590475453
#r 0 1.9926157026
249930193 591722607
#r 0 3.0321639408
249140099 591809413
#r 0 5.1100577800
249294009 591443001
#r 0 2.0187121114
249207949 591622110
#r 0 4.2414713570
249162871 591533570
#r 0 1.9635254712
249143859 591579465
#r 0 1.9860057358
249128333 591614685
#r 0 4.2151820994
249119154 591597770
#r 0 1.9598668288
249115504 591606673
#r 0 1.9823529353
249112479 591613604
#r 0 1.9106039992
249109831 591621095
#r 0 1.9953748228
538670319 187274473
#r 0 2.2017781742
509173427 227646906
#r 0 5.4130418736
525291349 208536371
#r 0 2.2476373461
517462180 218280810
#r 0 5.4451853073
521643122 213635144
#r 0 5.2706892124
523303750 210976371
#r 0 5.3248998493
524208417 209688888
#r 1 523872354 210106655
-356518068 -65592954
#r 0 5.3914008381
-325116850 -104502638
#r 0 0.5542521025
-282602135 -78187262
#r 0 0.4638756205
-237885875 -55816386
#r 0 0.7598329943
-201638322 -21376367
#r 0 3.9974012216
-218028526 -40253899
#r 0 0.9358044269
-210613889 -30190443
#r 0 6.0730274641
-204462431 -31502595
#r 0 0.0889711891
-199226891 -31035550
#r 0 3.4867378217
-201700064 -31924746
#r 0 3.5301746291
-202993116 -32454119
#r 0 3.4665445495
-203822565 -32733555
#r 0 3.4196977311
-204489579 -32923990
#r 0 3.5539862955
-205140813 -33208892
#r 0 4.8987629637
-205140813 -33208892
#r 0 3.4936076233
-206002617 -33525444
#r 0 3.4748294148
-207203913 -33941267
#r 0 3.5088746201
-208916145 -34600031
#r 0 3.5126951404
-211443959 -35583684
#r 0 3.5026689210
-215226649 -37012149
#r 1 -215544875 -37120235
-276446552 932869643
#r 0 5.6117872071
-237298917 901765581
#r 0 2.4521606560
-256589102 917668056
#r 0 2.5749209935
-267138686 924380575
#r 0 5.7351834539
-261802156 921123374
#r 0 5.7484379052
-259111603 919529727
#r 0 2.5943914180
-260446851 920343242
#r 1 -260322363 920358319
-550539604 -271667289
#r 0 4.8705456787
-542664695 -321043253
#r 0 0.1660059843
-493352064 -312781025
#r 0 5.8089899040
-448869044 -335612164
#r 0 5.9019739052
-402458313 -354214423
#r 0 3.7255457144
-423315556 -367997578
#r 0 6.0068541824
-411289771 -371407925
#r 0 3.6994536906
-416592204 -374716504
#r 0 6.1754233083
-413485332 -375052609
#r 0 6.0701497113
-411405974 -375502412
#r 0 6.1016083637
-409391577 -375872254
#r 0 0.7863587504
-407678095 -374155477
#r 0 3.7692902253
-408659697 -374867722
#r 0 6.0624255156
-408068023 -375000504
#r 0 0.4544843089
-407649933 -374796226
#r 0 6.2789773182
-407329253 -374797575
#r 0 6.1362739043
-406967820 -374851059
#r 0 6.0541225794
-406483732 -374963927
#r 0 3.6225541694
-406704071 -375078907
#r 0 5.9990178051
-406584788 -375113746
#r 0 6.0386563885
-406497119 -375135621
#r 0 6.1540969852
-618319202 -169265767
#r 0 2.2447461302
-649523056 -130197628
#r 0 4.3551370642
-658265580 -153619161
#r 0 4.4873365038
-663052464 -174528921
#r 0 4.4337039532
-669247778 -196180928
#r 0 5.7557019867
-669247778 -196180928
#r 0 5.4185086849
-650558769 -218095703
#r 0 5.2365684694
-635915849 -243424006
#r 0 3.6809274048
-635915849 -243424006
#r 0 3.6552957585
-635915849 -243424006
#r 0 5.3709402396
-612594414 -273563386
#r 0 3.1900932101
-631626348 -274487170
#r 0 3.2586439974
-647198028 -276318226
#r 0 4.4362750368
-651938221 -293047239
#r 0 2.8126185453
-651938221 -293047239
#r 0 2.4559192447
-658667167 -287542368
#r 0 2.9082073524
-666473389 -285686695
#r 0 2.9427322142
-676977940 -283569777
#r 0 2.9613357160
-692054684 -280822267
#r 0 2.9501577219
-714184014 -276533420
#r 0 6.1132613644
-703075785 -278439354
#r 0 5.9867870323
755102565 -188650360
#r 0 4.2664360212
733536673 -233760362
#r 0 0.6542186815
753374763 -218546877
#r 0 0.0372512614
768337576 -217989235
#r 0 2.9869657556
760940298 -216836213
#r 0 3.4864957319
757290434 -218147475
#r 0 2.5516003586
755655140 -217052573
#r 0 2.3430774318
754703951 -216076097
#r 0 0.6050822116
754703951 -216076097
#r 0 3.5758206229
753431330 -216666273
#r 0 0.0395763079
754132185 -216638521
#r 0 0.0410879032
754532857 -216622049
#r 0 2.8737983562
754339499 -216568994
#r 0 1.6947243023
754325984 -216460501
#r 0 0.6274750757
754432496 -216383252
#r 0 0.6075569945
754594300 -216270751
#r 0 1.4279132412
754636350 -215978462
#r 0 1.5899062001
754628414 -215563249
#r 0 0.0718728729
754628414 -215563249
#r 0 1.4039875718
754726728 -214979342
#r 0 4.2016813988
754582014 -215237626
#r 0 0.1275890390
380790345 -501424583
#r 0 1.5582467897
381417805 -451428520
#r 0 2.6973219034
336271588 -429938543
#r 0 1.3608867464
346690161 -381036055
#r 0 1.4050817864
354938017 -331721018
#r 0 0.7435316095
391742149 -297876434
#r 0 3.3276352925
367173552 -302500716
#r 0 1.5156505230
367173552 -302500716
#r 0 2.4567100954
354906116 -292481056
#r 0 1.3539275592
359127803 -273320648
#r 0 4.4539895500
356621022 -282804951
#r 0 2.5156981509
352645820 -279931494
#r 0 2.6087879619
348658260 -277580067
#r 0 1.5582491733
348729167 -271929097
#r 0 2.7340098608
343913218 -269849761
#r 0 2.8121568361
336530076 -267325504
#r 0 2.7398412012
325771113 -262754459
#r 1 326114291 -263443165
-579009961 358478730
#r 0 4.5498742092
-587099979 309137554
#r 0 6.1278739845
-537701808 301403170
#r 0 6.2287887910
-487775764 298684685
#r 0 6.0823722946
-438780527 288711381
#r 0 3.0803577069
-463733670 290241298
#r 0 6.2616504185
-451236569 289972133
#r 0 3.0193653784
-457439940 290734153
#r 1 -456500275 290494547
299350043 -849072587
#r 0 2.1606648983
271537453 -807521897
#r 0 2.1883176021
242586653 -766756088
#r 0 1.1847550552
261412852 -720435744
#r 0 1.2176407036
278705872 -673521445
#r 0 2.6183398837
235395954 -648536429
#r 0 5.2096838823
247322200 -670508335
#r 0 5.2615360915
255550372 -683954546
#r 0 5.2502944831
262056397 -694859972
#r 0 3.5099465586
262056397 -694859972
#r 0 5.2326377757
268783457 -706602250
#r 0 2.1936939351
264836025 -701106672
#r 0 5.3686059233
266900183 -703787184
#r 1 267046273 -703979080
547958642 -796389549
#r 0 2.0917086534
523075059 -753021274
#r 0 3.9570954051
505937499 -771223031
#r 0 1.7063958368
504247695 -758837776
#r 0 0.3177797585
504247695 -758837776
#r 0 0.2777116391
504247695 -758837776
#r 0 4.1304312801
500812318 -764058951
#r 0 0.3112775477
503787139 -763101842
#r 0 4.1883613631
503005309 -764454671
#r 0 4.2047597725
502463687 -765428373
#r 0 0.2890683579
502997674 -765269566
#r 0 0.2050922571
503396599 -765186583
#r 0 2.3641971306
503251390 -765043680
#r 0 4.1145302411
503251390 -765043680
#r 0 4.1603181754
503251390 -765043680
#r 0 2.5336682388
503111971 -764946668
#r 0 2.7975260599
502950744 -764888897
#r 0 0.2632534378
503033426 -764866614
#r 0 1.9698076452
503033426 -764866614
#r 0 4.1176670462
503009437 -764902079
#r 0 2.7801128148
503009437 -764902079
#r 0 4.1157172595
120566706 -818818612
#r 0 1.9974880038
99873637 -773301616
#r 0 1.8596801916
85629511 -725373494
#r 0 2.4939986478
45752633 -695210030
#r 0 1.0684069542
69828685 -651388303
#r 0 0.9774128630
97787150 -609935628
#r 0 4.2088636097
85724241 -631832802
#r 0 3.9970713801
77460139 -641344699
#r 0 0.6863522271
82333762 -637352120
#r 0 3.8063133758
79854342 -639295234
#r 0 3.9651387443
78783394 -640451174
#r 1 79103436 -640096781
137093106 -178832048
#r 0 4.9667114334
149672592 -227223747
#r 0 4.9679702668
162312985 -275599572
#r 0 3.8298356418
123694824 -307358628
#r 0 0.4986271734
145650821 -295403121
#r 0 5.6590418529
156151430 -302965480
#r 0 5.6315592451
167303079 -311471661
#r 0 5.7343499968
182752249 -320918888
#r 0 2.5528106327
175222470 -315890553
#r 1 174276847 -315980658
-671832205 450572368
#r 0 0.2059459170
-622888806 460797027
#r 0 5.4634916102
-588766550 424250186
#r 0 0.6123769502
-547852349 452990891
#r 0 6.1752353511
-498143396 447603870
#r 0 0.6119257830
-457216232 476326113
#r 0 5.7198810202
-414941467 449626970
#r 0 5.9629542978
-367483331 433887678
#r 0 0.4804407707
-323143766 456996183
#r 0 0.8907730521
-291703210 495874087
#r 0 5.7941374138
-247564183 472384807
#r 0 5.3612436200
-217350473 432545985
#r 0 1.3570003004
-212046197 456976799
#r 0 5.2376435781
-205778281 446161845
#r 0 5.1984064586
-201604863 438261884
#r 0 0.1050847823
-193275569 439140402
#r 0 5.2705366867
-186665508 428553669
#r 0 4.8405199287
-184688512 413208706
#r 0 4.8923937734
-181290710 394536844
#r 0 1.6507986922
-182049063 403995743
#r 0 4.6795941505
-182204634 399253669
#r 1 -182029619 398700711
-468532303 -84888903
#r 0 5.1314392755
-448187648 -130562692
#r 0 5.7931307366
-404072289 -154096394
#r 0 5.9206168042
-357322843 -171830240
#r 0 4.1044449312
-385881898 -212871444
#r 0 0.5312999690
-364328169 -200205081
#r 0 4.9780046179
-364328169 -200205081
#r 0 1.3651615727
-361344279 -185899559
#r 0 5.7190715185
-355169658 -189806212
#r 0 5.5218551850
-350154007 -194586059
#r 0 4.1256015591
-350154007 -194586059
#r 0 4.8856299476
-348839875 -202095594
#r 0 0.4585391493
-345421811 -200408333
#r 0 4.8285035885
-345201004 -202301411
#r 0 5.5528386391
-343843462 -203517147
#r 0 5.8412275709
-341495674 -204628060
#r 0 3.3892105678
-342754738 -204946359
#r 0 6.0644038397
-342120879 -205087291
#r 0 6.1457814390
-341736665 -205140418
#r 0 5.8367237363
-341481313 -205262655
#r 0 4.9229663877
-341414973 -205573022
#r 0 5.0013455080
242220329 -192797614
#r 0 2.8939718042
193745414 -180542710
#r 0 0.0731340599
218678586 -178715988
#r 0 3.5051800067
206995749 -183161355
#r 0 4.2924912107
204242647 -189328007
#r 0 4.3417573773
201763642 -195707495
#r 0 4.4530368488
199564022 -203997690
#r 0 3.5218517582
188344160 -208482417
#r 0 0.5133522136
193606915 -205515444
#r 0 1.4609924069
193943742 -202460248
#r 0 1.9806986933
192782700 -199788208
#r 0 4.7183243523
192791346 -201244874
#r 0 0.1089701810
192791346 -201244874
#r 0 5.0749364124
193088346 -202027867
#r 0 3.2781720176
193088346 -202027867
#r 0 6.2648098153
193567497 -202036673
#r 0 3.2240477098
193328696 -202056408
#r 0 1.8829747602
193328696 -202056408
#r 0 0.1653986775
193446868 -202036682
#r 0 3.4379514474
193389576 -202054176
#r 0 0.1834468818
193419024 -202048712
#r 0 4.3248412239
474168597 127670696
#r 0 5.0458950767
490536494 80425676
#r 0 4.7648091512
493156302 30494357
#r 0 1.6693763914
490695790 55372980
#r 0 3.4289700548
490695790 55372980
#r 0 4.3950082993
486794801 43497279
#r 0 1.4315969700
487661990 49686824
#r 0 1.4036547984
488198088 52864350
#r 0 4.9494080272
488576411 51298180
#r 0 1.4536917512
488670536 52098269
#r 0 4.2899077508
488505377 51730883
#r 0 4.3673060625
488431211 51524561
#r 0 1.5168307361
488437124 51634024
#r 0 1.4376644360
488444988 51692745
#r 0 1.4581108304
488449004 51728230
#r 0 1.5057136750
488450839 51756387
#r 0 1.4878955131
488453332 51786387
#r 0 1.4721330969
488457079 51824245
#r 0 1.5110001331
488460220 51876708
#r 0 3.4570160379
488435238 51868556
#r 0 1.4482118101
488436845 51881596
#r 0 1.5284486343
595496296 -707793242
#r 0 4.5377464332
586808489 -757032678
#r 0 1.3120238314
593205842 -732865058
#r 0 4.7143825345
593230761 -745365032
#r 0 1.5978691397
593061577 -739117323
#r 0 1.6728908992
592742885 -736006641
#r 1 592940708 -736075714
677928845 -196320030
#r 0 2.8847674588
629568781 -183619472
#r 0 2.3498740070
594437609 -148041378
#r 0 3.3336496800
545356925 -157585303
#r 0 3.4912049296
498381645 -174711981
#r 0 0.2723186710
522460391 -167987846
#r 0 0.3592996228
534231850 -163566445
#r 0 0.7753110740
538742390 -159145996
#r 0 4.1481707458
537053770 -161814310
#r 0 0.9734672934
537941784 -160508835
#r 1 537978617 -160234869
134234208 -184258840
#r 0 4.6926658103
133248113 -234249115
#r 0 3.7687920902
92764399 -263593091
#r 0 3.3585598796
43936659 -274356538
#r 0 3.2646080580
-5685498 -280491807
#r 0 4.5170240591
-15391724 -329540652
#r 0 3.4986651822
-62237928 -347017298
#r 0 4.3480250925
-80055679 -393734830
#r 0 4.0855593967
-109384680 -434229394
#r 0 0.9869936618
-95604661 -413370078
#r 0 2.0513988608
-101394267 -402265624
#r 0 3.1239929962
-112882806 -402063409
#r 0 1.3287140847
-112882806 -402063409
#r 0 0.4681551519
-107755813 -399470959
#r 0 5.7607044559
-104745154 -401204679
#r 0 0.6561422373
-103352663 -400132542
#r 0 5.7668875987
-102093516 -400847305
#r 0 5.7365852277
-101418058 -401258279
#r 0 0.6114959436
-101005542 -400969044
#r 0 1.6649528613
-101069173 -400295244
#r 0 5.8061255413
-100768558 -400450626
#r 0 5.7715385989
-222667336 -46611794
#r 0 5.3693679626
-192130962 -86203837
#r 0 6.2244395916
-142217214 -89139434
#r 0 6.2133948885
-92338932 -92626123
#r 0 3.0359403467
-117199532 -89989726
#r 0 3.1509121401
-129715051 -90106368
#r 0 2.9701757990
-135892911 -89036883
#r 1 -135421479 -89676904
219528894 970092025
#r 0 5.6452900660
259696441 940316730
#r 0 5.7051495511
301573315 912997737
#r 0 2.4810400758
281831983 928336569
#r 0 5.3516669561
289289684 918304986
#r 0 2.1795354685
285715725 923432296
#r 0 2.2630426066
283719279 925840207
#r 0 2.1944062844
282805516 927110429
#r 1 283136418 926681583
-384209398 -106897359
#r 0 3.0088869325
-433769774 -100281531
#r 0 0.2938146845
-409841122 -93041393
#r 0 2.7968571176
-421605682 -88817046
#r 0 0.3712254252
-415781411 -86549811
#r 0 3.6763225630
-418470180 -88142338
#r 0 5.8999070762
-417021050 -88726655
#r 0 5.3936450381
-416232244 -89699600
#r 0 1.0806151908
-415937407 -89147078
#r 0 0.1788122770
-415365503 -89043711
#r 0 5.5760029990
-414724798 -89591284
#r 0 5.0565689051
-414310838 -90746154
#r 0 2.9061597615
-414907326 -90603068
#r 0 5.6049701868
-414668497 -90795495
#r 0 5.7745074214
-414510830 -90883414
#r 0 5.2945478176
-414444146 -90984717
#r 0 3.8113795158
-414444146 -90984717
#r 0 0.8733354524
-414405199 -90938238
#r 0 0.3169061168
-414348657 -90919695
#r 0 1.1933754034
-414318036 -90842453
#r 0 4.9859274997
-414306813 -90882453
#r 0 0.0312470446
615373946 -411111791
#r 0 2.0605258876
591854583 -366988786
#r 0 3.8732196451
554650162 -400392843
#r 0 1.7939352389
549117867 -376012653
#r 0 4.5300796455
546851603 -388305497
#r 0 3.0725340845
546851603 -388305497
#r 0 3.2969572255
539745852 -389418448
#r 0 1.8519768128
539745852 -389418448
#r 0 1.7232090581
539745852 -389418448
#r 0 0.4067264892
543048668 -387995777
#r 0 2.2634265220
541900470 -386612019
#r 0 1.8494415058
541413882 -384911185
#r 0 3.2615307087
541413882 -384911185
#r 0 1.8247541862
540810159 -382585255
#r 0 1.8292338088
539926451 -379242296
#r 0 1.7642063607
538948336 -374248304
#r 0 2.9292213851
531523433 -372647326
#r 0 3.1870910661
522193951 -373072096
#r 0 3.1503222618
510201990 -373176784
#r 0 0.6354294388
515027839 -369617896
#r 0 1.8663270197
513869378 -365812751
#r 0 3.3778863702
326662212 790338362
#r 0 5.6955512276
368274945 762618686
#r 0 3.9095119436
332307066 727886688
#r 0 4.3308251813
313688453 681482515
#r 0 5.3864097264
344895078 642416590
#r 0 3.2383780691
320012080 640000731
#r 0 3.9981244252
306268550 624148381
#r 0 4.8474288441
310160177 595505411
#r 0 2.8085906279
296501086 600229852
#r 0 4.9055996133
297888658 593137785
#r 0 3.0562229768
297888658 593137785
#r 0 2.6570319430
294691352 594820915
#r 0 0.4899103612
296285480 595671020
#r 0 2.6721760979
295479874 596079649
#r 0 4.0476089075
295479874 596079649
#r 0 4.9903211588
295603794 595645324
#r 0 2.5997665989
295410312 595761784
#r 0 2.6770057218
295264863 595834679
#r 0 4.2866505189
295264863 595834679
#r 0 5.0389948043
295290961 595757633
#r 0 4.9317988641
295303957 595699354
#r 0 4.9745315348
340630368 -61653550
#r 0 3.8303329049
302028004 -93431805
#r 0 3.5807599442
256772702 -114691101
#r 0 3.6126354981
212217926 -137381891
#r 0 6.0645434748
236622750 -142804491
#r 0 3.3010956011
224281421 -144789835
#r 0 0.4753264921
229838566 -141929656
#r 0 0.7929865942
232238576 -139492943
#r 0 3.5010765085
230637798 -140094537
#r 0 2.1603436056
230637798 -140094537
#r 0 3.5928335870
229737169 -140530970
#r 0 4.3235598516
229471349 -141179808
#r 0 0.3987290256
229794436 -141043693
#r 0 4.3157483019
229726716 -141205378
#r 0 0.8315645202
229785766 -141140608
#r 0 0.4503428815
229829566 -141119431
#r 0 0.8048579192
229858504 -141089345
#r 0 6.0800309754
229897029 -141097281
#r 0 6.0478759708
229953306 -141110773
#r 0 0.6656424016
230021124 -141057523
#r 0 6.1340079513
230133417 -141074400
#r 0 2.1514030946
-936931568 -253662529
#r 0 0.7753329715
-901222168 -218664833
#r 0 1.8612354863
-915540819 -170758923
#r 0 0.8536829467
-882680231 -133073624
#r 0 0.9703315414
-854428930 -91819970
#r 0 0.9646937080
-825945498 -50726246
#r 0 0.9168486508
-795529280 -11041820
#r 0 1.0377970024
-770123335 32022527
#r 0 4.2034645034
-782304293 10190801
#r 0 1.0726360243
-776331665 21171589
#r 1 -776354841 21788646
-55698254 -527054964
#r 0 4.1621357507
-81843409 -569674571
#r 0 0.9250758934
-66799059 -549707910
#r 0 2.7750092077
-66799059 -549707910
#r 0 0.3362123108
-54891942 -545546600
#r 0 0.9383210719
-49421148 -538082145
#r 0 0.7323389867
-44703444 -533840275
#r 0 1.0148042736
-41293947 -528353300
#r 0 1.5567415577
-41192315 -521122664
#r 0 1.5106606042
-40721373 -513300783
#r 0 0.7278259452
-33130345 -506537101
#r 0 0.8664356553
-23255027 -494915939
#r 0 0.4820683481
-3023657 -484330024
#r 0 3.6866957106
-12785833 -490249687
#r 0 3.5183042219
-18114981 -492357923
#r 1 -18322415 -492234582
-176767589 -188188183
#r 0 5.7183011331
-134535059 -214954082
#r 0 4.1231031308
-162323432 -256520972
#r 0 4.0740990434
-192114579 -296676763
#r 0 6.1592306557
-167306394 -299767700
#r 0 5.9041085765
-147085237 -307822647
#r 0 2.3714622170
-154897423 -300245440
#r 0 5.4749897276
-151138339 -304179949
#r 0 5.5114209076
-149185567 -306080186
#r 1 -149407530 -305885520
133207554 429148051
#r 0 6.2736662539
183205289 428672106
#r 0 3.1347871466
158205868 428842242
#r 0 3.0772823144
145731616 429645573
#r 0 6.1228675280
151901515 428647866
#r 1 150944384 428849442
420725815 -425022251
#r 0 3.1349778988
370726909 -424691516
#r 0 3.2919186606
321290794 -432179540
#r 0 2.7791317039
274539441 -414450722
#r 0 4.4607847351
262091540 -462876436
#r 0 2.5531992676
241295703 -449000803
#r 0 1.1313633216
241295703 -449000803
#r 0 2.5178525752
221836678 -434998664
#r 0 2.5234008335
198787765 -418606674
#r 0 2.6211069473
165878115 -399742634
#r 0 0.8533025188
165878115 -399742634
#r 0 2.4841731801
122479310 -366239699
#r 0 5.6151794990
144000163 -383219940
#r 0 2.5059213097
132970886 -375082130
#r 0 2.5477782216
127284880 -371243540
#r 0 5.7477009774
130234936 -372993832
#r 1 130474783 -373046155
-984543034 144270826
#r 0 6.1681276977
-934873625 138530630
#r 0 5.9224991726
-888090880 120884815
#r 0 5.5968947382
-849410785 89201219
#r 0 5.5553282635
-812080697 55937658
#r 0 3.7497632289
-853115430 27369307
#r 0 3.6840810519
-895936763 1555871
#r 0 3.7396088730
-937259469 -26594333
#r 0 3.6301396150
-981410257 -50061499
#r 0 0.4818743536
-959257062 -38475477
#r 0 0.4757774259
-948144856 -32749851
#r 0 3.3327346606
-954281303 -33937280
#r 0 0.1019995620
-951172408 -33619070
#r 1 -950905315 -33500932
366737756 485628537
#r 0 3.7252905556
325016236 458072870
#r 0 0.9004619731
340547437 477663220
#r 0 4.0570738693
332929823 467752521
#r 0 4.1033179408
329353356 462625241
#r 1 329153811 463044216
-649282821 -270779598
#r 0 3.3556182505
-698142012 -281399366
#r 0 1.8803757257
-713374915 -233776276
#r 0 4.9837495696
-706673853 -257861453
#r 0 5.0249484116
-702824555 -269773183
#r 0 5.0756148951
-700597991 -275631169
#r 0 5.1439497661
-699286805 -278478408
#r 0 5.1576904697
-698611144 -279894076
#r 1 -698679255 -279569565
411724544 245564399
#r 0 4.2971383410
391553580 199813637
#r 0 1.0734170710
403481679 221784537
#r 0 4.0653784562
395946632 211810920
#r 0 0.7492402822
400522922 216067686
#r 0 3.9847635362
398444490 213734075
#r 1 397714506 213348594
795592083 -315379132
#r 0 2.4671597916
756539022 -284156410
#r 0 0.3988768523
779576466 -274446820
#r 0 0.8565763259
793972022 -257840902
#r 0 0.3633026451
820873984 -247613365
#r 0 0.8125742352
845741576 -221356057
#r 0 0.1195589513
898641872 -215001044
#r 0 3.3009068527
872338913 -219227295
#r 0 2.6636083710
860492947 -213090475
#r 0 2.7223397476
852770549 -209648782
#r 0 3.4264290729
846218010 -211567352
#r 0 0.0615523527
849625365 -211357356
#r 0 3.7172197437
848193523 -212286531
#r 0 0.0670262628
849045061 -212229370
#r 0 0.0350845775
849568466 -212210999
#r 0 0.0906956405
849994476 -212172255
#r 0 1.8315284792
849994476 -212172255
#r 0 2.7310297832
849798367 -212086888
#r 0 3.0552811859
849668222 -212075627
#r 0 2.4706522805
849602369 -212023354
#r 0 0.0644814373
849644320 -212020645
#r 0 3.3165425737
-521849662 466816098
#r 0 0.4112966530
-476019502 486806007
#r 0 5.1814811860
-453415665 442207055
#r 0 5.1258429631
-433326932 396420127
#r 0 5.7537071983
-390173393 371165978
#r 0 0.3355906107
-342962594 387632323
#r 0 5.0741988257
-325264220 340869437
#r 0 0.7164216812
-306410211 357286693
#r 0 5.8867020865
-284499302 348113605
#r 0 1.2471982457
-284499302 348113605
#r 0 0.4393235263
-252566389 363120617
#r 0 0.4859400870
-211157363 384992219
#r 0 1.5233670139
-208032192 450833927
#r 0 1.4101619655
-196116424 524374246
#r 0 1.4218925966
-181232481 623591210
#r 0 2.2303120814
-268873412 736628255
#r 0 5.3865654176
-224229086 680758222
#r 0 5.1973013868
-207557534 649115637
#r 0 5.5260547356
-194232389 636523311
#r 0 5.6551209951
-186813643 631136158
#r 0 2.3937900159
-190174702 634253542
#r 0 5.5136289111
-558514126 -706353026
#r 0 1.4259862198
-551298900 -656876360
#r 0 0.8755919450
-519271780 -618480220
#r 0 1.3040702070
-506093043 -570248271
#r 0 0.4746089377
-461619468 -547398739
#r 0 2.1645058281
-489591446 -505955182
#r 0 2.1856723006
-518434307 -465112932
#r 0 2.2276509390
-548965757 -425517091
#r 0 5.4065994281
-532971286 -444731068
#r 1 -533811216 -444788775
-218018041 -776753981
#r 0 0.4569823736
-173148637 -754691874
#r 0 3.5384230402
-196205903 -764354298
#r 0 0.2070696739
-183972934 -761784385
#r 0 3.3739828612
-190054925 -763223786
#r 0 3.2830644085
-193150687 -763664694
#r 1 -193343401 -763793152
517252615 315449462
#r 0 5.7522036855
560368136 290130460
#r 0 5.8604402723
605966445 269617191
#r 0 0.5949795407
647374443 297641782
#r 0 5.3521609500
677225069 257530186
#r 0 5.3046050758
705135124 216044901
#r 0 1.3016747123
711782243 240145021
#r 0 4.4727905468
708815836 228002105
#r 0 4.3833883041
706794718 222082167
#r 0 4.5544744403
706302402 218990512
#r 0 4.2604872908
705610605 217565309
#r 1 705841331 217979855
-836634468 79323631
#r 0 5.5904981488
-798157830 47393264
#r 0 5.8856661618
-752056618 28036658
#r 0 5.5925389181
-713514898 -3815121
#r 0 6.2585443925
-663530077 -5047042
#r 0 5.8944722769
-617260198 -23996931
#r 0 0.7523166384
-580754808 10169668
#r 0 0.0071501605
-530756086 10527173
#r 0 5.2682199864
-504373616 -31945940
#r 0 5.1818549604
-481753111 -76536441
#r 0 5.4774084345
-447125559 -112604885
#r 0 5.9010433522
-400732158 -131250324
#r 0 0.6845111239
-361995745 -99635607
#r 0 5.0636774403
-353393048 -123108860
#r 0 0.2888778655
-353393048 -123108860
#r 0 0.4049752755
-353393048 -123108860
#r 0 5.0488873973
-345463004 -145778953
#r 0 5.9364468171
-318590104 -155489120
#r 0 5.9379044715
-278295601 -169982637
#r 0 4.5203734248
-278295601 -169982637
#r 0 0.0677383578
-214234400 -165636587
#r 0 5.2826011761
-478957491 -425697431
#r 0 6.1691445513
-429282271 -431387117
#r 0 5.9990816053
-381286608 -445401977
#r 0 0.3183864730
-333799521 -429750250
#r 0 1.1349255700
-312689526 -384425112
#r 0 4.3644157645
-321214356 -407926756
#r 0 0.0827889585
-308757170 -406893076
#r 0 2.0861237101
-311837293 -401454755
#r 0 2.1008707719
-314717603 -396539693
#r 0 2.2737653292
-318955328 -391538699
#r 0 5.4568586394
-316734548 -393949134
#r 1 -316342924 -394422030
744680137 283363242
#r 0 0.9023687162
775667774 322603098
#r 0 3.8378713477
756486919 306568923
#r 0 0.9473418342
763784959 316717252
#r 0 0.8704396764
768058135 321786875
#r 0 2.8854703822
764851119 322626708
#r 0 5.0576885237
765412174 321066970
#r 0 3.7362287292
765412174 321066970
#r 0 3.7192267644
765412174 321066970
#r 0 3.4624573864
765412174 321066970
#r 0 0.8623136922
765951452 321696311
#r 0 0.9285588315
766383011 322273241
#r 0 0.9356473296
766849385 322906015
#r 0 3.2071728957
766457195 322880258
#r 0 3.7732748460
766210431 322699702
#r 0 0.8969839383
766305825 322819172
#r 0 0.9911985879
766350525 322887458
#r 0 0.8794511876
766384607 322928640
#r 0 0.9420246111
766410260 322963915
#r 0 3.5296551670
766390074 322955663
#r 0 3.7893926208
766379082 322947345
#r 0 5.1780837612
787479252 -388621533
#r 0 2.3442407194
752549058 -352846100
#r 0 0.9530570598
781508744 -312086603
#r 0 4.1213324979
767577779 -332845414
#r 0 0.6069250030
777845350 -325716110
#r 0 1.0018739470
781646927 -319771030
#r 0 4.1397550942
779735119 -322736494
#r 0 0.5448599924
781243825 -321822135
#r 0 3.0859630526
780363113 -321773091
#r 0 3.7060390126
779877301 -322080688
#r 0 2.1586317900
779877301 -322080688
#r 0 0.6007977566
780114456 -321918163
#r 0 0.5482246219
780237303 -321843145
#r 0 0.5031614980
780300379 -321808427
#r 0 0.5621914327
780330838 -321789238
#r 0 0.6126971322
780345600 -321778861
#r 0 3.5978793952
780337501 -321782836
#r 0 2.3417599131
780334282 -321779522
#r 0 3.0899352466
780329135 -321779256
#r 0 0.5205277693
780331370 -321777975
#r 0 3.2278593450
780330087 -321778086
#r 0 2.7252510724
734374273 161323653
#r 0 1.1127725996
756483093 206170058
#r 0 2.5319116515
715491557 234800356
#r 0 2.6520001560
671365329 258313671
#r 0 4.0562343724
640861604 218696468
#r 0 3.7341456050
599385723 190772440
#r 0 3.4082407852
551152747 177597464
#r 0 2.4802988033
511692833 208304388
#r 0 1.5863190103
510916730 258298364
#r 0 1.5673781013
511087641 308298072
#r 0 4.6279940673
508980272 283387050
#r 0 4.5580808912
507046517 270954891
#r 0 0.4829747703
512617781 273876450
#r 0 4.2067329157
511094202 271124665
#r 0 0.3980211304
512543968 271734237
#r 0 3.8575487957
511950692 271218123
#r 0 4.6017384477
511903123 270789971
#r 0 0.3941589612
512102000 270872689
#r 0 4.5646228057
512086144 270766167
#r 0 4.3356625176
512052196 270680357
#r 0 1.5814585152
512051704 270726494
#r 0 4.6287920120
-835925574 -325109799
#r 0 0.2137482603
-787063440 -314503582
#r 0 4.9225568569
-776632236 -363403377
#r 0 4.8865210893
-767969564 -412647241
#r 0 6.1083081681
-718732168 -421346599
#r 0 4.5600734506
-726318531 -470767719
#r 0 4.5598161298
-733917611 -520186885
#r 0 4.6409152140
-737488257 -570059227
#r 0 4.1914033943
-762375017 -613425679
#r 0 1.0061688927
-748997490 -592305979
#r 0 1.1168587060
-743505715 -581050514
#r 0 1.0466988888
-740370338 -575626130
#r 1 -740811514 -576244369
191098699 -491490599
#r 0 4.3187033153
171918962 -537665676
#r 0 4.2382006162
149088136 -582148857
#r 0 4.0916536239
120006461 -622821405
#r 0 4.0962742038
91113027 -663627893
#r 0 4.2571175355
69127721 -708534978
#r 0 1.1201037490
80017447 -686031338
#r 0 4.2974961815
74978800 -697470831
#r 0 4.0671328735
71215217 -702470637
#r 0 0.3899820707
74109281 -701281079
#r 0 3.5477030440
72672030 -701899118
#r 1 72273101 -702060271
76967052 -918743877
#r 0 1.0168837458
103267992 -876220230
#r 0 1.1472003734
123820054 -830639392
#r 0 0.9856720197
151435205 -788957220
#r 0 0.8529075050
184325005 -751297413
#r 0 1.0472161982
209324198 -707995677
#r 0 4.1120946170
195202064 -728624910
#r 0 1.0265803050
201673908 -717930743
#r 0 0.9519252295
205311014 -712823927
#r 0 0.8771925290
207317926 -710410069
#r 1 206893892 -711068532
-458212991 -390070259
#r 0 0.3152483231
-410677020 -374567631
#r 0 6.1020052027
-361495433 -383577155
#r 0 6.1615514994
-311864847 -389643860
#r 0 6.1294355181
-262454659 -397301098
#r 0 6.0988356096
-213301876 -406466462
#r 0 2.9376549881
-237783792 -401403288
#r 0 0.9634970810
-230650646 -391138386
#r 0 3.5379254900
-236416163 -393551123
#r 0 3.5437404562
-240083423 -395110908
#r 0 3.5862349233
-243107426 -396551737
#r 0 3.5438018260
-246421374 -397961489
#r 0 3.6229466312
-250542126 -400113894
#r 1 -249770502 -399667999
-561441965 -303326039
#r 0 0.1418826249
-511944388 -296255685
#r 0 6.0245424395
-463607489 -309044125
#r 0 5.9907274865
-415730581 -323459453
#r 0 5.6811051261
-374522617 -351777358
#r 0 0.7867556587
-339215305 -316374057
#r 0 0.2376445468
-290620546 -304603356
#r 0 5.3391026341
-261296240 -345101320
#r 0 0.9159646345
-246070596 -325272559
#r 0 5.1562658169
-240702549 -336561228
#r 0 6.0015363262
-229994642 -339659459
#r 0 5.1010411400
-223974946 -354360282
#r 0 5.0625531808
-217379314 -372419890
#r 0 6.1751210982
-191669959 -375209017
#r 0 6.2826059758
-153741439 -375230990
#r 0 4.6716489570
-153741439 -375230990
#r 0 4.7003428558
-153741439 -375230990
#r 0 1.0276781259
-124878936 -327419758
#r 0 0.9605114548
-85461507 -271056242
#r 0 1.0891767067
-41273277 -186513164
#r 0 4.2942002977
-60643434 -230100203
#r 0 4.2051021428
-143029320 -288205830
#r 0 0.5368826199
-100063957 -262632845
#r 0 0.5615318804
-57741937 -236008672
#r 0 3.7903445237
-77662899 -251113479
#r 0 0.6532556642
-67736534 -243516292
#r 0 3.7011196011
-73033447 -246833700
#r 0 0.6381015589
-70523360 -244972227
#r 1 -69791823 -244929923
-217724255 370576245
#r 0 5.4218747354
-185152070 332641396
#r 0 1.5391964078
-184362203 357628915
#r 0 5.8987706091
-172774478 352941208
#r 0 1.6565961053
-173310069 359168216
#r 0 5.9589994089
-170347850 358172788
#r 0 1.1281189620
-170347850 358172788
#r 0 5.9352077111
-167637189 357189527
#r 0 5.9451204476
-164492688 356084043
#r 0 1.6633235229
-164646672 357743495
#r 0 0.1026956919
-164646672 357743495
#r 0 1.4464964455
-164458136 359252458
#r 0 1.1064925347
-163609615 360946720
#r 0 1.4732180958
-163341312 363687609
#r 0 5.7226762589
-162175019 362955575
#r 0 5.9227394120
-161020076 362520263
#r 0 5.8726029676
-159630926 361915533
#r 0 1.7136202956
-159738753 362665354
#r 0 1.0741382876
-159431534 363232210
#r 0 5.9637208625
-159431534 363232210
#r 0 1.0730572938
-159015974 363996992
#r 0 1.4514576338
231282029 -813119927
#r 0 1.3208967130
243647364 -764673064
#r 0 1.4817109394
248095744 -714871338
#r 0 1.7180526741
240759508 -665412470
#r 0 5.6611730480
261077198 -679979262
#r 0 5.6785228459
276391107 -690561226
#r 0 1.8284510106
274019516 -681561282
#r 0 5.5535927029
277488512 -684663204
#r 0 1.3635898021
277967196 -682386183
#r 0 2.7590208347
277967196 -682386183
#r 0 0.6886016631
279524185 -681104800
#r 0 2.8277448963
278565200 -680793537
#r 0 2.7411801285
277781876 -680461972
#r 0 5.5367831814
278094106 -680750754
#r 0 2.4757522356
277926878 -680619395
#r 0 5.5070378070
278002753 -680693879
#r 0 5.5235455390
278041766 -680730932
#r 0 5.6330668112
278064041 -680747870
#r 0 5.5823780681
278075583 -680757608
#r 0 1.9146410081
278073038 -680750500
#r 0 5.5964018824
278075956 -680752893
#r 0 2.4758264653
-173650117 941397434
#r 0 4.9798494996
-160435962 893175177
#r 0 4.9546681149
-148440171 844635492
#r 0 5.0805877209
-130443397 797986632
#r 0 4.3277484939
-149204693 751639962
#r 0 5.4873670355
-114219673 715918143
#r 0 4.9926380934
-100389920 667868815
#r 0 1.8241950179
-106657309 692070463
#r 0 1.8773725853
-110432481 703996206
#r 0 1.8399319946
-112095544 710025557
#r 0 2.0153207408
-113442338 712853059
#r 0 1.8800645833
-113923551 714359106
#r 1 -113813323 714308037
-974261600 -135035256
#r 0 5.9405098178
-927168647 -151835667
#r 0 0.1790354588
-877967851 -142931640
#r 0 0.1562318356
-828576820 -135151788
#r 0 0.8946387812
-797286790 -96152634
#r 0 0.0512070324
-747352330 -93593401
#r 0 0.1586361216
-697980147 -85694821
#r 0 5.6451705833
-657816158 -115474915
#r 0 0.3088013840
-610181231 -100279068
#r 0 1.0991922078
-587465437 -55737035
#r 0 0.0897261944
-537666572 -51256743
#r 0 5.3687451237
-507154864 -90867798
#r 0 0.1717716806
-457890690 -82321387
#r 0 0.1073762320
-408178655 -76962886
#r 0 6.1003341640
-359012192 -86054582
#r 0 5.4634153392
-324892723 -122604026
#r 0 5.4293195399
-292039026 -160295332
#r 0 0.0240657372
-242053504 -159092161
#r 0 5.3364860452
-212835265 -199666716
#r 0 0.3581528026
-166007968 -182139474
#r 0 5.1604169751
-144348518 -227204629
#r 0 5.2019867301
-219071864 876570219
#r 0 5.3618130197
-188835474 836748607
#r 0 4.6662192577
-191143140 786801889
#r 0 4.7178479516
-190870193 736802634
#r 0 4.7565063514
-188665040 686851285
#r 0 4.6679150495
-190888004 636900725
#r 0 5.2217635444
-166506439 593248242
#r 0 4.6931693791
-167467360 543257477
#r 0 1.7608061336
-172189073 567807536
#r 0 1.8156711105
-175348925 580452526
#r 0 1.8083454888
-177178992 588011020
#r 0 1.7973386600
-178514106 593803294
#r 0 1.7869667981
-179803248 599673656
#r 0 1.8898940408
-182119668 606684859
#r 0 0.0614780933
-182119668 606684859
#r 0 1.8735990225
-185190932 616515741
#r 0 1.8165214188
-188820491 630988059
#r 0 1.2594906479
-182105892 651855901
#r 0 4.4497241786
-184951905 641271084
#r 0 4.3616662360
-186839284 636112166
#r 0 4.2948107907
-187953280 633601305
#r 0 4.3268971487
841216372 -245702053
#r 0 0.2789305165
889283894 -231935670
#r 0 0.3400496750
936420799 -215258974
#r 0 0.3012819426
979405778 -201901761
#r 0 2.6671829858
959385069 -191620609
#r 0 5.7682252503
969178799 -197162772
#r 0 5.8339597924
974255439 -199610221
#r 0 5.8477978516
976811047 -200798982
#r 0 5.9785031396
978155797 -201221871
#r 1 977925602 -201170882
-554460271 622376857
#r 0 5.7944650498
-510313550 598902040
#r 0 0.1332060282
-460756491 605542662
#r 0 5.4834020689
-425913382 569682409
#r 0 0.1882533838
-376796752 579039580
#r 0 0.1794989234
-327600088 587966408
#r 0 0.3635302028
-280867718 605745205
#r 0 0.2164930084
-232034879 616485496
#r 0 0.3862632133
-185718715 635321975
#r 0 3.8643375000
-204468539 618785831
#r 0 0.6868390540
-194802862 626712032
#r 0 0.7161652399
-190082234 630820423
#r 0 0.8359924792
-187980631 633146219
#r 1 -188434430 632572990
-710372218 -603481641
#r 0 0.2310508134
-661700903 -592031614
#r 0 0.1996355515
-612693957 -582116007
#r 0 1.1732077099
-593334148 -536016139
#r 0 0.3188257911
-545853941 -520343552
#r 0 0.3821515370
-499460719 -501697669
#r 0 0.5120731653
-455874191 -477198392
#r 0 6.1681537228
-406204633 -482937295
#r 0 6.1390995807
-356722753 -490116680
#r 0 6.1703744473
-307040573 -495745267
#r 0 0.7035319371
-268912469 -463399515
#r 0 5.7780199285
-225157746 -487597123
#r 0 5.8388673649
-180012543 -509089230
#r 0 5.9404974675
-132919798 -525890223
#r 0 2.7863024335
-156358436 -517193661
#r 0 3.0204827071
-168768846 -515683245
#r 0 6.1222289798
-162598651 -516685043
#r 0 6.1568720982
-159493137 -517079410
#r 1 -159067311 -516928207
57367412 137137296
#r 0 4.6250353793
53005285 87327941
#r 0 1.7505009758
48536811 111925353
#r 0 1.8560973717
44777575 124742277
#r 0 4.7124895861
44778247 118063853
#r 0 4.7344088281
44857488 114465837
#r 0 4.6838360218
44793664 112231157
#r 0 0.4327097004
45808435 112699885
#r 0 4.7104340501
45807342 112140989
#r 0 1.2633210207
45891918 112407331
#r 0 4.6633788662
45885073 112267776
#r 0 4.6702786677
45881943 112193483
#r 0 4.6776774590
45880360 112147901
#r 0 4.7364459262
45881242 112111240
#r 0 4.6963119965
45880602 112071414
#r 0 4.6926571455
45879605 112020908
#r 0 4.7097655254
45879421 111950835
#r 0 4.7021582653
45878381 111849162
#r 0 5.9848476053
46021921 111805021
#r 0 4.7050420427
46020457 111605703
#r 0 4.7378881268
46027802 111317722
#r 0 4.7008589727
350298717 99524416
#r 0 5.0159471441
365244596 51810469
#r 0 4.9912631290
379008269 3742171
#r 0 1.8554969406
371986516 27735815
#r 0 4.9806166113
375299301 15682789
#r 0 1.6861710042
374579808 21891236
#r 0 4.8266448606
374936081 18786612
#r 0 4.8378543777
375131607 17236393
#r 1 375168097 17071554
124361302 -505132095
#r 0 2.6167700533
81090660 -480079121
#r 0 2.8277572450
33532833 -464643672
#r 0 2.7794617195
-13224368 -446930284
#r 0 2.8240317770
-60724361 -431317768
#r 0 5.9514050525
-37087763 -439460935
#r 0 2.6857732659
-48311520 -433958458
#r 0 5.8432983408
-42656522 -436619940
#r 0 5.7993799262
-39889472 -438073906
#r 1 -39729751 -438090827
-544744435 413022941
#r 0 0.3863384201
