701687785 -541700890
#r 0 1.0414626678
726935700 -498543703
#r 0 4.1905222849
714473219 -520215957
#r 0 1.0894960912
720259870 -509136035
#r 0 0.9903144993
723693173 -503901202
#r 0 4.4302804234
722821801 -506907607
#r 1 722599311 -506609977
-499127383 633119407
#r 0 4.3100267473
-518707034 587112481
#r 0 4.1502661457
-545356213 544806202
#r 0 2.9131002458
-594056662 556131671
#r 0 4.2755292644
-615211472 510827432
#r 0 5.1762085637
-592843102 466109919
#r 0 5.2783173211
-566033119 423905360
#r 0 2.2142694764
-581032559 443905779
#r 0 5.2691889206
-574426657 433293897
#r 0 2.1794744401
-578000303 438421425
#r 0 2.4205809078
-580353917 440489921
#r 0 5.4740343359
-579272718 439356099
#r 1 -579023949 439191761
-483608482 -622730427
#r 0 3.1296690548
-533604928 -622134261
#r 0 3.0562201310
-583422827 -617870818
#r 0 4.0237256052
-615198114 -656475625
#r 0 1.1479722732
-604939679 -633677282
#r 0 1.0437979596
-598225747 -622139175
#r 0 0.3495484101
-590988560 -619501099
#r 0 4.6257675546
-591323339 -623356284
#r 0 4.6155253110
-591788435 -628142806
#r 1 -591474730 -628442972
-400050622 -282770132
#r 0 4.2352873716
-423010941 -327186613
#r 0 4.6324525325
-427003508 -377026952
#r 0 5.8668545683
-381274560 -397247320
#r 0 4.1333325466
-408636282 -439096289
#r 0 3.9489051673
-443208405 -475217866
#r 0 2.1859970121
-472064526 -434384984
#r 0 5.3895149021
-456400636 -453869401
#r 0 5.2138886968
-450368380 -464872121
#r 0 5.3657454801
-446544449 -469867366
#r 0 5.2444019143
-444945203 -472584289
#r 1 -445016153 -472330368
301295572 728310821
#r 0 5.1273702454
321454211 682554627
#r 0 5.1452401840
342427249 637165953
#r 0 0.4704885114
386994596 659832042
#r 0 0.4714790080
431539471 682542263
#r 0 0.6139917353
472407209 711348998
#r 0 5.7064153111
514318629 684083033
#r 0 2.6019185750
492871725 696929443
#r 0 2.5915120297
482201044 703472877
#r 0 2.5436540408
477007367 707010367
#r 0 5.7110047664
479648898 705309091
#r 1 479741812 705375943
538670319 187274473
#r 0 3.8636382639
501147553 154228413
#r 0 0.6659844416
520805277 169674251
#r 0 3.7416216169
510488786 162615921
#r 1 510071798 161775095
-356518068 -65592954
#r 0 5.8927567063
-310280767 -84622194
#r 0 2.4146403657
-328960850 -68007308
#r 0 0.3605662792
-316018858 -63127536
#r 0 1.6207754834
-317032368 -42865777
#r 0 0.2067342063
-294737802 -38189923
#r 0 0.0896448951
-261081011 -35164655
#r 0 0.2635929538
-212725741 -22114899
#r 0 3.3795493459
-237062687 -28017876
#r 0 0.0257873102
-224545548 -27695021
#r 0 3.0584764453
-230784586 -27175258
#r 1 -230684732 -26607870
-276446552 932869643
#r 0 5.3258279400
-247662412 891985988
#r 0 5.5927213549
-209114882 860141241
#r 0 2.4488904313
-228352960 876106714
#r 0 2.3416820701
-237062639 885072931
#r 0 5.1846751499
-234219354 879507087
#r 0 2.1381288061
-235898688 882142529
#r 0 1.9045695168
-236415182 883632073
#r 1 -236433959 883849601
-550539604 -271667289
#r 0 4.2539513376
-572666985 -316504539
#r 0 0.2923327565
-548727631 -309299869
#r 0 1.8101152691
-553193031 -290998673
#r 0 4.2137874002
-557697198 -299270969
#r 0 0.4276681843
-553411837 -297317694
#r 0 4.5321425774
-553833980 -299634307
#r 0 5.2376849002
-552861063 -301312863
#r 0 5.8424331368
-550487146 -302432639
#r 0 4.2034090284
-552405302 -305870069
#r 0 4.9803827961
-551285360 -309948525
#r 0 5.7609398264
-545888068 -313054922
#r 0 4.0225627587
-551663693 -320055306
#r 0 0.5588613951
-547816354 -317649317
#r 0 1.1352416399
-546765232 -315390594
#r 0 6.1236804853
-545533592 -315588730
#r 0 1.8801968168
-545923105 -314370232
#r 0 5.7972118201
-545357540 -314668979
#r 0 4.1171730295
-545620067 -315056681
#r 0 4.4782910508
-545682585 -315318845
#r 0 1.8891262052
-545724761 -315190858
#r 0 4.5291052807
-618319202 -169265767
#r 0 1.3075456750
-605308173 -120988307
#r 0 4.7159969401
-605217974 -145988144
#r 0 2.3042880531
-613586317 -136702628
#r 0 1.7493409952
-615163508 -127963100
#r 0 1.7697696463
-616356774 -122045334
#r 0 1.0224405349
-613463892 -117309466
#r 0 0.6911659516
-610017028 -114457882
#r 0 2.3557576861
-612862268 -111610155
#r 0 2.4268288058
-617409684 -107663698
#r 0 2.3535708869
-623756846 -101283144
#r 0 0.1784916569
-619328396 -100484200
#r 0 1.2259648346
-618072337 -96987205
#r 0 1.0162841457
-615256189 -92440123
#r 0 1.7292701872
-616469375 -84848887
#r 0 1.0555240412
-610843355 -74914208
#r 0 0.9874373731
-601644133 -60975567
#r 0 1.8941888540
-609474060 -37613723
#r 0 0.9049985231
-587701209 -9893041
#r 0 1.1665940516
-567607349 37082063
#r 0 0.7314590490
-510648517 88205379
#r 0 4.2124186115
755102565 -188650360
#r 0 1.4499916672
761128117 -139014761
#r 0 2.8232505516
713640335 -123365141
#r 0 1.5198329213
716187402 -73430059
#r 0 0.5773139204
758083985 -46141301
#r 0 0.4674067845
802720971 -23612664
#r 0 3.4822710622
779157766 -31965829
#r 0 3.9866798698
770729937 -41464974
#r 0 1.1357841907
773405731 -35706881
#r 0 4.3446021391
772264255 -38669297
#r 0 4.3340892965
771675335 -40151072
#r 1 771540021 -39975605
380790345 -501424583
#r 0 4.2967889895
360603399 -547168295
#r 0 0.1590704985
409972146 -539248270
#r 0 1.4434429557
416322616 -489653194
#r 0 3.4397051711
368527987 -504339019
#r 0 2.9543262183
319402146 -495030328
#r 0 4.2080284064
295239759 -538804511
#r 0 2.1051187924
269776856 -495773818
#r 0 2.2255162351
239330001 -456112892
#r 0 5.3957687290
255115437 -475498970
#r 0 5.1468289436
260381037 -486847103
#r 0 1.9620051510
257995917 -481064555
#r 1 258131937 -481179868
-579009961 358478730
#r 0 5.8461345828
-533709764 337315267
#r 0 3.8043624897
-573124313 306550135
#r 0 4.9499008805
-561360058 257953815
#r 0 4.8278868262
-555597996 208286938
#r 0 3.4357176219
-603450805 193791813
#r 0 3.6435038237
-647284040 169736719
#r 0 3.5013927137
-694082402 152132364
#r 0 2.5197964441
-734724076 181257170
#r 0 0.8542321142
-701884189 218960510
#r 0 4.0365531567
-717522930 199455901
#r 0 0.8590392511
-709358365 208921093
#r 1 -709663155 208492552
299350043 -849072587
#r 0 1.3403665696
310769840 -800394170
#r 0 6.0760664071
359701212 -810676232
#r 0 6.0456818792
408297631 -822440076
#r 0 2.9298226281
383856122 -817185308
#r 0 5.8957781418
395429768 -821907670
#r 0 1.5994199303
395245473 -815470872
#r 0 4.6141291590
394929613 -818675058
#r 0 5.0027043194
395397793 -820242154
#r 1 395406016 -820759809
547958642 -796389549
#r 0 2.7026658855
502698228 -775141138
#r 0 1.7750513418
492556342 -726180520
#r 0 2.9783223953
443221292 -718053228
#r 0 3.0547930046
393409528 -713718693
#r 0 3.3315245440
344308673 -723158294
#r 0 3.3489558125
295379814 -733452307
#r 0 2.0591488322
271921233 -689296956
#r 0 5.1981242726
283592701 -711405254
#r 0 2.0929870564
277357950 -700571147
#r 0 5.0710604060
279551890 -706423421
#r 0 1.9287210696
278457105 -703496466
#r 1 278500543 -703466349
120566706 -818818612
#r 0 0.9954270851
147773937 -776869040
#r 0 0.7800325868
183318468 -741703911
#r 0 3.8377928434
164136355 -757736580
#r 0 4.6365774699
163182992 -770287916
#r 0 1.4362293211
164027369 -764051070
#r 0 1.5699498651
164030042 -760893356
#r 1 163905954 -760192472
137093106 -178832048
#r 0 0.6081783009
178127618 -150263380
#r 0 3.6085961934
155804585 -161518697
#r 0 1.4529382077
157303363 -148860832
#r 0 4.7623281916
157621501 -155226031
#r 0 0.7020907016
160054428 -153168094
#r 0 0.7053990676
162000010 -151511314
#r 0 0.2518105157
164611430 -150839471
#r 0 0.6556988045
167611974 -148531345
#r 0 3.3565672707
165762747 -148935121
#r 0 1.8587574795
165446753 -147868272
#r 0 3.7013091318
164139042 -148687624
#r 0 5.7860898235
165107267 -149212922
#r 0 3.6784410803
164376650 -149647751
#r 0 3.7442131637
163876313 -149991978
#r 0 0.8935222691
164066605 -149755344
#r 0 3.7710749568
163943878 -149844729
#r 0 1.4628576231
163952056 -149769258
#r 0 0.2397774046
164008100 -149755556
#r 0 2.8085177130
163980838 -149746124
#r 0 3.6789493621
163964977 -149755575
#r 0 3.6966757443
-671832205 450572368
#r 0 1.7520575383
-680845718 499753224
#r 0 5.3055609720
-666870869 479023931
#r 0 5.8122419244
-654002398 472471907
#r 0 4.8996323027
-651373954 458598760
#r 0 4.2257358980
-656512811 448886248
#r 0 1.9622151616
-658608813 453964826
#r 0 5.6835658904
-656340983 452414587
#r 0 4.2582167831
-657115874 450827382
#r 0 0.5130903791
-656346463 451260886
#r 0 1.8483535454
-656504526 451815665
#r 0 0.0336080149
-656194277 451826096
#r 0 1.8192062256
-656268835 452120038
#r 0 5.5391321265
-656157280 452017346
#r 0 5.4052883063
-656095066 451942409
#r 0 0.6203137888
-656032869 451986842
#r 0 5.5707506645
-655946674 451912389
#r 0 1.8380726857
-655961715 451967316
#r 0 4.5299089440
-655966882 451939315
#r 0 5.5820535182
-655954020 451928457
#r 0 5.7280699570
-655946513 451923802
#r 0 2.0705938493
-468532303 -84888903
#r 0 0.9724822356
-440369791 -43574584
#r 0 2.4023737246
-477319541 -9889039
#r 0 1.9040741228
-493676652 37359717
#r 0 2.1844264689
-522468608 78237869
#r 0 5.8720836903
-499551579 68247384
#r 0 2.6281240152
-510439653 74387403
#r 0 3.0139866407
-516703404 75191062
#r 1 -515707760 75172072
242220329 -192797614
#r 0 1.6161127710
239955282 -142848945
#r 0 0.8122005069
274350430 -106558812
#r 0 5.3634894080
304653534 -146329680
#r 0 5.2671947946
330992447 -188829817
#r 0 5.1514726127
352247957 -234086897
#r 0 5.4046085591
384160330 -272578461
#r 0 1.9250368635
375488376 -249130706
#r 0 1.5738449513
375446176 -235288505
#r 0 2.3512605049
367273994 -227035279
#r 0 5.1026901461
369483491 -232405865
#r 0 3.3085847548
366218091 -232956287
#r 0 5.4442762825
369398489 -236496663
#r 0 5.2043307299
370854988 -239214595
#r 0 3.1319870603
367834648 -239185582
#r 0 1.5645683201
367861276 -234910079
#r 0 1.5187178626
368058937 -231118060
#r 0 1.9307416818
366564956 -227148300
#r 0 1.0478695775
369573291 -221929616
#r 0 1.0449424411
373235739 -215618978
#r 0 0.1494304365
383022121 -214145612
#r 0 2.3358512023
474168597 127670696
#r 0 3.3217281144
424977625 118712554
#r 0 3.0401712715
375234562 123774934
#r 0 4.2934263715
354893912 78099361
#r 0 4.3101113242
335318152 32090779
#r 0 6.0461348709
383919895 20348950
#r 0 6.0406670372
432456710 8341552
#r 0 2.6583800369
410319039 19957211
#r 0 1.9993622140
404833131 31964370
#r 0 3.8521095086
395766242 24162967
#r 0 3.8481653554
391033391 20123068
#r 0 3.6461728714
387918325 18402727
#r 1 388240760 19120653
595496296 -707793242
#r 0 1.9352572483
577674012 -661077440
#r 0 3.3545578667
528803588 -671645392
#r 0 3.3712471918
480116333 -683027449
#r 0 1.6390471490
476706441 -633143858
#r 0 0.6976575693
515023897 -601022641
#r 0 0.5930427274
556486096 -573078303
#r 0 2.2300916578
525858095 -533557099
#r 0 3.1321776494
475860311 -533086356
#r 0 1.8068008046
464169324 -484472358
#r 0 1.9189195315
447112614 -437471628
#r 0 1.5749574261
446904560 -387472061
#r 0 4.6624020139
445655406 -412440833
#r 0 4.7108896566
445636610 -424977406
#r 1 446378738 -425608087
677928845 -196320030
#r 0 1.4187958026
685499640 -146896523
#r 0 3.4876226264
638463309 -163854812
#r 0 1.2045877736
647415258 -140512521
#r 0 2.4895750337
632068182 -128796672
#r 0 3.9721213085
613043010 -149621516
#r 0 4.0337976283
590286527 -177843664
#r 0 4.0231422508
558451762 -216474782
#r 0 1.0740553320
570379685 -194470725
#r 0 4.3169811686
565559281 -206019628
#r 0 1.2219285431
567698227 -200139299
#r 0 1.0392648835
569287417 -197436484
#r 1 569238018 -197121793
134234208 -184258840
#r 0 2.4697762444
95099588 -153138405
#r 0 4.2123203084
71125298 -197015887
#r 0 3.6839310984
28300095 -222822901
#r 0 3.8856840577
-8485085 -256688083
#r 0 4.9840773105
4932826 -304854043
#r 0 2.8770412018
-43327668 -291780225
#r 0 4.1402358636
-70399843 -333817082
#r 0 1.0299791328
-57528925 -312384876
#r 0 1.0159548361
-50937355 -301749650
#r 0 0.7904416087
-46525579 -297293147
#r 1 -46802147 -296643888
-222667336 -46611794
#r 0 1.7093660458
-229573670 2908934
#r 0 2.4935828563
-269438003 33088976
#r 0 3.6791298478
-312386618 7487873
#r 0 2.2923499610
-345414213 45026892
#r 0 1.7298514930
-353333481 94395761
#r 0 2.0858585579
-377962931 137908864
#r 0 5.2216728750
-365774128 116081518
#r 0 5.2504357446
-359368168 105347269
#r 0 5.1271836706
-356848575 99625390
#r 0 1.8257753882
-357637038 102650350
#r 0 4.9066421882
-357335323 101116733
#r 1 -357443037 101526783
219528894 970092025
#r 0 4.9041367848
229057642 921008393
#r 0 5.5590266417
266510496 887883120
#r 0 3.4158577750
218379271 874341140
#r 0 3.8367687723
179982226 842315105
#r 0 3.1439871641
129982369 842195380
#r 0 3.3283742028
80852020 832910511
#r 0 3.9748215959
47227545 795905178
#r 0 3.5221154401
804015 777334882
#r 0 5.2752990851
27486492 735049596
#r 0 3.3702123568
-21212515 723717928
#r 0 2.8572313137
-69204566 737745153
#r 0 2.3048068386
-102697206 774869849
#r 0 1.7727804178
-112727880 823853373
#r 0 4.9710242297
-106333844 799684875
#r 0 4.6702105197
-106862607 787155986
#r 0 4.9864548246
-105107045 780911554
#r 0 1.8853536157
-106110495 783995677
#r 1 -105936590 783623801
-384209398 -106897359
#r 0 1.4214620980
-376770408 -57453841
#r 0 5.3253878280
-362387336 -77902001
#r 0 4.9364535544
-358355666 -95593211
#r 0 2.7272251589
-366660273 -91940565
#r 0 5.1563561817
-364711861 -96036998
#r 0 4.1578654885
-366389324 -98745439
#r 0 5.4024003805
-363642641 -102073318
#r 0 4.6995009901
-363696532 -106254594
#r 0 5.6277469238
-358969837 -109888578
#r 0 0.1031879505
-351853615 -109151652
#r 0 5.9628713037
-344717586 -111518944
#r 0 2.7562931971
-348201203 -110106091
#r 0 5.6906382612
-346642027 -111155807
#r 0 0.0044860295
-345662836 -111151414
#r 0 4.7917012173
-345622659 -111656913
#r 0 5.8204070104
-345213045 -111861275
#r 0 0.4713102889
-344944764 -111724555
#r 0 0.4519262905
-344806941 -111657651
#r 0 0.3320747372
-344728950 -111630756
#r 0 4.7490178172
-344726892 -111686912
#r 0 4.8544137733
615373946 -411111791
#r 0 3.2020060098
565465163 -414130622
#r 0 1.9196027295
548376346 -367141556
#r 0 1.4926193160
552281216 -317294269
#r 0 5.7750957566
595964994 -341619720
#r 0 2.0762786050
583859257 -319746194
#r 0 2.3672127510
572538428 -308672127
#r 0 3.5340534816
562367447 -312882247
#r 0 4.3338877336
560333380 -317997134
#r 0 6.0888526986
564298698 -318777574
#r 0 1.4057363682
565293495 -312805524
#r 0 1.3986181841
566472643 -306024914
#r 0 4.0056157065
564237994 -308641802
#r 0 2.1875356096
562995805 -306889767
#r 0 1.8464282097
562132216 -303836392
#r 0 0.8780829622
565168871 -300177366
#r 0 4.9514096002
565731743 -302487260
#r 0 1.0804482811
566291561 -301438589
#r 0 4.9233703702
566416034 -302019779
#r 0 5.5585217210
566726278 -302294454
#r 0 1.9080345543
566657725 -302098942
#r 0 4.0237366027
326662212 790338362
#r 0 0.0366657573
376628606 792171239
#r 0 0.3187168435
424110520 807838653
#r 0 3.4921312152
400630822 799253561
#r 0 3.0918291304
388133662 799875978
#r 0 5.5842107732
392922894 795850452
#r 0 2.4052026132
390605245 797951381
#r 0 2.6366078336
389234475 798709133
#r 1 389769800 798515284
340630368 -61653550
#r 0 1.4092895263
348670647 -12304245
#r 0 5.9067204221
395169151 -30686006
#r 0 1.8452272437
388394171 -6621517
#r 0 5.7278405083
399015654 -13211970
#r 0 5.7702144737
406810386 -17602474
#r 0 2.3549712052
403651301 -14435651
#r 0 4.4848320175
403110493 -16771070
#r 0 2.1660567827
402438404 -15778619
#r 0 2.2069105969
401900883 -15050785
#r 0 6.2307155104
402352662 -15074512
#r 0 1.2355465807
402469345 -14739602
#r 0 5.6631259797
402892331 -15041613
#r 0 5.6273978698
403235346 -15305521
#r 0 2.3219745525
403087657 -15147362
#r 0 5.6769580761
403176573 -15209009
#r 0 1.9455396294
403156771 -15158665
#r 0 5.7348182920
403179854 -15172765
#r 0 2.1307081709
403172671 -15161306
#r 0 2.2308761675
403167730 -15154941
#r 0 1.8975240768
403165873 -15149460
#r 0 2.1873224333
-936931568 -253662529
#r 0 0.9729918947
-908790116 -212333862
#r 0 4.7489928946
-907875222 -237317116
#r 0 1.3336665364
-904938801 -225166913
#r 0 4.6740856362
-905178138 -231412329
#r 0 5.4384075834
-903023262 -233839612
#r 0 4.7694264031
-902853113 -236819492
#r 0 5.9661600799
-900455508 -237606125
#r 0 5.2989332003
-898400597 -240698253
#r 0 0.1677968121
-893441317 -239858203
#r 0 1.0538850404
-889819870 -233487662
#r 0 4.6125674046
-890185006 -237133391
#r 0 4.6970006555
-890217674 -239256119
#r 0 4.6724753481
-890283103 -240894506
#r 0 5.8618603394
-888766500 -241574191
#r 0 4.6242515298
-888985670 -244054432
#r 0 4.7455634761
-888884166 -247113022
#r 0 1.0107114054
-888071269 -245816675
#r 0 5.0493983471
-887818287 -246538706
#r 0 4.7157708328
-887816240 -247144082
#r 0 1.4869911459
-887790903 -246842455
#r 0 1.3843543409
-55698254 -527054964
#r 0 3.2040419208
-105600788 -530175398
#r 0 6.2646628869
-80605076 -530638432
#r 0 3.3022993783
-92944007 -532638630
#r 0 0.1525596934
-86766599 -531688826
#r 0 0.3032913045
-83784031 -530755443
#r 0 3.3873290315
-85299691 -531135578
#r 1 -85183018 -531145798
-176767589 -188188183
#r 0 2.6267192373
-220285342 -163566949
#r 0 4.8516244894
-216815691 -188325008
#r 0 3.7460598290
-233291676 -199705218
#r 0 2.4882967479
-256195258 -182174401
#r 0 5.2331441386
-249020117 -194684127
#r 0 1.6329169085
-249467761 -187487351
#r 0 0.1112731002
-245208052 -187011394
#r 0 4.0394043050
-246543900 -188687229
#r 0 3.7171506613
-247869547 -189547359
#r 0 3.9564547441
-248763804 -190495929
#r 0 5.0718450133
-248220356 -191942109
#r 0 5.7086442649
-246278682 -193199137
#r 0 0.6423662043
-243659750 -191239578
#r 0 5.6134646373
-240949230 -193385767
#r 0 2.3610151902
-242177454 -192169328
#r 0 5.5863090143
-241514643 -192724076
#r 0 5.6166881396
-241172595 -192993120
#r 0 4.6608025854
-241184241 -193218686
#r 0 2.6629624785
-241312215 -193152284
#r 0 5.0098572110
-241291086 -193221205
#r 0 5.6523216746
133207554 429148051
#r 0 5.6989528725
174914338 401570086
#r 0 5.7641134274
218328337 376766362
#r 0 5.9504317046
265585661 360434021
#r 0 2.4681529232
246043636 376025982
#r 0 5.0984426586
250750329 364445955
#r 0 2.5491274963
245565538 367936003
#r 0 5.4259714895
247610995 365573436
#r 0 5.2371667977
248446612 364130037
#r 0 5.8830437637
249517408 363677133
#r 0 4.5333575728
249388036 362962250
#r 0 5.8720237721
250311226 362559727
#r 0 5.6555365475
251095004 361991081
#r 0 4.4298951031
250749498 360800734
#r 0 3.2115224728
248931343 360673383
#r 0 5.0021649591
249529706 358666591
#r 0 4.5471942732
249044031 355753370
#r 0 2.7982004760
244873385 357244618
#r 0 2.8455023118
240428106 358600684
#r 0 5.1111124474
241330287 356459208
#r 0 5.1844892102
242155469 354843140
#r 0 5.8608420916
420725815 -425022251
#r 0 2.3424564464
385859510 -389184550
#r 0 3.8420029329
347630619 -421411122
#r 0 4.5922995235
341640568 -471051018
#r 0 4.1410646023
314603239 -513110296
#r 0 0.0487959600
339573482 -511890881
#r 0 1.2848488949
345340634 -492275027
#r 0 6.2607296304
356109977 -492516901
#r 0 2.9421196471
350830747 -491449644
#r 0 4.6092390683
350544920 -494210794
#r 0 4.1583698989
349084273 -496571822
#r 0 6.2135873011
351926817 -496769977
#r 0 4.0665460609
349527197 -499953909
#r 0 4.1219491316
347092632 -503586542
#r 0 3.7945523517
342546760 -507063611
#r 0 4.1178017019
338331454 -513297243
#r 0 2.8156269130
327834943 -509749176
#r 0 2.8198720748
316102226 -505838661
#r 0 2.8477567625
300677295 -501171153
#r 0 2.8134726094
279121749 -493833091
#r 0 6.2533359487
290501850 -494172881
#r 0 3.5418250948
-984543034 144270826
#r 0 6.1058140456
-935327488 135448691
#r 0 6.0900650838
-886256979 125852589
#r 0 5.9872890911
-838429919 111272727
#r 0 6.1577670732
-788822647 105018242
#r 0 2.9655053274
-813436063 109397711
#r 0 3.2265828423
-825922873 108333892
#r 0 0.3117357167
-819958857 110255751
#r 1 -820132453 109959203
366737756 485628537
#r 0 5.1581946865
388297005 440515360
#r 0 5.0895379375
406710570 394029441
#r 0 5.1536671443
428065347 348819116
#r 0 3.9730850862
394376662 311872228
#r 0 5.9794494506
442087952 296917871
#r 0 5.3469867644
471730635 256652360
#r 0 5.5156526557
507711940 221934271
#r 0 2.4589086030
488314885 237706216
#r 0 2.0718458317
482267510 248748302
#r 0 5.1809074160
485110024 243131834
#r 1 484974050 242948000
-649282821 -270779598
#r 0 3.6249167228
-693555573 -294015851
#r 0 3.6743929517
-736624975 -319413225
#r 0 4.6644588089
-739020566 -369355803
#r 0 1.1942788627
-729828463 -346107035
#r 0 4.6718140182
-730335511 -358596746
#r 0 4.7509852371
-730068741 -365505125
#r 0 5.2101090507
-727742521 -369786413
#r 0 5.9204789248
-722466532 -371788629
#r 0 5.0081520953
-720028117 -379791304
#r 0 4.5922587541
-721326633 -390548490
#r 0 4.6856377311
-721695864 -404347583
#r 0 3.1279298858
-741216912 -404080855
#r 0 4.8264912135
-739236155 -421364948
#r 0 3.1472101781
-765240540 -421511030
#r 0 3.2137052535
-794352242 -423613997
#r 0 3.1990183468
-833036098 -425837889
#r 0 3.2293433271
-887663831 -430643851
#r 0 3.0049271469
-903561935 -428457500
#r 0 6.0958188635
-895678499 -429952123
#r 1 -896449005 -429940377
411724544 245564399
#r 0 4.3633434303
394624491 198579421
#r 0 4.2787774512
373616949 153206707
#r 0 4.2761021448
352488097 107890357
#r 0 5.7889025514
396503557 84170338
#r 0 3.6428790136
352655301 60142637
#r 0 1.9189014530
335599441 107143676
#r 0 6.1228108745
384957819 99159284
#r 0 2.8145600524
361282826 107190142
#r 0 3.7402632680
350674473 99953262
#r 0 4.6331963800
350013825 91628408
#r 0 1.0220121789
352191983 95190786
#r 0 1.0384490213
353460470 97344142
#r 0 0.9638373484
354549017 98911746
#r 0 1.1000797384
355458808 100699619
#r 0 0.9659716663
356835489 102691220
#r 0 1.1265420836
358284292 105735000
#r 0 4.3664215630
357712728 104149371
#r 1 357887754 104795517
795592083 -315379132
#r 0 1.8414117616
782225857 -267198804
#r 0 1.9962241907
761590330 -221655692
#r 0 5.0784686303
770539270 -244999138
#r 0 4.8625675164
772416027 -257401885
#r 0 4.8460540170
773339841 -264272086
#r 0 3.7331458311
769456920 -266880661
#r 0 1.7245485516
768478853 -260569550
#r 0 4.1287925347
766719295 -263234252
#r 0 3.8274756117
764955009 -264678211
#r 0 5.3221146073
766389989 -266732554
#r 0 3.3041677916
764874981 -266981050
#r 0 3.4836659108
762716230 -267749719
#r 0 1.8394624284
761814182 -264473388
#r 0 1.8105530914
760862786 -260581544
#r 0 5.2733475702
761928496 -262277763
#r 0 1.7456415890
761754260 -261291424
#r 0 2.5051967407
761296009 -260952796
#r 0 2.2868244709
761108762 -260737585
#r 0 1.9522013980
761054549 -260602404
#r 0 5.3048505975
761095214 -260662816
#r 0 1.7817971063
-521849662 466816098
#r 0 4.2599384800
-543708201 421847172
#r 0 0.8138343990
-526540297 440020313
#r 0 1.0282106516
-519517074 451668418
#r 0 0.0571333727
-511866466 452105999
#r 0 2.5844875053
-515118649 454131862
#r 0 4.9915350872
-514590786 452290243
#r 0 5.0704387197
-514112329 451011555
#r 0 0.1538207004
-512877908 451202946
#r 0 4.9314872186
-512730554 450541193
#r 0 4.9995846033
-512477383 449684035
#r 0 4.9521886445
-512180756 448470860
#r 0 0.2044167381
-510394390 448841196
#r 0 5.6675987250
-508932428 447807198
#r 0 0.1324325127
-506352896 448150823
#r 0 4.9072709504
-505695889 444822302
#r 0 4.9229414855
-504698319 440154656
#r 0 2.5146719411
-506631020 441554722
#r 0 2.5898498876
-508078231 442445489
#r 0 0.9342648974
-507078068 443798585
#r 0 4.9380195338
-506889850 442978602
#r 0 4.9472032727
-558514126 -706353026
#r 0 1.9656737354
-577748878 -660200839
#r 0 2.8092574279
-625013031 -643888271
#r 0 0.7494996244
-588411538 -609824643
#r 0 4.2042105682
-600576204 -631665451
#r 0 1.1345051278
-595293942 -620336387
#r 0 3.9364642601
-599671294 -624797472
#r 0 0.8850141277
-597692299 -622378960
#r 0 0.5233659771
-596328008 -621591710
#r 1 -596573470 -621708097
-218018041 -776753981
#r 0 2.4543772076
-256668816 -745034624
#r 0 2.9704434914
-305938301 -736518882
#r 0 0.7015840613
-286842782 -720383171
#r 0 3.6542682653
-297735722 -726514554
#r 0 5.8403385908
-292088626 -729192762
#r 0 5.8682967611
-287396969 -731259229
#r 0 5.9120279038
-282322651 -733234130
#r 0 5.9078024885
-275985580 -735731372
#r 0 5.8586115193
-267420091 -739603570
#r 0 5.6615290801
-256313573 -747560416
#r 0 2.1213815802
-259887609 -741738664
#r 0 5.2259265117
-258209634 -744713732
#r 1 -258604446 -744575112
517252615 315449462
#r 0 4.2576547554
495291437 270530572
#r 0 0.0905259457
545086703 275050690
#r 0 6.2234912651
594997645 272067760
#r 0 6.0857241498
644026035 262258737
#r 0 4.2434433604
621428736 217656472
#r 0 1.0305958405
634286434 239096611
#r 0 1.1366942767
639570497 250494621
#r 0 1.1001189691
642422858 256100475
#r 0 1.7200850134
641949620 259246844
#r 0 4.6692447302
641881004 257657445
#r 1 641970288 258096295
-836634468 79323631
#r 0 0.3886359862
-790363129 98269955
#r 0 0.5915696979
-748859812 126153188
#r 0 0.4563205439
-703975816 148185594
#r 0 0.7680201612
-668011441 182921220
#r 0 3.9562547386
-685164297 164733876
#r 0 3.9333281415
-693966022 155819879
#r 0 3.5881000413
-699643330 153101841
#r 0 0.3447032810
-696681259 154165336
#r 1 -697025312 154110627
-478957491 -425697431
#r 0 0.0330664292
-428984823 -424044411
#r 0 3.7202782116
-449914380 -437717511
#r 0 3.6224811731
-463848037 -444987267
#r 0 0.0512150309
-456000286 -444584992
#r 0 5.8036066996
-451929824 -446701939
#r 0 4.7525995976
-451744750 -451302074
#r 0 1.8854973642
-452457271 -449113196
#r 0 4.8038612134
-452352137 -450259348
#r 0 4.7962329788
-452301608 -450860592
#r 0 5.8373927247
-451981018 -451013794
#r 0 3.5765234246
-452142135 -451088649
#r 0 0.1638495186
-452054497 -451074160
#r 0 3.6782115671
-452092667 -451096865
#r 0 5.6263076684
-452072812 -451112175
#r 0 5.6560928923
-452043173 -451133653
#r 0 4.7696727367
-452040061 -451187921
#r 0 4.6759189132
-452042657 -451259067
#r 0 5.6883514668
-451960940 -451314355
#r 0 3.6268347011
-452088953 -451381855
#r 0 1.3713323042
-452074615 -451310931
#r 0 5.8180282808
744680137 283363242
#r 0 3.3692034729
695969722 272080711
#r 0 2.8123679124
648655058 288246186
#r 0 3.6593803628
605209243 263498233
#r 0 4.2450509773
582683676 218859698
#r 0 4.2915728885
562258402 173221905
#r 0 5.3464239316
591878417 132939717
#r 0 4.1658139248
565890201 90224232
#r 0 5.1894920044
588850583 45807784
#r 0 3.8251423681
550083794 14230323
#r 0 2.9842873384
500701143 22063191
#r 0 2.7741546712
454038606 40024471
#r 0 2.8881310695
405636096 52562293
#r 0 5.1454013640
416126272 29869648
#r 0 2.6087126058
405359429 36219850
#r 0 2.6748812814
398061051 39897033
#r 0 5.2089803191
400007843 36304402
#r 0 2.5847266884
398273426 37384237
#r 0 2.7271794389
397119279 37891933
#r 0 2.6325226046
396152100 38431753
#r 0 2.4926271459
395193468 39158946
#r 0 2.8808307699
787479252 -388621533
#r 0 6.1474991005
837019689 -395385045
#r 0 0.5821075832
878784978 -367895763
#r 0 3.6073768898
856448238 -379123853
#r 0 3.9338222839
847552137 -388142339
#r 0 0.5492189184
852954535 -384835904
#r 0 3.7791103054
850409647 -386720884
#r 1 849709124 -386813224
734374273 161323653
#r 0 4.6206623592
729794371 111533850
#r 0 4.6687453097
727612880 61581462
#r 0 4.6856557048
726276375 11599328
#r 0 4.3038163825
706411384 -34285115
#r 0 1.1564790889
716475509 -11400331
#r 0 0.4397195605
727786770 -6079084
#r 0 3.5069230801
721949042 -8312019
#r 0 3.6047098337
719137702 -9715826
#r 1 718699148 -9863810
-835925574 -325109799
#r 0 5.8608893254
-790318058 -345602590
#r 0 0.4264259474
-744795565 -324921617
#r 0 1.6275254539
-747630500 -275002050
#r 0 5.9804885788
-699903696 -289906821
#r 0 4.6034702247
-705338872 -339610532
#r 0 1.5211574161
-704098409 -314641326
#r 0 4.6291177339
-705138097 -327098012
#r 0 4.5170689889
-706352471 -333236103
#r 0 1.2979441195
-705509397 -330223307
#r 0 5.1747271318
-704811669 -331623344
#r 0 0.4099918630
-703788854 -331178806
#r 0 5.2270883121
-702979795 -332609390
#r 0 6.0376911276
-701316017 -333026246
#r 0 6.0891412828
-698842907 -333512253
#r 0 5.6992146180
-695708251 -335583817
#r 0 4.5030094628
-696841056 -340914816
#r 0 4.7249596198
-696764225 -347026404
#r 0 0.3975944913
-689021294 -343774678
#r 0 4.5062260177
-689880855 -347884766
#r 0 4.4472089109
-690789848 -351231872
#r 0 1.1621759755
191098699 -491490599
#r 0 3.9412653112
156251624 -527346999
#r 0 4.8857735387
164877481 -576597325
#r 0 5.4816250084
199656810 -612519439
#r 0 4.6142139836
194755942 -662278674
#r 0 4.6353416528
190907386 -712130340
#r 0 4.2551957925
168835820 -756995092
#r 0 1.1112687599
179923938 -734588540
#r 0 1.1344142241
185207259 -723259894
#r 0 1.0379859018
188383086 -717874383
#r 0 1.2366066621
189412074 -714910819
#r 1 189702342 -715067183
76967052 -918743877
#r 0 2.9148544744
28246810 -907503857
#r 0 1.5189843512
30836250 -857570954
#r 0 1.5869702368
30027590 -807577494
#r 0 1.7212157943
22534946 -758142079
#r 0 4.8731982490
26537873 -782819529
#r 0 1.6884811203
25070206 -770405991
#r 0 1.8310182269
23459125 -764355191
#r 0 5.0574936813
24518261 -767301404
#r 0 1.8863968645
24032380 -765813317
#r 1 23939352 -765504773
-458212991 -390070259
#r 0 1.6019114914
-459768498 -340094461
#r 0 3.9823592304
-476440792 -358723324
#r 0 5.9842728924
-459114096 -364062459
#r 0 6.2744575199
-446102890 -364176021
#r 0 4.6069734027
-447606812 -378389737
#r 0 6.0816997264
-439877709 -379968461
#r 0 4.7369481845
-439620675 -390432263
#r 0 4.7472502108
-439296604 -399724533
#r 0 1.3424543007
-438244252 -395196247
#r 0 3.8845318997
-439956192 -396768654
#r 0 1.3928833588
-439750504 -395624761
#r 0 4.7025366084
-439756229 -396205852
#r 0 1.4097869211
-439709648 -395919051
#r 0 0.5451469401
-439582625 -395842018
#r 0 3.5899582452
-439649561 -395874217
#r 0 6.2046629851
-439612537 -395877130
#r 0 4.7992620458
-439610536 -395900105
#r 0 1.4130209232
-439608724 -395888718
#r 0 3.7844660690
-439613338 -395892174
#r 0 4.8524769119
-439612751 -395896338
#r 0 3.8918087760
-561441965 -303326039
#r 0 4.2429739601
-584060198 -347917692
#r 0 1.3776157414
-579260666 -323382728
#r 0 5.6450909479
-568485844 -331373185
#r 0 4.1762350667
-575872019 -343803353
#r 0 4.1655692486
-587044307 -362156550
#r 0 5.0654276386
-575952622 -392258074
#r 0 4.0450985882
-603834758 -427648085
#r 0 0.5485873795
-584613308 -415900641
#r 0 4.0482414220
-591556001 -424770007
#r 0 5.0187621419
-589654162 -430782145
#r 0 4.2181780572
-593098513 -437174668
#r 0 0.0073899435
-585921963 -437121633
#r 0 4.0260698506
-588195893 -439897539
#r 0 3.9105802628
-590210891 -441847465
#r 0 5.0587168762
-589278597 -444430907
#r 0 4.0335412578
-591853064 -447622037
#r 0 4.0221275915
-595202737 -451678433
#r 0 3.9912128167
-600041056 -457181832
#r 0 0.0919347235
-596392627 -456845466
#r 0 5.8433832925
-593993785 -457974214
#r 0 3.9767232874
-143029320 -288205830
#r 0 5.7032762646
-101203695 -315603223
#r 0 1.8270868888
-107541046 -291419799
#r 0 5.5927883347
-97903630 -299380340
#r 0 5.5420362489
-91797326 -304968822
#r 0 5.5346707369
-86596052 -309799899
#r 0 5.5057402045
-80994809 -315312749
#r 0 2.0591815645
-82838555 -311842597
#r 0 0.9718107484
-81632902 -310076457
#r 0 5.5606444755
-79768516 -311720050
#r 0 5.6526351876
-76904236 -313810853
#r 0 3.9566667191
-80500989 -317627675
#r 0 1.9964402197
-82549191 -313109840
#r 0 6.0545462440
-80133518 -313671987
#r 0 5.5524476320
-78654312 -314997721
#r 0 5.4933900686
-77523159 -316138865
#r 0 0.9331456144
-76532187 -314801337
#r 0 5.6603440165
-74553476 -316222461
#r 0 5.5137285377
-72358651 -318348401
#r 0 5.4949687239
-69476801 -321246541
#r 0 5.9533944125
-63987958 -323125324
#r 0 5.6565967307
-217724255 370576245
#r 0 3.2462169831
-267450848 365354567
#r 0 1.6589936635
-271855000 415160224
#r 0 2.1554157964
-299449104 456856332
#r 0 2.0200056059
-321161774 501895870
#r 0 5.3551114535
-306177351 481884197
#r 0 2.6602180562
-317256842 487671672
#r 0 5.8667777856
-311540918 485143688
#r 0 5.8188458444
-308735037 483738320
#r 1 -308674421 483438130
231282029 -813119927
#r 0 0.6573866265
270861621 -782567416
#r 0 0.7378879821
307856172 -748931078
#r 0 0.7336887346
344991644 -715450386
#r 0 3.8649361309
326251722 -731997752
#r 0 1.0712544463
332239515 -721025227
#r 0 4.1742227871
329036001 -726391789
#r 1 328590772 -727266585
-173650117 941397434
#r 0 3.9337102692
-208767091 905805326
#r 0 5.3863204065
-177563955 866736613
#r 0 3.4679192557
-224925270 850708330
#r 0 3.5676128400
-270456151 830045830
#r 0 3.4094092942
-318673699 816814503
#r 0 0.2429916452
-294408137 822829689
#r 0 4.2982275509
-299438417 811386514
#r 0 1.0864213157
-296528071 816917552
#r 0 1.2674618808
-295590032 819914542
#r 0 1.2518827609
-295096900 821408047
#r 1 -295081818 821672590
-974261600 -135035256
#r 0 0.0448468814
-924311873 -132793664
#r 0 1.2581767808
-908934260 -85217105
#r 0 0.1287879520
-859348346 -78795494
#r 0 1.0115101047
-832819280 -36413792
#r 0 6.2331564668
-782881839 -38914191
#r 0 5.5940391340
-744292378 -70708113
#r 0 5.4901835103
-709206887 -106331256
#r 0 4.7358108947
-708035898 -156317542
#r 0 5.9117542567
-661445453 -174465005
#r 0 1.6012716553
-662968984 -124488222
#r 0 1.6308266597
-665968698 -74578286
#r 0 1.5807881928
-666468283 -24580782
#r 0 1.1334175675
-645289961 20712470
#r 0 5.0615091761
-636738181 -2779380
#r 0 1.0764832952
-630807844 8224305
#r 0 1.2009584218
-627351718 17139274
#r 0 1.1295657097
-623446182 25408727
#r 0 1.2429023024
-619848416 35984995
#r 0 1.1076963823
-613220467 49259062
#r 0 1.0587701048
-602702735 67973158
#r 0 1.2208373625
-219071864 876570219
#r 0 3.6812865127
-261965166 850876550
#r 0 3.7725440283
-302338498 821380889
#r 0 5.5460116216
-265319930 787770985
#r 0 4.2122006596
-289299470 743896372
#r 0 4.1488785451
-316007328 701627112
#r 0 4.2700469770
-337410189 656439530
#r 0 1.1298054160
-326739294 679047759
#r 0 4.5662895142
-328559047 666680928
#r 0 1.3099702998
-326947305 672719536
#r 0 2.3607102960
-329195964 674947977
#r 0 5.5699648067
-327998875 673912322
#r 1 -327957709 673802764
841216372 -245702053
#r 0 2.7114604877
795770840 -224852506
#r 0 2.6369209609
752004177 -200676502
#r 0 4.3246888267
733101164 -246965551
#r 0 5.1120763451
752557682 -293024686
#r 0 4.1676449366
726647722 -335787684
#r 0 3.5278814251
680332039 -354625347
#r 0 4.3592555566
663040060 -401540030
#r 0 5.8195546712
707761799 -423899951
#r 0 5.6630300521
748451211 -452958027
#r 0 3.7564698398
707608996 -481800937
#r 0 6.1892742544
732498835 -484145264
#r 0 3.6025537596
721303518 -489705377
#r 0 6.2261921301
727543369 -490061391
#r 0 6.1443580882
731364910 -490595360
#r 0 6.1810407321
734622347 -490929252
#r 0 6.1364545248
738138440 -491448906
#r 0 3.4910260226
736468695 -492057338
#r 0 6.2823731079
737357266 -492058060
#r 0 2.1221454616
737097808 -491636152
#r 0 3.4942351788
736601670 -491818744
#r 0 3.5043724435
-554460271 622376857
#r 0 3.3926449347
-602892848 609955687
#r 0 3.4286248516
-650847263 595800332
#r 0 3.6010080855
-695662856 573629121
#r 0 3.6485083299
-739375159 549354966
#r 0 0.4223784322
-716572246 559603241
#r 0 0.6906871289
-706868568 567623253
#r 0 0.4615747208
-701176943 570454333
#r 0 0.5167182133
-698410918 572026023
#r 0 0.3623608993
-696923480 572589912
#r 1 -697132008 572571941
-710372218 -603481641
#r 0 3.3808280413
-758948190 -615329634
#r 0 0.3324014910
-735316655 -607171784
#r 0 5.7643184517
-724368139 -613424024
#r 0 2.5681031722
-729663560 -610003697
#r 0 2.8888657821
-732724512 -609213210
#r 0 2.2249882563
-733728411 -607904072
#r 1 -733368808 -608367858
57367412 137137296
#r 0 6.2281637121
107291747 134387604
#r 0 6.2235053232
157202731 131405376
#r 0 6.2076497999
207060158 127632191
#r 0 0.1800556537
256251844 136586407
#r 0 3.3028500115
231576190 132572423
#r 0 3.4772491485
219769592 128453605
#r 0 3.1813516659
213406650 128200487
#r 0 3.1247691826
210221159 128254083
#r 0 6.2018895373
211808868 128124724
#r 1 212381813 128135759
350298717 99524416
#r 0 4.7676865547
353062187 49600842
#r 0 1.8444179200
346306685 73670807
#r 0 5.2466938548
352672222 62913022
#r 0 2.0416860962
349836726 68482802
#r 0 4.9749264234
350647763 65464883
#r 1 350993675 65843879
124361302 -505132095
#r 0 1.9948700628
103787465 -459561082
#r 0 2.5786716126
61502471 -432878142
#r 0 5.6798531062
82088709 -447062880
#r 0 5.8451721534
93427130 -452373293
#r 0 2.6762154037
87832690 -449563967
#r 1 87323224 -449532664
-544744435 413022941
#r 0 5.3829151308
-513674520 373848200
#r 0 5.1932745034
-490546298 329518917
#r 0 5.4470398218
-457029893 292415675
#r 0 2.4473283601
-476243008 308411179
#r 0 1.9347445353
-480781131 320324852
#r 0 5.0987936125
-478378884 314420469
#r 1 -478194182 313958871
-119196968 -904270036
#r 0 1.3214848204
-106860127 -855815910
#r 0 1.5344898127
-105045200 -805848860
#r 0 1.2716464300
-90309802 -758069492
#r 0 1.5348970431
-88515223 -708101708
#r 0 4.9023372997
-83795020 -732652057
#r 0 1.6673009919
-84999457 -720210220
#r 1 -84353145 -720629404
-804414631 -463783652
#r 0 6.1978573908
-754596542 -468044873
#r 0 0.1955207961
-705549211 -458331001
#r 0 5.5060553907
-669902757 -493392808
#r 0 6.1822443914
-620157267 -498431287
#r 0 5.2007313366
-596699135 -542586876
#r 0 5.2087162517
-572889176 -586553748
#r 0 5.1675964854
-550906741 -631462239
#r 0 5.2437153917
-525572874 -674569027
#r 0 5.2505110267
-499946657 -717502662
#r 0 5.3828252426
-468880263 -756680196
#r 0 5.3227972100
-440220162 -797650900
#r 0 5.8019309251
-395899413 -820795472
#r 0 2.6438644045
-417866149 -808859706
#r 0 2.7643949672
-429490557 -804254499
#r 0 2.4510560303
-434346825 -800242063
#r 1 -434852052 -800020834
551441948 -761356956
#r 0 1.1952105137
569782826 -714842311
#r 0 1.3389965323
581269304 -666179586
#r 0 1.2487757046
597093502 -618749693
#r 0 0.4886958659
641240795 -595275953
#r 0 1.8275375360
628544299 -546914822
#r 0 1.9720618348
609015117 -500886450
#r 0 5.0453417834
617185994 -524513484
#r 0 5.6318647305
627173308 -532126716
#r 0 2.6752282592
621564772 -529303375
#r 0 5.6950201616
624176747 -531045305
#r 1 623499430 -530728820
27156741 -865736728
#r 0 1.0857956446
50467189 -821502996
#r 0 0.9765964016
78459489 -780073162
#r 0 1.0747826706
102255659 -736098825
#r 0 1.2434413106
118332641 -688754019
#r 0 0.9817235638
146112156 -647181209
#r 0 0.2195324427
194912125 -636292543
#r 0 1.0409140022
220183715 -593149215
#r 0 0.1002384326
269932732 -588145682
#r 0 1.3388819081
281424787 -539484274
#r 0 1.3526842178
292244129 -490668889
#r 0 6.1228478306
341602802 -498651457
#r 0 0.0296840651
391580775 -497167472
#r 0 1.3447107027
402789000 -448439906
#r 0 1.3346136892
414488648 -399827991
#r 0 5.9947766459
462423533 -414049340
#r 0 6.1068362598
511648071 -422821161
#r 0 5.9425785285
558775678 -439524115
#r 0 6.0029614523
606825356 -453352654
#r 0 1.9687209690
597137707 -430305974
#r 0 6.0375118022
609262379 -433346095
#r 0 5.9805461151
940217810 -146619311
#r 0 2.9275364460
891358944 -135998047
#r 0 4.5592882045
883733776 -185413195
#r 0 4.5609965380
876193036 -234841297
#r 0 4.6862236002
874884916 -284824182
#r 0 4.6084365361
869696650 -334554272
#r 0 4.4655631041
857480286 -383038914
#r 0 4.5596181088
849871420 -432456574
#r 0 4.5175542212
840191199 -481510558
#r 0 4.5423697691
831731135 -530789634
#r 0 1.3614286247
836927171 -506335571
#r 0 2.3860873899
827814031 -497751606
#r 0 5.5070936609
832281285 -502136476
#r 0 5.5787325779
834667123 -504164268
#r 0 5.4356655948
835704255 -505338980
#r 1 835755364 -505211969
-914055295 46387478
#r 0 6.1874528289
-864284238 41608162
#r 0 6.1017999567
-815104501 32588544
#r 0 0.0120215694
-765108114 33189608
#r 0 6.1455172194
-715581179 26327926
#r 0 0.0738774879
-665717564 30018441
#r 0 6.1925564783
-615922763 25493200
#r 0 0.0368493792
-565956706 27335252
#r 0 0.0259313343
-515973516 28631673
#r 0 6.1392348637
-466490665 21458983
#r 0 6.1927382583
