701687785 -541700890
#r 0 1.6778346152
701687785 -540700890
#r 0 3.4122049720
701583446 -540729835
#r 0 1.4412789033
-499127383 633119407
#r 0 5.3954641809
-499127383 632119407
#r 0 5.0811298612
-499863204 634023631
#r 0 5.2842642253
-483608482 -622730427
#r 0 4.8194444409
-483608482 -621730427
#r 0 6.0672490329
-483718543 -621706284
#r 0 6.0603512993
-400050622 -282770132
#r 0 4.4693696613
-400050622 -281770132
#r 0 4.9454076925
-399929368 -282281043
#r 0 1.3390899680
301295572 728310821
#r 0 4.6151014566
301295572 727310821
#r 0 4.1183288495
301181493 727141928
#r 0 2.0668100741
538670319 187274473
#r 0 1.9422267206
538670319 186274473
#r 0 5.3567897254
539479058 185198173
#r 0 5.3920336528
-356518068 -65592954
#r 0 2.2408396352
-356518068 -64592954
#r 0 2.3101546635
-362559862 -57967552
#r 0 5.3101159773
-276446552 932869643
#r 0 4.3197228665
-276446552 931869643
#r 0 5.4148142592
-276724650 932198192
#r 0 3.8067268075
-550539604 -271667289
#r 0 0.0737436056
-550539604 -270667289
#r 0 1.5253360545
-550585249 -271670661
#r 0 0.0225616632
-618319202 -169265767
#r 0 3.8311781981
-618319202 -168265767
#r 0 0.0180799758
-617079365 -168243348
#r 0 5.6831777033
755102565 -188650360
#r 0 0.4901884622
755102565 -187650360
#r 0 4.0207871410
753618999 -189442036
#r 0 3.3454592738
380790345 -501424583
#r 0 0.0015278664
380790345 -500424583
#r 0 4.8821692986
380961731 -501424321
#r 0 6.2630958588
-579009961 358478730
#r 0 6.0929329215
-579009961 357478730
#r 0 0.5845967131
-577839466 358253314
#r 0 2.5698288314
299350043 -849072587
#r 0 2.6498861508
299350043 -848072587
#r 0 2.7009499321
283729001 -840706236
#r 0 2.7533317706
547958642 -796389549
#r 0 2.5075153355
547958642 -795389549
#r 0 1.8891838937
548393690 -796709474
#r 0 2.4728348037
120566706 -818818612
#r 0 6.0502830835
120566706 -817818612
#r 0 5.5839487361
122222946 -819211483
#r 0 5.6129934220
137093106 -178832048
#r 0 0.8091126268
137093106 -177832048
#r 0 4.7931385338
137167702 -178753828
#r 0 6.0877296489
-671832205 450572368
#r 0 0.0234528003
-671832205 449572368
#r 0 6.1237354411
-677258961 450445072
#r 0 6.2799633021
-468532303 -84888903
#r 0 2.6400352068
-468532303 -83888903
#r 0 2.8970869315
-471878699 -83053985
#r 0 2.8863251282
242220329 -192797614
#r 0 3.3041379778
242220329 -191797614
#r 0 5.4229935895
242974478 -192673940
#r 0 3.2460233253
474168597 127670696
#r 0 1.9282571707
474168597 126670696
#r 0 2.3984661920
474737267 126148180
#r 0 5.8653360044
595496296 -707793242
#r 0 2.1859069846
595496296 -706793242
#r 0 3.2870618546
594856020 -706887045
#r 0 1.7808550442
677928845 -196320030
#r 0 1.6355805709
677928845 -195320030
#r 0 3.2987627532
677864630 -195330207
#r 0 1.7445918257
134234208 -184258840
#r 0 0.4445672994
134234208 -183258840
#r 0 5.4204003432
134842299 -183969163
#r 0 6.2081598081
-222667336 -46611794
#r 0 3.6011188160
-222667336 -45611794
#r 0 5.6140640883
-221889540 -46226895
#r 0 3.0789629975
219528894 970092025
#r 0 5.5946429074
219528894 969092025
#r 0 4.5524838741
219671279 969974858
#r 0 4.7367853395
-384209398 -106897359
#r 0 2.8023932828
-384209398 -105897359
#r 0 5.8957673762
-366094584 -113288923
#r 0 4.2928264895
615373946 -411111791
#r 0 2.8384562380
615373946 -410111791
#r 0 0.2656975540
613664275 -410577047
#r 0 0.1197096583
326662212 790338362
#r 0 4.2717933261
326662212 789338362
#r 0 3.9458476034
325738348 788378981
#r 0 4.8672209263
340630368 -61653550
#r 0 4.0113460230
340630368 -60653550
#r 0 5.0300660887
340867000 -61373204
#r 0 3.4582639003
-936931568 -253662529
#r 0 5.2637439055
-936931568 -252662529
#r 0 0.6275129849
-937356846 -252970988
#r 0 5.7094716701
-55698254 -527054964
#r 0 0.6259541359
-55698254 -526054964
#r 0 1.3608684380
-55950116 -527237044
#r 0 3.6746780090
-176767589 -188188183
#r 0 0.1258898651
-176767589 -187188183
#r 0 5.5558745564
-175783962 -188063696
#r 0 6.0337272666
133207554 429148051
#r 0 4.2204269710
133207554 428148051
#r 0 2.2442244327
132886975 428549856
#r 0 2.3864993728
420725815 -425022251
#r 0 1.9305538484
420725815 -424022251
#r 0 1.8530975125
421993196 -428391816
#r 0 1.8172665406
-984543034 144270826
#r 0 5.9662720928
-984543034 143270826
#r 0 0.2215519666
-982735424 143677989
#r 0 5.3609029265
366737756 485628537
#r 0 3.4781077080
366737756 484628537
#r 0 3.9885777953
368017160 486076099
#r 0 5.3545909582
-649282821 -270779598
#r 0 2.4655256766
-649282821 -269779598
#r 0 3.5942172363
-650058933 -270157018
#r 0 3.4261487744
411724544 245564399
#r 0 2.4795815025
411724544 244564399
#r 0 3.8088244781
412362669 245067087
#r 0 5.7153978777
795592083 -315379132
#r 0 3.6784779207
795592083 -314379132
#r 0 1.9604953453
795922110 -315182699
#r 0 5.8987598174
-521849662 466816098
#r 0 5.8233585658
-521849662 465816098
#r 0 0.2510968637
-520519421 466157319
#r 0 5.7091547541
-558514126 -706353026
#r 0 2.8525353431
-558514126 -705353026
#r 0 2.7456328865
-550225856 -708817845
#r 0 3.2861871075
-218018041 -776753981
#r 0 3.2379882979
-218018041 -775753981
#r 0 0.1499247787
-236412923 -778532680
#r 0 3.2503970019
517252615 315449462
#r 0 2.6323671379
517252615 314449462
#r 0 2.5362961461
509767490 319628724
#r 0 2.4866130346
-836634468 79323631
#r 0 5.1919572247
-836634468 78323631
#r 0 5.0881276341
-838268091 82464838
#r 0 0.2490394652
-478957491 -425697431
#r 0 6.1213719557
-478957491 -424697431
#r 0 6.0818141533
-454506026 -429688902
#r 0 6.0581355130
744680137 283363242
#r 0 3.4554934578
744680137 282363242
#r 0 3.9661067791
746001445 283792183
#r 0 3.8304514763
787479252 -388621533
#r 0 3.5469968112
787479252 -387621533
#r 0 3.2473379021
790574874 -387292960
#r 0 3.2390687151
734374273 161323653
#r 0 4.2297449731
734374273 160323653
#r 0 4.0946023365
732378937 157515586
#r 0 2.9287286240
-835925574 -325109799
#r 0 0.5077477469
-835925574 -324109799
#r 0 0.3884822427
-829128571 -321327909
#r 1 -829016005 -321413528
191098699 -491490599
#r 0 1.8334473296
191098699 -490490599
#r 0 1.9187661233
190059741 -487626320
#r 0 1.8624295301
76967052 -918743877
#r 0 0.4946060798
76967052 -917743877
#r 0 0.4557966064
97335782 -907758628
#r 0 0.3417950291
-458212991 -390070259
#r 0 5.2461380121
-458212991 -389070259
#r 0 5.4143689228
-460175054 -386750154
#r 0 5.3714353008
-561441965 -303326039
#r 0 3.5650902237
-561441965 -302326039
#r 0 0.1028110261
-558565090 -302029218
#r 0 1.4305644045
-143029320 -288205830
#r 0 0.4851225735
-143029320 -287205830
#r 0 0.5014129036
-190650176 -313308654
#r 0 3.0529441919
-217724255 370576245
#r 0 5.2428431690
-217724255 369576245
#r 0 5.1522136122
-220104366 374634216
#r 0 5.1909363081
231282029 -813119927
#r 0 5.8509398371
231282029 -812119927
#r 0 5.8303105755
270864142 -831380802
#r 0 5.1798744698
-173650117 941397434
#r 0 5.5052817621
-173650117 940397434
#r 0 4.6282129242
-173572217 941320693
#r 0 4.9131587116
-974261600 -135035256
#r 0 0.1736742401
-974261600 -134035256
#r 0 0.3515402203
-979488085 -135952200
#r 0 5.9348595152
-219071864 876570219
#r 0 5.0049154806
-219071864 875570219
#r 0 6.2803849087
-218770443 875569375
#r 0 5.0831260208
841216372 -245702053
#r 0 5.1822879206
841216372 -244702053
#r 0 5.1228588072
844258488 -251692372
#r 0 2.3465418036
-554460271 622376857
#r 0 6.1776195108
-554460271 621376857
#r 0 5.5254549158
-555650490 622502972
#r 0 3.7074236464
-710372218 -603481641
#r 0 1.4198781705
-710372218 -602481641
#r 0 4.7099336187
-710374714 -603498052
#r 0 4.6516127542
57367412 137137296
#r 0 0.4494926921
57367412 136137296
#r 0 0.5329974105
66667921 141624136
#r 0 0.4920080416
350298717 99524416
#r 0 4.1517691217
350298717 98524416
#r 0 1.3721244275
350595084 99996478
#r 0 3.2871836819
124361302 -505132095
#r 0 1.5988262781
124361302 -504132095
#r 0 1.4142139820
124337493 -504282904
#r 0 2.5196917129
-544744435 413022941
#r 0 0.2847492503
-544744435 412022941
#r 0 5.8375722964
-546042531 412642984
#r 0 0.1341147390
-119196968 -904270036
#r 0 2.8166613228
-119196968 -903270036
#r 0 0.4078117922
-120497521 -903831917
#r 0 1.4633514058
-804414631 -463783652
#r 0 1.8056632450
-804414631 -462783652
#r 0 2.0141148003
-804896981 -461767838
#r 0 1.8190248922
551441948 -761356956
#r 0 2.6171020666
551441948 -760356956
#r 0 1.4799647025
551355425 -761306899
#r 0 2.5750784212
27156741 -865736728
#r 0 0.1869893087
27156741 -864736728
#r 0 0.5542226477
24829702 -866177003
#r 0 0.1373785239
940217810 -146619311
#r 0 2.7007937455
940217810 -145619311
#r 0 2.9008553203
935798087 -144534276
#r 0 2.8580368803
-914055295 46387478
#r 0 5.4642984446
-914055295 45387478
#r 0 6.0155010998
-912797526 45042514
#r 0 0.4015390235
-936955659 -34943340
#r 0 0.2804418239
-936955659 -33943340
#r 0 5.5306627896
-936138900 -34708087
#r 0 0.2193417207
-369379595 277222742
#r 0 4.1153023289
-369379595 276222742
#r 0 4.0935368105
-384365636 255180180
#r 0 6.0341960517
-821124475 11788443
#r 0 6.0383439140
-821124475 10788443
#r 0 1.3595723143
-820920956 11737593
#r 0 5.0624124499
-490967586 616064171
#r 0 3.5249428973
-490967586 615064171
#r 0 3.5503852317
-457515830 629555353
#r 0 6.1931848715
-678074763 -588467848
#r 0 0.7502006746
-678074763 -587467848
#r 0 4.0947838370
-680176111 -590426244
#r 0 4.1194122606
217643120 -215305082
#r 0 1.2203853767
217643120 -214305082
#r 0 1.1648579626
220085624 -208622339
#r 0 1.0693204275
-682169509 -158834214
#r 0 4.5857016408
-682169509 -157834214
#r 0 4.7162853307
-682165728 -158804531
#r 0 4.6485768375
557597791 508080141
#r 0 0.9585816188
557597791 507080141
#r 0 3.5629143577
556573091 506620913
#r 0 3.9361080574
639262792 -399950495
#r 0 4.0061313507
639262792 -398950495
#r 0 3.8463382407
642369912 -396308097
#r 0 0.2358646004
61684808 -566926225
#r 0 5.0325670466
61684808 -565926225
#r 0 0.3714534659
61391151 -566040615
#r 0 5.3938246707
523190902 523430949
#r 0 0.6673531739
523190902 522430949
#r 0 3.3778126121
521363554 521991081
#r 0 3.6266675648
-97120665 -106773775
#r 0 2.9529592640
-97120665 -105773775
#r 0 1.7392754213
-96944865 -106807336
#r 0 5.1720568832
-565009351 514254679
#r 0 5.0163158272
-565009351 513254679
#r 0 0.1482525328
-564709741 513299425
#r 0 5.5092254459
334580786 -482417867
#r 0 2.0808113978
334580786 -481417867
#r 0 6.0258869611
333924862 -481245273
#r 0 6.1750912698
-302732954 278207160
#r 0 0.3608434326
-302732954 277207160
#r 0 0.2541173350
-311233916 274999185
#r 0 2.3136562536
-258338693 -552221732
#r 0 2.0620494945
-258338693 -551221732
#r 0 1.0557905560
-258613713 -551707676
#r 0 1.3769189368
-571070279 -284224233
#r 0 0.6861555678
-571070279 -283224233
#r 0 1.2760483103
-571474317 -284555097
#r 0 1.5194131177
481874853 641887316
#r 0 4.5808998868
481874853 640887316
#r 0 3.7793579465
481728231 640778658
#r 0 4.0701660654
-479273610 -106822827
#r 0 1.2588981061
-479273610 -105822827
#r 0 1.4251669858
-479542672 -107657332
#r 0 1.4162443442
-4238218 -621301856
#r 0 1.8526067336
-4238218 -620301856
#r 0 5.3332965252
-4724601 -619621866
#r 0 5.3727059966
-213551122 -22815755
#r 0 5.4506468002
-213551122 -21815755
#r 0 5.1698647241
-212478418 -23994681
#r 0 1.0252779132
-874003763 -51756842
#r 0 0.4988343443
-874003763 -50756842
#r 0 5.8793435229
-872975082 -51196427
#r 0 1.4120550084
-191082364 -706539912
#r 0 3.4765781008
-191082364 -705539912
#r 0 1.3817361336
-191287364 -706611274
#r 0 1.1316459470
-712230836 221529366
#r 0 5.2750197354
-712230836 220529366
#r 0 0.6851100587
-711814670 220869435
#r 0 1.7894683143
-780382671 126943689
#r 0 5.9876553036
-780382671 125943689
#r 0 5.6847620642
-783032525 127750424
#r 0 4.7939199508
-236286024 -513307999
#r 0 4.0466753757
-236286024 -512307999
#r 0 0.7089636133
-233880264 -510244510
#r 0 2.7790194232
432125842 146983063
#r 0 4.7112839858
432125842 145983063
#r 0 6.1451381374
432124737 145983216
#r 0 5.9481079289
-261116530 -918750953
#r 0 2.8723952360
-261116530 -917750953
#r 0 2.1607602110
-260295344 -918977514
#r 0 1.8455586796
118024946 613168088
#r 0 0.4450689211
118024946 612168088
#r 0 0.5775167132
123751102 615899394
#r 0 4.5559936146
-464226731 -787773296
#r 0 4.7419685276
-464226731 -786773296
#r 0 4.7019369714
-464234455 -787512251
#r 0 4.6953404516
-243669211 -909135288
#r 0 0.6180063655
-243669211 -908135288
#r 0 2.8021420236
-242729381 -908467160
#r 0 2.8777250727
-477273716 873997373
#r 0 5.3117158751
-477273716 872997373
#r 0 5.5886320847
-475688401 871676774
#r 0 4.0709451591
-723337552 322551553
#r 0 1.9104993688
-723337552 321551553
#r 0 0.0575020650
-722991195 321571491
#r 0 5.3834436025
-109826943 -461038229
#r 0 0.6244911267
-109826943 -460038229
#r 0 3.9002468158
-114228697 -464210621
#r 0 0.7048288340
273596302 -710435175
#r 0 1.9763085270
273596302 -709435175
#r 0 3.2886204541
273192659 -709494953
#r 0 1.3249910605
-495340295 -231301155
#r 0 1.4583700530
-495340295 -230301155
#r 0 1.4396364075
-494557026 -224363577
#r 0 3.1821101334
-335666797 -774290530
#r 0 3.4459882781
-335666797 -773290530
#r 0 1.5886483747
-335649043 -774284952
#r 0 3.4126456840
-44434562 -424288087
#r 0 3.0118662924
-44434562 -423288087
#r 0 0.5844374443
-45697207 -424123364
#r 0 6.0656562309
482272679 648017210
#r 0 4.6457767620
482272679 647017210
#r 0 4.8880086136
482224195 647290438
#r 0 4.3730440754
-848718430 -335529233
#r 0 5.1076937768
-848718430 -334529233
#r 0 0.6519702257
-849034901 -334770801
#r 0 0.3998733681
-538168394 -366123595
#r 0 1.6175969109
-538168394 -365123595
#r 0 1.5784351499
-538159266 -366318488
#r 0 1.1152185076
780704324 -493859950
#r 0 1.7781013637
780704324 -492859950
#r 0 3.6953132248
780518199 -492975019
#r 0 0.8723432038
101574837 -660299922
#r 0 0.7026742173
101574837 -659299922
#r 0 3.3691759093
103200128 -658923512
#r 0 0.7495374221
274165912 -778182756
#r 0 2.9702924107
274165912 -777182756
#r 0 4.6882147594
274141834 -778178591
#r 0 4.6258613768
-30247511 -354320033
#r 0 2.1433018436
-30247511 -353320033
#r 0 1.5780106899
-30240215 -354331353
#r 0 0.3207786833
196232884 -273237791
#r 0 3.4095666930
196232884 -272237791
#r 0 1.1436648774
195712723 -273380616
#r 0 3.4634996450
-43571381 -254057842
#r 0 3.1700864147
-43571381 -253057842
#r 0 1.1959876434
-43969248 -254069182
#r 0 1.3583400382
245238934 77228773
#r 0 3.1247635213
245238934 76228773
#r 0 3.1674114809
268682687 76834198
#r 0 3.0206814975
691449954 36763389
#r 0 2.9541514825
691449954 35763389
#r 0 3.3643129766
693852961 36307616
#r 0 2.4886146519
305194638 -415436078
#r 0 2.9831375238
305194638 -414436078
#r 0 1.7361334189
305366069 -415463472
#r 0 0.2493157289
326597884 -216545057
#r 0 2.9386864876
326597884 -215545057
#r 0 2.4545623324
328224910 -216879797
#r 0 0.9531995141
48717586 -293671845
#r 0 3.4017421921
48717586 -292671845
#r 0 0.0378364639
53097267 -292506054
#r 0 0.0466395188
530625494 -89118625
#r 0 2.6664442069
530625494 -88118625
#r 0 1.3935799385
530461508 -89034261
#r 0 5.1945125877
42124448 645983829
#r 0 5.7503069399
42124448 644983829
#r 0 4.6959584351
42140722 645974231
#r 0 6.1802084822
-178491570 670902010
#r 0 1.3579230943
-178491570 669902010
#r 0 1.3439671382
-181896114 655151029
#r 0 1.3621561453
78464923 432039983
#r 0 0.8499523652
78464923 431039983
#r 0 5.9227020234
77804935 431288769
#r 0 0.8620359214
160031141 -417843750
#r 0 1.7259341077
160031141 -416843750
#r 0 5.3391699688
159831669 -416568311
#r 0 5.9238088918
-430166093 553065446
#r 0 6.2660224502
-430166093 552065446
#r 0 6.2804302374
-360767267 551874247
#r 0 0.7300419868
17710008 853207122
#r 0 3.6393899811
17710008 852207122
#r 0 5.3781538368
17159562 852907984
#r 0 5.3503874663
14875479 -715975258
#r 0 0.8286066527
14875479 -714975258
#r 0 0.6239172964
17574251 -713032576
#r 0 2.2001452032
-415569731 -638404763
#r 0 6.0069258996
-415569731 -637404763
#r 0 5.8983237945
-407342802 -640737169
#r 0 0.6024603913
-773961145 -176289730
#r 0 5.3459932062
-773961145 -175289730
#r 0 5.8072587272
-775143529 -174680277
#r 0 6.1642912064
940988252 -325744210
#r 0 3.5519897287
940988252 -324744210
#r 0 1.7778944626
941180763 -325660448
#r 0 3.6426732089
-826089410 389315028
#r 0 4.8601794462
-826089410 388315028
#r 0 1.0899003457
-825973584 388537023
#r 0 1.2514529250
787581078 -76307990
#r 0 2.3653395508
787581078 -75307990
#r 0 2.3844636564
760461225 -49679681
#r 0 2.3202609280
-720594767 -54294382
#r 0 4.8121374604
-720594767 -53294382
#r 0 5.5609458707
-720704526 -53197681
#r 0 5.9235306874
594911311 732837332
#r 0 4.1304956012
594911311 731837332
#r 0 5.0412808893
594686598 732495760
#r 0 4.9912918238
288809318 -738112341
#r 0 0.4406327155
288809318 -737112341
#r 0 1.8096598135
289027748 -738009339
#r 0 4.4641050235
-344837829 -486706031
#r 0 2.6155233833
-344837829 -485706031
#r 0 1.2138793914
-345144349 -486528050
#r 0 2.5886128550
-62712054 -847301326
#r 0 6.2639295991
-62712054 -846301326
#r 0 1.1883505412
-63111213 -847293639
#r 0 0.6251252124
-250419138 -693493865
#r 0 2.8765476358
-250419138 -692493865
#r 0 0.3278087814
-252054436 -693049995
#r 0 1.1307993123
366755340 -91389671
#r 0 3.3270402150
366755340 -90389671
#r 0 3.2142747014
375466687 -89755395
#r 0 3.4889923950
961566412 68953195
#r 0 4.5556388282
961566412 67953195
#r 0 4.5142654427
960823526 64252776
#r 0 3.1864836096
597164501 -516317146
#r 0 2.5673849740
597164501 -515317146
#r 0 3.1601713461
595661876 -515345066
#r 0 0.9108288290
-877313621 -335845740
#r 0 5.3301717774
-877313621 -334845740
#r 0 0.7033034517
-877757025 -335221725
#r 0 5.2123593269
-380835327 -806301119
#r 0 3.1729040554
-380835327 -805301119
#r 0 3.2154977493
-404244494 -807034332
#r 0 3.3308010661
822465216 -184570263
#r 0 0.7721633076
822465216 -183570263
#r 0 3.6042317157
824569883 -182520582
#r 0 3.8615809548
186036512 447263379
#r 0 2.9898605324
186036512 446263379
#r 0 3.4776699573
188027605 446958926
#r 0 5.4009312920
-324336703 -906969741
#r 0 0.9553551601
-324336703 -905969741
#r 0 2.7749632300
-323780628 -906183268
#r 0 2.6634795257
-23877194 30146238
#r 0 1.7934134867
-23877194 29146238
#r 0 5.0201069855
-23090450 26670747
#r 0 1.7639612662
-646955563 126488175
#r 0 5.3073671841
-646955563 125488175
#r 0 4.4100941200
-646742080 126172740
#r 0 4.6216792260
647455009 119171730
#r 0 4.7921439218
647455009 118171730
#r 0 4.9074292516
647589240 117492257
#r 0 4.8527423009
-614105525 708095676
#r 0 5.9952543732
-614105525 707095676
#r 0 4.0484620936
-613470303 707907548
#r 0 5.9800954994
-144601442 -246545691
#r 0 6.0645791849
-144601442 -245545691
#r 0 6.0544009624
-51188269 -267298016
#r 0 1.2542490511
-755786970 456770808
#r 0 2.0376405811
-755786970 455770808
#r 0 1.9082362921
-756941666 459061862
#r 0 5.8136048486
-942398078 -178453409
#r 0 6.0407827280
-942398078 -177453409
#r 0 5.2519942195
-941695082 -178627235
#r 0 5.9340352263
711522906 98276513
#r 0 4.2067150244
711522906 97276513
#r 0 4.0700088779
709393451 94430599
#r 0 4.1844631786
-865732126 -389513957
#r 0 0.6128194922
-865732126 -388513957
#r 0 5.5299665946
-865122649 -389085419
#r 0 5.5029377652
457994694 -775492143
#r 0 1.5551593499
457994694 -774492143
#r 0 2.1901782784
458009997 -774513606
#r 0 2.0449518780
223679184 -734348721
#r 0 5.1699027669
223679184 -733348721
#r 0 5.1266283123
227788874 -742695709
#r 0 0.6540073888
590989480 604339845
#r 0 0.3702767883
590989480 603339845
#r 0 0.4173053377
609117656 611376870
#r 0 0.4010599101
33739637 326385330
#r 0 1.0643416168
33739637 325385330
#r 0 1.6486410045
33671251 326262048
#r 0 1.0246838307
107088828 -31836439
#r 0 5.4250081979
107088828 -30836439
#r 0 5.4781825770
98562526 -21969098
#r 0 3.3812736910
-86557720 15314172
#r 0 3.3621959138
-86557720 14314172
#r 0 1.2125928265
-86149060 15405815
#r 0 1.9365544609
187576655 288198927
#r 0 5.9575941703
187576655 287198927
#r 0 4.6891154814
187599751 288191130
#r 0 0.7811824098
376013911 294524797
#r 0 1.1304725656
376013911 293524797
#r 0 1.2453956449
377202201 297046763
#r 0 1.1484435088
278966036 620220652
#r 0 3.8306241210
278966036 619220652
#r 0 2.8694259909
278059254 619473728
#r 0 4.2464407792
-721859489 -551390151
#r 0 2.2642101270
-721859489 -550390151
#r 0 2.2270415947
-711364729 -564017833
#r 0 4.5994950757
388898961 -22604958
#r 0 2.5401891355
388898961 -21604958
#r 0 0.7099653546
388251991 -22161008
#r 0 4.8772780993
-862956667 140643757
#r 0 5.8486449633
-862956667 139643757
#r 0 5.7858358886
-875657021 146538345
#r 0 0.2843063916
-64393835 -548376194
#r 0 2.5552426277
-64393835 -547376194
#r 0 2.8917529845
-66838159 -546752473
#r 0 1.4212952330
-682022435 430113840
#r 0 0.0204271096
-682022435 429113840
#r 0 5.1073924211
-682435830 430105394
#r 0 2.5316362162
129522077 617343422
#r 0 4.5579830796
129522077 616343422
#r 0 5.6454499079
129382527 616446832
#r 0 5.6825903923
-709725211 -135667791
#r 0 4.7705178959
-709725211 -134667791
#r 0 4.7581341458
-709510675 -139354327
#r 0 0.6731181817
882172595 169931446
#r 0 3.7298140603
882172595 168931446
#r 0 3.5751873482
877270724 166661983
#r 0 2.7163494049
29768177 179516482
#r 0 1.3335504096
29768177 178516482
#r 0 3.5360665744
29499314 178404556
#r 0 0.0435561660
258981388 553416150
#r 0 2.8554558160
258981388 552416150
#r 0 3.6135095835
260224257 553050485
#r 0 2.9371351778
867622611 474026919
#r 0 3.1661691153
867622611 473026919
#r 0 3.1199265388
846001418 473495440
#r 0 3.2512126025
494169261 705240858
#r 0 5.0890849637
494169261 704240858
#r 0 5.5528926377
494781839 703692329
#r 0 5.6858841364
122469093 -725635014
#r 0 1.5023541381
122469093 -724635014
#r 0 5.5467985059
122533632 -724693518
#r 0 0.5965000127
-603116602 -663308573
#r 0 4.0480965231
-603116602 -662308573
#r 0 3.8465383058
-600771119 -660313087
#r 0 4.0535710733
-145539966 -887360284
#r 0 2.1936820000
-145539966 -886360284
#r 0 1.4704687462
-145628258 -887237362
#r 0 1.4282583165
682414660 608429595
#r 0 5.5146544082
682414660 607429595
#r 0 3.0272878705
683588346 607294850
#r 0 2.8195059266
-490982295 -354183775
#r 0 1.9224710882
-490982295 -353183775
#r 0 2.6608877584
-491436051 -352947138
#r 0 5.4431478824
-802812116 -220135267
#r 0 4.5778704922
-802812116 -219135267
#r 0 6.2406584980
-802677555 -219140993
#r 0 5.7553735422
250470454 471718324
#r 0 3.2088436612
250470454 470718324
#r 0 2.0407468727
249979350 471685247
#r 0 5.6386741276
439852827 37625603
#r 0 0.0301436616
439852827 36625603
#r 0 4.6195853477
439946160 37628417
#r 0 1.4663087204
-160210028 -311873695
#r 0 0.7378524883
-160210028 -310873695
#r 0 0.5934346615
-155947775 -307998628
#r 0 2.3400767505
378118500 -176315695
#r 0 4.8343308558
378118500 -175315695
#r 0 3.4573829769
378000668 -175354194
#r 0 3.3686054024
-866575725 -214630372
#r 0 0.2149390952
-866575725 -213630372
#r 0 0.9958793233
-867330402 -214795127
#r 0 0.2740887838
135413484 36622920
#r 0 0.4689615534
135413484 35622920
#r 0 0.4540438209
81672926 9394719
#r 0 5.4388962525
133848038 926203271
#r 0 5.9900284460
133848038 925203271
#r 0 4.4526644716
134094033 926129016
#r 0 6.0142095390
152317393 -838586251
#r 0 5.4627114253
152317393 -837586251
#r 0 5.5514945104
146595435 -832448121
#r 0 5.4567680404
866394399 -388688067
#r 0 1.3962689684
866394399 -387688067
#r 0 1.3199407915
866959665 -385482182
#r 0 1.1903504284
-110683473 -855371776
#r 0 3.1006035160
-110683473 -854371776
#r 0 0.1610872762
-115597300 -855170250
#r 0 0.0254960587
-778756986 -564076853
#r 0 5.3824000916
-778756986 -563076853
#r 0 1.8175708234
-778387641 -564543037
#r 0 0.0580999036
-737950047 -439455128
#r 0 0.7858689660
-737950047 -438455128
#r 0 3.1519706352
-736940521 -438444651
#r 0 3.2464868455
-609784449 -471338019
#r 0 0.6034887329
-609784449 -470338019
#r 0 3.0227975565
-608547786 -470485623
#r 0 6.1283381136
-23189346 649857189
#r 0 2.7011042941
-23189346 648857189
#r 0 4.4217092214
-22927164 649733602
#r 0 2.6454178734
919027675 186956176
#r 0 3.5512645118
919027675 185956176
#r 0 2.7823492856
917792772 186419930
#r 0 1.9160168413
-462062882 -817316296
#r 0 3.0010557756
-462062882 -816316296
#r 0 3.3425853761
-464959642 -816906493
#r 0 3.3231119612
-122964257 -333624352
#r 0 1.2203717060
-122964257 -332624352
#r 0 1.2530275639
-126249467 -342612375
#r 0 1.2672428135
-340634393 559951828
#r 0 3.9103204667
-340634393 558951828
#r 0 3.9292661115
-313866347 585841962
#r 0 0.8881100173
-909594700 -252680642
#r 0 6.0962613206
-909594700 -251680642
#r 0 5.3132414820
-908807232 -252829577
#r 0 6.2084587156
43912064 302995607
#r 0 5.2911234573
43912064 301995607
#r 0 1.8578599759
43373498 303819907
#r 0 5.0971805401
117420708 890129395
#r 0 4.2054119297
117420708 889129395
#r 0 0.1137817938
116827673 889061626
#r 0 0.0283475941
-468178342 -347725758
#r 0 5.1921394173
-468178342 -346725758
#r 0 4.2932952634
-468418338 -347264487
#r 0 2.6508655556
71200613 -222501511
#r 0 5.3566807051
71200613 -221501511
#r 0 5.3124992883
78880484 -232724490
#r 0 0.3011586766
-243623499 -789879633
#r 0 2.2285255409
-243623499 -788879633
#r 0 3.2412165312
-244340602 -788951311
#r 0 3.3020992432
-769324329 107708350
#r 0 0.8083602648
-769324329 106708350
#r 0 5.0106409117
-769556894 107464851
#r 0 5.6841908475
635566251 196520845
#r 0 4.9730137025
635566251 195520845
#r 0 2.5028783988
635898795 195273915
#r 0 4.9371268292
195202581 -473800941
#r 0 2.3256977641
195202581 -472800941
#r 0 2.0783210400
196562640 -475246592
#r 0 2.0057068164
308865562 -904406367
#r 0 0.7932043950
308865562 -903406367
#r 0 1.9419796092
309144506 -904123033
#r 0 2.0251401615
710295145 -265660052
#r 0 2.5752615500
710295145 -264660052
#r 0 2.9620775309
708094130 -264260637
#r 0 1.6983491445
-659887626 -690524746
#r 0 0.4890205523
-659887626 -689524746
#r 0 0.2240213990
-656601233 -688775955
#r 0 4.4017838397
582191960 -738122481
#r 0 1.9943016024
582191960 -737122481
#r 0 3.0871488571
581729823 -737097296
#r 0 2.1287263476
619956929 619639294
#r 0 0.1132391684
619956929 618639294
#r 0 0.1853926406
633503288 621179863
#r 1 633059053 621306189
279378978 182926265
#r 0 4.1558333486
279378978 181926265
#r 0 1.4840705103
279480046 183088711
#r 0 3.2254124311
-31041134 -356688329
#r 0 0.4228058897
-31041134 -355688329
#r 0 2.1348281882
-30548710 -356466766
#r 0 1.2988477286
531322273 778893238
#r 0 3.7044693086
531322273 777893238
#r 0 2.7615848033
530351763 778280881
#r 0 2.8005629497
-409016762 -551302065
#r 0 1.3853628808
-409016762 -550302065
#r 0 5.4270067896
-408862523 -550479844
#r 0 1.7397957213
-242530425 -410578653
#r 0 0.4558680783
-242530425 -409578653
#r 0 0.7002992561
-245367409 -411969663
#r 0 4.3514475042
280793211 -921368331
#r 0 2.7137410232
280793211 -920368331
#r 0 1.7159117099
280949789 -921439734
#r 0 1.6096424385
730390034 137322819
#r 0 3.1103164295
730390034 136322819
#r 0 3.0980819157
648769310 139876440
#r 0 3.1958259255
336241334 349827929
#r 0 2.0939471646
336241334 348827929
#r 0 2.9867535103
336875146 348728998
#r 0 0.1525003843
182629508 -60733374
#r 0 5.0554255647
182629508 -59733374
#r 0 4.9214923486
183152376 -62197345
#r 0 2.0640915491
-14583895 -391538609
#r 0 0.9619717124
-14583895 -390538609
#r 0 2.0907310568
-14269545 -391087715
#r 0 0.6690481228
-529968658 -541423045
#r 0 0.8036550822
-529968658 -540423045
#r 0 0.8364169056
-544168258 -556150828
#r 0 4.1833528988
-295721070 -115687762
#r 0 5.7406832593
-295721070 -114687762
#r 0 2.4244853990
-292005353 -117927729
#r 0 2.4568857098
-860392259 105310463
#r 0 6.2158112130
-860392259 104310463
#r 0 5.7984533449
-862570130 105457418
#r 0 5.1918105094
134282577 690186611
#r 0 4.5955959428
134282577 689186611
#r 0 5.2345919833
134185119 689355959
#r 0 5.6258963069
120775521 105317247
#r 0 1.3155025056
120775521 104317247
#r 0 5.0882003474
120618437 104715367
#r 0 4.9147146714
705482076 -427802156
#r 0 3.5087244904
705482076 -426802156
#r 0 3.4729178550
730136327 -418320940
#r 0 2.5332547397
67711290 -820628312
#r 0 1.0406399696
67711290 -819628312
#r 0 5.9817647659
68207074 -819782448
#r 0 5.9336351472
433987350 508403551
#r 0 3.3783960299
433987350 507403551
#r 0 3.7838609207
435960732 508879790
#r 0 4.5371273601
-118050258 19266698
#r 0 1.8627971396
-118050258 18266698
#r 0 1.0796417774
-117857816 18626489
#r 0 5.9353874327
-797637337 -148047045
#r 0 4.6393188548
-797637337 -147047045
#r 0 5.6789289959
-797567658 -147095152
#r 0 5.6032997993
-297627869 -312378482
#r 0 4.3263660265
-297627869 -311378482
#r 0 0.8335014697
-296892249 -310568454
#r 0 0.1688119130
526708312 738674488
#r 0 3.0639742403
526708312 737674488
#r 0 3.7130516017
528095653 738566588
#r 0 4.4342767106
902408713 326691638
#r 0 3.7993918221
902408713 325691638
#r 0 2.7325757492
901579558 326051046
#r 0 3.9649904709
194389026 724215994
#r 0 1.3229215713
194389026 723215994
#r 0 4.5529654772
194829935 725958173
#r 0 4.6801791454
479784988 -770379991
#r 0 1.6979066711
479784988 -769379991
#r 0 2.3694559306
479639023 -769237847
#r 0 2.3710189428
-131810955 348029062
#r 0 5.1942871854
-131810955 347029062
#r 0 3.6262105749
-131400858 347244976
#r 0 3.5556243192
586522933 -217901995
#r 0 5.3453120831
586522933 -216901995
#r 0 4.4955218984
586353491 -217671023
#r 0 4.2196814939
-187748036 23994930
#r 0 5.6698684658
-187748036 22994930
#r 0 0.4730796411
-186925474 23415955
#r 0 3.5933479042
352205545 -810872443
#r 0 2.0124125357
352205545 -809872443
#r 0 3.3822733888
351781940 -809976412
#r 0 3.4301366665
-281264150 625950435
#r 0 0.7997220037
-281264150 624950435
#r 0 0.6148616224
-284361219 622763347
#r 0 5.8895717987
805993669 -555805939
#r 0 2.0997635104
805993669 -554805939
#r 0 2.7563295317
805227530 -554495248
#r 0 2.1904937791
109176579 830254230
#r 0 4.9547226970
109176579 829254230
#r 0 4.4966445310
109292744 829784289
#r 0 5.1773417214
454603456 -115132683
#r 0 2.4704443020
454603456 -114132683
#r 0 0.5857971851
453917402 -114587870
#r 0 2.5457771694
-841858840 456991149
#r 0 0.5544295557
-841858840 455991149
#r 0 0.6642385218
-835750196 460773722
#r 0 0.5153863872
-394302774 -111391377
#r 0 2.7640437369
-394302774 -110391377
#r 0 2.8193637900
-410249571 -105067302
#r 0 2.8402607852
-44928054 515757560
#r 0 4.7194017595
-44928054 514757560
#r 0 5.2479524216
-44920957 514745601
#r 0 5.9923316064
-121117037 -740886462
#r 0 6.0550394593
-121117037 -739886462
#r 0 2.0909585895
-120456400 -741039854
#r 0 6.0769696835
-104972969 -794518837
#r 0 2.6962549028
-104972969 -793518837
#r 0 0.2293477756
-106379887 -793847290
#r 0 0.5312796664
-228728329 -70115130
#r 0 5.4112092590
-228728329 -69115130
#r 0 3.1895084747
-229536057 -69153863
#r 0 3.5183783353
211817052 -353830981
#r 0 2.3996497992
211817052 -352830981
#r 0 0.3426498760
211031740 -353111118
#r 0 6.1983651495
714039536 -444378998
#r 0 1.9300095735
714039536 -443378998
#r 0 1.9008134092
717941940 -454771418
#r 0 3.0183835870
210279624 -719446913
#r 0 1.8065096852
210279624 -718446913
#r 0 5.2771337695
209892813 -717836396
#r 0 0.1951462807
-252990652 907596128
#r 0 4.5173821979
-252990652 906596128
#r 0 4.3620914580
-253420598 905419374
#r 0 5.8931092748
-111775591 385835601
#r 0 3.9110713298
-111775591 384835601
#r 0 0.3463516031
-113420983 384241780
#r 0 0.5211959550
-751715650 246572132
#r 0 5.4080267443
-751715650 245572132
#r 0 5.3110048232
-755443674 251037587
#r 0 4.7865767416
734240015 -107718197
#r 0 2.0430288161
734240015 -106718197
#r 0 2.0839560848
728782149 -97032792
#r 0 2.0753498102
451097033 876365304
#r 0 3.8709330578
451097033 875365304
#r 0 4.0381206796
453894381 878865379
#r 0 4.5780686356
-213751703 -188883800
#r 0 0.7687172913
-213751703 -187883800
#r 0 1.1624363085
-214495762 -189603441
#r 0 5.8002160746
-871609781 -439190600
#r 0 6.1498271266
-871609781 -438190600
#r 0 6.2356372406
-883161063 -437640945
#r 0 6.2361545669
873731973 -187795839
#r 0 2.3100352384
873731973 -186795839
#r 0 3.7852330482
873190577 -187202004
#r 0 1.3825239795
476321941 -514170025
#r 0 1.3274638807
476321941 -513170025
#r 0 3.9827079131
476665580 -512785789
#r 0 4.1303703104
648529161 -258031637
#r 0 3.0697099802
648529161 -257031637
#r 0 5.0169358859
648850765 -258054795
#r 0 4.1180396100
-947200162 54478327
#r 0 5.3344899001
-947200162 53478327
#r 0 5.0088102144
-947732175 55220237
#r 0 5.1209981760
-72923073 965837855
#r 0 4.3017570318
-72923073 964837855
#r 0 4.8001220170
-72996248 965669783
#r 0 6.0559899457
533900477 -572149686
#r 0 2.4914977603
533900477 -571149686
#r 0 2.1949487402
535492438 -573360140
#r 0 2.4248586459
-787439174 -505763987
#r 0 1.9568447301
-787439174 -504763987
#r 0 0.9084069014
-787706374 -505106577
#r 0 0.7578916832
-244124713 -774407860
#r 0 3.2675135565
-244124713 -773407860
#r 0 2.2580104909
-243381283 -774313749
#r 0 2.8673238383
912688030 366379819
#r 0 3.6154161495
912688030 365379819
#r 0 4.6659303996
912735657 366404242
#r 0 4.7607805625
65744808 676218049
#r 0 4.8378375007
65744808 675218049
#r 0 4.8006401592
65448277 678569406
#r 0 4.7517208649
-530446177 836542796
#r 0 5.4271401804
-530446177 835542796
#r 0 4.9340662145
-530750626 836893615
#r 0 5.9603823371
-415563059 -298865844
#r 0 4.6457638624
-415563059 -297865844
#r 0 1.5810315787
-415554185 -298732844
#r 0 4.5288027998
-886033412 -228132643
#r 0 5.0832573388
-886033412 -227132643
#r 0 5.0424366583
-883155208 -235534241
#r 0 0.7036057835
-277974413 -935647969
#r 0 2.7296731819
-277974413 -934647969
#r 0 2.5921751113
-272272798 -938139091
#r 0 2.6156780607
200104270 740576328
#r 0 4.5215218366
200104270 739576328
#r 0 4.3279152393
199734441 738662288
#r 0 4.5862861325
-138670661 -326693416
#r 0 1.0356285172
-138670661 -325693416
#r 0 0.9546805072
-135026012 -320546052
#r 0 1.0545883763
-420259027 -893966584
#r 0 2.1663153131
-420259027 -892966584
#r 0 2.2919488127
-423214736 -889604419
#r 0 2.0683555580
-798050443 -196980374
#r 0 0.6402399650
-798050443 -195980374
#r 0 5.4329789984
-797519579 -196584925
#r 0 5.5003955621
-402542994 -134498653
#r 0 5.9274462290
-402542994 -133498653
#r 0 3.5769256763
-403738255 -134054559
#r 0 2.5006273729
508744237 816338581
#r 0 3.7100309882
508744237 815338581
#r 0 3.8648069863
512842540 818956443
#r 0 3.5784416675
-397593185 913590386
#r 0 6.2641738458
-397593185 912590386
#r 0 5.1478648409
-398062603 913599311
#r 0 4.5468772367
-443314379 -868631678
#r 0 1.1307598627
-443314379 -867631678
#r 0 2.3954559343
-442986331 -867934927
#r 0 1.9514920408
-533147680 613971414
#r 0 5.5524609781
-533147680 612971414
#r 0 3.5685299617
-532407565 613308106
#r 0 5.4035988830
-770932227 -336799630
#r 0 0.6619782812
-770932227 -335799630
#r 0 0.9231962387
-772774766 -338235483
#r 0 5.0907770807
-313801222 -169811900
#r 0 4.0132109815
-313801222 -168811900
#r 0 2.5704840148
-313255298 -169162674
#r 0 2.1091345239
396351162 236536477
#r 0 1.5421260745
396351162 235536477
#r 0 3.3758756869
396322286 235529585
#r 0 1.0673821044
653214263 -656222690
#r 0 3.1868106097
653214263 -655222690
#r 0 2.2838148523
654046488 -656185033
#r 0 1.8263815619
-126037657 252119065
#r 0 0.6386792975
-126037657 251119065
#r 0 0.7195000395
-118557706 257672876
#r 0 2.3259054114
795662488 -210263076
#r 0 5.2603995992
795662488 -209263076
#r 0 5.2999726386
788362388 -198302981
#r 0 2.9027778100
-552602322 134431660
#r 0 4.6503689365
-552602322 133431660
#r 0 4.3282354340
-552675693 133250155
#r 0 0.5869602915
-25074801 475442830
#r 0 5.2646103378
-25074801 474442830
#r 0 2.0561811375
-28739328 481390137
#r 0 5.1970046289
-581753711 58339560
#r 0 4.9685674749
-581753711 57339560
#r 0 5.0506171985
-580727847 54423057
#r 0 4.9777594113
-123676106 -141587957
#r 0 0.6647219277
-123676106 -140587957
#r 0 1.8234326759
-123461393 -141419687
#r 0 5.7741631064
-770394741 -202777594
#r 0 5.8643355456
-770394741 -201777594
#r 0 4.4924273884
-770598080 -202687069
#r 0 0.4337566888
226219170 40973701
#r 0 2.1515548515
226219170 39973701
#r 0 2.0581052330
223465992 45168999
#r 0 2.1956429954
-730767039 -317649186
#r 0 0.8846726419
-730767039 -316649186
#r 0 0.9094646863
-746463275 -336818052
#r 0 0.8773252425
313987082 -595303530
#r 0 5.5002561180
313987082 -594303530
#r 0 2.2614419103
318639082 -599932615
#r 0 4.0468292074
422385780 609464897
#r 0 3.6048556188
422385780 608464897
#r 0 3.5720909499
397568819 597068346
#r 0 3.3667487742
-283682688 -708434606
#r 0 2.4043133304
-283682688 -707434606
#r 0 2.4568273857
-294606930 -698514161
#r 0 2.4195076474
-165174039 -771223105
#r 0 1.1733578374
-165174039 -770223105
#r 0 1.4146693908
-165425884 -771823054
#r 0 2.0778412204
-595802012 -385074130
#r 0 3.2821458937
-595802012 -384074130
#r 0 4.6620703081
-595852735 -385081307
#r 0 0.8066238662
277214466 -802769623
#r 0 4.5799013701
277214466 -801769623
#r 0 4.6081161198
276727084 -806426772
#r 0 4.6180828102
-49223034 10182434
#r 0 5.3803680049
-49223034 9182434
#r 0 0.8249900568
-48797496 9643076
#r 0 4.8820064411
606551053 -19018638
#r 0 2.3084071538
606551053 -18018638
#r 0 0.6194816540
605999657 -18411853
#r 0 0.6729468144
-355498144 909755308
#r 0 5.2405158464
-355498144 908755308
#r 0 5.5161911258
-354165212 907470558
#r 0 5.4690953363
47076853 -733059593
#r 0 2.5343086339
47076853 -732059593
#r 0 0.4766190832
46251229 -732485880
#r 0 5.4982925208
-374230082 240356462
#r 0 4.4625623094
-374230082 239356462
#r 0 4.1431035029
-374654430 238693378
#r 0 5.7254633321
57914385 673072022
#r 0 5.4642836716
57914385 672072022
#r 0 1.0473907592
58271250 672690406
#r 0 4.9884777671
-434227853 -134865342
#r 0 2.2506444333
-434227853 -133865342
#r 0 0.8345036169
-434655137 -134336794
#r 0 6.0419359262
-803935016 3201268
#r 0 4.6949727671
-803935016 2201268
#r 0 6.2658855957
-803952429 2201569
#r 0 5.1390566560
612533705 664406426
#r 0 5.4977975049
612533705 663406426
#r 0 3.1221180798
613553590 663386562
#r 0 3.5449415167
-128789750 -864403732
#r 0 2.2218327950
-128789750 -863403732
#r 0 2.7744645695
-129867282 -862989353
#r 0 2.7198811937
49745228 181238661
#r 0 0.0107565313
49745228 180238661
#r 0 2.7935875188
47068041 181209863
#r 0 3.4276235732
582907428 511612935
#r 0 2.8944893177
582907428 510612935
#r 0 6.1934018275
589071396 510058021
#r 0 3.7394262991
616180789 -199370439
#r 0 5.1200496471
616180789 -198370439
#r 0 2.1330263493
614808020 -196191650
#r 0 2.4613622279
144982153 -279834439
#r 0 4.1968747478
144982153 -278834439
#r 0 4.1261009764
148839253 -273027240
#r 0 4.2748454480
-152837913 140842892
#r 0 0.4929497591
-152837913 139842892
#r 0 6.2579196287
-154615836 139887822
#r 0 6.2627060750
549838263 -730153584
#r 0 2.8772121320
549838263 -729153584
#r 0 3.4383899036
548103802 -729684035
#r 0 3.5930523165
-591139324 -247371007
#r 0 2.9360056314
-591139324 -246371007
#r 0 0.7676905238
-591991308 -247193340
#r 0 0.7425828828
-753947354 98952221
#r 0 5.9655979938
-753947354 97952221
#r 0 0.3551822728
-752518020 98482379
#r 0 0.8004888247
-98352464 -743450637
#r 0 5.8997587923
-98352464 -742450637
#r 0 0.5085021460
-99393279 -743030781
#r 0 0.8349329987
611104978 -524723090
#r 0 0.9231479331
611104978 -523723090
#r 0 2.5936787784
611622546 -524038930
#r 0 3.0627487379
-276948858 -364114257
#r 0 4.6270888962
-276948858 -363114257
#r 0 2.9359263014
-276864849 -363131783
#r 0 6.2656484755
-558362802 302376104
#r 0 0.2193611158
-558362802 301376104
#r 0 6.1257312967
-560982544 301792036
#r 0 0.9202375822
-267275647 10250653
#r 0 5.2193121045
