701687785 -541700890
#r 0 1.4274996048
708828126 -492213361
#r 0 4.2690106062
698103286 -514796048
#r 0 3.7243974938
686772318 -522265248
#r 0 3.5975165161
675773916 -527658669
#r 0 4.9919194121
679839909 -541823620
#r 0 5.0555399111
683515391 -552110846
#r 1 683550132 -551640872
-499127383 633119407
#r 0 0.1816946667
-449950439 642154237
#r 0 0.3100311530
-402334236 657408652
#r 0 4.9131722693
-397348313 632910886
#r 0 4.8837584025
-392794423 606598002
#r 0 4.3347741128
-405203745 575312659
#r 0 4.6225927394
-408810350 535256347
#r 0 0.4893105371
-391060843 544708010
#r 0 4.0905618714
-396917853 536535486
#r 0 5.3660358966
-393281170 531787702
#r 0 4.3617245409
-396014204 524315938
#r 0 0.5654435632
-392655408 526447292
#r 0 0.3441687192
-390124597 527354421
#r 0 4.9334473811
-389829857 526042896
#r 0 0.2299323506
-388440247 526368165
#r 0 0.0294488471
-386333210 526430233
#r 0 0.3279747785
-383340598 527448510
#r 0 4.3194074730
-383945862 525988439
#r 0 4.6021638034
-384079398 524781865
#r 0 4.2748295611
-384670983 523517261
#r 0 6.1390050615
-383980158 523416962
#r 0 0.2299861445
-483608482 -622730427
#r 0 5.3449531724
-454047744 -663056136
#r 0 5.3010423804
-426285665 -704640592
#r 0 5.2318867003
-401463456 -748044024
#r 0 5.1157136239
-381839537 -794032085
#r 0 5.4694978494
-347498388 -830373322
#r 0 6.0061729320
-299404548 -844047479
#r 0 2.6913422763
-321913002 -833167705
#r 0 5.8795365746
-310417578 -838077410
#r 0 2.7399053628
-316170093 -835633836
#r 0 5.9160075260
-313253393 -836755657
#r 0 5.7226158449
-311928455 -837587378
#r 1 -312006108 -837430634
-400050622 -282770132
#r 0 1.0550236919
-375390266 -239274536
#r 0 4.5411303504
-379650834 -263908812
#r 0 5.0643737545
-374861561 -276948675
#r 0 6.2243610511
-361957414 -277708629
#r 0 2.6279268024
-367586577 -274532759
#r 0 5.6917832964
-364903812 -276334472
#r 0 2.5876135936
-366277960 -275484433
#r 0 1.3118435991
-366070791 -274702371
#r 0 5.8204510825
-365708814 -274882946
#r 0 2.6785403182
-365889773 -274792601
#r 0 3.8853625152
-365964196 -274861072
#r 0 5.1034756310
-365927759 -274949443
#r 0 3.7750870802
-366042805 -275033942
#r 0 5.2086252684
-365963591 -275180248
#r 0 3.5327803887
-366040493 -275211966
#r 0 6.1076279208
-365999539 -275219231
#r 0 3.5001836069
-366019012 -275226529
#r 0 2.5150689154
-366029523 -275218921
#r 0 5.1666012120
-366026677 -275224750
#r 0 6.1079551160
-366022803 -275225436
#r 0 6.1510874074
301295572 728310821
#r 0 0.6693507764
340506805 759334670
#r 0 0.6043124452
381651453 787744491
#r 0 3.6912313664
360333621 774685012
#r 0 4.3684875275
356106512 762881816
#r 0 1.1788804679
358500883 768675170
#r 0 1.1205099096
359868155 771503570
#r 0 1.4518073735
360058997 773099859
#r 1 360022425 773675418
538670319 187274473
#r 0 4.3033709717
518784892 141398882
#r 0 3.6407414149
474885375 117464965
#r 0 3.5535327129
429068086 97445573
#r 0 3.3776285199
380454455 85753060
#r 0 3.7292985219
338843712 58030396
#r 0 1.2224616589
347377036 81528957
#r 0 3.9189681303
338467576 72761318
#r 0 3.9806742509
333544766 67279410
#r 0 3.9804226267
329982744 63314846
#r 0 3.8677807869
326125647 59889450
#r 0 3.8928277556
321428783 55503020
#r 0 3.8637060808
314826158 49687335
#r 0 3.8660743711
305306352 41262035
#r 0 3.8278656763
290802747 29382283
#r 0 4.0361493643
273299090 7569806
#r 0 0.8850686542
282154002 18392517
#r 0 0.9692500770
286111138 24157498
#r 0 0.7925900091
288575898 26657967
#r 0 3.9774483746
287398748 25355600
#r 1 287063426 25226452
-356518068 -65592954
#r 0 3.4991019237
-403356635 -83090058
#r 0 4.8765099461
-395187376 -132418176
#r 0 5.4362989471
-362071418 -169879267
#r 0 4.2815996232
-382950827 -215311087
#r 0 3.9397455435
-417852355 -251114486
#r 0 0.4724807914
-395591304 -239737069
#r 0 5.9150480180
-382761205 -244685918
#r 0 5.9334704788
-368962525 -249718371
#r 0 3.7921649322
-374806309 -254166120
#r 0 3.5306730297
-380531606 -256513379
#r 0 5.7428604145
-377878466 -258104922
#r 0 6.0905553859
-375427047 -258583067
#r 0 4.6582242799
-375547785 -260809971
#r 0 4.6715296698
-375684321 -264149730
#r 0 4.6469461233
-376012026 -269150075
#r 0 3.4536502550
-383165216 -271457678
#r 0 0.2134571928
-379492412 -270661563
#r 0 1.1852006058
-378778849 -268903654
#r 0 1.3221752953
-378437089 -267557472
#r 0 6.1029876469
-377009947 -267817460
#r 0 1.2665203443
-276446552 932869643
#r 0 4.3708761282
-293192200 885757189
#r 0 4.5637014349
-300599214 836308871
#r 0 5.6779973137
-259479456 807863036
#r 0 0.1643922584
-210153556 816045677
#r 0 4.6202401278
-212454018 791151745
#r 0 4.2730927355
-223066701 768567775
#r 0 5.4979477084
-204122943 749630099
#r 0 5.5126966169
-175296125 721650300
#r 0 4.4927049601
-188425527 662849909
#r 0 5.8746981058
-114326207 630777218
#r 0 6.0592250584
-2698713 605350550
#r 0 2.9831592075
-59225145 614381920
#r 0 4.7675350396
-57647572 585803746
#r 0 1.6847175571
-59274357 600021824
#r 0 1.5585865383
-59186692 607201379
#r 0 1.5561091740
-59133962 610791313
#r 0 1.5660640535
-59125463 612587175
#r 1 -59191360 612933362
-550539604 -271667289
#r 0 5.1788425849
-528053524 -316325729
#r 0 2.0108352377
-538702891 -293707352
#r 0 1.7516193687
-540952450 -281402576
#r 0 3.8971357194
-545504993 -285691090
#r 0 3.9485263403
-549141095 -289487275
#r 0 1.8565895070
-549882067 -286965565
#r 0 4.8676304570
-549678873 -288263920
#r 0 3.7497182367
-550227253 -288645665
#r 0 4.3316610835
-550482551 -289283501
#r 0 4.0769229432
-550885230 -289829492
#r 0 1.6946433400
-550927133 -289492879
#r 0 1.7381060618
-550968051 -289250601
#r 0 0.5594845165
-550761842 -289121466
#r 0 5.2115789124
-550684556 -289263210
#r 0 3.7141482998
-550769877 -289318206
#r 0 1.8305050069
-550782911 -289269154
#r 0 1.7042619159
-550789467 -289220325
#r 0 1.7718679818
-550800785 -289164799
#r 0 3.8150455906
-550822932 -289182470
#r 0 0.0503367231
-550808784 -289181757
#r 0 4.5552448103
-618319202 -169265767
#r 0 0.3909041760
-572090956 -150214540
#r 0 4.0034337773
-588366982 -169190602
#r 0 5.9139952010
-576709234 -173701354
#r 0 1.6173960112
-577000377 -167458140
#r 0 1.6147628740
-577253056 -161714759
#r 0 1.6625846947
-577866914 -155045796
#r 0 4.8341066877
-577460339 -158369599
#r 0 1.7482209624
-577755843 -156721595
#r 1 -577709524 -157307621
755102565 -188650360
#r 0 2.0039588704
734115397 -143268218
#r 0 1.3797494111
743609740 -94177919
#r 0 3.4215443934
719583021 -101085651
#r 0 1.1863048166
724271618 -89498286
#r 0 3.9098660362
719777171 -93841377
#r 0 1.0804388117
721248862 -91084614
#r 0 4.6805164321
721199070 -92646319
#r 0 2.0854016294
720814546 -91966252
#r 0 1.1020572200
721036544 -91527851
#r 0 1.0798330548
721152401 -91311145
#r 0 2.1600560123
721083985 -91208801
#r 0 2.0942724440
721032392 -91119415
#r 0 1.1384452688
721078325 -91019878
#r 0 1.1423514000
721116217 -90936917
#r 0 2.0742166420
721068333 -90849973
#r 0 3.5424492828
720932041 -90907734
#r 0 3.7065601155
720778808 -91004867
#r 0 4.6186929664
720756505 -91242206
#r 0 4.7583298800
720768376 -91500414
#r 0 1.0953158944
720827538 -91385510
#r 0 1.2708703933
380790345 -501424583
#r 0 4.6423260248
377290063 -551301913
#r 0 4.6581852186
374581202 -601228480
#r 0 3.9034189276
338402370 -635740682
#r 0 0.7457668273
356766564 -618777300
#r 0 3.8924627768
347627871 -627305739
#r 0 0.6047304560
352769466 -623752362
#r 0 3.7962314484
350290505 -625655089
#r 0 3.6500305812
348922257 -626417627
#r 1 349126695 -626311145
-579009961 358478730
#r 0 5.7895528364
-534979086 334787339
#r 0 4.5413466510
-543489564 285516945
#r 0 5.2652236808
-517234475 242964973
#r 0 6.1621602950
-467600205 236928484
#r 0 3.0429637850
-492478707 239390210
#r 0 3.0915989454
-504969349 240015184
#r 0 2.9769610380
-511191492 241048902
#r 0 2.5713435731
-513859671 242760059
#r 1 -513648678 242593593
299350043 -849072587
#r 0 0.5822661295
341110974 -821576684
#r 0 1.8217329149
328695408 -773142670
#r 0 1.1223153395
350375270 -728087331
#r 0 1.0976266966
373160767 -683580915
#r 0 4.3080269370
363324959 -706564754
#r 0 3.8521174622
353804976 -714756143
#r 0 0.5515534066
359153305 -711465612
#r 1 359246940 -711552364
547958642 -796389549
#r 0 0.6066617878
589036432 -767883143
#r 0 1.4798761642
593576179 -718089663
#r 0 2.4736244431
554322091 -687120056
#r 0 1.0245460544
580296432 -644396133
#r 0 6.0027939427
628343792 -658232721
#r 0 5.8605785638
673944938 -678739684
#r 0 1.7880589038
668556004 -654327405
#r 0 1.7382250614
665189606 -634409179
#r 0 5.3035724888
670818977 -642795315
#r 0 5.4770293925
674886809 -647035630
#r 0 1.5600112751
674918495 -644097795
#r 0 1.8249021715
674377845 -642016132
#r 0 1.7899988565
673981739 -640238137
#r 0 5.3578545033
674529644 -640965695
#r 0 1.9331066390
674368236 -640539864
#r 0 5.2325380190
674481404 -640737447
#r 0 1.8264376633
674452616 -640627299
#r 0 5.3803750141
674487874 -640671988
#r 0 5.3011114503
674506137 -640699339
#r 0 1.8559751021
674501511 -640683560
#r 0 1.8392274518
120566706 -818818612
#r 0 3.3594538686
71748608 -829625707
#r 0 0.2186318386
96153485 -824203351
#r 0 2.6800952454
84961152 -818637234
#r 0 0.9636823357
88526774 -813504123
#r 0 1.0871166518
91581914 -807688097
#r 0 6.2180017497
100131869 -808246204
#r 0 2.7547274699
96164403 -806629878
#r 0 3.1255203652
93813164 -806592085
#r 0 0.0543074868
94987202 -806528263
#r 0 2.6520665235
94468361 -806251835
#r 0 1.1472900482
94620062 -805915309
#r 0 2.8539839032
94443074 -805862954
#r 0 3.4895436211
94259900 -805929393
#r 0 1.0778002191
94306008 -805843569
#r 0 3.5509972663
94261322 -805862959
#r 0 1.5821218610
94261046 -805838606
#r 0 1.0578279890
94272146 -805818900
#r 0 2.5544638171
94254707 -805807296
#r 0 2.3848713396
94231866 -805785729
#r 0 2.0733844481
94209218 -805744526
#r 0 0.0289966981
137093106 -178832048
#r 0 1.5011541568
140572400 -128953250
#r 0 5.5173953951
158593277 -146280915
#r 0 1.9719888102
153711822 -134773466
#r 0 5.5387290051
158308424 -139008291
#r 0 2.6076966442
155618328 -137418007
#r 0 1.3650767530
155951303 -135822320
#r 0 5.5248535168
156543001 -136382825
#r 0 5.8079874050
157160120 -136700346
#r 0 0.1886556405
157995350 -136540879
#r 0 1.7737627893
157739985 -135300039
#r 0 4.6205985850
157681925 -135930794
#r 0 1.6942850265
157642914 -135616496
#r 0 1.6822902205
157624499 -135452019
#r 0 3.9181764160
157565471 -135510015
#r 0 4.9769562329
157582686 -135573556
#r 0 5.0668072198
157595521 -135608240
#r 0 4.5437343696
157591484 -135631952
#r 0 5.4160959460
157608858 -135652425
#r 0 5.7390597408
157630035 -135665238
#r 0 5.7482158075
157651720 -135678089
#r 0 5.8320847140
-671832205 450572368
#r 0 5.7824323009
-627971140 426568057
#r 0 0.0841922695
-578148244 430772699
#r 0 5.6749685053
-537114831 402202451
#r 0 5.0097373648
-522465532 354396614
#r 0 3.2358172717
-547354636 352044483
#r 0 4.6974220759
-547737719 326451084
#r 0 5.5756427503
-518672013 301592212
#r 0 5.4369516588
-484773808 263296637
#r 0 4.4566282152
-503550084 191490973
#r 0 0.2854445499
-467941703 201940551
#r 0 0.3725000051
-438311813 213518195
#r 0 0.3307194526
-406110490 224573841
#r 0 3.4036928203
-422552278 220162976
#r 0 3.6290110468
-430107956 216157888
#r 0 0.3164449040
-426044484 217488466
#r 0 3.4074275675
-428107274 216926811
#r 1 -427854504 217066785
-468532303 -84888903
#r 0 3.5246041105
-514909474 -103574674
#r 0 2.5386665844
-556093469 -75221922
#r 0 2.5292193216
-597007774 -46481365
#r 0 5.5540447678
-578364093 -63137088
#r 0 2.1451092182
-585154818 -52642517
#r 0 5.2358148530
-582030754 -58055715
#r 1 -581302478 -58608939
242220329 -192797614
#r 0 5.1182848180
261962427 -238735067
#r 0 4.9822211057
275290909 -286925850
#r 0 4.6562173923
272483806 -336846990
#r 0 1.6226549396
271187922 -311880599
#r 0 3.6281860967
260138786 -317725817
#r 0 1.4722342973
260753802 -311506151
#r 0 5.7812032260
263493272 -313009788
#r 0 1.4941136676
263612971 -311451881
#r 0 1.1029616699
264257765 -310175680
#r 0 1.4565236328
264471449 -308313875
#r 0 1.4772019792
264700428 -305874521
#r 0 1.1714959558
266037198 -302706585
#r 0 1.1209143717
268268863 -298085295
#r 0 1.5405082003
268501768 -290397992
#r 0 1.5480993035
268756920 -279158276
#r 0 1.5491119599
269118188 -262500599
#r 0 4.2026284108
265053023 -269772230
#r 0 1.0821610709
267008350 -266094291
#r 0 0.9096432839
268287755 -264449715
#r 1 267833873 -264953646
474168597 127670696
#r 0 5.7277206175
516651371 101303787
#r 0 3.8637636634
497892061 84778405
#r 0 5.7725798428
508797670 78669586
#r 0 0.6879326471
518052185 86275561
#r 0 5.0613603138
520100186 80647070
#r 0 0.6750663609
522438087 82518639
#r 0 2.8795157626
520991839 82906590
#r 0 3.6092733588
519907717 82359053
#r 0 5.9051869411
520472119 82134933
#r 0 3.5596703893
520194635 82011655
#r 0 5.7766461797
520327389 81938000
#r 0 4.6051278867
520314307 81816505
#r 0 1.5181702324
520317521 81877518
#r 0 0.8457300339
520337841 81900451
#r 0 3.6443438497
520324417 81893069
#r 0 4.2799822095
520320853 81885347
#r 0 4.2963426589
520319134 81881456
#r 0 4.3354114367
520318351 81879478
#r 0 5.7076443554
520319244 81878899
#r 0 3.5600818386
520318758 81878683
#r 0 4.9522644150
595496296 -707793242
#r 0 0.2726833186
643648881 -694327413
#r 0 0.0584377761
693563531 -691407187
#r 0 0.3749779082
739258732 -673421507
#r 0 3.4421047854
715805409 -680689632
#r 0 3.5726298304
704589838 -685847415
#r 1 705019386 -685771592
677928845 -196320030
#r 0 3.5082421388
631252160 -214244512
#r 0 1.9482387145
612824955 -167763999
#r 0 3.3090241981
563524152 -176096517
#r 0 3.2503527208
513819579 -181523806
#r 0 0.9362821739
528639237 -161389811
#r 0 3.3411917381
516387410 -163868266
#r 0 4.1869381878
511912786 -171585500
#r 0 2.4379087648
508511951 -168699533
#r 0 3.3839230127
504027299 -169808085
#r 0 3.6092030210
497906738 -172898744
#r 0 5.0941703089
501738481 -182442796
#r 0 0.8546730079
505114193 -178563704
#r 0 3.3511771580
502599329 -179098636
#r 0 5.5775643106
503577911 -179932332
#r 0 3.9671083883
502880236 -180688357
#r 0 2.2935288296
502540010 -180302576
#r 0 4.0518734858
502382220 -180505670
#r 0 3.3408290093
502122234 -180558165
#r 0 3.3432532661
501745477 -180635189
#r 0 0.8250741443
501875935 -180493945
#r 0 0.7009154112
134234208 -184258840
#r 0 4.6197274589
129607759 -234044340
#r 0 5.9803331029
177332245 -248956531
#r 0 4.2276222479
165682195 -271076123
#r 0 4.1915659189
152819798 -293497947
#r 0 0.9701813581
160124125 -282835318
#r 0 0.4032964042
166105665 -280283089
#r 0 0.4575200275
170240049 -278247468
#r 0 5.1076756017
171876067 -282168437
#r 0 5.0013789532
173686353 -288257257
#r 0 4.1803642347
168878842 -296424406
#r 0 1.4843711229
169287860 -291703567
#r 0 4.1674642391
168059744 -293729680
#r 0 4.0737560043
167220299 -294860366
#r 0 2.0473840214
166897286 -294234713
#r 0 4.2128049461
166728629 -294543742
#r 0 5.0610014211
166828511 -294818552
#r 0 0.4419439402
166960663 -294756023
#r 0 0.5029993993
167098431 -294680223
#r 0 4.1159374142
167054269 -294745269
#r 0 0.4556425045
167089569 -294727971
#r 0 4.0827036705
-222667336 -46611794
#r 0 0.7289897744
-185374950 -13305969
#r 0 1.9251154710
-202722544 33588178
#r 0 3.2523025409
-252416440 28063985
#r 0 3.1676984611
-302399403 26758843
#r 0 0.1327073274
-277619222 30066797
#r 0 3.4987914831
-289330220 25696157
#r 0 0.5466901599
-283991159 28945298
#r 1 -284376965 28317832
219528894 970092025
#r 0 4.2501218924
197229974 925339839
#r 0 4.2768508888
176135058 880007681
#r 0 1.2654774212
183649992 903851459
#r 0 4.4778555950
180745128 891693674
#r 0 4.3694006234
178632734 885778306
#r 0 1.3053628210
179456603 888808930
#r 0 4.5779891337
179246189 887252786
#r 1 179189740 887519666
-384209398 -106897359
#r 0 4.2543620737
-406318360 -151743694
#r 0 0.7603662403
-388203769 -134514023
#r 0 4.7175301241
-388139505 -147013857
#r 0 5.0196689722
-385298720 -155965978
#r 0 3.4157658567
-395618089 -158868365
#r 0 5.6370898329
-391338544 -162095406
#r 0 3.8100557169
-393441694 -163756380
#r 0 5.8139314656
-392246568 -164362342
#r 0 4.0062594614
-392681316 -164872119
#r 0 0.4735477417
-392383189 -164719348
#r 0 3.7537257016
-392520271 -164815593
#r 0 3.9951725629
-392576363 -164879907
#r 0 5.1261962583
-392555205 -164928086
#r 0 4.6201087511
-392561562 -164996778
#r 0 4.6393904561
-392567866 -165082978
#r 0 0.8791656328
-392540304 -165049694
#r 0 5.4863992806
-392525201 -165065145
#r 0 5.0056682588
-392518517 -165087278
#r 0 5.5747221631
-392499710 -165103393
#r 0 5.6621286016
-392470780 -165124093
#r 0 3.8730116680
615373946 -411111791
#r 0 3.7145534936
573358970 -438217912
#r 0 3.8125107638
534196410 -469303180
#r 0 0.4909716361
556243288 -457516106
#r 0 0.4875331550
567637985 -451474368
#r 0 3.2724841254
561244471 -452316037
#r 0 3.1778697208
557639472 -452446873
#r 0 5.4982767459
558915495 -453721647
#r 0 5.5681905191
559942528 -454613369
#r 0 5.4504902130
560830939 -455590059
#r 0 5.4655135881
561959421 -456793838
#r 0 3.2516315453
561139403 -456884438
#r 0 0.5701809744
561486649 -456661775
#r 0 0.5086036715
561701018 -456542258
#r 0 3.1155925793
561578342 -456539068
#r 0 5.5545638028
561624121 -456579923
#r 0 5.4779640567
561653788 -456610790
#r 0 5.4118540948
561680580 -456642633
#r 0 1.1042678708
561689939 -456624050
#r 0 3.2343068046
561679581 -456625013
#r 0 2.4371805480
561672857 -456619299
#r 0 2.9726954350
326662212 790338362
#r 0 4.4998718750
316116160 741463207
#r 0 5.4769221226
350726167 705377927
#r 0 4.3406640326
332565012 658792817
#r 0 4.3983709861
317120880 611237809
#r 0 5.9394798459
364196504 594388902
#r 0 5.9718008485
411792020 579070061
#r 0 4.1100801651
397628357 558469317
#r 0 6.0222358704
409705175 555244342
#r 0 6.1050480816
421474405 553125342
#r 0 5.9721342736
434656228 548887560
#r 0 6.0462292049
453059679 544443257
#r 0 6.0452947520
479236377 538095877
#r 0 4.5010230511
470958334 499516346
#r 0 0.3568776434
489444089 506408617
#r 0 0.4781569708
504222632 514067900
#r 0 0.4596910146
519755802 521757813
#r 0 0.3263843793
540447230 528761655
#r 0 3.6065269009
530684297 523864476
#r 0 0.4083930008
535696335 526033295
#r 0 3.3450584901
533022080 525481540
#r 0 0.1580701088
340630368 -61653550
#r 0 4.8518240787
347579554 -111168283
#r 0 2.1303399378
334309568 -89980848
#r 0 4.5142030430
331848429 -102236164
#r 0 5.7164218356
339479215 -107092486
#r 0 4.7493860678
339646920 -111623355
#r 0 4.3908573791
338391424 -115392595
#r 0 4.1398649723
335652122 -119642637
#r 0 0.3415589513
338034251 -118795810
#r 0 2.8576506731
336820781 -118441686
#r 0 3.4281831139
336017094 -118678535
#r 0 3.7705437677
335600289 -118981764
#r 0 3.9069093208
335361259 -119211382
#r 0 3.7381277067
335146092 -119357494
#r 0 4.3735365564
335049555 -119631399
#r 0 2.6761179759
334919795 -119566222
#r 0 4.3274232109
334892530 -119633512
#r 0 4.4049173114
334868766 -119708349
#r 0 4.4931396785
334847399 -119804239
#r 0 4.4572089422
334813831 -119932918
#r 0 4.4545499360
334765035 -120117955
#r 0 3.3767264636
-936931568 -253662529
#r 0 5.3251066035
-908176926 -294566937
#r 0 2.1921664388
-922730669 -274239897
#r 0 5.4389701755
-914426693 -283583021
#r 0 2.3758648074
-918932180 -279251385
#r 0 2.2393385265
-920881078 -276784063
#r 0 5.4382268633
-919837583 -277959898
#r 1 -919952638 -277707998
-55698254 -527054964
#r 0 4.4734103798
-67533773 -575633977
#r 0 4.2586848255
-89448670 -620575464
#r 0 4.2726969948
-110731708 -665819605
#r 0 4.2264617705
-134083130 -710031720
#r 0 4.2495900358
-156405848 -754772040
#r 0 1.1607608788
-146439802 -731844374
#r 0 1.1559820567
-141388050 -720372688
#r 0 4.2536594635
-144163300 -725992112
#r 0 1.0963004724
-142731550 -723204627
#r 1 -142776816 -723214923
-176767589 -188188183
#r 0 4.2444825501
-199318526 -232813907
#r 0 4.3994229306
-214712624 -280385135
#r 0 3.9544947279
-249082304 -316699390
#r 0 0.7239095989
-230351752 -300141418
#r 0 1.0238531174
-223799517 -289380773
#r 1 -223441047 -290184560
133207554 429148051
#r 0 4.4882517442
122094291 380398739
#r 0 4.0927174989
93055903 339695274
#r 0 3.8842075052
56220759 305884445
#r 0 0.5706174077
77259949 319388238
#r 0 3.5630169667
65853609 314274981
#r 0 0.3431680899
71739192 316377932
#r 1 71751923 316713102
420725815 -425022251
#r 0 3.4144014165
372574919 -438494120
#r 0 3.6887507879
329874595 -464507238
#r 0 3.6803512741
286957282 -490160781
#r 0 2.7731345745
240313091 -472151910
#r 0 5.8508106955
263012422 -482627611
#r 0 2.6025542792
252284889 -476211225
#r 0 4.5813188868
251468045 -482407615
#r 0 1.3441730256
252170196 -479362520
#r 0 1.6010782006
252122458 -477786553
#r 1 252146703 -477817358
-984543034 144270826
#r 0 0.7358948091
-947481514 177833360
#r 0 5.2176795302
-935379972 155957514
#r 0 0.9400844509
-928008475 166052612
#r 0 0.7886229648
-919987842 174125142
#r 0 5.3740002791
-916492079 169635855
#r 0 1.0628375403
-915108330 172121564
#r 0 0.9956843378
-913673761 174334707
#r 0 0.1350300406
-910543736 174759942
#r 0 5.1188316109
-908672687 170412793
#r 0 1.0474166350
-907489959 172462375
#r 0 6.0046040115
-905652843 171936925
#r 0 1.0185390670
-904171568 174340753
#r 0 1.0110050494
-902476071 177046367
#r 0 1.0185815303
-900276689 180615884
#r 0 1.0350168575
-897259654 185697573
#r 0 5.2419329972
-895767010 183147372
#r 0 1.0341504174
-895011651 184417140
#r 0 5.5348714751
-894470284 183914506
#r 0 5.0500803299
-894220700 183203728
#r 0 5.2425345438
-893829488 182536259
#r 0 1.0098398478
366737756 485628537
#r 0 3.6197457142
322345442 462621529
#r 0 0.3477998344
345848563 471142284
#r 0 3.5921448126
334595979 465699001
#r 0 3.3848244200
328466295 464177952
#r 0 3.4046918122
325417141 463356684
#r 0 3.4575592252
323916095 462865964
#r 0 3.4182455679
323151537 462648880
#r 0 3.4853445511
322771851 462512966
#r 0 3.4576894381
322562745 462444575
#r 0 3.4739983704
322430297 462398852
#r 0 5.4033593001
322474945 462344863
#r 0 3.4252558972
322441316 462335059
#r 0 6.0399056455
322458314 462330840
#r 0 3.4505479725
322449973 462328178
#r 0 3.5114625909
322444818 462326179
#r 0 3.4281785558
322440241 462324830
#r 0 3.4637278181
322435363 462323202
#r 0 3.4247783820
322428994 462321349
#r 0 3.5270871916
322420454 462317884
#r 0 0.2864434781
322424874 462319186
#r 0 3.4736003937
-649282821 -270779598
#r 0 6.1696509485
-599604726 -276444128
#r 0 6.0459647754
-551004981 -288194223
#r 0 3.9238112554
-568738768 -305815595
#r 0 5.2932496652
-557048498 -323625288
#r 0 4.2050915452
-572482445 -351393378
#r 0 3.5735201175
-608675259 -368076671
#r 0 3.4347570709
-652751111 -381381507
#r 0 0.4035237308
-631579918 -372342402
#r 0 3.6047829248
-641877171 -377485143
#r 0 3.4619188797
-647358859 -379303701
#r 1 -646817903 -379136952
411724544 245564399
#r 0 1.1792712190
430804472 291780807
#r 0 2.4533539487
392186175 323539697
#r 0 1.0022252677
419107599 365673258
#r 0 3.9608040290
402037659 347408068
#r 0 3.2897968933
389268430 345501636
#r 0 2.5491567853
380078763 351687103
#r 0 0.5321954718
384851456 354497599
#r 0 0.8618181164
388113854 358301020
#r 0 6.2380223013
394532978 358010916
#r 0 0.9622603738
398412291 363578708
#r 0 0.9110359373
404620665 371582067
#r 0 2.7066393488
400027699 373716096
#r 0 3.4522631685
395140761 372147062
#r 0 2.7227912641
390951247 374011964
#r 0 3.4166056830
384778980 372270381
#r 0 0.5363157906
387535392 373908882
#r 0 6.1155470278
389220144 373623777
#r 0 2.6585877392
388463527 374020574
#r 0 6.2753555679
388890689 374017229
#r 0 5.3843838025
389050426 373816430
#r 0 2.6529543163
795592083 -315379132
#r 0 3.8131447692
756449239 -346489223
#r 0 3.1921590801
706513149 -349016467
#r 0 5.0969353425
715891616 -372190685
#r 0 4.5777980232
712670138 -395981303
#r 0 1.3781019193
714968928 -384199605
#r 0 1.4455305510
715721327 -378224635
#r 0 1.5643892780
715740664 -375206521
#r 0 1.7635070581
715451506 -373724664
#r 1 715564094 -374207505
-521849662 466816098
#r 0 3.6972552735
-564327217 440440781
#r 0 4.5165162115
-574058351 391396872
#r 0 3.5413060596
-620116979 371939154
#r 0 3.5218217155
-666545961 353382495
#r 0 3.4607354932
-714021196 337694855
#r 0 0.0942707720
-689132202 340048135
#r 0 3.5360910652
-700672069 335243821
#r 0 3.4615394091
-707113826 333109472
#r 0 3.5143348337
-710974574 331599837
#r 0 4.9442804828
-710191577 328284011
#r 0 3.4665236039
-715005856 326662221
#r 0 3.4161546936
-720336659 325160663
#r 0 5.9926320927
-717683604 324367359
#r 0 4.6504327811
-717792781 322607455
#r 0 4.7308449113
-717747380 320147789
#r 0 3.3955669993
-721167917 319259887
#r 0 3.4275943211
-725788042 317901276
#r 0 3.3596707402
-732569913 316398398
#r 0 5.1974102595
-730950614 313325782
#r 0 3.4670124887
-732596069 312770580
#r 0 5.8540744807
-558514126 -706353026
#r 0 1.7877851045
-569278626 -657525518
#r 0 0.2775197431
-521191730 -643826961
#r 0 0.4734444959
-476691578 -621029231
#r 0 5.1452668842
-455717329 -666417345
#r 0 5.4015784812
-423921735 -705005429
#r 0 2.2893952888
-440380003 -686187209
#r 0 2.1604683800
-447337118 -675789189
#r 0 5.2918596369
-443911778 -681023414
#r 0 2.2571845452
-445893951 -678604012
#r 1 -445246593 -679336971
-218018041 -776753981
#r 0 5.8942517021
-171752343 -795714075
#r 0 5.8583719477
-126196559 -816321612
#r 0 2.6437847976
-148162345 -804384097
#r 0 5.8374757918
-136883532 -809772824
#r 0 2.5743416857
-142154665 -806414602
#r 0 5.6137153488
-139704195 -808353884
#r 1 -139391523 -808134441
517252615 315449462
#r 0 5.3106930063
545414711 274134860
#r 0 0.9090769573
560776566 293858281
#r 0 1.6954012275
557757421 317962494
#r 0 0.8926821464
570486699 333764523
#r 0 1.7586139720
565230977 361417816
#r 0 4.9529018823
568583451 347748774
#r 0 1.7533603842
567305858 354668904
#r 0 3.9203772872
564801476 352197431
#r 0 4.9984957555
565625415 349396611
#r 0 4.3541612040
565031815 347811060
#r 0 5.1830155809
565837174 346228058
#r 0 0.0357305030
567405775 346284129
#r 0 1.8663311282
567177201 347034906
#r 0 1.8005898608
566999059 347796439
#r 0 0.3508063282
567915555 348131824
#r 0 5.1861831068
568558549 346877808
#r 0 1.6777696591
568483316 347578407
#r 0 0.0373822092
568879467 347593223
#r 0 0.8870719965
569228214 348021217
#r 0 1.7201573962
569130202 348672539
#r 0 0.8808237498
-836634468 79323631
#r 0 1.5500876687
-835599109 129312910
#r 0 1.5447839606
-834298637 179295995
#r 0 1.5229295466
-831906212 229238725
#r 0 1.5812223469
-832427504 279236007
#r 0 1.5863660928
-833205961 329229947
#r 0 4.6288257074
-835292612 304317181
#r 0 5.1705470138
-829709877 292996775
#r 0 2.5366328607
-834900891 296586065
#r 0 5.6656492133
-832328159 294758922
#r 0 5.5698265383
-831134913 293726304
#r 1 -831461607 294048914
-478957491 -425697431
#r 0 3.6394072553
-522888901 -449572757
#r 0 5.1504401956
-501680126 -494851757
#r 0 6.0381830868
-453173287 -506979681
#r 0 5.4576976186
-419263354 -543723612
#r 0 5.4216638860
-386699168 -581665328
#r 0 2.2164355698
-401741896 -561697446
#r 0 5.4971747856
-392908476 -570541691
#r 0 5.2930940654
-389413989 -575867219
#r 0 5.0928714513
-388225199 -578839400
#r 0 5.1186650274
-387590593 -580314504
#r 1 -387341103 -580765656
744680137 283363242
#r 0 0.3507021723
791636722 300541108
#r 0 0.5002991478
835508677 324525510
#r 0 0.3751802663
882030756 342847523
#r 0 3.3817536581
857748265 336901048
#r 0 0.1837305531
870037876 339184780
#r 0 0.2753984557
876071473 340889747
#r 0 0.5899129647
878677718 342634445
#r 0 3.9595424090
877605539 341490089
#r 1 877541284 341727608
787479252 -388621533
#r 0 2.8893964549
739060915 -376144969
#r 0 3.4434574929
691321728 -391010031
#r 0 4.4081377681
676342785 -438713608
#r 0 3.4966686865
629461782 -456096691
#r 0 4.8433180554
635989548 -505668742
#r 0 4.9771322368
649072622 -553926728
#r 0 2.0919539781
636625511 -532245643
#r 0 5.3542294461
644108894 -542258084
#r 0 4.5007485081
642777032 -548456883
#r 0 1.3238243782
643552031 -545382942
#r 0 1.4000505434
643821697 -543818977
#r 1 643762165 -543671848
734374273 161323653
#r 0 4.3306189265
715746089 114923321
#r 0 4.9269502055
726392026 66069825
#r 0 4.0317664765
694928179 27210768
#r 0 3.9524855423
660485606 -9034359
#r 0 0.2469446239
684727201 -2923299
#r 0 3.3124722153
672409257 -5048913
#r 0 3.4434429866
666407421 -6917673
#r 0 6.1524309725
669523612 -7327466
#r 1 669557011 -6370372
-835925574 -325109799
#r 0 5.3051151151
-807994364 -366580843
#r 0 5.1517170196
-786727793 -411832727
#r 0 0.4376131326
-741439506 -390643790
#r 0 3.6688590073
-763044150 -403223111
#r 0 0.5660860625
-752494068 -396518952
#r 1 -751965068 -395908379
191098699 -491490599
#r 0 5.9601655703
238512758 -507362177
#r 0 5.9937438195
286432930 -521633026
#r 0 2.9074171914
262115280 -515832000
#r 0 2.2208757954
254526592 -505851216
#r 0 5.4765608744
258864398 -510377195
#r 0 5.1132127279
260103219 -513300566
#r 0 5.4399438451
261178484 -514508018
#r 1 261155462 -514483042
76967052 -918743877
#r 0 2.2979804772
43728617 -881391414
#r 0 3.1523554133
-6268487 -881929542
#r 0 3.1271510635
-56263273 -881207488
#r 0 3.2557494021
-105937833 -886902936
#r 0 0.5256621949
-84313037 -874358288
#r 0 3.5483093591
-95793344 -879303238
#r 0 4.7601156817
-95490981 -885633726
#r 0 1.6782950359
-95830973 -882483166
#r 0 1.5296576065
-95765578 -880894436
#r 1 -95786144 -880626759
-458212991 -390070259
#r 0 4.0677424737
-488258787 -430035871
#r 0 3.5517388992
-534111913 -449973043
#r 0 3.6195555346
-578508602 -472971608
#r 0 4.6519572770
-581528348 -522880336
#r 0 4.4787306793
-593105246 -571521630
#r 0 1.0709893775
-581123843 -549579753
#r 0 4.0320095592
-588987442 -559296428
#r 0 0.7550408035
-584435920 -555013189
#r 0 3.8377667126
-586833736 -557017209
#r 1 -586588921 -556636880
-561441965 -303326039
#r 0 4.3463487203
-579338007 -350013636
#r 0 5.8639672189
-533667632 -370365955
#r 0 4.0067556754
-549880533 -389395980
#r 0 0.0140867413
-537381773 -389219902
#r 0 4.0495305105
-541227851 -394146380
#r 0 3.8850668393
-544860951 -397486945
#r 0 0.2253257817
-542455601 -396935595
#r 0 3.9647022457
-543294561 -397840343
#r 0 3.9340924758
-543858237 -398412082
#r 0 3.7053030806
-544434843 -398776572
#r 0 3.9327616798
-544912259 -399259531
#r 0 3.8920243029
-545560760 -399864196
#r 0 0.6291772149
-545202321 -399603304
#r 0 3.9262763537
-545359174 -399759933
#r 0 0.5634960973
-545265477 -399700733
#r 0 5.1672876143
-545241129 -399750514
#r 0 5.6329769410
-545194000 -399786357
#r 0 3.9572092857
-545214292 -399807914
#r 0 0.6497356658
-545202506 -399798959
#r 0 3.7961280414
-545208377 -399803465
#r 0 0.0369610894
-143029320 -288205830
#r 0 4.4363511965
-156656599 -336312974
#r 0 1.1493615529
-146429846 -313500400
#r 0 4.4178083075
-150059079 -325461950
#r 0 6.0737692633
-143945626 -326761255
#r 0 1.7812851037
-144598557 -323705227
#r 0 4.2511907426
-145293903 -325104477
#r 0 6.1066558740
-144524794 -325241675
#r 0 6.0285263905
-143780490 -325435425
#r 0 1.0516669541
-143305737 -324604574
#r 0 3.5200085299
-143750348 -324781341
#r 0 4.3078525705
-143879206 -325082305
#r 0 3.4588058853
-144053388 -325139489
#r 0 1.0373157590
-144006774 -325060562
#r 0 6.1137569438
-143942997 -325071472
#r 0 6.0819877864
-143911298 -325077937
#r 0 1.7806909564
-143914668 -325062117
#r 0 6.1241858292
-143906683 -325063397
#r 0 5.5053428602
-143901249 -325068749
#r 0 4.1254988209
-143905019 -325074418
#r 0 4.2333285217
-143906677 -325077611
#r 0 4.2879271802
-217724255 370576245
#r 0 4.5429563505
-226155412 321292215
#r 0 4.5935615026
-232082814 271644799
#r 0 5.4015872377
-200286882 233056994
#r 0 4.0013352252
-232918509 195173265
#r 0 3.8713925726
-270183900 161837239
#r 0 0.6439548542
-250190709 176846312
#r 0 3.2858310000
-262560904 175049578
#r 0 0.1220305547
-256357383 175810377
#r 0 0.1880770639
-253285978 176394947
#r 1 -252381331 176607451
231282029 -813119927
#r 0 1.3137028551
243995561 -764763272
#r 0 5.9064430387
267242262 -773960601
#r 0 1.9483059566
262634680 -762340783
#r 0 1.4520758542
263747789 -753008994
#r 0 5.7380013970
267765558 -755445764
#r 0 5.7228645013
271405736 -757729599
#r 0 1.8379949472
270838427 -755657195
#r 0 5.8236637268
271801307 -756133679
#r 0 5.7418361085
272505864 -756557304
#r 0 5.7162215993
273183921 -756989018
#r 0 5.7635328367
274019901 -757467283
#r 0 5.6892852891
275108604 -758202396
#r 0 1.4968140253
275157153 -757547371
#r 0 5.7808747643
275444995 -757705485
#r 0 3.2019492001
275281090 -757715390
#r 0 5.7389321477
275351329 -757757901
#r 0 5.7827736277
275398416 -757783650
#r 0 5.7823869029
275438324 -757805493
#r 0 5.7262843519
275480866 -757831982
#r 0 5.7421865576
275537220 -757865839
#r 0 5.7533392575
-173650117 941397434
#r 0 4.4466904108
-186779286 893151969
#r 0 4.8973763232
-177582581 844005040
#r 0 5.4985339843
-142200847 808676116
#r 0 4.6585874614
-144889625 758748464
#r 0 4.2183398859
-168599358 714727463
#r 0 5.9651291768
-144853231 706909444
#r 0 4.9419792717
-138954504 681670063
#r 0 4.9289246363
-130649944 643919425
#r 0 4.9291617203
-118206700 587419117
#r 0 5.3406889234
-67248579 517278539
#r 0 6.0693029385
56684240 490359764
#r 0 6.1683285760
223406136 471125980
#r 0 5.6858150957
416591713 339705099
#r 0 0.8887745655
637412264 611648003
#r 0 6.0653391609
820933395 571023958
#r 0 4.8418470715
884442408 83191760
#r 0 1.6300945257
869865115 328733843
#r 0 1.8227945462
839049021 448421234
#r 0 5.2284596094
869542987 394673734
#r 0 2.0028121500
856606043 422732679
#r 0 2.1916831566
-974261600 -135035256
#r 0 5.4425421452
-940912412 -172288869
#r 0 0.3733564173
-894356994 -154051736
#r 0 5.6641377440
-853635420 -183064722
#r 0 5.6805563161
-812443004 -211405238
#r 0 4.8360548079
-806275461 -261023394
#r 0 4.9606740857
-793988360 -309490157
#r 0 5.2877511558
-766781426 -351439921
#r 0 0.6892116600
-747487737 -335541697
#r 0 5.8963747078
-722806284 -345595230
#r 0 4.7358102275
-721871684 -385491879
#r 0 4.6244978780
-726470002 -437675445
#r 0 5.6206520065
-669355687 -482234441
#r 0 5.4260873213
-599633410 -562747028
#r 0 2.8611125176
-650805297 -548005726
#r 0 1.4306445454
-646032166 -514172135
#r 0 1.8281283901
-651064609 -495049498
#r 0 4.8519434838
-649689326 -504840247
#r 0 1.2945721776
-648341129 -500084208
#r 0 4.3300770867
-649263244 -502377478
#r 1 -649148056 -502967539
-219071864 876570219
#r 0 4.9834588454
-205683745 828395970
#r 0 5.9329751763
-158718713 811241210
#r 0 4.9525841306
-146824104 762676632
#r 0 4.8704239171
-138955207 713299710
#r 0 4.9227789803
-128513141 664402233
#r 0 4.9162980092
-118388195 615438109
#r 0 4.9227065034
-107949673 566539875
#r 0 4.9002503547
-98611757 517419581
#r 0 5.2322372497
-73774334 474024853
#r 0 4.9049282305
-64206742 424948778
#r 0 5.6946360383
-22619395 397191030
#r 0 4.7594554421
-20266941 347246401
#r 0 0.2964716965
3642390 354550092
#r 0 4.3757729018
-486297 342751620
#r 0 4.4827188381
-2795289 332875498
#r 0 4.4649560568
-5565604 321908698
#r 0 4.4023329143
-10034554 307960200
#r 0 4.4521318454
-15257933 288345330
#r 0 4.5901106026
-18863095 259009186
#r 0 1.4890200354
-17655917 273738216
#r 0 4.6264204368
841216372 -245702053
#r 0 4.0153854794
809120225 -284040510
#r 0 2.2659315206
793107994 -264841333
#r 0 1.6966578160
789858303 -239158236
#r 0 3.2073556272
764027619 -240859392
#r 0 1.5833579728
763541870 -202192187
#r 0 3.6090056792
746280688 -210904176
#r 0 4.1885816468
737573132 -225978843
#r 0 1.4828759350
738337442 -217308053
#r 0 2.5123132077
734213055 -214305451
#r 0 3.1506698894
727944413 -214362355
#r 0 2.8251455469
719077900 -211459007
#r 0 1.4190330279
721134605 -198011151
#r 0 1.3912841149
723657398 -184108835
#r 0 1.4344831311
726040156 -166737211
#r 0 3.1836362920
717280766 -167105705
#r 0 1.3190090152
718372868 -162860357
#r 0 1.3601396046
719271139 -158659473
#r 0 1.2393814821
720985727 -153676748
#r 0 1.3720629788
722368155 -146812374
#r 0 3.0033946811
712334552 -145416855
#r 0 1.1831619124
-554460271 622376857
#r 0 4.6593964652
-557108657 572447046
#r 0 6.0966014771
-507976473 563171891
#r 0 4.4977192017
-518627713 514319551
#r 0 6.2498726257
-493641583 513486888
#r 0 0.1085801818
-467938054 516288802
#r 0 5.2279703274
-452739322 489469532
#r 0 4.7938067757
-448994003 443569993
#r 0 5.3182487521
-411023243 388760252
#r 0 5.2903403739
-356515827 305191247
#r 0 0.2721575968
-212443299 345399352
#r 0 5.9382075222
-39706031 283326654
#r 0 4.3773158210
-129399728 25736512
#r 0 5.9856185747
184848400 -70634636
#r 0 3.5661339357
35091169 -138329485
#r 0 1.8685582239
10983050 -59772157
#r 0 3.6885963063
-24108528 -81142580
#r 0 1.1398844240
-15527589 -62477213
#r 0 1.2058498023
-10772211 -50030559
#r 0 1.1597255036
-6009736 -39105068
#r 0 1.1439394220
-471087 -26927457
#r 0 1.1418661679
-710372218 -603481641
#r 0 1.8647018407
-724856841 -555625652
#r 0 1.7326092433
-732912226 -506278810
#r 0 4.8585692035
-729270722 -531012177
#r 0 4.7993284207
-728185082 -543468009
#r 0 1.6139588566
-728454830 -537222304
#r 0 1.7299407562
-728951129 -534130132
#r 1 -728964483 -533485045
57367412 137137296
#r 0 2.1008268472
32089428 180276878
#r 0 2.1980057322
2745049 220760299
#r 0 2.0682877654
-21116079 264699422
#r 0 6.1409283725
3631383 261154982
#r 0 2.9719957282
-8689277 263264795
#r 0 3.1444812613
-14943920 263246728
#r 0 2.9355071983
-18047236 263895487
#r 1 -18619979 264126419
350298717 99524416
#r 0 0.8706508507
382515164 137761839
#r 0 4.4405892626
375803526 113679608
#r 0 4.5560142330
373532116 99272774
#r 0 1.8539184629
371494950 106274845
#r 0 4.5826578252
371023250 102659287
#r 0 4.0331250613
369699400 101019732
#r 0 6.0291858796
370719244 100754974
#r 0 0.5451491383
371543694 101254962
#r 0 0.5635767312
372176717 101654997
#r 0 5.9616988690
372902242 101413368
#r 0 4.2035468475
372715973 101079457
#r 0 1.8308130801
372666823 101264206
#r 0 1.2024233860
372717002 101394205
#r 0 4.2850246131
372688124 101330798
#r 0 4.7247436991
372688556 101295844
#r 0 4.1567372443
372678433 101279540
#r 0 0.8334586563
372684884 101286643
#r 0 1.8598262234
372683472 101291391
#r 0 4.5514122066
372683075 101288947
#r 0 3.4743445933
372681691 101288469
#r 0 1.3273100850
124361302 -505132095
#r 0 3.6598379593
80926816 -529899926
#r 0 1.2975806679
87672546 -505827221
#r 0 1.3470593179
91743436 -487936865
#r 0 0.9462509415
102523716 -472980735
#r 0 0.8604379763
115196183 -458247911
#r 0 1.3423565410
120605317 -434982642
#r 0 1.7057000926
115881186 -400176812
#r 0 1.8276665466
102505547 -349255567
#r 0 4.9468952550
108622341 -374859376
#r 0 5.0466569092
112942713 -387299241
#r 0 1.9699236679
110383931 -381232398
#r 0 5.1690319976
111835579 -384187258
#r 0 1.9351203757
111249047 -382649208
#r 1 111051689 -382479780
-544744435 413022941
#r 0 4.6639968633
-547163097 363081475
#r 0 4.7273534151
-546414903 313087073
#r 0 5.0522656806
-529746361 265947284
#r 0 4.7922286873
-525758615 216106559
#r 0 5.7782694991
-481997855 191919871
#r 0 0.2211163631
-433215194 202885818
#r 0 4.9649800595
-420719511 154472412
#r 0 5.9116747311
-374130509 136321243
#r 0 5.3131318136
-345867739 95075445
#r 0 5.9906468135
-297991994 80656255
#r 0 4.4609180675
-310433438 32228882
#r 0 6.1175847758
-285775451 28107765
#r 0 6.1370338442
-259088103 24179360
#r 0 4.7668548300
-257221405 -10059558
#r 0 6.0381210377
-208978939 -22124563
#r 0 6.2638473892
-141007791 -23439147
#r 0 0.0258816592
-46858798 -21001871
#r 0 0.0439757983
88474492 -15046642
#r 0 3.1977474603
20849129 -18848128
#r 0 2.9927512075
-12647463 -13825300
#r 0 6.2363308088
-119196968 -904270036
#r 0 3.2042165233
-169098956 -907399183
#r 0 3.2259921615
-218920980 -911614150
#r 0 2.4824285034
