701687785 -541700890
#r 0 2.8667971540
653563750 -528133384
#r 0 3.3662802562
604820562 -539273475
#r 0 0.3841158980
627998815 -529904985
#r 0 3.4504233223
616090195 -533704295
#r 0 0.1902103640
622227472 -532522636
#r 0 0.6509775988
624748079 -530602568
#r 0 3.6862142975
623392984 -531423389
#r 1 623092251 -531811218
-499127383 633119407
#r 0 4.1992462315
-523673265 589559108
#r 0 4.5837863518
-530085687 539972004
#r 0 0.0099480146
-480088161 540469397
#r 0 4.4870241711
-491261259 491733764
#r 0 4.0164945927
-523314865 453359732
#r 0 4.5702674603
-530397043 403863846
#r 0 5.8460556790
-485098516 382696809
#r 0 0.6832537729
-446322383 414262796
#r 0 4.2483439005
-457511610 391906562
#r 0 5.8491102611
-444318417 385790693
#r 0 5.2670408804
-433549190 368407630
#r 0 5.9821690705
-408005273 360477519
#r 0 6.0902011865
-368634309 352783798
#r 0 3.2055329527
-388651150 351502168
#r 0 0.1803139166
-378784830 353300737
#r 0 3.6115681658
-383255616 351029868
#r 0 0.5088862021
-381066085 352251402
#r 1 -380521334 352528516
-483608482 -622730427
#r 0 5.6677830813
-442781416 -651594777
#r 0 5.6805356112
-401589587 -679936146
#r 0 3.0285021668
-426429888 -677114907
#r 0 0.3718658300
-414784251 -672572978
#r 0 5.8006164106
-408091941 -676078948
#r 0 5.7727154550
-404793691 -677925888
#r 0 1.2954178416
-404279437 -676105889
#r 0 3.0055476878
-406598014 -675788498
#r 0 0.7869689194
-405771929 -674959814
#r 0 5.7318517408
-404970463 -675452669
#r 0 5.9275184221
-404524769 -675618228
#r 0 0.8299110817
-404340546 -675416828
#r 0 0.4643752632
-404031292 -675261920
#r 0 5.7652050693
-403649145 -675479699
#r 0 0.5637715816
-403273657 -675242310
#r 0 1.1066185028
-402976917 -674649617
#r 0 5.5462542107
-402253494 -675306107
#r 0 5.8180342076
-401280154 -675794608
#r 0 0.8848634776
-400325187 -674627910
#r 0 5.8198557975
-398437004 -675571251
#r 0 5.8915138062
-400050622 -282770132
#r 0 0.0214801823
-350062157 -281696205
#r 0 0.0450868857
-300112969 -279442624
#r 0 1.0798410667
-276539542 -235348480
#r 0 0.9909500445
-249144774 -193521136
#r 0 4.4975343594
-254474909 -217946321
#r 0 1.1253078101
-249088674 -206666318
#r 0 1.1828474753
-246602303 -200582102
#r 0 0.1279332253
-242880590 -200103356
#r 0 1.2182190636
-241311715 -195839551
#r 0 5.9099875039
-237508387 -197328731
#r 0 1.2786637205
-235745353 -191466349
#r 0 1.3871033338
-234507267 -184802357
#r 0 1.2441825040
-231774144 -176733996
#r 0 1.5231414611
-231198769 -164669351
#r 0 1.4300208554
-228815047 -147848560
#r 0 4.2842264755
-232341932 -155576196
#r 0 1.0516883656
-230234865 -151888502
#r 0 1.4476804299
-229971929 -149763621
#r 1 -229861082 -149797332
301295572 728310821
#r 0 5.4844344225
336175683 692486558
#r 0 2.9368459349
311697871 697569537
#r 0 2.7233954315
296869468 704159457
#r 0 5.3282771082
301556442 697536814
#r 0 4.6220988521
301099226 692486729
#r 0 3.8136032017
296499892 688827812
#r 0 1.7389698337
296008023 691724957
#r 0 1.7701393757
295498318 694247923
#r 0 2.2247167097
293712560 696577956
#r 0 2.7190403761
289861910 698309352
#r 0 2.8801185475
283748887 699945201
#r 0 5.3883246810
285728409 697476850
#r 0 2.9804501249
284166876 697730680
#r 0 5.0951172393
284462282 696996896
#r 0 1.6690116204
284423500 697390497
#r 0 1.6162856051
284413811 697603338
#r 0 4.7770353011
284420693 697497031
#r 0 2.6466262325
284373821 697522332
#r 0 1.7911543531
284363948 697566409
#r 0 5.4697478870
284379463 697549998
#r 0 4.0401354046
538670319 187274473
#r 0 4.8273793172
544407173 137604678
#r 0 4.8622295711
551871199 88164934
#r 0 4.9175892410
562059360 39213924
#r 0 1.7943000907
556518170 63592095
#r 0 1.6523976674
555498944 76054673
#r 0 4.7066406089
555463005 69802683
#r 0 1.6488982874
555219103 72919200
#r 0 5.0684466912
555763945 71454212
#r 1 555503899 71948856
-356518068 -65592954
#r 0 5.9354118243
-309511375 -82633225
#r 0 5.8572598509
-263978537 -103291412
#r 0 2.5335699554
-284498016 -89010271
#r 0 5.7380485579
-273809811 -95491959
#r 0 0.4813155029
-268248037 -92587133
#r 0 1.4227678325
-267398184 -86887984
#r 0 5.4724186667
-265413283 -88976237
#r 0 2.3852756238
-266461086 -87987670
#r 0 0.3918955283
-265793452 -87711755
#r 0 4.6565084421
-265843825 -88612256
#r 0 1.1940246676
-265677910 -88192933
#r 0 1.4242856160
-265641789 -87948157
#r 0 5.7012339390
-265524472 -88025347
#r 0 1.2765633715
-265464565 -87827652
#r 0 5.7481972990
-265314572 -87916544
#r 0 5.8589016107
-265077247 -88023749
#r 0 5.7103053931
-264749005 -88235478
#r 0 0.8283392564
-264354028 -87805035
#r 0 1.5290710188
-264323944 -87084442
#r 0 5.5700034022
-264051220 -87320369
#r 0 5.3272559891
-276446552 932869643
#r 0 5.2816994107
-249493983 890755999
#r 0 5.0656696949
-232195094 843843864
#r 0 5.9975948544
-184220320 829757662
#r 0 4.8192233872
-178888755 780042730
#r 0 4.7218956232
-178413430 730044989
#r 0 1.8414136282
-185096588 754135140
#r 0 4.9406524071
-182268009 741959381
#r 1 -181433210 741511068
-550539604 -271667289
#r 0 2.8572793120
-598532328 -257642368
#r 0 2.5612471740
-640345991 -230226724
#r 0 2.1694465267
-668522387 -188921873
#r 0 3.1921481270
-718458504 -191448570
#r 0 0.6609808535
-698723743 -176101285
#r 0 3.8179602804
-708471887 -183925840
#r 0 3.8921350285
-713043713 -188189571
#r 1 -712475900 -187671866
-618319202 -169265767
#r 0 1.8773319043
-633407078 -121596532
#r 0 6.2410840270
-583451384 -123700974
#r 0 0.9485810253
-554309548 -83071509
#r 0 1.8909954261
-570047325 -35612871
#r 0 5.8477326911
-547380346 -46158391
#r 0 4.1233743716
-557812827 -61772851
#r 0 1.5599364033
-557710860 -52383943
#r 0 1.8195713371
-559195718 -46538907
#r 0 1.8083627417
-560586742 -40794171
#r 0 1.4313179765
-559595882 -33736259
#r 0 0.9193032037
-554313732 -26809423
#r 0 2.5716536052
-562966158 -21264234
#r 0 2.5919330227
-575488380 -13592658
#r 0 1.8971236161
-582383515 6781448
#r 0 2.6826996465
-610833227 20837620
#r 0 2.6407971616
-651305221 42989393
#r 0 2.9976473214
-719058312 52810057
#r 0 0.3347580188
-686727890 64056189
#r 0 3.3276214822
-703547874 60890585
#r 0 3.6417618584
-711221229 56696926
#r 0 0.6101860153
755102565 -188650360
#r 0 1.0196559850
781285518 -146053964
#r 0 2.9797534156
731938889 -137997280
#r 0 2.5872780913
689425818 -111679249
#r 0 3.7859946543
649452861 -141715272
#r 0 3.1006277625
599494808 -139667600
#r 0 1.3468284448
610599815 -90916407
#r 0 3.5851038541
588018553 -101644247
#r 0 0.7517353276
597149864 -93107905
#r 0 0.8235014365
601780815 -88109881
#r 0 0.7872061622
605046960 -84831905
#r 0 0.7099841202
608170481 -82147235
#r 0 0.7783418243
611410244 -78952874
#r 0 0.9123553736
615078782 -74210770
#r 0 4.1416996246
613459368 -76733452
#r 1 613395915 -76682547
380790345 -501424583
#r 0 1.8410705262
367440560 -453239697
#r 0 5.4072931863
383448356 -472442572
#r 0 4.8264771952
385104948 -486899792
#r 0 3.8934126585
379571054 -492073993
#r 0 1.3055502225
380564071 -488418450
#r 0 3.8792555500
379162425 -489692284
#r 0 4.4034484453
378795056 -490843335
#r 0 2.3791893259
378268986 -490340919
#r 0 4.3519147162
377886693 -491355110
#r 0 4.8393914962
378002674 -492263412
#r 0 1.1920967586
378171942 -491838014
#r 0 1.3988551771
378219922 -491561720
#r 0 4.8371495399
378237370 -491700844
#r 0 3.8023487426
378177376 -491747478
#r 0 4.3665568492
378162004 -491790142
#r 0 4.3749287371
378153910 -491813209
#r 0 4.9355269839
378157303 -491828162
#r 0 5.4396160124
378163168 -491834752
#r 0 2.5770461373
378159442 -491832393
#r 0 4.2857426843
378158461 -491834551
#r 0 4.9602474551
-579009961 358478730
#r 0 3.6498877277
-622688738 334144301
#r 0 3.8656687171
-660144328 301022121
#r 0 5.7504231198
-617073958 275626389
#r 0 5.5887340452
-578653709 243628195
#r 0 5.2142889462
-554599107 199794691
#r 0 5.0617846621
-537482604 152815703
#r 0 0.2269356876
-488764583 164065345
#r 0 2.7123799503
-511496925 174469221
#r 0 2.7430022099
-527083635 181033294
#r 0 2.5983168120
-539955075 188806245
#r 0 1.0450487233
-530902687 204407922
#r 0 3.5110102993
-539313098 201151467
#r 0 6.0982687638
-534880555 200322345
#r 0 6.2525897368
-532030777 200235127
#r 1 -531635210 199825246
299350043 -849072587
#r 0 1.5682733291
299476193 -799072746
#r 0 1.4684982340
304582181 -749334140
#r 0 1.8539724563
290611847 -701325497
#r 0 1.2858843299
304665497 -653341177
#r 0 4.5233585893
299967831 -677895849
#r 0 3.7861900076
289884690 -685475490
#r 0 0.4927728872
295441445 -682491761
#r 1 295180597 -682183869
547958642 -796389549
#r 0 3.9356123033
512909429 -832048386
#r 0 3.9137297786
477088364 -866931782
#r 0 0.7072762397
496091726 -850687638
#r 0 3.3943857589
483989007 -853814004
#r 0 0.2082733450
490103940 -852521686
#r 1 489839943 -852633865
120566706 -818818612
#r 0 3.2155721745
70703468 -822514215
#r 0 3.0337848964
20993749 -817134263
#r 0 6.2270027507
45954303 -818538088
#r 0 5.3690163620
53605221 -828465128
#r 0 2.2427123472
49704327 -823560672
#r 0 2.2553606174
47722557 -821132742
#r 1 47947311 -821013995
137093106 -178832048
#r 0 1.0316877912
162761665 -135923714
#r 0 3.3915684616
138538705 -142108227
#r 0 4.7549935931
139321376 -160467683
#r 0 5.3107386716
144531447 -168110257
#r 0 0.5002020456
150256758 -164981003
#r 0 0.7695875213
157118584 -158332797
#r 0 4.4610549277
155930533 -162959821
#r 0 4.5889721023
155559804 -165948430
#r 0 4.5700009245
155177323 -168616437
#r 0 4.4212550346
154299290 -171546649
#r 0 4.5271250897
153589142 -175335861
#r 0 4.6080783119
153022832 -180745228
#r 0 4.6248877340
152323494 -188717142
#r 0 4.5245953120
150099440 -200420666
#r 0 0.1475171281
167626990 -197816132
#r 0 3.1795514046
158773370 -198152366
#r 0 4.2953682406
156957661 -202250995
#r 0 4.3395283066
155664780 -205556261
#r 0 3.7758889899
152614876 -207800123
#r 0 3.2109930234
148726062 -208070442
#r 0 3.0795904677
-671832205 450572368
#r 0 4.3342828610
-690290256 404104096
#r 0 4.8328364104
-684282436 354466347
#r 0 4.7907013455
-680370819 304619589
#r 0 4.4925474709
-691274566 255822988
#r 0 1.3656851438
-686182666 280298946
#r 0 4.4235817641
-689742779 268316644
#r 0 0.4996162907
-684256740 271310948
#r 0 3.6942918937
-686916460 269670366
#r 0 3.5127208139
-688376679 269102105
#r 1 -688460096 269045878
-468532303 -84888903
#r 0 0.9957125515
-441337048 -42931566
#r 0 5.5633615866
-403740950 -75894173
#r 0 2.7171618880
-426522782 -65599120
#r 0 0.1947837661
-414259164 -63179690
#r 0 0.2703215793
-406308166 -60976434
#r 0 0.7156069205
-400596246 -56010918
#r 0 3.9250747808
-403277241 -58681659
#r 0 2.4106999577
-404692553 -57412795
#r 0 0.7441971885
-403253376 -56087578
#r 0 0.6796877162
-401011544 -54275853
#r 0 6.2325798865
-396746415 -54491876
#r 0 0.7084057938
-392359662 -50733480
#r 0 0.7131433520
-385815524 -45072741
#r 0 0.8432909800
-377190412 -35386338
#r 0 2.2495680246
-389359355 -20300220
#r 0 5.8682483183
-380490573 -24207038
#r 0 1.0927951614
-377809608 -19032159
#r 0 0.6461618308
-371276336 -14104990
#r 0 0.7029712953
-362850663 -6965239
#r 0 4.9976810681
-358371054 -22238743
#r 0 2.2568670213
242220329 -192797614
#r 0 0.1977306733
291246074 -182975378
#r 0 3.7752069710
271098753 -197776912
#r 0 3.6850984648
258557856 -205354187
#r 0 6.2366361544
265876058 -205695089
#r 0 0.4090483859
270227514 -203808731
#r 0 5.9147530748
273070232 -204906193
#r 0 5.8486636839
276424967 -206463143
#r 0 3.6336233803
274795117 -207336742
#r 0 4.4528751114
274412715 -208777043
#r 0 3.7922860048
272782781 -210017910
#r 0 3.8025170103
270761935 -211589294
#r 0 3.5187247728
267475123 -212891171
#r 0 3.6666861365
263256839 -215335012
#r 0 1.2167168525
264101998 -213048689
#r 0 5.0275621686
264479792 -214207422
#r 0 3.7858425037
263814785 -214706956
#r 0 5.9922056737
264213166 -214826263
#r 0 3.7274730685
264039913 -214941235
#r 0 3.5498259563
263890806 -215005729
#r 0 0.2644298673
263969211 -214984499
#r 0 6.0507119628
474168597 127670696
#r 0 0.7210022063
511725823 160677586
#r 0 0.9206526621
541990861 200477428
#r 0 0.5700492948
584084580 227461105
#r 0 3.7112515792
563032455 213977483
#r 0 2.8791902953
550960334 217220001
#r 0 6.0243894036
557002202 215620521
#r 0 6.0102712592
560011584 214778201
#r 0 6.1149312831
561552112 214516527
#r 1 561842830 214380481
595496296 -707793242
#r 0 2.9421151601
546487783 -697885381
#r 0 2.1190451594
520428107 -655213455
#r 0 5.1916135073
531955386 -677397273
#r 0 2.0671455254
526002656 -666405686
#r 0 2.1308846301
522681301 -661109083
#r 0 5.2446693044
524267701 -663802534
#r 0 5.2188792549
525026495 -665170323
#r 1 525382675 -665540846
677928845 -196320030
#r 0 5.6952591822
719533481 -224051858
#r 0 1.5026494375
721235835 -199109886
#r 0 5.6563322587
731359303 -206442373
#r 0 5.6038553762
739610661 -213105788
#r 0 5.5276515941
747933249 -220945553
#r 0 1.2712217462
752148822 -207297186
#r 0 1.0857009620
760697633 -191078749
#r 0 5.1797631771
764827670 -199262438
#r 0 4.8005132958
765488202 -206738485
#r 0 2.2149125411
763234805 -203737803
#r 0 5.2932032509
764264336 -205306413
#r 0 5.2976996371
764784694 -206091521
#r 0 1.1265300097
764987105 -205666291
#r 0 5.2592835303
765109560 -205867419
#r 0 5.3353514191
765224692 -206027682
#r 0 3.3883029934
765009121 -206081972
#r 0 2.8754610683
764900760 -206052433
#r 0 2.1629095770
764866584 -206001622
#r 0 2.9934619563
764806448 -205992648
#r 0 4.8087953719
764811320 -206043031
#r 0 5.4002833031
134234208 -184258840
#r 0 4.7181951749
134524516 -234257997
#r 0 3.7050385098
92253531 -260963125
#r 0 5.5504533423
129421019 -294408272
#r 0 5.2918703099
156800520 -336245611
#r 0 2.1578014012
142953772 -315430531
#r 0 2.2696938310
134911141 -305860590
#r 1 135772789 -305757901
-222667336 -46611794
#r 0 1.7847369875
-233282954 2248299
#r 0 1.8607955262
-247580527 50160504
#r 0 1.8257656936
-260191315 98544055
#r 0 4.9378677035
-254601990 74176876
#r 0 5.2097703764
-248632733 63181890
#r 0 2.0609815844
-251577724 68700718
#r 0 4.8710896076
-251083434 65612307
#r 1 -251305846 66523734
219528894 970092025
#r 0 3.9674044568
185630872 933337105
#r 0 3.8973321328
149242643 899045754
#r 0 0.8291849449
166129567 917480280
#r 0 4.0274293628
158221546 907799723
#r 0 1.0607055450
161273148 913254098
#r 0 4.2201975245
159796404 910500038
#r 1 159387955 909752999
-384209398 -106897359
#r 0 3.1586233193
-434202147 -107748851
#r 0 2.5707878887
-476275468 -80733381
#r 0 2.7055040789
-521596006 -59613514
#r 0 3.2701985537
-571183089 -66026098
#r 0 0.4249229886
-548406327 -55719832
#r 0 6.0749556425
-535153144 -58520128
#r 0 5.2168008938
-531866474 -64473754
#r 0 5.2644008963
-528887242 -69311137
#r 0 2.4732245325
-531116643 -67550799
#r 0 6.0194420327
-529745456 -67921066
#r 0 5.1624405232
-529390126 -68656557
#r 0 5.9929040062
-528994669 -68774688
#r 0 6.0606733182
-528727864 -68835055
#r 0 5.1358712812
-528624708 -69063905
#r 0 2.4946992558
-528724862 -68988258
#r 0 1.7506205774
-528738565 -68912877
#r 0 3.3296101397
-528777150 -68920218
#r 0 4.0966439717
-528805565 -68960380
#r 0 2.5824773953
-528868066 -68921272
#r 0 2.5461176349
-528936197 -68875113
#r 0 1.8488906396
615373946 -411111791
#r 0 5.8136696602
659963323 -433734511
#r 0 1.4835829935
664318464 -383924545
#r 0 5.5748667118
683304883 -400188488
#r 0 0.7661819475
698028744 -386019899
#r 0 5.5796183238
721300756 -405763975
#r 0 2.1989332220
712333662 -393417114
#r 0 5.4126880032
717250641 -399251216
#r 0 3.7770257161
714164424 -401527206
#r 0 1.0716845399
715082154 -399843761
#r 0 5.4639941020
715849630 -400664943
#r 0 0.8991191214
716468924 -399885945
#r 0 0.6992684422
716854242 -399561877
#r 0 0.8322367872
717023769 -399375676
#r 0 2.1605171271
716951815 -399268145
#r 0 5.2707859705
716986091 -399323011
#r 0 1.4165362780
716991061 -399291049
#r 0 5.3105121632
717000168 -399304414
#r 0 5.4479112950
717007993 -399313061
#r 0 3.6537743794
716997508 -399318956
#r 0 2.7602398645
716991886 -399316702
#r 0 5.4428285407
326662212 790338362
#r 0 5.0781618571
344545770 743645982
#r 0 2.1588446685
330677314 764446604
#r 0 2.1297701456
323729844 775553300
#r 0 2.1746106029
319450707 781757186
#r 0 2.9904405879
313910093 782601098
#r 0 1.9808641322
310936836 789440702
#r 0 5.4673978451
313492271 786725033
#r 0 2.8928191237
311685192 787184096
#r 0 2.0393947222
311148319 788244683
#r 0 3.1440681085
310541035 788243180
#r 0 2.1549178432
310193270 788769240
#r 0 2.0222505856
309974724 789219990
#r 0 3.1616386502
309481272 789210097
#r 0 2.0331454457
309152595 789869591
#r 0 3.2918989061
308245408 789732199
#r 0 2.0678991929
307599910 790921955
#r 0 2.1280816930
306634455 792471209
#r 0 5.0403750284
306928479 791607136
#r 0 2.0879801698
306702837 792003814
#r 0 1.9581665698
306613617 792222499
#r 0 3.2136539524
340630368 -61653550
#r 0 1.6339814897
337473212 -11753326
#r 0 5.5606433590
356226391 -28285665
#r 0 6.1494773086
374478390 -30740751
#r 0 5.4231178745
389431029 -48111445
#r 0 3.9092319899
371210255 -65696286
#r 0 5.6427476374
383576929 -74912232
#r 0 1.8440016259
381496221 -67486754
#r 0 3.6514320708
376939809 -70034462
#r 0 4.8038819238
377268113 -73612744
#r 0 1.7791646164
376896450 -71854951
#r 0 3.8966414321
376242254 -72470596
#r 0 5.7356879611
376897661 -72870176
#r 0 5.7696242099
377259058 -73074020
#r 0 2.0251641844
377168005 -72887609
#r 0 5.7566496048
377257685 -72939738
#r 0 5.6729884268
377312712 -72978213
#r 0 2.0304439218
377297819 -72948126
#r 0 5.7239642980
377312047 -72957031
#r 0 5.8280909228
377321565 -72961688
#r 0 5.7625023095
377329696 -72966351
#r 0 5.6655592024
-936931568 -253662529
#r 0 5.9309989196
-890000530 -270910070
#r 0 5.5339318308
-853390654 -304964687
#r 0 2.0535784638
-864996782 -282822019
#r 0 1.9581422406
-870227665 -269999837
#r 0 1.6405184145
-870917139 -260126981
#r 0 2.0513362749
-875983299 -250408611
#r 0 0.0866758529
-863612261 -249333647
#r 0 0.9760198331
-854062553 -235217212
#r 0 2.5102163801
-874505677 -220268693
#r 0 2.2168903701
-890448205 -199126421
#r 0 2.4764010105
-918688388 -176973200
#r 0 2.3933996015
-954681984 -143562973
#r 0 3.5970002285
-987199815 -159488320
#r 0 0.4258533006
-970712703 -152009574
#r 0 3.5076412373
-979165020 -155249552
#r 1 -979261926 -154992065
-55698254 -527054964
#r 0 6.2502146487
-5725428 -528703198
#r 0 2.2941293788
-22272598 -509963103
#r 0 5.7539002718
-11482995 -516274557
#r 0 2.5356913560
-16620426 -512715163
#r 0 1.0245040452
-14987420 -510029366
#r 0 5.9264978279
-11573960 -511301309
#r 0 3.4965481597
-13281788 -511934323
#r 0 1.8464885652
-13629807 -510704123
#r 0 1.0297946399
-13239428 -510054349
#r 0 4.2612356111
-13404679 -510395439
#r 0 1.1073012424
-13319955 -510225927
#r 0 3.8021404549
-13394777 -510284062
#r 0 2.9730042539
-13449892 -510274681
#r 0 4.2892508763
-13476366 -510333467
#r 0 2.9500484671
-13522879 -510324447
#r 0 5.7543926056
-13502426 -510336398
#r 0 3.4591518015
-13513678 -510340096
#r 0 0.4598375645
-13508371 -510337468
#r 0 3.2620405954
-13511311 -510337824
#r 0 3.4170697226
-13512889 -510338270
#r 0 2.9378953891
-176767589 -188188183
#r 0 0.1305238563
-127192897 -181680505
#r 0 0.3563511773
-80334098 -164237656
#r 0 3.4396199731
-104232038 -171578532
#r 0 3.5340441798
-115820927 -176375446
#r 0 3.7623892180
-120924506 -180025078
#r 0 0.6015848435
-118338132 -178249620
#r 1 -117952531 -178172483
133207554 429148051
#r 0 4.9235138593
143685551 380258261
#r 0 4.7942212684
147772600 330425581
#r 0 1.6948426762
144679388 355233483
#r 0 1.6575956579
143593829 367708593
#r 0 1.5642412874
143634962 373983459
#r 0 4.7563429544
143772823 370848989
#r 1 143722424 371811023
420725815 -425022251
#r 0 1.3746558082
430470081 -375980949
#r 0 1.2159239486
447843616 -329096407
#r 0 1.6921720413
441789720 -279464257
#r 0 1.9830781802
421754669 -233653814
#r 0 5.1456140568
432249671 -256344228
#r 0 5.0751830442
436687714 -268035713
#r 0 5.0252693570
438613879 -273989737
#r 1 439281510 -274065873
-984543034 144270826
#r 0 5.8946131400
-938270486 125327455
#r 0 0.1704737558
-888995261 133809918
#r 0 5.2651121327
-862744919 91255018
#r 0 5.5667099508
-825038661 58418481
#r 0 2.5114676631
-845237508 73149625
#r 0 2.4503457343
-854939654 81177516
#r 0 1.9072484041
-857043752 87193522
#r 0 5.0218904454
-856073143 84158262
#r 0 4.9051916575
-855767622 82593313
#r 1 -855530515 82496807
366737756 485628537
#r 0 1.8856706180
351252909 533170303
#r 0 2.4979410615
311257424 563176322
#r 0 4.7281778001
311652128 538179439
#r 0 2.5105470691
301559490 545554305
#r 0 4.6573959259
301215957 539313754
#r 0 5.2314866613
303819879 534756379
#r 0 5.1121427799
305483206 530819540
#r 0 2.4144665761
303886755 532239991
#r 0 0.5866419006
304934954 532936732
#r 0 2.3480332186
304186609 533697393
#r 0 5.9844614040
304696511 533540374
#r 0 3.6945633518
304469503 533400264
#r 0 5.8706393154
304591695 533346785
#r 0 3.7465413037
304536840 533308857
#r 0 5.9161871026
304567965 533296892
#r 0 5.8871401459
304593451 533286235
#r 0 4.3173743542
304581796 533258280
#r 0 1.5753632834
304581727 533273423
#r 0 4.7444201699
304581969 533265856
#r 0 2.3675013326
304579263 533268502
#r 0 5.9443154899
-649282821 -270779598
#r 0 5.7726483133
-605658709 -295211890
#r 0 2.7664094627
-628919722 -286050815
#r 0 2.8541330657
-641124118 -282442607
#r 0 4.0939134382
-645250341 -288241040
#r 0 0.8576285026
-642922349 -285549881
#r 0 4.2975143169
-643639491 -287178125
#r 0 4.4616941769
-643878876 -288112925
#r 0 1.5980430148
-643892020 -287630622
#r 0 3.9001147105
-644067126 -287796559
#r 0 4.0215266465
-644184415 -287938420
#r 0 2.6602057193
-644340351 -287856963
#r 0 5.3415192274
-644288589 -287928085
#r 0 4.4680292884
-644301252 -287978872
#r 0 4.3694252276
-644322041 -288037092
#r 0 2.7122810359
-644399028 -288001848
#r 0 2.8513740081
-644506243 -287969828
#r 0 5.4227002615
-644469762 -288012245
#r 0 5.8888354879
-644436759 -288025979
#r 0 0.0922714612
-644414461 -288023916
#r 0 2.7551523328
-644424831 -288019696
#r 0 0.3601513515
411724544 245564399
#r 0 4.1963203752
387051316 202076104
#r 0 0.6842841750
406423109 217879066
#r 0 2.1465788911
398748954 229700786
#r 0 0.3302030637
408442561 233023287
#r 0 0.4953831351
414145093 236104495
#r 0 0.4854392779
418463373 238382578
#r 0 0.3838208541
423029276 240226518
#r 0 0.3631228838
428872473 242446771
#r 0 0.4397035299
436758044 246156289
#r 0 0.5656946997
447327843 252867172
#r 0 0.4738369354
463497964 261159248
#r 0 0.4761578425
487526159 273551479
#r 0 3.6127803562
475481415 267415152
#r 0 3.7948378264
470113942 263307223
#r 0 0.6217510589
472861024 265275661
#r 0 3.8061003660
471530808 264233632
#r 1 471504971 264358098
795592083 -315379132
#r 0 1.1360375443
816651665 -270030549
#r 0 4.0527743665
801331357 -289786260
#r 0 0.9041337857
809060938 -279962638
#r 0 0.5616976945
814350901 -276633574
#r 0 3.6132611611
811566977 -278053561
#r 0 3.7968293108
810318009 -279013394
#r 1 810360823 -279069638
-521849662 466816098
#r 0 0.2235849508
-473094220 477902436
#r 0 5.4257399835
-440375651 440093770
#r 0 4.0552768151
-470917298 400505794
#r 0 4.3789744585
-487280869 353259275
#r 0 4.3866227068
-503282612 305888986
#r 0 4.1696908120
-529105030 263073069
#r 0 4.4058470209
-544193211 215403930
#r 0 4.3404563463
-562364041 168822593
#r 0 1.1105898524
-551260713 191221613
#r 0 1.9299926175
-555688822 203014634
#r 0 5.1417716079
-553066704 197287911
#r 0 4.9613918161
-552286800 194220805
#r 0 1.8474139983
-552718947 195743006
#r 1 -552728553 195648106
-558514126 -706353026
#r 0 0.0826967780
-508684998 -702222898
#r 0 2.8279457936
-532465365 -694509658
#r 0 0.7784572057
-522278551 -684463284
#r 0 2.1689940713
-534198867 -666971844
#r 0 3.0256369708
-557184927 -664294469
#r 0 3.0755947988
-578178899 -662906897
#r 0 2.2526777718
-593207106 -644394190
#r 0 6.1195770543
-581443993 -646336090
#r 0 3.1918756147
-587397620 -646635709
#r 0 6.0003219085
-584535488 -647467608
#r 0 2.3108163825
-585540394 -646367097
#r 0 3.1694917728
-586478304 -646393271
#r 0 2.1289760168
-586730082 -645990050
#r 0 0.7087767663
-586377567 -645687803
#r 0 3.1716025715
-586609636 -645694769
#r 0 3.0537173600
-586768471 -645680775
#r 0 2.2129079363
-586861792 -645555986
#r 0 5.9042840954
-586789407 -645584805
#r 0 5.9829407730
-586742491 -645599330
#r 0 6.2369084867
-586699793 -645601307
#r 0 0.6895273472
-218018041 -776753981
#r 0 2.6962695591
-263141618 -755216507
#r 0 2.6054677348
-306126346 -729676085
#r 0 2.4199856319
-343663602 -696646486
#r 0 5.5443221349
-325182737 -713482684
#r 0 5.5450265424
-315933623 -721896777
#r 1 -315089384 -721878935
517252615 315449462
#r 0 3.3388594784
468222319 305649967
#r 0 1.9058369465
451781942 352869815
#r 0 1.3812264572
461203766 401974084
#r 0 1.2639429053
476306793 449638521
#r 0 1.4607752458
481796756 499336210
#r 0 4.6875742840
481176452 474343908
#r 0 4.3984274923
477288182 462368985
#r 0 1.1645596087
479775757 468151833
#r 0 4.1294736475
478043133 465524030
#r 1 478492200 465551248
-836634468 79323631
#r 0 4.8296154375
-830786560 29666789
#r 0 0.8010382943
-813387523 47618766
#r 0 0.0847341032
-793800869 49282407
#r 0 4.7356140854
-793193376 23130371
#r 0 0.4043360726
-760543627 37101649
#r 0 0.3646176534
-719893883 52617004
#r 0 0.4849282753
-666919114 80528934
#r 0 3.5979757961
-693794029 67334638
#r 0 3.6909309308
-706571516 59512323
#r 0 3.6876823864
-712981169 55616934
#r 0 0.5499481042
-709783882 57576979
#r 1 -709825061 57524631
-478957491 -425697431
#r 0 5.6125306154
-439786744 -456772382
#r 0 3.1066995306
-464771526 -455900231
#r 0 0.8203233107
-456246717 -446758152
#r 0 3.0343942791
-462460839 -446089445
#r 0 0.6869097867
-460044561 -444107724
#r 0 5.4908266482
-458418607 -445756472
#r 0 3.1754887137
-459575752 -445795710
#r 0 6.2737619892
-458996873 -445801165
#r 0 6.2006315585
-458707866 -445825078
#r 0 0.0449081739
-458559375 -445818405
#r 0 0.0696023129
-458482667 -445813057
#r 0 3.1184506084
-458521104 -445812167
#r 0 0.2435908960
-458502448 -445807531
#r 0 5.5623636151
-458494733 -445814309
#r 0 2.6129558010
-458499166 -445811720
#r 0 3.0591750856
-458501817 -445811501
#r 0 6.2750141270
-458500487 -445811512
#r 0 3.7521897539
-458501032 -445811893
#r 0 5.6328266844
-458500683 -445812158
#r 0 2.6429415805
-458500875 -445812053
#r 0 5.2367680960
744680137 283363242
#r 0 1.5415667633
746141407 333341884
#r 0 4.1018429125
731808534 312858508
#r 0 1.4719256839
733042404 325297460
#r 0 5.4790927781
737378435 320796202
#r 0 5.4636288048
740687738 317252729
#r 0 3.1330162316
738263591 317273520
#r 0 1.4821580432
738424356 319082483
#r 0 5.4244756225
739017687 318395092
#r 0 3.1538462799
738563698 318389529
#r 0 1.4475813129
738607134 318740262
#r 0 5.4879523261
738730849 318614089
#r 0 2.4947028035
738660347 318667340
#r 0 5.5882413457
738694278 318639052
#r 0 1.4919830539
738696017 318661071
#r 0 1.5857410458
738695746 318679177
#r 0 1.8639361459
738690353 318697043
#r 0 5.2817735062
738695383 318689184
#r 0 1.6143776816
738695180 318693845
#r 0 1.5747475501
738695169 318696740
#r 0 3.3446791954
738692807 318696254
#r 0 5.4327143128
787479252 -388621533
#r 0 4.5936430637
781555900 -438269432
#r 0 4.5713170956
774525678 -487772725
#r 0 1.6331206330
772968579 -462821263
#r 0 4.8076613288
774157683 -475264576
#r 0 4.9022458528
775338452 -481408930
#r 0 1.6992917262
774937574 -478306331
#r 0 1.8462416978
774510553 -476795445
#r 1 774279775 -476401572
734374273 161323653
#r 0 5.1600630818
756017774 116250835
#r 0 0.9915427159
769702760 137172621
#r 0 5.0193440829
773479728 125256897
#r 0 3.9306656732
766558820 118284934
#r 0 5.0389447232
768280703 113200850
#r 0 1.3327028153
768913696 115809013
#r 0 2.7414997060
767340144 116474473
#r 0 5.0738724836
767642256 115675441
#r 0 1.0860493036
767841287 116053353
#r 0 2.8007575498
767532820 116162759
#r 0 4.1729746963
767438708 116005548
#r 0 2.7798161484
767214631 116090346
#r 0 1.2564389506
767277108 116282500
#r 0 1.6635129587
767267754 116383094
#r 0 3.8472703955
767229305 116350334
#r 0 2.5074340498
767195880 116374918
#r 0 1.1297248952
767222143 116430550
#r 0 5.0058128740
767231039 116401106
#r 0 1.2701074747
767235594 116415795
#r 0 4.9141894673
767237135 116408262
#r 0 1.5900233366
-835925574 -325109799
#r 0 0.9946007401
-808683688 -283182724
#r 0 5.7120042002
-766620537 -310214026
#r 0 4.5243287495
-775968221 -359332463
#r 0 4.7343280915
-774871353 -409320430
#r 0 4.7188455523
-774548527 -459319388
#r 0 1.7608112872
-779270367 -434769353
#r 0 4.9741812765
-776035215 -446843448
#r 1 -775931967 -447172004
191098699 -491490599
#r 0 3.0458628255
141327629 -486711415
#r 0 5.7957403986
163415941 -498420663
#r 0 4.7153515201
163458212 -512689104
#r 0 1.8613547860
161414340 -505853892
#r 0 1.8625820766
160307124 -502167580
#r 0 4.8039480759
160483083 -504084020
#r 0 4.7731087138
160543763 -505082137
#r 0 4.6917021826
160531730 -505663715
#r 0 3.5289443868
160113742 -505834238
#r 0 1.9426424672
159877438 -505228313
#r 0 4.8448110246
159920374 -505550652
#r 0 1.8962618748
159868385 -505396596
#r 0 5.8090990324
159940714 -505433709
#r 0 4.7178722599
159941039 -505493057
#r 0 1.7167422879
159936724 -505463698
#r 0 1.6536623140
159935472 -505448624
#r 0 5.7075246668
159941815 -505452741
#r 0 4.7846839568
159942251 -505458765
#r 0 5.6641460555
159945268 -505460914
#r 0 1.8803612832
159944704 -505459150
#r 0 3.3637374499
76967052 -918743877
#r 0 1.3747555602
86706426 -869701603
#r 0 1.0060976879
113464489 -827464107
#r 0 3.4040761902
89320776 -833951103
#r 0 1.5637600657
89446886 -816028566
#r 0 1.5160387139
90917569 -789197366
#r 0 2.4140535903
60815654 -762391749
#r 0 3.6446395084
12458762 -789000867
#r 0 1.3921438619
17362895 -761842848
#r 0 0.4329224418
37086449 -752727353
#r 0 3.7758873272
28335563 -759165496
#r 0 0.5230817612
33041240 -756451915
#r 0 0.8465992671
34862790 -754392552
#r 0 0.6709636264
35950705 -753528939
#r 0 0.4413530800
36579163 -753232034
#r 0 0.5625557855
36881811 -753041209
#r 0 2.7617671643
36715669 -752974883
#r 0 3.7601605863
36597073 -753059293
#r 0 3.8074548256
36528789 -753112933
#r 0 0.4877680798
36567142 -753092586
#r 0 0.5325892119
36586426 -753081220
#r 0 1.3582750286
-458212991 -390070259
#r 0 5.8978279407
-411879783 -408864775
#r 0 5.9233639201
-365081797 -426470128
#r 0 5.0808955374
-347070664 -473113446
#r 0 0.2708742993
-298893798 -459734748
#r 0 0.2484569702
-250429147 -447439318
#r 0 3.2300027438
-275331505 -449646692
#r 0 3.9413421434
-284262469 -458837748
#r 0 0.8052209050
-279822198 -454217857
#r 1 -280131191 -455046455
-561441965 -303326039
#r 0 1.0080580152
-534766752 -261036170
#r 0 5.4172442613
-502370572 -299121436
#r 0 1.1025907773
-479806288 -254502459
#r 0 5.3382877280
-450514994 -295024306
#r 0 0.9347486953
-420813964 -254801815
#r 0 1.9520167712
-439416643 -208391252
#r 0 2.0072963049
-460555154 -163079406
#r 0 6.1031606216
-435959172 -167555753
#r 0 3.2075234532
-448432014 -168379291
#r 0 1.1816957793
-445922383 -162258297
#r 0 1.1965927184
-443243808 -155437499
#r 0 3.2148812413
-452679929 -156130300
#r 0 5.1511616048
-450448979 -160884264
#r 0 3.1017547324
-455615790 -160678320
#r 0 3.0229439626
-458342505 -160353272
#r 0 1.9640054435
-459015146 -158731712
#r 0 5.1343354694
-458655668 -159532493
#r 0 3.1372131667
-459094910 -159530569
#r 0 5.1902849461
-458838537 -160025555
#r 0 2.1231104043
-458984769 -159788278
#r 0 5.0677726805
-143029320 -288205830
#r 0 1.3701489563
-133064132 -239208942
#r 0 5.9256024577
-86226853 -256709492
#r 0 5.3466199525
-56598942 -296985873
#r 0 5.4667022824
-22359522 -333422971
#r 0 3.0107858407
-47145946 -330162118
#r 0 6.1652799091
-34732732 -331632523
#r 0 0.0514517116
-28489964 -331311038
#r 0 0.0245755629
-25248931 -331231372
#r 0 3.8985030506
-26427338 -332344482
#r 0 0.3432462153
-25664115 -332071711
#r 0 0.0298886642
-25195670 -332057706
#r 0 0.0074100167
-24781657 -332054638
#r 0 0.1102424590
-24311215 -332002564
#r 0 0.2033014194
-23716666 -331879998
#r 0 6.2763139428
-22884738 -331885715
#r 0 5.3370782926
-22167404 -332880614
#r 0 1.1350734873
-21908565 -332324647
#r 0 0.2508703540
-21390160 -332191796
#r 0 0.1244183588
-20633258 -332097135
#r 0 0.1346070657
-19512794 -331945395
#r 0 4.4358981415
-217724255 370576245
#r 0 0.3142647140
-170173059 386032109
#r 0 5.5289232182
-133734208 351794555
#r 0 1.2503103977
-117982819 399248677
#r 0 1.1978090887
-99762874 445810825
#r 0 0.0061092620
-49763807 446116286
#r 0 1.3355326878
-38108838 494738932
#r 0 5.7007306296
3646907 467235156
#r 0 5.5882933675
42053052 435220034
#r 0 2.5994250834
20638246 448119882
#r 0 5.7338744431
31299302 441593638
#r 0 5.6811128416
36450588 438053759
#r 0 5.8683432531
39323494 436788531
#r 0 5.8527723748
40753990 436131761
#r 1 40989059 435857492
231282029 -813119927
#r 0 2.8263472299
183746013 -797617437
#r 0 0.4475891034
206283342 -786797602
#r 0 1.7518227274
203015494 -768943445
#r 0 1.9305209254
193784607 -744398989
#r 0 1.9458628549
179445265 -707977303
#r 0 1.6180531176
176676425 -649429554
#r 0 4.8184686323
179779431 -678571409
#r 0 1.8801809302
175317905 -664613835
#r 0 4.9618771651
177126913 -671713642
#r 1 177232153 -670976791
-173650117 941397434
#r 0 6.0657364502
-124827567 930610471
#r 0 5.5630368754
-87242175 897635658
#r 0 5.4613685255
-53197588 861016455
#r 0 5.9871702348
-5372262 846430909
#r 0 5.3590215423
24752849 806525049
#r 0 4.9778861810
37872303 758276941
#r 0 3.5809091516
-7379826 737010893
#r 0 0.8179169133
9713742 755253970
#r 0 6.2626894287
23870949 754963765
#r 0 0.2256916609
30882514 756573644
#r 0 0.1168518690
34455147 756993023
#r 1 35083493 757075711
-974261600 -135035256
#r 0 5.7336115980
-931624237 -161151444
#r 0 3.9651610987
-965604628 -197830226
#r 0 0.7194297491
-946800087 -181356330
#r 0 0.9991056057
-939964017 -170730696
#r 0 0.7915722014
-935501365 -166212596
#r 0 0.9661912385
-933689321 -163589938
#r 1 -933200748 -163058167
-219071864 876570219
#r 0 5.9703851844
-171498082 861184015
#r 0 5.8429178670
-126266196 839874944
#r 0 5.9567497758
-78906627 823841502
#r 0 5.9397034809
-31827237 807003123
#r 0 5.9566254777
15530338 790963794
#r 0 0.9098402606
46223931 830434079
#r 0 4.0467750309
30785377 810770634
#r 0 0.9275127242
38283202 820772265
#r 0 0.8947545500
42195840 825650042
#r 1 42592545 826436840
841216372 -245702053
#r 0 1.8001649256
829848237 -197011546
#r 0 1.7307720010
821883527 -147649988
#r 0 1.4692131361
826953956 -97907745
#r 0 1.7723232036
816945679 -48919640
#r 0 4.9695979854
823305238 -73097233
#r 0 2.4026389149
814065568 -64678297
#r 0 5.6421136507
819074663 -68416138
#r 0 5.5966466635
821514706 -70415835
#r 0 2.4627244949
820287052 -69425375
#r 1 820495059 -69523509
-554460271 622376857
#r 0 6.1509151789
-504897018 615782618
#r 0 5.4021896295
-473077847 577213973
#r 0 5.9218806306
-426306026 559539224
#r 0 4.1730529002
-451984347 516636732
#r 0 0.2484654034
-427752074 522784651
#r 0 6.0475359098
-409868857 518490704
#r 0 5.9618858998
-388891642 511508813
#r 0 4.0552758135
-407486379 487406430
#r 0 5.9360177760
-372436408 474724582
#r 0 4.9205738002
-362052988 425571257
#r 0 3.9427108347
-413751534 372221209
#r 0 3.8320164391
-486122397 312439343
#r 0 3.8650160930
-581403225 228292739
#r 0 3.7767850164
-728613314 119784522
#r 0 0.8613051161
-669045148 189159188
#r 0 0.0987472305
-621287946 193890468
#r 0 3.3003967311
-644981509 190095882
#r 0 3.3810141755
-656678976 187240487
#r 0 0.3059339407
-650938065 189053754
#r 0 0.1416424518
-647944829 189480582
#r 1 -647780372 189588696
-710372218 -603481641
#r 0 3.9510618963
-744866356 -639677697
#r 0 3.8399434194
-758774597 -651353290
#r 0 0.8233400417
-752602490 -644694106
#r 0 3.9674409432
-755680182 -648031428
#r 0 0.7250132879
-753981179 -646526150
#r 0 0.8553871389
-753229209 -645660800
#r 1 -753269036 -645570583
57367412 137137296
#r 0 0.6223792665
97992098 166285793
#r 0 1.4541048973
103813437 215945757
#r 0 1.3531502203
114610030 264766179
#r 0 0.1182027250
164261139 270662562
#r 0 0.0510508281
214195998 273213995
#r 0 0.1690128616
263483563 281624463
#r 0 6.2095234058
313347972 277944698
#r 0 2.6420439464
291403002 289920434
#r 0 5.8559181231
302779271 284740619
#r 0 2.9153645901
296688526 286142514
#r 0 6.0203108934
299706172 285330460
#r 1 300680210 285353985
350298717 99524416
#r 0 5.2121412602
374259123 55639351
#r 0 3.9761807846
340684976 18588350
#r 0 0.7154720218
359554568 34987694
#r 0 4.1779222696
353187291 24230940
#r 0 0.8855591752
357142644 29070120
#r 0 4.7877644486
357377969 25953994
#r 0 5.3640078399
358751961 24152656
#r 0 4.7989498570
358992525 21380464
#r 0 5.3840225759
361004714 18849144
#r 0 1.9053034553
360473905 20376351
#r 0 0.5383274795
361242158 20835120
#r 0 5.4085275423
361984348 19947024
#r 0 5.3972727370
363033642 18662338
#r 0 5.4006240263
364580356 16781545
#r 0 5.4336013027
366969630 14064037
#r 0 5.3566767450
370220309 9736894
#r 0 5.4070222935
375397199 3523300
#r 0 3.8955997433
366559194 -4776553
#r 0 4.1906511732
359773781 -16579906
#r 0 0.5409426358
365609216 -13074492
#r 0 5.4510522387
124361302 -505132095
#r 0 1.7968434184
113154955 -456404097
#r 0 5.6096069279
132694818 -471998767
#r 0 1.7653168469
130278617 -459734512
#r 0 1.7641389221
128602719 -451174768
#r 0 1.6900072558
127632922 -443078207
#r 0 5.8691865729
131365694 -444718363
#r 0 1.6867840568
131129770 -442693452
#r 0 1.8464648478
130650994 -441000890
#r 0 1.7947532927
130244140 -439214701
#r 0 1.9502813640
129380423 -437048996
#r 0 1.7912140015
128694192 -433986257
#r 0 1.8822749890
127291544 -429629649
#r 0 1.6822144476
126543646 -422944912
#r 0 1.7623465103
124624345 -413047927
#r 0 1.8232911463
120854478 -398436103
#r 0 1.8917548190
113732004 -377012132
#r 0 1.7463454858
107836497 -343774602
#r 0 1.6979333086
101417030 -293554421
#r 0 4.7783161541
103084728 -318813831
#r 0 4.6440306624
102216945 -331488679
#r 0 1.5384540072
-544744435 413022941
#r 0 0.1341034630
-495193355 419708035
#r 0 5.8010464315
-450893095 396524271
#r 0 0.6081428835
-409857571 425091486
#r 0 6.1325310326
-360423916 417587235
#r 0 0.7773745758
-324786041 452657762
#r 0 5.6893393045
-283346302 424680127
#r 0 0.8677324341
-251018399 462823366
#r 0 0.8319093895
-217345122 499784297
#r 0 0.6537326165
-177654156 530191980
#r 0 0.8476369761
-144566326 567677918
#r 0 0.9743663308
-116481704 609045224
#r 0 0.8174194215
-82276418 645514368
#r 0 0.8462146677
-49135305 682953207
#r 0 0.8564218038
-16378055 720728365
#r 0 0.8805356546
15458855 759282368
#r 0 0.7740119933
51214455 794232862
#r 0 3.8964102925
33004543 777103966
#r 0 0.7976697892
41734247 786050599
#r 0 4.3749546411
39665077 780153055
#r 0 1.3147472967
40456515 783176173
#r 1 40545907 783301196
-119196968 -904270036
#r 0 3.2938284988
-168618692 -911852461
#r 0 2.8467450835
-216461014 -897322761
#r 0 6.0198727329
-192322688 -903829770
#r 0 6.0298831244
-180209534 -906965410
#r 0 5.7067834570
-174936241 -910393250
#r 0 2.5382266801
-177525720 -908608867
#r 1 -177857710 -908632525
-804414631 -463783652
#r 0 0.8689950098
-772134913 -425599627
#r 0 0.1607492940
-722779531 -417596733
#r 0 5.9725179143
-675173043 -432881440
#r 0 6.1152191781
-625876702 -441240312
#r 0 5.9266341576
-579021392 -458692531
#r 0 0.2824490796
-531002605 -444757105
#r 0 5.7582354531
-487735151 -469815586
#r 0 5.7578809262
-444476584 -494889404
#r 0 5.6409199116
-404439543 -524839953
#r 0 5.7616592333
-361086548 -549750149
#r 0 5.6813622827
-319871304 -578057456
#r 0 5.8457889428
-274578425 -599236575
#r 0 5.8132836653
-229997784 -621876505
#r 0 2.5816314828
