701687785 -541700890
#r 0 2.4358631263
663630855 -509271426
#r 0 5.9642739681
687370288 -517109750
#r 0 5.6933853263
699194282 -525023147
#r 0 3.4835937865
691251035 -527850864
#r 0 5.8133097446
698982363 -531776905
#r 0 2.0776457992
696485786 -527280429
#r 0 5.6854782830
698611490 -528727557
#r 0 5.7405831490
699926793 -529520648
#r 0 5.8998182629
701060990 -529978095
#r 0 1.8473802021
700685669 -528655886
#r 0 5.7443635763
702211562 -529568109
#r 0 5.7891078803
703933792 -530495766
#r 0 3.6390366394
701686475 -531716033
#r 0 3.5547378884
700447864 -532259010
#r 0 5.5978752256
701045085 -532747227
#r 0 5.7912878092
702049725 -533285541
#r 0 5.7715008653
703539963 -534122417
#r 0 5.7354163747
705727852 -535457116
#r 0 5.6682527798
708866090 -537673611
#r 0 5.6405067558
713472565 -541122551
#r 0 5.9329441332
-499127383 633119407
#r 0 3.9507184361
-533633951 596935201
#r 0 4.8447980389
-527032826 547372865
#r 0 0.3120212363
-479447075 562722010
#r 0 0.2201063942
-430653364 573638683
#r 0 1.6862206660
-436411775 623305983
#r 0 1.6784343288
-441783289 673016614
#r 0 5.2509570640
-428960607 651555515
#r 0 4.9708148574
-425227442 637432751
#r 0 5.1878782184
-421103320 629423050
#r 0 5.1434825162
-417658995 621934495
#r 0 5.2443306900
-412890516 613832117
#r 0 5.1677362634
-407314724 602445218
#r 0 5.2548596146
-398073174 587114001
#r 0 5.0241336885
-389987592 562023160
#r 0 1.9536067657
-394910977 574249852
#r 0 1.8082854675
-396469254 580687493
#r 0 5.1380819441
-395101649 577671284
#r 0 1.9516574088
-395717175 579208518
#r 1 -395559927 579050651
-483608482 -622730427
#r 0 5.2925097494
-456202234 -664550250
#r 0 5.1507411473
-434979834 -709822866
#r 0 5.3707082297
-404390424 -749373947
#r 0 0.8077389985
-369833710 -713237629
#r 0 4.7556539631
-367671136 -763190840
#r 0 4.7086521539
-367857977 -813190491
#r 0 1.0324692511
-342222957 -770262111
#r 0 4.2643738613
-353052392 -792794828
#r 0 4.0877866066
-360421415 -803017088
#r 0 3.9496610105
-364774617 -807572280
#r 0 0.8222083668
-362630438 -805264136
#r 0 4.0841010638
-363556278 -806538528
#r 1 -363285263 -806116346
-400050622 -282770132
#r 0 0.2653842083
-351801032 -269656130
#r 0 5.2536131353
-326041753 -312510063
#r 0 5.2355378217
-301061238 -355822577
#r 0 2.1177742235
-314063948 -334470072
#r 0 2.2519946630
-321939971 -324754327
#r 0 5.3389917308
-318272914 -329819852
#r 0 2.1941713667
-320098258 -327281185
#r 0 5.3347749221
-319186842 -328551420
#r 1 -319453620 -328181113
301295572 728310821
#r 0 4.4810199194
289830056 679643153
#r 0 5.3024433226
317650365 638097631
#r 0 3.8084335633
278361390 607172295
#r 0 2.6982900781
233194388 628618552
#r 0 5.0486547188
249692602 581418881
#r 0 6.0799640320
298663678 571327613
#r 0 6.1099978246
347915703 562711462
#r 0 3.5160765822
301380877 544421848
#r 0 0.0685948436
326322084 546135375
#r 0 2.6758054670
314160974 552248489
#r 0 5.5335670458
319142299 547611455
#r 0 4.8745646415
319734066 543994573
#r 0 0.1521073108
323157636 544519377
#r 0 6.2006213167
324928180 544372861
#r 0 6.2233099161
326049713 544305628
#r 0 5.1005413332
326399789 543449481
#r 0 3.4499701932
325119658 543041709
#r 0 4.8856612204
325405777 541406996
#r 0 2.7725617869
323159729 542275652
#r 0 4.8553832262
323515270 539806224
#r 0 5.1181143436
538670319 187274473
#r 0 1.8488918016
524944079 235353474
#r 0 0.3811988343
571355044 253955150
#r 0 3.6251247289
549221085 242332419
#r 0 0.2547555327
561317647 245482529
#r 0 2.5833455112
555747089 248961400
#r 0 0.0412951798
563933787 249299663
#r 0 3.3588487407
559933252 248416585
#r 0 2.4878370336
558257741 249700274
#r 0 2.4369484543
557260826 250547910
#r 0 0.1581690948
558343544 250720605
#r 0 2.5153317365
557072990 251639728
#r 0 6.2556449104
558566699 251598580
#r 0 2.5579684359
556955883 252662300
#r 0 3.4213400016
555084906 252124804
#r 0 6.2669879165
556058104 252109039
#r 0 0.1538597875
556579156 252189847
#r 0 1.3980010615
556631104 252487480
#r 0 0.0313064855
556815434 252493253
#r 0 6.2316341060
556925177 252487591
#r 0 2.4949464748
556854390 252541030
#r 0 0.1210880806
-356518068 -65592954
#r 0 2.3968738990
-393281995 -31704702
#r 0 0.2485688292
-344818720 -19403851
#r 0 3.2091201445
-369761741 -21090755
#r 0 0.1186179349
-357349578 -19611506
#r 0 3.2310012982
-363574613 -20169566
#r 0 5.3269459887
-361771212 -22724958
#r 0 6.1083654834
-357755405 -23434241
#r 0 1.3458749877
-356391254 -17471851
#r 0 3.3762529134
-363127234 -19082185
#r 0 3.0685288097
-366583929 -18829175
#r 0 2.9618428273
-368502715 -18480510
#r 0 3.0983372645
-369950370 -18417852
#r 0 2.9825601094
-371273238 -18205681
#r 0 3.0636656472
-372896813 -18078904
#r 0 1.2314774923
-372173307 -16029143
#r 0 3.4237662705
-374865812 -16809725
#r 0 1.2328167608
-373761357 -13667295
#r 0 0.0743954881
-369556840 -13353920
#r 0 3.2136772453
-371659454 -13505749
#r 0 0.2100178151
-370628570 -13286005
#r 0 3.3116839943
-276446552 932869643
#r 0 3.5364759171
-322598626 913634621
#r 0 0.2879705119
-298628070 920734793
#r 0 0.2344917687
-286332111 923672131
#r 0 0.0582952126
-279592311 924065475
#r 0 3.6239593413
-282582784 922499596
#r 0 0.1911681977
-280925714 922820291
#r 0 3.6540950682
-281661197 922406473
#r 0 0.2983422408
-281257884 922530500
#r 0 0.1499884918
-281039953 922563435
#r 0 4.5272959195
-281065821 922425279
#r 0 0.1396660639
-280858301 922454452
#r 0 3.5362301313
-280955027 922414167
#r 0 0.2873355529
-280904786 922429014
#r 0 3.6403651640
-280927789 922416484
#r 0 0.0963245797
-280914753 922417744
#r 0 3.7552889156
-280920106 922413973
#r 0 5.1656322845
-280918337 922410340
#r 0 5.2679166170
-280915365 922405552
#r 0 3.9585093251
-280921028 922399520
#r 0 0.3054009833
-280917083 922400764
#r 0 0.1765553554
-550539604 -271667289
#r 0 1.0660504491
-526360353 -227902419
#r 0 1.8941594851
-542248213 -180493813
#r 0 1.0605016519
-517826493 -136863782
#r 0 0.9344268265
-488112518 -96650853
#r 0 1.0162576585
-461784960 -54143681
#r 0 0.8752201093
-429743565 -15759452
#r 0 0.2931140339
-381876127 -1312710
#r 0 3.5386121999
-404931565 -10979496
#r 0 3.3168893218
-417372058 -13182889
#r 0 3.4055641975
-423471676 -14831486
#r 0 3.0658415155
-426632668 -14591578
#r 1 -427494025 -14911815
-618319202 -169265767
#r 0 2.6502370748
-662403906 -145674691
#r 0 2.0665820402
-686190051 -101694931
#r 0 5.2364657503
-673679704 -123339588
#r 0 4.9824004606
-670342755 -135396324
#r 0 5.3929465358
-666256777 -140443334
#r 0 2.1205475650
-667953163 -137674913
#r 0 5.1972387128
-667196530 -139111220
#r 1 -667336496 -139011789
755102565 -188650360
#r 0 2.0042091213
734104041 -143273472
#r 0 5.9098244457
780659378 -161510812
#r 0 1.3653245042
790860832 -112562571
#r 0 2.0662912177
767087478 -68575895
#r 0 1.2193317491
784301139 -21632420
#r 0 5.3982682345
815968823 -60325543
#r 0 2.1953546364
801350348 -40045007
#r 0 5.1221312477
806330009 -51510300
#r 0 5.2692920198
809782026 -57054430
#r 0 1.5130999847
809983803 -53561088
#r 0 5.3055534979
812508211 -57305675
#r 0 2.3716464329
810887072 -55733877
#r 0 5.4428217755
811640337 -56574859
#r 0 5.2503538437
811931013 -57062025
#r 0 5.2213410674
812083652 -57335579
#r 0 3.9474876213
811936292 -57489107
#r 0 5.2702689008
812095271 -57743881
#r 0 3.4573869117
811809100 -57837381
#r 0 2.2620376300
811529134 -57499023
#r 0 1.5369914875
811545999 -57000316
#r 0 5.3619762095
380790345 -501424583
#r 0 4.4201483380
366385416 -549304621
#r 0 5.4544443951
400175633 -586158674
#r 0 5.7633564897
443570844 -610995253
#r 0 3.9356069986
408521442 -646653904
#r 0 3.8628736822
370973421 -679671265
#r 0 1.2303214754
379321789 -656106360
#r 0 5.6093229361
391313227 -665682244
#r 0 3.7599024888
380860449 -673117937
#r 0 5.8789264754
398458357 -680646717
#r 0 5.7268815266
413511098 -690006697
#r 0 3.1684254666
391699459 -690592105
#r 0 3.5140519394
369788227 -699152716
#r 0 3.2905909961
337529157 -703995152
#r 0 0.0606040292
353809462 -703007290
#r 0 3.3582691121
345845026 -704760519
#r 0 2.8421641593
341855307 -703528852
#r 1 342093367 -703704114
-579009961 358478730
#r 0 6.2784953749
-529010511 358244234
#r 0 6.1964686839
-479198388 353913835
#r 0 5.5315941905
-442668219 319773730
#r 0 2.4153723717
-461360460 336374938
#r 0 2.5874832665
-471996917 342956497
#r 0 5.7451765782
-466626397 339751768
#r 0 5.5127126047
-464381930 337573320
#r 0 2.1434084717
-465229302 338887768
#r 1 -465005715 338419428
299350043 -849072587
#r 0 0.9109490676
329999852 -809568293
#r 0 3.6296028394
307918163 -821290025
#r 0 1.1194903686
314258294 -808208603
#r 0 0.6642098390
331383750 -794801552
#r 0 1.3707315781
337645807 -763920125
#r 0 0.5298834246
377927667 -740324605
#r 0 0.6163688372
432666327 -701545477
#r 0 5.2795370458
486077706 -785400080
#r 0 2.3619630625
450725187 -750453093
#r 0 1.9660069836
440689096 -726394910
#r 0 1.9376041537
436006648 -714207234
#r 0 1.8024814831
434503230 -707834700
#r 0 1.6317898185
434303540 -704564799
#r 1 434343068 -704446497
547958642 -796389549
#r 0 0.9486976532
577095739 -755756686
#r 0 2.4585107242
538314182 -724197363
#r 0 0.6809719623
577162241 -692719938
#r 0 2.5335411815
536124106 -664156475
#r 0 2.6928213009
491075064 -642463531
#r 0 2.6112426632
447943560 -617171767
#r 0 2.6448031348
403987699 -593341486
#r 0 1.5313801598
405957997 -543380322
#r 0 4.5674289204
402346674 -568118113
#r 0 4.6968943668
402150856 -580754945
#r 0 4.9558073638
403683737 -586927386
#r 1 403409607 -587573193
120566706 -818818612
#r 0 2.3373224360
85884851 -782802380
#r 0 2.3895968205
49368502 -748647493
#r 0 2.2903703497
16415284 -711043166
#r 0 2.3713441502
-19471599 -676227485
#r 0 1.1356190352
1606960 -630887719
#r 0 1.9066840426
-14873410 -583681815
#r 0 0.1717062292
34391323 -575138628
#r 0 3.0014057551
9636577 -571645424
#r 0 1.3401748290
12757408 -558353925
#r 0 3.0279972211
-5863228 -556229560
#r 0 3.1641806873
-20306079 -556555851
#r 0 0.4407654427
-13773172 -553474175
#r 0 1.2746254079
-12550845 -549468460
#r 0 2.3649715264
-15942455 -546135870
#r 0 0.0583889932
-8822404 -545719664
#r 0 2.0354177817
-11268619 -540839123
#r 0 3.1422253861
-19424654 -540844284
#r 0 1.5566588328
-19279686 -530590811
#r 0 2.1614218437
-27336899 -518573407
#r 0 3.3264971438
-48641753 -522558288
#r 0 3.4837780111
137093106 -178832048
#r 0 2.1282982900
110639703 -136403079
#r 0 1.9144621309
93792663 -89326787
#r 0 5.1351159764
104048886 -112126127
#r 0 4.8548951877
105835247 -124576477
#r 0 5.6144896206
110843247 -128533465
#r 0 2.2624599377
108807768 -126075563
#r 1 107924448 -126244620
-671832205 450572368
#r 0 5.7662733287
-628364734 425862472
#r 0 4.2363473620
-651277959 381421679
#r 0 1.0244503111
-638288744 402782396
#r 0 1.3687714969
-635768215 415088529
#r 0 4.6224030497
-636332636 408833138
#r 1 -637126805 409182746
-468532303 -84888903
#r 0 0.3561863806
-421670630 -67453777
#r 0 2.3438059088
-456585265 -31663160
#r 0 5.5373276028
-438222612 -48628211
#r 0 2.3925560432
-447376926 -40116542
#r 0 2.4376530565
-452141338 -36071340
#r 0 5.3652699908
-450242952 -38553668
#r 0 6.0999645095
-448638044 -38851056
#r 1 -449231772 -38885924
242220329 -192797614
#r 0 0.2357934311
290836794 -181116887
#r 0 1.0296511261
316592689 -138260920
#r 0 1.6591396269
312181267 -88455907
#r 0 0.5375420204
355129758 -62854596
#r 0 1.2670905896
370082678 -15142855
#r 0 1.8060447930
358428447 33479968
#r 0 1.9629118728
339321234 79685102
#r 0 3.0761433788
289428286 82955230
#r 0 1.0736011339
313276396 126901420
#r 0 2.1430314205
286200775 168936057
#r 0 0.6047507866
327332966 197363911
#r 0 3.5957467683
304867155 186396353
#r 0 0.8533806309
313085149 195815193
#r 0 2.6579910103
306741018 199147113
#r 0 0.7886826598
314024576 206478675
#r 0 0.6190587878
320593106 211158680
#r 0 0.7974378440
325955544 216651822
#r 0 0.6028212999
333919880 222133568
#r 0 0.5909231783
344562012 229273305
#r 0 0.8183596800
356953643 242509990
#r 0 4.0866023073
474168597 127670696
#r 0 0.7095422422
512101606 160245024
#r 0 2.8402846072
464354150 175083503
#r 0 0.4344354432
509709540 196128421
#r 0 0.5977854078
551038742 224269086
#r 0 0.4975250965
594977062 248131693
#r 0 0.4053077259
640926117 267846772
#r 0 3.5385477424
617870056 258181473
#r 0 3.6969838472
607248137 251590067
#r 0 1.1272206018
609983915 257347707
#r 0 4.1776410337
608359603 254605385
#r 0 4.0776058516
607406753 253311572
#r 1 607516998 253031268
595496296 -707793242
#r 0 1.9733321455
575908659 -661789715
#r 0 0.5578298123
618328953 -635322403
#r 0 0.4661274792
662994724 -612850889
#r 0 0.5606686577
705339711 -586263259
#r 0 1.3579193565
715903351 -537391902
#r 0 5.5931348359
754464045 -569220707
#r 0 2.2180653575
739388794 -549277368
#r 0 5.5067655745
748306630 -558036488
#r 0 5.0901979394
750661437 -563969869
#r 0 1.7955876414
749949977 -560858381
#r 1 749527451 -560072856
677928845 -196320030
#r 0 2.9547578852
628798990 -187032546
#r 0 3.8153632411
589725259 -218229398
#r 0 2.5708411736
547650498 -191216170
#r 0 2.4820014125
508138359 -160576476
#r 0 2.5367218448
467009581 -132143685
#r 0 5.3197599576
481277346 -152672466
#r 0 2.2838368963
473100639 -143217761
#r 0 1.7083123888
472234365 -136958080
#r 0 4.8975722908
472816144 -140063727
#r 1 472755884 -140339978
134234208 -184258840
#r 0 1.1730611540
153600773 -138161810
#r 0 2.6904622459
108603031 -116362654
#r 0 2.3646131654
72951303 -81306209
#r 0 2.8903767236
24520759 -68877114
#r 0 2.3245005285
-9696461 -32419168
#r 0 1.9110073671
-26380763 14715045
#r 0 1.9793292871
-46243935 60600276
#r 0 1.3825777035
-36888471 109717231
#r 0 4.5838306567
-40093583 84923538
#r 0 4.2791334352
-45360070 73538193
#r 0 4.9129373818
-44068406 67184113
#r 0 1.9297516242
-45207315 70219499
#r 1 -45242313 70193185
-222667336 -46611794
#r 0 1.2647597780
-207603250 1064965
#r 0 3.0235943535
-257255564 6951198
#r 0 3.8607873339
-294872389 -25987753
#r 0 0.7824628096
-277142905 -8362050
#r 0 0.6005180198
-266788682 -1270468
#r 0 0.7629362255
-262239052 3079233
#r 0 4.0924415419
-264067541 517713
#r 0 0.7824282434
-262951544 1627100
#r 1 -263276345 1396315
219528894 970092025
#r 0 3.2161148319
169667669 966369364
#r 0 4.4595355650
157159286 917959237
#r 0 3.5773891739
111832581 896852607
#r 0 4.4673374463
99702265 848346366
#r 0 4.9529864002
111616409 799786576
#r 0 4.8631795362
119127397 750353945
#r 0 0.1256403219
168733279 756619447
#r 0 3.3320254252
144185219 751887350
#r 0 3.0920531437
131648271 752508933
#r 0 3.3934972692
125496275 750925583
#r 0 2.7582086441
122531141 752121546
#r 0 5.7516440648
123909194 751311265
#r 1 124391025 751422086
-384209398 -106897359
#r 0 5.8304209422
-339247335 -128770011
#r 0 0.5906848378
-297719362 -100923513
#r 0 1.4102429091
-289726135 -51566565
#r 0 1.6544694904
-293904913 -1741493
#r 0 0.5034959644
-250109856 22383037
#r 0 2.2103457548
-279951555 62501275
#r 0 5.0633303471
-271357006 39025037
#r 0 2.1153768824
-277832748 49716845
#r 0 6.0884255141
-271475838 48462879
#r 0 2.1284523939
-275814900 55419970
#r 0 2.1257734033
-277975557 58905046
#r 0 2.4029472512
-279492524 60286409
#r 0 1.9740968003
-279936379 61326638
#r 0 2.1716493513
-280268445 61811130
#r 0 2.1130850231
-280464412 62136363
#r 0 1.9854898940
-280591214 62424403
#r 0 2.2008760151
-280781016 62684678
#r 0 2.1417222135
-281010554 63042061
#r 0 2.1558817255
-281338903 63537711
#r 0 2.2845976820
-281905799 64192204
#r 0 1.2539393055
615373946 -411111791
#r 0 2.8797952923
567077628 -398170937
#r 0 2.7727162977
520440974 -380142557
#r 0 2.9272343896
471585319 -369506536
#r 0 2.7317997396
425725152 -349585566
#r 0 5.9556932340
449396452 -357627301
#r 0 6.0863969926
461737904 -360087798
#r 0 3.0565689711
455468466 -359553459
#r 0 6.2154049769
458607325 -359766538
#r 1 458265856 -359696860
326662212 790338362
#r 0 5.3991453909
358363824 751673031
#r 0 3.3429811423
309374335 741671533
#r 0 4.9112008596
319249573 692656437
#r 0 4.9725095688
332109427 644338488
#r 0 3.0950930927
282163472 646662628
#r 0 5.4760184895
316740857 610546088
#r 0 2.7413834690
293716369 620286363
#r 0 5.1439259740
299738463 607208575
#r 0 5.7945670338
318807112 597071402
#r 0 5.0227438517
328222600 567713949
#r 0 6.0620793282
372811062 557691310
#r 0 3.3829949986
350623128 552228562
#r 0 2.6969343089
338331188 558085473
#r 0 5.2055659244
341635786 551937107
#r 0 6.1961774484
351950631 551037363
#r 0 6.2480939320
366442807 550528604
#r 0 0.0145057209
387393647 550832532
#r 0 6.2261963591
418109732 549080157
#r 0 6.1189783476
463391425 541577028
#r 0 2.9871778064
440714930 545106714
#r 0 0.0592991092
340630368 -61653550
#r 0 2.1420448777
313596229 -19592222
#r 0 1.4656421952
318844252 30131598
#r 0 1.8654259573
304324979 77977086
#r 0 1.2420089874
320469757 125298816
#r 0 1.1800476341
339513796 171530024
#r 0 1.1711426739
358968762 217589815
#r 0 1.8408912300
345627617 265777094
#r 0 5.0486165797
353875824 242176944
#r 0 4.5969281828
352429487 229706005
#r 0 1.4155679948
353399988 235907793
#r 1 353092848 236844460
-936931568 -253662529
#r 0 1.0573770305
-912373640 -210109020
#r 0 0.9047793303
-881480685 -170794578
#r 0 1.4812576433
-877009730 -120994874
#r 0 1.0904285484
-853904462 -76653622
#r 0 4.3379677024
-863047811 -99921608
#r 0 4.1217955559
-870086111 -110420024
#r 0 4.2491330054
-872910237 -116073810
#r 0 4.0791258730
-874805376 -118655306
#r 1 -875652161 -119183933
-55698254 -527054964
#r 0 3.4535886723
-103284393 -542402909
#r 0 3.2295395020
-153091151 -546794585
#r 0 6.1427737995
-128337190 -550293349
#r 0 2.8737803247
-140391590 -546985569
#r 0 4.0622770935
-144235391 -552040668
#r 0 0.9960934394
-142509372 -549375511
#r 0 0.8116977381
-141410468 -548217230
#r 1 -141091584 -547854595
-176767589 -188188183
#r 0 3.9454029547
-211466005 -224188460
#r 0 0.8090362834
-194211102 -206097901
#r 0 1.9181688821
-198466574 -194344200
#r 0 5.7314978711
-188862053 -200255104
#r 0 1.4631883479
-187944602 -191762169
#r 0 3.7882346120
-192627330 -195297250
#r 0 0.6249575725
-190248192 -193580893
#r 0 0.6303999938
-189062754 -192715846
#r 0 0.7471550905
-188523682 -192216505
#r 0 1.6372326217
-188548114 -191849298
#r 0 1.5563750318
-188543717 -191544446
#r 0 0.8159747477
-188325340 -191312289
#r 0 3.9546622032
-188434865 -191428050
#r 0 3.9097402180
-188492171 -191483413
#r 0 1.9827009005
-188508162 -191446811
#r 0 1.8149460986
-188520721 -191396399
#r 0 3.6599321919
-188585792 -191433513
#r 0 0.3530088147
-188550647 -191420564
#r 0 0.7525420321
-188536609 -191407419
#r 0 1.9705513884
-188540371 -191398514
#r 0 2.1292748261
133207554 429148051
#r 0 6.1090528216
182451414 420485361
#r 0 2.9071549293
158135287 426292764
#r 0 6.0492201059
170294721 423394808
#r 0 3.2882315773
164111798 422481596
#r 0 3.5964978224
160928088 420924382
#r 0 5.9064546666
163741595 419811283
#r 0 5.2468476487
165924199 416123966
#r 0 3.3471558196
159654518 414816685
#r 0 6.0844421527
162793743 414184439
#r 0 5.1473509799
163569622 412514592
#r 0 3.4775847438
161535368 411804162
#r 0 0.4463028627
162507208 412269191
#r 0 0.4310794015
163002524 412497001
#r 0 2.3079911324
162811827 412707029
#r 0 5.3989298103
162901736 412597322
#r 0 5.2690151093
162939301 412536953
#r 0 3.4921332229
162904181 412524112
#r 0 3.5626094427
162857630 412503267
#r 0 3.0227554085
162785627 412511864
#r 0 2.9977980630
162678047 412527441
#r 0 6.1192785238
420725815 -425022251
#r 0 3.7712643638
380314771 -454466224
#r 0 3.8988836140
343979788 -488813990
#r 0 1.5626706659
344386067 -438815641
#r 0 1.5484944542
345501068 -388828075
#r 0 0.9907699582
372903368 -347005665
#r 0 4.3034839601
362963246 -369944584
#r 0 2.5815615848
352067795 -363113214
#r 0 1.3569753666
354883636 -350145368
#r 0 1.5696673453
354906105 -330243218
#r 0 4.4790846796
352605479 -339924702
#r 0 4.3152507256
350580394 -344752955
#r 0 4.4571123765
349709352 -348090662
#r 0 4.3930909909
348835561 -350733624
#r 0 2.0081636266
347548668 -347981313
#r 0 2.0684939621
345723186 -344621427
#r 0 4.4553550916
344363516 -349794263
#r 0 1.8372536079
343659339 -347214367
#r 0 0.1440084151
345299202 -346976567
#r 0 1.4542872113
345438290 -345788180
#r 0 3.2752445754
344843129 -345868201
#r 0 4.4153649007
-984543034 144270826
#r 0 0.9225915262
-954355219 184129273
#r 0 0.7267198965
-916987329 217350363
#r 0 6.1738180509
-867286061 211892895
#r 0 1.0622366735
-842940077 255565232
#r 0 0.9820551868
-815174350 297147252
#r 0 1.4171812804
-807523770 346558472
#r 0 4.7376493667
-806892327 321566448
#r 0 4.0237250817
-815085731 311612032
#r 0 0.9291050305
-811227255 316776112
#r 0 0.7354851306
-808831983 318943461
#r 1 -809082146 318903351
366737756 485628537
#r 0 5.0609306595
383814133 438634949
#r 0 4.6022887566
378320237 388937694
#r 0 4.6544723450
375426024 339021529
#r 0 0.2043537310
424385641 349168248
#r 0 4.6078558786
419168499 299441179
#r 0 3.5309163205
372910200 280463040
#r 0 1.5401702331
374441265 330439593
#r 0 1.4617597565
379882297 380142663
#r 0 3.8493833757
341892292 347634826
#r 0 0.6961776044
361074767 363667062
#r 0 0.7209993968
370465363 371919871
#r 0 0.6486873943
375446532 375696271
#r 0 0.9474651405
377279671 378246016
#r 1 377122367 377975894
-649282821 -270779598
#r 0 5.3531887672
-619390983 -310860492
#r 0 1.4378037158
-612760937 -261302017
#r 0 0.8817073783
-580969223 -222710736
#r 0 0.9933811948
-553676225 -180816915
#r 0 5.4559462063
-519830698 -217620180
#r 0 1.1126347501
-497715696 -172776823
#r 0 4.6987052840
-498057778 -197774481
#r 0 0.5752209246
-485698102 -189760971
#r 0 1.7030127509
-488602266 -167923887
#r 0 1.7374625257
-493470771 -138983746
#r 0 0.9733449316
-470143217 -104698781
#r 0 0.9422382973
-433873815 -54803366
#r 0 4.4181151908
-442819506 -84319973
#r 0 0.4973322957
-427840958 -76188963
#r 0 1.0503688405
-415157910 -54059504
#r 0 1.1714373408
-400625264 -19625041
#r 0 2.3256585158
-438264322 20385871
#r 0 2.3069731766
-481601356 68213791
#r 0 2.2601487455
-536711405 135074796
#r 0 5.0845934517
-520956155 94718261
#r 0 1.9070144691
411724544 245564399
#r 0 3.2339023246
361937420 240955467
#r 0 2.4589445892
323142174 272497961
#r 0 3.7682502381
282642566 243175926
#r 0 3.8310542763
244063136 211369833
#r 0 0.5537878720
265326599 224517651
#r 0 1.1562536979
270452938 236167292
#r 0 4.3051582682
267932427 230323886
#r 0 4.4084813605
266980184 227287621
#r 0 4.1591693565
266132667 225915221
#r 1 266046074 225686644
795592083 -315379132
#r 0 0.0430326649
845545795 -313228163
#r 0 0.7938384826
880601468 -277575676
#r 0 0.8437725792
913833911 -240217882
#r 0 1.1846374287
932665558 -193899753
#r 0 4.3192002739
923087164 -216992054
#r 0 5.9171422565
934759627 -221466318
#r 0 2.7579276988
928963723 -219126693
#r 0 2.8580636537
925962412 -218252174
#r 0 2.5286400267
924678528 -217349189
#r 1 924384276 -217507344
-521849662 466816098
#r 0 2.2936815242
-554927214 504311105
#r 0 4.7598228505
-552556410 454367344
#r 0 2.2968029384
-585750838 491758920
#r 0 2.1385453119
-612637616 533914598
#r 0 2.2801690536
-645205513 571853128
#r 0 2.2230461598
-675554309 611589139
#r 0 5.2069857617
-663687390 589585135
#r 0 2.4414136188
-673246475 597639567
#r 0 5.6968374784
-668040432 594181301
#r 0 5.4878441894
-665824669 591921031
#r 1 -666451583 592682929
-558514126 -706353026
#r 0 1.3191557413
-546064466 -657927764
#r 0 1.3272588389
-534007605 -609403213
#r 0 1.3642824486
-523755150 -560465629
#r 0 1.3762815879
-514090628 -511408550
#r 0 1.5005578906
-510581593 -461531835
#r 0 4.9191283274
-505449849 -485999471
#r 0 1.6439823156
-506363857 -473532932
#r 0 2.0559825968
-509330148 -467906653
#r 1 -509208475 -468685176
-218018041 -776753981
#r 0 5.5955832739
-179379531 -808488278
#r 0 5.5168477268
-143356762 -843163342
#r 0 1.7045631427
-150025174 -793610014
#r 0 5.4091453170
-117938503 -831956403
#r 0 5.5125861754
-82063830 -866784665
#r 0 5.3363879293
-52849572 -907362086
#r 0 5.4426476183
-19496455 -944612181
#r 0 5.4194863592
12985035 -982624716
#r 0 2.3131700710
-3915939 -964203069
#r 0 5.5326410719
5225533 -972728530
#r 0 2.7062709788
-441556 -970092892
#r 0 5.9336712208
2494503 -971163021
#r 0 5.4817655381
3589484 -972293663
#r 1 3623718 -971966607
517252615 315449462
#r 0 3.1921746911
467316565 312921438
#r 0 6.1939047918
492216993 310692389
#r 0 3.0631721826
479755410 311671640
#r 0 2.8295052969
473806617 313590903
#r 0 5.7161476899
476442852 311912156
#r 0 2.5199998308
475172465 312822155
#r 1 475199323 312768910
-836634468 79323631
#r 0 0.0633019841
-786734613 82486617
#r 0 1.3805216571
-777278182 131584233
#r 0 1.3248097453
-765102516 180079111
#r 0 1.5868853255
-765906931 230072640
#r 0 5.9813795266
-718166867 215210397
#r 0 5.7732338741
-674528456 190803654
#r 0 0.1718278510
-625264762 199352832
#r 0 5.5290336283
-588822131 165119301
#r 0 5.7525328125
-545698280 139814490
#r 0 5.2955003841
-518167087 98076816
#r 0 2.1046339291
-530888105 119598333
#r 0 5.6136434776
-521086780 111840499
#r 0 2.7982653430
-526972028 113944387
#r 1 -526598403 114251999
-478957491 -425697431
#r 0 1.4751872804
-474184318 -375925784
#r 0 1.3500259279
-463235249 -327139332
#r 0 0.8860101674
-431609879 -288411616
#r 0 1.2745683881
-417014153 -240589395
#r 0 1.6805958083
-422493103 -190890490
#r 0 0.6900254213
-383931611 -159062651
#r 0 1.0796621629
-360350296 -114972725
#r 0 1.2540931012
-344778524 -67459359
#r 0 1.4319148955
-337856754 -17940786
#r 0 1.3858368769
-328661420 31206399
#r 0 0.2745353910
-280533857 44761387
#r 0 2.0580396927
-303943449 88942729
#r 0 2.0273732917
-325987364 133821074
#r 0 5.1832901402
-314645125 111542079
#r 0 1.9190952811
-318911367 123291512
#r 0 2.0788007920
-321996887 128833616
#r 0 2.4648116227
-324486665 130833782
#r 1 -324338986 130293565
744680137 283363242
#r 0 5.8515741531
790094783 262446505
#r 0 5.5405259416
826928422 228634036
#r 0 1.4558226661
832664448 278303926
#r 0 1.3976025753
841280908 327555897
#r 0 1.3374782515
852841256 376201126
#r 0 1.3959970274
861536781 425439199
#r 0 4.5002378985
856272700 400999694
#r 0 1.5398279492
856659743 413493699
#r 0 1.0691358814
859762089 419150161
#r 1 860017850 419417541
787479252 -388621533
#r 0 0.5755380369
829424231 -361407222
#r 0 1.5348372829
831221796 -311439545
#r 0 0.0929536692
881005942 -306798552
#r 0 0.0508640053
930941277 -304256448
#r 0 5.6539282906
948429678 -316987609
#r 0 2.4849802342
939862861 -310385240
#r 1 939396503 -311204750
734374273 161323653
#r 0 0.4704591946
778942285 183988435
#r 0 2.2404374589
747907052 223190658
#r 0 6.2455873097
797871716 221311201
#r 0 6.2218416385
847777669 218245941
#r 0 6.0049820719
895855191 204514520
#r 0 2.6650771756
873640226 215981661
#r 0 3.5599000289
861778711 210708697
#r 0 0.4652839073
867579118 213620774
#r 0 3.5798291485
864640598 212243702
#r 0 0.4559402870
866097438 212958140
#r 1 866513054 213169344
-835925574 -325109799
#r 0 0.7817731804
-800442305 -289882854
#r 0 1.3867014044
-791289464 -240727737
#r 0 1.2998018020
-777904974 -192552480
#r 0 1.0770441461
-754208312 -148524441
#r 0 1.3714001820
-744304438 -99515123
#r 0 1.3964665197
-735632031 -50272973
#r 0 0.8982046889
-704481267 -11162490
#r 0 0.4616070270
-659714372 11106886
#r 0 0.2290488833
-611020233 22459454
#r 0 0.6078690293
-569976887 51015430
#r 0 0.4127560943
-524175950 71072204
#r 0 0.5175752370
-480724878 95810925
#r 0 0.5458622642
-437990880 121768687
#r 0 0.6352899043
-397745895 151439231
#r 0 0.6123464503
-356830817 180178688
#r 0 1.3095421796
-343916200 228482028
#r 0 0.3069865500
-296253774 243591400
#r 0 0.4555018113
-251351755 265587051
#r 0 0.4267792397
-205836571 286284105
#r 0 4.0051023132
-222080913 267280912
#r 0 4.1586139548
191098699 -491490599
#r 0 5.6814606519
232316728 -519793852
#r 0 5.7042344794
274168586 -547151154
#r 0 5.5917946851
312686590 -579031608
#r 0 2.5056792068
292573353 -564183792
#r 0 2.3375424896
283874264 -555153986
#r 1 283601544 -555204666
76967052 -918743877
#r 0 2.0729843431
52899824 -874917303
#r 0 1.6057126578
51154362 -824947779
#r 0 1.7039887970
44514412 -775390630
#r 0 1.0996527415
67209691 -730838140
#r 0 1.7485372807
58369362 -681625859
#r 0 2.0747836605
34223315 -637842661
#r 0 1.6830806060
28620891 -588157524
#r 0 1.7798508024
18244138 -539246145
#r 0 1.7554364129
9064501 -490096025
#r 0 1.6224318258
6483873 -440162666
#r 0 0.9744243028
34566096 -398793732
#r 0 2.2080737617
4815622 -358607798
#r 0 2.2263587086
-25664635 -318972537
#r 0 1.7992008742
-36985825 -270271093
#r 0 1.7147207709
-44157229 -220788056
#r 0 1.6596986032
-48596490 -170985516
#r 0 1.8523650570
-62489637 -122954480
#r 0 1.5381183400
-60856028 -72981174
#r 0 0.8407403681
-27510461 -35724320
#r 0 1.7210900730
-34996890 13712037
#r 0 1.0902314175
-458212991 -390070259
#r 0 1.8136354754
-470235963 -341537300
#r 0 1.1719399398
-450817725 -295462013
#r 0 0.6953319360
-412425670 -263429996
#r 0 2.0593832082
-435894599 -219280145
#r 0 0.6054414529
-394782052 -190823889
#r 0 1.6034127208
-396412583 -140850482
#r 0 1.2814309456
-382145381 -92929224
#r 0 1.3236552374
-369913735 -44448436
#r 0 1.2098311972
-352254868 2329384
#r 0 0.9959092801
-325067868 44292070
#r 0 1.0405540691
-299780751 87426299
#r 0 0.9178305285
-269403513 127140571
#r 0 1.3787790630
-259861539 176221634
#r 0 1.3722157264
-249997638 225239013
#r 0 1.1988502763
-231826183 271820106
#r 0 4.4380371344
-238599260 247755081
#r 0 0.9741741099
-231576117 258095558
#r 0 4.0191558795
-235570038 253288158
#r 0 0.6706391127
-233121837 255230304
#r 0 3.7710079473
-234384917 254310504
#r 1 -234655082 253895414
-561441965 -303326039
#r 0 1.1114795050
-539275173 -258508260
#r 0 1.2614124184
-524051580 -210882193
#r 0 1.3448640605
-512850828 -162152909
#r 0 1.4432365226
-506490120 -112559145
#r 0 1.3592062025
-495989379 -63674235
#r 0 0.4192048097
-450318734 -43322523
#r 0 1.3297397031
-438382292 5231791
#r 0 1.9048258010
-454774914 52468238
#r 0 1.0530665971
-430029480 95915488
#r 0 2.1001663868
-455278966 139071756
#r 0 0.3079520177
-407631150 154227138
#r 0 0.3142710542
-360080052 169683303
#r 0 0.8127795247
-325705922 205993346
#r 0 0.4646805868
-281007684 228400210
#r 0 0.7270037310
-243649225 261631905
#r 0 0.8279249588
-209828948 298458374
#r 0 1.4746546133
-205029264 348227471
#r 0 2.8339520060
-252681797 363368016
#r 0 1.3099696556
-239787829 411676872
#r 0 0.7022429932
-201618065 443973452
#r 0 0.6631060878
-143029320 -288205830
#r 0 1.5665433277
-142816671 -238206282
#r 0 1.4409432496
-136342248 -188627236
#r 0 2.1153862885
-162245619 -145860246
#r 0 1.3757677076
-152555888 -96808140
#r 0 1.4969096999
-148864917 -46944559
#r 0 1.4481484380
-142747885 2679850
#r 0 1.6141327502
-144914028 52632906
#r 0 0.7653811037
-108858109 87273499
#r 0 0.4507570628
-63852232 109055854
#r 0 1.9789779140
-83699280 154948061
#r 0 1.4674237995
-78539854 204681152
#r 0 1.7471022992
-87309555 253906068
#r 0 1.7134229332
-94416732 303398371
#r 0 1.8662495991
-108975408 351231884
#r 0 3.9645284282
-142978998 314574608
#r 0 0.7851841343
-125297545 332248494
#r 0 0.9008804376
-117524993 342060870
#r 0 0.5558224846
-112199661 345368674
#r 0 3.0813639553
-115539227 345570055
#r 0 6.0995459667
-113894538 345264584
#r 1 -113542829 345430665
-217724255 370576245
#r 0 1.2204371677
-200562497 417538720
#r 0 1.0940865412
-177619583 461964194
#r 0 4.1093975830
-191797304 441373123
#r 0 0.9508611397
-184535024 451547074
#r 0 1.8837757754
-186459918 457495159
#r 0 4.9656200396
-185676777 454468953
#r 0 5.1971949791
-184945791 453081184
#r 1 -184972141 452904954
231282029 -813119927
#r 0 1.7397764060
222873177 -763832087
#r 0 1.2385722901
239180490 -716566121
#r 0 1.3105646912
252045710 -668249601
#r 0 1.5834728600
251411900 -618253618
#r 0 1.8374227387
238237972 -570020355
#r 0 1.3123070992
251018985 -521681492
#r 0 2.2734181143
218707949 -483523964
#r 0 1.9797834176
198823941 -437647759
#r 0 2.4355626081
160776759 -405206860
#r 0 1.6705755459
155796072 -355455551
#r 0 1.2542975046
171358132 -307939003
#r 0 1.8810806523
156091662 -260326663
#r 0 1.2629691478
171241095 -212676955
#r 0 1.1667066098
190900193 -166703921
#r 0 2.0080537224
169727368 -121408099
#r 0 1.1542985357
189955375 -75682529
#r 0 1.9607683097
170947250 -29436543
#r 0 1.0970826739
193756957 15057471
#r 0 2.0202901699
172031471 60090828
#r 0 0.7608012348
208245661 94565927
#r 0 2.6790418753
-173650117 941397434
#r 0 0.0700043351
-123772582 944894793
#r 0 3.1308600031
-148771142 945163104
#r 0 3.6500151663
-159760967 939038590
#r 0 0.2684496085
-153695689 940707085
#r 1 -154010546 941604182
-974261600 -135035256
#r 0 1.3599399610
-963796731 -86142654
#r 0 1.3720121503
-953922851 -37127284
#r 0 1.2980498559
-940453981 11024451
#r 0 1.2058764249
-922610257 57732068
#r 0 1.1820065715
-903656818 104000493
#r 0 1.1065122232
-881267678 148707611
#r 0 1.1384960264
-860319648 194107832
#r 0 1.2092002260
-842631270 240874500
#r 0 0.9667923827
-814234143 282027910
#r 0 1.2427987144
-798126741 329362375
#r 0 1.3810695163
-788697210 378465165
#r 0 0.8448032615
-755503289 415857191
#r 0 1.0424448727
-730297775 459039156
#r 0 1.1119147812
-708150493 503866580
#r 0 4.1954911962
-720505133 482132669
#r 0 4.4602452161
-723634115 469987258
#r 0 1.7670744219
-724857086 476137845
#r 0 4.9244884647
-724197024 473072611
#r 1 -724171402 473791025
-219071864 876570219
#r 0 1.4230272867
-211710271 926025319
#r 0 1.2098702324
-194053230 972803828
#r 0 4.3791673150
-202230459 949178991
#r 0 4.4313211505
-205700390 937160281
#r 0 1.7928055745
-207077633 943261564
#r 0 4.9993493722
-206192460 940262051
#r 0 4.8525286473
-205973121 938707166
#r 1 -205948151 938409452
841216372 -245702053
#r 0 1.9540409928
822519786 -199329241
#r 0 1.8373722067
809348295 -151095313
#r 0 1.8444780498
795834397 -102956196
#r 0 2.5044129865
755645554 -73209651
#r 0 2.6889853868
710680055 -51344063
#r 0 1.8122686323
698723431 -2794715
#r 0 2.2275498191
668195986 36804213
#r 0 1.8362735558
655077496 85052583
#r 0 2.3960074260
618342946 118972677
#r 0 1.9615210833
599300014 165204341
#r 0 2.0415361895
576622724 209765990
#r 0 2.6947310614
531532336 231372861
#r 0 2.3226224070
497383649 267895007
#r 0 2.4989651621
457357456 297860051
#r 0 0.8965683924
488572175 336919510
#r 0 3.1936818786
438639992 334316226
#r 0 2.7210218611
392997190 354730305
#r 0 5.7197833993
414133268 341378670
#r 0 6.2567263379
426880840 341041304
#r 0 3.1656460237
420506667 340887954
#r 0 6.2576541887
-554460271 622376857
#r 0 2.9625037270
-603660591 631283514
#r 0 2.8720836006
-651855678 644596426
#r 0 2.9418026743
-700861092 654519601
#r 0 2.5352243728
-734927566 678145612
#r 0 5.4719931784
-720653080 663115066
#r 0 5.2639863383
-714999155 653926251
#r 0 2.0242692390
-717362418 658775507
#r 0 2.1530349413
-718859815 661049899
#r 1 -718505212 660227741
-710372218 -603481641
#r 0 1.3673149414
-700268213 -554513191
#r 0 1.6590724837
-704676291 -504707882
#r 0 1.6178551366
-707028363 -454763235
#r 0 0.9976184327
-679913123 -412754143
#r 0 0.9249662703
-649820047 -372824120
#r 0 1.6399441606
-653274684 -322943608
#r 0 1.5999928125
-654734301 -272964917
#r 0 1.6791566531
-660141721 -223258179
#r 0 1.6761454749
-665399440 -173535384
#r 0 0.9483697094
-636249019 -132912078
#r 0 0.8558129036
-603468774 -95156873
#r 0 1.8776920718
-618573818 -47493075
#r 0 0.3179185881
-571079413 -31863568
#r 0 1.7909804899
-581999880 16929294
#r 0 1.8252927236
-594587783 65318804
#r 0 0.2913694683
-546695214 79682016
#r 0 2.1748371838
-575093860 120834378
#r 0 1.3671115395
-564979894 169800772
#r 0 2.0093076830
-586209501 215070009
#r 0 0.1470913669
-536749423 222398086
#r 0 2.0036833315
57367412 137137296
#r 0 0.4974968794
101306406 160998663
#r 0 2.0386808213
78756448 205624882
#r 0 0.6808458141
117608478 237097406
#r 0 0.8041386326
152295072 273109074
#r 0 2.3695372928
116471155 307989541
#r 0 2.0401569735
93855347 352582424
#r 0 2.4463219225
55461332 384612092
#r 0 2.6279720451
11912767 409178787
#r 0 2.4839045658
-27657613 439743228
#r 0 2.6022974062
-70561153 465419798
#r 0 5.8828093035
-47538291 455675682
#r 0 2.6544488867
-58584209 461526979
#r 0 5.6389466665
-53586977 457773293
#r 0 2.4006412562
-55892685 459882637
#r 0 5.5440987112
-54737867 458830117
#r 1 -54457920 458702950
350298717 99524416
#r 0 1.2698121400
365121732 147276675
#r 0 1.2711510678
379880797 195048738
#r 0 1.2997564907
393267470 243223389
#r 0 1.2625508016
408436836 290866755
#r 0 1.3194647824
420871530 339295862
#r 0 0.6345457029
461138585 368936448
#r 0 3.7269201762
440300305 355124638
#r 0 3.8367154131
430677395 347099275
#r 0 3.8701785653
426002270 342927314
#r 0 3.8466450472
423608688 340890466
#r 1 423562849 340914992
124361302 -505132095
#r 0 1.1037141170
146875450 -460487799
#r 0 1.1099220010
169112019 -415704599
#r 0 1.1951152436
187457329 -369191702
#r 0 1.9139790063
170633035 -322107277
#r 0 0.9925635970
197960276 -280235785
#r 0 1.0040320168
224805531 -238053653
#r 0 0.9182683062
255165380 -198326086
#r 0 1.3475628099
266234583 -149566751
#r 0 1.9476103710
247836588 -103074668
#r 0 1.0304593685
273557837 -60197898
#r 0 2.0222833862
251742633 -15207934
#r 0 0.9151611944
282225774 24425110
#r 0 1.0280608368
308049790 67240063
#r 0 1.2179159282
325329897 114159120
#r 0 0.8053540629
359972696 150212920
#r 0 2.8130525737
312646975 166345997
#r 0 1.2442262472
328686789 213703408
#r 0 0.8542827076
361524768 251408409
#r 0 0.7402516511
398439711 285132095
#r 0 1.2897590968
412307328 333170509
#r 0 0.6702148779
-544744435 413022941
#r 0 1.3428404684
-533445098 461729460
#r 0 0.7590461606
-497170458 496140948
#r 0 0.0837520746
-447345716 500323658
#r 0 0.7325538109
-410172270 533762183
#r 0 2.9743163172
-459474365 542087049
#r 0 2.8973775257
-507990735 554176790
#r 0 3.1321531327
-557988507 554648759
#r 0 1.1915953669
-539479591 601096795
#r 0 1.1442382578
-518792604 646616555
#r 0 3.4200934434
-566866038 632870829
#r 0 3.4153868940
-615003634 619351515
#r 0 3.4433144477
-662744946 604493282
#r 0 0.9087124470
-632006858 643928925
#r 0 0.6737561834
-592932678 675125214
#r 0 3.6158968629
-615172945 663707225
#r 0 3.5966258953
-626837719 657999908
#r 0 3.6935828167
-633219757 654069550
#r 0 3.6046151382
-637788532 651788731
#r 0 3.6965389096
-641935023 649218190
#r 0 3.6448712813
-646862212 646505441
#r 0 0.3636341122
-119196968 -904270036
#r 0 1.5045294990
-115886051 -854379778
#r 0 1.2231494258
-98851730 -807370929
#r 0 1.1149412369
-76840218 -762476683
#r 0 0.9822651064
-49083220 -720888835
#r 0 1.2202592116
-31913105 -673929415
#r 0 1.1282369109
-10500420 -628746488
#r 0 1.2665969163
4476052 -581042135
#r 0 1.6050809856
2762155 -531071518
#r 0 1.1419089369
23555116 -485600068
#r 0 2.2337465773
-7217127 -446191071
#r 0 2.1122190673
-32984915 -403342254
#r 0 2.2034412246
-62548907 -363018931
#r 0 0.9761701550
-34538950 -321601032
#r 0 1.1451383032
-13892941 -276062671
#r 0 0.9685525380
14431705 -234859341
#r 0 1.9145456829
-2419268 -187784457
#r 0 0.8829475650
29324561 -149153778
#r 0 1.7021132315
22777570 -99584262
#r 0 1.8427114276
9348737 -51421346
#r 0 0.9680551826
37693873 -10232109
#r 0 2.5518032743
-804414631 -463783652
#r 0 1.4862042397
-800190069 -413962441
#r 0 0.5216921915
-756841213 -389045044
#r 0 0.6490014824
-717006828 -358825484
#r 0 1.4187694343
-709434730 -309402176
#r 0 1.6987804921
-715816483 -259811116
#r 0 1.5601195182
-715282653 -209813966
#r 0 1.3781925914
-705711896 -160738508
#r 0 1.2842030387
