701687785 -541700890
#r 0 3.7548464492
701687785 -540700890
#r 0 2.0486906123
702067362 -541433754
#r 0 1.7223363372
-499127383 633119407
#r 0 4.6686468114
-499127383 632119407
#r 0 0.4902407574
-499172200 632095488
#r 0 5.3925282223
-483608482 -622730427
#r 0 5.3579232999
-483608482 -621730427
#r 0 1.2664354714
-483830153 -622436114
#r 0 3.1465399664
-400050622 -282770132
#r 0 1.3106432467
-400050622 -281770132
#r 0 3.6878420456
-399733043 -281577058
#r 0 3.6585103953
301295572 728310821
#r 0 3.4234121725
301295572 727310821
#r 0 3.3793774981
280088990 722170978
#r 0 2.9104623089
538670319 187274473
#r 0 2.0071685228
538670319 186274473
#r 0 3.4846907079
539070078 186417277
#r 0 0.1088488774
-356518068 -65592954
#r 0 1.8933203360
-356518068 -64592954
#r 0 4.5209007144
-356640759 -65225827
#r 0 4.8752525348
-276446552 932869643
#r 0 4.7976525023
-276446552 931869643
#r 0 4.4757831633
-276383449 932131347
#r 0 4.3659385968
-550539604 -271667289
#r 0 3.6450637746
-550539604 -270667289
#r 0 3.7470951694
-557610379 -275562000
#r 0 3.7875212613
-618319202 -169265767
#r 0 4.9143334042
-618319202 -168265767
#r 0 1.9036750659
-618821197 -166813841
#r 0 1.9203252152
755102565 -188650360
#r 0 4.5448397573
755102565 -187650360
#r 0 3.3485520071
755277927 -187613540
#r 0 2.6414836354
380790345 -501424583
#r 0 1.0718348461
380790345 -500424583
#r 0 2.8060313000
381248270 -500584285
#r 0 1.0744238301
-579009961 358478730
#r 0 0.1022660645
-579009961 357478730
#r 0 3.8970387001
-577818346 358601018
#r 0 6.1086909044
299350043 -849072587
#r 0 1.8249688610
299350043 -848072587
#r 0 0.1919719585
299102739 -848120654
#r 0 2.6118443995
547958642 -796389549
#r 0 1.7137241551
547958642 -795389549
#r 0 0.7853057240
547832834 -795515333
#r 0 2.7125895866
120566706 -818818612
#r 0 0.9497190870
120566706 -817818612
#r 0 3.8441257042
122381835 -816281873
#r 0 2.2063832456
137093106 -178832048
#r 0 0.6392217962
137093106 -177832048
#r 0 1.4536147608
136964096 -178927946
#r 0 0.9729424740
-671832205 450572368
#r 0 4.2774008607
-671832205 449572368
#r 0 5.7860818638
-672203317 449773714
#r 0 0.3829024733
-468532303 -84888903
#r 0 5.5178658520
-468532303 -83888903
#r 0 5.4460738499
-461800182 -91355966
#r 0 5.4284012165
242220329 -192797614
#r 0 2.5559762208
242220329 -191797614
#r 0 4.4703511708
242008187 -192656916
#r 0 3.1921531312
474168597 127670696
#r 0 1.7954151525
474168597 126670696
#r 0 3.5143602131
474378332 126752713
#r 0 4.3771872891
595496296 -707793242
#r 0 2.9789104562
595496296 -706793242
#r 0 0.4467072948
593941408 -707538034
#r 0 3.5803516386
677928845 -196320030
#r 0 4.7548340690
677928845 -195320030
#r 0 3.2777208837
677886620 -195325814
#r 0 4.7478286304
134234208 -184258840
#r 0 1.8479472658
134234208 -183258840
#r 0 0.9007212562
134024885 -183523011
#r 0 3.5945858167
-222667336 -46611794
#r 0 0.3403596860
-222667336 -45611794
#r 0 2.0618367841
-222217748 -46452576
#r 0 3.0828476996
219528894 970092025
#r 0 3.4133654337
219528894 969092025
#r 0 4.7442559854
219497297 970083220
#r 0 4.6918020824
-384209398 -106897359
#r 0 4.8286929601
-384209398 -105897359
#r 0 1.0660962623
-384305834 -106071929
#r 0 4.5301073390
615373946 -411111791
#r 0 5.9083197251
615373946 -410111791
#r 0 5.8096708381
623782693 -414420392
#r 0 5.8147719935
326662212 790338362
#r 0 4.0475054451
326662212 789338362
#r 0 4.8207462278
326566684 790216509
#r 0 3.0506190265
340630368 -61653550
#r 0 3.5138178585
340630368 -60653550
#r 0 3.6737367383
335589422 -63621663
#r 0 2.1054145152
-936931568 -253662529
#r 0 0.6817106040
-936931568 -252662529
#r 0 0.0728749893
-935577454 -252563673
#r 0 1.2746118494
-55698254 -527054964
#r 0 1.9893099848
-55698254 -526054964
#r 0 1.5896149714
-55678602 -527099148
#r 0 1.5355292342
-176767589 -188188183
#r 0 1.1252349294
-176767589 -187188183
#r 0 6.0710404829
-176334543 -187281455
#r 0 3.0823962956
133207554 429148051
#r 0 2.5878806346
133207554 428148051
#r 0 5.5420318476
129840354 431229736
#r 0 2.3420803274
420725815 -425022251
#r 0 5.6743474843
420725815 -424022251
#r 0 3.1579038318
419324279 -424045114
#r 0 2.7295526286
-984543034 144270826
#r 0 6.1816024811
-984543034 143270826
#r 0 0.0876507220
-979274596 143733795
#r 0 0.5473676508
366737756 485628537
#r 0 3.5088949755
366737756 484628537
#r 0 5.6778134988
365809091 485271221
#r 0 5.3946870223
-649282821 -270779598
#r 0 1.3899432277
-649282821 -269779598
#r 0 6.0284968636
-649108279 -269825039
#r 0 6.0430796141
411724544 245564399
#r 0 4.8750528435
411724544 244564399
#r 0 2.4997312206
411911604 244424583
#r 0 4.7581388436
795592083 -315379132
#r 0 1.5675535592
795592083 -314379132
#r 0 0.7810719460
795595336 -314375907
#r 0 0.7066169825
-521849662 466816098
#r 0 0.1856897679
-521849662 465816098
#r 0 5.3776553229
-522533458 466687644
#r 0 3.9806297875
-558514126 -706353026
#r 0 2.2746051605
-558514126 -705353026
#r 0 2.1883426470
-554164905 -711476867
#r 0 2.2051007293
-218018041 -776753981
#r 0 5.6715054037
-218018041 -775753981
#r 0 4.1886492940
-218429071 -776465675
#r 0 0.1956359268
517252615 315449462
#r 0 2.1940027462
517252615 314449462
#r 0 3.8289867743
517704644 314820562
#r 0 5.8083354562
-836634468 79323631
#r 0 0.0542123532
-836634468 78323631
#r 0 5.7345560315
-838137128 79242088
#r 0 4.2436410488
-478957491 -425697431
#r 0 6.0391984175
-478957491 -424697431
#r 0 0.5194722889
-480175803 -425394137
#r 0 2.2467079080
744680137 283363242
#r 0 3.9964622410
744680137 282363242
#r 0 3.0830596730
743852442 282411745
#r 0 3.9184711013
787479252 -388621533
#r 0 3.4032304735
787479252 -387621533
#r 0 3.4899078924
776990957 -391430047
#r 0 3.5227821420
734374273 161323653
#r 0 2.6546708788
734374273 160323653
#r 0 6.2638541468
736334646 160285752
#r 0 2.5348249016
-835925574 -325109799
#r 0 1.2771739532
-835925574 -324109799
#r 0 0.9721065002
-835382533 -323313802
#r 0 0.1780711668
191098699 -491490599
#r 0 2.1102253108
191098699 -490490599
#r 0 2.7182407294
190278903 -490121200
#r 0 5.0848577409
76967052 -918743877
#r 0 3.3255532554
76967052 -917743877
#r 0 0.3593930453
71694064 -919724991
#r 0 1.5558246394
-458212991 -390070259
#r 0 5.7406697907
-458212991 -389070259
#r 0 4.8381820455
-458076093 -390152788
#r 0 1.2392018928
-561441965 -303326039
#r 0 0.0411530577
-561441965 -302326039
#r 0 2.6280696481
-559789535 -303257998
#r 0 2.5077270829
-143029320 -288205830
#r 0 0.8366796516
-143029320 -287205830
#r 0 3.9649293085
-108897694 -250380928
#r 0 0.9625196606
-217724255 370576245
#r 0 6.2023928287
-217724255 369576245
#r 0 4.6536580132
-217665735 370571507
#r 0 4.4853252496
231282029 -813119927
#r 0 1.2948784280
231282029 -812119927
#r 0 3.2834255071
231577099 -812077794
#r 0 1.6114178808
-173650117 941397434
#r 0 6.0628081207
-173650117 940397434
#r 0 5.9590346777
-182579747 943397810
#r 0 5.8969707511
-974261600 -135035256
#r 0 0.7194151399
-974261600 -134035256
#r 0 0.9552332629
-976120578 -136663784
#r 0 0.6019242915
-219071864 876570219
#r 0 0.1937401353
-219071864 875570219
#r 0 5.8971464804
-220731249 876244646
#r 0 6.0729663661
841216372 -245702053
#r 0 0.4529218917
841216372 -244702053
#r 0 4.0422703215
839926465 -246329804
#r 0 0.3425470597
-554460271 622376857
#r 0 0.2958066766
-554460271 621376857
#r 0 0.0287715218
-558083878 621272572
#r 0 0.2777319433
-710372218 -603481641
#r 0 6.0402413544
-710372218 -602481641
#r 0 6.0619834239
-753931023 -592686061
#r 0 1.4688074166
57367412 137137296
#r 0 2.8599303530
57367412 136137296
#r 0 0.8926206988
58020754 136948248
#r 0 1.5715475338
350298717 99524416
#r 0 5.2575678854
350298717 98524416
#r 0 3.8926208049
350685962 98885916
#r 0 5.8246709972
124361302 -505132095
#r 0 1.9307337838
124361302 -504132095
#r 0 3.9657434628
124093772 -504421207
#r 0 0.8678254462
-544744435 413022941
#r 0 0.2338083937
-544744435 412022941
#r 0 5.0150803823
-545035104 412953714
#r 0 5.6953602369
-119196968 -904270036
#r 0 0.2125658276
-119196968 -903270036
#r 0 6.0876727666
-116780743 -903748551
#r 0 6.0767985155
-804414631 -463783652
#r 0 0.7785620980
-804414631 -462783652
#r 0 5.5252937534
-803897265 -463273311
#r 0 1.7790580745
551441948 -761356956
#r 0 1.5899470794
551441948 -760356956
#r 0 1.2443844052
551423821 -760410505
#r 0 1.0336563924
27156741 -865736728
#r 0 4.0165253645
27156741 -864736728
#r 0 4.2003771008
25438799 -867793547
#r 0 4.1174436228
940217810 -146619311
#r 0 4.1221218242
940217810 -145619311
#r 0 3.4672549692
941083626 -145326938
#r 0 2.7007233843
-914055295 46387478
#r 0 4.8001718712
-914055295 45387478
#r 0 0.3490018884
-913970017 45418510
#r 0 4.7932658302
-936955659 -34943340
#r 0 5.4530962915
-936955659 -33943340
#r 0 5.4232380701
-922207165 -51072711
#r 0 5.5296162288
-369379595 277222742
#r 0 2.8587949982
-369379595 276222742
#r 0 2.9671307596
-360633139 274681146
#r 0 2.4162598409
-821124475 11788443
#r 0 3.9634753775
-821124475 10788443
#r 0 1.3957787522
-820906110 12023353
#r 0 3.9857030120
-490967586 616064171
#r 0 4.5699228282
-490967586 615064171
#r 0 4.8459319698
-491036957 615580542
#r 0 0.7162450934
-678074763 -588467848
#r 0 5.6066323333
-678074763 -587467848
#r 0 5.7573673270
-682565854 -584861609
#r 0 5.7522046525
217643120 -215305082
#r 0 4.5740883355
217643120 -214305082
#r 0 4.3553018326
217865141 -213709981
#r 0 3.1712990594
-682169509 -158834214
#r 0 1.6983090646
-682169509 -157834214
#r 0 0.4081051198
-682290983 -157886737
#r 0 5.3698452198
557597791 508080141
#r 0 3.5590030079
557597791 507080141
#r 0 4.3743575262
558014234 508264821
#r 0 4.4651839516
639262792 -399950495
#r 0 5.4250181774
639262792 -398950495
#r 0 5.4735206530
629961262 -389186214
#r 0 3.2183411391
61684808 -566926225
#r 0 2.4431098148
61684808 -565926225
#r 0 1.9404604573
62259157 -567408505
#r 0 5.9028138233
523190902 523430949
#r 0 3.0863326070
523190902 522430949
#r 0 5.0222201129
522864989 523448977
#r 0 5.4105616648
-97120665 -106773775
#r 0 4.9506503192
-97120665 -105773775
#r 0 1.6519829192
-96998309 -107277557
#r 0 0.7481751480
-565009351 514254679
#r 0 5.4329270831
-565009351 513254679
#r 0 5.3367658195
-569026586 518830011
#r 0 0.7754002521
334580786 -482417867
#r 0 2.8656154221
334580786 -481417867
#r 0 4.2980263450
334189675 -482307103
#r 0 3.0333168045
-302732954 278207160
#r 0 5.3944950305
-302732954 277207160
#r 0 5.3361793537
-309051195 285986803
#r 0 4.6562960267
-258338693 -552221732
#r 0 3.3250667705
-258338693 -551221732
#r 0 4.6654068305
-258386124 -552230533
#r 0 2.1925371832
-571070279 -284224233
#r 0 3.6845162260
-571070279 -283224233
#r 0 3.8113662456
-576376021 -287425774
#r 0 3.5984396736
481874853 641887316
#r 0 2.7687467122
481874853 640887316
#r 0 4.5079337050
482066650 641812296
#r 0 2.7837655014
-479273610 -106822827
#r 0 5.6487119148
-479273610 -105822827
#r 0 5.7777708306
-484749016 -102792990
#r 0 5.5652729307
-4238218 -621301856
#r 0 1.6583316951
-4238218 -620301856
#r 0 5.6225392867
-4332401 -620228663
#r 0 0.6874148178
-213551122 -22815755
#r 0 5.3648033451
-213551122 -21815755
#r 0 1.7309234178
-213346318 -23083816
#r 0 0.6257471510
-874003763 -51756842
#r 0 3.9686188303
-874003763 -50756842
#r 0 3.9032615887
-866501418 -43602357
#r 0 4.0058504245
-191082364 -706539912
#r 0 2.2143908526
-191082364 -705539912
#r 0 5.2720953325
-187279968 -711608787
#r 0 0.6883234314
-712230836 221529366
#r 0 4.2110480238
-712230836 220529366
#r 0 4.2594663719
-707885555 229458061
#r 0 4.2553545477
-780382671 126943689
#r 0 5.2887427399
-780382671 125943689
#r 0 4.8187411797
-780510406 127140214
#r 0 4.7918795078
-236286024 -513307999
#r 0 2.6320758905
-236286024 -512307999
#r 0 2.7415840393
-243643234 -509197346
#r 0 1.1668609423
432125842 146983063
#r 0 3.7916382679
432125842 145983063
#r 0 5.1800254083
431760944 146705639
#r 0 4.9418278996
-261116530 -918750953
#r 0 2.5138462145
-261116530 -917750953
#r 0 2.5013951712
-208984351 -956581649
#r 0 2.5429387406
118024946 613168088
#r 0 4.1824246211
118024946 612168088
#r 0 4.7579850029
117982615 613095835
#r 0 3.9129901863
-464226731 -787773296
#r 0 6.0424145720
-464226731 -786773296
#r 0 6.0039470598
-439952540 -793733429
#r 0 3.2608222468
-243669211 -909135288
#r 0 2.8047226801
-243669211 -908135288
#r 0 2.9073894071
-252626764 -905998182
#r 0 3.0144718428
-477273716 873997373
#r 0 5.0170264317
-477273716 872997373
#r 0 5.7767594640
-476892870 872786127
#r 0 4.9184590854
-723337552 322551553
#r 0 5.5721408837
-723337552 321551553
#r 0 6.0189999781
-721645041 321093715
#r 0 4.7340652376
-109826943 -461038229
#r 0 3.2431684393
-109826943 -460038229
#r 0 1.9371486451
-109457710 -461000594
#r 0 2.5769726606
273596302 -710435175
#r 0 1.8244396638
273596302 -709435175
#r 0 1.8536783406
271200458 -701192893
#r 0 1.9866326126
-495340295 -231301155
#r 0 0.9982960914
-495340295 -230301155
#r 0 3.7866423079
-494088987 -229359643
#r 0 5.5658751538
-335666797 -774290530
#r 0 2.6008028768
-335666797 -773290530
#r 0 5.0881655186
-335149787 -774600996
#r 0 5.0672315006
-44434562 -424288087
#r 0 5.8009278079
-44434562 -423288087
#r 0 1.5099201680
-44493629 -424257166
#r 0 4.3441721641
482272679 648017210
#r 0 3.5778160246
482272679 647017210
#r 0 2.6219003732
481309593 647568243
#r 0 2.8067820111
-848718430 -335529233
#r 0 0.2887505907
-848718430 -334529233
#r 0 1.8700540679
-848435808 -335445280
#r 0 1.0064429941
-538168394 -366123595
#r 0 2.0794717781
-538168394 -365123595
#r 0 5.8085534114
-538949933 -364722035
#r 0 2.1192538920
780704324 -493859950
#r 0 2.6635313507
780704324 -492859950
#r 0 2.6938309589
754285450 -480171032
#r 0 2.6346049605
101574837 -660299922
#r 0 0.0440684290
101574837 -659299922
#r 0 3.7232718434
99944776 -660371803
#r 0 0.0309422441
274165912 -778182756
#r 0 1.6964189708
274165912 -777182756
#r 0 1.6920928130
277670257 -805931663
#r 0 1.7564797691
-30247511 -354320033
#r 0 4.2508448479
-30247511 -353320033
#r 0 3.5413832862
-29617794 -353053948
#r 0 5.9569463676
196232884 -273237791
#r 0 2.6438839310
196232884 -272237791
#r 0 4.7652386053
196287348 -273267383
#r 0 2.4479371348
-43571381 -254057842
#r 0 2.1402237102
-43571381 -253057842
#r 0 2.1656356047
-55461836 -235483679
#r 0 2.1622894338
245238934 77228773
#r 0 6.0183471417
245238934 76228773
#r 0 5.9609394851
229283587 81556004
#r 0 6.0091579603
691449954 36763389
#r 0 4.2960195862
691449954 35763389
#r 0 0.6685792672
690770305 35226504
#r 0 1.5631274368
305194638 -415436078
#r 0 2.6688011137
305194638 -414436078
#r 0 2.1679400636
306237163 -415969312
#r 0 4.4965927135
326597884 -216545057
#r 0 1.6062367578
326597884 -215545057
#r 0 6.2446693302
326562380 -215543689
#r 0 2.9367465274
48717586 -293671845
#r 0 2.6347246424
48717586 -292671845
#r 0 3.0282993380
46452444 -292414116
#r 0 0.8941617963
530625494 -89118625
#r 0 2.0118423930
530625494 -88118625
#r 0 3.3796193672
530201946 -88221389
#r 0 5.0434798553
42124448 645983829
#r 0 4.6588927918
42124448 644983829
#r 0 4.9238811102
42081590 645183446
#r 0 0.8169338067
-178491570 670902010
#r 0 4.8846611086
-178491570 669902010
#r 0 4.8897853118
-172588136 636973608
#r 0 1.9578844219
78464923 432039983
#r 0 2.5382902621
78464923 431039983
#r 0 1.6893242736
78335192 432129367
#r 0 5.2390816805
160031141 -417843750
#r 0 6.1406533787
160031141 -416843750
#r 0 6.1432643020
-215386529 -363969425
#r 0 0.8330307871
-430166093 553065446
#r 0 1.5376959880
-430166093 552065446
#r 0 1.5897399264
-430178144 552701510
#r 0 4.4742227131
17710008 853207122
#r 0 2.5290196222
17710008 852207122
#r 0 0.2318521312
18775137 852458597
#r 0 2.6204157862
14875479 -715975258
#r 0 1.5796330366
14875479 -714975258
#r 0 2.2900722406
14866552 -714965065
#r 0 3.0101579283
-415569731 -638404763
#r 0 4.5585986300
-415569731 -637404763
#r 0 1.5785040583
-415562388 -638357395
#r 0 5.1767116471
-773961145 -176289730
#r 0 6.2811022224
-773961145 -175289730
#r 0 0.5719183318
-775509704 -176286504
#r 0 2.4275881195
940988252 -325744210
#r 0 2.5601136768
940988252 -324744210
#r 0 2.8606525576
938276107 -323961560
#r 0 2.0005153622
-826089410 389315028
#r 0 6.0185808769
-826089410 388315028
#r 0 4.8838625422
-826271110 389364261
#r 0 4.8899613706
787581078 -76307990
#r 0 3.9128617022
787581078 -75307990
#r 0 5.3077808901
787989511 -75910938
#r 0 5.4030019641
-720594767 -54294382
#r 0 1.1162305946
-720594767 -53294382
#r 0 1.0700565839
-716028079 -44949792
#r 0 1.2907138194
594911311 732837332
#r 0 3.1723072860
594911311 731837332
#r 0 3.9432926134
595908894 732867982
#r 0 5.1254991050
288809318 -738112341
#r 0 1.9081653714
288809318 -737112341
#r 0 1.9019923310
306245651 -787819735
#r 0 1.6231430986
-344837829 -486706031
#r 0 0.9943643798
-344837829 -485706031
#r 0 0.5185279126
-343804410 -485116353
#r 0 0.3292296379
-62712054 -847301326
#r 0 1.7594475346
-62712054 -846301326
#r 0 5.2630811299
-62989120 -845850120
#r 0 1.6645363767
-250419138 -693493865
#r 0 4.5988484723
-250419138 -692493865
#r 0 4.5802233570
-249617466 -686463560
#r 0 6.2281626009
366755340 -91389671
#r 0 2.9311906827
366755340 -90389671
#r 0 2.7596862774
372072730 -92525267
#r 0 0.6814634914
961566412 68953195
#r 0 3.1690410923
961566412 67953195
#r 0 2.6956362796
959588301 68898885
#r 0 2.0849632744
597164501 -516317146
#r 0 0.8583104053
597164501 -515317146
#r 0 3.9867849737
630234176 -478035875
#r 0 0.8696934098
-877313621 -335845740
#r 0 0.0910418155
-877313621 -334845740
#r 0 1.3999622653
-877488897 -335861742
#r 0 0.1488132913
-380835327 -806301119
#r 0 5.5094470932
-380835327 -805301119
#r 0 1.2719344618
-381072139 -806069766
#r 0 2.1709674197
822465216 -184570263
#r 0 5.7131284392
822465216 -183570263
#r 0 5.6484606936
832955394 -191294979
#r 0 5.8657399390
186036512 447263379
#r 0 2.4551929665
186036512 446263379
#r 0 5.1299178241
185339610 447834352
#r 0 5.0748994796
-324336703 -906969741
#r 0 0.2176542628
-324336703 -905969741
#r 0 0.2129200721
-122747644 -862386774
#r 0 3.4469247159
-23877194 30146238
#r 0 4.9628671706
-23877194 29146238
#r 0 4.8841805742
-24416246 32253131
#r 0 4.8110525550
-646955563 126488175
#r 0 0.7058877396
-646955563 125488175
#r 0 3.3198910940
-648443235 125220078
#r 0 2.2731376383
647455009 119171730
#r 0 0.0802031448
647455009 118171730
#r 0 1.0977946579
647988709 119214626
#r 0 0.1523416135
-614105525 708095676
#r 0 4.9604221585
-614105525 707095676
#r 0 6.0158894304
-613833405 707021156
#r 0 5.0162613111
-144601442 -246545691
#r 0 0.4379309205
-144601442 -245545691
#r 0 0.5265133627
-153451969 -250689997
#r 0 2.9453284567
-755786970 456770808
#r 0 0.1580040162
-755786970 455770808
#r 0 4.8560407495
-755928360 456748280
#r 0 0.1704547517
-942398078 -178453409
#r 0 1.0986493572
-942398078 -177453409
#r 0 1.1843288250
-944401269 -182376083
#r 0 1.1652014808
711522906 98276513
#r 0 3.9767291147
711522906 97276513
#r 0 0.4432883223
709935530 96522821
#r 0 3.3384215968
-865732126 -389513957
#r 0 1.0430570351
-865732126 -388513957
#r 0 0.3384218324
-864998797 -388255853
#r 0 5.5367668460
457994694 -775492143
#r 0 2.6682407890
457994694 -774492143
#r 0 2.8546583500
453388792 -773133047
#r 0 0.5031841296
223679184 -734348721
#r 0 5.6628906001
223679184 -733348721
#r 0 1.0344488576
223261910 -734050640
#r 0 0.9425569254
590989480 604339845
#r 0 2.6892748597
590989480 603339845
#r 0 2.9422763133
594511617 602628379
#r 0 3.7980581574
33739637 326385330
#r 0 4.8254332094
33739637 325385330
#r 0 1.1770466274
33828800 325599950
#r 0 5.5380946655
107088828 -31836439
#r 0 3.2098382046
107088828 -30836439
#r 0 0.3390387179
103571466 -32076857
#r 0 1.4368872329
-86557720 15314172
#r 0 5.0220941014
-86557720 14314172
#r 0 2.8978085145
-86210045 14227694
#r 0 1.0195639034
187576655 288198927
#r 0 4.0908015206
187576655 287198927
#r 0 0.9791160764
198438408 303362445
#r 0 3.4005176596
376013911 294524797
#r 0 6.2337410666
376013911 293524797
#r 0 4.8579782804
375866213 294532106
#r 0 2.8297042937
278966036 620220652
#r 0 1.8243799992
278966036 619220652
#r 0 3.4448351519
279205760 619295660
#r 0 3.4780482794
-721859489 -551390151
#r 0 0.5733623989
-721859489 -550390151
#r 0 5.6293344585
-721151284 -550932847
#r 0 1.0997572559
388898961 -22604958
#r 0 0.9040529474
388898961 -21604958
#r 0 0.6871231241
391120245 -19782370
#r 0 1.7971768772
-862956667 140643757
#r 0 0.5700014197
-862956667 139643757
#r 0 0.5191937543
-877349550 131418343
#r 0 0.4643133637
-64393835 -548376194
#r 0 4.9148704982
-64393835 -547376194
#r 0 2.1419222658
-64695516 -546906695
#r 0 6.1042494283
-682022435 430113840
#r 0 5.8716984606
-682022435 429113840
#r 0 5.6487006990
-685360153 431570420
#r 0 4.9297162968
129522077 617343422
#r 0 3.6450062662
129522077 616343422
#r 0 2.9388263944
128199911 616615248
#r 0 2.9753097495
-709725211 -135667791
#r 0 1.1781401342
-709725211 -134667791
#r 0 1.8295373744
-709563732 -135277898
#r 0 5.2843261299
882172595 169931446
#r 0 3.5091048551
882172595 168931446
#r 0 3.5388775884
911080488 181061096
#r 0 3.4384597099
29768177 179516482
#r 0 5.6827935910
29768177 178516482
#r 0 4.4207739374
30017173 179345991
#r 0 2.9123212047
258981388 553416150
#r 0 1.4181933316
258981388 552416150
#r 0 3.1108931937
258828312 552420851
#r 0 3.2936652448
867622611 474026919
#r 0 5.0028640989
867622611 473026919
#r 0 4.8491581764
867367553 474880154
#r 0 4.9894426395
494169261 705240858
#r 0 3.0287997612
494169261 704240858
#r 0 2.8081563324
489879169 705726812
#r 0 3.0546900042
122469093 -725635014
#r 0 3.9848496815
122469093 -724635014
#r 0 5.8474302874
123098588 -724928110
#r 0 1.4118336079
-603116602 -663308573
#r 0 1.9840734485
-603116602 -662308573
#r 0 2.1258531039
-604614400 -659893100
#r 0 5.6483546429
-145539966 -887360284
#r 0 3.3118213479
-145539966 -886360284
#r 0 1.2822906160
-145852707 -887414042
#r 0 3.2349950763
682414660 608429595
#r 0 4.7325979271
682414660 607429595
#r 0 3.3263983730
682434796 607433359
#r 0 5.2312419781
-490982295 -354183775
#r 0 1.1171523402
-490982295 -353183775
#r 0 2.5429923653
-490616413 -353433337
#r 0 0.8142814147
-802812116 -220135267
#r 0 5.9514761354
-802812116 -219135267
#r 0 0.2506320753
-804477531 -219561639
#r 0 5.3363173053
250470454 471718324
#r 0 5.8415072242
250470454 470718324
#r 0 2.9481017414
254081999 470010670
#r 0 1.4546342211
439852827 37625603
#r 0 0.8010294117
439852827 36625603
#r 0 0.8153671830
473133643 71963469
#r 0 3.9852176928
-160210028 -311873695
#r 0 2.0487374339
-160210028 -310873695
#r 0 0.5281540747
-160607808 -311105776
#r 0 0.9664373658
378118500 -176315695
#r 0 4.0193742903
378118500 -175315695
#r 0 6.0755691351
378825281 -175464579
#r 0 1.9316580814
-866575725 -214630372
#r 0 0.4015851119
-866575725 -213630372
#r 0 0.8271101305
-868085284 -215271426
#r 0 0.6997725494
135413484 36622920
#r 0 1.9674950251
135413484 35622920
#r 0 4.8080012316
135289104 36919836
#r 0 3.2783896743
133848038 926203271
#r 0 3.2085275937
133848038 925203271
#r 0 5.5387305918
132836227 926135444
#r 0 4.3579466070
152317393 -838586251
#r 0 0.0448096771
152317393 -837586251
#r 0 0.0255126597
204073220 -836265536
#r 0 1.5306277711
866394399 -388688067
#r 0 2.6369115063
866394399 -387688067
#r 0 1.3912698878
866229454 -388596952
#r 0 1.4115543051
-110683473 -855371776
#r 0 5.5781031265
-110683473 -854371776
#r 0 5.5969944792
-141873728 -828828446
#r 0 5.6229347429
-778756986 -564076853
#r 0 5.6602612503
-778756986 -563076853
#r 0 6.2420539354
-780233703 -563016079
#r 0 0.7576248419
-737950047 -439455128
#r 0 0.3925480303
-737950047 -438455128
#r 0 1.5617902087
-737959087 -439458871
#r 0 0.2267034809
-609784449 -471338019
#r 0 0.9287578165
-609784449 -470338019
#r 0 1.3294203201
-610151457 -471828857
#r 0 6.0757055768
-23189346 649857189
#r 0 5.2779922565
-23189346 648857189
#r 0 4.0293794858
-22832760 649295444
#r 0 4.6734595577
919027675 186956176
#r 0 3.4745642806
919027675 185956176
#r 0 3.3382116367
912208999 184597947
#r 0 3.3165389736
-462062882 -817316296
#r 0 0.8021895527
-462062882 -816316296
#r 0 0.8723096017
-468443073 -823914431
#r 0 0.7233663222
-122964257 -333624352
#r 0 1.3883068032
-122964257 -332624352
#r 0 2.5962942030
-122798294 -332725034
#r 0 3.7207322374
-340634393 559951828
#r 0 4.3904447633
-340634393 558951828
#r 0 4.9933408966
-340789114 559487964
#r 0 3.9774703391
-909594700 -252680642
#r 0 0.7768123434
-909594700 -251680642
#r 0 0.6540270630
-904973539 -248138160
#r 0 0.8418674406
43912064 302995607
#r 0 2.4980923885
43912064 301995607
#r 0 4.7498831196
43873466 303024555
#r 0 4.7771923711
117420708 890129395
#r 0 6.0090215515
117420708 889129395
#r 0 3.9913100966
118125464 889931185
#r 0 6.0332317744
-468178342 -347725758
#r 0 0.8150653884
-468178342 -346725758
#r 0 1.2620810276
-468660386 -348237287
#r 0 0.7830325437
71200613 -222501511
#r 0 5.2734595303
71200613 -221501511
#r 0 2.9564138524
70488318 -221368080
#r 0 5.2639547555
-243623499 -789879633
#r 0 0.6468323740
-243623499 -788879633
#r 0 3.1361688771
-242308820 -788886764
#r 0 1.2716578714
-769324329 107708350
#r 0 4.1976518318
-769324329 106708350
#r 0 1.5857485650
-769338897 107682593
#r 0 4.3518548625
635566251 196520845
#r 0 6.2829548985
635566251 195520845
#r 0 3.7452399186
637016083 196520511
#r 0 0.0627819445
195202581 -473800941
#r 0 1.4016251979
195202581 -472800941
#r 0 1.5737641533
195205498 -473783862
#r 0 1.5211218465
308865562 -904406367
#r 0 1.9106859864
308865562 -903406367
#r 0 1.7163490630
309115949 -905114448
#r 0 1.2385637404
710295145 -265660052
#r 0 2.6913584997
710295145 -264660052
#r 0 2.3526181220
712204145 -266582755
#r 0 4.5534898984
-659887626 -690524746
#r 0 1.0638456433
-659887626 -689524746
#r 0 1.9870860122
-659641467 -690081505
#r 0 1.0991788823
582191960 -738122481
#r 0 2.1036582584
582191960 -737122481
#r 0 3.4082456268
581684021 -737261229
#r 0 2.8859932080
619956929 619639294
#r 0 3.8819164996
619956929 618639294
#r 0 3.0799048316
618931761 618702615
#r 0 4.2817524371
279378978 182926265
#r 0 4.9031456885
279378978 181926265
#r 0 2.6289843098
279595627 181804337
#r 0 5.6531649106
-31041134 -356688329
#r 0 1.8497334630
-31041134 -355688329
#r 0 1.9385648026
-32156982 -352792266
#r 0 3.6303598736
531322273 778893238
#r 0 3.9337106018
531322273 777893238
#r 0 3.5129952846
529719845 777269128
#r 0 2.8866026094
-409016762 -551302065
#r 0 4.5808892499
-409016762 -550302065
#r 0 0.7758681546
-408864777 -550152949
#r 0 1.6241516556
-242530425 -410578653
#r 0 0.7894640746
-242530425 -409578653
#r 0 2.7034460564
-241853232 -409895930
#r 0 3.7774406942
280793211 -921368331
#r 0 3.1441331437
280793211 -920368331
#r 0 1.7009233325
280924034 -921367999
#r 0 3.1451672318
730390034 137322819
#r 0 0.1660536055
730390034 136322819
#r 0 2.3260335174
729576903 137186541
#r 0 5.0990760158
336241334 349827929
#r 0 3.1178135051
336241334 348827929
#r 0 3.0873382377
303480314 350607105
#r 0 2.5893077364
182629508 -60733374
#r 0 0.3267497706
182629508 -59733374
#r 0 2.6240052120
183730514 -60360246
#r 0 3.2215299593
-14583895 -391538609
#r 0 2.0589486437
-14583895 -390538609
#r 0 2.6225283280
-15346172 -390103105
#r 0 1.8343779700
-529968658 -541423045
#r 0 0.2428283987
-529968658 -540423045
#r 0 3.8465582509
-531626769 -541833787
#r 0 3.8661699022
-295721070 -115687762
#r 0 0.1310187371
-295721070 -114687762
#r 0 0.3943794765
-299237120 -116151085
#r 0 0.2675562835
-860392259 105310463
#r 0 6.0997258370
-860392259 104310463
#r 0 6.0102699124
-870990693 107276958
#r 0 6.0510770539
134282577 690186611
#r 0 0.9485007193
134282577 689186611
#r 0 4.7700544174
134229147 690112132
#r 0 2.2893838314
120775521 105317247
#r 0 1.7758959296
120775521 104317247
#r 0 4.8184870719
120557310 106366212
#r 0 2.9716105926
705482076 -427802156
#r 0 0.8439493754
705482076 -426802156
#r 0 3.4684034152
706755035 -426370667
#r 0 3.4789600923
67711290 -820628312
#r 0 0.7052268985
67711290 -819628312
#r 0 3.3793321074
69353485 -819230372
#r 0 4.0911888929
433987350 508403551
#r 0 2.2260465267
433987350 507403551
#r 0 3.0827340657
434792327 507356116
#r 0 3.0321445391
-118050258 19266698
#r 0 0.0176704787
-118050258 18266698
#r 0 5.3294153454
-118750903 19254316
#r 0 3.6987714528
-797637337 -148047045
#r 0 0.5581866370
-797637337 -147047045
#r 0 0.9942350413
-798732137 -148730667
#r 0 0.8317254248
-297627869 -312378482
#r 0 2.9929456997
-297627869 -311378482
#r 0 2.1569389585
-296890575 -312488893
#r 0 3.0519828002
526708312 738674488
#r 0 3.5080482511
526708312 737674488
#r 0 3.5742845026
539513727 743589093
#r 0 2.7715613627
902408713 326691638
#r 0 3.2467967828
902408713 325691638
#r 0 3.1783803237
887871655 325156612
#r 0 3.5832995388
194389026 724215994
#r 0 3.9189502121
194389026 723215994
#r 0 1.3575431572
194664211 724486789
#r 0 6.2487827338
479784988 -770379991
#r 0 3.6303558685
479784988 -769379991
#r 0 1.0300293879
478902807 -770849135
#r 0 2.6406417414
-131810955 348029062
#r 0 0.3952849463
-131810955 347029062
#r 0 0.3610643658
-157045737 337499941
#r 0 0.8401838064
586522933 -217901995
#r 0 2.3105613158
586522933 -216901995
#r 0 2.2009617637
590154676 -221881296
#r 0 2.1956796943
-187748036 23994930
#r 0 0.4325956544
-187748036 22994930
#r 0 0.6849178376
-184931621 25295456
#r 0 5.2771113476
352205545 -810872443
#r 0 4.2745409576
352205545 -809872443
#r 0 4.2218045456
355995196 -802777566
#r 0 4.3523306973
-281264150 625950435
#r 0 4.1087551157
-281264150 624950435
#r 0 4.1765508582
-276986058 632155201
#r 0 6.2765575189
805993669 -555805939
#r 0 2.1314492326
805993669 -554805939
#r 0 3.9120311499
805603537 -555184570
#r 0 3.9319987938
109176579 830254230
#r 0 6.0356326480
109176579 829254230
#r 0 5.9810674775
92204880 834543600
#r 0 6.0782714644
454603456 -115132683
#r 0 6.0250524409
454603456 -114132683
#r 0 1.8010670597
454853352 -115198661
#r 0 5.6152099388
-841858840 456991149
#r 0 0.5129183453
-841858840 455991149
#r 0 0.5863099996
-831960605 462565800
#r 0 4.8250426984
-394302774 -111391377
#r 0 0.4992278544
-394302774 -110391377
#r 0 0.2679132740
-390609841 -109377619
#r 0 4.9323788187
-44928054 515757560
#r 0 0.4161346906
-44928054 514757560
#r 0 0.4450408946
-16363973 528381294
#r 0 3.6623018285
-121117037 -740886462
#r 0 3.8294946771
-121117037 -739886462
#r 0 1.5102887068
-121180793 -740938857
#r 0 5.0751581190
-104972969 -794518837
#r 0 0.2935898416
-104972969 -793518837
#r 0 5.2794174182
-104438986 -794357400
#r 0 3.7279287311
-228728329 -70115130
#r 0 1.6303709118
-228728329 -69115130
#r 0 4.1240185577
-228783080 -69197191
#r 0 1.5284268166
211817052 -353830981
#r 0 4.4462031978
211817052 -352830981
#r 0 4.5531749930
211426438 -355263608
#r 0 2.4907015632
714039536 -444378998
#r 0 3.0217498312
714039536 -443378998
#r 0 3.0405242064
661424256 -438043072
#r 0 0.3467935840
210279624 -719446913
#r 0 0.9499596778
210279624 -718446913
#r 0 0.7075775716
212121455 -716871549
#r 0 1.0202044458
-252990652 907596128
#r 0 4.9955217979
-252990652 906596128
#r 0 6.2748751755
-252698998 906593704
#r 0 4.9758583138
-111775591 385835601
#r 0 4.8546254790
-111775591 384835601
#r 0 0.9530746152
-111656410 385003350
#r 0 4.7399408993
-751715650 246572132
#r 0 5.3704486136
-751715650 245572132
#r 0 4.1565148598
-751371227 246126565
#r 0 5.3035742239
734240015 -107718197
#r 0 1.1963823898
734240015 -106718197
#r 0 5.6153501527
734539992 -106954800
#r 0 3.6764041852
451097033 876365304
#r 0 3.1547654706
451097033 875365304
#r 0 3.8122815605
452378751 876382189
#r 0 3.1974476281
-213751703 -188883800
#r 0 0.8607070686
-213751703 -187883800
#r 0 3.1543334428
-212882498 -187872725
#r 0 6.2502931064
-871609781 -439190600
#r 0 5.6254740679
-871609781 -438190600
#r 0 5.7797007560
-876122245 -435704974
#r 0 5.7410924205
873731973 -187795839
#r 0 5.2759299011
873731973 -186795839
#r 0 5.0953627105
874843485 -189554857
#r 0 3.0881737373
476321941 -514170025
#r 0 0.3505092795
476321941 -513170025
#r 0 0.3244749607
510518708 -501667491
#r 0 2.8709846401
648529161 -258031637
#r 0 2.4942027773
648529161 -257031637
#r 0 1.1190211256
648174161 -257763224
#r 0 4.7889980279
-947200162 54478327
#r 0 0.7515546590
-947200162 53478327
#r 0 0.5675452615
-950567235 51331782
#r 0 0.2188057967
-72923073 965837855
#r 0 4.7733542799
-72923073 964837855
#r 0 4.9085668174
-72834972 964394543
#r 0 5.0151371759
533900477 -572149686
#r 0 2.9197507810
533900477 -571149686
#r 0 3.4217504393
531952220 -571710249
#r 0 1.8604483025
-787439174 -505763987
#r 0 0.5082967872
-787439174 -504763987
#r 0 0.3079273958
-783256491 -503433711
#r 0 6.1604561455
-244124713 -774407860
#r 0 4.3408340737
-244124713 -773407860
#r 0 3.2781970244
-243713008 -773351267
#r 0 3.2435282482
912688030 366379819
#r 0 2.2140798767
912688030 365379819
#r 0 3.8354065832
913149773 365763882
#r 0 3.8052257815
65744808 676218049
#r 0 0.2183857035
65744808 675218049
#r 0 4.6023518148
65858068 676243184
#r 0 1.0774625042
-530446177 836542796
#r 0 4.8773043786
-530446177 835542796
#r 0 4.8235652410
-530785276 838580320
#r 0 5.2184839537
-415563059 -298865844
#r 0 3.2171791003
-415563059 -297865844
#r 0 3.2489244008
-446798333 -301231314
#r 0 0.0274055717
-886033412 -228132643
#r 0 1.5877590049
-886033412 -227132643
#r 0 0.8735512180
-886050040 -227152495
#r 0 1.6730006074
-277974413 -935647969
#r 0 1.8062071260
-277974413 -934647969
#r 0 1.7264581190
-277520503 -937540379
#r 0 1.8532461580
200104270 740576328
#r 0 4.0057233678
200104270 739576328
#r 0 1.2479402150
200654424 741220726
#r 0 4.1953600805
-138670661 -326693416
#r 0 5.8996082882
-138670661 -325693416
#r 0 6.0642452870
-144193703 -324464502
#r 0 2.6999916265
-420259027 -893966584
#r 0 1.7790047217
-420259027 -892966584
#r 0 6.2652255607
-420471102 -892962775
#r 0 1.8445904816
-798050443 -196980374
#r 0 0.9826876681
-798050443 -195980374
#r 0 1.0768860716
-800846661 -201173737
#r 0 0.9830084337
-402542994 -134498653
#r 0 5.1899785708
-402542994 -133498653
#r 0 5.0982982850
-400653255 -138149963
#r 0 5.0825920912
508744237 816338581
#r 0 3.3166332422
508744237 815338581
#r 0 5.3978601684
508029807 816212234
#r 0 5.4565563826
-397593185 913590386
#r 0 5.6590031874
-397593185 912590386
#r 0 5.1170034996
-398212426 914036389
#r 0 0.0495858799
-443314379 -868631678
#r 0 1.5741556973
-443314379 -867631678
#r 0 1.5330168012
-443317464 -867713302
#r 0 1.6630238760
-533147680 613971414
#r 0 6.0848276306
-533147680 612971414
#r 0 5.4910763905
-534378432 614218796
#r 0 5.3018756033
-770932227 -336799630
#r 0 1.2947654203
-770932227 -335799630
#r 0 0.9802761947
-770441659 -335067777
#r 0 0.3460847456
-313801222 -169811900
#r 0 0.3658017910
-313801222 -168811900
#r 0 1.3935298946
-313993568 -169885576
#r 0 2.4335514961
396351162 236536477
#r 0 3.0508691207
396351162 235536477
#r 0 1.8153038440
396095868 236559702
#r 0 0.0836971072
653214263 -656222690
#r 0 0.2743249153
653214263 -655222690
#r 0 0.4402058174
647940337 -657706878
#r 0 3.2865417491
-126037657 252119065
#r 0 2.8736831022
-126037657 251119065
#r 0 5.1568838724
-126585578 252269474
#r 0 3.6224020491
795662488 -210263076
#r 0 6.0718747572
795662488 -209263076
#r 0 6.0814950637
696086459 -188902732
#r 0 3.3964234498
-552602322 134431660
#r 0 0.0822110246
-552602322 133431660
#r 0 6.0626343110
-555863956 134162912
#r 0 6.1109284143
-25074801 475442830
#r 0 1.5248771412
-25074801 474442830
#r 0 0.5993548965
-25122242 474410419
#r 0 1.5522803318
-581753711 58339560
#r 0 2.9632122577
-581753711 57339560
#r 0 0.8395332456
-580981440 58200322
#r 0 0.9094533822
-123676106 -141587957
#r 0 3.2051307324
-123676106 -140587957
#r 0 5.4251629114
-122856799 -141535830
#r 0 5.3681658707
-770394741 -202777594
#r 0 2.3217028369
-770394741 -201777594
#r 0 5.1422612043
-769493603 -203743143
#r 0 5.0384938304
226219170 40973701
#r 0 0.1711948956
226219170 39973701
#r 0 1.8090873706
225986054 40933398
#r 0 0.0790521232
-730767039 -317649186
#r 0 0.1625406840
-730767039 -316649186
#r 0 1.0845175704
-731345830 -317744100
#r 0 0.1367545321
313987082 -595303530
#r 0 3.8655181356
313987082 -594303530
#r 0 3.8591491875
402615655 -516952585
#r 0 0.2700394228
422385780 609464897
#r 0 3.3431774406
422385780 608464897
#r 0 3.3892430941
443012761 613680237
#r 0 2.5620708100
-283682688 -708434606
#r 0 1.8469068084
-283682688 -707434606
#r 0 1.6704664544
-283528143 -708980030
#r 0 5.5593063673
-165174039 -771223105
#r 0 2.2992429418
-165174039 -770223105
#r 0 3.1883745868
-166030397 -770263196
#r 0 3.9711999431
-595802012 -385074130
#r 0 1.5109900565
-595802012 -384074130
#r 0 0.7444517527
-595738638 -384015745
#r 0 1.4672670114
277214466 -802769623
#r 0 5.7624806783
277214466 -801769623
#r 0 5.6923836574
287500472 -808668625
#r 0 5.6915604079
-49223034 10182434
#r 0 0.3616700286
-49223034 9182434
#r 0 0.3518506364
-138640091 -23644994
#r 0 5.1196347953
606551053 -19018638
#r 0 2.8769438157
606551053 -18018638
#r 0 5.5901436670
608338501 -19503046
#r 0 1.2443971484
-355498144 909755308
#r 0 0.0380042329
-355498144 908755308
#r 0 0.0212277272
-415051645 907490933
#r 0 5.1104958003
47076853 -733059593
#r 0 0.3551771121
47076853 -732059593
#r 0 5.9217585155
48412075 -732564350
#r 0 4.4365241393
-374230082 240356462
#r 0 2.1132101793
-374230082 239356462
#r 0 6.0566448881
-373530126 239195124
#r 0 5.9562846690
57914385 673072022
#r 0 4.4739456124
57914385 672072022
#r 0 4.1236485653
57532192 671499648
#r 0 3.7664511322
-434227853 -134865342
#r 0 4.7115127365
-434227853 -133865342
#r 0 5.4681329956
-434226978 -133866271
#r 0 5.4450781025
-803935016 3201268
#r 0 1.3798225305
-803935016 2201268
#r 0 6.2358519180
-804126591 2210343
#r 0 3.7701799960
612533705 664406426
#r 0 3.3922403951
612533705 663406426
#r 0 2.8938364941
610569011 663903401
#r 0 3.2217572979
-128789750 -864403732
#r 0 1.1305469487
-128789750 -863403732
#r 0 2.7750929547
-128390803 -863556864
#r 0 1.3264988788
49745228 181238661
#r 0 1.6226257338
49745228 180238661
#r 0 6.2711609353
49797136 180238037
#r 0 1.6323016854
582907428 511612935
#r 0 2.5267549721
582907428 510612935
#r 0 2.6294505622
589853331 506708126
#r 0 3.9416559869
616180789 -199370439
#r 0 3.2619106036
616180789 -198370439
#r 0 3.3090595124
595411600 -201881474
#r 0 3.2685058108
144982153 -279834439
#r 0 5.1142472034
144982153 -278834439
#r 0 5.0086598078
146065661 -282383958
#r 0 1.8452339299
-152837913 140842892
#r 0 5.9569481431
-152837913 139842892
#r 0 1.8931015401
-153214400 140970267
#r 0 2.6557977389
549838263 -730153584
#r 0 0.5065629174
549838263 -729153584
#r 0 2.9091341486
551101538 -729452649
#r 0 2.7630574567
-591139324 -247371007
#r 0 4.9736255153
-591139324 -246371007
#r 0 4.9537848997
-588027177 -259011902
#r 0 4.7936599702
-753947354 98952221
#r 0 3.6184582240
-753947354 97952221
#r 0 3.5581615328
-767429912 91986682
#r 0 3.5649326220
-98352464 -743450637
#r 0 2.4503049711
-98352464 -742450637
#r 0 1.8952844756
-97886338 -743836358
#r 0 0.9077179479
611104978 -524723090
#r 0 1.5535615175
611104978 -523723090
#r 0 3.4640868960
611122314 -523717297
#r 0 4.1092697091
-276948858 -364114257
#r 0 2.6720870293
-276948858 -363114257
#r 0 2.0833928908
-276161191 -364513875
#r 0 2.7095794397
-558362802 302376104
#r 0 3.5756217624
-558362802 301376104
#r 0 5.9539045498
-559604686 301800482
#r 0 3.9852427379
-267275647 10250653
#r 0 2.1900414775
