701687785 -541700890
#r 0 0.0888721555
751490458 -537263129
#r 0 6.1396761370
800976469 -544413983
#r 0 2.9030330056
776684486 -538506400
#r 0 6.0404439763
788818019 -541510956
#r 1 789177180 -541070807
-499127383 633119407
#r 0 4.6472498109
-502382039 583225447
#r 0 4.6613747647
-504931644 533290494
#r 0 4.4122518239
-519714206 485525697
#r 0 5.6210172979
-480281149 454784291
#r 0 2.1207346861
-493347016 476098209
#r 0 2.0038020049
-499221827 488806991
#r 0 2.0615803112
-504112552 497958872
#r 0 2.2763360046
-510580731 505552390
#r 0 2.0552108174
-515705910 515291730
#r 0 5.2721594177
-512783982 510628804
#r 0 5.0939997193
-511753522 508060882
#r 0 1.8348271983
-512114574 509396419
#r 1 -512066561 509173480
-483608482 -622730427
#r 0 4.0222720783
-515439849 -661289007
#r 0 0.7747357255
-497574701 -643800826
#r 0 3.9752436721
-505976914 -653055706
#r 0 3.8529332684
-510727609 -657150152
#r 0 3.6935943782
-513397749 -658794592
#r 1 -513292449 -659058875
-400050622 -282770132
#r 0 1.4399693619
-393527918 -233197414
#r 0 5.6251681510
-373747758 -248486144
#r 0 2.6855879115
-384970495 -242981587
#r 0 0.6295882602
-379918808 -239301513
#r 0 2.7917638691
-382854530 -238230460
#r 0 2.6210160530
-385110553 -236937020
#r 0 2.6709331022
-387804944 -235566125
#r 0 2.6313522015
-391268712 -233627543
#r 0 3.7962661397
-395741344 -237060758
#r 0 0.6947991312
-393575690 -235255823
#r 0 6.0388277757
-392205768 -235597399
#r 0 0.8139198977
-391456843 -234804486
#r 0 2.7341894806
-391957551 -234588407
#r 0 0.8016288727
-391767898 -234392496
#r 0 1.2507353241
-391686689 -234147491
#r 0 2.6392343857
-391991710 -233979922
#r 0 5.7928787578
-391838201 -234061862
#r 0 2.9608358267
-391923788 -234046221
#r 0 2.6609112025
-391965867 -234024278
#r 0 2.7366132070
-391989458 -234014165
#r 0 3.7808694868
301295572 728310821
#r 0 4.1371976920
274095807 686356408
#r 0 3.9442846962
239357155 650394955
#r 0 3.3230252007
190177844 641373015
#r 0 5.5930903952
209457484 625457756
#r 0 2.5934738461
198788656 631971287
#r 0 4.8683402116
199759405 625797137
#r 0 2.5410224959
197181238 627563114
#r 0 2.6314311175
195133923 628708732
#r 0 5.5249068153
195985562 627902076
#r 0 2.4869502042
195520303 628259188
#r 0 2.5530382842
195273786 628423729
#r 0 5.5538870501
195384284 628324982
#r 0 2.5703055028
195321955 628365046
#r 0 2.4941004860
195291678 628387943
#r 0 3.2170331096
195271731 628386435
#r 0 3.2071586449
195253096 628385211
#r 0 2.6436685986
195233889 628395652
#r 0 3.3465850118
195210007 628390687
#r 0 5.6259583485
195219662 628383236
#r 0 3.3297849257
195213673 628382095
#r 0 3.2685083521
538670319 187274473
#r 0 0.5027444316
582483494 211366083
#r 0 0.5965388565
623847743 239455208
#r 0 3.9504831833
606590203 221367164
#r 0 0.9607817906
613751195 231612660
#r 0 4.0273835067
609796963 226772563
#r 0 4.1544329268
608133147 224106644
#r 0 0.9376659547
609062815 225373360
#r 1 608936075 225315622
-356518068 -65592954
#r 0 0.2961209633
-308694286 -51002344
#r 0 0.5710904527
-266628684 -23974855
#r 0 5.7944926554
-222481315 -47448454
#r 0 6.1506486748
-172919822 -54055902
#r 0 6.0473016029
-124304412 -65741017
#r 0 2.8634326693
-148343470 -58876346
#r 0 2.8408780678
-160303849 -55167201
#r 0 5.9575338456
-154371762 -57170309
#r 0 2.7708715299
-157289668 -56036139
#r 0 6.0430363669
-155769300 -56408439
#r 1 -155560231 -56583479
-276446552 932869643
#r 0 5.7630997681
-233057718 908021925
#r 0 4.9436491811
-221597500 859353009
#r 0 5.1224642827
-201663581 813498469
#r 0 4.6939073253
-202587611 763507008
#r 0 4.1673907498
-228508440 720750598
#r 0 3.9352153942
-263571804 685105675
#r 0 0.6181656112
-243198231 699594205
#r 0 1.3587093752
-240487382 712183765
#r 0 4.4468750948
-242177023 705970349
#r 0 1.1121023345
-240751489 708857078
#r 1 -241217634 708597773
-550539604 -271667289
#r 0 2.0934018150
-575496581 -228341208
#r 0 0.0414440723
-550518049 -227305403
#r 0 2.6295755655
-561415024 -221181195
#r 0 0.2648503475
-555382952 -219545165
#r 0 2.6927728723
-558198451 -218189220
#r 0 2.7011926555
-560185354 -217252854
#r 0 2.6272854498
-561977250 -216240384
#r 0 2.6642522766
-564185674 -215098110
#r 0 2.6114279454
-567069044 -213408057
#r 0 4.6033823875
-567250843 -215069224
#r 0 2.5759332736
-567956237 -214621396
#r 0 2.6886855419
-568632013 -214292533
#r 0 0.0469114649
-568256653 -214274911
#r 0 2.7520634403
-568430464 -214203561
#r 0 2.6395483723
-568527027 -214150552
#r 0 2.5526661709
-568600443 -214101510
#r 0 2.6140719529
-568684090 -214052778
#r 0 2.6604028640
-568792832 -213996001
#r 0 2.5765753319
-568935284 -213905692
#r 0 2.5811968974
-569143465 -213775058
#r 0 2.5981027699
-618319202 -169265767
#r 0 5.3283147587
-589433481 -210077715
#r 0 1.3868305203
-584860234 -185499567
#r 0 4.4636832770
-587937105 -197614964
#r 0 4.7378968502
-587777032 -203889053
#r 1 -587696786 -203279475
755102565 -188650360
#r 0 3.1083735340
705130150 -186989709
#r 0 4.6764878703
703335480 -236957490
#r 0 3.4391647904
655532922 -251617486
#r 0 4.8873621883
664237010 -300854046
#r 0 2.7853645678
640806538 -292135506
#r 0 2.9484649271
619651680 -287998352
#r 0 3.2643179085
594294720 -291126010
#r 0 4.2278149909
577320547 -323369423
#r 0 2.6355365509
530902558 -297644935
#r 0 3.2397816743
464793515 -304157059
#r 0 2.9544674293
367598784 -285754173
#r 0 2.6259177726
241476032 -214263639
#r 0 0.6516107784
299111548 -170302196
#r 0 4.0063682132
275596155 -197881927
#r 0 2.6715403234
258724141 -189310408
#r 0 5.6845133112
266540751 -194642814
#r 0 6.2746702554
271349220 -194683759
#r 0 3.1773278423
268946434 -194769660
#r 1 269433923 -194695537
380790345 -501424583
#r 0 5.9054673042
427265778 -519864598
#r 0 4.9750594097
440248793 -568149599
#r 0 1.9443740070
431125076 -544873908
#r 0 5.1835214127
436798771 -556012094
#r 0 5.0633433802
438967821 -561936673
#r 0 1.9773383295
437720390 -559039215
#r 1 437725978 -559133732
-579009961 358478730
#r 0 3.1492663494
-629008489 358095049
#r 0 0.0387073687
-604027215 359062492
#r 0 3.1909813263
-616511972 358445385
#r 0 0.0633207066
-610274499 358840875
#r 0 3.1739122065
-613397866 358739894
#r 0 6.2297669132
-611837596 358656468
#r 1 -611754820 358747795
299350043 -849072587
#r 0 2.2230386360
269001546 -809336348
#r 0 3.0309713716
219307161 -803816558
#r 0 2.9229559874
170497458 -792971611
#r 0 6.1579662307
195301715 -796093913
#r 0 5.8059695528
206501589 -801885111
#r 0 2.7388212700
200701801 -799414031
#r 1 200799019 -799330398
547958642 -796389549
#r 0 2.1870891747
519057942 -755588207
#r 0 2.1660526154
491021893 -714187966
#r 0 2.7501840317
444803263 -695113422
#r 0 4.8584505758
448441833 -719847220
#r 0 1.8020382651
445577001 -707679940
#r 0 4.8689461816
446551491 -713853501
#r 0 4.8014895154
446831108 -716983410
#r 0 4.8862386187
447115281 -718601497
#r 0 4.8760442924
447263525 -719499224
#r 0 4.8493048700
447347371 -720107785
#r 0 4.7892420442
447390560 -720668650
#r 0 4.8817071151
447502968 -721326179
#r 0 4.8348493003
447609963 -722195516
#r 0 4.8357503270
447763238 -723431692
#r 0 4.7822268448
447890524 -725251316
#r 0 4.8066509396
448146167 -727955330
#r 0 4.7554167133
448320666 -732008324
#r 0 4.8072100429
448896395 -738061861
#r 0 4.8340972902
450002441 -747104626
#r 0 4.9860754524
453692074 -760247571
#r 0 1.9104891457
120566706 -818818612
#r 0 1.3371170773
132144623 -770177561
#r 0 0.5485846438
174807796 -744103557
#r 0 1.4444655143
181107549 -694502014
#r 0 2.0294875326
158968800 -649670376
#r 0 3.7221653011
117161366 -677095518
#r 0 2.0955622306
92110845 -633823456
#r 0 0.1166929038
116940822 -630912750
#r 0 0.9014777252
131268075 -612803250
#r 0 1.3486660794
138518598 -580701013
#r 0 6.1137969710
187178135 -589023117
#r 0 0.5533041835
235040611 -559460348
#r 0 1.1853664805
266345449 -482302105
#r 0 1.5869174661
264367812 -359639234
#r 0 0.9168955149
370795570 -220768108
#r 0 3.5744940613
291384020 -257467154
#r 0 6.0522997502
333964075 -267476774
#r 0 5.8206458775
360580522 -280748148
#r 0 2.5714674319
348061773 -272721812
#r 0 2.7598354459
341082296 -269919889
#r 1 340301603 -270113368
137093106 -178832048
#r 0 2.6240932629
93640158 -154096623
#r 0 5.2192260992
105775518 -175953727
#r 0 0.8291585801
114219223 -166736687
#r 0 2.4838750820
104662813 -159354798
#r 0 5.1688884857
107324302 -164774280
#r 0 2.5997132885
104737913 -163217307
#r 0 0.4307409254
106109470 -162587052
#r 0 5.3455668522
106849685 -163595529
#r 0 0.4397102703
107424604 -163325072
#r 0 2.5968425473
107152908 -163160450
#r 0 1.3399163028
107213585 -162902327
#r 0 5.1823084950
107273619 -163020535
#r 0 0.1575343012
107364870 -163006040
#r 0 0.4317890133
107483956 -162951167
#r 0 1.6814586129
107462330 -162756539
#r 0 0.5555152803
107678479 -162622371
#r 0 1.7764240664
107601690 -162254211
#r 0 0.4056527716
108066291 -162054678
#r 0 4.0267458623
107906215 -162250361
#r 0 2.4955685403
107784627 -162158690
#r 0 2.4657309154
-671832205 450572368
#r 0 5.5402002751
-635009580 416747905
#r 0 5.7107989654
-592979038 389665926
#r 0 6.0999422768
-543816142 380554963
#r 0 5.4290721022
-510971772 342855529
#r 0 5.4524408400
-477255462 305933850
#r 0 5.2468680939
-451785819 262907146
#r 0 2.0830738706
-464039911 284697905
#r 0 2.1066937681
-470425717 295450835
#r 0 2.2790982584
-474495382 300201895
#r 0 5.5610596841
-472148207 298134420
#r 0 2.4836739649
-473385704 299090727
#r 1 -473609383 299401555
-468532303 -84888903
#r 0 0.2043275951
-419572421 -74743464
#r 0 0.9306836594
-389708131 -34642041
#r 0 0.1031057858
-339973666 -29495881
#r 0 5.8499569027
-294592907 -50486038
#r 0 3.9470377872
-311912664 -68514515
#r 0 5.5564145183
-293954041 -84481865
#r 0 1.3763982421
-291632976 -72692897
#r 0 0.4232779958
-282193807 -68440457
#r 0 5.8286715384
-268842947 -74964145
#r 0 0.4436840671
-249176305 -65616807
#r 0 0.5336814771
-222141390 -49642604
#r 0 0.6480481901
-185573514 -21955998
#r 0 2.0854737506
-218713290 36644977
#r 0 5.8775667804
-187783364 23362679
#r 0 5.8889856653
-166837043 14649582
#r 0 4.9090610181
-162819282 -5515079
#r 0 2.0590042580
-167641295 3564413
#r 0 5.0989492578
-165703394 -1196551
#r 1 -165082067 -1031278
242220329 -192797614
#r 0 4.2081778069
218064483 -236575406
#r 0 1.6177013376
216892288 -211602903
#r 0 2.3339983925
205989386 -200204927
#r 0 4.5443161818
204670113 -207980291
#r 0 1.6469988003
204369919 -204048488
#r 0 1.6868190085
204128507 -201977105
#r 0 5.0782820189
204501568 -202950784
#r 0 1.6226845248
204474528 -202430136
#r 0 1.6058040808
204464552 -202145282
#r 0 1.6373886407
204452049 -201957809
#r 0 2.3035674386
204343643 -201837347
#r 0 2.4641103010
204243699 -201756942
#r 0 4.6289703945
204238355 -201820855
#r 0 1.5672138326
204238470 -201788787
#r 0 4.5730986720
204236244 -201804666
#r 0 1.6098888000
204235931 -201796655
#r 0 4.5219035296
204235172 -201800591
#r 0 1.4038526530
204235505 -201798615
#r 0 4.4261992197
204235222 -201799575
#r 0 1.4834930939
204235266 -201799077
#r 0 1.5013405726
474168597 127670696
#r 0 2.4155583363
436777941 160866160
#r 0 2.8053335675
389578160 177364060
#r 0 4.2057067619
365314211 133646092
#r 0 2.0167055786
354532251 156201564
#r 0 5.8057185162
365634273 150457430
#r 0 2.8108570969
359723001 152487047
#r 0 4.2661083519
358345527 149608168
#r 0 4.4145409287
357227916 145967505
#r 0 4.2840215494
355029873 141154061
#r 0 5.1761222733
358397013 134421223
#r 0 4.1449380222
352452284 125094375
#r 0 3.2375193546
336935626 123601331
#r 0 3.3338431334
318753813 120062158
#r 0 0.7892569112
325277387 126636273
#r 0 4.2379168579
323161734 122517049
#r 0 3.2725522892
320660627 122187619
#r 0 5.8420128220
321801208 121649021
#r 0 4.2541937582
321444282 120925330
#r 0 0.7617396138
321736241 121203791
#r 0 2.5284064040
321552255 121333257
#r 0 4.3344591861
595496296 -707793242
#r 0 2.4427101988
557218213 -675625115
#r 0 0.3638188844
580581831 -666728972
#r 0 2.7609637053
568976441 -662085166
#r 0 2.3855499756
562452869 -655933781
#r 0 3.9841686275
555672577 -663537412
#r 0 2.7284739414
550092107 -661091246
#r 0 1.1343591507
553513309 -653756462
#r 0 0.0610140906
564582807 -653080227
#r 0 2.8690001675
559242485 -651587334
#r 0 3.9337336307
557091250 -653767777
#r 0 1.5122028188
557180935 -652238891
#r 0 0.1466101460
558250369 -652080968
#r 0 0.3030264387
558779192 -651915629
#r 0 2.2976302287
558595102 -651708607
#r 0 3.9617316989
558422035 -651894137
#r 0 2.4424925985
558324933 -651812498
#r 0 3.9832749026
558232119 -651916395
#r 0 0.1294105078
558301195 -651907406
#r 0 3.9333827888
558276725 -651932191
#r 0 2.4764296449
558258109 -651917588
#r 0 2.1664878448
677928845 -196320030
#r 0 4.8515934432
684866611 -245836365
#r 0 4.7306058056
685777402 -295828069
#r 0 1.8549407644
678768995 -271830523
#r 0 1.7076560313
676947633 -258605474
#r 0 4.8759303249
678034402 -265191349
#r 0 0.5682757774
680847322 -263395191
#r 0 0.6355940060
683332490 -261561839
#r 0 1.1745070309
684690447 -258316446
#r 0 1.4653401465
685098238 -254463865
#r 0 3.3500845214
680625983 -255410043
#r 0 3.1718920226
678190863 -255483848
#r 0 0.6512123582
679159693 -254745484
#r 0 4.7991694189
679212481 -255352251
#r 0 2.9667971892
678705300 -255262684
#r 0 4.7462278394
678714772 -255542505
#r 0 0.5522111634
678833955 -255469070
#r 0 4.8626091373
678844430 -255538277
#r 0 1.2364622717
678855914 -255505218
#r 0 2.7446902593
678836411 -255497043
#r 0 1.2661216593
678840623 -255483650
#r 0 4.8931747887
134234208 -184258840
#r 0 1.6211173687
131719218 -134322132
#r 0 2.1417534389
104697338 -92252927
#r 0 0.1458121113
129432044 -88620528
#r 0 0.1252936758
152132092 -85761378
#r 0 5.7077437216
174228695 -100094841
#r 0 5.8386855826
198865104 -111828898
#r 0 5.9693370586
232542204 -122759672
#r 0 2.8909290661
215392156 -118368421
#r 0 2.7583618638
207149889 -115045437
#r 0 2.6027384824
203335924 -112765170
#r 1 203980247 -113361217
-222667336 -46611794
#r 0 5.5271334277
-186289821 -80914511
#r 0 0.5916280544
-144788131 -53028856
#r 0 1.6964311338
-151053359 -3422940
#r 0 0.5027314285
-107239870 20668100
#r 0 3.7465828347
-127802562 6449250
#r 0 3.5778310326
-139249659 1112690
#r 0 0.4066518025
-133449682 3610487
#r 0 2.9738788844
-136562859 4137561
#r 0 6.0508430759
-135026541 3774045
#r 1 -134558912 3702789
219528894 970092025
#r 0 3.9204805622
183944134 934967606
#r 0 5.6275154961
223576120 904483091
#r 0 5.6638710282
264289955 875459244
#r 0 4.7405430179
265697471 825479059
#r 0 5.9584051248
313083516 809524036
#r 0 5.8938035100
359340712 790543208
#r 0 5.9451499399
406511113 773961494
#r 0 0.8702569961
438742618 812186225
#r 0 4.0010706451
422421794 793248679
#r 0 4.0921403918
415155482 783075823
#r 0 3.9608516835
410867154 778486785
#r 0 3.8076035116
408397727 776546355
#r 1 408400504 776160683
-384209398 -106897359
#r 0 1.3774155957
-374600513 -57829352
#r 0 1.1350070824
-353494212 -12502494
#r 0 5.7600500966
-310181357 -37482418
#r 0 3.9542135909
-344561245 -73787009
#r 0 5.8393263606
-299406182 -95258393
#r 0 5.0196962956
-284281522 -142915970
#r 0 3.5643051577
-329880499 -163427755
#r 0 1.0015458114
-316405476 -142370125
#r 0 0.7246200764
-304377314 -131721891
#r 0 1.2644050101
-300908198 -120755930
#r 0 0.4509950955
-288441189 -114718370
#r 0 0.8469039674
-279002414 -104040758
#r 0 1.5829723690
-279241253 -84426204
#r 0 0.4898727828
-253340145 -70615092
#r 0 3.6445449802
-266199272 -77689439
#r 0 6.2391285791
-258868077 -78012637
#r 0 1.3567477643
-257887258 -73500607
#r 0 1.6933075301
-258216319 -70828094
#r 0 5.7319100807
-257069424 -71533276
#r 0 0.8188943019
-256341810 -70755209
#r 0 1.7099349017
615373946 -411111791
#r 0 2.4449423672
577024154 -379029187
#r 0 1.0427045004
602218456 -335840680
#r 0 2.4663100336
563191940 -304584783
#r 0 1.4026013498
571562094 -255290356
#r 0 0.9166722872
601985311 -215611295
#r 0 0.4110265883
647820868 -195633764
#r 0 4.2536075084
636749470 -218048584
#r 0 4.3070185252
629877861 -234061165
#r 0 3.4911595723
614167955 -239788019
#r 0 0.4440026130
621717900 -236196665
#r 0 1.2500827544
623047404 -232194322
#r 0 3.5175855503
621086018 -232968626
#r 0 0.9849854149
621668939 -232090078
#r 0 1.0880826713
621989783 -231477856
#r 0 3.4673096881
621662355 -231588444
#r 0 0.3887334574
621822261 -231522950
#r 0 1.1030694881
621861369 -231445524
#r 0 2.6497207309
621803008 -231414255
#r 0 2.7486479783
621711874 -231376480
#r 0 0.5483091605
621753969 -231350769
#r 0 3.3525659949
326662212 790338362
#r 0 3.7841347249
286633459 760376737
#r 0 3.6474524844
242895551 736148749
#r 0 4.4085277434
227935212 688439334
#r 0 3.5167995863
181413622 670116080
#r 0 3.3201822234
132208861 661233992
#r 0 0.1642248199
156872495 665321183
#r 0 3.4033967734
144798438 662085888
#r 0 1.5869045155
144696813 668394252
#r 0 4.9439717043
145420849 665323875
#r 0 4.3756861360
144876179 663767815
#r 1 144814148 663235022
340630368 -61653550
#r 0 3.2298195204
290824841 -66059173
#r 0 4.3147915397
271464625 -112158870
#r 0 1.9293463250
262691705 -88748704
#r 0 2.5538148553
247653218 -78727929
#r 0 2.5292800657
229244240 -65798076
#r 0 3.2806114312
198750717 -70064770
#r 0 0.2270340124
213750936 -66599466
#r 0 0.1022815434
221467404 -65807450
#r 0 0.0207552709
225354987 -65726751
#r 0 0.0245834857
227299352 -65678942
#r 1 227886424 -65826206
-936931568 -253662529
#r 0 5.9895826543
-889071194 -268132658
#r 0 0.7042784302
-850967246 -235758453
#r 0 5.7080346268
-809011729 -262956515
#r 0 0.4588360493
-764183298 -240811273
#r 0 0.8141411973
-729858642 -204454458
#r 0 0.0321214806
-679884435 -202848660
#r 0 6.2121156395
-630010654 -206399153
#r 0 0.0524931527
-580079526 -203775701
#r 0 0.0611691412
-530173038 -200719151
#r 0 4.5518724349
-538164445 -250076394
#r 0 0.4820598742
-516013399 -238486262
#r 0 0.1847727106
-496189569 -234781097
#r 0 0.6969968730
-477742762 -219338028
#r 0 0.6383388100
-455401659 -202761713
#r 0 0.4218841029
-421281258 -187447307
#r 0 3.4964875468
-438815760 -193945341
#r 0 3.6270329667
-447122483 -198327515
#r 0 3.6793246337
-451155684 -200732718
#r 0 3.6782085531
-453177895 -201935608
#r 1 -452652212 -201588655
-55698254 -527054964
#r 0 2.3055519493
-89218546 -489955234
#r 0 2.4135506693
-126542482 -456684769
#r 0 1.9558580527
-145323299 -410346007
#r 0 5.1179567165
-135459787 -433317970
#r 0 5.1474689145
-130189036 -444658190
#r 0 4.8709490707
-129196873 -450862994
#r 0 5.4559537998
-127031301 -453217778
#r 0 2.3095209465
-128108375 -452035159
#r 1 -128100086 -451968054
-176767589 -188188183
#r 0 1.2611044361
-161529329 -140566807
#r 0 0.8741843035
-129448193 -102215788
#r 0 1.9865522811
-149642273 -56475225
#r 0 0.6542592676
-109967326 -26046643
#r 0 1.3030820486
-96740935 22172260
#r 0 1.2654510359
-81709809 69859420
#r 0 1.4891104791
-77630057 119692698
#r 0 4.5296398497
-82173397 95109004
#r 0 0.0111989163
-69547270 95250409
#r 0 3.0661939628
-75842792 95725985
#r 0 3.2833279486
-78991200 95276732
#r 0 6.2761970144
-77401090 95265620
#r 1 -77682619 95419147
133207554 429148051
#r 0 2.8425700550
85426310 443877367
#r 0 4.8469627841
88780510 419103402
#r 0 0.5393185262
99506245 425522794
#r 0 6.2635915950
111070516 425296178
#r 0 4.7596599034
111818734 409479680
#r 0 0.7447911230
117639614 414846029
#r 0 2.3654534444
113235357 419169474
#r 0 4.6980459508
113191098 416083951
#r 0 2.7857668351
111744828 416621450
#r 0 4.6583237660
111665068 415147625
#r 0 4.6794566632
111593988 412990031
#r 0 4.6253956482
111316233 409805262
#r 0 1.8516921351
110873122 411341045
#r 0 4.7216204730
110880500 410541865
#r 0 0.7098436916
111183587 410802295
#r 0 1.5749625428
111182292 411113193
#r 0 2.5805452461
111019701 411215367
#r 0 4.6852521152
111017096 411119388
#r 0 4.1274602257
110971458 411050473
#r 0 3.4297627265
110866011 411019216
#r 0 4.5120134573
420725815 -425022251
#r 0 5.7114944203
462775181 -452074993
#r 0 2.1623993850
448832872 -431323800
#r 0 4.6907556577
448562477 -443820874
#r 0 4.5978686306
447623423 -451984882
#r 0 4.5947808245
446734475 -459508560
#r 0 4.6365244012
446064497 -468322847
#r 0 2.5580660436
442376018 -465887637
#r 0 5.8624939506
444393254 -466790153
#r 0 1.0103720675
444995932 -465829773
#r 0 0.9797910920
445751608 -464703600
#r 0 5.8857184295
447426385 -465406689
#r 0 5.8671662742
448898371 -466057022
#r 0 2.6237150839
448199257 -465658704
#r 0 4.5834948037
448147545 -466057678
#r 0 2.5383385295
447981895 -465943558
#r 0 4.4796474465
447958697 -466041423
#r 0 4.6206240179
447950012 -466135797
#r 0 4.5999790852
447938098 -466241336
#r 0 4.6406114677
447928109 -466380259
#r 0 4.6318886087
447912423 -466574697
#r 0 5.7973939470
-984543034 144270826
#r 0 5.7496434809
-941492476 118841522
#r 0 0.7336411799
-904355412 152320448
#r 0 0.3962274393
-858229235 171617489
#r 0 5.1741571946
-835952644 126854184
#r 0 0.7937690153
-818423570 144679209
#r 0 0.2643156409
-795226096 150957557
#r 0 6.0627647484
-762876161 143709197
#r 0 0.3285990968
-715857434 159740719
#r 0 0.8233603203
-667299993 212132242
#r 0 0.2580355276
-572940658 237035477
#r 0 0.5534176810
-448438915 313954831
#r 0 6.2248056288
-231905215 301299282
#r 0 0.4197652279
60135155 431634266
#r 0 4.8934539583
146073794 -37796260
#r 0 2.1916712164
7259628 156286826
#r 0 5.2704698815
70440295 55081058
#r 0 2.2128904409
34715070 102854579
#r 0 5.6694797416
59099231 85677184
#r 0 2.5091647951
47070078 94492627
#r 0 5.7489539373
53487807 90695801
#r 1 53258263 90289715
366737756 485628537
#r 0 2.6092944775
323655607 511004281
#r 0 3.9940183098
290747664 473360327
#r 0 1.6807774525
288003676 498209280
#r 0 1.7585043216
284469478 516815797
#r 0 1.7332495917
281265842 536362365
#r 0 1.7025872439
278020311 560845985
#r 0 4.9307523695
280695479 548790334
#r 0 4.7858722491
281152172 542586596
#r 0 2.4796467779
278698805 544498328
#r 0 5.6560092296
279957975 543585683
#r 1 280360287 543307209
-649282821 -270779598
#r 0 5.2311036953
-624494604 -314202453
#r 0 5.0886610497
-606121809 -360704500
#r 0 5.3564350563
-576100015 -400688145
#r 0 2.3973393764
-594489863 -383752578
#r 0 5.7643880159
-583634662 -389950528
#r 0 2.6628301902
-589181947 -387071271
#r 0 5.7441683669
-586500030 -388675310
#r 0 2.5680228475
-587812481 -387827445
#r 1 -587561847 -388071025
411724544 245564399
#r 0 2.6115366619
368585606 270843482
#r 0 0.4871066585
390677877 282545258
#r 0 0.4731755514
409615528 292240716
#r 0 0.5788436885
429171734 305021030
#r 0 0.4644711417
456871306 318899342
#r 0 0.4664486280
495330186 338263626
#r 0 3.2018413213
473839846 336967293
#r 0 0.4520432079
483523303 341669362
#r 0 0.4627096344
489021358 344411946
#r 0 0.3500029204
493158945 345922297
#r 0 0.4734138324
496701434 347737001
#r 0 0.5273267938
500837326 350145462
#r 0 0.4588713450
506707978 353045822
#r 0 0.4270299600
515197360 356908755
#r 0 0.4299322432
527580592 362586950
#r 0 0.3248889528
546721230 369033978
#r 0 2.4613333281
538870469 375385953
#r 0 5.4823137651
542385197 371760737
#r 0 5.7918610714
544643318 370552438
#r 1 544127070 370925006
795592083 -315379132
#r 0 1.0998628859
818277999 -270821874
#r 0 1.1226333592
839943532 -225759643
#r 0 0.9742435984
868033230 -184395784
#r 0 1.1801729876
887071474 -138162189
#r 0 2.7332581047
841182303 -118308121
#r 0 0.3022331377
865049157 -110866799
#r 0 0.0666209525
882546081 -109699410
#r 0 0.1217015751
896849639 -107949999
#r 0 6.2458293840
912716132 -108542982
#r 0 3.1686664879
904780257 -108757889
#r 0 3.1447602281
900794447 -108770514
#r 1 901111702 -108707193
-521849662 466816098
#r 0 5.9953126254
-473907161 452620444
#r 0 0.7447598770
-437144627 486510208
#r 0 5.7819446243
-393295273 462484509
#r 0 1.0960862177
-370441241 506955772
#r 0 1.0535854612
-345718354 550415855
#r 0 1.0071351928
-319004127 592681090
#r 0 0.9682932930
-290668800 633877076
#r 0 2.6119414249
-333817967 659138695
#r 0 5.9432885743
-310248240 650803952
#r 0 4.1552555069
-317090841 639820000
#r 0 1.0048288089
-313621159 645281538
#r 0 1.0691172558
-312065216 648118341
#r 0 1.0625536841
-311276243 649534673
#r 1 -310965623 649890218
-558514126 -706353026
#r 0 5.5543896049
-521215277 -739651613
#r 0 5.5655727577
-483546385 -772531008
#r 0 0.0627106673
-433644668 -769397529
#r 0 5.4414014304
-400337997 -806689159
#r 0 5.3634838089
-370035116 -846460196
#r 0 5.2932332182
-342598620 -888260180
#r 0 5.5422552273
-305706565 -922008903
#r 0 5.3162217465
-279375679 -960181873
#r 0 2.1855486170
-292748748 -941240284
#r 0 2.2558397876
-300084810 -932261424
#r 0 2.1007355732
-303040018 -927216990
#r 0 1.9078511804
-304007513 -924456083
#r 1 -303995889 -924591185
-218018041 -776753981
#r 0 1.4798081273
-213474906 -726960810
#r 0 1.2973562342
-199972640 -678818429
#r 0 0.0398621194
-150012359 -676825851
#r 0 0.7221707410
-112493729 -643775096
#r 0 1.5596831157
-111938080 -593778184
#r 0 0.8026421262
-77197633 -557818465
#r 0 0.6484463363
-37346478 -527621024
#r 0 6.1140207223
11939810 -536038970
#r 0 0.7843481518
47332253 -500720774
#r 0 0.9094184934
78042490 -461263439
#r 0 5.9572284724
125409728 -477274208
#r 0 0.6294126199
165828399 -447840706
#r 0 1.6099123654
163873096 -397878953
#r 0 0.3857224948
210199439 -379067521
#r 0 2.1326767041
183560518 -336754782
#r 0 1.5212027857
186039179 -286816257
#r 0 4.7080678064
185931150 -311816024
#r 0 4.5748232266
184213487 -324223281
#r 1 184210192 -323563092
517252615 315449462
#r 0 4.3194946323
498109424 269259223
#r 0 1.0252501275
511081551 290630322
#r 0 2.1647846057
503924812 301227445
#r 0 0.2709694103
510085224 302938820
#r 0 0.7815535616
514467922 307287947
#r 0 5.3870746985
519776949 300650912
#r 0 0.7797642840
524494012 305315122
#r 0 0.7173875408
531987118 311852530
#r 0 0.2561996972
546395788 315626973
#r 0 1.0156115035
557798493 334010669
#r 0 1.0574621533
573452318 361778267
#r 0 0.0954501340
620544858 366286957
#r 0 0.9407155138
659746307 420043647
#r 0 1.1665101671
698512491 510649593
#r 0 4.3921144008
682999260 463879910
#r 0 1.9825400793
673139060 486458491
#r 0 5.1438781862
678291096 475268743
#r 0 5.0826627902
680520880 469524516
#r 0 5.1083811916
681709822 466680681
#r 1 681514106 466909313
-836634468 79323631
#r 0 0.7876306873
-801358149 114757814
#r 0 6.2688820125
-751363264 114042674
#r 0 0.6049138285
-710235709 142477234
#r 0 5.5723004228
-672346470 109852005
#r 0 5.7435995363
-629450391 84162972
#r 0 0.1203421466
-579812010 90165566
#r 0 0.1661844464
-530500854 98436595
#r 0 0.8229156425
-496496526 135093187
#r 0 1.0816902389
-473004677 179230847
#r 0 6.1574230366
-423399560 172959296
#r 0 6.0265989066
-375036464 160270286
#r 0 0.7165113223
-337331387 193108179
#r 0 1.3694290199
-327330927 242097880
#r 0 1.0144225583
-300925409 284556667
#r 0 0.9332027864
-271162234 324733195
#r 0 4.0059256750
-287390923 305716634
#r 0 5.6456240775
-277299041 298240971
#r 0 2.5057558473
-282351420 301970095
#r 0 0.3787423195
-279434154 303131036
#r 0 2.8593859608
-280941944 303568212
#r 0 2.9850847570
-478957491 -425697431
#r 0 0.5608182072
-436616481 -399103468
#r 0 1.3552923295
-425924491 -350260031
#r 0 1.1848767807
-407103930 -303937396
#r 0 1.2904994371
-393271882 -255888729
#r 0 1.2982727606
-379813746 -207733993
#r 0 1.4113842668
-371876859 -158367954
#r 0 1.0728706473
-347996653 -114439196
#r 0 5.8762956171
-302078844 -134226940
#r 0 1.3270566264
-290012171 -85704828
#r 0 1.5332985104
-288137720 -35739976
#r 0 1.0104348034
-261563097 6613175
#r 0 1.6989051659
-267951032 56203439
#r 0 1.5832421431
-268573307 106199567
#r 0 1.9571944387
-287416034 152513190
#r 0 5.3167505289
-273210113 131941564
#r 0 2.1224001522
-279760786 142587627
#r 0 2.2429843288
-283663473 147491598
#r 1 -283850470 147540222
744680137 283363242
#r 0 0.8796122318
776552635 321887830
#r 0 0.7610459665
812758386 356371791
#r 0 0.8189252471
846908717 392892400
#r 0 3.9290519603
829267522 375178333
#r 0 4.6445863698
828419801 362694714
#r 0 1.4988739346
828869373 368934724
#r 0 1.5129280820
829050292 372057633
#r 0 1.5690626607
829053004 373621756
#r 1 829160558 373795350
787479252 -388621533
#r 0 4.6130375217
782519847 -438374968
#r 0 1.6432134123
780711002 -413440493
#r 0 4.6055878604
779378525 -425869269
#r 0 3.5152486596
773376281 -428222600
#r 0 4.6313474332
772823255 -435031638
#r 0 4.5979914396
772237858 -440126512
#r 0 1.5810144040
772211657 -437562449
#r 0 4.4614655716
771893314 -438804396
#r 0 4.5731912674
771798530 -439480924
#r 0 4.5030197351
771717379 -439862844
#r 0 3.6102103820
771457102 -439994604
#r 0 4.5757021675
771403155 -440386821
#r 0 4.5082116436
771314513 -440814915
#r 0 3.8497615693
770877115 -441189480
#r 0 4.6565035363
770828891 -442051486
#r 0 4.4762062567
770549793 -443211133
#r 0 3.5722520532
768952173 -443945111
#r 0 2.1459323400
767582074 -441831540
#r 0 3.9142465356
765806899 -443562035
#r 0 4.6316731996
765512965 -447195713
#r 0 3.5538553052
734374273 161323653
#r 0 4.9327487366
745303308 112532709
#r 0 5.0065579053
759800537 64680537
#r 0 3.7324050346
718276116 36828743
#r 0 5.9470727326
741877214 28583251
#r 0 2.3022872647
733527466 37885492
#r 0 5.7051726476
738762153 34470739
#r 0 2.3889585225
736481245 36606875
#r 0 5.6338408582
737725745 35662087
#r 0 3.7989712149
737100753 35179648
#r 0 1.2779077357
737214729 35557602
#r 0 5.8547947925
737451956 35449266
#r 0 5.8063724945
737606004 35369690
#r 0 5.7049276540
737738301 35283342
#r 0 5.7002526552
737896485 35179040
#r 0 5.6696737621
738105935 35031554
#r 0 5.7668274103
738426080 34849796
#r 0 5.7795607234
738895754 34590997
#r 0 5.6416588763
739531188 34116379
#r 0 5.7367672458
740546516 33498869
#r 0 5.7204224543
742049792 32550595
#r 0 5.7465799344
-835925574 -325109799
#r 0 6.0488024526
-787292681 -336721937
#r 0 0.8276727780
-753463118 -299903998
#r 0 5.9528729763
-706166064 -316120923
#r 0 1.0867329523
-682897087 -271865362
#r 0 0.8642190688
-650435373 -233835938
#r 0 0.8342535205
-616848830 -196796174
#r 0 5.8970199342
-570530823 -215628121
#r 0 0.8166037825
-536295803 -179186889
#r 0 1.1369440665
-515277339 -133819233
#r 0 0.9668725297
-486883511 -92663547
#r 0 0.5444715211
-444113454 -66765242
#r 0 0.5523844739
-401549666 -40529314
#r 0 1.0945176552
-378625907 3906046
#r 0 1.0452394670
-353541167 47158281
#r 0 0.5895206515
-311980803 74956413
#r 0 0.3756351344
-265467063 93299586
#r 0 5.6260820840
-225878814 62758293
#r 0 0.6217818780
-185236722 91882516
#r 0 1.5219880002
-182797275 141822972
#r 0 1.2928922513
-169080238 189904599
#r 0 1.7078176673
191098699 -491490599
#r 0 1.1218874237
212797839 -446444541
#r 0 5.3419811806
227518219 -466651233
#r 0 1.2561026831
231387283 -454765093
#r 0 5.9538959471
241023465 -458058076
#r 0 5.2118493669
248332623 -471454577
#r 0 1.3536949874
249976203 -464003326
#r 0 1.4227765019
250768684 -458688597
#r 0 0.6073759928
254778185 -455901913
#r 0 1.3965506873
255985040 -449045978
#r 0 1.4135736882
257352428 -440420614
#r 0 1.3965715411
259435659 -428584698
#r 0 1.3665267130
262960397 -411570044
#r 0 5.8326085562
286097214 -422762863
#r 0 1.7790478395
283440279 -410189536
#r 0 1.7630137488
281479643 -400115375
#r 0 1.8601303679
278373217 -389680190
#r 0 1.7315115304
276231161 -376466872
#r 0 1.8365546306
271302973 -358361640
#r 0 1.5821548207
270997104 -331434152
#r 0 4.6707872204
270437114 -344887114
#r 0 4.7901912008
76967052 -918743877
#r 0 0.4887031931
121114173 -895269813
#r 0 0.3685042025
167757533 -877258790
#r 0 0.4111976123
213589672 -857273420
#r 0 0.8794390851
245468840 -818754351
#r 0 0.3820395835
291864149 -800113662
#r 0 1.0343359302
317418990 -757137505
#r 0 0.9054700685
348284782 -717801734
#r 0 0.2563190827
396651268 -705125653
#r 0 5.7056136214
438540816 -732425209
#r 0 5.3902401277
469896850 -771371314
#r 0 2.4407291762
450789710 -755249368
#r 0 0.9600342097
458217359 -744639258
#r 0 4.1109741503
454553285 -749978794
#r 0 4.0702522811
452613909 -752571993
#r 0 4.1892265514
451804582 -753975203
#r 1 451575381 -754063544
-458212991 -390070259
#r 0 1.1414117922
-437397427 -344609152
#r 0 0.8081228273
-402854586 -308459572
#r 0 6.1852520971
-353094167 -313348409
#r 0 1.2147261675
-335664487 -266484710
#r 0 1.2949394029
-322045909 -218375103
#r 0 1.3678971947
-311970417 -169400778
#r 0 1.4821861192
-307545702 -119596944
#r 0 1.3321138833
-295724571 -71014428
#r 0 1.5596103541
-295165284 -21017556
#r 0 1.1885711101
-276515983 25374292
#r 0 1.6458881293
-280267046 75233389
#r 0 0.9136763033
-249725088 114821125
#r 0 1.6929999915
-255820075 164448246
#r 0 1.1312809225
-234545026 209696144
#r 0 0.9245716634
-204436195 249614289
#r 0 2.5874378883
-246953471 275925526
#r 0 2.4448343996
-285299799 308012270
#r 0 4.7139383969
-285261064 283012300
#r 0 1.4791846553
-284117519 295459882
#r 0 1.7160423570
-285029930 301697474
#r 0 1.7222899540
-561441965 -303326039
#r 0 1.1771331943
-542263269 -257150530
#r 0 0.6524339137
-502532845 -226794419
#r 0 1.1683222273
-482948048 -180789683
#r 0 1.0749098991
-459157473 -136812319
#r 0 1.0270644240
-433290809 -94023119
#r 0 1.2411145823
-417103713 -46715848
#r 0 1.2505401547
-401363227 741892
#r 0 1.2588658243
-386018400 48329036
#r 0 5.7402075313
-343209705 22494647
#r 0 1.3683146629
-338182182 46983910
#r 0 0.2847207678
-315217940 53704911
#r 0 1.2082349624
-302626391 86899099
#r 0 1.0905545867
-281402478 127642377
#r 0 1.0752186410
-250187441 185386604
#r 0 1.2088643210
-216025055 275617629
#r 0 2.8478332176
-351859340 316709078
#r 0 0.2229916677
-282659433 332401043
#r 0 0.6958396763
-249062542 360461210
#r 0 4.0988311212
-261664511 342566479
#r 0 0.0863044371
-250761853 343509770
#r 0 6.1157481149
-143029320 -288205830
#r 0 0.5637242141
-100765771 -261488937
#r 0 6.0460591470
-52164917 -273234446
#r 0 5.9122416493
-5565633 -291359199
#r 0 1.8503615952
-12464078 -267329813
#r 0 1.9603941722
-20086524 -248764964
#r 0 1.2320831739
-13383611 -229738255
#r 0 5.6092972455
-5502057 -236032481
#r 0 1.6778537631
-6040940 -231018137
#r 0 5.8754272090
-3726073 -232018086
#r 0 5.9368562486
-1661541 -232763122
#r 0 1.3995735629
-1231855 -230278180
#r 0 1.7149934397
-1746700 -226732537
#r 0 1.7175384547
-2479940 -221771663
#r 0 1.8126249291
-4225441 -214694994
#r 0 5.8353986907
-940370 -216272906
#r 0 1.8637166798
-1466526 -214528334
#r 0 1.8059108378
-1788462 -213184383
#r 0 1.9018882213
-2254490 -211828648
#r 0 5.7422154777
-1640044 -212197776
#r 0 5.8127414224
-1195382 -212423898
#r 0 5.7797411366
-217724255 370576245
#r 0 5.4735866451
-183234802 334375725
#r 0 5.8795774965
-137252299 314738784
#r 0 2.8696545749
-161333603 321453754
#r 0 2.2365789064
-169187064 331452909
#r 0 5.3249546823
-165531829 326251540
#r 0 2.3212734016
-167699621 328576280
#r 0 5.4082534192
-166680790 327356479
#r 1 -167012360 327823332
231282029 -813119927
#r 0 1.4636642615
236628392 -763406585
#r 0 0.6246159313
277187781 -734167297
#r 0 0.2403212868
325750859 -722266562
#r 0 0.2838360992
373750271 -708264546
#r 0 1.1089771908
396029142 -663502375
#r 0 1.1722143645
415434735 -617421761
#r 0 0.8709638240
447639213 -579174257
#r 0 3.9810160196
430941911 -597780709
#r 0 4.1228025983
423984785 -608180673
#r 0 0.9193476266
427778171 -603205693
#r 0 3.9680673969
425658964 -605506564
#r 0 0.7990117601
426749758 -604385659
#r 1 426428408 -604730358
-173650117 941397434
#r 0 5.5230237370
-137413882 906945507
#r 0 5.4226166193
-104813563 869034833
#r 0 0.5464628261
-62095162 895018255
#r 0 0.6932675717
-23637063 926970949
#r 0 0.6220964065
16995866 956107954
#r 0 4.5587796980
13170719 931402323
#r 0 2.8403312189
-4531226 936902652
#r 0 2.6638514080
-14092279 941852823
#r 0 5.7478435136
-9462169 939106634
#r 1 -9319112 939180736
-974261600 -135035256
#r 0 5.9161915575
-927591088 -152975806
#r 0 0.6055434231
-886481443 -124515358
#r 0 5.9601338501
-839067887 -140388440
#r 0 0.6656829061
-799743127 -109508621
#r 0 6.0941283607
-750634032 -118905257
#r 0 0.3333462588
-703386396 -102544911
#r 0 5.9987667481
-655395148 -116574882
#r 0 0.6649035851
-616046334 -85725719
#r 0 0.8971868942
-584855780 -46646961
#r 0 0.3659401164
-538166391 -28755595
#r 0 1.1748375392
-518881743 17375765
#r 0 0.8863439854
-487269303 56114036
#r 0 0.3221669298
-439841726 71945173
#r 0 0.9520082447
-410839307 112674274
#r 0 0.7819283701
-375361505 147906725
#r 0 0.9432892768
-346005077 188381410
#r 0 0.7197443523
-308406363 221341033
#r 0 0.8876736734
-276845461 260121304
#r 0 1.7004658822
-283310785 309701538
#r 0 4.2959922615
-293422477 286837731
#r 0 1.1272075105
-219071864 876570219
#r 0 4.7152131283
-218930657 826570418
#r 0 4.9050626042
-209356471 777495629
#r 0 5.0324180741
-193626762 730034316
#r 0 1.8911515024
-201499354 753762406
#r 0 1.9692535966
-206349316 765283165
#r 0 4.8996735149
-205185618 759142456
#r 0 1.2932415834
-204329353 762147857
#r 0 4.5014544830
-204656499 760619990
#r 1 -204796191 760263625
841216372 -245702053
#r 0 4.4044419434
826061228 -293349945
#r 0 4.5199060431
816496400 -342426559
#r 0 1.6663776217
814110504 -317540670
#r 0 4.3539951157
809725872 -329246437
#r 0 4.6178912289
809026808 -336622087
#r 0 4.5524348868
808273468 -341291578
#r 0 4.4313973202
807122514 -345279246
#r 0 4.4155195121
805689369 -349964113
#r 0 4.5652273611
804723365 -356480898
#r 0 1.5885489696
804664891 -353187421
#r 0 4.5987052087
804478057 -354823788
#r 0 2.3231231283
803915328 -354222551
#r 0 3.0599295543
803278448 -354170425
#r 0 4.3547612075
802980979 -354966441
#r 0 4.5133396904
802738792 -356167050
#r 0 4.4192994460
802226269 -357865381
#r 0 4.4910744135
801647258 -360438762
#r 0 4.4330910477
800564635 -364213671
#r 0 3.0758781500
794695361 -363827418
#r 0 4.3739219027
792274638 -370704216
#r 0 3.1783826314
-554460271 622376857
#r 0 6.0356434426
-505984389 610125782
#r 0 5.7730829332
-462349663 585712452
#r 0 5.5984608216
-423619997 554089471
#r 0 5.7641725791
-380204531 529288315
#r 0 5.7515322521
-337106020 503940369
#r 0 0.0210084161
-287117053 504990713
#r 0 4.7132899890
-287072003 454990733
#r 0 4.6908150206
-288150617 405002368
#r 0 5.7615872158
-244799416 380089050
#r 0 4.2288329797
-268045936 335821688
#r 0 4.2148131036
-291910774 291884580
#r 0 1.1388579707
-281444976 314588479
#r 0 4.2871230402
-286602014 303201867
#r 0 0.5844019856
-281389251 306649996
#r 0 3.7785366266
-283901491 304791430
#r 0 3.6588130280
-285263354 304016698
#r 1 -285319501 304034490
-710372218 -603481641
#r 0 0.7047590523
-672283834 -571089126
#r 0 1.1592627578
-652283068 -525263704
#r 0 1.0576257660
-627735974 -481704088
#r 0 1.0431610905
-602561394 -438504082
#r 0 0.3091759073
-554932162 -423290396
#r 0 0.9985525236
-527856175 -381255995
#r 0 0.7186919076
-490222794 -348335961
#r 0 1.1276774371
-468784834 -303165021
#r 0 1.1202474977
-447011851 -258154609
#r 0 0.6644217217
-407648177 -227324410
#r 0 1.1032590955
-385113718 -182690363
#r 0 0.6678492531
-345855946 -151725425
#r 0 1.1648243270
-326110349 -105789476
#r 0 5.9214938906
-279345367 -123482312
#r 0 1.1194257386
-257535404 -78489807
#r 0 5.9265037109
-210682371 -95948138
#r 0 1.3329693129
-198902803 -47355528
#r 0 1.3174369887
-186369930 1048264
#r 0 1.4804208692
-181857306 50844210
#r 0 6.2283853549
-131932363 48105584
#r 0 5.4887161587
57367412 137137296
#r 0 0.5320407246
100456093 162501948
#r 0 2.1493463137
73115569 204364769
#r 0 1.1530647503
93399976 250065347
#r 0 1.2114410023
110983517 296871534
#r 0 4.1807072779
98308927 275322642
#r 0 4.8923967336
100612233 262665551
#r 0 1.6765574634
99933194 269062089
#r 0 4.4001033565
98945054 266001407
#r 0 1.4047203546
