701687785 -541700890
#r 0 3.2643225837
652063878 -547821993
#r 0 1.4874280993
654145670 -522908821
#r 0 3.8389132210
644563601 -530935896
#r 0 2.3495618496
644563601 -530935896
#r 0 1.4495640829
645319448 -524731770
#r 0 3.7942520788
642836725 -526629586
#r 0 2.0310955599
642142638 -525229712
#r 0 2.0357149833
641421782 -523792569
#r 0 1.5028607794
641557862 -521792580
#r 0 1.3911338864
641984387 -519444141
#r 0 1.6958650274
641594470 -516342791
#r 0 1.2902046771
642865386 -511932873
#r 0 1.5589101108
642942835 -505417311
#r 0 1.2296826221
646197900 -496247867
#r 0 1.3008332333
649997975 -482515223
#r 0 1.2993958305
655691344 -462055093
#r 0 1.2128504958
666820080 -432303845
#r 0 4.3958112746
661875674 -447396864
#r 0 4.2853882100
658581289 -454637335
#r 0 4.3349550282
657114361 -458337585
#r 0 1.4846705553
-499127383 633119407
#r 0 5.9779653988
-451438338 618094261
#r 0 2.8001918925
-474995503 626464444
#r 0 5.9468223592
-463195987 622338744
#r 0 2.9300163098
-469306618 623651252
#r 0 6.1931222449
-466194284 623370185
#r 1 -466249203 623188577
-483608482 -622730427
#r 0 2.7963519024
-530658182 -605809265
#r 0 6.1614040184
-505843338 -608846277
#r 0 3.0307113746
-518266574 -607463099
#r 0 2.9300575517
-524377985 -606150687
#r 0 5.9531444328
-521421294 -607163562
#r 0 2.8121894322
-522899961 -606658067
#r 1 -522659103 -606697947
-400050622 -282770132
#r 0 2.2658242961
-432070968 -244368342
#r 0 3.6108426980
-476666352 -266979218
#r 0 2.7676662867
-523211368 -248715553
#r 0 6.0014353131
-499197110 -255666479
#r 0 5.3984646200
-491211338 -265419977
#r 0 1.6721827384
-491849266 -259149501
#r 0 2.7516434153
-495609820 -257603930
#r 0 2.7788016463
-497515658 -256880488
#r 0 2.7519103012
-498474871 -256486555
#r 0 2.7381301624
-498977386 -256272041
#r 0 5.9912969619
-498715749 -256350655
#r 0 2.7799286794
-498843509 -256302323
#r 0 5.3631936804
-498802132 -256356661
#r 0 2.0316803562
-498817319 -256326075
#r 0 5.2480111427
-498808605 -256340758
#r 0 4.6339421458
-498809278 -256349316
#r 0 3.6658269865
-498813713 -256351880
#r 0 4.6565091762
-498814063 -256358134
#r 0 1.8874529861
-498815038 -256355159
#r 0 1.9608332152
-498815710 -256353524
#r 0 0.7249999356
301295572 728310821
#r 0 3.7469574790
260180845 699857716
#r 0 3.9151924450
224410841 664921963
#r 0 6.1638347999
249232995 661945279
#r 0 0.0003723241
268963733 661952625
#r 0 3.6167963128
260191451 657439026
#r 0 6.2536368383
265121982 657293294
#r 0 3.5886409713
262898015 656227080
#r 0 5.6830480429
263915699 655530640
#r 0 0.0766490563
264980512 655612417
#r 0 3.5965248959
264500848 655377788
#r 0 0.1419946282
264765148 655415571
#r 0 5.6523936966
264882959 655329530
#r 0 0.2357878588
265028436 655364482
#r 0 0.0234315849
265154663 655367440
#r 0 3.6071172258
265098251 655339101
#r 0 5.7419959911
265125305 655322840
#r 0 0.2232834678
265151339 655328752
#r 0 3.2890946753
265138136 655326790
#r 0 5.8820230292
265144279 655324184
#r 0 3.5302183558
265141192 655322920
#r 0 0.2946866076
538670319 187274473
#r 0 4.1511567171
512058827 144944478
#r 0 2.1711760461
497934932 165572506
#r 0 3.5592653828
476840968 156211341
#r 0 1.8563178038
473590941 167283107
#r 0 5.0862704199
475698129 161912220
#r 0 2.7253959756
473059660 163078472
#r 0 0.8979366542
473958577 164206462
#r 0 4.4407809039
473765098 163511719
#r 0 1.8890240032
473652275 163854204
#r 0 2.5299463436
473461188 163988227
#r 0 5.0580179771
473500725 163878428
#r 0 5.0474694401
473525959 163805960
#r 0 1.9434351387
473511991 163841694
#r 0 1.8331080601
473507009 163860248
#r 0 1.9388393403
473503549 163869221
#r 0 0.3222641962
473503549 163869221
#r 0 3.2484487520
473498761 163868707
#r 0 1.8816172103
473497245 163873427
#r 0 1.9250212437
473496188 163876284
#r 0 4.3372464368
473495630 163874867
#r 0 1.9165106365
-356518068 -65592954
#r 0 1.7571610202
-365782456 -16458739
#r 0 6.0252184702
-341609690 -22836619
#r 0 5.1737054680
-331531796 -43110421
#r 0 3.0135920975
-342759422 -41665378
#r 0 0.4382797733
-337634282 -39263324
#r 0 0.2962270215
-334184430 -38210405
#r 0 5.9914133832
-331516203 -39011790
#r 0 5.7964905988
-329704834 -39970276
#r 0 1.5837673162
-329718125 -38945698
#r 0 5.9355694545
-329236437 -39120228
#r 0 2.9897164711
-329489653 -39081472
#r 0 0.0037465724
-329361572 -39080992
#r 0 0.7195490672
-329312256 -39037778
#r 0 5.1264267001
-329299066 -39067793
#r 0 1.5873964231
-329299338 -39051403
#r 0 5.8174735226
-329292015 -39055083
#r 0 5.0521369697
-329289593 -39061935
#r 0 2.1673358555
-329291634 -39058929
#r 0 5.9598090833
-329289912 -39059506
#r 0 2.3820730574
-329290570 -39058881
#r 0 6.0320529886
-276446552 932869643
#r 0 3.4955540852
-323346901 915538825
#r 0 6.0909298148
-298807508 910761992
#r 0 2.8657226000
-310834864 914166794
#r 0 3.0758539021
-317114789 914580224
#r 0 3.0119140787
-320241019 914987917
#r 0 3.0194956263
-321806459 915180008
#r 1 -322039459 915244260
-550539604 -271667289
#r 0 5.4764603538
-515946264 -307768547
#r 0 5.4655688659
-481748164 -344244429
#r 0 4.5885338145
-487925102 -393861416
#r 0 1.6650002470
-490276718 -368972265
#r 0 5.5275175112
-481179047 -377544450
#r 0 4.5364903877
-482723930 -386236486
#r 0 0.5865165193
-479047518 -383793429
#r 0 1.2884863798
-478127871 -380622856
#r 0 2.3901079070
-479711359 -379143286
#r 0 5.9712259791
-478680082 -379475862
#r 0 2.4561287743
-479099494 -379132893
#r 0 1.9994710553
-479226678 -378854602
#r 0 0.2888138067
-479080026 -378811029
#r 0 5.4083284490
-478976663 -378934762
#r 0 4.5950946581
-478990303 -379050519
#r 0 0.7808276026
-478948906 -379009499
#r 0 5.9554801171
-478911165 -379022329
#r 0 2.3515805560
-478925193 -379008171
#r 0 5.3182418653
-478919518 -379016362
#r 0 1.2143720181
-478917780 -379011693
#r 0 5.4427217086
-618319202 -169265767
#r 0 3.0567529319
-668139365 -165028868
#r 0 2.9172460451
-716886349 -153905398
#r 0 5.7626930032
-695196988 -166338081
#r 0 2.6436979970
-706179362 -160368371
#r 0 2.5595577111
-711402938 -156930836
#r 0 2.6830158205
-714210755 -155544680
#r 1 -713599193 -155916003
755102565 -188650360
#r 0 3.4702105363
707778100 -204787119
#r 0 2.3965489238
671025187 -170886921
#r 0 2.7615838273
624592119 -152340488
#r 0 3.9994953054
591890844 -190164113
#r 0 3.9053065675
555777223 -224744546
#r 0 3.8558029973
517996687 -257495593
#r 0 2.6359275189
474254063 -233276121
#r 0 4.6060892427
471601572 -258135008
#r 0 0.0475776833
484087426 -257540511
#r 0 0.0281704590
497172835 -257171791
#r 0 0.1141168381
513620164 -255286684
#r 0 5.7718697568
533286753 -266321354
#r 0 2.8749912107
522409692 -263350799
#r 0 2.3995487484
518013562 -259320232
#r 0 2.3097612725
516005055 -257115972
#r 0 2.2733333930
515033992 -255969004
#r 1 515362053 -256306830
380790345 -501424583
#r 0 0.1957835752
429835122 -491697823
#r 0 0.0978461110
479595966 -486813320
#r 0 3.2407891353
454718865 -489289167
#r 0 3.3355329783
442453188 -491698257
#r 0 0.2022448431
448575811 -490442824
#r 0 0.1664660940
451657830 -489924980
#r 1 451503081 -489841923
-579009961 358478730
#r 0 2.6079356626
-622057590 383912992
#r 0 5.5182231232
-604022376 366600249
#r 0 2.3783291198
-613054674 375241290
#r 0 2.3729551416
-617547552 379586030
#r 0 5.4348616754
-615481167 377241733
#r 0 2.3694464291
-616600568 378331852
#r 1 -616354558 378099998
299350043 -849072587
#r 0 1.2001564608
317460639 -802467799
#r 0 2.4874481363
277782201 -772043770
#r 0 2.9752240717
228472569 -763763661
#r 0 2.9430839350
179454481 -753903283
#r 0 4.3903826815
163630962 -801333403
#r 0 1.8339331930
157128194 -777193933
#r 0 0.3593795341
157128194 -777193933
#r 0 4.4045341696
153340506 -789106255
#r 0 1.3808587973
154520490 -782968656
#r 0 4.4314044519
153653922 -785971102
#r 0 4.4040873585
153175885 -787472212
#r 0 4.4107732178
152931949 -788256300
#r 0 1.6581269005
152896139 -787847287
#r 0 3.0038900941
152664400 -787815173
#r 0 2.9470655233
152362296 -787755653
#r 0 0.4508263507
152500869 -787688573
#r 0 0.4166136640
152595428 -787646729
#r 0 0.7309510767
152663187 -787585974
#r 0 0.4069384852
152768429 -787540615
#r 0 2.3179664763
152729490 -787498579
#r 0 1.4266175867
547958642 -796389549
#r 0 2.4077403483
510828647 -762902783
#r 0 1.7886798120
500020465 -714084926
#r 0 1.5173747484
502690274 -664156256
#r 0 2.3822530254
466425734 -629734124
#r 0 6.0745475954
490883584 -634912308
#r 0 5.9428931311
505748053 -640175306
#r 0 2.4609922652
499620379 -635214005
#r 0 5.4908318955
502388460 -638020862
#r 0 5.9740683476
504289402 -638627936
#r 1 503433185 -638325845
120566706 -818818612
#r 0 4.5106405505
110547576 -867804498
#r 0 0.5298789416
132119282 -855168776
#r 0 2.0716772814
132119282 -855168776
#r 0 0.4501191258
149290627 -846871548
#r 0 4.2827061875
145318327 -855540204
#r 0 4.2801726795
142552796 -861535204
#r 0 2.8818157940
136646593 -859965438
#r 0 3.0307876987
133368921 -859600762
#r 0 2.7570627129
131234659 -858737080
#r 0 4.3620617346
131234659 -858737080
#r 0 4.3732153251
131234659 -858737080
#r 0 1.7456848680
130914822 -856926958
#r 0 4.4488893840
130675438 -857814315
#r 0 4.4776400095
130549952 -858339013
#r 0 4.3879467713
130423713 -858714358
#r 0 2.7785890434
130423713 -858714358
#r 0 4.3972961722
130298006 -859100020
#r 0 2.7991157078
130298006 -859100020
#r 0 2.5068601913
130134692 -858979758
#r 0 0.6144273231
130217553 -858921297
#r 0 4.4379475267
137093106 -178832048
#r 0 0.7781837273
172702592 -143732696
#r 0 5.7714645703
216297752 -168216610
#r 0 0.9216346634
246523692 -128387067
#r 0 5.0447863256
254681444 -152018636
#r 0 3.2590965167
242267640 -153484057
#r 0 3.3660454806
229859245 -156316889
#r 0 5.4407418839
234095271 -161066034
#r 0 5.4543584826
237861792 -165174783
#r 0 5.7805465475
243335857 -168184061
#r 0 5.3929254917
247972747 -173911804
#r 0 5.3271205604
254088910 -182575106
#r 0 5.1900035290
261305865 -196518686
#r 1 262108512 -195950786
-671832205 450572368
#r 0 2.7141001666
-717332615 471301881
#r 0 3.0269591016
-767004453 477021014
#r 0 0.1969928068
-742487964 481914043
#r 0 3.2388460166
-754928896 480700291
#r 0 0.2274547393
-748839875 482109657
#r 0 3.3929956797
-751866638 481332272
#r 0 0.0790787843
-750309022 481455704
#r 1 -750255385 481565669
-468532303 -84888903
#r 0 0.8362284050
-435018975 -47782881
#r 0 2.8818590675
-459180436 -41362304
#r 0 2.2661115431
-473440775 -24269958
#r 0 3.9123672950
-473440775 -24269958
#r 0 5.5364403488
-465272443 -31830034
#r 0 0.2550281006
-459799051 -30403095
#r 0 2.1532044871
-461354648 -28041177
#r 0 5.0143620858
-460934093 -29391276
#r 0 2.9185065915
-461623614 -29234850
#r 0 0.5013233951
-461313596 -29064953
#r 0 5.6855712898
-461106716 -29205764
#r 0 5.6810880829
-461002295 -29277524
#r 0 3.0076697240
-461065078 -29269065
#r 0 0.4821349441
-461037014 -29254378
#r 0 2.9362571108
-461052518 -29251149
#r 0 2.8885460721
-461063110 -29248410
#r 0 2.9190163443
-461073228 -29246120
#r 0 2.9702905339
-461085224 -29244045
#r 0 5.9395702217
-461079493 -29246096
#r 0 2.1459046654
-461081148 -29243543
#r 0 4.0192528002
242220329 -192797614
#r 0 2.9294237133
193341505 -182268579
#r 0 0.7401834299
211800127 -165407995
#r 0 2.9979400611
199428881 -163618507
#r 0 3.0990787240
189628548 -163201605
#r 0 3.0742950857
179937971 -162548466
#r 0 3.0838403106
168035834 -161860324
#r 0 3.0739846139
151818171 -160762206
#r 0 6.1496248361
159873187 -161844481
#r 0 3.0183153667
155840328 -161344787
#r 1 155400259 -161130532
474168597 127670696
#r 0 5.0607947098
491238585 80674786
#r 0 1.2914881755
498130852 104705946
#r 0 1.4307222091
500447781 121138358
#r 0 2.6796028650
488327706 127173300
#r 0 4.9927104964
490200649 120667821
#r 0 5.1517576519
492382347 116026004
#r 0 4.9821039059
493654572 111424017
#r 0 5.1234955444
496023133 105990883
#r 0 1.0206507108
497572478 108517103
#r 0 1.8647708637
496865679 110851727
#r 0 2.4361799461
495624040 111909087
#r 0 2.4466368831
494845081 112558506
#r 0 3.9409936126
494845081 112558506
#r 0 2.4397922695
494217145 113089345
#r 0 0.9923285747
494697672 113825242
#r 0 1.9633479888
494196917 115034675
#r 0 1.9080549402
493592830 116757413
#r 0 1.3759204816
494109256 119373810
#r 0 2.4623574651
491011520 121874913
#r 0 0.3929796794
492850469 122637235
#r 0 1.9152084594
595496296 -707793242
#r 0 2.7038242707
550211299 -686597275
#r 0 2.5917521047
507580906 -660469711
#r 0 2.5984688034
464775985 -634629069
#r 0 5.6715998076
485244453 -648983226
#r 0 5.9363866129
497055223 -653251695
#r 0 2.8161494833
491105610 -651244050
#r 0 2.7384274850
488216408 -650011721
#r 1 487899686 -650067846
677928845 -196320030
#r 0 2.3568416194
642550634 -160987578
#r 0 4.7183812000
642700439 -185987128
#r 0 1.4548842337
644146098 -173571008
#r 0 2.3036092021
639903477 -168856964
#r 0 0.9624508793
642276014 -165450392
#r 0 4.7705568642
642396683 -167522553
#r 0 2.0931031758
641878927 -166623092
#r 0 2.2161928577
641506558 -166128555
#r 0 3.6601535398
641061151 -166382728
#r 0 2.2875706355
640558125 -165805451
#r 0 2.8501821771
639718006 -165553458
#r 0 2.2073115596
638957154 -164524085
#r 0 2.2653312009
637854480 -163200329
#r 0 2.2629507354
636271393 -161290612
#r 0 2.1989955943
634124936 -158335527
#r 0 4.8384825031
634354596 -160147212
#r 0 2.2422504161
633786539 -159432337
#r 0 2.1921113381
633452461 -158965680
#r 0 2.2420380187
633165868 -158604858
#r 0 2.2720087784
632844532 -158224292
#r 0 4.7850968316
134234208 -184258840
#r 0 0.9069752490
165040758 -144876655
#r 0 1.6726722219
159955770 -95135898
#r 0 4.6863597632
159305113 -120127429
#r 0 0.4490997589
170565591 -114700495
#r 0 2.9811608367
164395852 -113702092
#r 0 0.4211665189
167247766 -112424513
#r 0 4.0811800517
166325702 -113685941
#r 0 2.0101414151
165993400 -112978887
#r 0 0.3575852553
165993400 -112978887
#r 0 4.5004375979
165911225 -113360770
#r 0 3.0077998151
165911225 -113360770
#r 0 4.1031667898
165760497 -113576786
#r 0 2.0047969316
165705116 -113457294
#r 0 0.1267662790
165770438 -113448969
#r 0 0.3788527262
165829994 -113425261
#r 0 0.0930548768
165912984 -113417516
#r 0 3.9520540355
165884263 -113447714
#r 0 0.8265771898
165898378 -113432386
#r 0 4.9180761533
165900506 -113442584
#r 0 1.9763002740
165898452 -113437798
#r 0 5.0467248086
-222667336 -46611794
#r 0 6.2357864193
-172723492 -48980851
#r 0 1.2444006565
-156691938 -1620643
#r 0 5.1173924984
-146841388 -24598168
#r 0 0.6464909177
-136863857 -17068304
#r 0 0.4963866293
-125813010 -11082945
#r 0 5.8278980075
-111309849 -18183589
#r 0 0.9154957529
-96589822 968097
#r 0 0.5786788440
-71408173 17418811
#r 0 5.3492674140
-71408173 17418811
#r 0 3.0410583777
-86371694 18928247
#r 0 1.3167160554
-84481570 26206555
#r 0 0.5240350951
-77662300 30147631
#r 0 0.5925750475
-71780164 34108024
#r 0 3.1263094467
-75325318 34162210
#r 0 0.7419840313
-74018547 35360172
#r 0 0.3850256488
-72830030 35841821
#r 0 5.0875966219
-72830030 35841821
#r 0 2.0327166261
-72830030 35841821
#r 0 2.3881676343
-73297690 36280493
#r 0 3.1202839703
-73882070 36292947
#r 0 0.4461372856
219528894 970092025
#r 0 5.5623066275
257090197 937089774
#r 0 4.4944157040
246277632 888272887
#r 0 4.9445280744
257780620 839614062
#r 0 5.8336984633
302814129 817888892
#r 0 4.0995930042
288435206 797437816
#r 0 4.0671906807
272757948 776608548
#r 0 5.9878004290
285228312 772813982
#r 0 6.1134885233
297465860 770717143
#r 0 4.0132836032
293470842 765965470
#r 0 5.9973561188
296448879 765090296
#r 0 6.0673886754
299241573 764478110
#r 0 3.3961192968
297858126 764118180
#r 0 5.5261406159
298377655 763627307
#r 0 6.1819271598
298980813 763566023
#r 0 5.0514496932
299138571 763118713
#r 0 6.1691330146
299815788 763041138
#r 0 5.6474447169
300438353 762581720
#r 0 3.9946110662
300438353 762581720
#r 0 5.9202280107
301486530 762183640
#r 0 4.5250160387
301187548 760606708
#r 0 5.5140889036
-384209398 -106897359
#r 0 1.3168956556
-371650324 -58500358
#r 0 0.3308305477
-324361680 -42258926
#r 0 5.1720348426
-302180142 -87069409
#r 0 0.5426141204
-259362055 -61250590
#r 0 0.4949619959
-215362717 -37500680
#r 0 1.6920862268
-221412354 12131990
#r 0 5.2596754228
-208403056 -9216503
#r 0 1.7990988880
-211232111 2959146
#r 0 1.7321769047
-212333035 9721732
#r 0 1.8706908354
-213720590 14208995
#r 0 4.7326877352
-213672923 11861031
#r 0 4.9493673035
-213376617 10634174
#r 0 5.7424557866
-212782390 10277387
#r 0 6.0987499400
-212431144 10211860
#r 0 0.4019074971
-212201134 10309624
#r 0 3.0992312173
-212325984 10314916
#r 0 2.9860320981
-212398714 10326322
#r 0 1.8877827526
-212417255 10382842
#r 0 1.9217304058
-212446741 10463386
#r 0 5.6399242529
-212412427 10437663
#r 0 0.3663964985
615373946 -411111791
#r 0 0.9559979088
644213639 -370267304
#r 0 4.0513088535
628864394 -390000542
#r 0 0.9080084105
636555855 -380147044
#r 0 0.8661015012
640604625 -375385722
#r 0 0.9789909395
642351520 -372786847
#r 0 0.9821028743
643221353 -371484048
#r 1 643326759 -371401791
326662212 790338362
#r 0 3.9411649531
291811539 754485460
#r 0 6.0950361373
316370340 749809434
#r 0 4.1175854391
309366015 739456202
#r 0 4.3264229303
305016224 728751583
#r 0 3.8619435439
294146968 719211757
#r 0 4.3433356362
287770850 702726394
#r 0 0.1306389301
296533274 703877665
#r 0 3.8429955795
293157537 701026215
#r 0 0.2161456880
295315558 701500064
#r 0 3.8020470478
294443150 700822348
#r 0 0.0439323091
294994974 700846607
#r 0 0.1394907877
295355368 700897207
#r 0 0.1564984937
295653761 700944290
#r 0 3.2130841887
295503105 700933501
#r 0 4.4374526603
295482455 700860294
#r 0 3.7526289889
295428259 700822332
#r 0 3.4673432757
295378760 700805612
#r 0 4.3810421219
295363383 700760916
#r 0 0.1453464161
295386767 700764339
#r 0 5.6042471526
295403126 700751139
#r 0 6.1899052709
340630368 -61653550
#r 0 2.9737173584
291333268 -53299155
#r 0 6.1295202885
316038686 -57125679
#r 0 2.9642290496
303734784 -54920240
#r 0 6.1042826595
309885030 -56032426
#r 1 309071549 -56027466
-936931568 -253662529
#r 0 5.0982541617
-918113526 -299986187
#r 0 1.7048692574
-921455316 -275210546
#r 0 1.2427060534
-917180888 -262653194
#r 0 4.9949245567
-915331816 -269022682
#r 0 5.0845138014
-913749163 -273077547
#r 0 0.7614504074
-912173813 -271575898
#r 0 0.5370017004
-910429105 -270537166
#r 0 5.0043546253
-910136879 -271509454
#r 0 1.7342263517
-910219472 -271008592
#r 0 0.7221884658
-910025904 -270838068
#r 0 0.9132212231
-909872156 -270638971
#r 0 5.3298348740
-909799338 -270741523
#r 0 0.6537852421
-909799338 -270741523
#r 0 5.0303231699
-909760844 -270858491
#r 0 4.9828791120
-909725327 -270986580
#r 0 4.9759535876
-909681655 -271148423
#r 0 6.1058592754
-909453542 -271189303
#r 0 6.1292448575
-909121744 -271240788
#r 0 4.9771787853
-908992227 -271718436
#r 0 1.7424386291
-909034491 -271474624
#r 0 0.6536364106
-55698254 -527054964
#r 0 0.2740953436
-7564731 -513521156
#r 0 3.4594277606
-31312585 -521333926
#r 0 0.3260175946
-19471020 -517330515
#r 0 0.3327528044
-13563458 -515288841
#r 0 3.0097438239
-16661541 -514877979
#r 0 0.2818835486
-15160608 -514443317
#r 0 0.1962248253
-14274372 -514267149
#r 0 0.2984380736
-13679537 -514084162
#r 0 2.9381747801
-13984293 -514021300
#r 0 2.9748712746
-14171780 -513989749
#r 0 0.3104128443
-14081262 -513960712
#r 0 0.3852132735
-14028282 -513939230
#r 0 2.9587797019
-14056390 -513934034
#r 0 4.0284285630
-14067913 -513948168
#r 0 0.2386844000
-14059054 -513946013
#r 0 0.2483806953
-14053107 -513944505
#r 0 0.2468599472
-14047787 -513943164
#r 0 3.0293317349
-14050513 -513942857
#r 0 2.9515048542
-14052021 -513942567
#r 0 3.9411849518
-14052795 -513943363
#r 0 2.9803018313
-176767589 -188188183
#r 0 0.8519378514
-143841287 -150560286
#r 0 0.9102777403
-113164965 -111076577
#r 0 2.8905535576
-137381336 -104866312
#r 0 1.2950283410
-137381336 -104866312
#r 0 5.7765285272
-126451690 -110932021
#r 0 0.7950037335
-121799187 -106189269
#r 0 1.9745898341
-123748307 -101627491
#r 0 1.9069396774
-126088213 -94930632
#r 0 5.8765890521
-122830449 -96333394
#r 0 1.2926593153
-122343517 -94628083
#r 0 0.3824767316
-120600799 -93927009
#r 0 4.0917097780
-121147040 -94691052
#r 0 2.4570504528
-121147040 -94691052
#r 0 5.3396875829
-120795412 -95176065
#r 0 4.7014711116
-120804377 -95997130
#r 0 2.0762192059
-121003159 -95637906
#r 0 4.6881993012
-121008124 -95843123
#r 0 1.2262614921
-120973457 -95746517
#r 0 5.0048135119
-120958663 -95795656
#r 0 2.0275499332
-120969979 -95772628
#r 0 0.8780304670
133207554 429148051
#r 0 4.7670332703
135938409 379222682
#r 0 2.9587204474
111355273 383769048
#r 0 6.0594953250
123543842 380996183
#r 0 0.2682787608
129580301 382655642
#r 0 5.9681305355
133015324 381536133
#r 0 5.8677853466
134720708 380783946
#r 0 6.0145153860
135675184 380521153
#r 0 6.0254562314
136315745 380352307
#r 0 3.3275975519
135990238 380291053
#r 0 3.2815850660
135797079 380263834
#r 0 5.9818508466
135890217 380234887
#r 0 4.5122620793
135878815 380178677
#r 0 6.0284532157
135878815 380178677
#r 0 6.0016122201
135878815 380178677
#r 0 5.9706966314
135954108 380154352
#r 0 3.3063563725
135915082 380147863
#r 0 5.9406693303
135933713 380141220
#r 0 2.5023658383
135925777 380147120
#r 0 5.9920923687
135930513 380145701
#r 0 6.0090891828
135933163 380144956
#r 0 6.0169398019
420725815 -425022251
#r 0 3.3238873230
371554301 -434086586
#r 0 6.2111787653
396489516 -435885194
#r 0 6.2668877173
409767451 -436101612
#r 0 1.3937953938
411139387 -428431718
#r 0 6.1554908570
411139387 -428431718
#r 0 3.6049641811
407654384 -430173017
#r 0 3.5695008555
404791173 -431478904
#r 0 3.5345426984
401653954 -432779305
#r 0 6.1429089231
403335302 -433016718
#r 0 3.6366177501
402588207 -433420045
#r 0 3.2336814080
402024176 -433472133
#r 0 3.2345132282
401633100 -433508577
#r 0 2.6808215708
401306358 -433346379
#r 0 6.1564154683
401487286 -433369439
#r 0 3.1795350672
401396157 -433372898
#r 0 6.2074228192
401441623 -433376349
#r 0 3.1994163886
401418863 -433377667
#r 0 6.1665599043
401430185 -433378993
#r 0 1.1627478077
401432514 -433373606
#r 0 3.2757315072
401429606 -433373998
#r 0 3.3365668337
-984543034 144270826
#r 0 5.0157765921
-969605293 96554331
#r 0 4.8754611443
-961487774 47217672
#r 0 1.7518714716
-965989955 71808938
#r 0 1.6298798890
-966728309 84291169
#r 0 1.9516231817
-969069223 90138019
#r 0 5.1126158094
-967842276 87237850
#r 1 -967761615 86582495
366737756 485628537
#r 0 5.9774153490
414418529 470577162
#r 0 3.4987628914
390996281 461836550
#r 0 4.9262454978
394601906 445234347
#r 0 0.1730771022
394601906 445234347
#r 0 6.1957439889
419044369 443091602
#r 0 0.8026079253
442466991 467334620
#r 0 1.3674063034
450335287 505485452
#r 0 6.1683799991
450335287 505485452
#r 0 6.2600751717
493285554 504492689
#r 0 0.0194009511
557246558 505733749
#r 0 6.1835127629
652554545 496202576
#r 0 5.1886753406
718120298 369112476
#r 0 5.2650161393
815283106 211566262
#r 0 2.0278447053
774441016 294616119
#r 0 1.7061264497
768141033 340884280
#r 0 2.4314242859
746365513 359607339
#r 0 4.3669954531
741504022 346096327
#r 0 4.2639389355
735620022 333867162
#r 0 1.0484754058
739005277 339747937
#r 0 4.3005006549
737647016 336638920
#r 0 1.2591966262
-649282821 -270779598
#r 0 3.8080657891
-688583167 -301690483
#r 0 1.4490361303
-685546678 -276875573
#r 0 5.7043814872
-675082708 -283713360
#r 0 5.6244282504
-666193854 -290594357
#r 0 0.7818841783
-657328235 -281790827
#r 0 3.7687682551
-662386379 -285456958
#r 0 1.5480914583
-662315466 -282334250
#r 0 4.9772089559
-661906699 -283841563
#r 0 3.8920924293
-662522899 -284416188
#r 0 1.4321148251
-662464663 -283998957
#r 0 1.2512542265
-662373606 -283723761
#r 0 1.5497041612
-662368528 -283483046
#r 0 1.5379993524
-662358942 -283190876
#r 0 1.6866258157
-662404732 -282797325
#r 0 3.7982459544
-662561637 -282918260
#r 0 5.8886854907
-662470194 -282956330
#r 0 3.9389525662
-662504792 -282991766
#r 0 5.5503002007
-662504792 -282991766
#r 0 5.0467768776
-662489544 -283035653
#r 0 6.2026412560
-662420886 -283041195
#r 0 1.5467218066
411724544 245564399
#r 0 0.2867814027
459682508 259707726
#r 0 3.3989978540
435506163 253343423
#r 0 0.2084404324
447735598 255930102
#r 0 3.2636362613
441532087 255169222
#r 0 0.1443997214
444624562 255618904
#r 1 445253185 255513250
795592083 -315379132
#r 0 1.3001884221
808957946 -267198703
#r 0 4.0979599148
794545643 -287626271
#r 0 2.4266613532
794545643 -287626271
#r 0 4.0671993393
786195122 -298721219
#r 0 4.0085853600
780006819 -306011770
#r 0 3.2356622717
770955154 -306865777
#r 0 4.0605071569
763048138 -317226422
#r 0 4.0909845774
753559711 -330477835
#r 0 4.1935879719
742487133 -349870379
#r 0 3.2341815749
710961329 -352797689
#r 0 3.3051293233
665311715 -360330347
#r 0 4.6889853040
663699147 -429220085
#r 0 4.5056969491
645821276 -514480034
#r 0 1.4326219417
651820616 -471338092
#r 0 1.2305738393
659122071 -450711768
#r 0 4.5269577216
657105012 -461464469
#r 0 1.5027908462
657476724 -456006988
#r 0 4.5597897540
657060974 -458710267
#r 0 1.3977738897
657296409 -457363155
#r 1 657304790 -457209612
-521849662 466816098
#r 0 4.1030056579
-550467757 425816041
#r 0 0.0989477039
-525590040 428285699
#r 0 0.8793285755
-513247481 443195653
#r 0 2.5862018778
-521470722 448298561
#r 0 2.3376845079
-528559725 455654979
#r 0 2.2178777997
-536858075 466637306
#r 0 3.1317129256
-556843435 466834762
#r 0 4.1781033592
-569479035 445479603
#r 0 0.0756011978
-557107811 446416668
#r 0 2.9491106912
-563196582 447603338
#r 0 1.9547930251
-564438796 450677710
#r 0 1.8603761269
-565472552 454147210
#r 0 0.8385918278
-562280819 457697938
#r 0 4.0886260399
-563675165 455760284
#r 0 4.1043207301
-564365012 454769193
#r 0 0.8083738641
-563948004 455205818
#r 0 0.7771379561
-563727726 455422487
#r 0 6.1768103630
-563557762 455404339
#r 0 4.1867790479
-563600643 455330410
#r 0 2.5029010825
-563634952 455355884
#r 0 1.9880732275
-558514126 -706353026
#r 0 5.0652267659
-541236018 -753272819
#r 0 1.3318636076
-535319373 -728983042
#r 0 4.3616411386
-539614375 -740721991
#r 0 4.7497879293
-539377785 -747045144
#r 0 1.5727093694
-539383837 -743881362
#r 1 -539510463 -744666344
-218018041 -776753981
#r 0 0.7831993128
-182585046 -741476468
#r 0 2.3719263849
-218492194 -706681687
#r 0 5.4380458461
-201901520 -725383279
#r 0 1.4374975596
-200240215 -712994168
#r 0 4.5325896472
-201357916 -719143415
#r 0 4.7413840427
-201267123 -722273848
#r 1 -201356328 -722835768
517252615 315449462
#r 0 1.0682886065
541333853 359268339
#r 0 1.2550262017
556861284 406796214
#r 0 0.0433943997
606814215 408965253
#r 0 6.2774183176
656813384 408676905
#r 0 5.4876957325
691810144 372966587
#r 0 1.5939311853
691231824 397959897
#r 0 5.7743656430
702148325 391870563
#r 0 2.1292684535
698836506 397170973
#r 0 2.0695406696
697007997 400528048
#r 0 1.9351924682
695881578 403481194
#r 0 2.0502214289
694216771 406683482
#r 0 1.9128098259
692670626 411026539
#r 0 5.1006666854
693543299 408893088
#r 1 693210126 409334545
-836634468 79323631
#r 0 1.3656404610
-826448480 128275093
#r 0 0.6113238338
-785504034 156972695
#r 0 1.4700991177
-780477678 206719411
#r 0 0.4438421667
-735322255 228190037
#r 0 0.5221917754
-691985853 253129087
#r 0 0.6588348734
-652450550 283738887
#r 0 3.7644772811
-672755525 269154375
#r 0 3.8146356805
-682542252 261352208
#r 0 0.7217652100
-677844690 265486983
#r 0 4.0784037029
-679698206 262966003
#r 0 0.8863551943
-678709056 264178148
#r 1 -678987465 263859983
-478957491 -425697431
#r 0 3.3000470579
-528331108 -433587039
#r 0 0.7588373055
-510190196 -416385084
#r 0 0.6366038811
-497086496 -406697802
#r 0 0.0453527861
-483969436 -406102499
#r 0 3.2341508168
-490506614 -406709302
#r 0 5.6923085385
-487780537 -408538026
#r 0 1.9358478347
-488366484 -407004860
#r 0 6.0018030666
-487578098 -407232744
#r 0 5.5540059619
-487085592 -407672769
#r 0 5.5840838390
-486660867 -408029858
#r 0 0.6406456467
-486167980 -407662387
#r 0 5.6803361721
-485412230 -408182591
#r 0 1.5174807885
-485387784 -407724503
#r 0 5.6198243184
-485207058 -407865741
#r 0 5.6080019417
-485059731 -407983710
#r 0 6.2419265371
-484857537 -407992057
#r 0 5.9750480807
-484578097 -408080996
#r 0 6.0464637312
-484169666 -408179528
#r 0 0.7582261379
-483718579 -407752312
#r 0 1.8686328902
-483974976 -406917053
#r 0 1.9405965780
744680137 283363242
#r 0 1.6702317408
739716555 333116261
#r 0 1.9575846190
720855759 379422528
#r 0 3.6212968568
676499185 356346689
#r 0 4.4014978656
661203827 308743622
#r 0 0.3449645461
684731012 317197704
#r 0 1.6654107382
682841306 337110778
#r 0 1.6233918381
682308905 347223999
#r 0 6.0774469413
687265728 346189554
#r 0 6.1837711243
692290539 345688364
#r 0 1.7202047268
691914704 348185107
#r 0 6.0287690763
693136502 347867377
#r 0 6.0184562958
694264520 347561581
#r 0 6.0109206268
695575055 347195682
#r 0 6.1188750418
697357652 346900118
#r 0 6.0140991646
699868903 346207579
#r 0 6.0507624362
703564842 345332748
#r 0 5.9763053596
708941302 343628998
#r 0 6.0720698815
717143867 341871116
#r 0 6.0478751492
729369781 338939933
#r 0 6.2062660425
748158235 337491882
#r 0 3.1633873502
787479252 -388621533
#r 0 1.6946617551
781301805 -339004609
#r 0 2.4333836371
743325401 -306480883
#r 0 3.3444331675
694350486 -316553504
#r 0 1.9977009363
673647726 -271040915
#r 0 1.4079320541
681754988 -221702570
#r 0 2.1168503093
655789033 -178973549
#r 0 2.3105577059
622083449 -142042077
#r 0 2.2552150194
590472313 -103302742
#r 0 2.3190289250
556455088 -66658119
#r 0 1.1687877632
576018466 -20644271
#r 0 4.3398123281
566918054 -43929082
#r 0 4.3046412111
561956978 -55414221
#r 0 4.2878530037
559378944 -61117531
#r 0 4.1876891764
557809772 -63828520
#r 1 557639157 -64278552
734374273 161323653
#r 0 0.5903391094
775911871 189155792
#r 0 1.7740745306
765817815 238126294
#r 0 3.9292728348
748180532 220408330
#r 0 1.6152341412
747625242 232895989
#r 0 1.8169324652
745319077 242075479
#r 0 1.5644184314
745385648 252513110
#r 0 1.6674108277
744180372 264949379
#r 0 1.6551110463
742729249 282119365
#r 0 1.6327200465
741191932 306913612
#r 0 1.6438257933
738526445 343347490
#r 0 4.6145322121
736741881 325169251
#r 0 1.4530238247
737814990 334238798
#r 0 1.5439130557
737937784 338805364
#r 0 4.7751628954
738081072 336525755
#r 0 1.7242606152
737906495 337654386
#r 1 737986128 337638650
-835925574 -325109799
#r 0 4.5153889151
-845711989 -374142707
#r 0 4.5420202859
-854189275 -423418823
#r 0 4.5535468117
-862098028 -472789377
#r 0 1.3970930657
-857777252 -448165591
#r 0 4.4845944004
-860600122 -460342675
#r 0 1.3189092859
-859042423 -454289902
#r 1 -859181349 -454227526
191098699 -491490599
#r 0 3.1589390446
141106221 -492357875
#r 0 1.5058407032
144351719 -442463319
#r 0 4.6446966046
142660702 -467406062
#r 0 1.4393317951
144299279 -455013926
#r 0 4.7036171648
144244456 -461263685
#r 1 143748464 -461482529
76967052 -918743877
#r 0 1.2788079883
91359901 -870860206
#r 0 1.6284405361
88479286 -820943254
#r 0 4.6800994925
87672189 -845930222
#r 0 4.7741368261
88449756 -858506836
#r 0 2.4760542538
83494027 -854616501
#r 0 4.9073651607
84104348 -857706969
#r 0 4.8607308112
84430865 -859891911
#r 0 4.8482265023
84718692 -861997768
#r 0 4.7614735606
84844042 -864549463
#r 0 4.8200444181
85222078 -868047422
#r 0 4.7906158861
85615618 -873067909
#r 0 4.8212516281
86421476 -880441164
#r 0 4.9666483035
89191800 -891101017
#r 0 4.7780276385
90261028 -907367226
#r 0 4.7955117329
92290789 -931729793
#r 0 4.8693474939
98021575 -967940935
#r 0 1.6810850944
96003978 -949721400
#r 0 4.7814012879
96636005 -958865036
#r 0 4.6741425659
96460477 -963452205
#r 0 1.4229261529
96798642 -961181990
#r 1 96594772 -961431130
-458212991 -390070259
#r 0 0.9210950076
-427965561 -350257033
#r 0 5.5471683130
-390908142 -383824095
#r 0 0.0252880869
-340924128 -382559825
#r 0 1.4955638635
-337166052 -332701256
#r 0 6.2795328640
-287166386 -332883878
#r 0 1.1158260481
-265194605 -287970174
#r 0 5.7071394559
-244229029 -301587978
#r 0 1.6249987764
-244906228 -289106336
#r 0 2.2336952150
-251158787 -281098042
#r 0 4.9687867983
-249870500 -286012015
#r 0 5.0412558600
-248925861 -288780112
#r 0 1.0486097431
-248196440 -287512587
#r 0 2.4420750124
-249056530 -286788852
#r 0 0.9816253080
-248743916 -286321115
#r 0 2.0964282435
-249036998 -285815857
#r 0 1.6481828802
-249070097 -285389002
#r 0 0.8268209315
-248726648 -285015853
#r 0 4.9481054337
-248667429 -285262414
#r 0 5.7529616186
-248485359 -285369147
#r 0 5.0255806429
-248395229 -285647454
#r 0 2.5168930743
-561441965 -303326039
#r 0 1.7917087537
-572397963 -254541143
#r 0 0.6211903295
-531738650 -225440966
#r 0 0.3634557620
-485004957 -207665648
#r 0 5.1202283068
-465173617 -253564645
#r 0 5.2358399092
-440180019 -296869611
#r 0 1.2580534960
-432488280 -273082279
#r 0 2.1528372405
-442952188 -257181841
#r 0 0.9720668853
-436607844 -247883008
#r 0 1.2337185899
-431791525 -234139858
#r 0 5.6026567851
-426132182 -238721299
#r 0 5.1299491855
-423310339 -245081825
#r 0 0.7362378857
-420732258 -242745531
#r 0 5.1778189851
-419951515 -244300083
#r 0 1.3484511095
-419759709 -243451698
#r 0 5.4736741564
-419459694 -243766542
#r 0 1.2906553246
-419399572 -243557571
#r 0 5.0496826267
-419363592 -243660168
#r 0 5.1391565113
-419333922 -243725417
#r 0 5.8438398806
-419274043 -243753559
#r 0 2.3038063409
-419296178 -243728974
#r 0 1.7867476970
-143029320 -288205830
#r 0 2.6206361972
-186396497 -263320333
#r 0 0.9622454044
-157812541 -222296469
#r 0 2.1870151422
-186710220 -181492987
#r 0 1.7169800629
-193993402 -132026278
#r 0 4.5936386054
-196955189 -156850214
#r 0 2.3316988146
-205574880 -147797540
#r 0 4.9714111802
-203974033 -153839045
#r 0 4.9397089477
-203113413 -157559550
#r 0 4.8335332524
-202738848 -160636304
#r 0 0.7526315393
-201607709 -159576965
#r 0 4.9520358814
-201423787 -160329687
#r 0 4.8273923979
-201346312 -161000393
#r 0 1.8623368870
-201443343 -160677056
#r 0 4.8998529349
-201411886 -160842890
#r 0 2.0563352135
-201451272 -160768249
#r 0 4.9123776430
-201442889 -160809605
#r 0 4.8520998366
-201439722 -160832126
#r 0 1.2039722038
-201435644 -160821512
#r 0 5.3821802590
-201432115 -160825969
#r 0 4.9619206296
-201430907 -160830710
#r 0 1.7380104875
-217724255 370576245
#r 0 1.6994429860
-224138860 420163066
#r 0 4.3741489962
-232434543 396579563
#r 0 4.7731308958
-231527743 381669198
#r 0 4.3904066445
-234329644 373269983
#r 0 1.7700718598
-235206033 377609488
#r 0 4.7858273734
-235043619 375401896
#r 0 0.4665366210
-234055120 375899720
#r 0 2.6921615863
-234553554 376140142
#r 0 2.2289998414
-234824566 376490635
#r 0 2.2049969036
-235153587 376937937
#r 0 0.0015626376
-234875948 376938371
#r 0 2.2145320533
-234959265 377049407
#r 0 0.5190124846
-234898997 377083835
#r 0 6.2148544433
-234825530 377078807
#r 0 2.4540062176
-234853983 377102175
#r 0 2.8961035836
-234877557 377108081
#r 0 6.2004201722
-234865448 377107076
#r 0 2.6805267159
-234870889 377109779
#r 0 6.1310541549
-234867887 377109319
#r 0 4.3229975642
-234868463 377107915
#r 0 2.1691378774
231282029 -813119927
#r 0 2.4131861171
193970225 -779835858
#r 0 2.9028626365
145388272 -768012415
#r 0 2.8512480497
97481008 -753698294
#r 0 2.7267168385
51722689 -733544480
#r 0 1.5301690136
53753496 -683585739
#r 0 3.1094854520
3779266 -681980655
#r 0 2.9796178400
-45566271 -673917281
#r 0 1.9550722178
-64310668 -627563774
#r 0 3.3277952366
-113446384 -636820197
#r 0 3.4670349136
-160821855 -652806590
#r 0 0.0898524379
-135922705 -650563300
#r 0 3.1426776917
-148422698 -650576863
#r 0 6.2323610777
-142180768 -650894378
#r 0 3.1268598090
-145305429 -650848340
#r 0 2.9697526574
-146846919 -650580812
#r 1 -147013315 -650689553
-173650117 941397434
#r 0 4.0742399561
-203435605 901237445
#r 0 4.3936252137
-219105247 853756266
#r 0 4.4721269677
-231003103 805192483
#r 0 4.3354438978
-249407190 758702811
#r 0 4.3863577048
-265421485 711336765
#r 0 4.2138652365
-289327959 667422297
#r 0 0.9827951798
-275460485 688223574
#r 0 2.2349311072
-283226610 698145145
#r 0 5.4218941935
-279122548 693365581
#r 0 5.4480497941
-277004373 691025480
#r 1 -277325790 691015946
-974261600 -135035256
#r 0 0.8134173132
-939910635 -98703297
#r 0 1.0291926249
-914135093 -55859144
#r 0 1.1693315933
-894596741 -9834663
#r 0 0.0334408278
-844624696 -8162933
#r 0 0.0649853345
-794730236 -4915953
#r 0 0.1063300762
-745012622 390538
#r 0 0.1625467909
-695671705 8482135
#r 0 6.2148221628
-645788497 5066640
#r 0 2.3770321444
-663830663 22372137
#r 0 5.5271887118
-654735811 13796961
#r 0 5.5490786746
-650095286 9609628
#r 0 5.4446428944
-648002744 7281956
#r 0 2.3593752685
-649112874 8385046
#r 1 -649301105 8655413
-219071864 876570219
#r 0 3.6073637282
-263745641 854114625
#r 0 3.5785033318
-309048801 832957507
#r 0 5.8421866816
-286440655 822286438
#r 0 4.7961754611
-284804927 802809563
#r 0 5.2319791038
-271036549 778739717
#r 0 5.8624703259
-236474988 763275824
#r 0 4.7296992276
-235654143 715860951
#r 0 5.5345059442
-183977818 667846787
#r 0 6.0365662109
-85728636 643113177
#r 0 6.0948457935
49862768 617269661
#r 0 6.0201265422
239601010 566173258
#r 0 5.9837773079
516644941 480653199
#r 0 0.2330446187
831579820 555405259
#r 0 2.2657842520
727939805 679710164
#r 0 4.5300615459
713267261 600130287
#r 0 3.8331292849
664554056 559799517
#r 0 1.1631435581
677090371 588829288
#r 0 2.1452370901
666793346 604738130
#r 0 2.0852343605
655303640 625066702
#r 0 2.0855645050
639770539 652528025
#r 0 2.1126862764
841216372 -245702053
#r 0 3.3842768265
792681550 -257717503
#r 0 2.1650707181
764686165 -216289753
#r 0 2.5337155965
723643048 -187733448
#r 0 3.4786427601
676456332 -204268679
#r 0 2.2895099833
643535480 -166636014
#r 0 2.5649154137
601621531 -139373936
#r 0 3.6841568313
558802155 -165190617
#r 0 3.7353605941
517360232 -193165017
#r 0 2.7317993984
471500071 -173244032
#r 0 3.7489927866
430443340 -201780760
#r 0 2.0117364424
419773594 -179171989
#r 0 3.9160298245
410838410 -187913412
#r 0 3.9168467877
402262608 -196316969
#r 0 0.7755278328
406549358 -192114018
#r 0 3.8713763019
404312129 -194115282
#r 0 0.6804100584
405478765 -193171077
#r 0 3.8616718533
404914630 -193665941
#r 0 0.7066149896
405200003 -193422330
#r 0 0.7472760843
405337645 -193294802
#r 0 2.4189981275
405267272 -193232756
#r 0 2.6805847711
-554460271 622376857
#r 0 5.7134253283
-512358747 595405359
#r 0 5.8672672983
-466621457 575203867
#r 0 5.6068314273
-427628447 543906181
#r 0 2.4197664224
-446393453 560425094
#r 0 2.6451548417
-457407213 566391095
#r 0 5.7703921082
-451949856 563318430
#r 0 2.8227245731
-454923455 564300115
#r 1 -453992629 564002388
-710372218 -603481641
#r 0 0.0968550326
-660606557 -598646457
#r 0 6.2629021628
-610616842 -599660545
#r 0 0.1490609085
-561171293 -592235069
#r 0 0.2255128587
-512437315 -581054756
#r 0 6.2333410632
-462499413 -583545936
#r 0 6.1764396845
-412784008 -588873087
#r 0 6.2028472639
-362945276 -592885670
#r 0 6.1173851003
-313630946 -601137751
#r 0 6.2470435278
-263663598 -602944447
#r 0 6.1780281669
-213939794 -608192619
#r 0 3.0078617958
-238716577 -604859304
#r 0 3.0487393836
-251172887 -603699359
#r 0 3.1170955816
-257427761 -603546102
#r 0 6.2357958969
-254302898 -603694298
#r 0 3.0437825810
-255859609 -603541549
#r 1 -256157096 -603461166
57367412 137137296
#r 0 5.1130112531
76866983 91096371
#r 0 1.9603587639
67372391 114223254
#r 0 1.8013786112
64515236 126393911
#r 0 4.9424374286
65940565 120307821
#r 0 4.9380482727
66639866 117261676
#r 0 1.8480337791
66212158 118764696
#r 1 66143503 118913728
