701687785 -541700890
#r 0 4.7770004870
701687785 -540700890
#r 0 1.5708115041
701687800 -541701125
#r 0 4.8464054727
-499127383 633119407
#r 0 5.7341614868
-499127383 632119407
#r 0 4.4241128927
-498876381 632965853
#r 0 3.9261298136
-483608482 -622730427
#r 0 2.8213588439
-483608482 -621730427
#r 0 0.7035201886
-484455959 -622449362
#r 0 1.1854986747
-400050622 -282770132
#r 0 0.0281732836
-400050622 -281770132
#r 0 0.2000266119
-405779410 -282931573
#r 0 0.0535497005
301295572 728310821
#r 0 6.2127736776
301295572 727310821
#r 0 3.8797990210
302315632 728238878
#r 0 5.9956986860
538670319 187274473
#r 0 2.7310055285
538670319 186274473
#r 0 2.9748486874
542415319 185644164
#r 0 1.7836590838
-356518068 -65592954
#r 0 1.2225275481
-356518068 -64592954
#r 0 2.2668749603
-356264970 -64895845
#r 0 5.2718942371
-276446552 932869643
#r 0 6.1493220435
-276446552 931869643
#r 0 6.2193413995
-262309844 930965872
#r 0 6.1869006380
-550539604 -271667289
#r 0 4.1218402340
-550539604 -270667289
#r 0 6.2003033848
-549904614 -270720039
#r 0 3.0485175219
-618319202 -169265767
#r 0 3.2379362722
-618319202 -168265767
#r 0 3.2877117046
-638111342 -171178535
#r 0 1.6751286934
755102565 -188650360
#r 0 0.1618432762
755102565 -187650360
#r 0 1.8640803599
755390367 -188603370
#r 0 0.1180916465
380790345 -501424583
#r 0 1.2624721758
380790345 -500424583
#r 0 0.4636319191
381169143 -500235191
#r 0 2.3677519944
-579009961 358478730
#r 0 3.1109638998
-579009961 357478730
#r 0 3.0795964246
-610819163 359453311
#r 0 2.9412118312
299350043 -849072587
#r 0 2.5594711251
299350043 -848072587
#r 0 0.9130665242
298837944 -848735521
#r 0 2.6262757211
547958642 -796389549
#r 0 5.7254514569
547958642 -795389549
#r 0 5.6151157783
554007528 -800162827
#r 0 5.6424879288
120566706 -818818612
#r 0 2.7036552642
120566706 -817818612
#r 0 2.7215698723
74405775 -797203146
#r 0 2.7326789191
137093106 -178832048
#r 0 2.0291913740
137093106 -177832048
#r 0 4.8296989048
137247935 -179145815
#r 0 1.5926370338
-671832205 450572368
#r 0 4.3698912329
-671832205 449572368
#r 0 5.2459533528
-672054550 449948767
#r 0 4.3336723230
-468532303 -84888903
#r 0 0.5751697618
-468532303 -83888903
#r 0 1.2980848898
-468873922 -85110370
#r 0 5.8875441105
242220329 -192797614
#r 0 4.3535444798
242220329 -191797614
#r 0 4.3294010637
247656642 -178304035
#r 0 4.3218036576
474168597 127670696
#r 0 6.0969373252
474168597 126670696
#r 0 5.5147237016
472883673 127912817
#r 0 0.3306525210
595496296 -707793242
#r 0 4.3238250891
595496296 -706793242
#r 0 0.5567569185
596045658 -706451297
#r 0 0.9067416716
677928845 -196320030
#r 0 1.7204776086
677928845 -195320030
#r 0 5.1228392636
677698054 -194789679
#r 0 2.8564714074
134234208 -184258840
#r 0 3.8217960035
134234208 -183258840
#r 0 1.9424225125
134530518 -184019126
#r 0 5.8992980615
-222667336 -46611794
#r 0 0.3875165037
-222667336 -45611794
#r 0 1.7577583248
-222491724 -46540117
#r 0 1.7649871000
219528894 970092025
#r 0 5.3230192521
219528894 969092025
#r 0 5.0192578594
218949829 970919430
#r 0 4.3873659056
-384209398 -106897359
#r 0 0.9945912833
-384209398 -105897359
#r 0 0.9467465881
-377552669 -96652422
#r 0 5.8063672966
615373946 -411111791
#r 0 2.6539668244
615373946 -410111791
#r 0 0.6912831166
614637481 -410721212
#r 0 0.8801704623
326662212 790338362
#r 0 5.8566209673
326662212 789338362
#r 0 5.9021135752
345244980 781893065
#r 0 5.3854023710
340630368 -61653550
#r 0 3.6322277294
340630368 -60653550
#r 0 3.0618988821
342258855 -60783606
#r 0 3.5200516917
-936931568 -253662529
#r 0 0.2993848457
-936931568 -252662529
#r 0 0.3144608237
0 0
#r 0 2.7544481966
-55698254 -527054964
#r 0 4.9261494018
-55698254 -526054964
#r 0 2.2331159482
-55999067 -525669222
#r 0 5.5550253608
-176767589 -188188183
#r 0 5.2616447295
-176767589 -187188183
#r 0 5.3960619461
-179228188 -184168133
#r 0 1.8510003544
133207554 429148051
#r 0 4.3578899958
133207554 428148051
#r 0 0.4926369059
132745646 427900108
#r 0 1.5597655533
420725815 -425022251
#r 0 5.7945017162
420725815 -424022251
#r 0 2.3191658191
422559859 -425997409
#r 0 1.0874006820
-984543034 144270826
#r 0 1.2693915094
-984543034 143270826
#r 0 5.0228876996
-984700933 143762910
#r 0 6.1162594447
366737756 485628537
#r 0 4.1058037671
366737756 484628537
#r 0 4.0383807662
361456764 478017372
#r 0 5.7204788491
-649282821 -270779598
#r 0 4.3866901515
-649282821 -269779598
#r 0 1.7258270306
-649175978 -270463239
#r 0 2.8823616572
411724544 245564399
#r 0 1.3751337150
411724544 244564399
#r 0 0.1473407149
411520339 244534092
#r 0 3.6925057934
795592083 -315379132
#r 0 2.7858202188
795592083 -314379132
#r 0 1.5468025089
795568297 -315370293
#r 0 2.2185970328
-521849662 466816098
#r 0 4.5613958863
-521849662 465816098
#r 0 6.2636180379
-522001361 465819067
#r 0 3.9508373962
-558514126 -706353026
#r 0 3.4259611558
-558514126 -705353026
#r 0 0.7631544449
-560019734 -706793100
#r 0 1.6182179972
-218018041 -776753981
#r 0 1.9427088742
-218018041 -775753981
#r 0 6.2370571227
-218415258 -775735645
#r 0 0.8171894413
517252615 315449462
#r 0 6.1017780122
517252615 314449462
#r 0 1.3956682664
517423994 315418027
#r 0 0.1661339791
-836634468 79323631
#r 0 2.0246919842
-836634468 78323631
#r 0 1.9684994255
-839658171 85521410
#r 0 0.3216751501
-478957491 -425697431
#r 0 0.3929725521
-478957491 -424697431
#r 0 0.0251949097
-476389001 -424632704
#r 0 1.1772160086
744680137 283363242
#r 0 0.2277570052
744680137 282363242
#r 0 4.1174591273
745482745 283549269
#r 0 3.1184228762
787479252 -388621533
#r 0 3.5974844104
787479252 -387621533
#r 0 2.7618664424
788603558 -388070238
#r 0 4.5608955926
734374273 161323653
#r 0 2.4795610157
734374273 160323653
#r 0 2.5042004998
760102871 141271673
#r 0 4.8452293005
-835925574 -325109799
#r 0 5.1364696707
-835925574 -324109799
#r 0 1.7537569867
-835612053 -325804235
#r 0 1.7846428649
191098699 -491490599
#r 0 2.6153671193
191098699 -490490599
#r 0 2.0531957939
191851279 -491927741
#r 0 2.6811946524
76967052 -918743877
#r 0 2.0711434999
76967052 -917743877
#r 0 2.0554467728
91206647 -944787786
#r 0 1.8426722105
-458212991 -390070259
#r 0 3.6295196639
-458212991 -389070259
#r 0 5.6705219074
-457402368 -389640038
#r 0 0.5983433747
-561441965 -303326039
#r 0 0.4885921394
-561441965 -302326039
#r 0 1.7192865674
-561303393 -303252377
#r 0 0.0693197761
-143029320 -288205830
#r 0 0.7015395313
-143029320 -287205830
#r 0 1.7593572375
-142864988 -288066982
#r 0 3.0240471689
-217724255 370576245
#r 0 3.4591212649
-217724255 369576245
#r 0 0.5865901073
-214747883 371554426
#r 0 0.4808809114
231282029 -813119927
#r 0 2.4305264548
231282029 -812119927
#r 0 2.5396086359
225545810 -808178838
#r 0 2.6149968011
-173650117 941397434
#r 0 4.8698472777
-173650117 940397434
#r 0 4.8623057051
-176755633 960956951
#r 0 4.8825858152
-974261600 -135035256
#r 0 1.5253157820
-974261600 -134035256
#r 0 0.9520270873
-974212980 -133966975
#r 0 1.4236729852
-219071864 876570219
#r 0 0.7379360231
-219071864 875570219
#r 0 0.8541407659
-214880263 880381692
#r 0 0.7422533177
841216372 -245702053
#r 0 1.8083550781
841216372 -244702053
#r 0 2.1557400258
840834694 -244125725
#r 0 2.2532047523
-554460271 622376857
#r 0 4.4792369991
-554460271 621376857
#r 0 3.8821903967
-554763590 621099567
#r 0 5.0273677982
-710372218 -603481641
#r 0 2.0197560859
-710372218 -602481641
#r 0 1.8961512948
-709246946 -605817332
#r 0 5.1280145006
57367412 137137296
#r 0 4.0522063648
57367412 136137296
#r 0 0.8018605246
53438464 132076811
#r 0 4.3881247445
350298717 99524416
#r 0 5.4805329723
350298717 98524416
#r 0 3.0159551488
351399051 98385441
#r 0 1.2687882305
124361302 -505132095
#r 0 1.7291961790
124361302 -504132095
#r 0 1.7032566445
125164530 -510160501
#r 0 2.4932905261
-544744435 413022941
#r 0 5.2077452219
-544744435 412022941
#r 0 5.2258653263
-531857853 389171622
#r 0 4.1299642860
-119196968 -904270036
#r 0 1.2230699615
-119196968 -903270036
#r 0 0.5469236779
-118731871 -902986848
#r 0 0.6070025800
-804414631 -463783652
#r 0 5.3981172436
-804414631 -462783652
#r 0 5.9088325862
-805620400 -462309930
#r 0 0.4780006975
551441948 -761356956
#r 0 4.9139084994
551441948 -760356956
#r 0 3.8800444297
551269689 -760513756
#r 0 0.5755376358
27156741 -865736728
#r 0 0.3128853934
27156741 -864736728
#r 0 0.3004979850
100524584 -842001356
#r 0 2.2409653649
940217810 -146619311
#r 0 3.7171353282
940217810 -145619311
#r 0 1.4342573749
940066970 -146717179
#r 0 3.2566746489
-914055295 46387478
#r 0 1.6745603659
-914055295 45387478
#r 0 1.6442868004
-914306547 48800163
#r 0 1.6582817229
-936955659 -34943340
#r 0 3.4129219380
-936955659 -33943340
#r 0 3.5406452456
-943924925 -36882118
#r 0 3.5386956444
-369379595 277222742
#r 0 2.0550266084
-369379595 276222742
#r 0 1.9648387372
-371364005 280995387
#r 0 1.8975724953
-821124475 11788443
#r 0 4.6024526566
-821124475 10788443
#r 0 4.1672836436
-821259421 10565904
#r 0 2.0161358719
-490967586 616064171
#r 0 4.9821116349
-490967586 615064171
#r 0 3.7849459395
-490738592 615235863
#r 0 0.0774094645
-678074763 -588467848
#r 0 1.7301485094
-678074763 -587467848
#r 0 2.5652283587
-678254225 -587351201
#r 0 6.0492738561
217643120 -215305082
#r 0 5.3844066598
217643120 -214305082
#r 0 5.4348980196
209486107 -205051699
#r 0 5.3900342132
-682169509 -158834214
#r 0 2.0331503371
-682169509 -157834214
#r 0 4.5582144165
-682287976 -158596512
#r 0 5.7152678808
557597791 508080141
#r 0 5.4294394623
557597791 507080141
#r 0 5.1905946329
556319501 509546300
#r 0 1.2216477624
639262792 -399950495
#r 0 0.9091516033
639262792 -398950495
#r 0 0.7840445548
642749261 -395473452
#r 0 1.5207953971
61684808 -566926225
#r 0 2.1336380012
61684808 -565926225
#r 0 4.6862700881
61659722 -566886464
#r 0 4.6786371021
523190902 523430949
#r 0 5.3291146973
523190902 522430949
#r 0 1.2728311163
523405188 523128703
#r 0 5.4683812864
-97120665 -106773775
#r 0 0.3575944829
-97120665 -105773775
#r 0 4.6343720005
-97201193 -106803865
#r 0 4.0938807631
-565009351 514254679
#r 0 4.3123440424
-565009351 513254679
#r 0 4.4225660473
-563997516 516647594
#r 0 4.4300523441
334580786 -482417867
#r 0 6.0143675941
334580786 -481417867
#r 0 3.8246601397
333662709 -482164950
#r 0 3.3802062658
-302732954 278207160
#r 0 4.9925744810
-302732954 277207160
#r 0 0.6064596724
-302493079 277373552
#r 0 5.4403848245
-258338693 -552221732
#r 0 0.2112748763
-258338693 -551221732
#r 0 1.7865645901
-258129354 -552176834
#r 0 1.4950780557
-571070279 -284224233
#r 0 1.0211836372
-571070279 -283224233
#r 0 0.6788760257
-569859121 -282247066
#r 0 0.3896895340
481874853 641887316
#r 0 1.1896431873
481874853 640887316
#r 0 2.3964294964
481582277 641157247
#r 0 0.4361376902
-479273610 -106822827
#r 0 2.5565013984
-479273610 -105822827
#r 0 2.4019752112
-475272310 -109473567
#r 0 0.6866265762
-4238218 -621301856
#r 0 4.7557551881
-4238218 -620301856
#r 0 1.8260369307
-4290267 -620102381
#r 0 1.9776566021
-213551122 -22815755
#r 0 0.0277221177
-213551122 -21815755
#r 0 6.1741308074
-206263454 -22613674
#r 0 5.0980363388
-874003763 -51756842
#r 0 3.0348994169
-874003763 -50756842
#r 0 3.0991702544
-889471172 -50100283
#r 0 4.3784463128
-191082364 -706539912
#r 0 1.7726955389
-191082364 -705539912
#r 0 1.1730571837
-191219997 -705867508
#r 0 2.8550146193
-712230836 221529366
#r 0 5.4326108267
-712230836 220529366
#r 0 2.1508810837
-714818892 224478851
#r 0 0.6296831253
-780382671 126943689
#r 0 4.1003199251
-780382671 125943689
#r 0 4.0841618543
-801281908 97172827
#r 0 0.9942122477
-236286024 -513307999
#r 0 1.5354695066
-236286024 -512307999
#r 0 1.5770380464
-236280719 -513157896
#r 0 1.6098118524
432125842 146983063
#r 0 6.1096191819
432125842 145983063
#r 0 3.5907979630
433646973 146716363
#r 0 2.9271296538
-261116530 -918750953
#r 0 1.2943516032
-261116530 -917750953
#r 0 1.6188378286
-261075418 -918606045
#r 0 0.9377106790
118024946 613168088
#r 0 5.0465530426
118024946 612168088
#r 0 5.0639779016
124507558 594496119
#r 0 5.0975683583
-464226731 -787773296
#r 0 0.0265964681
-464226731 -786773296
#r 0 0.0614759161
-492838431 -788534446
#r 0 6.2792228027
-243669211 -909135288
#r 0 1.5751963623
-243669211 -908135288
#r 0 0.3667861902
-243673604 -908136976
#r 0 2.5442630663
-477273716 873997373
#r 0 5.3387586686
-477273716 872997373
#r 0 5.1257183472
-478387341 875536445
#r 0 4.0574215443
-723337552 322551553
#r 0 4.5007983994
-723337552 321551553
#r 0 0.3707766893
-723571930 321460437
#r 0 0.3520557905
-109826943 -461038229
#r 0 2.4597519322
-109826943 -460038229
#r 0 3.2799278388
-110878540 -460184637
#r 0 3.6792829374
273596302 -710435175
#r 0 5.2397828127
273596302 -709435175
#r 0 4.0818058075
273272344 -709878948
#r 0 4.1016956601
-495340295 -231301155
#r 0 6.1588083404
-495340295 -230301155
#r 0 5.6993279482
-493473485 -231534548
#r 0 1.7973253191
-335666797 -774290530
#r 0 2.3593845194
-335666797 -773290530
#r 0 1.2754388752
-335900423 -774058389
#r 0 0.4031530166
-44434562 -424288087
#r 0 2.1146392890
-44434562 -423288087
#r 0 6.0990036053
-45115987 -423161142
#r 0 1.4863980027
482272679 648017210
#r 0 1.1817878131
482272679 647017210
#r 0 0.3985236820
481777283 646808621
#r 0 0.1658184834
-848718430 -335529233
#r 0 2.1640158843
-848718430 -334529233
#r 0 2.0449094594
-846570511 -338714975
#r 0 2.1317156674
-538168394 -366123595
#r 0 4.4147916614
-538168394 -365123595
#r 0 5.6733312491
-537915815 -365300072
#r 0 0.8070407902
780704324 -493859950
#r 0 2.0748270446
780704324 -492859950
#r 0 4.0042601043
780368857 -493251722
#r 0 4.5443343985
101574837 -660299922
#r 0 3.9338008094
101574837 -659299922
#r 0 5.3677761044
102006888 -659861946
#r 0 4.3730734242
274165912 -778182756
#r 0 3.4754996782
274165912 -777182756
#r 0 3.4494775351
308768924 -766179105
#r 0 3.4686448868
-30247511 -354320033
#r 0 2.7465957546
-30247511 -353320033
#r 0 4.9047583895
-30035518 -354408415
#r 0 2.2281000288
196232884 -273237791
#r 0 0.9673139524
196232884 -272237791
#r 0 2.9802811381
196852634 -272338640
#r 0 1.0507914360
-43571381 -254057842
#r 0 3.2496498431
-43571381 -253057842
#r 0 5.4343197673
-42767659 -253970654
#r 0 2.8683736101
245238934 77228773
#r 0 3.7489548426
245238934 76228773
#r 0 0.3711372657
241969118 74956252
#r 0 3.8626975897
691449954 36763389
#r 0 3.5876574995
691449954 35763389
#r 0 3.5331364719
676147764 29445716
#r 0 3.5137010477
305194638 -415436078
#r 0 1.7613684066
305194638 -414436078
#r 0 3.3469418271
305009177 -414474707
#r 0 4.1713776348
326597884 -216545057
#r 0 5.9483978601
326597884 -215545057
#r 0 3.2644388297
324476322 -215807002
#r 0 2.6548269041
48717586 -293671845
#r 0 5.0790679775
48717586 -292671845
#r 0 3.1172646082
48329916 -292662412
#r 0 5.0918901338
530625494 -89118625
#r 0 5.9433500615
530625494 -88118625
#r 0 5.4017012874
531788589 -89529839
#r 0 1.5841884128
42124448 645983829
#r 0 4.5965249713
42124448 644983829
#r 0 5.6410082784
42017383 645063907
#r 0 5.6059380838
-178491570 670902010
#r 0 4.8646759298
-178491570 669902010
#r 0 5.6095111846
-178316667 669762393
#r 0 0.0066946545
78464923 432039983
#r 0 3.4121261804
78464923 431039983
#r 0 3.1171908174
75150804 431120870
#r 0 5.5896529447
160031141 -417843750
#r 0 3.7923021487
160031141 -416843750
#r 0 3.8264817069
141998561 -431572396
#r 0 3.8438852386
-430166093 553065446
#r 0 5.4612475492
-430166093 552065446
#r 0 3.9939475363
-429715569 552580734
#r 0 5.8979914972
17710008 853207122
#r 0 5.1433340638
17710008 852207122
#r 0 5.6743863647
18386648 851735414
#r 0 5.7602458811
14875479 -715975258
#r 0 2.1389031707
14875479 -714975258
#r 0 4.4243587345
14673131 -715658247
#r 0 2.9262901612
-415569731 -638404763
#r 0 0.6867321337
-415569731 -637404763
#r 0 0.8756000532
-418208072 -640567825
#r 0 2.8031116666
-773961145 -176289730
#r 0 3.2701958569
-773961145 -175289730
#r 0 3.7443933083
-775750248 -176521091
#r 0 5.5917628611
940988252 -325744210
#r 0 4.1982726482
940988252 -324744210
#r 0 3.1649184109
941560568 -324730858
#r 0 2.0341210772
-826089410 389315028
#r 0 5.5520260506
-826089410 388315028
#r 0 5.7458236801
-822768899 386336505
#r 0 5.6660514830
787581078 -76307990
#r 0 1.8289731296
787581078 -75307990
#r 0 3.6034873983
787347688 -75424174
#r 0 4.4186251320
-720594767 -54294382
#r 0 5.8574320481
-720594767 -53294382
#r 0 2.1208340026
-719745447 -54679541
#r 0 5.9287086877
594911311 732837332
#r 0 3.2843016272
594911311 731837332
#r 0 4.8911699020
594735174 732812024
#r 0 5.0235777049
288809318 -738112341
#r 0 1.9133857564
288809318 -737112341
#r 0 5.1677535995
287496521 -734431460
#r 0 6.0564832182
-344837829 -486706031
#r 0 3.2842745109
-344837829 -485706031
#r 0 0.4867794498
-347431188 -487078588
#r 0 0.5644596550
-62712054 -847301326
#r 0 0.8370549387
-62712054 -846301326
#r 0 0.8992280238
-69418112 -854738636
#r 0 0.6252701674
-250419138 -693493865
#r 0 1.5429049963
-250419138 -692493865
#r 0 2.1558936584
-250392367 -692534276
#r 0 1.3549816773
366755340 -91389671
#r 0 3.8957396577
366755340 -90389671
#r 0 1.4777251417
366653028 -91485780
#r 0 5.9723366085
961566412 68953195
#r 0 5.1908924184
961566412 67953195
#r 0 5.1881544609
884539763 217449712
#r 0 4.4019008030
597164501 -516317146
#r 0 1.0113887265
597164501 -515317146
#r 0 5.8289725215
597644028 -515551281
#r 0 1.5991606112
-877313621 -335845740
#r 0 1.2828962072
-877313621 -334845740
#r 0 1.3826161327
-877847166 -337647483
#r 0 1.2039280895
-380835327 -806301119
#r 0 1.2418666302
-380835327 -805301119
#r 0 0.2560142548
-380460509 -805203007
#r 0 2.9248004986
822465216 -184570263
#r 0 3.1421299920
822465216 -183570263
#r 0 3.1603000219
767436143 -184599832
#r 0 4.1934368369
186036512 447263379
#r 0 5.0910931371
186036512 446263379
#r 0 3.2316168358
186420626 446298052
#r 0 0.4113029013
-324336703 -906969741
#r 0 1.2515116629
-324336703 -905969741
#r 0 0.1911465167
-323983513 -905901395
#r 0 0.8475343773
-23877194 30146238
#r 0 4.7938101604
-23877194 29146238
#r 0 0.4857140880
-23798962 29187536
#r 0 2.8704936822
-646955563 126488175
#r 0 2.6337343108
-646955563 125488175
#r 0 1.4685700809
-646858520 126434166
#r 0 1.4268285570
647455009 119171730
#r 0 4.7688354031
647455009 118171730
#r 0 1.3307774902
647500916 118359308
#r 0 1.3386358814
-614105525 708095676
#r 0 4.3917300553
-614105525 707095676
#r 0 0.0290527069
-614440883 707085930
#r 0 4.6476498758
-144601442 -246545691
#r 0 1.9328958703
-144601442 -245545691
#r 0 1.9017047029
-140910925 -256288298
#r 0 6.2009227300
-755786970 456770808
#r 0 4.7502150615
-755786970 455770808
#r 0 5.7321789288
-755748225 455746999
#r 0 5.2439392787
-942398078 -178453409
#r 0 4.9146006885
-942398078 -177453409
#r 0 5.0521626925
-942886186 -176072554
#r 0 4.9465046737
711522906 98276513
#r 0 3.3588857316
711522906 97276513
#r 0 0.8789084187
712536899 98500381
#r 0 4.0315186323
-865732126 -389513957
#r 0 1.5051726337
-865732126 -388513957
#r 0 0.1729157390
-865665645 -388502345
#r 0 1.8623172097
457994694 -775492143
#r 0 4.0971448108
457994694 -774492143
#r 0 0.4488146592
459066130 -773976146
#r 0 2.9687392629
223679184 -734348721
#r 0 4.5756853712
223679184 -733348721
#r 0 5.4865823276
223799780 -733472050
#r 0 4.4763798280
590989480 604339845
#r 0 1.1752602605
590989480 603339845
#r 0 2.6763023509
590644299 603513145
#r 0 1.2104776786
33739637 326385330
#r 0 3.1846771823
33739637 325385330
#r 0 3.1334321225
14235784 325544495
#r 0 6.2680609609
107088828 -31836439
#r 0 3.6416819860
107088828 -30836439
#r 0 3.6767902665
85584313 -43586904
#r 0 3.7274279252
-86557720 15314172
#r 0 5.4853821405
-86557720 14314172
#r 0 5.9036954568
-84961045 13677384
#r 0 2.8121360420
187576655 288198927
#r 0 0.5078120861
187576655 287198927
#r 0 0.5322000666
218453785 305381733
#r 0 0.4070006949
376013911 294524797
#r 0 2.2746467473
376013911 293524797
#r 0 3.8749435564
376494917 293958169
#r 0 3.0487339343
278966036 620220652
#r 0 0.5056618386
278966036 619220652
#r 0 0.4719562434
255843372 607418166
#r 0 5.5563338509
-721859489 -551390151
#r 0 3.1412560453
-721859489 -550390151
#r 0 3.2592506368
-730295421 -551387311
#r 0 3.2004824637
388898961 -22604958
#r 0 1.9910419689
388898961 -21604958
#r 0 0.1366214517
388477958 -21662837
#r 0 4.0556738686
-862956667 140643757
#r 0 5.7732007670
-862956667 139643757
#r 0 5.6995928947
-872859951 146183044
#r 0 5.7554666697
-64393835 -548376194
#r 0 3.1353074138
-64393835 -547376194
#r 0 1.9020301561
-64049186 -548378360
#r 0 0.4274156484
-682022435 430113840
#r 0 5.3723796494
-682022435 429113840
#r 0 4.9647262679
-682408540 430611341
#r 0 5.5065814442
129522077 617343422
#r 0 3.7660433979
129522077 616343422
#r 0 4.7365573488
129498318 617326300
#r 0 4.7582483908
-709725211 -135667791
#r 0 5.9104936723
-709725211 -134667791
#r 0 3.7485074220
-710646616 -135307556
#r 0 3.3892211978
882172595 169931446
#r 0 1.2550691561
882172595 168931446
#r 0 2.3640175314
881925426 169174778
#r 0 1.3312740848
29768177 179516482
#r 0 2.8623946038
29768177 178516482
#r 0 2.8305691597
1007855 187761671
#r 0 3.5077625908
258981388 553416150
#r 0 2.9171123742
258981388 552416150
#r 0 3.0185299959
268537889 551234129
#r 0 3.3722126211
867622611 474026919
#r 0 3.3565471390
867622611 473026919
#r 0 3.3161854013
843778379 468821067
#r 0 3.9310585455
494169261 705240858
#r 0 5.9561582279
494169261 704240858
#r 0 3.2355335129
496476467 704458239
#r 0 0.6902925149
122469093 -725635014
#r 0 0.2419785775
122469093 -724635014
#r 0 3.9019480024
121049270 -725985447
#r 0 2.0013295572
-603116602 -663308573
#r 0 4.1809582200
-603116602 -662308573
#r 0 4.1681125488
-582688637 -628557713
#r 0 5.9329993885
-145539966 -887360284
#r 0 0.4601244672
-145539966 -886360284
#r 0 1.4363442826
-145684954 -887432141
#r 0 0.4034683159
682414660 608429595
#r 0 2.5121503699
682414660 607429595
#r 0 2.4187536268
675914507 613163402
#r 0 5.2993987441
-490982295 -354183775
#r 0 0.2882348803
-490982295 -353183775
#r 0 2.6104410991
-489851018 -353848361
#r 0 0.2699117426
-802812116 -220135267
#r 0 3.0326712787
-802812116 -219135267
#r 0 1.6203090510
-802762293 -220140715
#r 0 2.3895135099
250470454 471718324
#r 0 4.6460775449
250470454 470718324
#r 0 2.3032224515
250408612 470787091
#r 0 4.5737238562
439852827 37625603
#r 0 6.1410852550
439852827 36625603
#r 0 6.1537698223
517243632 26553742
#r 0 1.1185478765
-160210028 -311873695
#r 0 2.6389591047
-160210028 -310873695
#r 0 0.7824015719
-160857801 -311517597
#r 0 2.7064348939
378118500 -176315695
#r 0 3.4313229572
378118500 -175315695
#r 0 5.3917328472
378769376 -176121657
#r 0 3.4922634814
-866575725 -214630372
#r 0 5.3643428119
-866575725 -213630372
#r 0 5.3693593381
-940441701 -117857472
#r 0 4.7040885281
135413484 36622920
#r 0 4.1307645544
135413484 35622920
#r 0 2.8132447959
134876314 35805923
#r 0 3.6177734872
133848038 926203271
#r 0 5.1681222260
133848038 925203271
#r 0 5.8096522645
134502578 924867873
#r 0 4.7587140889
152317393 -838586251
#r 0 2.3067736382
152317393 -837586251
#r 0 0.5462029418
151733268 -837941336
#r 0 2.7755397587
866394399 -388688067
#r 0 1.7792424466
866394399 -387688067
#r 0 1.9757966715
865976877 -386714142
#r 0 2.8434412693
-110683473 -855371776
#r 0 0.6493082087
-110683473 -854371776
#r 0 2.6180758061
-109935169 -854803728
#r 0 1.2759080754
-778756986 -564076853
#r 0 0.2789654587
-778756986 -563076853
#r 0 0.2516760697
-744634907 -554303110
#r 0 0.3304666349
-737950047 -439455128
#r 0 4.8056681641
-737950047 -438455128
#r 0 4.7562059849
-737867526 -440337223
#r 0 0.4079904818
-609784449 -471338019
#r 0 0.4654643423
-609784449 -470338019
#r 0 0.5200818977
-623989479 -478472822
#r 0 3.6331540087
-23189346 649857189
#r 0 4.3216344644
-23189346 648857189
#r 0 0.6243470362
-23775148 648435124
#r 0 5.9212528065
919027675 186956176
#r 0 5.0636341400
919027675 185956176
#r 0 3.6323876603
919334107 186119936
#r 0 1.4521658935
-462062882 -817316296
#r 0 0.6174602444
-462062882 -816316296
#r 0 1.9698639462
-461738361 -817085860
#r 0 0.5126026869
-122964257 -333624352
#r 0 0.9674153742
-122964257 -332624352
#r 0 1.3118696359
-123394502 -334248699
#r 0 1.3844256726
-340634393 559951828
#r 0 3.8063542467
-340634393 558951828
#r 0 3.7960657638
-401327784 512382596
#r 0 3.7984396577
-909594700 -252680642
#r 0 0.3549551896
-909594700 -251680642
#r 0 1.5921500847
-909573511 -252672788
#r 0 2.0572818780
43912064 302995607
#r 0 3.2417515773
43912064 301995607
#r 0 0.0832468152
-14719886 297103378
#r 0 2.3452193033
117420708 890129395
#r 0 5.4815131073
117420708 889129395
#r 0 4.8871637056
117204734 890352516
#r 0 4.2497591155
-468178342 -347725758
#r 0 1.8999184056
-468178342 -346725758
#r 0 5.9726208812
-468561935 -346602644
#r 0 5.9259385322
71200613 -222501511
#r 0 2.1591821305
71200613 -221501511
#r 0 6.1933546677
70490730 -221437570
#r 0 6.0670323302
-243623499 -789879633
#r 0 0.7355399996
-243623499 -788879633
#r 0 0.0166653119
-242497724 -788860870
#r 0 1.4994607095
-769324329 107708350
#r 0 3.3059063108
-769324329 106708350
#r 0 2.2395295666
-770022985 107592507
#r 0 0.9471702918
635566251 196520845
#r 0 6.2581302111
635566251 195520845
#r 0 0.9508654881
636267511 196503271
#r 0 0.9754238718
195202581 -473800941
#r 0 5.9906263268
195202581 -472800941
#r 0 2.9413109426
185019120 -470733664
#r 0 2.8090758895
308865562 -904406367
#r 0 6.1869051079
308865562 -903406367
#r 0 6.2150575412
273586524 -900999160
#r 0 2.1976821230
710295145 -265660052
#r 0 4.8253446865
710295145 -264660052
#r 0 4.7616655438
710382391 -266429155
#r 0 4.7989122514
-659887626 -690524746
#r 0 4.8568026075
-659887626 -689524746
#r 0 4.8178491044
-659498631 -693199610
#r 0 4.8602218758
582191960 -738122481
#r 0 4.3539321345
582191960 -737122481
#r 0 3.8123609382
582725092 -736699438
#r 0 0.9382515270
619956929 619639294
#r 0 1.7495750023
619956929 618639294
#r 0 2.1457760196
620207517 618252594
#r 0 1.7745119902
279378978 182926265
#r 0 1.8888904173
279378978 181926265
#r 0 1.9186377246
282963333 172040684
#r 0 4.5696653531
-31041134 -356688329
#r 0 1.3883859587
-31041134 -355688329
#r 0 0.5088484416
-30835515 -355573625
#r 0 3.3730897986
531322273 778893238
#r 0 5.3234463398
531322273 777893238
#r 0 3.7925235721
531779053 778241155
#r 0 4.4672186744
-409016762 -551302065
#r 0 0.9685676476
-409016762 -550302065
#r 0 0.9773830918
-444951034 -603576666
#r 0 2.5962742926
-242530425 -410578653
#r 0 4.8946569976
-242530425 -409578653
#r 0 4.8802454720
-240429043 -421979775
#r 1 -240547776 -421491600
280793211 -921368331
#r 0 0.1202921428
280793211 -920368331
#r 0 0.1260015093
108285707 -942220303
#r 0 1.9008984436
730390034 137322819
#r 0 2.2706110335
730390034 136322819
#r 0 2.2531920093
707070149 165019576
#r 0 2.0419818277
336241334 349827929
#r 0 3.4738046396
336241334 348827929
#r 0 3.4847259982
417754401 377949794
#r 0 3.8994740768
182629508 -60733374
#r 0 4.9790782513
182629508 -59733374
#r 0 3.0392165890
182348422 -59704497
#r 0 3.0702454861
-14583895 -391538609
#r 0 2.2508400684
-14583895 -390538609
#r 0 5.2440857069
-12426888 -394205750
#r 0 5.7960517195
-529968658 -541423045
#r 0 2.4775527989
-529968658 -540423045
#r 0 2.0205600090
-529192748 -542030271
#r 0 1.9991138386
-295721070 -115687762
#r 0 0.7927931088
-295721070 -114687762
#r 0 1.3927556618
-295941222 -115911194
#r 0 5.0981649356
-860392259 105310463
#r 0 6.2585296247
-860392259 104310463
#r 0 1.9774694866
-860827564 105321198
#r 0 6.2568739264
134282577 690186611
#r 0 1.4557787018
134282577 689186611
#r 0 4.6678241944
134355207 690815291
#r 0 1.4605570650
120775521 105317247
#r 0 4.9313194886
120775521 104317247
#r 0 3.9669712171
120954804 104511471
#r 0 1.5408368542
705482076 -427802156
#r 0 1.6149865523
705482076 -426802156
#r 0 1.6042703689
705620045 -430922274
#r 0 1.5054519142
67711290 -820628312
#r 0 1.9195233010
67711290 -819628312
#r 0 1.9641667402
64776503 -812556541
#r 0 2.0033605818
433987350 508403551
#r 0 0.7174278096
433987350 507403551
#r 0 1.6881234277
433880473 508310298
#r 0 5.8275444618
-118050258 19266698
#r 0 5.0844398353
-118050258 18266698
#r 0 2.6349450672
-117552166 17990274
#r 0 5.5941917646
-797637337 -148047045
#r 0 4.0887541353
-797637337 -147047045
#r 0 3.4277736612
-796724735 -146778504
#r 0 2.5988056144
-297627869 -312378482
#r 0 0.5624012348
-297627869 -311378482
#r 0 0.5402090128
-264933054 -291770951
#r 0 0.5056850357
526708312 738674488
#r 0 4.1259736451
526708312 737674488
#r 0 4.1258309332
0 0
#r 0 6.0528992366
902408713 326691638
#r 0 3.2943209339
902408713 325691638
#r 0 0.4035768986
906070524 327255289
#r 0 0.4894145227
194389026 724215994
#r 0 5.6788835429
194389026 723215994
#r 0 6.2183862338
195987541 723112267
#r 0 2.3939914030
479784988 -770379991
#r 0 0.6803287776
479784988 -769379991
#r 0 1.4097553317
479597954 -770531340
#r 0 4.0896357202
-131810955 348029062
#r 0 6.1635604996
-131810955 347029062
#r 0 5.1276707778
-132276557 348085027
#r 0 1.5488333033
586522933 -217901995
#r 0 1.1971726418
586522933 -216901995
#r 0 1.2446991393
584061812 -224179758
#r 0 1.2396929481
-187748036 23994930
#r 0 2.4109120984
-187748036 22994930
#r 0 2.3675619359
-200036700 35007341
#r 0 4.9207407336
352205545 -810872443
#r 0 0.3868259909
352205545 -809872443
#r 0 4.9387505621
352416100 -810786673
#r 0 5.0097327112
-281264150 625950435
#r 0 4.3839943632
-281264150 624950435
#r 0 5.3427504158
-281496420 625268757
#r 0 0.3885999903
805993669 -555805939
#r 0 2.5049852259
805993669 -554805939
#r 0 1.6435565624
806070709 -555862894
#r 0 3.3258844611
109176579 830254230
#r 0 5.3100377010
109176579 829254230
#r 0 5.1521616111
107652861 832492718
#r 0 5.2393832716
454603456 -115132683
#r 0 1.0653387726
454603456 -114132683
#r 0 3.9055368151
455781324 -113004301
#r 0 4.6719470083
-841858840 456991149
#r 0 4.2098391724
-841858840 455991149
#r 0 5.4958915562
-842213042 456346697
#r 0 5.5982381753
-394302774 -111391377
#r 0 5.4623718314
-394302774 -110391377
#r 0 5.6178574852
-397765550 -107674215
#r 0 5.4916550930
-44928054 515757560
#r 0 3.9389713849
-44928054 514757560
#r 0 3.8703480490
-52528327 507972958
#r 0 0.3145978448
-121117037 -740886462
#r 0 0.7780126812
-121117037 -739886462
#r 0 1.9905369657
-120807072 -740581042
#r 0 5.9461969880
-104972969 -794518837
#r 0 0.0007044352
-104972969 -793518837
#r 0 0.2157364011
-109550834 -794522062
#r 0 0.9311283055
-228728329 -70115130
#r 0 1.9193965845
-228728329 -69115130
#r 0 0.1093731311
-229077824 -69153508
#r 0 4.6771409883
211817052 -353830981
#r 0 4.2022020472
211817052 -352830981
#r 0 1.4296689098
211626638 -354171247
#r 0 3.9049684058
714039536 -444378998
#r 0 4.9526873383
714039536 -443378998
#r 0 2.4841083472
713737330 -443145670
#r 0 4.7166018404
210279624 -719446913
#r 0 4.7217731256
210279624 -718446913
#r 0 4.7591811700
210267887 -718196274
#r 0 4.7144671535
-252990652 907596128
#r 0 4.9968739194
-252990652 906596128
#r 0 0.2502564406
-252718572 906665676
#r 0 0.1989253276
-111775591 385835601
#r 0 2.0528053291
-111775591 384835601
#r 0 2.0405365696
-128879029 418527718
#r 0 2.1962369776
-751715650 246572132
#r 0 1.0132911086
-751715650 245572132
#r 0 1.0410798720
-742094210 262003976
#r 0 1.1457722351
734240015 -107718197
#r 0 3.6500658161
734240015 -106718197
#r 0 3.5950462541
748518754 -99759858
#r 0 5.1340894284
451097033 876365304
#r 0 5.2773152766
451097033 875365304
#r 0 4.5138512643
451249747 876124366
#r 0 4.5457304740
-213751703 -188883800
#r 0 5.6917944366
-213751703 -187883800
#r 0 5.8380687830
-218892411 -185431445
#r 0 5.8176877722
-871609781 -439190600
#r 0 1.8618500496
-871609781 -438190600
#r 0 5.3423058901
-872118310 -437493017
#r 0 0.1218881551
873731973 -187795839
#r 0 3.1164983767
873731973 -186795839
#r 0 1.9219158488
874101670 -187805118
#r 0 1.2691580686
476321941 -514170025
#r 0 6.0036754904
476321941 -513170025
#r 0 0.8175854567
475583150 -513957975
#r 0 3.9536241059
648529161 -258031637
#r 0 5.8534092328
648529161 -257031637
#r 0 5.8428722484
726574894 -293803901
#r 0 2.6799645080
-947200162 54478327
#r 0 0.2750995767
-947200162 53478327
#r 0 4.5079207076
-946979904 54540496
#r 0 0.5594091889
-72923073 965837855
#r 0 3.5296506184
-72923073 964837855
#r 0 3.9460011694
-71335710 966486748
#r 0 3.5862409682
533900477 -572149686
#r 0 1.0547912344
533900477 -571149686
#r 0 2.9351738272
534407517 -571255861
#r 0 6.2300811693
-787439174 -505763987
#r 0 5.5851269167
-787439174 -504763987
#r 0 6.2258356277
-788718663 -504690528
#r 0 5.5183059353
-244124713 -774407860
#r 0 0.0061036079
-244124713 -773407860
#r 0 6.2415856415
-223172371 -774279974
#r 0 0.0123471141
912688030 366379819
#r 0 5.0102375154
912688030 365379819
#r 0 4.9509880513
911516739 370195343
#r 0 5.0924141046
65744808 676218049
#r 0 0.8884407025
65744808 675218049
#r 0 0.8457261978
55950741 664164775
#r 0 0.9704723785
-530446177 836542796
#r 0 4.1405716283
-530446177 835542796
#r 0 4.5607125257
-530245713 836854300
#r 0 5.4997128561
-415563059 -298865844
#r 0 5.5853222128
-415563059 -297865844
#r 0 0.4524343371
-416317945 -298232765
#r 0 0.7732563829
-886033412 -228132643
#r 0 6.2004224571
-886033412 -227132643
#r 0 6.1292715161
-872180783 -229281751
#r 0 0.0135695708
-277974413 -935647969
#r 0 0.5478837310
-277974413 -934647969
#r 0 0.2396572420
-275241006 -933980052
#r 0 0.5749045772
200104270 740576328
#r 0 2.6738851048
200104270 739576328
#r 0 6.2131515572
202403455 739415044
#r 0 2.6225531930
-138670661 -326693416
#r 0 1.1028627052
-138670661 -325693416
#r 0 2.6360091669
-138275767 -325912019
#r 0 1.1777991765
-420259027 -893966584
#r 0 0.2835243412
-420259027 -892966584
#r 0 0.9414820098
-421183131 -894235844
#r 0 0.2347307880
-798050443 -196980374
#r 0 3.7044283144
-798050443 -195980374
#r 0 3.7306123821
-824910501 -213926568
#r 0 3.6198143475
-402542994 -134498653
#r 0 1.9824834784
-402542994 -133498653
#r 0 0.9886516153
-402805500 -133897455
#r 0 2.4462785570
508744237 816338581
#r 0 4.7649534114
508744237 815338581
#r 0 5.2301900200
508802204 815236822
#r 0 4.0518093697
-397593185 913590386
#r 0 4.2711456188
-397593185 912590386
#r 0 4.7346885559
-397614483 913545293
#r 0 4.3362093145
-443314379 -868631678
#r 0 1.7280548189
-443314379 -867631678
#r 0 2.5983564496
-443489737 -867525790
#r 0 0.1037964694
-533147680 613971414
#r 0 5.9299158390
-533147680 612971414
#r 0 5.2098299938
-533826596 614221756
#r 0 5.7437880121
-770932227 -336799630
#r 0 0.1020738381
-770932227 -335799630
#r 0 2.2009572457
-770253567 -336730115
#r 0 2.2753901616
-313801222 -169811900
#r 0 5.9670197033
-313801222 -168811900
#r 0 5.9858757765
-361997424 -154045028
#r 0 1.0897485555
396351162 236536477
#r 0 2.7068357607
396351162 235536477
#r 0 2.7431881788
419351656 225855253
#r 0 3.2809078984
653214263 -656222690
#r 0 1.2493727727
653214263 -655222690
#r 0 0.3309874912
653590253 -655093489
#r 0 4.1837800465
-126037657 252119065
#r 0 0.0287687271
-126037657 251119065
#r 0 4.2119406710
-125482028 252135054
#r 0 0.9050406675
795662488 -210263076
#r 0 1.6181675514
795662488 -209263076
#r 0 1.6689110979
795571036 -208333973
#r 0 1.6778817795
-552602322 134431660
#r 0 1.8424152956
-552602322 133431660
#r 0 2.3253591816
-552206594 133010742
#r 0 2.1408161788
-25074801 475442830
#r 0 5.9856658177
-25074801 474442830
#r 0 3.5810140209
-23787293 475048054
#r 0 3.5845114686
-581753711 58339560
#r 0 2.5961149635
-581753711 57339560
#r 0 5.2828853774
-582804644 58977371
#r 0 2.8957551652
-123676106 -141587957
#r 0 4.3618025933
-123676106 -140587957
#r 0 4.8143775184
-123596141 -141369291
#r 0 2.0411004151
-770394741 -202777594
#r 0 1.2508915855
-770394741 -201777594
#r 0 1.3647017483
-770961414 -204488130
#r 0 3.4404991892
226219170 40973701
#r 0 3.7135900080
226219170 39973701
#r 0 2.2181406908
225710653 40646323
#r 0 4.7126832335
-730767039 -317649186
#r 0 1.8619117086
-730767039 -316649186
#r 0 2.5840354585
-731135510 -316419426
#r 0 2.6318182682
313987082 -595303530
#r 0 4.9021579194
313987082 -594303530
#r 0 2.4239912241
313756312 -594102107
#r 0 3.7861361548
422385780 609464897
#r 0 4.4712111671
422385780 608464897
#r 0 5.4889297225
422189065 608665128
#r 0 1.7234714301
-283682688 -708434606
#r 0 0.7769044800
-283682688 -707434606
#r 0 1.3742017536
-283930350 -708678097
#r 0 3.1610876551
-165174039 -771223105
#r 0 0.0161873691
-165174039 -770223105
#r 0 0.9086913556
-165963484 -771235885
#r 0 1.6670092430
-595802012 -385074130
#r 0 2.0046226916
-595802012 -384074130
#r 0 1.6675593710
-595679217 -385339198
#r 0 0.1945682037
277214466 -802769623
#r 0 3.0584298380
277214466 -801769623
#r 0 3.1705784928
268313632 -802027693
#r 0 3.0069547372
-49223034 10182434
#r 0 2.7471845205
-49223034 9182434
#r 0 4.1929691347
-48761163 9990195
#r 0 5.1430402117
606551053 -19018638
#r 0 0.7101207564
606551053 -18018638
#r 0 0.7454066240
590756873 -32597505
#r 0 5.6159157067
-355498144 909755308
#r 0 5.1549786057
-355498144 908755308
#r 0 0.1173230736
-355049271 908808214
#r 0 6.0332729891
47076853 -733059593
#r 0 4.8393894464
47076853 -732059593
#r 0 5.9043610808
46942328 -732006045
#r 0 4.8216017589
-374230082 240356462
#r 0 1.7294765992
-374230082 239356462
#r 0 1.7381683812
-371201433 221430443
#r 0 2.9668468823
57914385 673072022
#r 0 0.0750070148
57914385 672072022
#r 0 4.1979690475
58504630 673116378
#r 0 3.8060784581
-434227853 -134865342
#r 0 3.3032742117
-434227853 -133865342
#r 0 0.8150167608
-435341490 -135046982
#r 0 4.1230723256
-803935016 3201268
#r 0 6.2243790612
-803935016 2201268
#r 0 1.3181589879
-803680728 3186297
#r 0 1.5360281349
612533705 664406426
#r 0 4.5231998857
612533705 663406426
#r 0 4.5730362512
613058083 667144993
#r 0 4.5132898046
-128789750 -864403732
#r 0 0.5743292943
-128789750 -863403732
#r 0 6.1748006178
-127466832 -863547680
#r 0 0.6578333403
49745228 181238661
#r 0 2.1755337478
49745228 180238661
#r 0 0.1859144472
50356839 180353697
#r 0 0.9560436953
582907428 511612935
#r 0 3.3166254822
582907428 510612935
#r 0 2.5803307884
581666042 511393405
#r 0 3.2998543394
616180789 -199370439
#r 0 2.0263613641
616180789 -198370439
#r 0 2.0212893832
653950614 -276461589
#r 0 6.0337256965
144982153 -279834439
#r 0 2.2489184748
144982153 -278834439
#r 0 0.5873922383
144457812 -279183537
#r 0 1.8499864793
-152837913 140842892
#r 0 3.7374964888
-152837913 139842892
#r 0 3.6922932030
-168445666 130258647
#r 0 3.6538625397
549838263 -730153584
#r 0 3.2344522799
549838263 -729153584
#r 0 3.1687063881
564988154 -728742713
#r 0 3.2530611127
-591139324 -247371007
#r 0 6.2696456609
-591139324 -246371007
#r 0 4.5703805863
-591282019 -247369075
#r 0 0.2078066070
-753947354 98952221
#r 0 3.0511778373
-753947354 97952221
#r 0 0.9741769339
-753307565 98894216
#r 0 3.1417429590
-98352464 -743450637
#r 0 6.0721964260
-98352464 -742450637
#r 0 5.9336820358
-91698626 -744875732
#r 0 5.9972934840
611104978 -524723090
#r 0 5.7675810208
611104978 -523723090
#r 0 5.7540318320
666535071 -556137524
#r 0 5.7567219042
-276948858 -364114257
#r 0 2.9162536964
-276948858 -363114257
#r 0 1.1088876015
-277395694 -364011828
#r 0 0.5295705672
-558362802 302376104
#r 0 3.7288187467
-558362802 301376104
#r 0 3.3978508531
-560840953 300726782
#r 0 2.2950422791
-267275647 10250653
#r 0 1.3147632946
