701687785 -541700890
#r 0 1.3552704990
701687785 -540700890
#r 0 2.3487184009
701866906 -540882710
#r 0 0.8268703510
-499127383 633119407
#r 0 4.5685370754
-499127383 632119407
#r 0 0.2461970195
-499277707 632081631
#r 0 5.7997850554
-483608482 -622730427
#r 0 0.4699285046
-483608482 -621730427
#r 0 0.3189956371
-477977878 -619870779
#r 0 2.3504844762
-400050622 -282770132
#r 0 6.1061004520
-400050622 -281770132
#r 0 2.2998717582
-398987407 -282960404
#r 0 2.1835835582
301295572 728310821
#r 0 0.1783311865
301295572 727310821
#r 0 6.2318565886
296978152 727532623
#r 0 5.5023513063
538670319 187274473
#r 0 2.4733023016
538670319 186274473
#r 0 4.6616909703
538719106 187235957
#r 0 4.2959738282
-356518068 -65592954
#r 0 5.5677025695
-356518068 -64592954
#r 0 1.9972598316
-355767233 -66245510
#r 0 2.0682929724
-276446552 932869643
#r 0 0.2878181289
-276446552 931869643
#r 0 5.7353672030
-277550128 932542942
#r 0 5.5256027464
-550539604 -271667289
#r 0 0.0972861749
-550539604 -270667289
#r 0 1.3922413739
-550723317 -271685218
#r 0 1.0746200682
-618319202 -169265767
#r 0 0.5668170328
-618319202 -168265767
#r 0 0.4215461959
-613001712 -165881253
#r 0 0.7950926610
755102565 -188650360
#r 0 5.7902863301
755102565 -187650360
#r 0 5.6624435272
760723329 -191669371
#r 0 5.7742723256
380790345 -501424583
#r 0 0.1631906562
380790345 -500424583
#r 0 1.4256836493
380640602 -501449239
#r 0 1.5738439437
-579009961 358478730
#r 0 0.6541647921
-579009961 357478730
#r 0 3.9638695393
-575782288 360953700
#r 0 6.0258770701
299350043 -849072587
#r 0 3.2236077387
299350043 -848072587
#r 0 2.5818804529
300760981 -848956609
#r 0 2.7619806346
547958642 -796389549
#r 0 3.0034778321
547958642 -795389549
#r 0 2.8925137131
556627064 -797594458
#r 0 2.7736963553
120566706 -818818612
#r 0 5.4338983139
120566706 -817818612
#r 0 5.4859342054
111694044 -808733083
#r 0 2.1369970536
137093106 -178832048
#r 0 2.0316503813
137093106 -177832048
#r 0 6.1766431372
136568749 -177775970
#r 0 0.1254313665
-671832205 450572368
#r 0 0.6344142565
-671832205 449572368
#r 0 5.9394403855
-672746404 449899611
#r 0 0.1481200280
-468532303 -84888903
#r 0 4.8935725266
-468532303 -83888903
#r 0 3.1186882521
-468716268 -83884689
#r 0 2.9626771614
242220329 -192797614
#r 0 5.9389742346
242220329 -191797614
#r 0 0.2522184161
240597448 -192215841
#r 0 5.8860783477
474168597 127670696
#r 0 0.3709563045
474168597 126670696
#r 0 0.4132733114
494344255 135518295
#r 0 0.3343854028
595496296 -707793242
#r 0 2.7229394428
595496296 -706793242
#r 0 1.4690749356
595398657 -707749797
#r 0 2.5407087363
677928845 -196320030
#r 0 1.2839361381
677928845 -195320030
#r 0 1.8816156706
678082623 -195798744
#r 0 6.2028887676
134234208 -184258840
#r 0 5.9236978957
134234208 -183258840
#r 0 1.3660104401
134041549 -184186435
#r 0 0.3679771980
-222667336 -46611794
#r 0 0.5382424820
-222667336 -45611794
#r 0 1.1640342995
-223247285 -46958048
#r 0 0.1139879499
219528894 970092025
#r 0 3.2311601429
219528894 969092025
#r 0 4.8226401328
219419284 970082181
#r 0 4.6471669037
-384209398 -106897359
#r 0 1.5689815577
-384209398 -105897359
#r 0 4.1424844089
-384207578 -105894519
#r 0 6.0221328192
615373946 -411111791
#r 0 0.9499985449
615373946 -410111791
#r 0 6.0909624812
616001691 -410233966
#r 0 6.0316655144
326662212 790338362
#r 0 3.3759370116
326662212 789338362
#r 0 3.3066060954
312812354 787031977
#r 0 5.9899559635
340630368 -61653550
#r 0 0.8500013686
340630368 -60653550
#r 0 3.0938209334
341473436 -60693855
#r 0 0.7701637215
-936931568 -253662529
#r 0 0.0080591837
-936931568 -252662529
#r 0 1.3783342470
-937126749 -253664102
#r 0 5.6274963347
-55698254 -527054964
#r 0 3.0712610307
-55698254 -526054964
#r 0 1.8680552132
-55385162 -527077021
#r 0 1.1283583596
-176767589 -188188183
#r 0 1.9083683045
-176767589 -187188183
#r 0 4.9114919736
-176292989 -189540290
#r 0 6.1336640459
133207554 429148051
#r 0 6.0291938075
133207554 428148051
#r 0 1.0827322265
133674151 429026923
#r 0 4.5444792575
420725815 -425022251
#r 0 1.6477898603
420725815 -424022251
#r 0 1.6811930210
420472073 -421733142
#r 0 1.8839286048
-984543034 144270826
#r 0 0.5088376319
-984543034 143270826
#r 0 6.1963353432
-986093656 143405837
#r 0 5.8913637278
366737756 485628537
#r 0 6.1764413605
366737756 484628537
#r 0 6.0900848750
355423702 486840852
#r 0 5.2004433180
-649282821 -270779598
#r 0 1.0492112210
-649282821 -269779598
#r 0 0.8619630033
-647540526 -267747773
#r 0 1.5008581698
411724544 245564399
#r 0 5.8358855559
411724544 244564399
#r 0 5.8249395194
337851739 281003331
#r 0 6.2193914062
795592083 -315379132
#r 0 0.9104091596
795592083 -314379132
#r 0 1.7279788319
795723714 -315209663
#r 0 1.4227073244
-521849662 466816098
#r 0 2.4009945999
-521849662 465816098
#r 0 4.5075233120
-521675049 466656469
#r 0 4.6144527734
-558514126 -706353026
#r 0 1.7593706126
-558514126 -705353026
#r 0 0.7444621377
-558676431 -705502558
#r 0 0.6588482711
-218018041 -776753981
#r 0 2.7119869516
-218018041 -775753981
#r 0 1.2838830429
-218277960 -776634901
#r 0 1.3148083609
517252615 315449462
#r 0 3.2148709073
517252615 314449462
#r 0 0.0484983376
477048861 312498117
#r 0 3.6345011570
-836634468 79323631
#r 0 0.8084072405
-836634468 78323631
#r 0 4.8152205449
-836727600 79226112
#r 0 0.3176015799
-478957491 -425697431
#r 0 3.6287634619
-478957491 -424697431
#r 0 0.2594068261
-475174957 -423693598
#r 0 3.5570627986
744680137 283363242
#r 0 0.3839146286
744680137 282363242
#r 0 4.3999406113
745051644 283513316
#r 0 4.8550657006
787479252 -388621533
#r 0 2.6835967211
787479252 -387621533
#r 0 3.6643186241
786543923 -388160458
#r 0 3.5335062569
734374273 161323653
#r 0 1.6721490616
734374273 160323653
#r 0 3.9168877007
734466757 160414287
#r 0 4.1702925506
-835925574 -325109799
#r 0 2.0336199997
-835925574 -324109799
#r 0 0.8338591145
-836247524 -324464570
#r 0 4.9961861375
191098699 -491490599
#r 0 1.9503866270
191098699 -490490599
#r 0 4.1202420220
190848278 -490862879
#r 0 1.4987957901
76967052 -918743877
#r 0 0.6895178772
76967052 -917743877
#r 0 0.6846491275
199725220 -817526589
#r 0 0.6010541657
-458212991 -390070259
#r 0 4.8721994374
-458212991 -389070259
#r 0 1.8027299190
-458720589 -386921094
#r 0 1.8221812902
-561441965 -303326039
#r 0 0.0079064547
-561441965 -302326039
#r 0 5.0710098748
-561068243 -303323084
#r 0 4.3797544989
-143029320 -288205830
#r 0 2.6141121853
-143029320 -287205830
#r 0 4.7258959389
-143015705 -288213761
#r 0 4.7908552320
-217724255 370576245
#r 0 2.3614840327
-217724255 369576245
#r 0 3.0239403262
-216576516 369440584
#r 0 3.2015244566
231282029 -813119927
#r 0 3.5582058215
231282029 -812119927
#r 0 0.0468576433
233809679 -812001401
#r 0 0.1955376503
-173650117 941397434
#r 0 0.4228842177
-173650117 940397434
#r 0 4.9856312786
-173898981 941285436
#r 0 0.2895202870
-974261600 -135035256
#r 0 6.0386920689
-974261600 -134035256
#r 0 6.1458400672
-983248839 -132793081
#r 0 6.0750757702
-219071864 876570219
#r 0 4.7331070108
-219071864 875570219
#r 0 4.7354554694
-218868405 866751219
#r 0 5.4959800040
841216372 -245702053
#r 0 0.1986846935
841216372 -244702053
#r 0 0.0752482340
849156001 -244103480
#r 0 0.2030607986
-554460271 622376857
#r 0 0.0116991518
-554460271 621376857
#r 0 0.0439822459
-523511004 622738954
#r 0 1.5134845876
-710372218 -603481641
#r 0 2.4308670409
-710372218 -602481641
#r 0 0.1098331920
-711402012 -602595204
#r 0 2.2145106402
57367412 137137296
#r 0 5.2339275331
57367412 136137296
#r 0 0.3384962214
57845340 136305548
#r 0 4.0844266910
350298717 99524416
#r 0 5.2022755205
350298717 98524416
#r 0 3.2616898332
350799720 98584876
#r 0 0.2579335150
124361302 -505132095
#r 0 4.8195042629
124361302 -504132095
#r 0 1.4009325418
124295210 -504517436
#r 0 2.7975316749
-544744435 413022941
#r 0 5.5697030080
-544744435 412022941
#r 0 5.6539738564
-537481964 406736533
#r 0 5.6390619194
-119196968 -904270036
#r 0 1.3870084214
-119196968 -903270036
#r 0 1.8420057657
-119085560 -903670698
#r 0 1.6598610132
-804414631 -463783652
#r 0 0.3193738832
-804414631 -462783652
#r 0 5.0251903387
-804122460 -463687033
#r 0 5.1839884011
551441948 -761356956
#r 0 3.6229748792
551441948 -760356956
#r 0 3.7580486370
546071472 -764162326
#r 0 3.8046986430
27156741 -865736728
#r 0 1.1751393075
27156741 -864736728
#r 0 1.3110929044
26426509 -867485019
#r 0 0.1489672032
940217810 -146619311
#r 0 1.6517709086
940217810 -145619311
#r 0 3.9562547033
940143088 -145698540
#r 0 4.6156292521
-914055295 46387478
#r 0 4.8526786182
-914055295 45387478
#r 0 0.3001474453
-913919991 45429354
#r 0 0.5058413193
-936955659 -34943340
#r 0 4.9074222122
-936955659 -33943340
#r 0 0.8130711021
-937119082 -34116068
#r 0 0.7605532785
-369379595 277222742
#r 0 2.5241261602
-369379595 276222742
#r 0 4.8481424038
-369530860 277330154
#r 0 4.9886205761
-821124475 11788443
#r 0 1.0311971005
-821124475 10788443
#r 0 1.1919783607
-819937564 13770311
#r 0 1.0006182009
-490967586 616064171
#r 0 6.0626802381
-490967586 615064171
#r 0 3.1730842021
-487056015 615187393
#r 0 5.4762541389
-678074763 -588467848
#r 0 2.6752245415
-678074763 -587467848
#r 0 0.0029153411
-680049796 -587473606
#r 0 0.9628136410
217643120 -215305082
#r 0 1.7962928093
217643120 -214305082
#r 0 2.5396604032
217370808 -214118010
#r 0 1.4479078475
-682169509 -158834214
#r 0 1.1271264430
-682169509 -157834214
#r 0 0.3843309210
-681581141 -157596253
#r 0 1.3476457434
557597791 508080141
#r 0 5.4032071253
557597791 507080141
#r 0 1.9520519922
556819561 509021496
#r 0 3.7684194070
639262792 -399950495
#r 0 0.1329919117
639262792 -398950495
#r 0 4.2749388960
638763910 -400017236
#r 0 1.6799449744
61684808 -566926225
#r 0 4.5503955392
61684808 -565926225
#r 0 4.6728913070
61632686 -567245159
#r 0 4.9564512181
523190902 523430949
#r 0 5.5512681952
523190902 522430949
#r 0 4.9054286411
522953789 523643966
#r 0 3.4203178958
-97120665 -106773775
#r 0 1.1662475311
-97120665 -105773775
#r 0 2.1504222498
-96861807 -106169200
#r 0 5.8335376409
-565009351 514254679
#r 0 2.6477439538
-565009351 513254679
#r 0 5.1052490463
-565542749 514541830
#r 0 2.4628888236
334580786 -482417867
#r 0 0.6297455261
334580786 -481417867
#r 0 1.5213035188
334529398 -482455315
#r 0 1.0722599921
-302732954 278207160
#r 0 4.1941071676
-302732954 277207160
#r 0 4.3317383245
-301391460 280559491
#r 0 1.5026363248
-258338693 -552221732
#r 0 1.0302019276
-258338693 -551221732
#r 0 5.9688563286
-257836461 -551385011
#r 0 5.6129253916
-571070279 -284224233
#r 0 1.4480429189
-571070279 -283224233
#r 0 1.0423749547
-570913847 -282956277
#r 0 4.4898524110
481874853 641887316
#r 0 3.0594720567
481874853 640887316
#r 0 4.2848436650
482314036 641851169
#r 0 3.8466186971
-479273610 -106822827
#r 0 2.7307748278
-479273610 -105822827
#r 0 2.8140847292
-489705372 -102278711
#r 0 2.7275770881
-4238218 -621301856
#r 0 2.0837819353
-4238218 -620301856
#r 0 1.2768943314
-4435097 -620952336
#r 0 5.2807920288
-213551122 -22815755
#r 0 0.4613653782
-213551122 -21815755
#r 0 2.9325131193
-212141343 -22114882
#r 0 1.8437157127
-874003763 -51756842
#r 0 4.4574364509
-874003763 -50756842
#r 0 4.2330008802
-873481092 -49751384
#r 0 4.2456394926
-191082364 -706539912
#r 0 5.9395695861
-191082364 -705539912
#r 0 0.0758489521
-193387547 -705715094
#r 0 2.7484574122
-712230836 221529366
#r 0 0.7236975065
-712230836 220529366
#r 0 1.5306457780
-712189185 221566170
#r 0 5.6086073530
-780382671 126943689
#r 0 6.0497824572
-780382671 125943689
#r 0 6.2448099768
-775366153 125751084
#r 0 6.1497314320
-236286024 -513307999
#r 0 0.9732723315
-236286024 -512307999
#r 0 5.9213289804
-235744903 -512512826
#r 0 3.1656002253
432125842 146983063
#r 0 6.2124458451
432125842 145983063
#r 0 0.0962757342
438098416 146559860
#r 0 2.4389328174
-261116530 -918750953
#r 0 0.5488003967
-261116530 -917750953
#r 0 0.9808634113
-262249946 -919443987
#r 0 0.5443830543
118024946 613168088
#r 0 3.8195539796
118024946 612168088
#r 0 2.9837345737
116988115 612333133
#r 0 4.9997554909
-464226731 -787773296
#r 0 1.8851825633
-464226731 -786773296
#r 0 1.3633692464
-464354495 -787380383
#r 0 2.4739012851
-243669211 -909135288
#r 0 1.7940770561
-243669211 -908135288
#r 0 0.7853290072
-243854264 -908320316
#r 0 1.2372168654
-477273716 873997373
#r 0 1.5726764686
-477273716 872997373
#r 0 1.6161197493
-477271755 872954126
#r 0 1.6770803200
-723337552 322551553
#r 0 4.5700374647
-723337552 321551553
#r 0 5.4700393839
-723462016 321683123
#r 0 0.3356672999
-109826943 -461038229
#r 0 3.5294574097
-109826943 -460038229
#r 0 3.2656504322
-106304116 -459598939
#r 0 0.2795708410
273596302 -710435175
#r 0 1.2532229487
273596302 -709435175
#r 0 1.0292158655
274320933 -708230629
#r 0 2.3967270882
-495340295 -231301155
#r 0 6.1862150056
-495340295 -230301155
#r 0 1.9002637151
-494986601 -231335561
#r 0 1.8918132130
-335666797 -774290530
#r 0 2.1448414084
-335666797 -773290530
#r 0 1.8409359977
-335182528 -775039373
#r 0 2.5701654885
-44434562 -424288087
#r 0 2.4545747969
-44434562 -423288087
#r 0 1.4274419055
-44563624 -424182213
#r 0 1.2683040739
482272679 648017210
#r 0 2.5753460485
482272679 647017210
#r 0 3.2626664784
483593064 647177860
#r 0 3.5688226731
-848718430 -335529233
#r 0 0.9933143183
-848718430 -334529233
#r 0 5.0427015393
-848493775 -335184445
#r 0 5.8828276700
-538168394 -366123595
#r 0 0.6632516396
-538168394 -365123595
#r 0 4.2031768395
-539158744 -366897384
#r 0 1.4927115217
780704324 -493859950
#r 0 2.6987062543
780704324 -492859950
#r 0 2.3268291687
782410186 -494669060
#r 0 3.8875416482
101574837 -660299922
#r 0 3.6814011377
101574837 -659299922
#r 0 3.6635736179
143286476 -635307588
#r 0 2.4392266056
274165912 -778182756
#r 0 3.7176504624
274165912 -777182756
#r 0 6.0919448996
275351934 -777412377
#r 0 3.7388576809
-30247511 -354320033
#r 0 0.6144201600
-30247511 -353320033
#r 0 3.2333132787
-28617625 -353170118
#r 0 3.4755138441
196232884 -273237791
#r 0 3.3862144264
196232884 -272237791
#r 0 0.0313956505
200815523 -272093869
#r 0 1.2679136122
-43571381 -254057842
#r 0 0.7619519688
-43571381 -253057842
#r 0 0.6022614744
-39822015 -250480296
#r 0 5.0344039451
245238934 77228773
#r 0 0.1784915830
245238934 76228773
#r 0 6.2685472476
240112062 76303826
#r 0 3.7978437583
691449954 36763389
#r 0 0.7564852024
691449954 35763389
#r 0 2.0113496817
691123676 36455453
#r 0 1.8351728802
305194638 -415436078
#r 0 1.1137399434
305194638 -414436078
#r 0 2.3379602950
305520313 -414773852
#r 0 1.4453963865
326597884 -216545057
#r 0 5.9704668184
326597884 -215545057
#r 0 5.6770858007
329302039 -217419385
#r 0 1.2183116189
48717586 -293671845
#r 0 1.9015406226
48717586 -292671845
#r 0 1.3040261403
48565417 -293228663
#r 0 1.9814398722
530625494 -89118625
#r 0 5.8008668203
530625494 -88118625
#r 0 2.8295252349
525649199 -86513230
#r 0 5.9144207808
42124448 645983829
#r 0 5.6332971770
42124448 644983829
#r 0 2.6481912391
46623629 642564326
#r 0 1.8547315207
-178491570 670902010
#r 0 4.6069322448
-178491570 669902010
#r 0 3.9683125283
-178611171 669772092
#r 0 4.6915470520
78464923 432039983
#r 0 5.8443375472
78464923 431039983
#r 0 4.7105378999
78466772 432039115
#r 0 4.5427464606
160031141 -417843750
#r 0 2.1691769528
160031141 -416843750
#r 0 4.2829666650
159757211 -417441953
#r 0 0.3482600101
-430166093 553065446
#r 0 0.1535375992
-430166093 552065446
#r 0 5.8191743177
-431692322 552829254
#r 0 0.7630496139
17710008 853207122
#r 0 4.5823820266
17710008 852207122
#r 0 6.0810499572
17582675 852233217
#r 0 3.8115975919
14875479 -715975258
#r 0 0.5891991626
14875479 -714975258
#r 0 0.2817477586
17514358 -714211441
#r 0 2.7905326986
-415569731 -638404763
#r 0 2.2182606132
-415569731 -637404763
#r 0 2.2175179976
-773961145 -176289730
#r 0 2.8862170834
-773961145 -175289730
#r 0 2.9059328812
-821683604 -163830546
#r 0 2.9490236032
940988252 -325744210
#r 0 3.9705361992
940988252 -324744210
#r 0 3.9596005877
-826089410 389315028
#r 0 4.8331910171
-826089410 388315028
#r 0 0.0200810198
-825968312 388317460
#r 0 1.0627330824
787581078 -76307990
#r 0 2.9877518596
787581078 -75307990
#r 0 1.5726621249
787582944 -76308279
#r 0 1.5862016928
-720594767 -54294382
#r 0 6.1071524656
-720594767 -53294382
#r 0 6.0549107415
-702229337 -57561113
#r 0 6.1231801897
594911311 732837332
#r 0 4.0480250465
594911311 731837332
#r 0 3.0380676103
594187113 731912574
#r 0 4.0915357908
288809318 -738112341
#r 0 3.0228279115
288809318 -737112341
#r 0 1.4980099340
288737032 -738103715
#r 0 2.4918224038
-344837829 -486706031
#r 0 3.9884772122
-344837829 -485706031
#r 0 4.0776523743
-349247736 -491694542
#r 0 0.6926838332
-62712054 -847301326
#r 0 0.6370344510
-62712054 -846301326
#r 0 0.0079622577
-61345900 -846290448
#r 0 1.4871910542
-250419138 -693493865
#r 0 0.5851364028
-250419138 -692493865
#r 0 2.6360280786
-249596827 -692949055
#r 0 1.6127646753
366755340 -91389671
#r 0 4.5720043145
366755340 -90389671
#r 0 4.5021265792
367173617 -88429765
#r 0 1.0692071499
961566412 68953195
#r 0 2.6077488829
961566412 67953195
#r 0 2.5394279933
951174352 75095859
#r 0 2.6099080795
597164501 -516317146
#r 0 0.5587495398
597164501 -515317146
#r 0 0.7057194971
592757352 -519072535
#r 0 4.3182875824
-877313621 -335845740
#r 0 1.7580255820
-877313621 -334845740
#r 0 1.7255567423
-876429793 -340511017
#r 0 5.8762518018
-380835327 -806301119
#r 0 1.3016693990
-380835327 -805301119
#r 0 2.1528693845
-380640964 -805596442
#r 0 1.8888030524
822465216 -184570263
#r 0 3.5090829210
822465216 -183570263
#r 0 3.4749273532
848289266 -174628554
#r 0 4.8583019387
186036512 447263379
#r 0 1.2192330036
186036512 446263379
#r 0 5.4470731495
185775634 446552156
#r 0 1.2556852615
-324336703 -906969741
#r 0 0.1632297212
-324336703 -905969741
#r 0 1.1641994527
-324800161 -907046070
#r 0 1.9477880622
-23877194 30146238
#r 0 0.7790309565
-23877194 29146238
#r 0 1.0027007290
-22151128 31850462
#r 0 6.2331252214
-646955563 126488175
#r 0 3.0788442414
-646955563 125488175
#r 0 3.9458968052
-646047608 126431127
#r 0 3.3380901062
647455009 119171730
#r 0 5.4601761927
647455009 118171730
#r 0 4.2019418737
647804160 118795275
#r 0 5.3564963260
-614105525 708095676
#r 0 3.7997453128
-614105525 707095676
#r 0 6.1560428237
-615215426 707237557
#r 0 5.1441613371
-144601442 -246545691
#r 0 2.4416216181
-144601442 -245545691
#r 0 0.5568761184
-145284108 -245970723
#r 0 4.9196812843
-755786970 456770808
#r 0 1.5093925506
-755786970 455770808
#r 0 4.6832240357
-755731454 457673784
#r 0 1.2129325086
-942398078 -178453409
#r 0 0.6358642199
-942398078 -177453409
#r 0 0.7225181508
-949371680 -183600869
#r 0 0.7770014766
711522906 98276513
#r 0 3.3972687592
711522906 97276513
#r 0 3.6477613041
714936546 99168828
#r 0 2.7505403540
-865732126 -389513957
#r 0 5.9146351610
-865732126 -388513957
#r 0 5.2900116147
-864861102 -389850343
#r 0 5.3292935488
457994694 -775492143
#r 0 6.1132693186
457994694 -774492143
#r 0 0.8280638929
457201522 -775356058
#r 0 6.0507928085
223679184 -734348721
#r 0 2.9810774979
223679184 -733348721
#r 0 6.1349236152
144000498 -721448098
#r 0 5.9949298404
590989480 604339845
#r 0 4.9416587169
590989480 603339845
#r 0 4.0066175145
591172683 603554821
#r 0 3.1373833902
33739637 326385330
#r 0 2.7117388519
33739637 325385330
#r 0 5.7324775994
27314359 329330961
#r 0 3.4676619519
107088828 -31836439
#r 0 0.4927702157
107088828 -30836439
#r 0 1.9811372428
107441486 -31647079
#r 0 0.1654474520
-86557720 15314172
#r 0 0.5541703235
-86557720 14314172
#r 0 6.2059011771
-87993890 14425387
#r 0 0.4895763642
187576655 288198927
#r 0 2.5979695986
187576655 287198927
#r 0 6.2151974506
189441379 287071953
#r 0 0.0672637683
376013911 294524797
#r 0 6.2714382268
376013911 293524797
#r 0 0.0602476118
389889650 294361790
#r 0 3.7145391046
278966036 620220652
#r 0 3.8417806984
278966036 619220652
#r 0 3.8972566550
289003935 628678685
#r 0 3.1741520382
-721859489 -551390151
#r 0 0.5276060945
-721859489 -550390151
#r 0 3.1356668650
-720160634 -550400218
#r 0 3.1918789628
388898961 -22604958
#r 0 0.2470353136
388898961 -21604958
#r 0 0.8159022173
387665553 -22916007
#r 0 3.5183686008
-862956667 140643757
#r 0 6.0349187648
-862956667 139643757
#r 0 4.6531569771
-862898244 140628947
#r 0 0.1450298236
-64393835 -548376194
#r 0 0.1091213992
-64393835 -547376194
#r 0 5.3807546829
-63667104 -548296576
#r 0 1.9233158362
-682022435 430113840
#r 0 4.8599130796
-682022435 429113840
#r 0 0.1631017663
-681877379 429137711
#r 0 6.0664973665
129522077 617343422
#r 0 4.9394993224
129522077 616343422
#r 0 5.7795565370
129786896 616197500
#r 0 5.6872306500
-709725211 -135667791
#r 0 1.1046172633
-709725211 -134667791
#r 0 0.2714358044
-709140108 -134504954
#r 0 0.2747228367
882172595 169931446
#r 0 4.8891620225
882172595 168931446
#r 0 2.7579893231
882365113 168853746
#r 0 3.0110864185
29768177 179516482
#r 0 1.1875937443
29768177 178516482
#r 0 4.5502537042
30043434 180199280
#r 0 4.6577089969
258981388 553416150
#r 0 2.8341313321
258981388 552416150
#r 0 2.8104180158
220969045 565486232
#r 0 5.3007413845
867622611 474026919
#r 0 4.2086593445
867622611 473026919
#r 0 2.9022582641
867136793 473145464
#r 0 3.4511778761
494169261 705240858
#r 0 4.2893600335
494169261 704240858
#r 0 2.4898394123
493834158 704496533
#r 0 2.4680954257
122469093 -725635014
#r 0 2.7534544841
122469093 -724635014
#r 0 2.9500039256
117816033 -723732470
#r 0 2.7914482879
-603116602 -663308573
#r 0 0.3273885898
-603116602 -662308573
#r 0 1.6308445469
-603057684 -663288564
#r 0 2.1287742392
-145539966 -887360284
#r 0 2.4821169946
-145539966 -886360284
#r 0 2.6717902081
-149277617 -884462613
#r 0 2.3518758218
682414660 608429595
#r 0 3.5757681206
682414660 607429595
#r 0 3.5748754464
-239963856 180737015
#r 0 2.9705932906
-490982295 -354183775
#r 0 1.3517809051
-490982295 -353183775
#r 0 1.7347849664
-490887381 -353757360
#r 0 4.8802094772
-802812116 -220135267
#r 0 0.8028224896
-802812116 -219135267
#r 0 2.4405164194
-802280088 -219584368
#r 0 2.5154431834
250470454 471718324
#r 0 2.5598457379
250470454 470718324
#r 0 1.8718740598
250080250 471974949
#r 0 3.9069691177
439852827 37625603
#r 0 0.5530552464
439852827 36625603
#r 0 0.6829045232
444950712 40772613
#r 0 1.5769442956
-160210028 -311873695
#r 0 5.1275187395
-160210028 -310873695
#r 0 2.7612626728
-160745046 -310659797
#r 0 0.0062453505
378118500 -176315695
#r 0 2.5887985128
378118500 -175315695
#r 0 2.7125381262
371848086 -172447123
#r 0 2.7704604404
-866575725 -214630372
#r 0 1.4027148517
-866575725 -213630372
#r 0 0.8310349964
-866367290 -213401988
#r 0 2.2167205311
135413484 36622920
#r 0 5.6052427276
135413484 35622920
#r 0 0.2803246540
136328255 35886288
#r 0 5.7942735206
133848038 926203271
#r 0 5.7141735269
133848038 925203271
#r 0 4.8972236469
133635675 926339093
#r 0 4.8173979119
152317393 -838586251
#r 0 5.0089896355
152317393 -837586251
#r 0 5.0587046159
150321058 -832054074
#r 0 5.0928303817
866394399 -388688067
#r 0 0.4472235477
866394399 -387688067
#r 0 0.3520024475
875296272 -384418414
#r 0 0.3977188375
-110683473 -855371776
#r 0 2.0575638407
-110683473 -854371776
#r 0 0.0266264503
-111205360 -854385675
#r 0 1.2688072136
-778756986 -564076853
#r 0 0.9640990354
-778756986 -563076853
#r 0 0.8979979449
-773377835 -556326072
#r 0 0.8941828969
-737950047 -439455128
#r 0 5.9597150307
-737950047 -438455128
#r 0 6.0097309556
-756210022 -433333558
#r 0 5.8470866315
-609784449 -471338019
#r 0 5.5324536179
-609784449 -470338019
#r 0 5.2419369088
-608495012 -472541017
#r 0 5.3837275077
-23189346 649857189
#r 0 1.0049722595
-23189346 648857189
#r 0 3.4008242751
-23953069 648654650
#r 0 0.8844512763
919027675 186956176
#r 0 3.5211587397
919027675 185956176
#r 0 2.1427655206
918515460 186751849
#r 0 4.5316038544
-462062882 -817316296
#r 0 0.2028513398
-462062882 -816316296
#r 0 1.4923117737
-462142821 -817332738
#r 0 0.9174314542
-122964257 -333624352
#r 0 3.8825472646
-122964257 -332624352
#r 0 3.8952386050
-165358140 -372408038
#r 0 0.5801925080
-340634393 559951828
#r 0 1.2703879415
-340634393 558951828
#r 0 1.3731289487
-340067784 561780876
#r 0 1.2373753231
-909594700 -252680642
#r 0 1.4976906106
-909594700 -251680642
#r 0 1.4287320355
-909444613 -250631286
#r 0 1.5295992026
43912064 302995607
#r 0 2.7369108523
43912064 301995607
#r 0 1.0380610997
44382786 302793986
#r 0 2.9761831507
117420708 890129395
#r 0 2.7026741627
117420708 889129395
#r 0 5.6321735153
114000059 891735253
#r 0 3.1821008521
-468178342 -347725758
#r 0 4.7475349132
-468178342 -346725758
#r 0 4.7665880053
-468278256 -344884103
#r 0 0.8052500885
71200613 -222501511
#r 0 2.8434355240
71200613 -221501511
#r 0 2.9608275206
63172230 -220034243
#r 0 4.7503287226
-243623499 -789879633
#r 0 0.3561351671
-243623499 -788879633
#r 0 0.2983737630
-228105560 -784107009
#r 0 0.2587153667
-769324329 107708350
#r 0 0.7257116400
-769324329 106708350
#r 0 0.7717660142
-757679704 118039743
#r 0 0.8529244552
635566251 196520845
#r 0 2.7621713065
635566251 195520845
#r 0 2.8394909516
647047130 191942938
#r 0 2.8107227804
195202581 -473800941
#r 0 0.7237232474
195202581 -472800941
#r 0 0.8213028840
189962593 -478431398
#r 0 1.0803804130
308865562 -904406367
#r 0 2.0800080125
308865562 -903406367
#r 0 0.5724513572
308454970 -903670966
#r 0 2.8431524532
710295145 -265660052
#r 0 0.7905549010
710295145 -264660052
#r 0 4.8657088948
710428808 -265525003
#r 0 0.8339779909
-659887626 -690524746
#r 0 0.5758501474
-659887626 -689524746
#r 0 0.8590837508
-661847825 -691797412
#r 0 1.2772220030
582191960 -738122481
#r 0 3.7496159864
582191960 -737122481
#r 0 2.1561190140
582645531 -737806804
#r 0 3.8434298410
619956929 619639294
#r 0 3.6567617571
619956929 618639294
#r 0 4.5666638488
620116995 619729918
#r 0 3.8730755352
279378978 182926265
#r 0 3.0464873146
279378978 181926265
#r 0 2.9745350781
265724508 184228808
#r 0 2.9446110897
-31041134 -356688329
#r 0 1.0369258730
-31041134 -355688329
#r 0 2.7667181286
-30561555 -355877035
#r 0 1.7685592671
531322273 778893238
#r 0 3.1430601029
531322273 777893238
#r 0 4.8856656651
531147286 778892981
#r 0 3.2961888668
-409016762 -551302065
#r 0 4.0758354611
-409016762 -550302065
#r 0 1.0425466335
-411788513 -555051726
#r 0 4.0162589809
-242530425 -410578653
#r 0 5.4579668770
-242530425 -409578653
#r 0 0.5150207547
-243136869 -409921881
#r 0 0.5387060192
280793211 -921368331
#r 0 2.6534816338
280793211 -920368331
#r 0 2.6479817913
730390034 137322819
#r 0 5.9392991267
730390034 136322819
#r 0 3.8865559287
731171072 137043117
#r 0 2.9839692108
336241334 349827929
#r 0 3.6682710685
336241334 348827929
#r 0 4.0483835389
337677247 350662860
#r 0 5.3232833701
182629508 -60733374
#r 0 5.8104064317
182629508 -59733374
#r 0 1.7274727644
182801365 -60821273
#r 0 1.7500321926
-14583895 -391538609
#r 0 5.0019516705
-14583895 -390538609
#r 0 2.9302798578
-14902173 -390470333
#r 0 1.4857754664
-529968658 -541423045
#r 0 2.3556635620
-529968658 -540423045
#r 0 2.4382846494
-536500194 -534884570
#r 0 5.6708461848
-295721070 -115687762
#r 0 2.4275206465
-295721070 -114687762
#r 0 3.8824151615
-296282479 -115201226
#r 0 3.1584501528
-860392259 105310463
#r 0 0.1355008672
-860392259 104310463
#r 0 1.3153573114
-860121474 105347381
#r 0 0.2735838112
134282577 690186611
#r 0 0.7186121127
134282577 689186611
#r 0 5.7074114898
133626306 689612626
#r 0 4.8259707240
120775521 105317247
#r 0 0.0227989069
120775521 104317247
#r 0 0.7857542965
121798110 105340565
#r 0 0.2553785286
705482076 -427802156
#r 0 0.1670578380
705482076 -426802156
#r 0 0.0620992154
714876129 -426218042
#r 0 0.1245966820
67711290 -820628312
#r 0 1.6061114038
67711290 -819628312
#r 0 1.7478474935
67667268 -819382274
#r 0 5.8877433106
433987350 508403551
#r 0 3.9663980773
433987350 507403551
#r 0 3.8365124438
429962413 504048199
#r 0 5.4323978176
-118050258 19266698
#r 0 0.1035983577
-118050258 18266698
#r 0 0.3839693374
-114717503 19613207
#r 0 0.2699986814
-797637337 -148047045
#r 0 5.8966961613
-797637337 -147047045
#r 0 3.1486494697
-800052716 -147064090
#r 0 0.1423406723
-297627869 -312378482
#r 0 4.1943878350
-297627869 -311378482
#r 0 6.0306150555
-297131034 -311506706
#r 0 2.1058200625
526708312 738674488
#r 0 4.6911669843
526708312 737674488
#r 0 3.2177039061
526687052 737672867
#r 0 2.9575760364
902408713 326691638
#r 0 3.6073395949
902408713 325691638
#r 0 3.2213584853
900042921 325502527
#r 0 3.2546738897
194389026 724215994
#r 0 0.9655458785
194389026 723215994
#r 0 1.0474754919
197863538 729237890
#r 0 0.2061937267
479784988 -770379991
#r 0 5.7256794239
479784988 -769379991
#r 0 5.7379934757
420862420 -733642920
#r 0 3.5621597806
-131810955 348029062
#r 0 2.7820154040
-131810955 347029062
#r 0 4.9837476216
-132121674 348145868
#r 0 3.0388134964
586522933 -217901995
#r 0 3.2919766597
586522933 -216901995
#r 0 6.1700235757
590294024 -217330569
#r 0 2.9124657226
-187748036 23994930
#r 0 0.3458511785
-187748036 22994930
#r 0 3.2080632442
-191152114 22768325
#r 0 4.9652132463
352205545 -810872443
#r 0 2.7963086919
352205545 -809872443
#r 0 0.2088729508
350456246 -810243232
#r 0 0.2062103438
-281264150 625950435
#r 0 3.9254944675
-281264150 624950435
#r 0 4.3993062547
-280786135 626427022
#r 0 1.5547955783
805993669 -555805939
#r 0 2.0030692778
805993669 -554805939
#r 0 2.1243355710
804173083 -551859937
#r 0 1.0029203691
109176579 830254230
#r 0 5.9384000961
109176579 829254230
#r 0 5.9187798921
64355190 846350937
#r 0 4.3572283198
454603456 -115132683
#r 0 4.2841078969
454603456 -114132683
#r 0 5.4054255599
454898047 -114487418
#r 0 4.2834826608
-841858840 456991149
#r 0 0.9341456123
-841858840 455991149
#r 0 4.9451171157
-842038324 456748391
#r 0 0.0112860614
-394302774 -111391377
#r 0 2.5152656812
-394302774 -110391377
#r 0 2.9730290231
-396110028 -110083821
#r 0 0.8748200568
-44928054 515757560
#r 0 0.2333011846
-44928054 514757560
#r 0 3.3960440449
-405911 526337278
#r 0 3.0719057122
-121117037 -740886462
#r 0 5.9096970767
-121117037 -739886462
#r 0 0.1572286094
-122933836 -740174492
#r 0 0.0706909780
-104972969 -794518837
#r 0 0.4383364173
-104972969 -793518837
#r 0 2.7095565116
-103897512 -794014717
#r 0 1.3372030491
-228728329 -70115130
#r 0 4.2696512883
-228728329 -69115130
#r 0 0.9252936162
-227448478 -67415759
#r 0 0.5461847456
211817052 -353830981
#r 0 1.0801464502
211817052 -352830981
#r 0 2.0871270419
212092279 -353315791
#r 0 0.4343544533
714039536 -444378998
#r 0 0.7520968214
714039536 -443378998
#r 0 1.0621730430
712874078 -445469308
#r 0 1.0450012927
210279624 -719446913
#r 0 1.7199664379
210279624 -718446913
#r 0 4.3932357157
210176320 -718759530
#r 0 1.5412000130
-252990652 907596128
#r 0 4.9389653172
-252990652 906596128
#r 0 4.4621863603
-252869451 907070389
#r 0 3.6844193490
-111775591 385835601
#r 0 5.8704891362
-111775591 384835601
#r 0 5.9793764927
-103732221 382313888
#r 0 0.3263487403
-751715650 246572132
#r 0 4.6411406410
-751715650 245572132
#r 0 0.4810450207
-751789781 245533440
#r 0 4.7214656903
734240015 -107718197
#r 0 2.3753152822
734240015 -106718197
#r 0 4.6354015805
734168207 -107649083
#r 0 1.6401484982
451097033 876365304
#r 0 3.4720531444
451097033 875365304
#r 0 3.2176777586
447349008 875079584
#r 0 4.6134135193
-213751703 -188883800
#r 0 0.8105938626
-213751703 -187883800
#r 0 1.5836511509
-213739019 -188870460
#r 0 4.2002261288
-871609781 -439190600
#r 0 5.9902775798
-871609781 -438190600
#r 0 1.7272944836
-871444109 -439240564
#r 0 1.0191387055
873731973 -187795839
#r 0 1.4591161913
873731973 -186795839
#r 0 4.4821342975
873946985 -185878597
#r 0 4.8122400164
476321941 -514170025
#r 0 1.1701090586
476321941 -513170025
#r 0 2.5800124187
476656406 -513380455
#r 0 0.8657940081
648529161 -258031637
#r 0 1.2468225257
648529161 -257031637
#r 0 2.4927593197
648796807 -257234610
#r 0 0.3725460617
-947200162 54478327
#r 0 1.3903529905
-947200162 53478327
#r 0 5.0484548616
-947320003 53821401
#r 0 6.2138475029
-72923073 965837855
#r 0 1.8069597447
-72923073 964837855
#r 0 1.7312048625
-73416856 967889693
#r 0 1.6886136067
533900477 -572149686
#r 0 2.0750661325
533900477 -571149686
#r 0 4.5933577875
533802182 -571971571
#r 0 0.6490194448
-787439174 -505763987
#r 0 5.1992675379
-787439174 -504763987
#r 0 5.1198900299
-785100739 -510181251
#r 0 5.0712618554
-244124713 -774407860
#r 0 1.4600752342
-244124713 -773407860
#r 0 0.7723195496
-244000034 -773286400
#r 0 1.0000479168
912688030 366379819
#r 0 3.5632918616
912688030 365379819
#r 0 3.7511661072
916693285 368176625
#r 0 3.8365740780
65744808 676218049
#r 0 3.2358291405
65744808 675218049
#r 0 3.0956609727
58626380 675545241
#r 0 5.7365029853
-530446177 836542796
#r 0 0.7394138731
-530446177 835542796
#r 0 0.6044603274
-534964716 832421819
#r 0 0.7878886716
-415563059 -298865844
#r 0 2.0608533214
-415563059 -297865844
#r 0 2.2509670892
-417129548 -295929382
#r 0 1.5576743665
-886033412 -228132643
#r 0 1.9410978114
-886033412 -227132643
#r 0 1.9617627888
-892707608 -210940415
#r 0 1.7994308969
-277974413 -935647969
#r 0 2.1393995439
-277974413 -934647969
#r 0 0.7634499868
-278370926 -935027448
#r 0 0.5171332034
200104270 740576328
#r 0 4.8814992818
200104270 739576328
#r 0 5.4977660512
200310168 739370422
#r 0 0.9258314136
-138670661 -326693416
#r 0 4.6068462733
-138670661 -325693416
#r 0 4.5816868924
-138124887 -321541511
#r 0 4.6552979474
-420259027 -893966584
#r 0 0.7795346057
-420259027 -892966584
#r 0 0.3567011357
-418634859 -892361352
#r 0 1.1374112760
-798050443 -196980374
#r 0 0.3934213670
-798050443 -195980374
#r 0 0.5408250024
-803441523 -199217996
#r 0 5.5426707151
-402542994 -134498653
#r 0 2.7275135275
-402542994 -133498653
#r 0 2.8590633372
-409245643 -131552909
#r 0 2.8378725567
508744237 816338581
#r 0 3.6479129294
508744237 815338581
#r 0 3.7435893674
516289442 820522680
#r 0 4.4178136294
-397593185 913590386
#r 0 5.0776610780
-397593185 912590386
#r 0 4.4051721802
-397419779 913136958
#r 0 3.5125676117
-443314379 -868631678
#r 0 1.5800008900
-443314379 -867631678
#r 0 2.2752979494
-443323685 -867620730
#r 0 0.7273527938
-533147680 613971414
#r 0 4.7257340249
-533147680 612971414
#r 0 6.2685337693
-533134332 612971218
#r 0 4.8304734016
-770932227 -336799630
#r 0 4.7619486005
-770932227 -335799630
#r 0 4.6358803260
-770962342 -336192477
#r 0 0.9376129781
-313801222 -169811900
#r 0 1.4702802241
-313801222 -168811900
#r 0 6.1741123079
-313701468 -168822824
#r 0 2.4059966566
396351162 236536477
#r 0 5.5576824848
396351162 235536477
#r 0 6.0159413166
397982330 235089874
#r 0 1.6322686092
653214263 -656222690
#r 0 3.8424357932
653214263 -655222690
#r 0 1.3661107537
652962589 -656435035
#r 0 1.1077423590
-126037657 252119065
#r 0 0.7778417777
-126037657 251119065
#r 0 5.2783282626
-126428408 251734175
#r 0 5.2434614720
795662488 -210263076
#r 0 2.6058364345
795662488 -209263076
#r 0 2.7280616381
789204203 -206428950
#r 0 2.6183172113
-552602322 134431660
#r 0 6.1774930568
-552602322 133431660
#r 0 4.0878739465
-551932770 134360629
#r 0 3.9823419102
-25074801 475442830
#r 0 4.4880030597
-25074801 474442830
#r 0 2.3160791799
-25257777 474641109
#r 0 5.8299674182
-581753711 58339560
#r 0 2.5338291019
-581753711 57339560
#r 0 2.5263688245
-671617888 120848644
#r 0 3.1856189757
-123676106 -141587957
#r 0 4.6439285622
-123676106 -140587957
#r 0 2.1336021284
-123614260 -140685990
#r 0 5.8272715857
-770394741 -202777594
#r 0 2.8600516373
-770394741 -201777594
#r 0 5.2748403590
-769623818 -203000563
#r 0 0.0193165315
226219170 40973701
#r 0 2.9475435525
226219170 39973701
#r 0 3.7094351862
227417563 40738190
#r 0 5.4053985555
-730767039 -317649186
#r 0 2.2515577967
-730767039 -316649186
#r 0 1.4319118922
-730886249 -317501999
#r 0 4.4811085100
313987082 -595303530
#r 0 4.1257570143
313987082 -594303530
#r 0 1.8422406840
314183255 -595008394
#r 0 2.6210085994
422385780 609464897
#r 0 4.0989047582
422385780 608464897
#r 0 1.6048213854
422353311 609418785
#r 0 3.6751764173
-283682688 -708434606
#r 0 6.2250638522
-283682688 -707434606
#r 0 1.8763973046
-283361304 -708453306
#r 0 0.1843835136
-165174039 -771223105
#r 0 0.8081582883
-165174039 -770223105
#r 0 0.3167143508
-163782912 -769767168
#r 0 2.8723451807
-595802012 -385074130
#r 0 1.9885872221
-595802012 -384074130
#r 0 5.2833626613
-597239145 -381836801
#r 0 4.7337108808
277214466 -802769623
#r 0 1.3254786332
277214466 -801769623
#r 0 2.7146164480
277439225 -801871881
#r 0 1.0131150980
-49223034 10182434
#r 0 4.9078141050
-49223034 9182434
#r 0 5.7674274538
-49000059 9056020
#r 0 1.1853973502
606551053 -19018638
#r 0 1.8020873615
606551053 -18018638
#r 0 0.6320719786
606350188 -18165730
#r 0 3.6251295806
-355498144 909755308
#r 0 3.4108988301
-355498144 908755308
#r 0 3.3366534268
-368247008 906236477
#r 0 3.2776610574
47076853 -733059593
#r 0 1.4950117599
47076853 -732059593
#r 0 1.4725630233
47407656 -728702907
#r 0 1.5539925319
-374230082 240356462
#r 0 5.4447683404
-374230082 239356462
#r 0 2.3298580122
-356981187 221174220
#r 0 5.0268496619
57914385 673072022
#r 0 4.6062285649
57914385 672072022
#r 0 3.0908035111
57808398 672077410
#r 0 3.2122809940
-434227853 -134865342
#r 0 4.7891809059
-434227853 -133865342
#r 0 1.3547305734
-434284825 -134124904
#r 0 2.4901233067
-803935016 3201268
#r 0 0.3347830130
-803935016 2201268
#r 0 5.5253833923
-804707721 2932461
#r 0 1.4261134877
612533705 664406426
#r 0 3.1364715880
612533705 663406426
#r 0 4.5125351529
612736053 664405390
#r 0 4.7025976529
-128789750 -864403732
#r 0 0.7595125499
-128789750 -863403732
#r 0 0.5537752072
-125770540 -861536920
#r 0 1.3563625030
49745228 181238661
#r 0 4.3990973938
49745228 180238661
#r 0 5.3577543781
49518725 180539494
#r 0 2.8374088347
582907428 511612935
#r 0 2.5739660650
582907428 510612935
#r 0 5.6170095787
576169936 515908929
#r 0 4.9485292103
616180789 -199370439
#r 0 6.2483948794
616180789 -198370439
#r 0 6.2399555599
734492820 -203488227
#r 0 6.2763329886
144982153 -279834439
#r 0 2.7029853631
144982153 -278834439
#r 0 0.5372328020
144042969 -279393887
#r 0 1.4416980599
-152837913 140842892
#r 0 5.9609262370
-152837913 139842892
#r 0 0.3252559835
-151347892 140345376
#r 0 1.1358882642
549838263 -730153584
#r 0 4.0342899112
549838263 -729153584
#r 0 1.0238577502
547343705 -733250405
#r 0 4.0282787261
-591139324 -247371007
#r 0 0.8637244358
-591139324 -246371007
#r 0 1.2133589207
-591802816 -248147521
#r 0 2.7642859571
-753947354 98952221
#r 0 1.6203323520
-753947354 97952221
#r 0 1.5549542208
-753935348 98710041
#r 0 1.5126313389
-98352464 -743450637
#r 0 0.3284114720
-98352464 -742450637
#r 0 2.7373003510
-97051419 -743007305
#r 0 0.3713398856
611104978 -524723090
#r 0 3.4206594599
611104978 -523723090
#r 0 2.4756537645
612037632 -524455843
#r 0 2.6659948755
-276948858 -364114257
#r 0 3.4812466259
-276948858 -363114257
#r 0 5.8368299865
-275746813 -363689517
#r 0 0.0442193976
-558362802 302376104
#r 0 0.7557131070
-558362802 301376104
#r 0 6.1090905234
-559257096 301533388
#r 0 1.2485636551
-267275647 10250653
#r 0 3.5317517167
-267275647 9250653
#r 0 5.2619996111
-267764954 10049430
#r 0 0.0920234085
425647155 -827346206
#r 0 0.4024169445
