701687785 -541700890
#r 0 2.4689500639
701687785 -540700890
#r 0 1.6557916027
701779189 -541773699
#r 0 1.7161941107
-499127383 633119407
#r 0 5.1526078371
-499127383 632119407
#r 0 3.3929924839
-498707173 632227331
#r 0 2.1688707319
-483608482 -622730427
#r 0 5.3950731113
-483608482 -621730427
#r 0 5.4659813309
-489701545 -615236902
#r 0 5.3281478051
-400050622 -282770132
#r 0 1.2591904717
-400050622 -281770132
#r 0 6.1869117781
-399738240 -281800299
#r 0 1.1822908068
301295572 728310821
#r 0 0.8290617745
301295572 727310821
#r 0 0.8509088794
321684421 750562702
#r 0 0.8588442430
538670319 187274473
#r 0 5.9795885306
538670319 186274473
#r 0 5.9857659674
686365393 141004323
#r 0 0.0954888817
-356518068 -65592954
#r 0 3.2503729066
-356518068 -64592954
#r 0 0.5634780795
-358431599 -65801933
#r 0 2.1783547822
-276446552 932869643
#r 0 5.2488062443
-276446552 931869643
#r 0 3.6144325040
-275990645 932102859
#r 0 3.9044647149
-550539604 -271667289
#r 0 2.6168534301
-550539604 -270667289
#r 0 2.7097475736
-559013046 -266762252
#r 0 2.8679706687
-618319202 -169265767
#r 0 4.2823307495
-618319202 -168265767
#r 0 3.0715694526
-617874807 -168296936
#r 0 4.3341808234
755102565 -188650360
#r 0 3.8464976606
755102565 -187650360
#r 0 4.2613853204
754278947 -189351018
#r 0 3.2695735150
380790345 -501424583
#r 0 1.8678082698
380790345 -500424583
#r 0 0.0198999716
380486133 -500430638
#r 0 1.9522947885
-579009961 358478730
#r 0 4.0943430066
-579009961 357478730
#r 0 2.8911748585
-579611526 357632603
#r 0 0.2272048265
299350043 -849072587
#r 0 5.7846339304
299350043 -848072587
#r 0 5.9117144222
292892878 -845557158
#r 0 3.0142654137
547958642 -796389549
#r 0 1.1026190342
547958642 -795389549
#r 0 1.1172568793
534450726 -823102193
#r 0 2.2003396070
120566706 -818818612
#r 0 6.0859923158
120566706 -817818612
#r 0 5.1780076305
121125242 -818930202
#r 0 5.2089163291
137093106 -178832048
#r 0 5.6185695406
137093106 -177832048
#r 0 0.6197776014
136425148 -178308685
#r 0 0.6673365274
-671832205 450572368
#r 0 3.2542410565
-671832205 449572368
#r 0 5.1695887463
-672298234 450519647
#r 0 1.7526741193
-468532303 -84888903
#r 0 0.8175786648
-468532303 -83888903
#r 0 2.0860513909
-468179251 -84512364
#r 0 1.9345887196
242220329 -192797614
#r 0 1.1160209618
242220329 -191797614
#r 0 2.4360536373
242565518 -192091646
#r 0 5.8553843833
474168597 127670696
#r 0 0.1268530862
474168597 126670696
#r 0 4.3002675182
474631565 127729742
#r 0 1.3080249335
595496296 -707793242
#r 0 1.3619351225
595496296 -706793242
#r 0 1.8720306237
595622293 -707198782
#r 0 1.5961057675
677928845 -196320030
#r 0 4.4582857877
677928845 -195320030
#r 0 3.5159766316
678218078 -195206386
#r 0 3.5006682411
134234208 -184258840
#r 0 1.5045121276
134234208 -183258840
#r 0 0.5783563709
134303596 -183213542
#r 0 1.4894920735
-222667336 -46611794
#r 0 1.3041459369
-222667336 -45611794
#r 0 1.5536228496
-222685664 -46678890
#r 0 2.2177319239
219528894 970092025
#r 0 3.4277866829
219528894 969092025
#r 0 5.8159013245
218277057 969723644
#r 0 4.5010306508
-384209398 -106897359
#r 0 2.4619206071
-384209398 -105897359
#r 0 2.3904751005
-376245521 -113333120
#r 0 1.2522164411
615373946 -411111791
#r 0 4.9373875070
615373946 -410111791
#r 0 5.1035161272
614859604 -408864517
#r 0 0.7602994236
326662212 790338362
#r 0 3.4226238902
326662212 789338362
#r 0 0.7024987718
328454655 790855789
#r 0 5.8098111320
340630368 -61653550
#r 0 4.3898750144
340630368 -60653550
#r 0 4.4109561736
336166362 -75011566
#r 0 5.7358268604
-936931568 -253662529
#r 0 0.5326826678
-936931568 -252662529
#r 0 1.4376709265
-937076964 -253748244
#r 0 0.6175032012
-55698254 -527054964
#r 0 3.5696607907
-55698254 -526054964
#r 0 5.7587592714
-54731826 -526613998
#r 0 0.5500970872
-176767589 -188188183
#r 0 2.5900902637
-176767589 -187188183
#r 0 0.7259462433
-177433006 -187778836
#r 0 1.7040382032
133207554 429148051
#r 0 1.2027193254
133207554 428148051
#r 0 2.8211623243
132865659 428261515
#r 0 4.1506515038
420725815 -425022251
#r 0 2.2749236198
420725815 -424022251
#r 0 2.3075155894
407378377 -409307706
#r 0 3.6271743029
-984543034 144270826
#r 0 0.4868551792
-984543034 143270826
#r 0 1.0029029014
-983579681 144780782
#r 0 0.3694883896
366737756 485628537
#r 0 3.4412625886
366737756 484628537
#r 0 3.2254574828
362291585 484254783
#r 0 0.1387029392
-649282821 -270779598
#r 0 1.4020043909
-649282821 -269779598
#r 0 1.5115839413
-649373726 -271313034
#r 0 1.3890267318
411724544 245564399
#r 0 1.3099302985
411724544 244564399
#r 0 2.2259878665
411526422 244822227
#r 0 0.8317066771
795592083 -315379132
#r 0 2.7910502380
795592083 -314379132
#r 0 0.5072336474
794506749 -314982287
#r 0 0.4671734279
-521849662 466816098
#r 0 5.5183345204
-521849662 465816098
#r 0 4.8876798562
-522063040 467020882
#r 0 5.4284986941
-558514126 -706353026
#r 0 5.7874650981
-558514126 -705353026
#r 0 5.8193895053
-583161007 -693025019
#r 0 0.1568949089
-218018041 -776753981
#r 0 0.5367178739
-218018041 -775753981
#r 0 2.2158045175
-217498326 -776444763
#r 0 1.1352773895
517252615 315449462
#r 0 1.2367444283
517252615 314449462
#r 0 1.1980340640
514167190 306559246
#r 0 1.2780629149
-836634468 79323631
#r 0 6.1459616370
-836634468 78323631
#r 0 5.1574551516
-837145085 79394143
#r 0 5.1630123196
-478957491 -425697431
#r 0 2.3278983913
-478957491 -424697431
#r 0 4.9223373817
-478682360 -425988590
#r 0 1.6771260248
744680137 283363242
#r 0 2.9149089719
744680137 282363242
#r 0 5.3886075036
743695471 283590353
#r 0 1.9180995199
787479252 -388621533
#r 0 1.4549906620
787479252 -387621533
#r 0 1.4525718859
793113793 -340184093
#r 0 2.7889165314
734374273 161323653
#r 0 4.1121369943
734374273 160323653
#r 0 4.1308026728
750999368 185611352
#r 0 4.2007064808
-835925574 -325109799
#r 0 1.2516302662
-835925574 -324109799
#r 0 0.5604626984
-835508639 -323848133
#r 0 1.8405282416
191098699 -491490599
#r 0 4.7536144279
191098699 -490490599
#r 0 2.0483690763
191053878 -490403993
#r 0 2.3017790907
76967052 -918743877
#r 0 1.5309892902
76967052 -917743877
#r 0 6.0049216501
77006432 -917755127
#r 0 0.9139736478
-458212991 -390070259
#r 0 5.5389384816
-458212991 -389070259
#r 0 4.8190369795
-458094228 -390179628
#r 0 2.3106626657
-561441965 -303326039
#r 0 1.4604144765
-561441965 -302326039
#r 0 1.4545270033
-559271388 -283741713
#r 0 2.6256535509
-143029320 -288205830
#r 0 3.0240585411
-143029320 -287205830
#r 0 1.8716282850
-142707274 -288243857
#r 0 1.5778176598
-217724255 370576245
#r 0 2.1327712243
-217724255 369576245
#r 0 5.6003580277
-216433431 368526356
#r 0 2.0254505519
231282029 -813119927
#r 0 4.2430406114
231282029 -812119927
#r 0 1.6139963832
231321861 -813041386
#r 0 1.1240917153
-173650117 941397434
#r 0 4.9390102097
-173650117 940397434
#r 0 4.6029317804
-173575692 941074664
#r 0 4.6434365881
-974261600 -135035256
#r 0 0.9235641477
-974261600 -134035256
#r 0 0.8694574182
-967067341 -125517103
#r 0 0.8675032650
-219071864 876570219
#r 0 5.1993118703
-219071864 875570219
#r 0 5.2285255622
-211166090 861637945
#r 0 6.2553606800
841216372 -245702053
#r 0 4.9124517841
841216372 -244702053
#r 0 4.9365282147
839381564 -236653580
#r 0 4.9643875461
-554460271 622376857
#r 0 3.2326056468
-554460271 621376857
#r 0 3.4176204522
-549251759 622852212
#r 0 4.7308809655
-710372218 -603481641
#r 0 5.9498577778
-710372218 -602481641
#r 0 5.8532379895
-701468308 -606564594
#r 0 5.9373687217
57367412 137137296
#r 0 1.5893370112
57367412 136137296
#r 0 1.4310526426
57383795 136253769
#r 0 2.5746022015
350298717 99524416
#r 0 5.3363857490
350298717 98524416
#r 0 6.2471274583
351037874 98497752
#r 0 2.4773449164
124361302 -505132095
#r 0 4.4216984120
124361302 -504132095
#r 0 4.3863299234
126957542 -496453808
#r 0 1.1398376875
-544744435 413022941
#r 0 4.1517817010
-544744435 412022941
#r 0 1.8217540206
-544926465 412732990
#r 0 4.1086320301
-119196968 -904270036
#r 0 0.0831596423
-119196968 -903270036
#r 0 6.2578911780
-109993221 -903502886
#r 0 6.1581147997
-804414631 -463783652
#r 0 1.5359996215
-804414631 -462783652
#r 0 0.8533523512
-804378374 -462742099
#r 0 5.5720718040
551441948 -761356956
#r 0 1.4179093388
551441948 -760356956
#r 0 1.4597075975
551037910 -763979055
#r 0 1.0305582178
27156741 -865736728
#r 0 5.8145219228
27156741 -864736728
#r 0 0.7944186660
26500784 -865404627
#r 0 1.3342865427
940217810 -146619311
#r 0 3.4326261342
940217810 -145619311
#r 0 3.1185426229
943317694 -145690776
#r 0 3.5767901032
-914055295 46387478
#r 0 5.5388147212
-914055295 45387478
#r 0 0.7075809329
-913492380 45868957
#r 0 5.4849368239
-936955659 -34943340
#r 0 5.2006823934
-936955659 -33943340
#r 0 5.3282408031
-939085860 -30933158
#r 0 5.3087231398
-369379595 277222742
#r 0 2.5794198143
-369379595 276222742
#r 0 1.0324968235
-368945696 276949394
#r 0 5.9968539875
-821124475 11788443
#r 0 0.1026219191
-821124475 10788443
#r 0 3.7637191552
-819496183 11956131
#r 0 5.2266492780
-490967586 616064171
#r 0 3.1717699523
-490967586 615064171
#r 0 4.7074923163
-490962689 616064319
#r 0 0.5595213124
-678074763 -588467848
#r 0 1.0906482779
-678074763 -587467848
#r 0 5.7662542108
-677672934 -587696285
#r 0 1.8974038771
217643120 -215305082
#r 0 5.6371518018
217643120 -214305082
#r 0 5.6202644331
254912911 -243405178
#r 0 5.6873661453
-682169509 -158834214
#r 0 3.2072610187
-682169509 -157834214
#r 0 3.2403635291
-712172146 -160807275
#r 0 2.8515491792
557597791 508080141
#r 0 2.9945878244
557597791 507080141
#r 0 0.4480987609
559188159 507844650
#r 0 6.1767206628
639262792 -399950495
#r 0 1.2905043021
639262792 -398950495
#r 0 1.8632625839
639409960 -399439263
#r 0 2.7217333480
61684808 -566926225
#r 0 5.5852424191
61684808 -565926225
#r 0 5.5690961506
97545048 -597005003
#r 0 4.0462859979
523190902 523430949
#r 0 4.9680449115
523190902 522430949
#r 0 3.1262735194
523453328 522426929
#r 0 1.2138227342
-97120665 -106773775
#r 0 0.0206562193
-97120665 -105773775
#r 0 5.1171362072
-96696023 -106765002
#r 0 3.0507023730
-565009351 514254679
#r 0 2.5720012706
-565009351 513254679
#r 0 0.7103054207
-564342885 513827879
#r 0 2.6358027595
334580786 -482417867
#r 0 3.5805546671
334580786 -481417867
#r 0 1.9027565067
334877482 -482278564
#r 0 2.8921229264
-302732954 278207160
#r 0 4.7607042406
-302732954 277207160
#r 0 5.1730273232
-302679381 277099203
#r 0 4.8364807178
-258338693 -552221732
#r 0 6.0865198668
-258338693 -551221732
#r 0 3.9539919155
-259135661 -552062943
#r 0 4.0077472126
-571070279 -284224233
#r 0 2.4683913686
-571070279 -283224233
#r 0 4.9034360865
-570841603 -284406597
#r 0 6.2687417091
481874853 641887316
#r 0 1.9406291951
481874853 640887316
#r 0 0.3363879717
482216245 641006693
#r 0 4.3972378528
-479273610 -106822827
#r 0 3.3982064757
-479273610 -105822827
#r 0 4.8728888419
-479118315 -106782078
#r 0 3.2476155115
-4238218 -621301856
#r 0 0.3376814729
-4238218 -620301856
#r 0 0.1810581453
1711774 -619212633
#r 0 5.2213414757
-213551122 -22815755
#r 0 2.5569486957
-213551122 -21815755
#r 0 0.8888999292
-214079202 -22466258
#r 0 1.0910805919
-874003763 -51756842
#r 0 0.3715504358
-874003763 -50756842
#r 0 3.4600755305
-857320802 -45256361
#r 0 3.4662048130
-191082364 -706539912
#r 0 1.8255088298
-191082364 -705539912
#r 0 0.4479593422
-191313778 -705651116
#r 0 5.8511775075
-712230836 221529366
#r 0 5.0483134688
-712230836 220529366
#r 0 0.4104012605
-711927727 220661251
#r 0 6.2147455426
-780382671 126943689
#r 0 4.7535563826
-780382671 125943689
#r 0 0.2207905369
-780341858 125952850
#r 0 5.9780598993
-236286024 -513307999
#r 0 1.3220112870
-236286024 -512307999
#r 0 1.4400929487
-236558427 -514380248
#r 0 2.1250344267
432125842 146983063
#r 0 4.9706957506
432125842 145983063
#r 0 1.0822934698
432302319 146315119
#r 0 6.2789070998
-261116530 -918750953
#r 0 2.1556830691
-261116530 -917750953
#r 0 0.4419989576
-261620715 -917989546
#r 0 2.0503292791
118024946 613168088
#r 0 5.4095254262
118024946 612168088
#r 0 2.5559917853
119908319 610919029
#r 0 2.4534045796
-464226731 -787773296
#r 0 1.1406397986
-464226731 -786773296
#r 0 0.7967577928
-463362104 -785888799
#r 0 1.0721550847
-243669211 -909135288
#r 0 1.0535000693
-243669211 -908135288
#r 0 1.4104579739
-243895162 -909532406
#r 0 0.7268491722
-477273716 873997373
#r 0 5.5877348994
-477273716 872997373
#r 0 3.8833860176
-476702589 873520744
#r 0 4.4485813988
-723337552 322551553
#r 0 6.2155259806
-723337552 321551553
#r 0 0.0437849816
-714375030 321944228
#r 0 0.1394002960
-109826943 -461038229
#r 0 2.5887048125
-109826943 -460038229
#r 0 2.5233221702
-99212988 -467587948
#r 0 0.8547143092
273596302 -710435175
#r 0 1.8980050105
273596302 -709435175
#r 0 1.9202066660
268639973 -695832355
#r 0 5.0085874954
-495340295 -231301155
#r 0 1.0482630786
-495340295 -230301155
#r 0 2.7844928231
-494866230 -230478026
#r 0 3.1454030691
-335666797 -774290530
#r 0 2.4147480233
-335666797 -773290530
#r 0 2.4287355275
-376083530 -738349907
#r 0 2.4825811368
-44434562 -424288087
#r 0 0.9054349449
-44434562 -423288087
#r 0 0.2205304511
-43482312 -423074615
#r 0 1.1618473906
482272679 648017210
#r 0 0.1939473096
482272679 647017210
#r 0 0.0864204192
473163557 646228030
#r 0 3.3560460197
-848718430 -335529233
#r 0 0.4528868199
-848718430 -334529233
#r 0 1.0692686267
-849466239 -335893132
#r 0 1.8316876290
-538168394 -366123595
#r 0 1.5304525901
-538168394 -365123595
#r 0 0.1919506746
-538127709 -365115688
#r 0 0.1268500308
780704324 -493859950
#r 0 3.2894648127
780704324 -492859950
#r 0 3.2011684133
791900886 -492192116
#r 0 2.7393748526
101574837 -660299922
#r 0 1.9026421862
101574837 -659299922
#r 0 1.6753182128
101725655 -660737598
#r 0 1.6588385482
274165912 -778182756
#r 0 1.5220891271
274165912 -777182756
#r 0 5.3494980308
274211645 -777244553
#r 0 4.1837668308
-30247511 -354320033
#r 0 2.0875568673
-30247511 -353320033
#r 0 0.7735498713
-30612966 -353676929
#r 0 0.9952943187
196232884 -273237791
#r 0 0.1232201617
196232884 -272237791
#r 0 0.0591342642
211702150 -271321960
#r 0 0.1131137328
-43571381 -254057842
#r 0 4.0750830508
-43571381 -253057842
#r 0 2.1509228626
-43223747 -253588298
#r 0 0.6508332619
245238934 77228773
#r 0 3.3307290710
245238934 76228773
#r 0 3.5548870375
249285402 78003366
#r 0 2.3238928129
691449954 36763389
#r 0 5.2031477763
691449954 35763389
#r 0 0.3374324832
691899951 35921271
#r 0 1.2191232668
305194638 -415436078
#r 0 1.9878705911
305194638 -414436078
#r 0 1.4929410791
305128305 -415286364
#r 0 4.8310696623
326597884 -216545057
#r 0 2.3377366597
326597884 -215545057
#r 0 4.1175741977
326200380 -216132601
#r 0 4.1864288198
48717586 -293671845
#r 0 4.7976797287
48717586 -292671845
#r 0 2.1918960061
48620486 -292536149
#r 0 6.1260099343
530625494 -89118625
#r 0 3.5556831293
530625494 -88118625
#r 0 3.6364682732
520641887 -93506451
#r 0 3.5025084049
42124448 645983829
#r 0 4.4809084815
42124448 644983829
#r 0 4.4840949245
58418877 715114266
#r 0 3.7263766090
-178491570 670902010
#r 0 0.6484829979
-178491570 669902010
#r 0 0.7531660694
-172927183 675118777
#r 0 1.7115142347
78464923 432039983
#r 0 2.7395374210
78464923 431039983
#r 0 2.4541004417
75939102 433114008
#r 0 3.6048768593
160031141 -417843750
#r 0 0.9159850770
160031141 -416843750
#r 0 2.1955989176
160403028 -417359411
#r 0 0.2012685899
-430166093 553065446
#r 0 5.8368873503
-430166093 552065446
#r 0 0.9929268277
-429669060 552827617
#r 0 4.5608100276
17710008 853207122
#r 0 3.3205618997
17710008 852207122
#r 0 3.9110530600
18979499 853436779
#r 0 6.2355450845
14875479 -715975258
#r 0 1.0263564551
14875479 -714975258
#r 0 5.3909411126
15221277 -715404145
#r 0 1.3669460845
-415569731 -638404763
#r 0 4.8481923148
-415569731 -637404763
#r 0 4.8995686713
-416060325 -634814466
#r 0 4.8918894506
-773961145 -176289730
#r 0 0.4538654364
-773961145 -175289730
#r 0 1.2023872727
-774436743 -176521742
#r 0 1.1826197759
940988252 -325744210
#r 0 3.7449813872
940988252 -324744210
#r 0 2.6274608785
941785752 -325194634
#r 0 2.7920272985
-826089410 389315028
#r 0 1.0878935204
-826089410 388315028
#r 0 0.7813362200
-827181859 387231418
#r 0 0.9487573234
787581078 -76307990
#r 0 4.1358586854
787581078 -75307990
#r 0 3.8562291820
789072910 -74013642
#r 0 4.9587924413
-720594767 -54294382
#r 0 4.1302083805
-720594767 -53294382
#r 0 4.5190392250
-720873452 -54717730
#r 0 5.1178520228
594911311 732837332
#r 0 5.8897379271
594911311 731837332
#r 0 5.2216863787
594184368 733139079
#r 0 4.5991829368
288809318 -738112341
#r 0 4.2132135756
288809318 -737112341
#r 0 5.0710962941
289031478 -737704882
#r 0 4.1733046073
-344837829 -486706031
#r 0 4.5269838217
-344837829 -485706031
#r 0 2.4414520685
-344675864 -485842491
#r 0 1.9097888636
-62712054 -847301326
#r 0 6.2608918463
-62712054 -846301326
#r 0 5.9450571282
-59675633 -847369030
#r 0 0.9588440143
-250419138 -693493865
#r 0 2.3882770677
-250419138 -692493865
#r 0 1.1294677452
-250746509 -693186854
#r 0 3.1429364565
366755340 -91389671
#r 0 3.0356228083
366755340 -90389671
#r 0 6.1330205062
389009467 -93756805
#r 0 6.1347639232
961566412 68953195
#r 0 2.7871998138
961566412 67953195
#r 0 2.6971123922
952154708 72435664
#r 0 2.5692854844
597164501 -516317146
#r 0 0.4497156095
597164501 -515317146
#r 0 0.4317907584
642797136 -494290074
#r 0 0.5700888867
-877313621 -335845740
#r 0 0.8325041867
-877313621 -334845740
#r 0 1.0275700002
-879108417 -337818125
#r 0 0.9038677844
-380835327 -806301119
#r 0 2.6862866755
-380835327 -805301119
#r 0 2.5942281933
-372492872 -810385719
#r 0 1.8625850707
822465216 -184570263
#r 0 4.9832315246
822465216 -183570263
#r 0 2.8124478410
822158457 -183465483
#r 0 5.1077638725
186036512 447263379
#r 0 2.4757715160
186036512 446263379
#r 0 2.5100157575
204574912 432701933
#r 0 2.3652607463
-324336703 -906969741
#r 0 0.9865683737
-324336703 -905969741
#r 0 1.8290406586
-324147959 -906684296
#r 0 1.9791017373
-23877194 30146238
#r 0 5.5474023725
-23877194 29146238
#r 0 5.5431622206
-152981273 147035287
#r 0 4.4425333787
-646955563 126488175
#r 0 4.3816137424
-646955563 125488175
#r 0 5.6003134568
-647223980 125706511
#r 0 5.6668983036
647455009 119171730
#r 0 2.3991261958
647455009 118171730
#r 0 1.9445085103
646842447 119733831
#r 0 1.7833714082
-614105525 708095676
#r 0 1.4406140292
-614105525 707095676
#r 0 1.4453979521
-610711655 734018366
#r 0 1.4111156015
-144601442 -246545691
#r 0 4.2117852500
-144601442 -245545691
#r 0 1.6043782019
-144569791 -246487837
#r 0 6.1965616853
-755786970 456770808
#r 0 3.7834198180
-755786970 455770808
#r 0 3.8742218264
-749219938 461678927
#r 0 6.2297773508
-942398078 -178453409
#r 0 0.1397156710
-942398078 -177453409
#r 0 0.2637817117
-950123484 -179539848
#r 0 1.3614025077
711522906 98276513
#r 0 1.4396211421
711522906 97276513
#r 0 1.2127870066
711319106 96731784
#r 0 3.8599732720
-865732126 -389513957
#r 0 1.4759554647
-865732126 -388513957
#r 0 1.6761636068
-865682045 -388987492
#r 0 0.6520317616
457994694 -775492143
#r 0 3.9036091794
457994694 -774492143
#r 0 3.7927326781
463195113 -770529398
#r 0 1.3342110056
223679184 -734348721
#r 0 0.5140198113
223679184 -733348721
#r 0 0.9695226705
222559439 -734980983
#r 0 3.2554541995
590989480 604339845
#r 0 5.6811163952
590989480 603339845
#r 0 2.9150639668
593179132 602835164
#r 0 1.8098473987
33739637 326385330
#r 0 5.0712648646
33739637 325385330
#r 0 2.1748558927
34561481 324194447
#r 0 5.0849678285
107088828 -31836439
#r 0 6.2181983479
107088828 -30836439
#r 0 5.2003141612
107638540 -31872214
#r 0 1.6440880723
-86557720 15314172
#r 0 2.3312898991
-86557720 14314172
#r 0 2.2424632085
-91392947 20396441
#r 0 2.4593484445
187576655 288198927
#r 0 3.2050657191
187576655 287198927
#r 0 2.9987458411
182754702 287892451
#r 0 3.2320110368
376013911 294524797
#r 0 1.5627840122
376013911 293524797
#r 0 2.9324866536
376005912 293526494
#r 0 2.0294371139
278966036 620220652
#r 0 5.3473549743
278966036 619220652
#r 0 4.5595505152
279093438 620047727
#r 0 3.9843789172
-721859489 -551390151
#r 0 1.6396556009
-721859489 -550390151
#r 0 1.0608503040
-721920886 -550499928
#r 0 1.1900051795
388898961 -22604958
#r 0 4.5587722485
388898961 -21604958
#r 0 4.4785161054
389341275 -19748308
#r 0 5.4846617495
-862956667 140643757
#r 0 5.1040758696
-862956667 139643757
#r 0 0.3323987788
-862595180 139768545
#r 0 5.9147680403
-64393835 -548376194
#r 0 0.4253132890
-64393835 -547376194
#r 0 1.0851626511
-65087450 -548690374
#r 0 5.9176996494
-682022435 430113840
#r 0 0.6364098829
-682022435 429113840
#r 0 1.3444836029
-681744965 430318885
#r 0 0.5648872047
129522077 617343422
#r 0 4.9709426706
129522077 616343422
#r 0 5.9988286635
129808707 616259647
#r 0 2.4671428182
-709725211 -135667791
#r 0 3.7934326134
-709725211 -134667791
#r 0 2.5727501323
-709012172 -135123663
#r 0 2.5180676020
882172595 169931446
#r 0 4.4812326436
882172595 168931446
#r 0 3.4222070830
881920103 168858673
#r 0 4.6793903432
29768177 179516482
#r 0 1.4619505967
29768177 178516482
#r 0 1.4381564983
29164333 173990700
#r 0 2.3687112510
258981388 553416150
#r 0 3.6619256302
258981388 552416150
#r 0 4.8848051236
258823043 553325418
#r 0 1.1061740902
867622611 474026919
#r 0 3.0556934825
867622611 473026919
#r 0 2.8588568559
862730425 474448190
#r 0 3.0240041308
494169261 705240858
#r 0 5.2689663851
494169261 704240858
#r 0 5.8097692421
495082544 703773010
#r 0 5.4323301791
122469093 -725635014
#r 0 1.8539220407
122469093 -724635014
#r 0 1.8227256238
124701648 -733308566
#r 0 1.8370799666
-603116602 -663308573
#r 0 0.4018417107
-603116602 -662308573
#r 0 5.9855191542
-601750009 -662727818
#r 0 6.0619919695
-145539966 -887360284
#r 0 1.6332275112
-145539966 -886360284
#r 0 1.1430992689
-145594939 -886480883
#r 0 2.8047970657
682414660 608429595
#r 0 4.3711067968
682414660 607429595
#r 0 4.4398385752
683726531 612123131
#r 0 4.5087102062
-490982295 -354183775
#r 0 0.6516288831
-490982295 -353183775
#r 0 2.5001426137
-490319858 -353678483
#r 0 0.9326086488
-802812116 -220135267
#r 0 6.2330987456
-802812116 -219135267
#r 0 0.7294187869
-803871438 -220082165
#r 0 0.7512063120
250470454 471718324
#r 0 5.8918574709
250470454 470718324
#r 0 5.7054841898
246291245 473442699
#r 0 3.0743872580
439852827 37625603
#r 0 5.0113163924
439852827 36625603
#r 0 5.2020523646
440583434 35254744
#r 0 4.9609511380
-160210028 -311873695
#r 0 1.5611223893
-160210028 -310873695
#r 0 1.6425096724
-160201502 -310992382
#r 0 1.5789904688
378118500 -176315695
#r 0 4.1672347244
378118500 -175315695
#r 0 0.5992879704
379153881 -174608434
#r 0 5.5206404108
-866575725 -214630372
#r 0 1.8825498447
-866575725 -213630372
#r 0 5.3631438105
-867134482 -212896514
#r 0 0.5306485946
135413484 36622920
#r 0 4.7120965764
135413484 35622920
#r 0 4.6972837871
135413186 35603182
#r 0 2.2675359531
133848038 926203271
#r 0 3.3726917178
133848038 925203271
#r 0 3.1963452905
128307736 924899621
#r 0 3.4026506865
152317393 -838586251
#r 0 5.0260439473
152317393 -837586251
#r 0 6.1296235327
151975885 -837533392
#r 0 6.1721820129
866394399 -388688067
#r 0 1.7007386176
866394399 -387688067
#r 0 1.6772645189
866981047 -393177310
#r 0 1.6202612346
-110683473 -855371776
#r 0 2.9541050477
-110683473 -854371776
#r 0 2.0130874815
-110163141 -855470491
#r 0 5.8943464292
-778756986 -564076853
#r 0 1.4917721835
-778756986 -563076853
#r 0 1.4022889471
-778608834 -562205989
#r 0 1.4800252712
-737950047 -439455128
#r 0 1.2473105420
-737950047 -438455128
#r 0 1.2998125709
-739571457 -444291367
#r 0 1.4462860048
-609784449 -471338019
#r 0 2.2064584168
-609784449 -470338019
#r 0 1.9499216064
-608918430 -472511768
#r 0 2.0470994502
-23189346 649857189
#r 0 4.7414604775
-23189346 648857189
#r 0 2.3504014555
-23159385 648826879
#r 0 6.0442892550
919027675 186956176
#r 0 3.3458997376
919027675 185956176
#r 0 4.5974264607
919145977 186980688
#r 0 4.1736790000
-462062882 -817316296
#r 0 1.3632942464
-462062882 -816316296
#r 0 1.4384957256
-462424607 -819034440
#r 0 1.4757502110
-122964257 -333624352
#r 0 4.0970236018
-122964257 -332624352
#r 0 0.0151688829
-122249658 -332613512
#r 0 6.1295576864
-340634393 559951828
#r 0 2.4930606631
-340634393 558951828
#r 0 4.8022341430
-340731082 560025108
#r 0 1.3481084027
-909594700 -252680642
#r 0 1.3194741067
-909594700 -251680642
#r 0 0.6781287065
-909270997 -251419877
#r 0 0.9470341483
43912064 302995607
#r 0 4.9717731346
43912064 301995607
#r 0 4.8305631415
43697205 303805287
#r 0 4.9262558828
117420708 890129395
#r 0 1.7448542104
117420708 889129395
#r 0 1.7353149732
114447360 907039058
#r 0 3.3361214699
-468178342 -347725758
#r 0 1.6816949853
-468178342 -346725758
#r 0 0.8101800027
-468278032 -346830516
#r 0 2.5226351231
71200613 -222501511
#r 0 1.1473187602
71200613 -221501511
#r 0 1.1338675851
84128499 -193820685
#r 0 1.0502685237
-243623499 -789879633
#r 0 0.8505477348
-243623499 -788879633
#r 0 3.0684344084
-242799015 -788940059
#r 0 2.8215507019
-769324329 107708350
#r 0 0.9126158697
-769324329 106708350
#r 0 4.1045079085
-762376036 116694837
#r 0 4.0456421431
635566251 196520845
#r 0 4.7687638266
635566251 195520845
#r 0 4.6865047011
635583999 196206358
#r 0 4.7016430686
195202581 -473800941
#r 0 6.2793392434
195202581 -472800941
#r 0 2.5088767360
196573502 -473806214
#r 0 2.7923328086
308865562 -904406367
#r 0 0.6306025982
308865562 -903406367
#r 0 0.8634548907
306591112 -906066802
#r 0 0.8650132773
710295145 -265660052
#r 0 3.1919506888
710295145 -264660052
#r 0 3.3024770770
701357508 -266110515
#r 0 3.2227181057
-659887626 -690524746
#r 0 5.9705663454
-659887626 -689524746
#r 0 6.2003850947
-664050344 -689179282
#r 0 5.9944585649
582191960 -738122481
#r 0 1.2235021278
582191960 -737122481
#r 0 3.6517881137
582645870 -736868466
#r 0 2.0281633780
619956929 619639294
#r 0 2.2881868850
619956929 618639294
#r 0 2.3660537661
625991611 612722449
#r 0 5.2656124590
279378978 182926265
#r 0 5.3385389333
279378978 181926265
#r 0 5.3488351312
313207735 136152004
#r 0 4.6509449599
-31041134 -356688329
#r 0 6.0890040829
-31041134 -355688329
#r 0 0.3446928607
-32840715 -356334425
#r 0 2.0786915529
531322273 778893238
#r 0 5.1525065557
531322273 777893238
#r 0 2.2490402749
532455518 776486810
#r 0 5.2368272095
-409016762 -551302065
#r 0 1.4141556996
-409016762 -550302065
#r 0 2.2874076924
-408883067 -550455545
#r 0 4.7879148770
-242530425 -410578653
#r 0 4.2512180074
-242530425 -409578653
#r 0 5.7785305991
-242140532 -409794015
#r 0 2.6833805537
280793211 -921368331
#r 0 0.7906675953
280793211 -920368331
#r 0 3.3209012311
281998990 -920149777
#r 0 2.1193966180
730390034 137322819
#r 0 2.7539190117
730390034 136322819
#r 0 2.6114969164
724762811 139620628
#r 0 2.7442759187
336241334 349827929
#r 0 2.5565111909
336241334 348827929
#r 0 3.1629478251
337703720 348859163
#r 0 2.1843037826
182629508 -60733374
#r 0 0.3296104722
182629508 -59733374
#r 0 1.7154221238
182768239 -60685916
#r 0 3.8719154805
-14583895 -391538609
#r 0 2.5016207892
-14583895 -390538609
#r 0 6.0866083020
-16417576 -390173434
#r 0 1.2233554465
-529968658 -541423045
#r 0 1.0911735705
-529968658 -540423045
#r 0 5.4475160781
-529638467 -540788223
#r 0 5.1365706372
-295721070 -115687762
#r 0 1.9621699218
-295721070 -114687762
#r 0 4.5407115537
-295843158 -115391908
#r 0 0.0768648226
-860392259 105310463
#r 0 4.4528184707
-860392259 104310463
#r 0 0.4351968596
-860695227 104169605
#r 0 1.2839154917
134282577 690186611
#r 0 2.7896139604
134282577 689186611
#r 0 3.0721649975
137641291 688953048
#r 0 6.0618566294
120775521 105317247
#r 0 2.0197087400
120775521 104317247
#r 0 1.9205232020
119273835 108434626
#r 0 1.4346833297
705482076 -427802156
#r 0 3.9753056267
705482076 -426802156
#r 0 4.0345691960
698365769 -435641611
#r 0 1.6914424387
67711290 -820628312
#r 0 2.9491458127
67711290 -819628312
#r 0 0.8041896058
66900369 -820470297
#r 0 1.4831350436
433987350 508403551
#r 0 1.1951231344
433987350 507403551
#r 0 1.2050678527
447181900 541857930
#r 0 4.3859758495
-118050258 19266698
#r 0 2.5267895909
-118050258 18266698
#r 0 1.0146502299
-117618266 18961672
#r 0 3.5846455514
-797637337 -148047045
#r 0 6.0764809645
-797637337 -147047045
#r 0 2.4347486738
-796085401 -148372485
#r 0 0.5027861849
-297627869 -312378482
#r 0 0.9918223083
-297627869 -311378482
#r 0 1.4639245911
-297756212 -312574814
#r 0 0.0698969921
526708312 738674488
#r 0 5.3814788095
526708312 737674488
#r 0 5.3472676395
515953264 752275151
#r 0 5.3543390738
902408713 326691638
#r 0 4.1315631645
902408713 325691638
#r 0 4.6425477267
902487013 326810935
#r 0 2.5528172742
194389026 724215994
#r 0 3.0451962271
194389026 723215994
#r 0 4.9883040853
194097919 724244143
#r 0 3.9904167154
479784988 -770379991
#r 0 1.1974728470
479784988 -769379991
#r 0 1.0358551169
480940422 -767430135
#r 0 3.8085445206
-131810955 348029062
#r 0 3.8925364319
-131810955 347029062
#r 0 2.7125723735
-132529967 347357964
#r 0 0.3741090312
586522933 -217901995
#r 0 5.8494095497
586522933 -216901995
#r 0 5.6011139421
589389132 -219229615
#r 0 5.8469668289
-187748036 23994930
#r 0 1.2953230860
-187748036 22994930
#r 0 3.6740756255
-188087184 22795085
#r 0 1.2997209519
352205545 -810872443
#r 0 4.6885142444
352205545 -809872443
#r 0 4.6125953672
352236903 -809559260
#r 0 4.6443535934
-281264150 625950435
#r 0 1.6869789815
-281264150 624950435
#r 0 3.2212502124
-281148519 624959665
#r 0 5.7747859557
805993669 -555805939
#r 0 2.4617222423
805993669 -554805939
#r 0 1.8648741946
806394725 -556130172
#r 0 2.4241385530
109176579 830254230
#r 0 6.0243420771
109176579 829254230
#r 0 3.7761355442
110175701 829989679
#r 0 4.8517758350
454603456 -115132683
#r 0 0.0802706137
454603456 -114132683
#r 0 0.2112730718
447142454 -115732872
#r 0 0.1368036083
-841858840 456991149
#r 0 5.7568382397
-841858840 455991149
#r 0 5.8667400437
-834649287 452802251
#r 0 5.8562761483
-394302774 -111391377
#r 0 6.0975905913
-394302774 -110391377
#r 0 0.7667108950
-395171537 -111228262
#r 0 2.1939609883
-44928054 515757560
#r 0 3.5206476233
-44928054 514757560
#r 0 4.0358719136
-43747614 516227750
#r 0 5.9017181988
-121117037 -740886462
#r 0 1.7553823476
-121117037 -739886462
#r 0 3.0065523193
-121308608 -739860434
#r 0 5.6720443714
-104972969 -794518837
#r 0 0.5137638243
-104972969 -793518837
#r 0 0.6056593245
-112775308 -798921780
#r 0 1.4903769946
-228728329 -70115130
#r 0 1.8104316998
-228728329 -69115130
#r 0 1.4356391403
-228815692 -69757569
#r 0 6.1757803299
211817052 -353830981
#r 0 0.8781715001
211817052 -352830981
#r 0 1.8614592168
212036922 -353566000
#r 0 1.8112739807
714039536 -444378998
#r 0 0.8715280685
714039536 -443378998
#r 0 1.7007904753
714152680 -444244469
#r 0 1.7015019689
210279624 -719446913
#r 0 1.2733728898
210279624 -718446913
#r 0 2.3139014287
210509464 -718697065
#r 0 2.2867114079
-252990652 907596128
#r 0 4.4502511703
-252990652 906596128
#r 0 4.3753181943
-254135489 903329313
#r 0 4.3127902737
-111775591 385835601
#r 0 3.2542758416
-111775591 384835601
#r 0 5.7224209294
-113124796 385682922
#r 0 4.0524588199
-751715650 246572132
#r 0 4.7970245097
-751715650 245572132
#r 0 4.9893916581
-751594729 245146822
#r 0 4.8796421230
734240015 -107718197
#r 0 4.0316746560
734240015 -106718197
#r 0 1.5289284378
734195837 -107772748
#r 0 3.8783348055
451097033 876365304
#r 0 2.8648522283
451097033 875365304
#r 0 3.5327263152
452532970 875957457
#r 0 2.8625299116
-213751703 -188883800
#r 0 3.2149860715
-213751703 -187883800
#r 0 2.9228035387
-210371884 -188635297
#r 0 5.4304521951
-871609781 -439190600
#r 0 5.6527169794
-871609781 -438190600
#r 0 5.5216510371
-867136383 -442455430
#r 0 1.2055041480
873731973 -187795839
#r 0 3.1887891785
873731973 -186795839
#r 0 3.1381112981
893450795 -186864488
#r 0 4.2797492027
476321941 -514170025
#r 0 1.1768149654
476321941 -513170025
#r 0 0.1372862938
476762989 -513109092
#r 0 0.7151469786
648529161 -258031637
#r 0 5.7794659347
648529161 -257031637
#r 0 5.6531824616
654147854 -261128333
#r 0 3.9620313164
-947200162 54478327
#r 0 5.3430362409
-947200162 53478327
#r 0 0.7847246964
-946777921 53899999
#r 0 5.0026162095
-72923073 965837855
#r 0 4.1480429681
-72923073 964837855
#r 0 4.5177061479
-72636686 966290269
#r 0 4.6433300231
533900477 -572149686
#r 0 0.6496576481
533900477 -571149686
#r 0 4.2005427362
532920446 -572894181
#r 0 2.3632134567
-787439174 -505763987
#r 0 1.4240150702
-787439174 -504763987
#r 0 0.7058374689
-787270013 -504619809
#r 0 5.8885158251
-244124713 -774407860
#r 0 2.7571861642
-244124713 -773407860
#r 0 0.8730876852
-244750766 -774154602
#r 0 3.1486412945
912688030 366379819
#r 0 2.9469120207
912688030 365379819
#r 0 3.4054277128
914827936 365957877
#r 0 4.1239562225
65744808 676218049
#r 0 2.6456644996
65744808 675218049
#r 0 2.6292528377
19032268 701490800
#r 0 5.6272673961
-530446177 836542796
#r 0 6.2720035482
-530446177 835542796
#r 0 3.9395917424
-529481584 836532010
#r 0 4.3384902902
-415563059 -298865844
#r 0 1.2283342470
-415563059 -297865844
#r 0 2.7733179865
-415249663 -297986777
#r 0 1.3554993169
-886033412 -228132643
#r 0 0.7601060234
-886033412 -227132643
#r 0 0.8802793479
-889884021 -231793237
#r 0 1.7679029180
-277974413 -935647969
#r 0 2.3769410563
-277974413 -934647969
#r 0 0.0977873115
-278920089 -934740740
#r 0 6.2680148879
200104270 740576328
#r 0 3.1370049364
200104270 739576328
#r 0 3.4975175108
202761405 740564138
#r 0 5.2942907277
-138670661 -326693416
#r 0 4.1590372285
-138670661 -325693416
#r 0 0.1631918680
-137982990 -325580187
#r 0 2.8094141776
-420259027 -893966584
#r 0 1.4058067998
-420259027 -892966584
#r 0 1.8712080508
-420150731 -893316167
#r 0 1.4775297255
-798050443 -196980374
#r 0 0.6010328183
-798050443 -195980374
#r 0 5.9904918037
-797037274 -196285691
#r 0 0.5987487551
-402542994 -134498653
#r 0 1.2073226702
-402542994 -133498653
#r 0 3.0425014866
-402176480 -133535091
#r 0 0.7597770797
508744237 816338581
#r 0 2.4601039312
508744237 815338581
#r 0 2.8519251933
510693266 814757672
#r 0 5.2958715506
-397593185 913590386
#r 0 5.2961271147
-397593185 912590386
#r 0 3.9199353313
-397193175 912984791
#r 0 5.1890628660
-443314379 -868631678
#r 0 6.1560079366
-443314379 -867631678
#r 0 1.6009178673
-443284132 -868635546
#r 0 1.1512318846
-533147680 613971414
#r 0 4.9112167775
-533147680 612971414
#r 0 5.5415624999
-532900581 612745054
#r 0 0.5490901622
-770932227 -336799630
#r 0 1.4881242135
-770932227 -335799630
#r 0 6.1384143880
-770850355 -335811566
#r 0 0.7125241215
-313801222 -169811900
#r 0 0.9899878205
-313801222 -168811900
#r 0 3.3525762197
-313037552 -168648344
#r 0 1.5230774419
396351162 236536477
#r 0 4.0611935393
396351162 235536477
#r 0 6.0213385431
395718321 235706078
#r 0 0.8835912185
653214263 -656222690
#r 0 1.6628062892
653214263 -655222690
#r 0 2.1056367822
653104971 -655038211
#r 0 1.1540183324
-126037657 252119065
#r 0 0.9097815910
-126037657 251119065
#r 0 3.4682346123
-127093609 250761333
#r 0 0.7599574152
795662488 -210263076
#r 0 0.5947141343
795662488 -209263076
#r 0 0.6460060201
782762006 -218989024
#r 0 2.6008158808
-552602322 134431660
#r 0 0.3052961242
-552602322 133431660
#r 0 5.0216831618
-552892635 134340168
#r 0 4.3589076046
-25074801 475442830
#r 0 4.9008967324
-25074801 474442830
#r 0 0.0159516551
-24884607 474445864
#r 0 4.7873894823
-581753711 58339560
#r 0 3.9192737070
-581753711 57339560
#r 0 0.2596403661
-583144440 56970132
#r 0 5.7960665447
-123676106 -141587957
#r 0 1.6817281648
-123676106 -140587957
#r 0 5.1447356285
-123822938 -140269771
#r 0 1.7113138333
-770394741 -202777594
#r 0 1.0104971233
-770394741 -201777594
#r 0 0.8407583192
-768296673 -199433347
#r 0 0.9927945773
226219170 40973701
#r 0 2.0869026127
226219170 39973701
#r 0 4.1516998164
226517233 40448391
#r 0 4.1538670712
-730767039 -317649186
#r 0 0.8084496616
-730767039 -316649186
#r 0 1.6222603566
-730718166 -317598006
#r 0 1.6836924097
313987082 -595303530
#r 0 3.1736398198
313987082 -594303530
#r 0 0.7223129990
312809379 -595341285
#r 0 0.4003136573
422385780 609464897
#r 0 5.0257652564
422385780 608464897
#r 0 3.8756958737
422636517 608691146
#r 0 5.0335908955
-283682688 -708434606
#r 0 3.1959936357
-283682688 -707434606
#r 0 3.2204325176
-324417697 -710652819
#r 0 3.2924092745
-165174039 -771223105
#r 0 6.1889827249
-165174039 -770223105
#r 0 1.1723291570
-165578922 -771184851
#r 0 3.0659172598
-595802012 -385074130
#r 0 1.8198750148
-595802012 -384074130
#r 0 5.0527030169
-596705122 -381523623
#r 0 1.7841952592
277214466 -802769623
#r 0 0.9685537712
277214466 -801769623
#r 0 5.5163543701
277627993 -802168072
#r 0 5.5300940954
-49223034 10182434
#r 0 2.5924601400
-49223034 9182434
#r 0 1.0715621917
-48814159 9932239
#r 0 1.7780302912
606551053 -19018638
#r 0 0.4095006115
606551053 -18018638
#r 0 2.6161186430
607537352 -18590547
#r 0 5.6090941726
-355498144 909755308
#r 0 5.8614882237
-355498144 908755308
#r 0 5.8008024187
-368825484 915734081
#r 0 5.8572000577
47076853 -733059593
#r 0 1.3414387631
47076853 -732059593
#r 0 3.1254996209
47309445 -732063336
#r 0 1.2772617436
-374230082 240356462
#r 0 2.3590106445
-374230082 239356462
#r 0 5.7204383051
-371479811 237621638
#r 0 5.7471444786
57914385 673072022
#r 0 2.4973007908
57914385 672072022
#r 0 2.5135350575
97767160 643133171
#r 0 5.0128868900
-434227853 -134865342
#r 0 2.0551461836
-434227853 -133865342
#r 0 2.1067862668
-438834759 -126109500
#r 0 2.0197892755
-803935016 3201268
#r 0 0.1230403113
-803935016 2201268
#r 0 0.0552357057
-818560663 1392587
#r 0 5.3044040375
612533705 664406426
#r 0 3.1879570967
612533705 663406426
#r 0 3.0647644435
604428494 664030363
#r 0 3.2991819987
-128789750 -864403732
#r 0 2.6506118632
-128789750 -863403732
#r 0 6.0375139435
-132311962 -862520586
#r 0 2.6807045582
49745228 181238661
#r 0 1.8250538061
49745228 180238661
#r 0 3.0760107710
50009623 180221297
#r 0 3.0551691903
582907428 511612935
#r 0 1.9416116740
582907428 510612935
#r 0 0.4667553573
583232536 510776754
#r 0 4.3642702444
616180789 -199370439
#r 0 4.0236535864
616180789 -198370439
#r 0 4.0988253867
611308066 -205289597
#r 0 4.0249938800
144982153 -279834439
#r 0 1.3257427129
144982153 -278834439
#r 0 2.0939946571
145156601 -279136871
#r 0 1.4463385369
-152837913 140842892
#r 0 4.4735095834
-152837913 139842892
#r 0 3.6006832947
-153114771 139706037
#r 0 4.4132570568
549838263 -730153584
#r 0 1.6631288900
549838263 -729153584
#r 0 1.3826554752
549775965 -729480791
#r 0 1.0263013182
-591139324 -247371007
#r 0 2.7728259609
-591139324 -246371007
#r 0 2.9190952313
-597381451 -244958768
#r 0 2.6496100123
-753947354 98952221
#r 0 6.0209755806
-753947354 97952221
#r 0 5.1007828683
-754407012 99075588
#r 0 0.0635318699
-98352464 -743450637
#r 0 1.2269504897
-98352464 -742450637
#r 0 1.7283174430
-98242435 -743143353
#r 0 3.1630897048
611104978 -524723090
#r 0 0.7380835362
611104978 -523723090
#r 0 0.7039806239
627643362 -509680084
#r 0 0.7905741338
-276948858 -364114257
#r 0 6.1922040064
-276948858 -363114257
#r 0 2.8110750706
-272978558 -364476480
#r 0 0.1731318340
-558362802 302376104
#r 0 2.8802061950
-558362802 301376104
#r 0 2.8390424945
-580771275 308370520
#r 0 2.9003095189
-267275647 10250653
#r 0 0.6382478484
