701687785 -541700890
#r 0 2.9546808673
652558646 -532409622
#r 0 2.5010247408
612470822 -502527079
#r 0 1.1928349025
630922149 -456056136
#r 0 3.4350959931
606991244 -463288824
#r 0 2.6841687221
589218289 -454540186
#r 0 2.4232527361
569144582 -436993055
#r 0 2.6772628920
534022911 -419402261
#r 0 2.8854988998
478738194 -404926335
#r 0 2.4809129304
413376904 -354127891
#r 0 5.4211422724
440317252 -385550219
#r 0 2.2526288772
427274864 -369482165
#r 0 5.3356395248
433314491 -377884216
#r 0 5.9022165275
438133775 -379814515
#r 0 2.7470742841
435737431 -378816805
#r 0 2.8050878497
434512126 -378388182
#r 1 434497280 -378384903
-499127383 633119407
#r 0 4.8668701231
-491434011 583714832
#r 0 4.8694695787
-483612240 534330423
#r 0 4.9249334857
-473064849 485455557
#r 0 4.3403912246
-491238713 438875404
#r 0 4.5238047916
-500612132 389761872
#r 0 2.3682985405
-518502473 407224280
#r 0 5.5755797200
-509003468 399099080
#r 0 5.5809424433
-504211711 395044632
#r 0 5.5661078357
-501802589 392944094
#r 0 5.5343201813
-500558281 391787536
#r 0 5.5646725682
-499795567 391120588
#r 0 5.6538330599
-499154819 390654044
#r 0 5.6216388411
-498480691 390129178
#r 0 0.7253024138
-498480691 390129178
#r 0 3.5877613980
-498866053 389944844
#r 0 5.6056796570
-498699637 389810955
#r 0 3.7982091411
-498699637 389810955
#r 0 5.5558369253
-498555377 389682542
#r 0 2.3322776269
-498622008 389752439
#r 0 5.6640877998
-498582686 389724420
#r 0 5.8458372459
-483608482 -622730427
#r 0 2.9549500302
-532740120 -613452383
#r 0 3.0086375428
-582298844 -606824196
#r 0 2.9596383552
-631473441 -597776598
#r 0 3.0809832234
-681381632 -594747982
#r 0 4.3169972665
-700640117 -640890270
#r 0 1.1767665270
-691042304 -617806034
#r 0 1.1227010264
-685626673 -606540089
#r 0 1.2034710923
-683376259 -600691656
#r 0 1.2113910540
-682273724 -597757229
#r 0 1.3907805991
-681992740 -596213242
#r 1 -681906815 -595993307
-400050622 -282770132
#r 0 0.5290591986
-356886507 -257534063
#r 0 2.0477194543
-379838898 -213113485
#r 0 6.2027370895
-354919753 -215122522
#r 0 0.0028429118
-333691280 -215062171
#r 0 6.2462831060
-309511265 -215954872
#r 0 6.2036517982
-278094063 -218458874
#r 0 3.0831740472
-293825596 -217538813
#r 0 6.1643592998
-286001949 -218472866
#r 0 2.9995655602
-289901885 -217915215
#r 0 3.1052929033
-291871448 -217843689
#r 1 -291958207 -217770040
301295572 728310821
#r 0 2.7637779229
254821923 746755331
#r 0 0.9386967171
284363923 787094769
#r 0 4.2144633024
272423820 765130390
#r 0 0.8839413443
280350176 774795941
#r 0 4.6942478656
280236800 768546970
#r 0 0.9181769832
282134517 771029769
#r 0 0.9227880882
283392263 772691111
#r 0 0.9454005317
284475073 774190668
#r 0 2.8201096547
284475073 774190668
#r 0 5.6620179891
284475073 774190668
#r 0 3.8669846252
283783088 773577118
#r 0 0.9306011784
284059308 773947960
#r 0 3.1958760883
283828445 773935416
#r 0 4.6586701050
283828445 773935416
#r 0 3.1873436677
283648056 773927157
#r 0 3.1688685935
283460536 773922041
#r 0 0.8859597345
283519865 773994687
#r 0 3.6534300232
283478978 773971718
#r 0 0.8624484138
283494233 773989525
#r 0 0.9337781143
283502009 774000034
#r 0 5.7389590033
538670319 187274473
#r 0 2.6195758628
495329553 212205940
#r 0 0.0887638735
520231130 214422124
#r 0 2.7231260723
508809716 219501622
#r 0 2.9526478382
501282206 220941077
#r 0 3.4673032960
496274809 219249882
#r 0 2.6775273993
493097089 220840401
#r 0 2.6740721424
489116414 222850047
#r 0 6.2722213206
491345879 222825602
#r 0 2.6960466799
490339912 223306025
#r 0 4.9569958134
490474900 222765218
#r 0 0.0480922001
490474900 222765218
#r 0 2.6222850466
490232944 222903531
#r 0 6.2450518906
490372192 222898218
#r 0 4.1389627743
490334393 222839689
#r 0 2.6673898896
490334393 222839689
#r 0 2.7160622123
490334393 222839689
#r 0 2.6727560986
490334393 222839689
#r 0 4.9981187334
490351285 222782187
#r 0 2.6291939307
490325168 222796878
#r 0 5.2952422508
490333414 222784370
#r 0 2.2494239554
-356518068 -65592954
#r 0 3.2076494243
-406409020 -68893391
#r 0 0.1639807657
-381744390 -64812220
#r 0 3.3318572685
-394018817 -67176204
#r 0 0.2163588004
-387914533 -65834487
#r 0 6.2388497679
-384790479 -65973084
#r 0 3.1184136835
-386353622 -65936845
#r 1 -386806208 -65836964
-276446552 932869643
#r 0 4.7231515345
-275908435 882872539
#r 0 5.1539150684
-254542450 837667510
#r 0 4.5431348379
-262964810 788381976
#r 0 4.4900921074
-273988338 739612295
#r 0 4.2937343846
-294314919 693930459
#r 0 1.0949385074
-282862391 716152961
#r 0 3.8395500888
-292439346 708119785
#r 0 0.7139954504
-287715900 712212650
#r 0 0.6984394208
-285322014 714222614
#r 1 -285027551 714558860
-550539604 -271667289
#r 0 1.6009788606
-552048502 -221690062
#r 0 2.0706673955
-576014121 -177807844
#r 0 1.6213737045
-578541912 -127871782
#r 0 1.7605894412
-587974698 -78769618
#r 0 1.4470522659
-581803273 -29151945
#r 0 0.8531681686
-548923290 8516433
#r 0 1.8152742247
-561025779 57029625
#r 0 1.5388225453
-559427362 107004069
#r 0 4.6412692552
-561203857 82067269
#r 0 1.4526954719
-559731026 94480195
#r 0 4.3727149760
-561813399 88587300
#r 0 1.1854840398
-560638873 91483178
#r 1 -560431185 92381798
-618319202 -169265767
#r 0 0.5484591078
-575652756 -143197119
#r 0 0.2113452043
-526765276 -132708351
#r 0 5.5621535707
-489209025 -165716350
#r 0 5.6028680448
-450340366 -197168334
#r 0 0.3510215361
-403389269 -179975472
#r 0 1.6481204904
-407251626 -130124873
#r 0 0.1237934927
-357634258 -123950996
#r 0 4.9133715475
-347652647 -172944541
#r 0 1.6260282942
-349032744 -147982663
#r 0 4.4915544989
-351770793 -160179101
#r 0 2.4722382965
-356672183 -156301102
#r 0 1.7027968995
-357415436 -150703162
#r 0 0.1719171963
-357415436 -150703162
#r 0 1.6233888586
-357647081 -146302708
#r 0 5.3257975879
-356378749 -148104304
#r 0 2.1554182051
-356986724 -147185627
#r 0 5.1776623961
-356739590 -147677892
#r 0 0.3837553628
-356739590 -147677892
#r 0 0.9154852433
-356571755 -147459532
#r 0 1.3817023284
-356525025 -147215356
#r 0 0.1763259578
755102565 -188650360
#r 0 5.2409922324
780318951 -231825977
#r 0 1.9186865244
771796072 -208323625
#r 0 1.5324619816
772290490 -195432420
#r 0 1.4963129927
772977990 -186219244
#r 0 1.5769442856
772922536 -177199421
#r 0 1.5549251420
773090620 -166609776
#r 0 1.6117643436
772508029 -152397107
#r 0 1.4781549285
774368154 -132375817
#r 0 1.5270549846
775668628 -102663774
#r 0 4.5773164171
773666168 -117398573
#r 0 1.4824060765
774322505 -109992478
#r 0 4.6643509499
774143989 -113705749
#r 1 774028429 -113319319
380790345 -501424583
#r 0 3.3248107031
331627221 -510534318
#r 0 1.8486279904
317913666 -462451697
#r 0 0.0881245099
367719643 -458051172
#r 0 2.1768132646
353479688 -437503091
#r 0 3.5654939562
353479688 -437503091
#r 0 3.5818520944
353479688 -437503091
#r 0 2.4734316844
336428765 -424045391
#r 0 1.2299743613
343554608 -403953461
#r 0 2.5330699893
343554608 -403953461
#r 0 2.1769643235
325360247 -377707689
#r 0 1.7941276778
315939557 -336228777
#r 0 1.1487885718
341792723 -278647144
#r 0 1.7991162314
320816630 -188377635
#r 0 1.8105948125
288267566 -55254335
#r 0 1.7672182354
248427814 144957901
#r 0 4.8045323872
257819476 43322115
#r 0 4.2204750739
233454768 -2147233
#r 0 0.2906449770
258165921 5244252
#r 0 1.7477602269
258165921 5244252
#r 0 0.6282975557
273569612 16435195
#r 0 2.4305974869
-579009961 358478730
#r 0 5.4340545901
-545978162 320943410
#r 0 5.5273323524
-509593824 286647930
#r 0 3.7313397237
-551147893 258840388
#r 0 3.2056878074
-601045223 255637824
#r 0 5.9913576424
-577102233 248445247
#r 0 3.0625215535
-589563176 249432606
#r 0 3.7173473830
-595036863 245879539
#r 0 4.7301731156
-594934968 240150600
#r 0 4.6696034718
-595291027 231833717
#r 0 4.7672697715
-594619357 219607295
#r 0 5.0337110996
-588839977 202244362
#r 0 4.9381028448
-582711076 175553652
#r 0 1.7648623221
-585351710 188989291
#r 0 1.8488520725
-587232819 195579257
#r 0 1.7292712205
-587773810 198964367
#r 0 4.9897194047
-587304527 197315828
#r 1 -587495411 197979351
299350043 -849072587
#r 0 2.0834799403
274824163 -805501023
#r 0 1.4706045237
279825376 -755751773
#r 0 1.8402230411
266516432 -707555590
#r 0 2.8184175864
219104839 -691676647
#r 0 2.4706547077
179942896 -660590602
#r 0 3.7310435318
138380593 -688385835
#r 0 1.7319310318
134369635 -663709688
#r 0 2.4639289354
116576420 -649389626
#r 0 3.0004919722
84721761 -644864843
#r 0 3.0162338963
36844952 -638831428
#r 0 3.1474326900
-35525222 -639254077
#r 0 1.0564979369
-17724601 -607749425
#r 0 0.7454296380
5348265 -586450961
#r 0 4.5624901509
3003631 -601975074
#r 0 4.5062740839
801761 -612506097
#r 0 2.0052569179
-1462531 -607626482
#r 0 3.1671380549
-5062918 -607718475
#r 0 2.9939478834
-9960209 -606990115
#r 0 3.0695379425
-16892207 -606489766
#r 1 -16131322 -606423647
547958642 -796389549
#r 0 2.6550132253
503761767 -773009296
#r 0 1.8400382612
490461729 -724810655
#r 0 2.9149855156
441740015 -713577020
#r 0 1.7869216992
431017677 -664740236
#r 0 2.2900596446
398076144 -627125672
#r 0 2.3630608186
362478879 -592013926
#r 0 1.3511168331
373374721 -543215559
#r 0 2.0771498904
349125141 -499489619
#r 0 1.0122696598
375622008 -457087779
#r 0 2.3720050604
339712123 -422295824
#r 0 1.1392910868
360624050 -376878963
#r 0 1.2158675064
378000231 -329995402
#r 0 1.1267055481
399482082 -284845318
#r 0 1.2585841562
414840313 -237262498
#r 0 1.6826597805
409258798 -187575008
#r 0 3.3903553611
360797908 -199885255
#r 0 2.2330194272
330054330 -160453892
#r 0 3.4332454802
282165833 -174830674
#r 0 0.9022928427
297661140 -155211921
#r 0 1.6529157059
296315297 -138859920
#r 0 1.8847761155
120566706 -818818612
#r 0 2.2078397897
90825636 -778625718
#r 0 2.1412903618
63823240 -736544004
#r 0 2.6884071550
18870392 -714652419
#r 0 3.9411228006
-15981792 -750503852
#r 0 0.9484319659
-1407847 -730191293
#r 0 1.5678857956
-1370669 -717417707
#r 0 1.6344078056
-2019993 -707223826
#r 0 1.5557109527
-1852764 -696139148
#r 0 1.5783931844
-1958315 -682245392
#r 0 1.6227839655
-2959234 -663009729
#r 0 1.8124154562
-9666942 -635790588
#r 0 6.2513690843
-9666942 -635790588
#r 0 6.1848094925
4282017 -637167272
#r 0 3.0759253152
-2711242 -636707382
#r 1 -3401476 -636498025
137093106 -178832048
#r 0 1.0827346632
160538843 -134669876
#r 0 0.6133360970
201425459 -105889941
#r 0 3.1995179029
176467389 -107337263
#r 0 2.6542658978
162491120 -99930410
#r 0 2.8012202374
146092048 -94122581
#r 0 2.2225702599
133036828 -77012365
#r 0 0.7718202450
133036828 -77012365
#r 0 3.5367477587
133036828 -77012365
#r 0 0.7015715249
133036828 -77012365
#r 0 3.6881368526
133036828 -77012365
#r 0 2.5156358386
107152258 -58299366
#r 0 3.6616200968
66721035 -81450214
#r 0 3.5520173997
17269135 -102968530
#r 0 3.6290402538
-47553377 -137331853
#r 0 0.3910600312
-13639029 -123349151
#r 0 2.4694228783
-27991047 -111927931
#r 0 4.3955480553
-30848403 -120642383
#r 0 4.4031977865
-33498897 -128939801
#r 0 4.2109733905
-38457405 -137985829
#r 0 1.0528558531
-35903751 -133504400
#r 0 0.9922806724
-671832205 450572368
#r 0 4.4098857939
-686727738 402842680
#r 0 0.5121181453
-664935025 415093299
#r 0 0.5919035761
-649937738 425176217
#r 0 0.3492702489
-634184465 430913586
#r 0 0.5452950667
-616028487 441927915
#r 0 0.4873733283
-591081312 455150389
#r 0 0.6304556251
-558415312 478990454
#r 0 3.7933777917
-574490368 466724784
#r 0 3.3661860131
-584351004 464472147
#r 0 0.1775757894
-579373198 465365495
#r 0 0.3649122819
-577005816 466269886
#r 0 0.1797708764
-575748289 466498420
#r 1 -575818049 466446928
-468532303 -84888903
#r 0 1.2256135189
-451613868 -37838222
#r 0 2.0541320839
-474850638 6434258
#r 0 2.1495906356
-502201389 48290397
#r 0 3.6024645404
-546984643 26053937
#r 0 0.6847478866
-527620181 41865880
#r 0 0.7553719470
-518076571 50852918
#r 0 2.1047558617
-518076571 50852918
#r 0 1.0337803983
-513963343 57761487
#r 0 0.7016272185
-508196263 62635096
#r 0 4.6047516021
-508601841 58881655
#r 0 2.1316550128
-509605904 60480109
#r 0 0.1203337294
-508668908 60593409
#r 0 2.4600559950
-509035396 60890706
#r 0 1.4855884340
-509005486 61240881
#r 0 2.1556205438
-509273000 61644929
#r 0 2.2736914192
-509664561 62107084
#r 0 3.3083972094
-510467279 61971931
#r 0 0.7710932796
-510175394 62255583
#r 0 2.5623378030
-510175394 62255583
#r 0 5.1530071390
-510088600 62071517
#r 0 2.5472200028
242220329 -192797614
#r 0 5.9770141281
289895059 -207868119
#r 0 2.9001827745
265620012 -201891323
#r 0 2.8641437433
253547748 -198453211
#r 0 2.8797991438
247433036 -196814817
#r 0 0.8677792826
249479410 -194400100
#r 0 1.5563201573
249520975 -191529031
#r 0 0.8841356866
252059958 -188431718
#r 0 2.9573784553
250091355 -188064915
#r 0 2.8527654705
248408686 -187564934
#r 0 3.3727604731
246404852 -188036588
#r 0 2.0669360807
246404852 -188036588
#r 0 2.8933960940
244136299 -187461687
#r 0 0.8470505474
244911156 -186584871
#r 0 2.8585496601
244349370 -186421474
#r 0 1.5238205518
244349370 -186421474
#r 0 2.7355997845
243861622 -186211803
#r 0 2.2481084951
243460625 -185713190
#r 0 1.5950856549
243437862 -184776213
#r 0 1.4325708312
243629027 -183402040
#r 0 1.5251651871
243722338 -181358561
#r 0 1.4207565996
474168597 127670696
#r 0 5.6099520845
513259086 96494846
#r 0 5.9626660515
560712683 80741875
#r 0 2.8454917329
536800647 88036701
#r 0 2.7784414859
525108907 92479618
#r 0 2.8260690140
519161928 94420883
#r 0 2.8375624656
516177107 95357393
#r 0 5.9774547447
517668718 94886601
#r 1 517693293 94911654
595496296 -707793242
#r 0 0.8741190182
627579936 -669444317
#r 0 0.8990267400
658698539 -630308239
#r 0 2.9034920122
634403846 -624411807
#r 0 2.6479013141
614349915 -613620004
#r 0 0.6974610925
623077501 -606306658
#r 0 1.8085366379
620562746 -595928959
#r 0 0.6126469841
633516910 -586823916
#r 0 1.7602429177
629976735 -568361084
#r 0 1.3707821545
635562245 -540808901
#r 0 2.6338020076
635562245 -540808901
#r 0 0.5632604014
670909549 -518487050
#r 0 2.2442624089
670909549 -518487050
#r 0 1.7492434940
660966004 -463357149
#r 0 0.2381440760
660966004 -463357149
#r 0 0.3943135035
660966004 -463357149
#r 0 0.2990917556
660966004 -463357149
#r 0 2.7105871830
586814846 -429259589
#r 0 1.4686524822
597055877 -329347645
#r 0 1.4640194401
612904429 -181485358
#r 0 2.7111420140
411406614 -88964299
#r 0 1.2782573345
677928845 -196320030
#r 0 5.5344892103
714557697 -230354236
#r 0 2.3721160920
696600824 -212960253
#r 0 2.3967159857
687407212 -204483080
#r 0 1.5377008579
687614170 -198232011
#r 0 3.2064395153
687614170 -198232011
#r 0 2.1343878574
684977167 -194059301
#r 0 2.6972758454
681635514 -192468457
#r 0 5.4372729755
682862486 -193853698
#r 0 1.5269424449
682903049 -192929338
#r 0 1.6549576396
682846361 -192257364
#r 0 2.6805214379
682295981 -191983944
#r 0 3.0345656603
681888761 -191940193
#r 0 2.1552196381
681727154 -191695893
#r 0 2.8301681234
681356875 -191576701
#r 0 1.4600603940
681356875 -191576701
#r 0 2.3724479316
681021234 -191251797
#r 0 5.5250663594
681190835 -191412388
#r 0 2.4917501997
681097855 -191341727
#r 0 2.5174593058
681049920 -191307206
#r 0 2.5093084568
681024754 -191288769
#r 0 1.6905957238
134234208 -184258840
#r 0 0.9783311985
162154593 -142780507
#r 0 2.4676133123
123087375 -111575499
#r 0 0.9631808441
151632943 -70524914
#r 0 0.7739357668
187391208 -35577146
#r 0 3.5226069911
164184010 -44873702
#r 0 3.5882827269
151306398 -51041812
#r 0 2.2425593225
151306398 -51041812
#r 0 0.7037022984
156749771 -46422364
#r 0 3.5109849490
153420905 -47711182
#r 0 0.6661312559
154824166 -46608252
#r 0 0.9248451562
155406427 -45835854
#r 0 1.0143885653
155793500 -45213507
#r 0 0.9614402222
156234590 -44581537
#r 0 1.0364020778
156721387 -43759015
#r 0 3.5441597734
156281701 -43946243
#r 0 0.6567365998
156470942 -43800359
#r 0 1.1191845739
156526331 -43686166
#r 0 1.0794202653
156575453 -43594376
#r 0 0.6789530685
156661061 -43525296
#r 0 0.6493017063
156757191 -43452324
#r 0 1.9611723804
-222667336 -46611794
#r 0 5.7528013190
-179536692 -71905025
#r 0 5.6414564909
-139483586 -101834086
#r 0 2.6998563531
-162083854 -91146343
#r 0 5.8056885440
-150982004 -96890810
#r 0 2.5654125929
-156222940 -93485656
#r 0 5.7452087920
-153539356 -95086904
#r 1 -152763615 -95633074
219528894 970092025
#r 0 5.4844781422
254410571 934269287
#r 0 5.4585502605
288351821 897554282
#r 0 5.4570137818
322236619 860787171
#r 0 5.6414859809
362290608 830859291
#r 0 2.5726424497
341228933 844327989
#r 0 2.1964837705
333869625 854513456
#r 0 5.3096862241
337403232 849318323
#r 0 3.6239135980
337403232 849318323
#r 0 5.3734355003
339333481 846836592
#r 1 339207202 847228070
-384209398 -106897359
#r 0 5.3614788047
-353986319 -146729074
#r 0 0.7650680592
-317919558 -112099769
#r 0 1.8256874086
-330526559 -63715231
#r 0 6.0224907370
-306371280 -70159024
#r 0 2.5978257077
-317068353 -63691984
#r 0 2.5679900952
-322720481 -60040353
#r 0 1.3786556361
-321896693 -55805821
#r 0 2.4945530814
-326566687 -52277437
#r 0 5.9300558853
-323820737 -53289536
#r 0 0.3968142714
-322360008 -52677428
#r 0 5.9466513513
-320867452 -53199587
#r 0 3.1975759359
-321656841 -53243826
#r 0 0.7104042703
-321357155 -52986026
#r 0 4.7608491633
-321347580 -53183450
#r 0 0.3407520006
-321347580 -53183450
#r 0 2.5473774654
-321429468 -53128120
#r 0 1.8303283218
-321449926 -53051072
#r 0 3.0543611287
-321506362 -53046137
#r 0 0.9170775965
-321489136 -53023652
#r 0 2.4048281246
-321489136 -53023652
#r 0 1.8407654976
615373946 -411111791
#r 0 0.0405532763
665332837 -409084683
#r 0 0.0513479212
715266936 -406518415
#r 0 0.1162835870
764929270 -400717330
#r 0 0.0701512208
814806291 -397212645
#r 0 0.0473423862
864750269 -394846410
#r 0 0.1529752482
914166373 -387227445
#r 0 3.2500017656
889313137 -389932367
#r 0 3.7364073233
878939443 -396950703
#r 0 0.6461544022
883939375 -393179984
#r 0 0.4906799942
886708401 -391700599
#r 1 885776960 -392039002
326662212 790338362
#r 0 2.6940394871
281586777 811976412
#r 0 2.7991372405
234490128 828766459
#r 0 2.7885178957
187574431 846055685
#r 0 2.9286064936
138704228 856624661
#r 0 3.0043217593
89174571 863466671
#r 0 2.8475938960
41319933 877955757
#r 0 2.9254026433
-7516158 888681251
#r 0 6.0050609800
16523145 881817438
#r 0 0.3960344775
28099758 886657928
#r 0 3.2319815869
21851450 886091607
#r 0 4.3475571898
20632868 882901012
#r 1 20747762 883369582
340630368 -61653550
#r 0 1.9992957916
319855048 -16174037
#r 0 2.0914530698
294982550 27200596
#r 0 1.9525286320
276356118 73601631
#r 0 4.1797461267
263660822 52064931
#r 0 4.1467733403
252944501 35183524
#r 0 4.2893692622
244161657 15674737
#r 0 1.1800079734
248236455 25565581
#r 0 1.5035440715
248596267 30907693
#r 0 0.3245254747
251486281 31879950
#r 1 251837080 32226808
-936931568 -253662529
#r 0 0.8193034401
-902795052 -217129007
#r 0 0.9772060293
-874828014 -175682116
#r 0 1.0248425048
-848866339 -132950495
#r 0 1.1550297370
-828671772 -87210146
#r 0 4.4827204274
-834363142 -111553694
#r 0 1.3758758136
-831942035 -99290406
#r 0 4.4817005452
-833371083 -105374838
#r 0 1.3236541197
-832606602 -102344791
#r 1 -832573689 -102373230
-55698254 -527054964
#r 0 5.6889126217
-14270457 -555050278
#r 0 2.6388821520
-36177453 -543005217
#r 0 2.0454330290
-41937805 -531794223
#r 0 5.1546420700
-39240634 -537490035
#r 0 5.2297514640
-37680514 -540231586
#r 0 5.2795612499
-36833080 -541561966
#r 1 -37047012 -541259727
-176767589 -188188183
#r 0 2.4625919074
-215677622 -156787397
#r 0 1.2597035001
-200372663 -109187416
#r 0 1.3117767623
-187566016 -60855338
#r 0 5.7927627972
-143459319 -84405270
#r 0 0.5520461789
-100886658 -58183742
#r 0 1.2786017928
-86483936 -10303040
#r 0 4.1297934695
-100238764 -31178976
#r 0 5.3133228367
-92602145 -42319053
#r 0 1.7318561418
-93685107 -35653320
#r 0 0.6298168881
-90478679 -33316365
#r 0 0.4772320050
-86041159 -31021734
#r 0 1.8626031713
-86041159 -31021734
#r 0 2.7227509355
-88323091 -30005854
#r 0 1.8855425880
-88934571 -28127663
#r 0 1.4284123323
-88550468 -25448262
#r 0 1.3562362071
-87688053 -21490675
#r 0 1.4033603859
-86675585 -15500388
#r 0 1.8525745935
-89208384 -6750928
#r 0 2.2776558321
-97844688 3360861
#r 0 0.3548196909
-91609910 5670847
#r 0 1.3094621859
133207554 429148051
#r 0 1.8630992584
118799642 477027191
#r 0 5.6254461297
138584050 461743960
#r 0 5.8714628540
153721845 455133579
#r 0 3.6723260343
146598912 450953111
#r 0 5.8219655325
150296959 449115296
#r 0 5.6672750149
153123039 447115130
#r 0 3.6792351617
151636131 446228592
#r 0 3.3333790913
150074200 445925307
#r 0 5.6180846659
150700183 445434342
#r 0 4.1833894220
150700183 445434342
#r 0 2.5495707604
150370104 445656316
#r 0 1.9339330914
150299081 445843224
#r 0 5.6494723648
150379643 445784026
#r 0 4.3392986233
150379643 445784026
#r 0 5.6242224338
150430268 445744819
#r 0 2.6006404609
150402824 445761305
#r 0 3.3831325672
150387066 445757423
#r 0 3.3392892936
150373526 445754711
#r 0 0.3127840182
150380095 445756835
#r 0 2.5819026552
150377171 445758667
#r 0 4.2117862568
420725815 -425022251
#r 0 1.6880222316
414877935 -375365406
#r 0 3.8849235180
396472473 -392284003
#r 0 3.0550863085
376176994 -390523923
#r 0 3.0770088504
348063348 -388705708
#r 0 2.1630485993
325390083 -355006979
#r 0 2.4267929558
280724696 -316241489
#r 0 1.6028779696
277881224 -227639534
#r 0 2.9601574763
277881224 -227639534
#r 0 2.7866532405
163650653 -185301547
#r 0 2.8786462629
-6059490 -139619153
#r 0 2.8819569292
-254165734 -73714313
#r 0 6.0927336325
-128131417 -98012250
#r 0 4.0540877617
-167393578 -148778797
#r 0 4.0279824580
-203662024 -193226752
#r 0 1.8205114990
-210750571 -165432729
#r 0 2.3816122146
-227583561 -149434416
#r 0 1.4024694737
-222541355 -119763014
#r 0 2.1137507346
-238639501 -93086284
#r 0 4.3945528080
-243508066 -107884818
#r 0 1.4086207377
-242250344 -100197620
#r 0 3.8791068740
-984543034 144270826
#r 0 0.4558438379
-939648540 166281833
#r 0 0.5497010033
-897014502 192403448
#r 0 1.1296838990
-875667218 237617312
#r 0 1.2051225435
-857788287 284311464
#r 0 5.1035286334
-848257231 261199585
#r 0 1.9805329125
-853236827 272664906
#r 0 1.9285132485
-855425937 278521297
#r 0 1.9169012316
-856486650 281462651
#r 1 -856994890 282241175
366737756 485628537
#r 0 4.7092160006
366579107 435628789
#r 0 3.9737313904
332914308 398660136
#r 0 5.2078624236
356686719 354672950
#r 0 4.7866044938
360394089 304810585
#r 0 4.8243409141
365980000 255123589
#r 0 1.6322947999
364443507 280076327
#r 0 1.6822409184
363049798 292530358
#r 0 4.7587375935
363340109 286271201
#r 0 4.8733919440
363844469 283165705
#r 1 363897763 283507880
-649282821 -270779598
#r 0 0.8951311354
-618011996 -231765043
#r 0 6.0417364275
-569462368 -243720529
#r 0 1.0352764993
-543947960 -200720355
#r 0 0.7200837142
-506360434 -167747975
#r 0 1.2833466599
-492185061 -119799473
#r 0 4.4552833128
-498542122 -143977723
#r 0 1.0717773413
-492560068 -133002068
#r 0 5.5339141407
-492560068 -133002068
#r 0 4.3891123624
-494545537 -138928315
#r 0 1.8354383754
-495362924 -135912109
#r 0 1.5177383759
-495255788 -133894783
#r 0 1.3318600848
-494919754 -132515275
#r 0 2.0500696465
-495475277 -131446320
#r 0 0.3433562539
-495475277 -131446320
#r 0 5.5211473491
-495039524 -131862176
#r 0 0.5875848972
-495039524 -131862176
#r 0 5.4796104151
-494809074 -132101160
#r 0 1.0946369691
-494732986 -131953628
#r 0 0.4356071747
-494587979 -131886138
#r 0 0.8327910672
-494435863 -131718874
#r 0 2.3125866983
411724544 245564399
#r 0 2.0945043382
386719814 288862938
#r 0 5.2836016302
400236129 267831789
#r 0 2.2320758139
392559540 277696877
#r 0 5.3520399743
396290261 272682477
#r 1 396725982 272110102
795592083 -315379132
#r 0 2.4950197016
755684427 -285256400
#r 0 2.5510855944
714151504 -257417286
#r 0 1.4477973328
720285959 -207795028
#r 0 2.7612874176
673858390 -189234832
#r 0 1.6137725303
671710241 -139280999
#r 0 1.6416724307
668169402 -89406532
#r 0 2.6772597205
623463377 -67015209
#r 0 1.0997631406
646153737 -22460214
#r 0 2.4394468289
607980835 9832657
#r 0 1.6046440602
606288771 59804018
#r 0 1.0625636162
630620476 103484313
#r 0 1.4738444829
635460477 153249506
#r 0 1.5426925194
636865482 203229762
#r 0 0.3373484715
684047262 219779071
#r 0 2.9270873540
659620218 225100673
#r 0 6.2359336727
672106265 224510247
#r 0 2.9655748737
665952836 225604686
#r 0 3.3345576641
662835468 224995564
#r 0 2.8861808272
661279165 225401937
#r 0 2.9698032940
660448535 225546051
#r 0 2.9911553279
-521849662 466816098
#r 0 3.8427010601
-560056045 434562846
#r 0 5.6782109172
-518930212 406125795
#r 0 4.1368175591
-546145924 364181725
#r 0 6.2100671106
-521212724 362355399
#r 0 5.2049571967
-510849363 343045684
#r 0 0.2733242291
-510849363 343045684
#r 0 0.2966326706
-510849363 343045684
#r 0 0.3541675171
-510849363 343045684
#r 0 0.3333739590
-510849363 343045684
#r 0 0.5021217108
-510849363 343045684
#r 0 0.3458750199
-510849363 343045684
#r 0 0.2877720720
-510849363 343045684
#r 0 0.2467805931
-510849363 343045684
#r 0 0.3483177320
-510849363 343045684
#r 0 0.2952624407
-510849363 343045684
#r 0 0.2922685474
-510849363 343045684
#r 0 0.3640357318
-510849363 343045684
#r 0 3.8845909295
-510849363 343045684
#r 0 1.0261680850
-505172298 352417824
#r 0 5.7134338210
-505172298 352417824
#r 0 0.2023405639
-558514126 -706353026
#r 0 4.9058496933
-548901316 -755420264
#r 0 4.8801413733
-540552980 -804718391
#r 0 4.8937292294
-532957809 -846141816
#r 0 1.5764259733
-533076352 -825085164
#r 0 4.7172017657
-533025681 -835613534
#r 0 4.9881411874
-531592379 -840678904
#r 0 1.7523345012
-532067590 -838090033
#r 1 -532446081 -837436821
-218018041 -776753981
#r 0 5.3328516475
-188947458 -817434458
#r 0 5.2472617568
-163460879 -860451132
#r 0 5.1576038432
-141928289 -905577040
#r 0 2.0811017009
-154139382 -883762155
#r 0 1.7741749493
-156674796 -871468043
#r 0 4.8620823008
-155738764 -877674267
#r 1 -155503247 -876891823
517252615 315449462
#r 0 3.7348670429
475796891 287495519
#r 0 5.8762014170
498754863 277599485
#r 0 5.9019608162
518306778 269762427
#r 0 3.6106944027
508912450 265001040
#r 0 5.9916750571
513956309 263487588
#r 0 6.1302296370
517729464 262905919
#r 0 6.1104124855
521118627 262314467
#r 0 1.3403012334
521118627 262314467
#r 0 6.1273350646
525050916 261696608
#r 0 6.0352047744
530147027 260406314
#r 0 6.0234670463
537439309 258468610
#r 0 5.9777195429
548033658 255127838
#r 0 6.0676759424
564217398 251585073
#r 0 6.0148214366
588022750 245038661
#r 0 6.0158138412
623693691 235267309
#r 0 5.9654164928
676362237 217943833
#r 0 2.8118154299
650133875 226921171
#r 0 2.8688043887
636783393 230656133
#r 0 5.9395083136
643309596 228320540
#r 0 2.7133389973
640156810 229759816
#r 0 5.7509861629
-836634468 79323631
#r 0 1.4750985231
-831856878 129094854
#r 0 0.3724160953
-785284332 147288202
#r 0 0.3640479100
-738561173 165091190
#r 0 3.7352539934
-759283624 151106199
#r 0 0.3457449435
-747523334 155342419
#r 0 0.0591614542
-740913762 155733908
#r 0 0.7266147341
-737307987 158938863
#r 0 2.3760210623
-737307987 158938863
#r 0 0.1002254037
-734184410 159252977
#r 0 0.3496954927
-730756903 160502932
#r 0 0.0963284372
-726251335 160938294
#r 0 0.1452462908
-719823991 161878463
#r 0 0.3679670114
-710954962 165297706
#r 0 0.4549510773
-698555527 171363213
#r 0 0.4194554449
-680063576 179609135
#r 0 0.2899811243
-651185674 188226076
#r 0 3.3727666742
-665852888 184773677
#r 0 0.3239060848
-658710635 187171546
#r 0 3.5249359849
-662204236 185762596
#r 0 0.3910084638
-660462887 186480440
#r 1 -660904820 186210960
-478957491 -425697431
#r 0 3.3660760334
-527702953 -436827568
#r 0 3.1331349271
-577701165 -436404687
#r 0 3.4597927225
-625191169 -452047562
#r 0 0.3178686568
-601443576 -444233994
#r 0 0.3463573108
-589685881 -439990572
#r 0 0.1797474703
-583531816 -438872325
#r 0 3.3980014678
-586556989 -439665465
#r 1 -586165989 -439480050
744680137 283363242
#r 0 0.8842294757
776374419 322034582
#r 0 0.9193153934
806692653 361793916
#r 0 0.9483778363
835842744 402417458
#r 0 0.6970369720
874180127 434514889
#r 0 3.8608517242
855372775 418044203
#r 0 3.7294463981
844965979 411108577
#r 0 0.2700790216
850992389 412776948
#r 0 3.4362906172
848000632 411868841
#r 0 3.4347968709
846503171 411416749
#r 1 846917146 411556626
787479252 -388621533
#r 0 2.6420214194
743589850 -364669072
#r 0 1.7779476209
733306203 -315738033
#r 0 1.7415659109
724809164 -266465319
#r 0 3.0213943759
675169920 -260469866
#r 0 1.6277104178
672325752 -210550824
#r 0 1.6386001852
668938156 -160665714
#r 0 2.3598782120
633452818 -125440854
#r 0 1.4178866825
641068541 -76024250
#r 0 1.5822942227
640493659 -26027555
#r 0 1.3288210519
652474700 22515773
#r 0 1.6303165568
649500445 72427233
#r 0 1.5739879584
649340864 122426978
#r 0 1.0757604565
673094025 166424561
#r 0 1.0425253578
698296063 209608554
#r 0 1.0518321801
723095110 253025224
#r 0 4.1758806742
710316660 231537758
#r 0 4.3112715021
705434566 220026402
#r 0 1.2002050050
707698804 225853902
#r 1 707670475 226146994
734374273 161323653
#r 0 2.5209179804
693699960 190402860
#r 0 2.7647062409
647209209 208804220
#r 0 1.8327341593
634261571 257098719
#r 0 4.9899665480
641112239 233055668
#r 0 4.9281743533
643789327 220842575
#r 0 1.7840498366
642466248 226952490
#r 0 1.8768092633
641524577 229933057
#r 0 5.0213064842
641999739 228444148
#r 1 641909547 228829338
-835925574 -325109799
#r 0 0.4196662713
-790264325 -304737014
#r 0 0.2012065269
-741273017 -294744431
#r 0 1.1900231098
-722691096 -248325553
#r 0 1.1017653601
-700089990 -203725216
#r 0 0.8691824841
-667817431 -165535140
#r 0 0.0812793512
-617982498 -161475646
#r 0 0.0281781304
-568002347 -160066926
#r 0 1.0304822726
-542282080 -117189567
#r 0 5.5954284149
-503648485 -148929847
#r 0 0.2923583708
-455770144 -134519281
#r 0 1.5256075375
-453511473 -84570323
#r 0 1.6297265427
-456456279 -34657117
#r 0 5.1919421597
-444921709 -56837146
#r 0 2.1423319498
-451683262 -46323755
#r 0 1.2080738050
-449446960 -40431219
#r 0 2.1575719124
-451961033 -36650065
#r 0 5.1914774707
-450914476 -38664795
#r 0 0.9564332528
-450260122 -37737204
#r 0 5.1783558795
-450005114 -38244276
#r 0 1.6758867238
-450034883 -37962051
#r 0 1.5928749134
191098699 -491490599
#r 0 2.1306817375
164544244 -449124800
#r 0 1.3532116163
175337840 -400303715
#r 0 1.8033969199
163812397 -351650204
#r 0 3.0604465649
113976924 -347597351
#r 0 2.1981579052
84626384 -307118396
#r 0 1.9896816078
64289266 -261441250
#r 0 1.7463156071
55558293 -212209450
#r 0 1.9433477867
37358641 -165639367
#r 0 2.7041721180
-7933726 -144459153
#r 0 2.7033558546
-53208790 -123241976
#r 0 5.7565501994
-31596209 -135807657
#r 0 2.3341439110
-40238009 -126776086
#r 0 5.5295163826
-35680616 -131053077
#r 0 5.3587658465
-33793000 -133554877
#r 0 2.2356036554
-34759701 -132321583
#r 1 -35053550 -131953610
76967052 -918743877
#r 0 2.1196064019
50883431 -876086583
#r 0 1.8046599954
39296544 -827447668
#r 0 2.1507120795
11898871 -785622227
#r 0 2.0423154903
-10813139 -741078264
#r 0 1.7258705559
-18535811 -691678261
#r 0 1.5551125982
-17751657 -641684410
#r 0 2.4097620136
-54949275 -608272777
#r 0 1.7832000979
-65489788 -559396427
#r 0 1.4702161045
-60469252 -509649123
#r 0 2.4758382466
-99791804 -478766492
#r 0 1.6502510721
-103760363 -428924235
#r 0 2.0240755411
-125656160 -383973439
#r 0 2.8106527296
-172943027 -367726834
#r 0 1.3657420027
-162762010 -318774338
#r 0 1.4855479731
-158504753 -268955910
#r 0 2.0430395298
-181249009 -224428403
#r 0 1.2062712369
-163423728 -177713744
#r 0 2.5776021210
-205680161 -150985596
#r 0 4.1678295569
-231582226 -193753377
#r 0 1.5698394058
-231558303 -168753388
#r 0 1.1544169892
-458212991 -390070259
#r 0 1.0342628066
-432655007 -347095971
#r 0 0.2207422656
-383868247 -336148274
#r 0 0.1706444298
-334594470 -327657401
#r 0 0.2052042037
-285643500 -317469047
#r 0 3.3786124980
-309944551 -323339218
#r 0 0.2466184990
-297822759 -320287641
#r 0 3.1688992405
-304070428 -320458286
#r 0 0.0639830227
-300951823 -320258476
#r 0 6.2658736929
-299387458 -320285560
#r 1 -299554718 -320314764
-561441965 -303326039
#r 0 1.1376908039
-540457385 -257942701
#r 0 0.7688847585
-504523056 -223175993
#r 0 1.8518853255
-518393160 -175138297
#r 0 0.8154484784
-484116062 -138736641
#r 0 1.4497664460
-478079331 -89102400
#r 0 2.0133480555
-499491669 -43919308
#r 0 2.0367580940
-521955781 750186
#r 0 0.7298488888
-484692023 34088037
#r 0 2.6224063743
-506397602 46492382
#r 0 0.8135326246
-506397602 46492382
#r 0 1.4294460300
-502994243 70409290
#r 0 0.6607588761
-474494814 92562512
#r 0 1.4764813980
-469628125 144009834
#r 0 0.1683038897
-469628125 144009834
#r 0 0.8092799748
-417008168 199205103
#r 0 5.3961698583
-417008168 199205103
#r 0 5.4166043741
-417008168 199205103
#r 0 5.3975036323
-417008168 199205103
#r 0 5.3405123599
-417008168 199205103
#r 0 5.4695336921
-417008168 199205103
#r 0 0.6763134713
-143029320 -288205830
#r 0 1.3811576274
-133604116 -239102210
#r 0 0.7577047306
-97283348 -204739413
#r 0 2.9093015026
-121611886 -198984220
#r 0 1.6012614581
-121611886 -198984220
#r 0 1.6796908458
-123887200 -178172214
#r 0 2.4365962943
-147382967 -158180475
#r 0 1.6342656272
-149986203 -117219896
#r 0 1.3992899394
-139492042 -56632848
#r 0 2.6327045721
-219207551 -12159581
#r 0 2.4258646618
-310723889 67417337
#r 0 0.3627066548
-254031277 88931964
#r 0 0.2858400289
-202739723 104005934
#r 0 1.5509745224
-202739723 104005934
#r 0 0.3322566429
-147284625 123140617
#r 0 0.6214190225
-84993066 167744701
#r 0 0.3245090798
21375963 203527369
#r 0 3.5119960031
-30931728 183214866
#r 0 3.5810194571
-56376249 171253893
#r 0 0.7390877320
-45986353 180723432
#r 0 0.0243035410
-38358912 180908842
#r 0 3.1796118086
-217724255 370576245
#r 0 0.8784100450
-185805466 409062488
#r 0 5.4840990340
-150937372 373226528
#r 0 2.0934539864
-163416991 394888917
#r 0 5.1569233902
-158041522 383603781
#r 0 6.0899619624
-151870529 382396337
#r 0 2.9240040738
-154940401 383075051
#r 0 2.9402497899
-156481561 383389615
#r 1 -156767371 383348360
231282029 -813119927
#r 0 2.1348355457
204551824 -770864796
#r 0 2.1984804017
175188232 -730395308
#r 0 1.8570449448
161070458 -682429816
#r 0 1.9032892217
144750438 -635168236
#r 0 1.4063515250
152935670 -585842766
#r 0 1.1867821969
171667933 -539484354
#r 0 2.8096683401
124397081 -523191209
#r 0 2.3863138764
87993057 -488916626
#r 0 1.7069795067
81204925 -439379556
#r 0 2.2805469322
48622694 -401453335
#r 0 1.1811968611
67613590 -355200272
#r 0 1.8961110219
51633240 -307822762
#r 0 2.2659907281
19606503 -269426302
#r 0 1.7736876042
9531396 -220451898
#r 0 2.3073867579
-24056911 -183413733
#r 0 1.9393777305
-42071535 -136771763
#r 0 1.5467462844
-40869149 -86786222
#r 0 1.9647743713
-60062385 -40616755
#r 0 1.4802683870
-55542168 9178502
#r 0 2.1220089366
-81728199 51773006
#r 0 2.1932063199
-173650117 941397434
#r 0 0.5070802982
-129941811 965678785
#r 0 5.4499138004
-96318911 928672021
#r 0 1.1363527674
-85796268 951349630
#r 0 1.2520180039
-78523218 973386897
#r 0 1.0113699350
-64726835 995420541
#r 0 4.0027705635
-73195794 985559905
#r 0 0.7875836596
-68610261 990165525
#r 0 3.9226764706
-70917947 987877666
#r 1 -71126139 987618650
-974261600 -135035256
#r 0 1.2393893773
-957992913 -87755981
#r 0 1.7417974112
-966501359 -38485236
#r 0 2.0105899622
-987788996 6756741
#r 0 5.1018055156
-978297779 -16371526
#r 0 1.9692919587
-983148182 -4850955
#r 0 5.1614488531
-980434940 -10481302
#r 1 -980606318 -10584696
-219071864 876570219
#r 0 0.0108466978
-169074805 877112543
#r 0 4.1649711675
-182086908 855765759
#r 0 3.9898501710
-196117789 839849966
#r 0 0.2474798819
-185832306 842448688
#r 0 4.8142135843
-185832306 842448688
#r 0 5.1000597627
-185832306 842448688
#r 0 4.2335733252
-188276170 837740859
#r 0 0.2837282897
-185730034 838483300
#r 0 4.6980846937
-185730034 838483300
#r 0 4.6660886178
-185791410 837158634
#r 0 4.2253737156
-186388580 836030963
#r 0 4.6248827332
-186499873 834762383
#r 0 0.2928640231
-185890258 834946203
#r 0 0.3142721144
-185322620 835130711
#r 0 4.7448309989
-185322620 835130711
#r 0 5.9600359787
-184661104 834909177
#r 0 4.7266270631
-184646441 833879406
#r 0 5.9628152367
-183332653 833443491
#r 0 0.2655296995
-181400715 833968884
#r 0 5.1467009474
-181400715 833968884
#r 0 4.7593249683
841216372 -245702053
#r 0 1.7869270038
830493775 -196865326
#r 0 2.8785302172
782213867 -183863384
#r 0 2.6457226361
738236112 -160073531
#r 0 2.5682029612
696232764 -132949395
#r 0 2.8971223140
647719481 -120847273
#r 0 2.3136608215
613899457 -84020571
#r 0 2.7442798072
567794252 -64673476
#r 0 2.6518198388
523672264 -41152205
#r 0 2.2981134409
490428863 -3804162
#r 0 2.5506923210
448906891 24051284
#r 0 1.3192036418
461354232 72477142
#r 0 2.9185287353
412593020 83538075
#r 0 2.8760564157
364345424 96659412
#r 0 2.8176731842
316945664 112573644
#r 0 2.9635558056
267736001 121428534
#r 0 2.9935290785
218283071 128804693
#r 0 6.1878292189
243169497 126424402
#r 0 6.1320329742
255561249 124536964
#r 0 3.0742871149
249308105 124958472
#r 1 249983854 125182764
-554460271 622376857
#r 0 6.1689945832
-504785905 616679721
#r 0 0.3420027413
-457681661 633448447
#r 0 6.0419403157
-409129597 621502860
#r 0 6.0606733115
-360362288 610468841
#r 0 2.9892953317
-385072917 614261573
#r 0 6.1611424201
-372665892 612739821
#r 0 4.2584630183
-375406500 607122744
#r 0 0.4398146975
-372578905 608453280
#r 0 0.4652207761
-370663022 609414992
#r 0 0.4990502610
-368958975 610343817
#r 0 0.5144193490
-367037674 611429689
#r 1 -366613080 611592216
-710372218 -603481641
#r 0 1.3574143427
-699783899 -554615625
#r 0 1.3253392368
-687633912 -506114307
#r 0 0.8299141297
-653886956 -469220636
#r 0 0.8827646310
-622136061 -430595765
#r 0 1.5144450991
-619319991 -380675131
#r 0 0.8352997141
-585772217 -343600249
#r 0 1.5866913530
-586566935 -293606565
#r 0 0.7313987577
-549354891 -260211000
#r 0 1.1458361029
-528740664 -214658243
#r 0 1.7682472657
-538549186 -165629752
#r 0 0.9074622996
-507761821 -126232567
#r 0 1.1707955874
-488290870 -80179532
#r 0 1.0199267629
-462119452 -37576048
#r 0 1.1922241137
-443639744 8883616
#r 0 1.1904125320
-425075901 55309726
#r 0 1.2089980456
-407378068 102072817
#r 0 1.1707516593
-387905094 148124997
#r 0 1.4075567863
-379779318 197460296
#r 0 4.5331867190
-384235434 172860642
#r 0 4.6516850906
-384993960 160380488
#r 0 1.7730224293
57367412 137137296
#r 0 2.9987432777
7876694 144255498
#r 0 2.5841499804
-34553844 170706386
#r 0 2.3561739507
-69908457 206062451
#r 0 5.4984000922
-52219956 188395621
#r 0 5.5335008954
-43071153 179878020
#r 0 2.6302971327
-48521851 182936193
#r 0 5.8505883637
-45684725 181626099
#r 0 5.7041554446
-44368851 180765803
#r 1 -44376945 180749590
350298717 99524416
#r 0 3.1009051865
300340098 101558228
#r 0 2.0119834234
278989438 146770498
#r 0 2.8757521047
230745837 159906517
#r 0 3.1475558312
180746726 159608360
#r 0 2.1180668566
154728809 202305760
#r 0 2.9038498248
106135207 214081237
#r 0 1.8456637704
92564239 262204296
#r 0 2.5981642126
49767191 288057974
#r 0 2.6460412817
5781858 311833812
#r 0 2.1950969904
-23444642 352402417
#r 0 4.4479641279
-29978496 328271343
#r 0 1.1881629765
-25311438 339867400
#r 0 4.3215860513
-27692256 334088629
#r 0 1.2758881208
-26783969 337078718
#r 0 4.3995300770
-27264875 335592067
#r 1 -27473803 335068769
