701687785 -541700890
#r 0 2.3091576352
701687785 -540700890
#r 0 1.7259241721
701876617 -541908377
#r 0 2.8876667130
-499127383 633119407
#r 0 5.7257613477
-499127383 632119407
#r 0 5.6626144117
-510067763 639939276
#r 0 5.7786051800
-483608482 -622730427
#r 0 3.2119067564
-483608482 -621730427
#r 0 3.3206136953
-492655953 -623367642
#r 0 2.8749412037
-400050622 -282770132
#r 0 2.2260722711
-400050622 -281770132
#r 0 0.9427252160
-400424003 -282284315
#r 0 2.3388938983
301295572 728310821
#r 0 6.1876589893
301295572 727310821
#r 0 2.9542723186
290626007 729333157
#r 0 5.4523060793
538670319 187274473
#r 0 1.1218005582
538670319 186274473
#r 0 1.0266915729
536304277 182363809
#r 0 3.6482831274
-356518068 -65592954
#r 0 5.9442430069
-356518068 -64592954
#r 0 6.0157568490
-369247892 -61105089
#r 0 1.5700155689
-276446552 932869643
#r 0 4.2347735053
-276446552 931869643
#r 0 5.4998336458
-276788086 932209782
#r 0 4.1648728392
-550539604 -271667289
#r 0 5.1772640975
-550539604 -270667289
#r 0 5.6726264997
-551312326 -270126576
#r 0 1.5522133261
-618319202 -169265767
#r 0 5.3388400473
-618319202 -168265767
#r 0 4.7339500120
-618296975 -169296480
#r 0 2.1081451020
755102565 -188650360
#r 0 2.3339391842
755102565 -187650360
#r 0 4.8514652851
755266544 -188821805
#r 0 2.5024300101
380790345 -501424583
#r 0 2.4741983443
380790345 -500424583
#r 0 0.2797930863
379860417 -500691780
#r 0 5.7828009011
-579009961 358478730
#r 0 1.0514992847
-579009961 357478730
#r 0 5.0797951158
-579239974 358076349
#r 0 6.1574218264
299350043 -849072587
#r 0 2.1964552593
299350043 -848072587
#r 0 3.0329060674
298565724 -847987005
#r 0 2.4532752407
547958642 -796389549
#r 0 2.3612216551
547958642 -795389549
#r 0 1.5149373248
547905658 -796337095
#r 0 2.1933346222
120566706 -818818612
#r 0 2.9225649585
120566706 -817818612
#r 0 2.3427792892
121809562 -819095270
#r 0 0.8317037958
137093106 -178832048
#r 0 4.4745391550
137093106 -177832048
#r 0 0.6406404224
137389033 -177611423
#r 0 2.3667410446
-671832205 450572368
#r 0 0.4919941637
-671832205 449572368
#r 0 5.5729647823
-672548607 450188411
#r 0 4.8822179081
-468532303 -84888903
#r 0 2.1158273650
-468532303 -83888903
#r 0 2.0421129432
-465335938 -90160917
#r 0 2.1190223404
242220329 -192797614
#r 0 4.0950278373
242220329 -191797614
#r 0 0.5447072758
243466066 -191042889
#r 0 0.6470966929
474168597 127670696
#r 0 2.3041690793
474168597 126670696
#r 0 2.3522866051
483970664 116791718
#r 0 6.1125612287
595496296 -707793242
#r 0 2.4006740824
595496296 -706793242
#r 0 2.3751234266
616301150 -726825010
#r 0 3.6855792585
677928845 -196320030
#r 0 0.2477430379
677928845 -195320030
#r 0 0.1020533951
684572038 -194639706
#r 0 3.2379788190
134234208 -184258840
#r 0 2.9349700535
134234208 -183258840
#r 0 3.7247100912
133083787 -184017696
#r 0 0.3231721237
-222667336 -46611794
#r 0 4.4332137870
-222667336 -45611794
#r 0 4.3993481513
-220161059 -37868811
#r 0 3.4317682190
219528894 970092025
#r 0 4.1389850873
219528894 969092025
#r 0 4.3254310274
220633310 971802225
#r 0 4.5284968087
-384209398 -106897359
#r 0 0.6548522902
-384209398 -105897359
#r 0 0.7337308554
-391684938 -112637746
#r 0 3.8073295098
615373946 -411111791
#r 0 3.6413857625
615373946 -410111791
#r 0 4.0696069024
614106998 -411803587
#r 0 3.4492979672
326662212 790338362
#r 0 4.6137027630
326662212 789338362
#r 0 5.0958339036
326582715 789535424
#r 0 5.2880629675
340630368 -61653550
#r 0 3.7648506506
340630368 -60653550
#r 0 6.2663619824
341989684 -60676420
#r 0 0.4358762970
-936931568 -253662529
#r 0 0.1870758662
-936931568 -252662529
#r 0 5.0427114968
-936609581 -253601580
#r 0 5.9673154958
-55698254 -527054964
#r 0 2.9714775235
-55698254 -526054964
#r 0 5.2029237131
-55110233 -527155971
#r 0 2.5744355225
-176767589 -188188183
#r 0 2.2411595475
-176767589 -187188183
#r 0 3.9659467568
-177194503 -187649725
#r 0 1.1925137782
133207554 429148051
#r 0 2.9600359370
133207554 428148051
#r 0 0.5054382388
134564474 428898950
#r 0 4.9805584777
420725815 -425022251
#r 0 2.7188026038
420725815 -424022251
#r 0 4.5914739905
420610606 -424970416
#r 0 4.5861078620
-984543034 144270826
#r 0 6.2629788585
-984543034 143270826
#r 0 5.6748101714
-986021681 144300708
#r 0 0.9665788500
366737756 485628537
#r 0 1.0041533942
366737756 484628537
#r 0 0.9200555062
362866484 479543950
#r 0 4.1288047614
-649282821 -270779598
#r 0 5.7493601441
-649282821 -269779598
#r 0 6.1491728080
-651474619 -269484099
#r 0 5.1824014772
411724544 245564399
#r 0 4.4990123743
411724544 244564399
#r 0 0.0645289709
411504792 244550199
#r 0 2.5749899794
795592083 -315379132
#r 0 4.9137320872
795592083 -314379132
#r 0 4.8561507725
796089939 -317818301
#r 0 4.9883544162
-521849662 466816098
#r 0 0.6135724689
-521849662 465816098
#r 0 3.4814244814
-524701085 464807984
#r 0 5.4883519191
-558514126 -706353026
#r 0 4.8424604696
-558514126 -705353026
#r 0 4.8571304168
-559789446 -696603619
#r 0 4.7476262326
-218018041 -776753981
#r 0 3.7556738964
-218018041 -775753981
#r 0 2.9852081677
-216858867 -775936750
#r 0 4.4658566250
517252615 315449462
#r 0 3.3243846146
517252615 314449462
#r 0 5.4504552740
516473981 315305527
#r 0 5.3272201735
-836634468 79323631
#r 0 0.5990952199
-836634468 78323631
#r 0 5.9443340253
-837600414 78664074
#r 0 0.6505412719
-478957491 -425697431
#r 0 0.7281761175
-478957491 -424697431
#r 0 5.4058977488
-478480083 -425271755
#r 0 5.3034522397
744680137 283363242
#r 0 3.3582718334
744680137 282363242
#r 0 3.8588080369
746213837 283700863
#r 0 4.0208738187
787479252 -388621533
#r 0 0.7999801467
787479252 -387621533
#r 0 0.7797036218
811915762 -363461759
#r 0 4.0637023326
734374273 161323653
#r 0 3.4143401938
734374273 160323653
#r 0 3.8640446607
736036239 161788535
#r 0 3.8946224284
-835925574 -325109799
#r 0 6.1607504614
-835925574 -324109799
#r 0 6.1091855017
-816959967 -327443523
#r 0 6.0160841446
191098699 -491490599
#r 0 0.4551631324
191098699 -490490599
#r 0 0.2796935291
196043896 -489070227
#r 0 2.7681512419
76967052 -918743877
#r 0 2.9883317681
76967052 -917743877
#r 0 1.6376699908
77034726 -918754331
#r 0 2.7505410018
-458212991 -390070259
#r 0 1.5697430454
-458212991 -389070259
#r 0 0.1501299288
-458211938 -389070100
#r 0 0.1834972444
-561441965 -303326039
#r 0 4.0498984997
-561441965 -302326039
#r 0 4.1378123971
-565249277 -308206562
#r 0 0.7670480539
-143029320 -288205830
#r 0 4.4614932650
-143029320 -287205830
#r 0 2.6635888440
-142803066 -287323047
#r 0 4.5832076012
-217724255 370576245
#r 0 6.1129775742
-217724255 369576245
#r 0 4.9480246237
-217974685 370619287
#r 0 3.7469437287
231282029 -813119927
#r 0 2.7372965855
231282029 -812119927
#r 0 1.4054517260
231126281 -813053288
#r 0 0.9048746939
-173650117 941397434
#r 0 5.2067245231
-173650117 940397434
#r 0 5.3407134000
-171562546 937524174
#r 0 5.8032411299
-974261600 -135035256
#r 0 5.8969828709
-974261600 -134035256
#r 0 6.1014080491
-978749601 -133210333
#r 0 0.2611540198
-219071864 876570219
#r 0 3.7471859159
-219071864 875570219
#r 0 3.7220914735
-246470649 857599859
#r 0 3.7258485597
841216372 -245702053
#r 0 0.9480646265
841216372 -244702053
#r 0 1.0878682282
839272691 -248408975
#r 0 1.0131409342
-554460271 622376857
#r 0 6.2219943702
-554460271 621376857
#r 0 4.7774985236
-554525734 622380868
#r 0 5.9838417298
-710372218 -603481641
#r 0 2.4265776465
-710372218 -602481641
#r 0 6.0593094308
-711933269 -602126201
#r 0 2.4634205093
57367412 137137296
#r 0 0.7122531838
57367412 136137296
#r 0 2.2260642639
56905434 136738399
#r 0 2.5019433743
350298717 99524416
#r 0 4.0449872344
350298717 98524416
#r 0 4.0807298105
360526203 112502903
#r 0 4.1442470111
124361302 -505132095
#r 0 4.9196738218
124361302 -504132095
#r 0 2.5580913161
124117090 -503970870
#r 0 3.8857455707
-544744435 413022941
#r 0 4.8959515615
-544744435 412022941
#r 0 5.8448097858
-544541084 411927611
#r 0 5.8420631611
-119196968 -904270036
#r 0 1.8594052068
-119196968 -903270036
#r 0 0.6731847481
-119437029 -903461473
#r 0 1.2062121739
-804414631 -463783652
#r 0 3.5647875452
-804414631 -462783652
#r 0 3.8360557309
-807029304 -464961327
#r 0 3.7329731739
551441948 -761356956
#r 0 1.9859572868
551441948 -760356956
#r 0 1.0163214145
551184447 -760772763
#r 0 3.3868544442
27156741 -865736728
#r 0 2.8535766928
27156741 -864736728
#r 0 3.0274189547
21649555 -864105206
#r 0 2.9948556155
940217810 -146619311
#r 0 3.3623453094
940217810 -145619311
#r 0 3.4413508202
928406058 -149269984
#r 0 3.4684944439
-914055295 46387478
#r 0 0.8762639862
-914055295 45387478
#r 0 1.0612381908
-912357832 48425287
#r 0 0.2504369614
-936955659 -34943340
#r 0 5.7875877732
-936955659 -33943340
#r 0 0.7824479791
-937607245 -34591093
#r 0 5.2851091419
-369379595 277222742
#r 0 3.7689282243
-369379595 276222742
#r 0 2.1732864014
-369838530 276889995
#r 0 4.2429306933
-821124475 11788443
#r 0 5.6609552920
-821124475 10788443
#r 0 5.7336547518
-811584444 4945561
#r 0 5.2470585959
-490967586 616064171
#r 0 5.8187838662
-490967586 615064171
#r 0 5.8932934030
-479858214 610499013
#r 0 5.9195845432
-678074763 -588467848
#r 0 0.4183268224
-678074763 -587467848
#r 0 1.2927785031
-678401649 -588613171
#r 0 5.9887090770
217643120 -215305082
#r 0 3.0743560753
217643120 -214305082
#r 0 4.3255913546
217246677 -215278386
#r 0 5.1708830607
-682169509 -158834214
#r 0 4.2943228417
-682169509 -157834214
#r 0 5.1239696990
-681949334 -158338610
#r 0 5.9835406553
557597791 508080141
#r 0 2.6083382016
557597791 507080141
#r 0 2.5611169065
542342619 517085225
#r 0 4.8001628211
639262792 -399950495
#r 0 2.1454471248
639262792 -398950495
#r 0 3.7093684217
638804522 -399242796
#r 0 1.7035978531
61684808 -566926225
#r 0 3.9325057273
61684808 -565926225
#r 0 0.2302453786
62972325 -565624428
#r 0 5.4533816640
523190902 523430949
#r 0 3.8216815842
523190902 522430949
#r 0 4.1092157042
524746160 524688855
#r 0 4.2894138954
-97120665 -106773775
#r 0 2.1151601010
-97120665 -105773775
#r 0 5.1848199283
-93841730 -112190128
#r 0 3.3971219670
-565009351 514254679
#r 0 5.0257323818
-565009351 513254679
#r 0 0.5315036104
-564737182 513414698
#r 0 4.7218856406
334580786 -482417867
#r 0 5.7058636778
334580786 -481417867
#r 0 2.1185882539
335593131 -483077255
#r 0 2.1099437279
-302732954 278207160
#r 0 4.8549522920
-302732954 277207160
#r 0 2.5741713271
-302574964 277106467
#r 0 1.6273830419
-258338693 -552221732
#r 0 3.3447753309
-258338693 -551221732
#r 0 2.7812262089
-256622977 -551868250
#r 0 5.8770393254
-571070279 -284224233
#r 0 1.2114000663
-571070279 -283224233
#r 0 0.3966415180
-570624400 -283037481
#r 0 4.2989045990
481874853 641887316
#r 0 4.1496429807
481874853 640887316
#r 0 4.0547774879
478432227 636429600
#r 0 4.3188232333
-479273610 -106822827
#r 0 1.7072456301
-479273610 -105822827
#r 0 1.8737341272
-479518481 -105039386
#r 0 6.2333477309
-4238218 -621301856
#r 0 5.1417175633
-4238218 -620301856
#r 0 5.0378138636
-2955078 -624104642
#r 0 5.0690566397
-213551122 -22815755
#r 0 1.5362712696
-213551122 -21815755
#r 0 1.5464729399
-213633416 -25198396
#r 0 3.4087534755
-874003763 -51756842
#r 0 0.7414288195
-874003763 -50756842
#r 0 0.7436760674
-191082364 -706539912
#r 0 1.5372641285
-191082364 -705539912
#r 0 1.4953411304
-191022062 -704742252
#r 0 6.1335374546
-712230836 221529366
#r 0 5.8651430127
-712230836 220529366
#r 0 5.9995815381
-705684891 218621484
#r 0 5.8350928182
-780382671 126943689
#r 0 5.0128197038
-780382671 125943689
#r 0 0.2422110200
-780094890 126014789
#r 0 0.3288264734
-236286024 -513307999
#r 0 0.1684558619
-236286024 -512307999
#r 0 0.1382655676
-203938383 -507806713
#r 0 5.7912530407
432125842 146983063
#r 0 2.6593522386
432125842 145983063
#r 0 5.6224223251
428186762 149045021
#r 0 2.1512327553
-261116530 -918750953
#r 0 0.7282462709
-261116530 -917750953
#r 0 1.3247546095
-261440129 -919039527
#r 0 2.3714799607
118024946 613168088
#r 0 5.2168499710
118024946 612168088
#r 0 3.4600946493
118492025 612322097
#r 0 4.8895659316
-464226731 -787773296
#r 0 0.8428305906
-464226731 -786773296
#r 0 0.8072578631
-451290523 -773258792
#r 0 0.9397938099
-243669211 -909135288
#r 0 1.5724985092
-243669211 -908135288
#r 0 1.5489245306
-243670790 -908207483
#r 0 1.3522986587
-477273716 873997373
#r 0 5.8878369563
-477273716 872997373
#r 0 5.8725082669
-723337552 322551553
#r 0 4.9392743963
-723337552 321551553
#r 0 3.2444362652
-723112064 321574825
#r 0 3.2211687653
-109826943 -461038229
#r 0 2.4007439646
-109826943 -460038229
#r 0 1.9048478880
-109318481 -461503292
#r 0 4.2750614111
273596302 -710435175
#r 0 2.1424712447
273596302 -709435175
#r 0 0.9818412395
273268574 -709925754
#r 0 1.4266354207
-495340295 -231301155
#r 0 6.2295890552
-495340295 -230301155
#r 0 3.0507191862
-468657127 -232732644
#r 0 6.2034206920
-335666797 -774290530
#r 0 5.5714687397
-335666797 -773290530
#r 0 4.7159420138
-335663233 -774293604
#r 0 0.1132654835
-44434562 -424288087
#r 0 4.7983072163
-44434562 -423288087
#r 0 2.4477520329
-44527339 -423210914
#r 0 4.1917345778
482272679 648017210
#r 0 4.0372698273
482272679 647017210
#r 0 4.0058612830
469352363 631879331
#r 0 4.0600608993
-848718430 -335529233
#r 0 4.8570824587
-848718430 -334529233
#r 0 4.6850747195
-848741437 -335371338
#r 0 5.3555644199
-538168394 -366123595
#r 0 1.4486527593
-538168394 -365123595
#r 0 1.6097533953
-538138811 -365882598
#r 0 3.7080234277
780704324 -493859950
#r 0 1.3494098611
780704324 -492859950
#r 0 1.4481856922
780431996 -495069891
#r 0 1.3320346479
101574837 -660299922
#r 0 4.1252881301
101574837 -659299922
#r 0 4.0808563553
108937807 -649233860
#r 0 4.1281717377
274165912 -778182756
#r 0 3.0190816439
274165912 -777182756
#r 0 1.0658906163
273648437 -778119041
#r 0 2.2700908104
-30247511 -354320033
#r 0 4.3643249797
-30247511 -353320033
#r 0 2.8970541038
-29914799 -353403056
#r 0 0.8295428693
196232884 -273237791
#r 0 4.4350959856
196232884 -272237791
#r 0 4.4436503709
187735888 -303091012
#r 0 1.2808622575
-43571381 -254057842
#r 0 5.8054866047
-43571381 -253057842
#r 0 1.2659280636
-43841978 -253917757
#r 0 0.6493691418
245238934 77228773
#r 0 6.1582075006
245238934 76228773
#r 0 6.2387228582
257563187 75680445
#r 0 6.0548032519
691449954 36763389
#r 0 3.0513267382
691449954 35763389
#r 0 3.0356461121
628290159 42480101
#r 0 3.0921805959
305194638 -415436078
#r 0 4.8729430285
305194638 -414436078
#r 0 4.8530293768
306320044 -422385257
#r 0 4.8649361668
326597884 -216545057
#r 0 1.4717433176
326597884 -215545057
#r 0 4.3469388774
326732128 -215194219
#r 0 6.0364032356
48717586 -293671845
#r 0 0.0390000690
48717586 -292671845
#r 0 3.5076415366
45813182 -293785174
#r 0 3.1802515037
530625494 -89118625
#r 0 2.9113334800
530625494 -88118625
#r 0 3.5004348973
528984801 -88734019
#r 0 2.8824957017
42124448 645983829
#r 0 4.2143116510
42124448 644983829
#r 0 4.1665884961
36925949 636424401
#r 0 5.0702330855
-178491570 670902010
#r 0 1.1304691161
-178491570 669902010
#r 0 0.8989456570
-179647778 668448156
#r 0 2.4421314702
78464923 432039983
#r 0 3.6811887780
78464923 431039983
#r 0 5.3141965642
77978287 431748546
#r 0 5.7254612058
160031141 -417843750
#r 0 4.3613890017
160031141 -416843750
#r 0 4.6219466808
159910595 -418172965
#r 0 4.8155325214
-430166093 553065446
#r 0 1.5270255158
-430166093 552065446
#r 0 1.6924081575
-430198337 552329272
#r 0 1.5622510350
17710008 853207122
#r 0 4.6088187959
17710008 852207122
#r 0 5.7419936873
17612178 852265923
#r 0 5.3373792988
14875479 -715975258
#r 0 6.2298116200
14875479 -714975258
#r 0 6.2538109850
-26718997 -713753097
#r 0 3.1214381742
-415569731 -638404763
#r 0 1.5056195830
-415569731 -637404763
#r 0 1.5842443254
-415558580 -638233915
#r 0 0.0184693942
-773961145 -176289730
#r 0 5.2752407205
-773961145 -175289730
#r 0 6.0589170849
-774698142 -175121617
#r 0 1.1582829277
940988252 -325744210
#r 0 1.8635805316
940988252 -324744210
#r 0 3.5330828638
940720165 -324854876
#r 0 3.3177931044
-826089410 389315028
#r 0 0.1826401183
-826089410 388315028
#r 0 4.0474955709
-825172695 389484344
#r 0 4.0956644931
787581078 -76307990
#r 0 5.6922551810
787581078 -75307990
#r 0 2.1443400934
788721156 -77072873
#r 0 2.5994397589
-720594767 -54294382
#r 0 1.9530159133
-720594767 -53294382
#r 0 5.5162879423
-721250950 -52662041
#r 0 4.9709988927
594911311 732837332
#r 0 3.9324266086
594911311 731837332
#r 0 2.3826747774
594400931 732321373
#r 0 3.8407077486
288809318 -738112341
#r 0 3.1469231519
288809318 -737112341
#r 0 3.0779724538
303294363 -738035128
#r 0 3.2615840328
-344837829 -486706031
#r 0 0.7195478250
-344837829 -485706031
#r 0 3.3204532985
-343399964 -485446075
#r 0 5.7073442662
-62712054 -847301326
#r 0 6.2211823597
-62712054 -846301326
#r 0 6.0596676000
-56660010 -847677052
#r 0 6.0367147824
-250419138 -693493865
#r 0 6.0498741952
-250419138 -692493865
#r 0 0.5410889985
-251611673 -693210472
#r 0 0.4543581097
366755340 -91389671
#r 0 3.2658899193
366755340 -90389671
#r 0 0.2838212463
360758509 -92138923
#r 0 0.3785285337
961566412 68953195
#r 0 2.8674028629
961566412 67953195
#r 0 2.7302955360
955110639 70769037
#r 0 2.7213810745
597164501 -516317146
#r 0 3.2505291219
597164501 -515317146
#r 0 3.2118814332
622828768 -513510259
#r 0 2.8088653224
-877313621 -335845740
#r 0 4.9428054264
-877313621 -334845740
#r 0 5.0068990048
-878348645 -331433549
#r 0 6.1311069808
-380835327 -806301119
#r 0 2.1752129349
-380835327 -805301119
#r 0 0.2804617306
-381411368 -805467050
#r 0 2.3643537047
822465216 -184570263
#r 0 2.3694037598
822465216 -183570263
#r 0 0.2991805392
821685406 -183810787
#r 0 3.4755708692
186036512 447263379
#r 0 0.7956763301
186036512 446263379
#r 0 4.6456803667
186108209 447336565
#r 0 5.2640295614
-324336703 -906969741
#r 0 1.5351576735
-324336703 -905969741
#r 0 0.2228804244
-324300759 -905961594
#r 0 1.7303460032
-23877194 30146238
#r 0 0.5733691733
-23877194 29146238
#r 0 0.7762455580
-20902138 32067328
#r 0 0.9275239050
-646955563 126488175
#r 0 0.4234969679
-646955563 125488175
#r 0 0.2029584470
-651037503 124648145
#r 0 5.4978537355
647455009 119171730
#r 0 1.5708801610
647455009 118171730
#r 0 3.4265763156
647455093 118171755
#r 0 3.9013620501
-614105525 708095676
#r 0 5.8654118744
-614105525 707095676
#r 0 0.4387780513
-613010466 707609574
#r 0 4.8755601526
-144601442 -246545691
#r 0 3.6980727540
-144601442 -245545691
#r 0 1.6928316245
-144487491 -246474807
#r 0 4.5426192014
-755786970 456770808
#r 0 6.1031100033
-755786970 455770808
#r 0 5.0208520425
-756125225 456832386
#r 0 0.4682177974
-942398078 -178453409
#r 0 5.1190212541
-942398078 -177453409
#r 0 6.1513685703
-942854787 -177392856
#r 0 5.0423989435
711522906 98276513
#r 0 3.5437222607
711522906 97276513
#r 0 3.2638485353
708216434 96870251
#r 0 3.4269780889
-865732126 -389513957
#r 0 0.0247157442
-865732126 -388513957
#r 0 4.8187975741
-865625595 -389511323
#r 0 4.7797687431
457994694 -775492143
#r 0 3.0499745448
457994694 -774492143
#r 0 3.8183499131
456877609 -775389511
#r 0 2.4984554152
223679184 -734348721
#r 0 3.0516467575
223679184 -733348721
#r 0 3.0195572405
254490500 -737127570
#r 0 1.4869159019
590989480 604339845
#r 0 0.7408525661
590989480 603339845
#r 0 1.9989977895
590667470 604045317
#r 0 0.8078657393
33739637 326385330
#r 0 6.1737025560
33739637 325385330
#r 0 5.9381004548
29732361 326825819
#r 0 5.5865484014
107088828 -31836439
#r 0 0.6015096675
107088828 -30836439
#r 0 4.6673459343
107042316 -31868363
#r 0 2.2040534604
-86557720 15314172
#r 0 4.2237340682
-86557720 14314172
#r 0 0.7841267630
-87689665 13185102
#r 0 5.0800856540
187576655 288198927
#r 0 4.1198496406
187576655 287198927
#r 0 4.1732744024
192945726 296173905
#r 0 4.1786647578
376013911 294524797
#r 0 2.2795313919
376013911 293524797
#r 0 3.0768308988
376921717 293465924
#r 0 2.9950296998
278966036 620220652
#r 0 6.1032657995
278966036 619220652
#r 0 4.3038243783
279367360 620147657
#r 0 2.5501164995
-721859489 -551390151
#r 0 2.6809538967
-721859489 -550390151
#r 0 2.5976805894
-712644199 -555963189
#r 0 1.7970336773
388898961 -22604958
#r 0 5.6662013402
388898961 -21604958
#r 0 5.5758684873
395771420 -27480044
#r 0 5.4876600935
-862956667 140643757
#r 0 0.1964276227
-862956667 139643757
#r 0 0.7501297682
-861592123 140915293
#r 0 5.3402313693
-64393835 -548376194
#r 0 5.3139674360
-64393835 -547376194
#r 0 5.6868482926
-65679209 -546503717
#r 0 1.8400666859
-682022435 430113840
#r 0 3.6055439041
-682022435 429113840
#r 0 5.2240594731
-682460810 429894486
#r 0 3.7060782225
129522077 617343422
#r 0 3.2520642400
129522077 616343422
#r 0 2.5784758476
128174773 617193975
#r 0 0.1526308141
-709725211 -135667791
#r 0 5.8008966144
-709725211 -134667791
#r 0 5.9279555491
-716280145 -132236130
#r 0 5.8010698375
882172595 169931446
#r 0 3.4515677320
882172595 168931446
#r 0 2.4225497687
881336248 169663564
#r 0 3.2687669264
29768177 179516482
#r 0 0.4155086836
29768177 178516482
#r 0 3.6181509214
43093018 185395352
#r 0 0.5064359271
258981388 553416150
#r 0 5.2203168604
258981388 552416150
#r 0 3.9482855407
259333499 552783586
#r 0 4.9456550455
867622611 474026919
#r 0 2.3086141128
867622611 473026919
#r 0 3.3638291055
868376780 473197338
#r 0 2.2571460873
494169261 705240858
#r 0 1.2055678091
494169261 704240858
#r 0 3.7267170857
493657138 703901568
#r 0 3.6717324823
122469093 -725635014
#r 0 3.1706303959
122469093 -724635014
#r 0 5.9845533184
125437475 -725548795
#r 0 6.2471556952
-603116602 -663308573
#r 0 5.2012712588
-603116602 -662308573
#r 0 5.2868950895
-606100861 -657698571
#r 0 0.3259581514
-145539966 -887360284
#r 0 0.4513691079
-145539966 -886360284
#r 0 3.0132350184
-143910803 -886570556
#r 0 1.7021080778
682414660 608429595
#r 0 1.8034580992
682414660 607429595
#r 0 1.8043124875
744861041 344890291
#r 0 4.1863029397
-490982295 -354183775
#r 0 3.3469632499
-490982295 -353183775
#r 0 2.0423693246
-490521316 -354087750
#r 0 5.0542782930
-802812116 -220135267
#r 0 5.3049035310
-802812116 -219135267
#r 0 5.6049269072
-804283462 -217949678
#r 0 5.7419036194
250470454 471718324
#r 0 2.3627633906
250470454 470718324
#r 0 5.2814096178
248736028 473430112
#r 0 0.8567078431
439852827 37625603
#r 0 2.9425219847
439852827 36625603
#r 0 1.6159252419
439807252 37634797
#r 0 1.9638880756
-160210028 -311873695
#r 0 5.0843668971
-160210028 -310873695
#r 0 5.0336542171
-157945947 -317676942
#r 0 4.9999027947
378118500 -176315695
#r 0 3.5281298248
378118500 -175315695
#r 0 4.4600730789
377830466 -176432929
#r 0 0.9056481672
-866575725 -214630372
#r 0 5.7899676672
-866575725 -213630372
#r 0 5.5684503349
-863547873 -216257928
#r 0 5.8615629457
135413484 36622920
#r 0 3.0710586048
135413484 35622920
#r 0 3.1301861628
152292754 35430378
#r 0 0.1541542062
133848038 926203271
#r 0 3.3286226399
133848038 925203271
#r 0 5.5042371634
132998004 926042409
#r 0 5.5691409160
152317393 -838586251
#r 0 2.3435050476
152317393 -837586251
#r 0 5.3187437509
154719850 -841050466
#r 0 2.2035553392
866394399 -388688067
#r 0 2.8996325148
866394399 -387688067
#r 0 3.0727753725
860772287 -387300557
#r 0 2.8362235706
-110683473 -855371776
#r 0 3.2321821979
-110683473 -854371776
#r 0 6.2635877263
-101628640 -854549252
#r 0 2.1607444185
-778756986 -564076853
#r 0 2.4204200391
-778756986 -563076853
#r 0 5.8367253118
-781254188 -561881451
#r 0 2.5035805449
-737950047 -439455128
#r 0 0.9566475010
-737950047 -438455128
#r 0 0.5493998423
-736709251 -437695413
#r 0 0.4481366890
-609784449 -471338019
#r 0 1.5922999695
-609784449 -470338019
#r 0 5.0991979277
-609807155 -470282276
#r 0 5.1632676698
-23189346 649857189
#r 0 4.5178691603
-23189346 648857189
#r 0 4.0571094547
-23454265 648512498
#r 0 3.8009178822
919027675 186956176
#r 0 2.9013365777
919027675 185956176
#r 0 2.4588635427
917267722 187387344
#r 0 4.5968689873
-462062882 -817316296
#r 0 6.2206965935
-462062882 -816316296
#r 0 1.2069545142
-462434815 -817293024
#r 0 1.0799400793
-122964257 -333624352
#r 0 2.9562301209
-122964257 -332624352
#r 0 2.9792472070
-165108223 -325721722
#r 0 5.8098651174
-340634393 559951828
#r 0 4.2459470267
-340634393 558951828
#r 0 5.8864955633
-341050193 559126005
#r 0 5.7849718193
-909594700 -252680642
#r 0 0.1427271053
-909594700 -251680642
#r 0 4.9818865833
-909329028 -252642464
#r 0 5.6726470725
43912064 302995607
#r 0 2.9521607273
43912064 301995607
#r 0 5.8018671085
40886864 303575631
#r 0 5.8188850358
117420708 890129395
#r 0 3.3517993008
117420708 889129395
#r 0 6.0628285360
115134223 889641554
#r 0 4.0635485071
-468178342 -347725758
#r 0 5.6276501189
-468178342 -346725758
#r 0 5.4286498570
-465545543 -349750316
#r 0 0.7486022282
71200613 -222501511
#r 0 1.3025593934
71200613 -221501511
#r 0 3.6815983826
71529694 -221304248
#r 0 3.5783662890
-243623499 -789879633
#r 0 1.1299155396
-243623499 -788879633
#r 0 0.7995058453
-242706627 -787936520
#r 0 4.6328755994
-769324329 107708350
#r 0 0.1239940351
-769324329 106708350
#r 0 0.2378371864
-760834800 108766429
#r 0 0.4706575828
635566251 196520845
#r 0 2.5575514898
635566251 195520845
#r 0 4.1710671540
635996502 196236466
#r 0 5.0762649417
195202581 -473800941
#r 0 0.2229334369
195202581 -472800941
#r 0 4.2117920130
194578046 -473942524
#r 0 0.4296300615
308865562 -904406367
#r 0 2.8282262356
308865562 -903406367
#r 0 2.5349132807
311568672 -905282292
#r 0 2.6745748632
710295145 -265660052
#r 0 3.5400345059
710295145 -264660052
#r 0 2.3302236329
710973435 -265374521
#r 0 3.4978411606
-659887626 -690524746
#r 0 0.5158059157
-659887626 -689524746
#r 0 5.8302374569
-658938591 -689986637
#r 0 5.9549704326
582191960 -738122481
#r 0 3.7045492227
582191960 -737122481
#r 0 1.7394767558
582345733 -738025439
#r 0 1.8015312748
619956929 619639294
#r 0 4.2398430982
619956929 618639294
#r 0 3.3057168388
619398479 618546807
#r 0 4.7188045465
279378978 182926265
#r 0 4.4857953002
279378978 181926265
#r 0 2.3903812890
279189270 182103426
#r 0 3.5849112949
-31041134 -356688329
#r 0 5.1356084472
-31041134 -355688329
#r 0 6.2821273369
-31491788 -355687852
#r 0 3.0662243137
531322273 778893238
#r 0 1.5816167549
531322273 777893238
#r 0 1.7998114342
531333621 777844558
#r 0 1.7066134131
-409016762 -551302065
#r 0 4.6036623100
-409016762 -550302065
#r 0 1.8866674760
-408934935 -550552442
#r 0 1.8946548013
-242530425 -410578653
#r 0 3.0399729119
-242530425 -409578653
#r 0 0.5674750381
-243882904 -410440739
#r 0 0.7296463520
280793211 -921368331
#r 0 2.6789177692
280793211 -920368331
#r 0 1.2134741795
280478473 -921211345
#r 0 3.6915975459
730390034 137322819
#r 0 3.3175213254
730390034 136322819
#r 0 3.3985127987
742160286 139415175
#r 0 3.1852775000
336241334 349827929
#r 0 3.7490444641
336241334 348827929
#r 0 4.8505263103
336114562 349739806
#r 0 3.5328251266
182629508 -60733374
#r 0 0.0973960252
182629508 -59733374
#r 0 4.2412532968
182093432 -60785751
#r 0 4.8250886802
-14583895 -391538609
#r 0 3.0224983577
-14583895 -390538609
#r 0 2.7726736550
-10838008 -391986844
#r 0 4.8707861283
-529968658 -541423045
#r 0 4.4787229976
-529968658 -540423045
#r 0 5.0847616124
-529820765 -540801681
#r 0 6.1386827393
-295721070 -115687762
#r 0 2.1882558289
-295721070 -114687762
#r 0 6.2764082200
-296434584 -114682926
#r 0 6.1738207053
-860392259 105310463
#r 0 1.7281597494
-860392259 104310463
#r 0 0.1854622214
-860238171 104339373
#r 0 5.1093411361
134282577 690186611
#r 0 4.4592844745
134282577 689186611
#r 0 6.1990693801
134029446 689207954
#r 0 4.4426618161
120775521 105317247
#r 0 6.2631059711
120775521 104317247
#r 0 1.1664436433
121199808 105308726
#r 0 3.7009510377
705482076 -427802156
#r 0 2.8429000964
705482076 -426802156
#r 0 0.9981522213
704944153 -427636527
#r 0 2.4298770793
67711290 -820628312
#r 0 0.8251620601
67711290 -819628312
#r 0 1.7940396920
67893518 -820430983
#r 0 1.8552276390
433987350 508403551
#r 0 1.4868974085
433987350 507403551
#r 0 1.1792111594
433881745 507147794
#r 0 3.9845068579
-118050258 19266698
#r 0 0.3621329046
-118050258 18266698
#r 0 2.6559495380
-119153226 18848850
#r 0 2.8338517263
-797637337 -148047045
#r 0 4.6075673890
-797637337 -147047045
#r 0 0.0190621304
-797531918 -147045035
#r 0 0.1691476361
-297627869 -312378482
#r 0 1.9282881222
-297627869 -311378482
#r 0 1.2376394678
-297807506 -311897580
#r 0 3.7937379765
526708312 738674488
#r 0 1.5271110429
526708312 737674488
#r 0 1.4560831675
526637876 737063167
#r 0 6.0040875621
902408713 326691638
#r 0 3.5288817897
902408713 325691638
#r 0 4.1047829252
903379387 327087566
#r 0 3.7315814361
194389026 724215994
#r 0 5.9686623806
194389026 723215994
#r 0 5.7175950239
191157411 725267309
#r 0 2.8679895338
479784988 -770379991
#r 0 3.1238370694
479784988 -769379991
#r 0 0.9904694191
479136898 -770368483
#r 0 2.1526787453
-131810955 348029062
#r 0 6.0386139839
-131810955 347029062
#r 0 6.0639697123
-94457534 338706872
#r 0 5.9538656424
586522933 -217901995
#r 0 5.6270155997
586522933 -216901995
#r 0 2.2942601039
589283521 -220027608
#r 0 4.2559434544
-187748036 23994930
#r 0 4.2430903586
-187748036 22994930
#r 0 2.0316320880
-187998902 23500208
#r 0 2.1305194832
352205545 -810872443
#r 0 3.9952459735
352205545 -809872443
#r 0 2.8176000462
352880044 -810098958
#r 0 2.7689544023
-281264150 625950435
#r 0 5.0476457776
-281264150 624950435
#r 0 4.8886085695
-281628358 626995780
#r 0 1.7788383116
805993669 -555805939
#r 0 1.2654407991
805993669 -554805939
#r 0 1.3405070162
805078656 -558708770
#r 0 2.9076470646
109176579 830254230
#r 0 3.2456334510
109176579 829254230
#r 0 5.0702696501
108816649 830216647
#r 0 3.2226261261
454603456 -115132683
#r 0 1.9519412964
454603456 -114132683
#r 0 1.8400578736
455489751 -117344323
#r 0 4.0101952008
-841858840 456991149
#r 0 0.3125798699
-841858840 455991149
#r 0 4.4778485531
-841599908 457074829
#r 0 6.1031356103
-394302774 -111391377
#r 0 6.2466320204
-394302774 -110391377
#r 0 0.7109019780
-395416772 -111350639
#r 0 0.1281641096
-44928054 515757560
#r 0 4.7149630410
-44928054 514757560
#r 0 5.6653243291
-44925475 514755727
#r 0 3.4365776917
-121117037 -740886462
#r 0 2.1897953441
-121117037 -739886462
#r 0 0.0094957182
-121824649 -739893181
#r 0 2.8864976644
-104972969 -794518837
#r 0 2.2196267150
-104972969 -793518837
#r 0 5.5787595999
-107106294 -791705762
#r 0 5.6108059834
-228728329 -70115130
#r 0 4.2921989756
-228728329 -69115130
#r 0 4.3335259393
-232380259 -78288645
#r 0 4.5232339376
211817052 -353830981
#r 0 4.1154354504
211817052 -352830981
#r 0 5.5998008183
212254580 -353187249
#r 0 1.7248823935
714039536 -444378998
#r 0 3.4114430898
714039536 -443378998
#r 0 3.0838077224
717029551 -443551968
#r 0 3.7545088153
210279624 -719446913
#r 0 3.5563408399
210279624 -718446913
#r 0 3.3203459873
214131612 -717750929
#r 0 3.3976787344
-252990652 907596128
#r 0 3.9850630979
-252990652 906596128
#r 0 4.6573142252
-252931881 907662154
#r 0 4.1392785087
-111775591 385835601
#r 0 4.4354670631
-111775591 384835601
#r 0 4.4685664709
-109781185 392852607
#r 0 2.5614349927
-751715650 246572132
#r 0 2.6937332693
-751715650 245572132
#r 0 2.6225425097
-762718736 251858209
#r 0 5.8465900083
734240015 -107718197
#r 0 6.0018386243
734240015 -106718197
#r 0 5.9711848209
764071393 -116339851
#r 0 5.9368055441
451097033 876365304
#r 0 5.4812281193
451097033 875365304
#r 0 4.6929811560
451116061 876345635
#r 0 4.5684131588
-213751703 -188883800
#r 0 2.0001320295
-213751703 -187883800
#r 0 0.7643327598
-214069869 -188188836
#r 0 1.9729746370
-871609781 -439190600
#r 0 5.1603582552
-871609781 -438190600
#r 0 5.0263653204
-870608443 -441274320
#r 0 4.9018849023
873731973 -187795839
#r 0 0.9030039336
873731973 -186795839
#r 0 4.2748178698
872582055 -189253891
#r 0 0.9105982612
476321941 -514170025
#r 0 3.5530807523
476321941 -513170025
#r 0 3.3586129423
480953527 -512148794
#r 0 2.6926906182
648529161 -258031637
#r 0 5.6553493216
648529161 -257031637
#r 0 3.8416019206
647891451 -257568783
#r 0 2.5038537380
-947200162 54478327
#r 0 5.6376491360
-947200162 53478327
#r 0 5.5245029311
-952334633 58345532
#r 0 0.0350257707
-72923073 965837855
#r 0 3.6869604524
-72923073 964837855
#r 0 5.9430560565
-73964054 965206240
#r 0 3.7130738079
533900477 -572149686
#r 0 1.7737853640
533900477 -571149686
#r 0 3.4060304293
533705519 -571202477
#r 0 2.8562638589
-787439174 -505763987
#r 0 2.9266648623
-787439174 -504763987
#r 0 2.9862093751
-803658836 -502223242
#r 0 3.0137953846
-244124713 -774407860
#r 0 0.7044041127
-244124713 -773407860
#r 0 4.6455003984
-244195745 -774468227
#r 0 0.7770854926
912688030 366379819
#r 0 3.5119293871
912688030 365379819
#r 0 3.8566384597
914770973 367188523
#r 0 3.5629467194
65744808 676218049
#r 0 4.1117986429
65744808 675218049
#r 0 4.1313176589
81638565 699420485
#r 0 2.6538769757
-530446177 836542796
#r 0 5.1120369543
-530446177 835542796
#r 0 5.0027727574
-531467805 838961547
#r 0 5.3930309562
-415563059 -298865844
#r 0 1.9486750519
-415563059 -297865844
#r 0 1.8972806484
-413259699 -304668415
#r 0 3.4964232045
-886033412 -228132643
#r 0 4.7970913066
-886033412 -227132643
#r 0 0.8241781215
-886111181 -227216691
#r 0 5.6328274498
-277974413 -935647969
#r 0 2.1160876836
-277974413 -934647969
#r 0 1.7524967811
-277710870 -936082395
#r 0 2.2207711901
200104270 740576328
#r 0 4.6842311788
200104270 739576328
#r 0 5.1970408841
200077535 739627103
#r 0 4.2035842960
-138670661 -326693416
#r 0 3.2919084042
-138670661 -325693416
#r 0 3.4374289033
-145192894 -327681262
#r 0 3.4668524843
-420259027 -893966584
#r 0 0.3636163396
-420259027 -892966584
#r 0 0.5011451094
-426237990 -896241802
#r 0 2.2713069263
-798050443 -196980374
#r 0 6.2046278432
-798050443 -195980374
#r 0 5.4515135096
-797068502 -197057672
#r 0 5.8622773877
-402542994 -134498653
#r 0 5.1024668705
-402542994 -133498653
#r 0 5.3941056451
-403376364 -132471709
#r 0 0.0013440695
508744237 816338581
#r 0 5.0946769472
508744237 815338581
#r 0 5.3134580494
509716250 813921048
#r 0 5.4022227716
-397593185 913590386
#r 0 4.6731387343
-397593185 912590386
#r 0 4.5191610366
-397642316 912339295
#r 0 4.7265821817
-443314379 -868631678
#r 0 1.9802615477
-443314379 -867631678
#r 0 0.1992745087
-443713401 -867712262
#r 0 1.9631453701
-533147680 613971414
#r 0 5.8565683273
-533147680 612971414
#r 0 4.8011321549
-533240407 614013561
#r 0 5.7277924814
-770932227 -336799630
#r 0 6.0289769433
-770932227 -335799630
#r 0 0.8512598014
-771645973 -336614178
#r 0 5.8453893551
-313801222 -169811900
#r 0 3.3163617294
-313801222 -168811900
#r 0 0.7412898220
-315154609 -170050868
#r 0 0.7531654541
396351162 236536477
#r 0 2.4944965976
396351162 235536477
#r 0 0.9872931149
396791622 236203651
#r 0 2.5360659525
653214263 -656222690
#r 0 3.1428754768
653214263 -655222690
#r 0 1.1645740101
652783878 -656223242
#r 0 2.7034721467
-126037657 252119065
#r 0 1.5668306466
-126037657 251119065
#r 0 5.9552654336
-126041617 251120412
#r 0 1.5183781255
795662488 -210263076
#r 0 0.5303301293
795662488 -209263076
#r 0 3.8017092945
790397425 -213350301
#r 0 0.4109902110
-552602322 134431660
#r 0 1.6426073578
-552602322 133431660
#r 0 1.6999523384
-552441084 132190213
#r 0 1.7162938751
-25074801 475442830
#r 0 5.6649280822
-25074801 474442830
#r 0 4.0661881136
-24583917 475093674
#r 0 2.9293789203
-581753711 58339560
#r 0 1.1800282016
-581753711 57339560
#r 0 1.2962138791
-580862796 60502221
#r 0 1.3946252671
-123676106 -141587957
#r 0 2.8566225481
-123676106 -140587957
#r 0 2.5511553389
-121025316 -142364488
#r 0 2.5656831156
-770394741 -202777594
#r 0 0.3264937198
-770394741 -201777594
#r 0 5.7041787068
-769387044 -202436376
#r 0 5.0935191196
226219170 40973701
#r 0 0.2962739176
226219170 39973701
#r 0 0.2719022480
188413610 29433240
#r 0 0.4009737788
-730767039 -317649186
#r 0 0.4950992099
-730767039 -316649186
#r 0 5.7488482134
-729883423 -317172072
#r 0 5.2932596325
313987082 -595303530
#r 0 3.9203440455
313987082 -594303530
#r 0 3.5716965331
315880852 -593434769
#r 0 2.5882993329
422385780 609464897
#r 0 4.4501528408
422385780 608464897
#r 0 5.6590398068
422160845 608626892
#r 0 5.5883446127
-283682688 -708434606
#r 0 3.1892642377
-283682688 -707434606
#r 0 0.4357979873
-286075321 -708548753
#r 0 0.0402569934
-165174039 -771223105
#r 0 1.5200564083
-165174039 -770223105
#r 0 3.7900928362
-165121223 -770183079
#r 0 0.2257254940
-595802012 -385074130
#r 0 2.8920740590
-595802012 -384074130
#r 0 2.9511999153
-611904538 -380970736
#r 0 2.9428689653
277214466 -802769623
#r 0 3.3062334824
277214466 -801769623
#r 0 2.5475978494
278402818 -802572185
#r 0 2.5583879148
-49223034 10182434
#r 0 3.4298183211
-49223034 9182434
#r 0 0.9045333280
-48197894 10486369
#r 0 4.1431224190
606551053 -19018638
#r 0 2.2573556931
606551053 -18018638
#r 0 2.2323817449
622146357 -38047324
#r 0 2.3045326660
-355498144 909755308
#r 0 4.9512596889
-355498144 908755308
#r 0 4.8582007684
-355868097 911274497
#r 0 4.8526110171
47076853 -733059593
#r 0 4.9234150737
47076853 -732059593
#r 0 0.5845704258
46889233 -732183745
#r 0 4.8837582805
-374230082 240356462
#r 0 2.0282142131
-374230082 239356462
#r 0 6.0813522731
-373682714 239244460
#r 0 2.1765357563
57914385 673072022
#r 0 2.4659686957
57914385 672072022
#r 0 3.7680998071
58570025 672546560
#r 0 5.2346933157
-434227853 -134865342
#r 0 4.6493864560
-434227853 -133865342
#r 0 2.2271977941
-434169542 -133941035
#r 0 2.1075326096
-803935016 3201268
#r 0 0.5888668540
-803935016 2201268
#r 0 5.8482224189
-804817974 2611527
#r 0 6.1846713305
612533705 664406426
#r 0 0.5110356228
612533705 663406426
#r 0 3.4390478467
608599315 662200338
#r 0 0.2910645012
-128789750 -864403732
#r 0 0.5004453756
-128789750 -863403732
#r 0 3.0770859685
-127154366 -863509372
#r 0 0.0227386569
49745228 181238661
#r 0 0.6243977498
49745228 180238661
#r 0 0.5423459717
41266776 175129350
#r 0 5.9666981939
582907428 511612935
#r 0 2.6221053747
582907428 510612935
#r 0 3.8955424652
583569293 511234427
#r 0 2.5054253210
616180789 -199370439
#r 0 2.4786808338
616180789 -198370439
#r 0 1.8553054154
616559765 -199666336
#r 0 4.0184184595
144982153 -279834439
#r 0 3.3179693648
144982153 -278834439
#r 0 4.3138128230
144526866 -279915584
#r 0 2.0910317373
-152837913 140842892
#r 0 1.9343099977
-152837913 139842892
#r 0 4.8455642074
-153044705 141386480
#r 0 3.8905135225
549838263 -730153584
#r 0 2.1231201444
549838263 -729153584
#r 0 1.7734853227
550146586 -730653859
#r 0 2.5034308022
-591139324 -247371007
#r 0 4.4643265994
-591139324 -246371007
#r 0 0.6056924429
-590832169 -246158294
#r 0 0.3900790560
-753947354 98952221
#r 0 5.3312869168
-753947354 97952221
#r 0 5.8658019851
-752906306 97490581
#r 0 5.4093968403
-98352464 -743450637
#r 0 2.5808296575
-98352464 -742450637
#r 0 6.1436210844
-100403597 -742162499
#r 0 2.6370062364
611104978 -524723090
#r 0 1.5866416883
611104978 -523723090
#r 0 0.8952090542
611089439 -523742481
#r 0 3.2039332756
-276948858 -364114257
#r 0 3.8018587055
-276948858 -363114257
#r 0 0.9922237809
-278274139 -365143379
#r 0 0.8977763000
-558362802 302376104
#r 0 0.2113499259
-558362802 301376104
#r 0 4.7336566486
-558383976 302371561
#r 0 4.8731965260
-267275647 10250653
#r 0 0.6805888601
-267275647 9250653
#r 0 0.7614540125
-260311229 15889295
#r 0 4.2699525916
