701687785 -541700890
#r 0 3.7737135883
701687785 -540700890
#r 0 3.8428170088
692760434 -548238998
#r 0 3.2282678756
-499127383 633119407
#r 0 3.7868372378
-499127383 632119407
#r 0 3.8496888787
-489465179 640392416
#r 0 6.1595538640
-483608482 -622730427
#r 0 2.9120921659
-483608482 -621730427
#r 0 1.1673953714
-483996592 -622639758
#r 0 1.6424913819
-400050622 -282770132
#r 0 3.9846039149
-400050622 -281770132
#r 0 3.9635863493
-378502539 -258584255
#r 0 2.9795534419
301295572 728310821
#r 0 3.2717750113
301295572 727310821
#r 0 5.7585814203
299886355 728126322
#r 0 4.4964425227
538670319 187274473
#r 0 1.6522642767
538670319 186274473
#r 0 3.3783611497
538750390 186293794
#r 0 1.6545896325
-356518068 -65592954
#r 0 4.6420317623
-356518068 -64592954
#r 0 3.5413010885
-356445432 -64562269
#r 0 6.0189633217
-276446552 932869643
#r 0 4.9972097870
-276446552 931869643
#r 0 5.3566871552
-275966798 931231032
#r 0 5.3785397153
-550539604 -271667289
#r 0 5.7336139978
-550539604 -270667289
#r 0 5.5598019061
-546843515 -273931201
#r 0 5.6271990476
-618319202 -169265767
#r 0 5.1008411505
-618319202 -168265767
#r 0 1.3012425746
-618484135 -168862750
#r 0 2.4163030743
755102565 -188650360
#r 0 4.2813728634
755102565 -187650360
#r 0 4.3920373684
753911285 -191240936
#r 0 4.2830581565
380790345 -501424583
#r 0 2.4857866208
380790345 -500424583
#r 0 0.3982504976
379950107 -500778098
#r 0 3.0600726985
-579009961 358478730
#r 0 5.7724332193
-579009961 357478730
#r 0 5.9655617436
-574692031 356059193
#r 0 3.4681892270
299350043 -849072587
#r 0 5.4351574546
299350043 -848072587
#r 0 5.5761345139
295770966 -845014575
#r 0 5.4967981243
547958642 -796389549
#r 0 0.5935747476
547958642 -795389549
#r 0 2.2377758283
548472826 -796042606
#r 0 0.6290593975
120566706 -818818612
#r 0 0.6942528304
120566706 -817818612
#r 0 0.5447850090
124980579 -815144013
#r 0 2.9745776931
137093106 -178832048
#r 0 4.6607443248
137093106 -177832048
#r 0 4.4348728675
137156255 -177610368
#r 0 4.4345735868
-671832205 450572368
#r 0 5.5285829074
-671832205 449572368
#r 0 0.9005909489
-671378056 450145363
#r 0 1.3585442238
-468532303 -84888903
#r 0 4.4116461214
-468532303 -83888903
#r 0 3.3897648105
-468195699 -83803609
#r 0 5.4218051079
242220329 -192797614
#r 0 3.8620590480
242220329 -191797614
#r 0 3.8371690851
265401279 -172447211
#r 0 4.2118343386
474168597 127670696
#r 0 4.0658249643
474168597 126670696
#r 0 4.3295342588
475031995 128814578
#r 0 3.4022491657
595496296 -707793242
#r 0 1.6799191545
595496296 -706793242
#r 0 5.6275101124
595376656 -706701215
#r 0 5.6809876927
677928845 -196320030
#r 0 3.7286242837
677928845 -195320030
#r 0 5.7907032960
678760899 -195766494
#r 0 5.7226862396
134234208 -184258840
#r 0 6.0301600878
134234208 -183258840
#r 0 5.0258637535
134588027 -184350326
#r 0 4.3902524294
-222667336 -46611794
#r 0 2.0569049716
-222667336 -45611794
#r 0 3.6212049318
-223081823 -45827376
#r 0 3.5129605752
219528894 970092025
#r 0 6.0046951438
219528894 969092025
#r 0 3.8495654337
220404604 969841642
#r 0 6.0251864463
-384209398 -106897359
#r 0 0.3326988242
-384209398 -105897359
#r 0 3.5348716298
-398629011 -111879957
#r 0 3.5080421287
615373946 -411111791
#r 0 0.6942988106
615373946 -410111791
#r 0 3.9397776049
610201103 -415418643
#r 0 5.6510887680
326662212 790338362
#r 0 5.6468437407
326662212 789338362
#r 0 3.7873349763
327332282 789843265
#r 0 1.3611932266
340630368 -61653550
#r 0 5.2160763625
340630368 -60653550
#r 0 0.5319745689
340214243 -60898470
#r 0 4.3930273487
-936931568 -253662529
#r 0 0.3913472298
-936931568 -252662529
#r 0 6.1644636845
-935051562 -252886781
#r 0 1.2511886376
-55698254 -527054964
#r 0 0.0489330743
-55698254 -526054964
#r 0 0.9357752017
-56462671 -527092399
#r 0 6.2695184307
-176767589 -188188183
#r 0 0.9115433951
-176767589 -187188183
#r 0 2.5414358276
-176261219 -187534726
#r 0 2.8042209690
133207554 429148051
#r 0 1.5388192720
133207554 428148051
#r 0 2.4196977430
133176442 428175443
#r 0 5.1299611614
420725815 -425022251
#r 0 1.9475353904
420725815 -424022251
#r 0 2.7305970264
420247748 -423813902
#r 0 5.5654792797
-984543034 144270826
#r 0 0.5234229740
-984543034 143270826
#r 0 5.9361560294
-985608245 143656076
#r 0 0.5255791554
366737756 485628537
#r 0 2.9638131869
366737756 484628537
#r 0 6.1886059458
378528262 483510061
#r 0 4.0046198647
-649282821 -270779598
#r 0 2.0867743715
-649282821 -269779598
#r 0 4.9657309253
-648806513 -271619302
#r 0 5.7235275912
411724544 245564399
#r 0 0.1347245263
411724544 244564399
#r 0 0.1595338765
451163515 250910178
#r 0 0.1003238847
795592083 -315379132
#r 0 4.3006993594
795592083 -314379132
#r 0 4.2523550231
799268438 -306959513
#r 0 4.3424391946
-521849662 466816098
#r 0 5.2178891622
-521849662 465816098
#r 0 5.1461854464
-524690683 471949245
#r 0 5.1424216306
-558514126 -706353026
#r 0 1.3788226161
-558514126 -705353026
#r 0 1.3704140136
-553997633 -683116134
#r 0 0.5650864571
-218018041 -776753981
#r 0 0.6108263641
-218018041 -775753981
#r 0 0.6831478972
-226810681 -782910144
#r 0 0.6387820876
517252615 315449462
#r 0 0.4320794703
517252615 314449462
#r 0 4.9690036222
517018539 315341520
#r 0 4.9882147475
-836634468 79323631
#r 0 1.1792900338
-836634468 78323631
#r 0 1.2507923328
-834954292 83393660
#r 0 5.8166027454
-478957491 -425697431
#r 0 2.5074772826
-478957491 -424697431
#r 0 2.6565046624
-483757296 -422167477
#r 0 2.6072969617
744680137 283363242
#r 0 0.1892142808
744680137 282363242
#r 0 1.3299290934
744937898 283412605
#r 0 1.0910802175
787479252 -388621533
#r 0 3.6444148142
787479252 -387621533
#r 0 2.8649723749
788678478 -387961992
#r 0 4.2401510236
734374273 161323653
#r 0 0.6637394146
734374273 160323653
#r 0 0.6679268088
882061876 276832223
#r 0 2.8220567146
-835925574 -325109799
#r 0 5.6391130073
-835925574 -324109799
#r 0 5.3825027005
-833968755 -326579160
#r 0 0.1646473363
191098699 -491490599
#r 0 2.9132398316
191098699 -490490599
#r 0 5.4118750366
192144643 -491733683
#r 0 0.4102690179
76967052 -918743877
#r 0 3.7451619774
76967052 -917743877
#r 0 3.7215316573
106114513 -898649921
#r 0 1.9539928685
-458212991 -390070259
#r 0 5.1235246972
-458212991 -389070259
#r 0 1.3221293646
-458373456 -389702205
#r 0 1.3387582418
-561441965 -303326039
#r 0 0.8726382090
-561441965 -302326039
#r 0 0.8486343917
-543738854 -282229424
#r 0 0.8250783220
-143029320 -288205830
#r 0 6.1891009204
-143029320 -287205830
#r 0 4.6128914745
-143128216 -288196498
#r 0 2.2179412783
-217724255 370576245
#r 0 2.6153255068
-217724255 369576245
#r 0 5.3976155494
-219280521 371480301
#r 0 1.9722643278
231282029 -813119927
#r 0 5.8019145393
231282029 -812119927
#r 0 0.1788164350
229859502 -812377045
#r 0 0.5193218865
-173650117 941397434
#r 0 5.0352807324
-173650117 940397434
#r 0 4.2319923221
-173446351 940788453
#r 0 0.1440291649
-974261600 -135035256
#r 0 0.7595682520
-974261600 -134035256
#r 0 0.0457739453
-973155190 -133984576
#r 0 6.0108031192
-219071864 876570219
#r 0 4.4456892331
-219071864 875570219
#r 0 4.5714033125
-218776500 877651314
#r 0 4.3938912172
841216372 -245702053
#r 0 2.9268716532
841216372 -244702053
#r 0 2.9578796722
810232501 -238945000
#r 0 2.9496131715
-554460271 622376857
#r 0 4.7166530942
-554460271 621376857
#r 0 2.7936418569
-554456000 621375308
#r 0 2.8204857524
-710372218 -603481641
#r 0 6.2758231387
-710372218 -602481641
#r 0 6.2667945464
-599629355 -604296963
#r 0 6.2612714849
57367412 137137296
#r 0 5.7099834828
57367412 136137296
#r 0 4.2505198814
57744142 136894118
#r 0 4.2270056973
350298717 99524416
#r 0 4.1965001778
350298717 98524416
#r 0 4.2289825471
357358823 111973562
#r 0 1.0028338952
124361302 -505132095
#r 0 2.3594190710
124361302 -504132095
#r 0 1.5208704763
124313698 -505084797
#r 0 3.5019387402
-544744435 413022941
#r 0 3.8322783598
-544744435 412022941
#r 0 1.6505133902
-544819374 412961005
#r 0 5.2524591943
-119196968 -904270036
#r 0 5.5586834652
-119196968 -903270036
#r 0 5.5196222468
-105345001 -916529919
#r 0 5.6221272645
-804414631 -463783652
#r 0 5.9100393991
-804414631 -462783652
#r 0 0.2055271114
-806081416 -463131128
#r 0 5.8732611540
551441948 -761356956
#r 0 1.4151668602
551441948 -760356956
#r 0 1.9436156673
551553925 -760643262
#r 0 1.3443866607
27156741 -865736728
#r 0 1.4214403879
27156741 -864736728
#r 0 1.9648185177
27267229 -865002474
#r 0 1.8775354892
940217810 -146619311
#r 0 2.6467796666
940217810 -145619311
#r 0 2.6418462727
0 0
#r 0 1.2942275449
-914055295 46387478
#r 0 5.6385847146
-914055295 45387478
#r 0 1.0342625213
-913644307 46078530
#r 0 0.9564290290
-936955659 -34943340
#r 0 5.7527343448
-936955659 -33943340
#r 0 6.0473981940
-939843605 -33249493
#r 0 0.9578857141
-369379595 277222742
#r 0 4.1398013111
-369379595 276222742
#r 0 2.6333793756
-369853910 276486943
#r 0 2.6050384677
-821124475 11788443
#r 0 1.3192696686
-821124475 10788443
#r 0 0.8058542057
-821475383 10422877
#r 0 0.1965266702
-490967586 616064171
#r 0 3.6176926743
-490967586 615064171
#r 0 6.1848021368
-492595281 615224827
#r 0 5.4634700185
-678074763 -588467848
#r 0 6.1534989645
-678074763 -587467848
#r 0 1.2312100897
-678412475 -588423804
#r 0 6.0590208864
217643120 -215305082
#r 0 3.7682109610
217643120 -214305082
#r 0 3.8655322213
211397576 -219826531
#r 0 6.2036853783
-682169509 -158834214
#r 0 0.5770489603
-682169509 -157834214
#r 0 0.7017795558
-687314172 -162183178
#r 0 0.6244917477
557597791 508080141
#r 0 0.3291345809
557597791 507080141
#r 0 5.8412898193
556370280 507660874
#r 0 4.6611916999
639262792 -399950495
#r 0 0.7848276453
639262792 -398950495
#r 0 5.3337310278
639680219 -399533544
#r 0 4.3529719344
61684808 -566926225
#r 0 3.3583861023
61684808 -565926225
#r 0 1.2886512575
61375160 -566994427
#r 0 2.3295141146
523190902 523430949
#r 0 3.7994035544
523190902 522430949
#r 0 4.2312650907
524065825 524106917
#r 0 4.7407709332
-97120665 -106773775
#r 0 3.7210560329
-97120665 -105773775
#r 0 2.4944650056
-96411487 -106309688
#r 0 5.5859879637
-565009351 514254679
#r 0 1.9767416913
-565009351 513254679
#r 0 4.5364123947
-564883570 513962043
#r 0 4.5175867056
334580786 -482417867
#r 0 1.6070214364
334580786 -481417867
#r 0 2.1707973793
334542518 -481361931
#r 0 4.7059476250
-302732954 278207160
#r 0 2.9213547538
-302732954 277207160
#r 0 5.6579081483
-304740838 278656663
#r 0 5.3764672195
-258338693 -552221732
#r 0 3.2193323006
-258338693 -551221732
#r 0 4.2696553476
-258831000 -552260081
#r 0 0.3823740802
-571070279 -284224233
#r 0 0.1810936896
-571070279 -283224233
#r 0 0.2025660252
-615947058 -292441156
#r 0 0.1983285495
481874853 641887316
#r 0 3.9182543981
481874853 640887316
#r 0 5.6760676776
481278662 641301452
#r 0 3.3360400163
-479273610 -106822827
#r 0 4.3615591761
-479273610 -105822827
#r 0 1.9754963317
-479076256 -106283563
#r 0 3.6128354578
-4238218 -621301856
#r 0 2.5308254485
-4238218 -620301856
#r 0 2.5176028293
46043115 -656501879
#r 0 6.2351682689
-213551122 -22815755
#r 0 3.7283731846
-213551122 -21815755
#r 0 2.7418700016
-212631471 -22204277
#r 0 5.0698373628
-874003763 -51756842
#r 0 0.4533762763
-874003763 -50756842
#r 0 0.0431099035
-871751964 -50659707
#r 0 5.2936310182
-191082364 -706539912
#r 0 4.9477627577
-191082364 -705539912
#r 0 4.8558731894
-190718953 -708055270
#r 0 4.0183490072
-712230836 221529366
#r 0 4.8494681098
-712230836 220529366
#r 0 0.9670621419
-712115885 220696050
#r 0 2.4620262708
-780382671 126943689
#r 0 5.8253207421
-780382671 125943689
#r 0 1.2563881342
-780102392 126805570
#r 0 1.5621670487
-236286024 -513307999
#r 0 5.8895951983
-236286024 -512307999
#r 0 5.9010712041
-310959212 -482299371
#r 0 6.2415438900
432125842 146983063
#r 0 4.3743090193
432125842 145983063
#r 0 4.8632414334
432019718 146681213
#r 0 2.2907185286
-261116530 -918750953
#r 0 1.1804959306
-261116530 -917750953
#r 0 1.8853583062
-260934849 -918309344
#r 0 1.0994253985
118024946 613168088
#r 0 4.9163958718
118024946 612168088
#r 0 4.9132068122
105352933 674419572
#r 0 4.9017430301
-464226731 -787773296
#r 0 0.7176721403
-464226731 -786773296
#r 0 5.1088377062
-463920152 -787505665
#r 0 6.1206374333
-243669211 -909135288
#r 0 2.0762186431
-243669211 -908135288
#r 0 1.6655176467
-243554513 -909342562
#r 0 1.9670004692
-477273716 873997373
#r 0 4.4375352486
-477273716 872997373
#r 0 5.2666730937
-477467451 873310346
#r 0 5.2857269384
-723337552 322551553
#r 0 3.8872930579
-723337552 321551553
#r 0 3.8348092425
-734108867 312603195
#r 0 3.8617325760
-109826943 -461038229
#r 0 0.4590214002
-109826943 -460038229
#r 0 0.6158102260
-114513591 -463354513
#r 0 5.2106691304
273596302 -710435175
#r 0 1.7546961658
273596302 -709435175
#r 0 0.3816575178
273423221 -709504639
#r 0 5.0949967710
-495340295 -231301155
#r 0 2.0541847186
-495340295 -230301155
#r 0 4.0166922619
-495662595 -230687162
#r 0 2.0486299082
-335666797 -774290530
#r 0 5.5304041238
-335666797 -773290530
#r 0 4.2291201136
-336018613 -773960947
#r 0 5.4917291937
-44434562 -424288087
#r 0 0.6365283004
-44434562 -423288087
#r 0 0.7035754777
-53587254 -431053404
#r 0 0.4639647945
482272679 648017210
#r 0 4.7913553290
482272679 647017210
#r 0 3.4124431806
482350109 647038710
#r 0 5.6937188137
-848718430 -335529233
#r 0 6.0445398193
-848718430 -334529233
#r 0 0.7059528429
-849631007 -335307220
#r 0 5.4974828608
-538168394 -366123595
#r 0 4.9034628752
-538168394 -365123595
#r 0 4.9000005842
-527937778 -419013122
#r 0 1.7291548224
780704324 -493859950
#r 0 1.3495210540
780704324 -492859950
#r 0 3.8026904542
780976997 -492647847
#r 0 3.7641174117
101574837 -660299922
#r 0 2.1808259962
101574837 -659299922
#r 0 1.5256282074
101532383 -660239184
#r 0 2.5797349204
274165912 -778182756
#r 0 1.0661126536
274165912 -777182756
#r 0 5.2059586937
274438460 -777689367
#r 0 3.7713974302
-30247511 -354320033
#r 0 4.6392507742
-30247511 -353320033
#r 0 5.5343386058
-30178914 -353383791
#r 0 0.3954977567
196232884 -273237791
#r 0 2.6476344558
196232884 -272237791
#r 0 5.5176948931
198599897 -274512388
#r 0 0.4068214138
-43571381 -254057842
#r 0 4.7997297775
-43571381 -253057842
#r 0 0.0386526792
-43658649 -253061217
#r 0 0.0921900677
245238934 77228773
#r 0 4.4186474139
245238934 76228773
#r 0 2.0618847587
245045726 76590053
#r 0 5.9769740746
691449954 36763389
#r 0 5.6528043482
691449954 35763389
#r 0 3.6417481562
692233529 36191616
#r 0 0.8275285736
305194638 -415436078
#r 0 2.2569507537
305194638 -414436078
#r 0 2.7105180500
303880993 -413831903
#r 0 4.8125026540
326597884 -216545057
#r 0 3.3565045735
326597884 -215545057
#r 0 5.1475099136
327019898 -216452939
#r 0 4.9976551302
48717586 -293671845
#r 0 0.2708594156
48717586 -292671845
#r 0 5.9374944020
50285386 -293236493
#r 0 5.9198576179
530625494 -89118625
#r 0 1.0932767208
530625494 -88118625
#r 0 3.7081642563
531396881 -87627913
#r 0 5.7052475814
42124448 645983829
#r 0 0.7539139464
42124448 644983829
#r 0 5.4219159779
41649044 645537456
#r 0 5.5014533982
-178491570 670902010
#r 0 5.5789180466
-178491570 669902010
#r 0 4.2073493227
-178115400 670582412
#r 0 4.1149278059
78464923 432039983
#r 0 1.1067819223
78464923 431039983
#r 0 4.8863213779
78334874 431780124
#r 0 4.7933763702
160031141 -417843750
#r 0 1.5396970229
160031141 -416843750
#r 0 5.8352913082
160061792 -416858477
#r 0 1.8396116260
-430166093 553065446
#r 0 5.1701306210
-430166093 552065446
#r 0 6.2340371622
-429661220 552040612
#r 0 4.3616343856
17710008 853207122
#r 0 5.1024920133
17710008 852207122
#r 0 5.0358959855
15893396 857625218
#r 0 5.0531313108
14875479 -715975258
#r 0 4.5224906468
14875479 -714975258
#r 0 3.3543736068
15076022 -714931930
#r 0 1.0305828860
-415569731 -638404763
#r 0 4.7830193437
-415569731 -637404763
#r 0 2.9836305815
-415641285 -637393365
#r 0 2.9696278005
-773961145 -176289730
#r 0 6.0903522473
-773961145 -175289730
#r 0 0.3390132000
-775786341 -175933343
#r 0 5.9684134450
940988252 -325744210
#r 0 3.7036537759
940988252 -324744210
#r 0 1.6911083460
941100594 -325673454
#r 0 2.1138118121
-826089410 389315028
#r 0 5.9244160153
-826089410 388315028
#r 0 5.0962326769
-826565372 389493513
#r 0 5.5637079191
787581078 -76307990
#r 0 5.8690916077
787581078 -75307990
#r 0 2.1865375389
788607854 -76759265
#r 0 4.3257106058
-720594767 -54294382
#r 0 5.3072345151
-720594767 -53294382
#r 0 5.3079484326
0 0
#r 0 1.3079726464
594911311 732837332
#r 0 4.4708492137
594911311 731837332
#r 0 4.6134315648
595077615 733512407
#r 0 3.0891804363
288809318 -738112341
#r 0 0.9653805601
288809318 -737112341
#r 0 0.7243061372
290594628 -735532850
#r 0 0.8855293597
-344837829 -486706031
#r 0 2.0307450098
-344837829 -485706031
#r 0 2.6707314657
-345500264 -485368819
#r 0 0.4037318159
-62712054 -847301326
#r 0 5.0060992727
-62712054 -846301326
#r 0 0.3814487789
-62981789 -846409515
#r 0 1.8929465250
-250419138 -693493865
#r 0 5.5691571804
-250419138 -692493865
#r 0 0.0398528738
-251522366 -692537855
#r 0 4.3903425492
366755340 -91389671
#r 0 3.9650358801
366755340 -90389671
#r 0 4.4538446483
366385258 -91789041
#r 0 4.4720794933
961566412 68953195
#r 0 4.0143485328
961566412 67953195
#r 0 4.1851406893
963469108 71221161
#r 0 4.5119816058
597164501 -516317146
#r 0 4.6395781832
597164501 -515317146
#r 0 0.3816842855
597239640 -515286987
#r 0 4.2729504928
-877313621 -335845740
#r 0 5.9982754535
-877313621 -334845740
#r 0 0.8404804480
-878023048 -335637965
#r 0 1.3259965856
-380835327 -806301119
#r 0 0.6504785813
-380835327 -805301119
#r 0 0.6657800735
-421737540 -837426060
#r 0 4.9153359191
822465216 -184570263
#r 0 3.2489357246
822465216 -183570263
#r 0 3.2984516695
802624351 -186708260
#r 0 2.1394025256
186036512 447263379
#r 0 2.1721719177
186036512 446263379
#r 0 5.2358996220
182400326 452562721
#r 0 2.1008439302
-324336703 -906969741
#r 0 1.1260370758
-324336703 -905969741
#r 0 1.2162274173
-325995154 -910449439
#r 0 1.8408874792
-23877194 30146238
#r 0 0.7082316035
-23877194 29146238
#r 0 0.7358115512
-3460613 47632192
#r 0 0.7612340666
-646955563 126488175
#r 0 5.4990370765
-646955563 125488175
#r 0 5.0137529195
-647406079 126937566
#r 0 4.5780008177
647455009 119171730
#r 0 0.5631438448
647455009 118171730
#r 0 4.9599043644
647237080 119034143
#r 0 2.2288751486
-614105525 708095676
#r 0 4.5353173593
-614105525 707095676
#r 0 4.5866309623
-613674775 710502831
#r 0 4.5813004681
-144601442 -246545691
#r 0 0.5880347269
-144601442 -245545691
#r 0 3.5476652917
-140377456 -243729504
#r 0 1.4533643666
-755786970 456770808
#r 0 4.6325474645
-755786970 455770808
#r 0 5.8394152679
-755864050 455807451
#r 0 5.8606333405
-942398078 -178453409
#r 0 0.2022155821
-942398078 -177453409
#r 0 6.0375971031
-940203485 -178003479
#r 0 1.3277334773
711522906 98276513
#r 0 1.5616937312
711522906 97276513
#r 0 2.4218729809
711513875 97284429
#r 0 3.7397864998
-865732126 -389513957
#r 0 5.6710962503
-865732126 -388513957
#r 0 0.3008751771
-866719948 -388820474
#r 0 0.3298807184
457994694 -775492143
#r 0 2.4953631488
457994694 -774492143
#r 0 3.6965370352
457266998 -774943263
#r 0 2.5407818570
223679184 -734348721
#r 0 1.6386220719
223679184 -733348721
#r 0 1.4214313268
223632381 -733659733
#r 0 0.5052055545
590989480 604339845
#r 0 5.9422317786
590989480 603339845
#r 0 4.7021409931
590999691 604336222
#r 0 6.0494446699
33739637 326385330
#r 0 5.2093373322
33739637 325385330
#r 0 1.7852939317
33375537 327056672
#r 0 1.7112358831
107088828 -31836439
#r 0 0.6056312842
107088828 -30836439
#r 0 4.6921609306
107068310 -31850647
#r 0 4.7378098906
-86557720 15314172
#r 0 1.1815426870
-86557720 14314172
#r 0 0.4500084871
-87069262 14067064
#r 0 0.4424813313
187576655 288198927
#r 0 5.3703272095
187576655 287198927
#r 0 4.6194421946
187659837 288091291
#r 0 4.4892460760
376013911 294524797
#r 0 2.6313959805
376013911 293524797
#r 0 4.3868355156
376297839 294365906
#r 0 2.1116818692
278966036 620220652
#r 0 5.0452765684
278966036 619220652
#r 0 3.4298101052
279279644 619313628
#r 0 3.5074562087
-721859489 -551390151
#r 0 0.6954235195
-721859489 -550390151
#r 0 0.9675584953
-723479990 -552742451
#r 0 0.6805213329
388898961 -22604958
#r 0 4.5118407418
388898961 -21604958
#r 0 5.2959780071
389054392 -21840348
#r 0 1.0264600338
-862956667 140643757
#r 0 1.0246016413
-862956667 139643757
#r 0 0.4484091700
-863815801 139230432
#r 0 5.4803667116
-64393835 -548376194
#r 0 0.3934951577
-64393835 -547376194
#r 0 0.8922822058
-65605618 -548879262
#r 0 5.0702254408
-682022435 430113840
#r 0 4.8900344691
-682022435 429113840
#r 0 5.7074036898
-681819212 428981916
#r 0 4.9607908687
129522077 617343422
#r 0 3.1579585329
129522077 616343422
#r 0 4.7492947070
129485177 617342818
#r 0 4.6929646115
-709725211 -135667791
#r 0 6.1847793187
-709725211 -134667791
#r 0 6.1263650116
-692888419 -137330001
#r 0 6.2501674212
882172595 169931446
#r 0 1.1503457402
882172595 168931446
#r 0 3.5087790573
881632621 168723756
#r 0 3.7688778304
29768177 179516482
#r 0 4.5750874937
29768177 178516482
#r 0 5.0483399330
29669179 178799992
#r 0 4.9615719145
258981388 553416150
#r 0 5.4259355996
258981388 552416150
#r 0 3.1777517544
259820814 552446516
#r 0 3.2187346512
867622611 474026919
#r 0 2.2269485499
867622611 473026919
#r 0 2.2161270296
833713969 518066531
#r 0 5.3210958995
494169261 705240858
#r 0 4.2799468259
494169261 704240858
#r 0 3.3010214366
493670676 704160689
#r 0 3.6058706502
122469093 -725635014
#r 0 2.0672815249
122469093 -724635014
#r 0 1.6603631670
122576746 -725833729
#r 0 5.6793409291
-603116602 -663308573
#r 0 0.6364299082
-603116602 -662308573
#r 0 6.1252066675
-602003407 -662485912
#r 0 5.3342102648
-145539966 -887360284
#r 0 5.6346099354
-145539966 -886360284
#r 0 5.6221291952
-95135870 -925564517
#r 0 5.5606182511
682414660 608429595
#r 0 5.4594483612
682414660 607429595
#r 0 5.4682923041
735116913 551523013
#r 0 2.3251069544
-490982295 -354183775
#r 0 0.5172877356
-490982295 -353183775
#r 0 4.0110170316
-492608376 -355108960
#r 0 0.5087357812
-802812116 -220135267
#r 0 0.0865798702
-802812116 -219135267
#r 0 0.0646902326
-757391087 -216192864
#r 0 1.3794082837
250470454 471718324
#r 0 3.8334305255
250470454 470718324
#r 0 6.2431308831
249319052 470764467
#r 0 2.8515092316
439852827 37625603
#r 0 6.0001959566
439852827 36625603
#r 0 4.2809669280
440258822 37507542
#r 0 5.5440333149
-160210028 -311873695
#r 0 3.0620994536
-160210028 -310873695
#r 0 0.0514196876
-167836274 -311266180
#r 0 3.3587195537
378118500 -176315695
#r 0 1.0627980117
378118500 -175315695
#r 0 3.8611796044
379205630 -174363003
#r 0 3.8252371864
-866575725 -214630372
#r 0 0.9088160969
-866575725 -213630372
#r 0 0.5155876720
-865180078 -212839434
#r 0 0.5190896043
135413484 36622920
#r 0 2.8648251775
135413484 35622920
#r 0 2.9186662205
152846161 31671033
#r 0 4.8031574288
133848038 926203271
#r 0 4.3954033869
133848038 925203271
#r 0 4.0595747377
133273511 924451915
#r 0 2.8685765842
152317393 -838586251
#r 0 3.7722697042
152317393 -837586251
#r 0 0.5427499634
160192752 -832836040
#r 0 2.3352387133
866394399 -388688067
#r 0 4.0750768908
866394399 -387688067
#r 0 2.2681276556
866787425 -388157219
#r 0 1.4995010559
-110683473 -855371776
#r 0 2.2056605568
-110683473 -854371776
#r 0 2.1194654654
-107090468 -860249656
#r 0 0.2967296277
-778756986 -564076853
#r 0 6.1228622941
-778756986 -563076853
#r 0 1.5960482144
-778731625 -564080954
#r 0 6.1835994097
-737950047 -439455128
#r 0 1.3636949409
-737950047 -438455128
#r 0 0.7473207678
-737689135 -438213366
#r 0 6.2174087953
-609784449 -471338019
#r 0 1.1630772836
-609784449 -470338019
#r 0 1.8133625636
-609627133 -470973797
#r 0 1.3868332593
-23189346 649857189
#r 0 4.7877353953
-23189346 648857189
#r 0 3.4773643547
-23115794 648882858
#r 0 3.4661952948
919027675 186956176
#r 0 1.4240119926
919027675 185956176
#r 0 1.3371917721
918637223 184315267
#r 0 3.8742558034
-462062882 -817316296
#r 0 1.6954904128
-462062882 -816316296
#r 0 5.9736378559
-462193461 -816274533
#r 0 5.3261402342
-122964257 -333624352
#r 0 0.0609382715
-122964257 -332624352
#r 0 5.8348815631
-121119165 -333511776
#r 0 3.0851829864
-340634393 559951828
#r 0 1.3008068464
-340634393 558951828
#r 0 1.3882851890
-340080295 561954013
#r 0 4.1909456241
-909594700 -252680642
#r 0 0.2445055020
-909594700 -251680642
#r 0 0.1686935033
-896966077 -249529834
#r 0 0.2630484736
43912064 302995607
#r 0 0.1246824057
43912064 301995607
#r 0 2.4771370918
42811472 302857667
#r 0 1.7264261456
117420708 890129395
#r 0 2.5697784627
117420708 889129395
#r 0 2.5842806249
166633879 858459190
#r 0 2.6226559680
-468178342 -347725758
#r 0 0.6731010176
-468178342 -346725758
#r 0 3.7692361930
-454251213 -336621462
#r 0 0.6735198253
71200613 -222501511
#r 0 5.9847799117
71200613 -221501511
#r 0 5.0104494123
71539885 -222605868
#r 0 4.4072058531
-243623499 -789879633
#r 0 3.6622762511
-243623499 -788879633
#r 0 3.7145246851
-257581578 -797884171
#r 0 3.7117805216
-769324329 107708350
#r 0 4.8931341996
-769324329 106708350
#r 0 4.9931298206
-768825412 104978142
#r 0 5.8878252176
635566251 196520845
#r 0 4.7864891912
635566251 195520845
#r 0 4.0536238118
635633991 195608350
#r 0 2.5113406928
195202581 -473800941
#r 0 1.9970826819
195202581 -472800941
#r 0 1.6907389241
195366642 -474162201
#r 0 1.6708504815
308865562 -904406367
#r 0 1.4502874174
308865562 -903406367
#r 0 1.4590137589
307328788 -917096945
#r 0 1.3617403086
710295145 -265660052
#r 0 4.3097183844
710295145 -264660052
#r 0 2.3328046708
710589641 -264968657
#r 0 0.9255122378
-659887626 -690524746
#r 0 6.0655507400
-659887626 -689524746
#r 0 5.5808212997
-658288139 -690878452
#r 0 0.5790533028
582191960 -738122481
#r 0 6.2636258425
582191960 -737122481
#r 0 6.1966499799
597075123 -738413625
#r 0 0.0401672236
619956929 619639294
#r 0 5.8255337482
619956929 618639294
#r 0 3.2520496735
621614106 618823089
#r 0 5.3969536065
279378978 182926265
#r 0 3.4647227012
279378978 181926265
#r 0 3.4860655365
321201344 196931187
#r 0 4.8327263011
-31041134 -356688329
#r 0 0.0897808987
-31041134 -355688329
#r 0 2.9540897045
-27466572 -356366537
#r 0 0.2047579386
531322273 778893238
#r 0 5.4529554170
531322273 777893238
#r 0 5.4973987246
542056419 767150750
#r 0 5.4744671074
-409016762 -551302065
#r 0 6.2378496300
-409016762 -550302065
#r 0 3.5503915433
-411106317 -551207269
#r 0 5.5592382961
-242530425 -410578653
#r 0 6.1534870538
-242530425 -409578653
#r 0 5.5337888347
-241280486 -410741683
#r 0 0.2099107797
280793211 -921368331
#r 0 1.0365746804
280793211 -920368331
#r 0 2.2383349348
281131169 -920797072
#r 0 1.0711360596
730390034 137322819
#r 0 2.5943595807
730390034 136322819
#r 0 0.7077409680
731072668 136906887
#r 0 4.3582085783
336241334 349827929
#r 0 4.1697169203
336241334 348827929
#r 0 3.1686752516
335628251 348811321
#r 0 2.2794220108
182629508 -60733374
#r 0 4.5401384265
182629508 -59733374
#r 0 4.3912195471
182994186 -58637217
#r 0 4.4046686391
-14583895 -391538609
#r 0 4.8610907820
-14583895 -390538609
#r 0 4.4847929741
-14674863 -390931375
#r 0 5.5919125305
-529968658 -541423045
#r 0 4.5450386563
-529968658 -540423045
#r 0 4.4919100327
-529282671 -537362274
#r 0 4.5812025781
-295721070 -115687762
#r 0 1.6088418547
-295721070 -114687762
#r 0 1.6726435374
-295781724 -114094283
#r 0 1.6999735426
-860392259 105310463
#r 0 1.1720950683
-860392259 104310463
#r 0 5.1980352098
-860626537 104754332
#r 0 5.0814965912
134282577 690186611
#r 0 2.0301735243
134282577 689186611
#r 0 4.0054108687
134595850 689553318
#r 0 2.7974620881
120775521 105317247
#r 0 4.8307201318
120775521 104317247
#r 0 3.4950788202
120889411 104359271
#r 0 1.9547788195
705482076 -427802156
#r 0 2.1123022588
705482076 -426802156
#r 0 4.5644725479
705362655 -427603611
#r 0 4.4389929749
67711290 -820628312
#r 0 6.1142202488
67711290 -819628312
#r 0 2.5256434180
69572726 -820945857
#r 0 0.6863817641
433987350 508403551
#r 0 2.6888976366
433987350 507403551
#r 0 4.3211528020
434330919 508236445
#r 0 3.1840442413
-118050258 19266698
#r 0 3.8534594469
-118050258 18266698
#r 0 5.3231287636
-118486690 18890154
#r 0 5.2827816520
-797637337 -148047045
#r 0 1.4161791417
-797637337 -147047045
#r 0 5.7477184972
-797494668 -147131688
#r 0 0.0381877388
-297627869 -312378482
#r 0 5.8874663172
-297627869 -311378482
#r 0 2.9075230612
-303204620 -310048760
#r 0 3.3153668091
526708312 738674488
#r 0 5.5176241072
526708312 737674488
#r 0 4.3126789016
527008772 738385718
#r 0 5.5076696923
902408713 326691638
#r 0 6.2305520274
902408713 325691638
#r 0 1.7571554257
902218274 326701671
#r 0 6.1067883121
194389026 724215994
#r 0 4.3455456934
194389026 723215994
#r 0 4.3879299033
197087602 731239220
#r 0 3.5109512816
479784988 -770379991
#r 0 1.0040847802
479784988 -769379991
#r 0 2.6272255591
480253022 -769644480
#r 0 2.8013381330
-131810955 348029062
#r 0 2.5389076376
-131810955 347029062
#r 0 0.6447748507
-131116548 347551250
#r 0 5.6272113933
586522933 -217901995
#r 0 3.6925877779
586522933 -216901995
#r 0 5.2431345168
586954286 -217636939
#r 0 6.1917627848
-187748036 23994930
#r 0 3.8788065671
-187748036 22994930
#r 0 5.7311430363
-188404242 23399099
#r 0 2.5890159434
352205545 -810872443
#r 0 1.7260631576
352205545 -809872443
#r 0 4.1076044374
352077920 -810057089
#r 0 4.0821112399
-281264150 625950435
#r 0 0.0848511271
-281264150 624950435
#r 0 3.4857639047
-277606261 626261558
#r 0 3.7446652842
805993669 -555805939
#r 0 3.1403233883
805993669 -554805939
#r 0 2.5308329241
807424732 -555807755
#r 0 2.5620708964
109176579 830254230
#r 0 3.9836465578
109176579 829254230
#r 0 4.8605159209
109048731 830111008
#r 0 0.3259093907
454603456 -115132683
#r 0 5.3769642475
454603456 -114132683
#r 0 3.6052948714
454040537 -114414181
#r 0 3.8658719460
-841858840 456991149
#r 0 0.4145821253
-841858840 455991149
#r 0 5.5973343908
-842653453 456641448
#r 0 5.1022745759
-394302774 -111391377
#r 0 2.4632446472
-394302774 -110391377
#r 0 0.2593267435
-395236277 -110639036
#r 0 1.7487449455
-44928054 515757560
#r 0 1.7345896086
-44928054 514757560
#r 0 0.3498018508
-44772178 514814424
#r 0 0.3627295572
-121117037 -740886462
#r 0 3.2783361891
-121117037 -739886462
#r 0 2.3912691539
-120182286 -740757838
#r 0 3.2644691930
-104972969 -794518837
#r 0 1.0021171087
-104972969 -793518837
#r 0 1.3318012908
-105366742 -795134967
#r 0 2.1311734174
-228728329 -70115130
#r 0 3.3032587666
-228728329 -69115130
#r 0 6.1652098188
-225177386 -69536009
#r 0 4.1744961772
211817052 -353830981
#r 0 2.7827571858
211817052 -352830981
#r 0 1.0609950912
211354874 -353657630
#r 0 2.2222721635
714039536 -444378998
#r 0 4.3109714039
714039536 -443378998
#r 0 4.2321635660
716332368 -438977302
#r 0 4.1968301735
210279624 -719446913
#r 0 0.2610501747
210279624 -718446913
#r 0 2.6918850149
211613240 -719090642
#r 0 0.3756948488
-252990652 907596128
#r 0 4.9219291757
-252990652 906596128
#r 0 4.8541506143
-253424590 909636637
#r 0 4.3593833188
-111775591 385835601
#r 0 0.6736447074
-111775591 384835601
#r 0 2.6129557793
-112499028 385258151
#r 0 2.3125734720
-751715650 246572132
#r 0 2.3507433314
-751715650 245572132
#r 0 2.2733611436
-757593910 252514831
#r 0 2.2719303410
734240015 -107718197
#r 0 4.4424689763
734240015 -106718197
#r 0 4.7320724467
734258393 -107651771
#r 0 4.3586964194
451097033 876365304
#r 0 2.6098139190
451097033 875365304
#r 0 3.5626739335
452062117 875797536
#r 0 2.6931959961
-213751703 -188883800
#r 0 2.2068659594
-213751703 -187883800
#r 0 3.9667618300
-214162033 -188328139
#r 0 0.9399804967
-871609781 -439190600
#r 0 0.0916078064
-871609781 -438190600
#r 0 0.2332130220
-878474605 -439821237
#r 0 0.4596450313
873731973 -187795839
#r 0 0.9651264740
873731973 -186795839
#r 0 0.8608219445
877296152 -182648957
#r 0 0.9208124778
476321941 -514170025
#r 0 3.9996648698
476321941 -513170025
#r 0 4.3999084344
475806030 -514766954
#r 0 4.3941066725
648529161 -258031637
#r 0 0.2733712740
648529161 -257031637
#r 0 4.8939907686
648703795 -257982671
#r 0 4.9307446948
-947200162 54478327
#r 0 1.0550553097
-947200162 53478327
#r 0 5.6452410605
-947599321 53774245
#r 0 0.6804479698
-72923073 965837855
#r 0 6.0841287220
-72923073 964837855
#r 0 6.0388648728
-93943530 970078271
#r 0 4.8567113601
533900477 -572149686
#r 0 0.2493936845
533900477 -571149686
#r 0 0.1752924898
546789416 -568866923
#r 0 5.1515214527
-787439174 -505763987
#r 0 5.5825490428
-787439174 -504763987
#r 0 0.4815652125
-788171250 -505146571
#r 0 0.7588081210
-244124713 -774407860
#r 0 3.8946776825
-244124713 -773407860
#r 0 0.3395660892
-242412756 -772803113
#r 0 1.9938150430
912688030 366379819
#r 0 4.3588261223
912688030 365379819
#r 0 5.3410369993
912443228 365716527
#r 0 5.3145273013
65744808 676218049
#r 0 4.3002575630
65744808 675218049
#r 0 2.7114468024
65380675 675385112
#r 0 3.3430791731
-530446177 836542796
#r 0 6.1108061641
-530446177 835542796
#r 0 4.8947471732
-530636701 836575968
#r 0 5.4372220742
-415563059 -298865844
#r 0 3.9476534545
-415563059 -297865844
#r 0 4.3233973914
-416278594 -299611577
#r 0 4.0089769883
-886033412 -228132643
#r 0 5.4652822563
-886033412 -227132643
#r 0 6.1189592087
-887142675 -226948818
#r 0 0.3618177851
-277974413 -935647969
#r 0 1.6750679793
-277974413 -934647969
#r 0 6.0572792928
-278081643 -934623324
#r 0 2.2776693891
200104270 740576328
#r 0 3.7785674219
200104270 739576328
#r 0 5.8058404567
199308784 739987786
#r 0 4.3979440434
-138670661 -326693416
#r 0 0.0868298611
-138670661 -325693416
#r 0 4.6466066768
-138736918 -326699184
#r 0 2.9088340456
-420259027 -893966584
#r 0 5.5045140222
-420259027 -892966584
#r 0 5.5572482629
-430359136 -884001453
#r 0 0.4231499571
-798050443 -196980374
#r 0 6.1304556214
-798050443 -195980374
#r 0 6.0823985044
-777889513 -200083714
#r 0 0.4126973157
-402542994 -134498653
#r 0 1.2347061664
-402542994 -133498653
#r 0 0.5860530619
-402088170 -133196716
#r 0 4.4664420132
508744237 816338581
#r 0 5.3087033393
508744237 815338581
#r 0 4.7389656876
508716570 816379343
#r 0 4.3594580553
-397593185 913590386
#r 0 4.9693788828
-397593185 912590386
#r 0 5.7429731008
-397281216 912403292
#r 0 5.9769973149
-443314379 -868631678
#r 0 5.4879805137
-443314379 -867631678
#r 0 5.4897813357
-716019681 -590524590
#r 0 1.5967758746
-533147680 613971414
#r 0 0.0288386390
-533147680 612971414
#r 0 4.0288657814
-532313577 613995475
#r 0 2.7856386724
-770932227 -336799630
#r 0 0.1708863894
-770932227 -335799630
#r 0 0.9959739044
-771661551 -336925489
#r 0 0.2459395708
-313801222 -169811900
#r 0 1.4154601294
-313801222 -168811900
#r 0 1.0260683574
-313590041 -168463345
#r 0 3.9047814982
396351162 236536477
#r 0 2.6373896308
396351162 235536477
#r 0 4.1662735928
396806303 236285343
#r 0 4.5566680034
653214263 -656222690
#r 0 2.6161885872
653214263 -655222690
#r 0 4.5640989892
653076783 -656142985
#r 0 4.5915642280
-126037657 252119065
#r 0 0.0415159686
-126037657 251119065
#r 0 3.7886134572
-124637046 252177246
#r 0 1.3674870549
795662488 -210263076
#r 0 3.4349956111
795662488 -209263076
#r 0 3.4564330067
753200176 -223091898
#r 0 3.5687734831
-552602322 134431660
#r 0 2.0210470357
-552602322 133431660
#r 0 3.8021764340
-552250936 133704701
#r 0 4.3617421716
-25074801 475442830
#r 0 0.4880655964
-25074801 474442830
#r 0 1.2694140230
-24702509 475640482
#r 0 1.3189378584
-581753711 58339560
#r 0 3.1098000270
-581753711 57339560
#r 0 3.0570693169
-600649496 58940509
#r 0 3.1183192734
-123676106 -141587957
#r 0 1.8341373575
-123676106 -140587957
#r 0 5.7226368223
-124000628 -140384250
#r 0 3.6117465402
-770394741 -202777594
#r 0 5.8835964243
-770394741 -201777594
#r 0 6.2173064724
-773201094 -201592447
#r 0 5.9809163273
226219170 40973701
#r 0 5.0739114534
226219170 39973701
#r 0 5.2404903933
227294058 38131150
#r 0 5.1270764036
-730767039 -317649186
#r 0 0.2221497690
-730767039 -316649186
#r 0 5.8991971693
-729179542 -317290606
#r 0 6.2372200847
313987082 -595303530
#r 0 4.8702196409
313987082 -594303530
#r 0 4.9312163106
313427350 -591786620
#r 0 1.8926903193
422385780 609464897
#r 0 3.0505891452
422385780 608464897
#r 0 5.0001801156
422081553 609492659
#r 0 4.1144483709
-283682688 -708434606
#r 0 4.7336279284
-283682688 -707434606
#r 0 1.5603803058
-283689677 -708105583
#r 0 1.9413064962
-165174039 -771223105
#r 0 2.2822943854
-165174039 -770223105
#r 0 2.3578842545
-171298394 -764119413
#r 0 2.3638897193
-595802012 -385074130
#r 0 6.2408306927
-595802012 -384074130
#r 0 6.1799024211
-579481277 -385765802
#r 0 6.1861083340
277214466 -802769623
#r 0 1.1607504047
277214466 -801769623
#r 0 5.2557998722
277467251 -802188088
#r 0 5.3487731254
-49223034 10182434
#r 0 5.1886102317
-49223034 9182434
#r 0 0.7603035897
-48876977 9511544
#r 0 1.4755171958
606551053 -19018638
#r 0 2.5567791903
606551053 -18018638
#r 0 3.7347418062
605802660 -18523149
#r 0 3.5344452096
-355498144 909755308
#r 0 5.5621731335
-355498144 908755308
#r 0 4.4178309594
-355258624 909544803
#r 0 5.6454495808
47076853 -733059593
#r 0 4.3906657797
47076853 -732059593
#r 0 2.1640902760
47299907 -732390369
#r 0 2.1570693518
-374230082 240356462
#r 0 2.3315145051
-374230082 239356462
#r 0 4.8725857015
-374424702 240560934
#r 0 2.1136535861
57914385 673072022
#r 0 3.1863017267
57914385 672072022
#r 0 3.6256799334
59993049 673165019
#r 0 3.5132972305
-434227853 -134865342
#r 0 3.1962820768
-434227853 -133865342
#r 0 1.1281679784
-434714475 -134891982
#r 0 2.6854372062
-803935016 3201268
#r 0 5.3892418177
-803935016 2201268
#r 0 5.5446258079
-800942357 -523403
#r 0 5.5486197893
612533705 664406426
#r 0 5.5411447983
612533705 663406426
#r 0 5.6292797849
619180302 658312571
#r 0 5.2431631989
-128789750 -864403732
#r 0 5.3934992837
-128789750 -863403732
#r 0 3.3008599355
-129506886 -863518924
#r 0 5.4044787577
49745228 181238661
#r 0 4.4616672018
49745228 180238661
#r 0 3.8160864187
49423163 179981140
#r 0 2.5157415057
582907428 511612935
#r 0 6.1800936155
582907428 510612935
#r 0 0.4365412804
584661751 511431435
#r 0 5.2091265091
616180789 -199370439
#r 0 5.9885463296
616180789 -198370439
#r 0 5.0283383413
616543691 -199480569
#r 0 6.0154380033
144982153 -279834439
#r 0 0.9124074468
144982153 -278834439
#r 0 0.8912475525
163155059 -256340862
#r 0 0.8104122507
-152837913 140842892
#r 0 1.1348485539
-152837913 139842892
#r 0 3.6574385404
-153470984 139483904
#r 0 4.0833513620
549838263 -730153584
#r 0 6.1501847269
549838263 -729153584
#r 0 2.0787997445
550439811 -730234065
#r 0 6.1372651528
-591139324 -247371007
#r 0 5.2296580427
-591139324 -246371007
#r 0 5.6685280501
-592090096 -245699882
#r 0 5.7214586868
-753947354 98952221
#r 0 5.9097872908
-753947354 97952221
#r 0 5.9324341260
-715333649 83824239
#r 0 5.9349484535
-98352464 -743450637
#r 0 3.5777458125
-98352464 -742450637
#r 0 0.3366342124
-89741806 -739437299
#r 0 3.6826293934
611104978 -524723090
#r 0 3.9022008895
611104978 -523723090
#r 0 0.4393316096
613181194 -522747343
#r 0 0.9970414041
-276948858 -364114257
#r 0 0.8433816238
-276948858 -363114257
#r 0 2.9196284016
-276207532 -363281562
#r 0 5.4632342866
-558362802 302376104
#r 0 2.8421376998
-558362802 301376104
#r 0 4.5101994540
-558170013 302316582
#r 0 0.2128557182
-267275647 10250653
#r 0 4.2701830336
