701687785 -541700890
#r 0 1.5195202526
704250465 -491766606
#r 0 4.5876020869
701138883 -516572211
#r 0 1.3992566322
703272628 -504255673
#r 0 4.4809434378
701838973 -510339021
#r 1 701256531 -510971396
-499127383 633119407
#r 0 4.4403431603
-512562512 584958247
#r 0 4.3661447581
-529530878 537925550
#r 0 4.9899416872
-515830736 489839106
#r 0 4.4476034041
-528915852 441581674
#r 0 1.3731005371
-524005589 466094718
#r 0 6.1994923540
-511493423 465045086
#r 0 3.0262409206
-517729758 465767666
#r 0 3.1452632859
-520871910 465756132
#r 0 3.0296841480
-522438010 465932127
#r 1 -522141647 466005990
-483608482 -622730427
#r 0 0.0532113477
-433679251 -620071115
#r 0 0.0989811695
-383923983 -615130134
#r 0 6.1723798062
-334230616 -620659079
#r 0 2.9543091624
-358793456 -616004315
#r 0 3.1384021632
-371366255 -615964201
#r 0 0.0133911247
-365080388 -615880021
#r 0 0.5384023104
-362381104 -614267847
#r 0 3.7248685942
-363693227 -615133666
#r 1 -364133287 -615304452
-400050622 -282770132
#r 0 5.1888830608
-377117291 -327200553
#r 0 3.5990394035
-421976445 -349283494
#r 0 6.1867314350
-372208848 -354098713
#r 0 3.2717463859
-396997397 -357343377
#r 0 3.4068967356
-409661830 -360784418
#r 0 1.0182034821
-405239594 -353613361
#r 0 3.4045721174
-413586340 -355860425
#r 0 1.1926385969
-411618333 -350906698
#r 0 6.2048723736
-406392138 -351316815
#r 0 5.3044478662
-402006709 -357837494
#r 0 3.0231620563
-412792955 -356554066
#r 0 3.6039473947
-418034613 -359166430
#r 0 3.5711188153
-422871379 -361381899
#r 0 2.6702595511
-428275724 -358627607
#r 0 2.7600685292
-433505155 -356529658
#r 0 5.9156470928
-430876025 -357541962
#r 0 3.4184769312
-432231279 -357927103
#r 0 3.4596460731
-434139093 -358555213
#r 0 3.6144367597
-436749301 -359890463
#r 0 3.6398849745
-440511999 -361937699
#r 0 5.6265043237
301295572 728310821
#r 0 0.2374896085
349892154 740073993
#r 0 2.8872374418
301500867 752655064
#r 0 6.1521058650
326286402 749387454
#r 0 5.8542414523
337825214 744110255
#r 0 5.6441091314
342931690 740315587
#r 0 2.4530452340
340475402 742336859
#r 1 340800054 741890847
538670319 187274473
#r 0 4.7330300524
539702299 137285124
#r 0 0.2492232937
588157513 149617690
#r 0 3.1311782866
563158870 149878044
#r 0 5.9099152083
575553810 145023814
#r 0 2.9139251259
569069771 146526064
#r 0 0.0685681206
572389845 146754073
#r 1 572766729 146257346
-356518068 -65592954
#r 0 0.5696107137
-314412519 -38627741
#r 0 4.1576155006
-340750057 -81128730
#r 0 0.2891117841
-292825183 -66873681
#r 0 0.7044074329
-254725412 -34494561
#r 0 0.6783904492
-215796223 -3117528
#r 0 2.6960013421
-260914022 18432048
#r 0 0.7920211030
-225793613 54020766
#r 0 0.2074219795
-176865359 64317657
#r 0 3.4868575174
-200390005 55856509
#r 0 0.7885946456
-191413884 64890198
#r 0 6.1910767266
-173461786 63231964
#r 0 3.2561586505
-182416953 62201494
#r 0 3.0896255745
-187105662 62445372
#r 0 0.9497045968
-185664361 64459605
#r 0 0.3988587227
-183007836 65579194
#r 0 5.7197524066
-179442572 63326867
#r 0 0.7383832144
-174978248 67389979
#r 0 3.1670324567
-183287883 67178538
#r 0 0.3647680125
-179344569 68684317
#r 0 0.9614400764
-175724055 73871590
#r 0 1.2241328913
-276446552 932869643
#r 0 6.1577140588
-226839612 926612528
#r 0 0.0377603997
-176875254 928500099
#r 0 6.0436140392
-128303264 916635791
#r 0 5.4881358925
-93290790 880940881
#r 0 0.1108222374
-43597515 886470658
#r 0 1.5091232744
-40515817 936375599
#r 0 4.5029023089
-45714762 911922155
#r 0 4.7550271321
-45170450 899164057
#r 0 1.4757287217
-44564371 905520077
#r 0 4.8324177649
-44182108 902350621
#r 0 1.6135060596
-44250261 903945377
#r 1 -44326480 903903298
-550539604 -271667289
#r 0 0.7599157365
-514294901 -237224271
#r 0 2.4334122831
-552272237 -204701633
#r 0 3.6421344727
-596138371 -228696681
#r 0 2.7261795846
-641885856 -208518286
#r 0 5.7666667117
-620147262 -220864684
#r 0 5.5467443079
-610792359 -229345693
#r 0 0.1171815726
-603508480 -228488228
#r 0 5.2018677284
-601775200 -231741877
#r 0 6.0016867431
-598697887 -232631767
#r 0 1.7440842463
-599102583 -230319792
#r 0 3.0244072899
-600780745 -230122231
#r 0 5.1147055094
-599829997 -232356517
#r 0 0.6576924958
-597773011 -230767672
#r 0 0.9180006660
-596971722 -229719722
#r 0 1.5738268521
-596973721 -229059974
#r 0 5.4298265882
-596674273 -229403163
#r 0 5.6249840536
-596323527 -229674370
#r 0 1.6720561909
-596373821 -229179386
#r 0 5.8955411452
-596125213 -229280894
#r 0 1.4510566127
-596090311 -228990806
#r 0 2.0605935620
-618319202 -169265767
#r 0 1.2861070641
-604276240 -121278318
#r 0 2.4438091024
-642589649 -89152274
#r 0 2.4989412925
-682615127 -59186275
#r 0 2.4436448694
-720923259 -27053939
#r 0 3.3795347885
-769514513 -38839101
#r 0 0.5523526826
-748232202 -25721813
#r 0 4.4507794961
-751767934 -38927374
#r 0 1.6217847080
-752116307 -32100904
#r 0 2.2299348337
-754403308 -29148889
#r 0 2.1438909654
-756317086 -26183370
#r 0 1.2574451621
-755068981 -22331509
#r 0 2.3512022762
-757753526 -19620025
#r 0 2.2601054565
-761349727 -15256632
#r 0 0.2132370303
-753149446 -13481034
#r 0 2.2793215210
-757441400 -8472730
#r 0 0.2753281907
-748032872 -5814793
#r 0 2.5719807310
-756415245 -446544
#r 0 1.6349055974
-757266255 12809629
#r 0 2.6130612733
-774354298 22788122
#r 0 2.4658261375
-795848041 40019297
#r 0 2.7433687485
755102565 -188650360
#r 0 2.3057746814
721574010 -151558097
#r 0 3.0879577463
671645910 -148877637
#r 0 1.9439067787
653420228 -102317735
#r 0 3.3407112078
604408162 -112208004
#r 0 3.3401736252
555390787 -122071923
#r 0 4.6852211112
554032561 -172053472
#r 0 1.4869365606
556126599 -147141326
#r 0 1.6117312383
555613415 -134611732
#r 0 1.5452595169
555773536 -128342885
#r 1 555920423 -127805777
380790345 -501424583
#r 0 2.4867082452
341134428 -470971205
#r 0 1.4921805860
345061167 -421125636
#r 0 3.3966114994
296678240 -433738818
#r 0 2.7251808154
250950932 -413514742
#r 0 2.7369420796
204988931 -393829863
#r 0 1.8630530910
190583230 -345950058
#r 0 4.3133016372
171154352 -392020859
#r 0 2.3335742144
136607737 -355874885
#r 0 5.3989794121
152455334 -375210181
#r 0 2.4992872860
142446373 -367722144
#r 1 143172263 -367573667
-579009961 358478730
#r 0 0.2124261946
-530133847 369020339
#r 0 3.8565699237
-567889254 336240326
#r 0 0.4585603198
-545471986 347306766
#r 0 3.8401788604
-555043888 339267570
#r 0 3.9585347722
-559560345 334456798
#r 0 0.3529722932
-555564043 335929038
#r 0 3.7108656873
-557357648 334781232
#r 0 3.9428017526
-558132277 333981712
#r 0 3.7500198854
-558749747 333551595
#r 0 0.1244546448
-558146898 333627012
#r 0 4.2882692674
-558484141 332880111
#r 0 4.2735967202
-558889650 332016051
#r 0 3.8467763106
-559853403 331195716
#r 0 0.0085709358
-558216352 331209747
#r 0 0.0630810566
-556462744 331320513
#r 0 3.6476475905
-558390549 330252141
#r 0 3.9186765759
-559946355 328721993
#r 0 4.5199712735
-560495936 325901141
#r 0 3.6809316347
-564188401 323691084
#r 0 3.7572399751
-568971826 320307489
#r 0 3.3167856166
299350043 -849072587
#r 0 1.7081634202
292503269 -799543589
#r 0 0.0021261391
342503156 -799437282
#r 0 2.4039624606
305499935 -765810482
#r 0 2.4137618125
268168975 -732547899
#r 0 2.4986934408
228150925 -702571980
#r 0 1.4503311989
234159624 -652934338
#r 0 2.8485681881
186290892 -638491884
#r 0 3.1243701542
136298307 -637630802
#r 0 0.1238892655
161106695 -634541487
#r 0 2.8126708248
149043925 -630424215
#r 0 5.3675912769
160654718 -645533664
#r 0 2.1588620580
155369218 -637606498
#r 0 2.3256839914
152090331 -634121168
#r 0 2.1484792103
150782347 -632114632
#r 1 150875581 -632692988
547958642 -796389549
#r 0 3.1971427848
498035768 -799165627
#r 0 2.9078543074
449395401 -787584836
#r 0 5.3127094317
477640747 -828842568
#r 0 2.0259405650
466650950 -806387627
#r 0 2.3874634651
457350391 -797651248
#r 0 2.4312378402
452486901 -793467937
#r 0 5.5139288648
454791298 -795699116
#r 0 2.6416278085
453383824 -794930274
#r 1 453904928 -795066435
120566706 -818818612
#r 0 2.3780539756
84447026 -784244508
#r 0 0.5102985949
128076961 -759822617
#r 0 3.8528573915
109138540 -776142426
#r 0 0.9800346235
116100962 -765760969
#r 0 3.6686593708
110324313 -769122883
#r 0 3.6048553368
101359873 -773600791
#r 0 1.4898163560
102575697 -758619738
#r 0 2.5802945288
91769459 -751825215
#r 0 2.1641101842
81376174 -736413275
#r 0 2.6689541089
58119946 -724522604
#r 0 1.6103937008
56568953 -685374002
#r 0 1.0293905746
83167738 -641141634
#r 0 1.3102224373
99513876 -579836600
#r 0 3.1073422901
8448142 -576716345
#r 0 2.5746960512
-83805353 -517987878
#r 0 5.8677075031
-33777060 -540058330
#r 0 2.8944620419
-60286569 -533370308
#r 0 5.9736478359
-47266171 -537534460
#r 0 2.7444832925
-53569325 -534890980
#r 0 4.8682427967
-53034795 -538292851
#r 0 1.8621645698
137093106 -178832048
#r 0 1.1245796013
158670896 -133727736
#r 0 1.0899010272
181799552 -89398679
#r 0 1.1429105075
202546960 -43906426
#r 0 0.9758949262
230568315 -2496238
#r 0 1.5069295310
233759484 47401822
#r 0 6.0004340001
281774057 33451884
#r 0 2.9294470329
257334523 38715831
#r 0 5.8300623884
268573076 33243639
#r 0 2.8428067940
262599986 35083389
#r 0 2.4318389206
260173908 37167634
#r 0 2.5631302228
258819970 38051719
#r 1 259232984 37725271
-671832205 450572368
#r 0 4.8279470317
-666067153 400905838
#r 0 3.9176229819
-701752139 365883248
#r 0 3.9649887634
-735738850 329210323
#r 0 5.5215076308
-699554890 294703497
#r 0 5.2767216489
-672812286 252456211
#r 1 -673285101 251825679
-468532303 -84888903
#r 0 4.5396327630
-477127212 -134144639
#r 0 2.3255096614
-511381206 -97721241
#r 0 2.2560730937
-543025572 -59009045
#r 0 3.3076068897
-592338135 -67271680
#r 0 1.4171506013
-584686039 -17860695
#r 0 1.7264263426
-592436166 31535009
#r 0 1.1671629881
-572798051 77517010
#r 0 4.2410500940
-584150040 55242983
#r 0 4.3822446351
-588220811 43363977
#r 0 4.2134995778
-591224910 37850466
#r 0 0.7457369976
-588863003 40032077
#r 1 -589476172 39539727
242220329 -192797614
#r 0 5.6311821024
281963823 -223136609
#r 0 5.6812728221
323176535 -251447603
#r 0 5.6865685534
364538596 -279539950
#r 0 2.4997075509
344514382 -264572290
#r 0 2.5507398900
334112310 -257594670
#r 1 333749298 -258337953
474168597 127670696
#r 0 2.3976266538
437379170 161531264
#r 0 2.0509379354
414283931 205877740
#r 0 2.4580108806
375518154 237456444
#r 0 6.0703474256
424389924 226894714
#r 0 0.3834153744
470759543 245599216
#r 0 3.2438642596
445890174 243046881
#r 0 3.2867100449
432585749 241102509
#r 0 3.1850282603
424392372 240746401
#r 0 3.4571824636
417808572 238596777
#r 0 3.2584614512
411141457 237814032
#r 0 3.1699554722
402560719 237570593
#r 0 3.4862493759
391125256 233465434
#r 0 1.2340873660
396726466 249467139
#r 0 4.4051288857
394162657 241387293
#r 0 4.3133204105
392514345 237478523
#r 0 4.3932400249
391848126 235462397
#r 1 391636483 234713133
595496296 -707793242
#r 0 1.6189785650
593088116 -657851269
#r 0 1.4555468799
598837840 -608182962
#r 0 1.5858940857
598082981 -558188660
#r 0 3.3797704527
549494506 -569985273
#r 0 1.6485951068
545608490 -520136513
#r 0 1.0114605876
572139654 -477756124
#r 0 0.8120566637
606540022 -441470939
#r 0 2.1983424223
577182014 -400997400
#r 0 0.6885842172
615789336 -369225169
#r 0 3.6703802668
594203853 -381837341
#r 0 0.4592430434
605408706 -376296470
#r 0 0.6128456058
610545954 -372684148
#r 1 610054958 -373126215
677928845 -196320030
#r 0 5.7226640748
720277751 -222901417
#r 0 5.9142804573
766913891 -240931126
#r 0 3.1350876651
716914949 -240605879
#r 0 0.0925785603
741807890 -238294720
#r 0 0.0428552169
754418324 -237753966
#r 0 3.7632285263
749177727 -241508233
#r 0 0.6863800350
751671087 -239465502
#r 0 0.9438804993
752620511 -238154870
#r 1 752447756 -238664181
134234208 -184258840
#r 0 4.8661805796
141893512 -233668708
#r 0 5.0864097241
160161569 -280212001
#r 0 4.9738345058
173085430 -328512869
#r 0 3.7166488879
131127344 -355706968
#r 0 5.9790559520
178832746 -370680098
#r 1 179798253 -370746778
-222667336 -46611794
#r 0 4.5275389187
-231857294 -95759985
#r 0 3.9134006255
-267689839 -130631588
#r 0 1.0091821018
-254376010 -109471675
#r 0 2.6852759193
-266209611 -103662919
#r 0 0.9967302407
-256638435 -88863356
#r 0 3.4456059728
-268910102 -92713458
#r 0 3.4961804391
-286342600 -99167602
#r 0 2.7210499700
-311260122 -88023898
#r 0 5.1628283233
-293893830 -123934564
#r 0 0.9878530463
-275140314 -95493568
#r 0 1.0401595882
-264187715 -76827737
#r 0 0.6838593164
-249667091 -64992493
#r 0 1.1607413826
-242580845 -48690899
#r 0 4.6947512053
-243006556 -72824737
#r 0 3.7270195340
-253634045 -79870258
#r 0 4.7568632256
-253034784 -93335712
#r 0 1.1089889337
-248285977 -83794243
#r 0 0.9666962026
-242513631 -75430621
#r 0 0.2358026369
-231354716 -72749440
#r 0 1.0962237111
-226096032 -62513197
#r 0 2.6121279572
219528894 970092025
#r 0 6.0720989879
268419088 959615913
#r 0 4.2618741007
246647633 914604762
#r 0 5.8469311910
291964675 893477392
#r 0 0.1486776627
341413066 900883918
#r 0 6.1608959028
391039664 894784676
#r 0 0.7606171591
409470074 912323548
#r 0 4.8462837874
416144829 862771074
#r 0 2.0613886900
392587406 906873770
#r 0 5.6802547852
433771275 878520835
#r 0 2.6096498573
412225693 891201051
#r 0 2.4920986367
402220801 898798829
#r 0 2.2648930105
398200314 903629712
#r 0 5.2729616608
399871102 900968152
#r 0 2.0644413175
399126578 902351822
#r 1 399316800 902210565
-384209398 -106897359
#r 0 2.5663140038
-426161435 -79693928
#r 0 2.7000510947
-471366134 -58327244
#r 0 5.1643273122
-449530630 -103307359
#r 0 4.3677474417
-466423596 -150367190
#r 0 0.6452537847
-426476238 -120297129
#r 0 4.3621263849
-443633462 -167261261
#r 0 4.2050203868
-467927413 -210962565
#r 0 0.3435416468
-420849030 -194121370
#r 0 2.5096026388
-461191705 -164583791
#r 0 5.0992999845
-442325227 -210887743
#r 0 4.2467099690
-464776708 -255563587
#r 0 4.2473251852
-487200699 -300253235
#r 0 4.0811585807
-516707624 -340618336
#r 0 4.3300439783
-535362482 -387007950
#r 0 4.2427316956
-557991517 -431594122
#r 0 1.2410956397
-549897521 -407940641
#r 0 5.0415445455
-545778712 -419998693
#r 0 1.2955809859
-541077901 -403351648
#r 0 1.2029730763
-537964932 -395273590
#r 0 1.3750865132
-537122358 -391023478
#r 1 -537972345 -391439677
615373946 -411111791
#r 0 1.6034126571
613743419 -361138384
#r 0 3.6423691090
569882917 -385143724
#r 0 1.8448526882
556350985 -337009673
#r 0 1.5370130642
558039827 -287038203
#r 0 1.6016875541
556495511 -237062058
#r 0 1.7601565387
547083982 -187955815
#r 0 1.7033764720
540474378 -138394609
#r 0 1.7541990821
531355563 -89233169
#r 0 4.9325350562
536814867 -113629807
#r 0 0.3332634990
548643050 -109535182
#r 0 3.4611736375
542701501 -111501386
#r 0 3.5714676168
539856456 -112805753
#r 1 538995611 -113042685
326662212 790338362
#r 0 3.9258918625
291268040 755021898
#r 0 4.5396816549
282675539 705765742
#r 0 3.9456730000
247986846 669756096
#r 0 5.3342196887
277113054 629115427
#r 0 3.4509009877
229485837 613895434
#r 0 3.7273061037
187819942 586255731
#r 0 0.8362110652
204576927 604808450
#r 0 0.8974907422
212843846 615172561
#r 0 3.7740584923
207497349 611254123
#r 0 4.4332315051
206522412 607852890
#r 0 4.1803426387
205605987 606296116
#r 1 205419119 606008004
340630368 -61653550
#r 0 0.8638409256
373106460 -23636403
#r 0 0.6093851325
414106465 4981766
#r 0 0.6661043358
453418208 35878155
#r 0 2.3903241511
416877027 70006473
#r 0 0.9348247689
446574997 110231224
#r 0 5.9383236889
493631109 93327902
#r 0 5.8386033234
538770635 71823875
#r 0 2.8568864193
514777031 78845763
#r 0 5.7955609949
525820135 72989158
#r 0 0.2968947135
532037105 74891160
#r 0 3.5098275849
529004315 73721007
#r 1 529675356 74143997
-936931568 -253662529
#r 0 0.1369750518
-887399889 -246835173
#r 0 0.5548003170
-844899607 -220496494
#r 0 4.6462675633
-848203269 -270387233
#r 0 1.4987442441
-846403525 -245452099
#r 0 1.5213188716
-845785287 -232966958
#r 0 1.5049080347
-845373721 -226729585
#r 1 -845466620 -227606169
-55698254 -527054964
#r 0 5.1417574252
-34883421 -572516406
#r 0 1.9587284899
-44340297 -549374076
#r 0 2.1605281260
-51303948 -538967633
#r 0 2.3741522428
-55873011 -534559792
#r 0 5.6670649677
-53282359 -536394150
#r 1 -53481713 -536091905
-176767589 -188188183
#r 0 1.4204428943
-169278210 -138752273
#r 0 1.1880789682
-150606079 -92369609
#r 0 0.8486483262
-117556178 -54850227
#r 0 4.3459833096
-135469279 -101531281
#r 0 0.9598820443
-121128864 -81053184
#r 0 0.9696455801
-113650214 -70148619
#r 0 4.2481015363
-116610682 -76060096
#r 0 0.8265393954
-114371334 -73628470
#r 0 0.6452953684
-112951736 -72559787
#r 0 3.0986192422
-114205726 -72505866
#r 0 1.2055287917
-113773190 -71374843
#r 0 0.8989036304
-113389633 -70892587
#r 0 4.2182156092
-113535763 -71163820
#r 0 0.9545773940
-113446732 -71038108
#r 0 1.4397907489
-113436522 -70960617
#r 0 1.1917492135
-113421235 -70922238
#r 0 0.4440786912
-113401670 -70912929
#r 0 1.2477439947
-113397918 -70901722
#r 0 0.8815019278
-113393996 -70896964
#r 0 1.0636696181
-113392495 -70894263
#r 0 4.1530453412
133207554 429148051
#r 0 5.7030855929
175027954 401742684
#r 0 4.2704097941
153641489 356547340
#r 0 0.8046927431
188308123 392578222
#r 0 4.0325409884
172591253 373136515
#r 0 2.2900409355
164295040 382609973
#r 0 5.3342924750
167963159 377492524
#r 0 5.7536868400
170705806 375887407
#r 1 170853846 375411751
420725815 -425022251
#r 0 3.7632529722
380080183 -454141534
#r 0 0.1804477171
429268355 -445168032
#r 0 3.3190407056
404660921 -449580989
#r 0 3.2460735470
392228974 -450884637
#r 0 3.3663681311
386098287 -452286352
#r 0 0.2187566580
389167793 -451603957
#r 0 2.6789267328
387760814 -450902193
#r 0 3.4654237606
385642838 -451613085
#r 0 3.3886964098
382430327 -452423470
#r 0 3.5133357682
377809702 -454224912
#r 0 1.6752159826
377038342 -446864667
#r 0 1.6361927191
376524904 -439024690
#r 0 3.4999499401
367310310 -442475819
#r 0 1.2157159197
371881976 -430146509
#r 0 1.8389040452
368033816 -416139039
#r 0 3.7855252092
351103361 -428848297
#r 0 3.4103111116
328611867 -435041981
#r 0 0.1343682979
340171084 -433479373
#r 0 1.1017353236
342854609 -428184180
#r 0 1.6460321579
342543598 -424058164
#r 0 3.2527706980
-984543034 144270826
#r 0 0.7002248453
-946308168 176490308
#r 0 6.1531838080
-896730083 170008527
#r 0 0.7851763581
-861366903 205356023
#r 0 6.0523896071
-812692669 193918413
#r 0 6.2318685866
-762758490 191353703
#r 0 4.8005186036
-758357711 141547748
#r 0 1.7648996040
-763179879 166078274
#r 0 1.6359526924
-764002838 178690924
#r 0 1.5753888467
-764032055 185052743
#r 0 1.3816367915
-763427680 188209599
#r 0 1.0471486456
-762623979 189601492
#r 1 -762735313 189963106
366737756 485628537
#r 0 3.5677228645
321209149 464961028
#r 0 3.3982709049
272847219 452267576
#r 0 3.0520773456
223047410 456737366
#r 0 6.1931710886
247946195 454490048
#r 0 6.1771646847
260376011 453167271
#r 0 0.0687072825
266613069 453596478
#r 0 5.7589567904
269372181 452001187
#r 0 2.3598608632
268241245 453123860
#r 1 268095247 453112002
-649282821 -270779598
#r 0 5.2375142845
-624216750 -314042655
#r 0 2.1113693859
-637082436 -292607307
#r 0 3.2555529526
-649504318 -294029069
#r 0 3.3793143268
-660802644 -296766690
#r 0 2.5125465615
-672295105 -288404146
#r 0 3.6842525003
-684706025 -295888564
#r 0 5.6217911465
-667574018 -309223112
#r 0 3.1147372884
-688852908 -308651522
#r 0 5.0268397995
-680382431 -334695131
#r 0 4.8448942418
-675686956 -369923638
#r 0 3.1431239389
-726986796 -370002193
#r 0 2.8737461814
-787753861 -353325217
#r 0 3.1355253308
-868356359 -352836170
#r 0 0.1964867652
-828829840 -344968218
#r 0 3.5119181749
-847614790 -352261244
#r 0 2.6423641522
-856723339 -347294341
#r 0 5.9773035969
-851776745 -348856439
#r 1 -851139848 -349619156
411724544 245564399
#r 0 2.9025188136
363146659 257404545
#r 0 6.1775561541
388007319 254768724
#r 0 6.2541728462
400722287 254399728
#r 0 6.2503436514
407773846 254168060
#r 0 2.6615770977
403575128 256354041
#r 0 0.3750347027
409865944 258830525
#r 0 2.8424004219
403465652 260804704
#r 0 0.4220416777
411372275 264354965
#r 0 1.2260649213
414547911 273199041
#r 0 3.8127654248
403671341 264561252
#r 0 2.4517770918
395713442 271126727
#r 0 2.1691215629
387218731 283588143
#r 0 6.1452541186
409622160 280478265
#r 0 1.2164130028
415690899 296880091
#r 0 1.2550146625
423682955 321342001
#r 0 1.1918834393
437871873 356978873
#r 0 1.2539559441
455699907 411351458
#r 0 4.8325498177
465980132 326209739
#r 0 1.8063457499
455972903 367905712
#r 0 1.4964529333
457586400 389569009
#r 0 1.5512895096
795592083 -315379132
#r 0 2.2972062560
762382577 -278000947
#r 0 5.9545959870
809707503 -294136354
#r 0 5.6779472381
850825836 -322584248
#r 0 5.8864410320
896942033 -341905126
#r 0 6.1547613322
937798117 -347181064
#r 0 3.0342306678
917319049 -344973904
#r 0 2.7350933624
907855268 -340899978
#r 0 5.6970934017
912147193 -343749431
#r 0 2.6750433383
909846636 -342590796
#r 1 909905629 -342301389
-521849662 466816098
#r 0 0.2550398906
-473467000 479430298
#r 0 0.6891487120
-434877619 511224318
#r 0 5.6184549399
-395523462 480381971
#r 0 5.6102508158
-356423661 449217800
#r 0 5.9479150751
-309207589 432766582
#r 0 1.0827730092
-285763545 476929653
#r 0 3.7954166922
-325451731 446518342
#r 0 1.0779102680
-301793212 490566889
#r 0 6.2740986744
-251795276 490112564
#r 0 0.0951586394
-202021484 494863319
#r 0 1.2839314665
-187874154 542820102
#r 0 6.0337848738
-139421125 530478953
#r 0 5.4452751696
-105970247 493316624
#r 0 5.0402172741
-89870860 445979432
#r 0 1.6765368380
-92509449 470839799
#r 0 3.5304735485
-104630977 465873035
#r 0 5.1876484474
-98344835 453657452
#r 0 0.0079799219
-78152678 453818587
#r 0 5.1092706353
-68815590 431540868
#r 0 0.8279039644
-44434595 458087905
#r 0 0.8739967227
-558514126 -706353026
#r 0 0.2056654937
-509567861 -696142092
#r 0 0.2203627275
-460776950 -685212912
#r 0 0.0302382724
-410799807 -683701229
#r 0 2.4022005577
-447743723 -650009286
#r 0 5.5501519874
-429165020 -666737458
#r 0 5.5010390493
-420297131 -675547859
#r 0 5.6244426572
-415348123 -679378847
#r 0 5.8214557830
-412539367 -680776497
#r 0 2.8200853595
-414027630 -680280811
#r 1 -413768535 -680330440
-218018041 -776753981
#r 0 3.1177402885
-268003818 -775561476
#r 0 4.8416236277
-261560057 -825144517
#r 0 5.3168587181
-233143764 -866284696
#r 0 2.2129180672
-248116162 -846264025
#r 0 2.1004270741
-254440291 -835461324
#r 0 2.1947962130
-258102318 -830374927
#r 0 1.8767420107
-259046567 -827385500
#r 0 4.8940665954
-258763351 -828927206
#r 1 -258792772 -828665504
517252615 315449462
#r 0 4.1174115587
489228112 274041404
#r 0 5.9624488558
536678287 258278127
#r 0 0.7712257065
572531131 293128860
#r 0 0.8301849249
606268095 330031668
#r 0 1.5383394799
607890652 380005334
#r 0 4.7997215364
610071192 355100612
#r 0 4.3165141205
605182401 343403237
#r 0 4.8706945232
606239851 336779326
#r 0 4.8789550206
606799226 333452162
#r 0 1.6540505934
606658944 335133248
#r 1 606488466 335331914
-836634468 79323631
#r 0 5.3588549425
-806516006 39412752
#r 0 2.1756385464
-820731813 59977548
#r 0 3.4778142603
-832552335 55846378
#r 0 5.8184041683
-821901505 50505863
#r 0 6.1120802358
-805955081 47750406
#r 0 3.4691850961
-826796373 40667763
#r 0 0.3341888405
-816399314 44277746
#r 0 0.3651167897
-811258862 46242714
#r 0 0.1434939390
-808530241 46636964
#r 0 3.2335587558
-809902893 46510369
#r 1 -810089101 46296637
-478957491 -425697431
#r 0 0.9283926148
-449001405 -385664533
#r 0 2.5146974231
-489494043 -356332874
#r 0 5.5683438348
-470614115 -372720316
#r 0 1.9804760891
-475631398 -361166426
#r 0 2.6091900063
-491219473 -351982726
#r 0 4.3601231741
-500536482 -377328350
#r 0 0.5039060718
-477678465 -364724778
#r 0 4.8417600050
-475387987 -382330614
#r 0 4.8093885695
-474100091 -395566285
#r 0 5.3497904142
-466071692 -406407963
#r 0 4.9089786103
-463448058 -419581333
#r 0 2.1712203230
-473862383 -404372598
#r 0 4.1009262114
-482793027 -417110673
#r 0 5.4211781621
-467769950 -434631818
#r 0 4.2146734438
-480288116 -457671107
#r 0 0.9311916484
-472462900 -447152347
#r 0 4.8974920295
-471232435 -453723709
#r 0 5.6544923070
-463385761 -459429142
#r 0 5.7137756575
-452781416 -466217365
#r 0 3.8270121219
-466314181 -477282625
#r 0 5.8730438527
744680137 283363242
#r 0 4.0447626026
713723950 244098570
#r 0 4.0827151100
684279890 203687590
#r 0 0.9081041147
699660926 223396057
#r 0 0.7880779965
708485647 232268202
#r 0 3.7065520117
703201081 228918422
#r 0 0.6356491523
705718465 230775755
#r 1 705912575 230559106
787479252 -388621533
#r 0 2.3058811298
753946749 -351532839
#r 0 2.0086009193
732749142 -306248609
#r 0 1.7462195472
724022898 -257015971
#r 0 3.5536880410
678208720 -277042480
#r 0 2.3608865433
642687882 -241853419
#r 0 3.5350112381
596507684 -261020822
#r 0 3.4928962423
549561438 -278226926
#r 0 1.9591915793
530626254 -231951027
#r 0 2.1407437935
503646863 -189854561
#r 0 2.1330901307
476990451 -147552839
#r 0 2.1218608444
450810728 -104954458
#r 0 1.9727901986
431248026 -58940322
#r 0 2.0502730323
408182278 -14578500
#r 0 2.0999227908
382943305 28583917
#r 0 1.4803534290
387459287 78379558
#r 0 1.3320114255
399285396 126960862
#r 0 2.6474586268
355266409 150674334
#r 0 1.7976368643
344021403 199393425
#r 0 1.9604897762
325026160 245644703
#r 0 0.5116986961
368621859 270127656
#r 0 2.5161885396
734374273 161323653
#r 0 2.5403924538
693141406 189605285
#r 0 2.3946872845
656451667 223573845
#r 0 2.4239731527
618783004 256453502
#r 0 2.9687690792
569527847 265051729
#r 0 2.2200327300
539298930 304879013
#r 0 2.2006640487
509847037 345284285
#r 0 2.3398293246
475075002 381213460
#r 0 1.3728852304
484906084 430237432
#r 0 3.7834103953
444855640 400304809
#r 0 0.3574614001
468275341 409052239
#r 0 3.4821013561
456493031 404877656
#r 1 456588918 405196274
-835925574 -325109799
#r 0 2.1001295391
-861173470 -281952601
#r 0 0.5477201236
-818487772 -255915490
#r 0 2.1788339230
-847050666 -214876958
#r 0 2.2165291952
-877139862 -174944010
#r 0 5.4057753821
-861161230 -194171161
#r 0 1.9770268670
-866100598 -182688450
#r 0 2.0396027101
-869146976 -176673469
#r 0 2.2009235960
-871556365 -173369812
#r 0 1.4803486402
-871294372 -170481085
#r 0 2.0935606608
-873130318 -167294996
#r 0 2.2452171005
-875826732 -163922265
#r 0 1.8136673831
-877161417 -158535299
#r 0 2.0951319463
-881268832 -151433138
#r 0 2.2263137013
-888544251 -141971603
#r 0 2.3092606087
-900287056 -129071353
#r 0 2.4519487478
-920106896 -112725185
#r 0 2.0751802207
-938377609 -79626573
#r 0 2.1209905099
-967995586 -31339471
#r 0 5.2787501692
-952798222 -55240460
#r 0 2.3288632392
-962534673 -44956695
#r 0 5.5193937411
191098699 -491490599
#r 0 1.6087204412
189202948 -441526551
#r 0 4.3398001716
171001556 -488095954
#r 0 1.0321166900
183826632 -466636285
#r 0 1.1962353322
188524116 -454687038
#r 0 3.6465496453
182757462 -457874593
#r 0 1.4651936072
183683605 -449137148
#r 0 3.5145648757
179306135 -450849993
#r 0 1.8923270246
177157707 -444399983
#r 0 3.5429617204
171458157 -446818917
#r 0 1.5101576758
172019242 -437577334
#r 0 1.4335163771
173225682 -428844436
#r 0 3.5294026182
163783718 -432701451
#r 0 1.8730692920
159778643 -419857609
#r 0 1.7381594882
156734989 -401841801
#r 0 3.2561549649
131265923 -404772428
#r 0 1.5748458795
131127000 -370466863
#r 0 4.4012570462
125875866 -386796234
#r 0 2.6240789152
117721165 -382154046
#r 0 3.7660213450
107026713 -389860641
#r 0 1.5210292169
107734576 -375648882
#r 0 1.8182360394
76967052 -918743877
#r 0 2.8291084465
29388412 -903372703
#r 0 3.1441612607
-20611423 -903501133
#r 0 2.9333106883
-69530804 -893162168
#r 0 2.9091293964
-118185898 -881643407
#r 0 5.9376499238
-94663542 -890110919
#r 0 2.6389723290
-105617582 -884089376
#r 0 3.2182755829
-112000824 -884579823
#r 1 -112225872 -884169316
-458212991 -390070259
#r 0 5.5933161469
-419646526 -421892072
#r 0 4.7060288970
-419964528 -471891061
#r 0 5.8216114597
-375196894 -494158951
#r 0 3.5875234827
-420307374 -515723844
#r 0 6.0219964081
-372003191 -528635310
#r 0 6.0712439769
-323121972 -539153219
#r 0 5.8616415921
-277499053 -559611695
#r 0 0.1417878112
-228000806 -552546035
#r 0 3.3058506410
-252664305 -556634044
#r 0 3.1042948744
-265161916 -556167695
#r 0 6.1797690415
-258942171 -556813221
#r 1 -258456069 -556163748
-561441965 -303326039
#r 0 4.5901005973
-567541156 -352952643
#r 0 4.4399569253
-580994885 -401108610
#r 0 2.4369994683
-619088641 -368722413
#r 0 4.7350749333
-617954441 -418709547
#r 0 4.6187287283
-622630610 -468490401
#r 0 0.8287858550
-588842049 -431634829
#r 0 4.5041012411
-599181297 -480554150
#r 0 4.4158794412
-613790489 -528372258
#r 0 4.5152736092
-623582558 -577404037
#r 0 4.7915371605
-619629280 -627247508
#r 0 1.7245272339
-623457432 -602542342
#r 0 0.9510755782
-616157079 -592310414
#r 0 4.2682545772
-618857447 -597985349
#r 0 3.7464900473
-621520500 -599826452
#r 1 -621981770 -599866648
-143029320 -288205830
#r 0 2.4739472950
-182293405 -257248898
#r 0 4.1639548911
-208360986 -299915996
#r 0 2.7374494408
-254332969 -280254439
#r 0 4.4108689733
-269181568 -327998749
#r 0 0.6464302139
-229269613 -297881714
#r 0 2.9506956767
-278361335 -288394731
#r 0 4.4461982893
-291514245 -336633729
#r 0 4.4864822173
-302713754 -385363299
#r 0 1.0112366942
-276173102 -342988852
#r 0 2.2164938068
-306260884 -303054840
#r 0 2.7602082586
-352668396 -284444552
#r 0 4.5548420482
-360513196 -333825309
#r 0 1.2527969000
-352696523 -310078738
#r 0 0.9628989716
-345376129 -299557812
#r 0 4.4779110260
-347325489 -307718506
#r 0 0.8119971856
-339110388 -299054327
#r 0 2.2970642848
-345728486 -291603351
#r 0 0.7931075277
-342230665 -288051178
#r 0 4.5033273427
-343376637 -293452588
#r 0 0.8245410545
-338983696 -288701542
#r 0 4.6034915238
-217724255 370576245
#r 0 3.4237775444
-265746722 356653506
#r 0 0.0770282531
-240820853 358577308
#r 0 0.5365709686
-229635998 365229814
#r 0 5.9597537279
-223446204 363154982
#r 0 4.5964989394
-223987993 358500906
#r 0 5.9995290987
-217458174 356597353
#r 0 1.3060677644
-215629073 363344533
#r 0 5.8504906893
-212211464 361765986
#r 0 6.1201282092
-207083962 360922421
#r 0 6.2727835347
-199900826 360847701
#r 0 4.5999693757
-201039800 350758968
#r 0 6.1736302915
-188164699 349342766
#r 0 6.1411997619
-170150104 346767626
#r 0 6.0518137287
-144259332 340668003
#r 0 5.7639384653
-109826968 320987766
#r 0 5.9915392457
-52960716 303916158
#r 0 6.1163178356
34673599 289155585
#r 0 3.0633561766
-9624835 292628427
#r 0 5.9117954640
11077661 284565572
#r 0 2.7304658665
894739 289005036
#r 0 2.7222351284
231282029 -813119927
#r 0 2.5156962848
190760112 -783828729
#r 0 1.3741599234
200528695 -734792265
#r 0 1.6780601565
195175782 -685079628
#r 0 3.3999295802
146834973 -697853279
#r 0 3.4021970365
98523252 -710736508
#r 0 1.4429674867
104897302 -661144457
#r 0 1.4331005457
111760356 -611617712
#r 0 3.4022751181
63449641 -624504713
#r 0 2.5387956996
22261986 -596157279
#r 0 3.6458873126
-21513789 -620316780
#r 0 1.3810831838
-12084929 -571213861
#r 0 1.6081869233
-13954023 -521248808
#r 0 3.4955152920
-60855044 -538577807
#r 0 1.2194760017
-43648155 -491631849
#r 0 3.7380785224
-85013892 -519718782
#r 0 3.6645901181
-128330187 -544692740
#r 0 1.4263152884
-121131242 -495213702
#r 0 1.4608327589
-115644138 -445515697
#r 0 3.8695520109
-152970823 -478783078
#r 0 2.5334962353
-194007675 -450217770
#r 0 1.0303408622
-173650117 941397434
#r 0 3.9236060590
-209124923 906161967
#r 0 5.1747685718
-186820969 861412290
#r 0 5.1615854406
-165108877 816372474
#r 0 5.1016277363
-146134666 770112564
#r 0 4.5905135802
-152213361 720483445
#r 0 1.3830384413
-147546945 745044074
#r 0 0.3656875453
-135822927 749533320
#r 0 3.4375111959
-141827152 747702813
#r 0 3.5724916011
-144692632 746385524
#r 1 -145420150 745800384
-974261600 -135035256
#r 0 1.3311686690
-962394553 -86463935
#r 0 1.2973234718
-948890710 -38321997
#r 0 4.1568081904
-962076630 -59561852
#r 0 1.0365281246
-955711489 -48803834
#r 0 4.2289506992
-958616652 -54337595
#r 0 1.0668224482
-957107561 -51601126
#r 1 -957135225 -51150385
-219071864 876570219
#r 0 5.3146561998
-190746252 835367553
#r 0 5.3255452901
-161973669 794475763
#r 0 3.9448989940
-196690223 758492977
#r 0 4.5658901521
-203988991 709028566
#r 0 6.2663271508
-153996096 708185698
#r 0 6.0498864254
-105350645 696626284
#r 0 5.4758904402
-70777885 660505317
#r 0 6.0032812660
-22723787 646692146
#r 0 4.6954821787
-23569087 596699292
#r 0 0.1443038430
25911226 603889469
#r 0 0.3496031351
72886662 621015718
#r 0 5.7763074504
116599883 596743216
#r 0 5.6492077497
156883771 567125513
#r 0 2.9273033352
108027383 577758166
#r 0 6.0787298526
132506674 572682317
#r 0 6.2138179045
144977818 571815836
#r 0 5.5895819750
149897742 567725352
#r 0 2.2831318374
147806781 570146573
#r 0 5.4692835385
148905149 568983735
#r 1 148530521 569340931
841216372 -245702053
#r 0 1.7543870986
832088314 -196542328
#r 0 1.6642068905
827424575 -146760308
#r 0 2.3962630804
790681354 -112849606
#r 0 3.6605146290
747263638 -137646822
#r 0 1.2530723259
762883902 -90149376
#r 0 1.6690987244
757976694 -40390766
#r 0 1.7525255882
748940163 8785866
#r 0 3.7907139590
709109400 -21438467
#r 0 1.1914045192
727627180 25006036
#r 0 2.7241303225
681921142 45278137
#r 0 2.8278829176
634361375 60707609
#r 0 2.4325012782
596413683 93264831
#r 0 3.0860336666
546490833 96041351
#r 0 0.9843405700
574161457 137686718
#r 0 1.0731825466
598027961 181622922
#r 0 1.7017059534
591501159 231195100
#r 0 2.8281983670
543936528 246609568
#r 0 0.8581231400
576629462 284440403
#r 0 3.1733883552
526654734 282850886
#r 0 0.7882014379
561910824 318305197
#r 0 0.8243769656
-554460271 622376857
#r 0 6.2830906078
-504460271 622372122
#r 0 5.9316492049
-457518027 605155103
#r 0 3.8404563958
-495796712 572987692
#r 0 5.6687902559
-454940596 544164476
#r 0 4.6784379794
-456637820 494193290
#r 0 3.7323441808
-498163936 466344023
#r 0 5.8352391514
-453097008 444688261
#r 0 5.9303855774
-406176557 427411939
#r 0 6.1792388722
-356446435 422223972
#r 0 0.4556008403
-311546594 444224069
#r 0 5.7950681018
-267385725 420775879
#r 0 6.0499012279
-218740103 409217185
#r 0 5.8457589419
-173447859 388036707
#r 0 5.8277407937
-128544579 366043629
#r 0 5.5692717180
-90754326 333303795
#r 0 5.8369290523
-45650867 311724223
#r 0 5.9444102791
1507257 295107623
#r 0 3.8017695623
-37986931 264444793
#r 0 0.6563005935
-18180556 279699547
#r 0 0.6577842207
-8288548 287341723
#r 0 0.7352561023
-710372218 -603481641
#r 0 5.7006250307
-668619377 -630989827
#r 0 1.6321500035
-671685137 -581083904
#r 0 5.8190408178
-626974894 -603466802
#r 0 0.8323579338
-593318199 -566490770
#r 0 1.8159993220
-605455862 -517986367
#r 0 5.3739091347
-574740009 -557439331
#r 0 5.2463631164
-549292096 -600478891
#r 0 5.4626769149
-515199625 -637053520
#r 0 5.5940154632
-476610916 -668848355
#r 0 5.2627464790
-450461317 -711465235
#r 0 5.2624990073
-424322266 -754088585
#r 0 5.0868287173
-406034709 -800624219
#r 0 1.7184138149
-409711758 -775896112
#r 0 2.1815712017
-417238827 -765144275
#r 0 4.9901095143
-415438905 -771457841
#r 0 1.8067948996
-416206414 -768266268
#r 0 1.7827941436
-416552362 -766658942
#r 1 -416428118 -767055843
57367412 137137296
#r 0 1.7958263598
46210630 185876666
#r 0 1.8462616265
32610894 233991603
#r 0 2.2079805811
2864165 274180309
#r 0 2.0451646344
-19974665 318659381
#r 0 5.2032847684
-8189263 296611608
#r 0 5.1640961681
-2731497 285362247
#r 0 2.0039672396
-5355657 291036541
#r 1 -5288150 291310500
350298717 99524416
#r 0 2.1113220315
324569376 142396330
#r 0 2.0511893330
301462989 186736999
#r 0 1.9524572853
282839867 233139363
#r 0 2.0665378058
259055667 277120175
#r 0 2.0510410797
235955854 321464269
#r 0 1.8883914742
220341710 368963727
#r 0 5.0417508422
228427691 345307504
#r 0 1.0400320141
234755975 356089251
#r 0 4.3398962710
232481046 350267052
#r 0 3.9720702836
230320813 347902715
#r 1 230373933 348228331
124361302 -505132095
#r 0 1.5134335333
127227869 -455214335
#r 0 0.9424331063
156618939 -414764799
#r 0 1.4835461524
160975915 -364954993
#r 0 1.0088776356
187616457 -322643275
#r 0 1.4075796038
195741108 -273307790
#r 0 0.9522901140
224732046 -232570515
#r 0 1.0909564340
247813904 -188217073
#r 0 0.9074089404
278603371 -148821531
#r 0 1.3644357477
288848324 -99882376
#r 0 1.7589873732
279494215 -50765163
#r 0 0.8004976818
314311695 -14880026
#r 0 1.9155282945
297414474 32178277
#r 0 1.8583107857
283235995 80125860
#r 0 0.6096906660
324227254 108756554
#r 0 1.7699668520
314334438 157768106
#r 0 1.8491738147
300594640 205843234
#r 0 1.8481251853
286905262 253932744
#r 0 1.0592254805
311382642 297531573
#r 0 1.0397919985
336702623 340646519
#r 0 0.5218743754
380046939 365571813
#r 0 2.3400855569
-544744435 413022941
#r 0 0.1846815176
-495594696 422204615
#r 0 3.4500564416
-519414722 414614733
#r 0 0.3116896398
-507517013 418448074
#r 0 3.5486988648
-513256203 415973364
#r 0 3.5468851614
-516154046 414730057
#r 0 3.6341910800
-517591446 413958561
#r 0 0.4630108379
-516861649 414322879
#r 0 3.6129366391
-517225017 414137686
#r 0 3.6025946951
-517407661 414046967
#r 0 3.6635943441
-517496052 413996123
#r 0 0.1590369370
-517445438 414004241
#r 0 3.6357159597
-517512781 413967963
#r 0 0.2330782073
-517475569 413976797
#r 0 3.6323270800
-517492435 413967785
#r 0 3.5617174006
-517501723 413963636
#r 0 3.7279171707
-517506668 413960351
#r 0 3.8070411193
-517510508 413957337
#r 0 3.6915304144
-517515140 413954498
#r 0 3.7930725573
-517520575 413950354
#r 0 3.6666121143
-517528906 413945528
#r 0 0.3511529064
-119196968 -904270036
#r 0 0.9101595341
-88515979 -864789954
#r 0 1.3771969352
-78896365 -815724049
#r 0 1.0138576327
-52466865 -773280186
#r 0 2.2713133522
-84697517 -735054736
#r 0 2.1149448242
-110582005 -692276315
#r 0 1.1078679052
-88253494 -647538885
#r 0 1.5382021435
-86624073 -597565442
#r 0 1.0155171921
-60265047 -555077776
#r 0 0.9441516766
-30943535 -514577789
#r 0 2.2948642318
-64065409 -477121929
#r 0 2.1510919483
-91478968 -435306899
#r 0 0.7014283932
-53282907 -403041423
#r 0 0.7910360577
-18127458 -367487317
#r 0 1.2549618019
-2596967 -319960442
#r 0 0.8906538931
28848222 -281086285
#r 0 0.7963301808
63814951 -245346561
#r 0 1.1632625581
83632265 -199441506
#r 0 1.5489131472
84726337 -149453477
#r 0 0.5927992493
126195339 -121519234
#r 0 0.8081151832
160738457 -85369918
#r 0 2.6856207464
-804414631 -463783652
#r 0 0.8949712678
-773137569 -424774097
#r 0 0.5450987205
-730383764 -398848972
#r 0 1.7758760417
-740566024 -349896734
#r 0 1.9222212555
-757777824 -302952576
#r 0 1.6685246924
-762656468 -253191157
#r 0 1.6869881373
-768452995 -203528291
#r 0 1.5290744852
-766367508 -153571802
#r 0 1.4225151787
-758980590 -104120478
#r 0 0.4784114385
-714594222 -81102001
#r 0 1.8485518038
-728304114 -33018336
#r 0 1.8002418710
-739675996 15671296
#r 0 1.7462903318
-748405725 64903316
#r 0 1.7851033270
-759039242 113759516
#r 0 1.8546226037
-773040786 161759066
#r 0 1.7609544295
-782491494 210857784
#r 0 2.0475676562
-805437142 255281845
#r 0 1.7499633814
-814347643 304481469
#r 0 4.8097979507
-811916268 279599982
#r 0 5.0146541030
-808170449 267587216
#r 0 5.0225648559
-806246719 261585339
#r 0 1.7488602554
551441948 -761356956
#r 0 1.4269810556
558607950 -711873136
#r 0 1.7584046275
549282465 -662750480
#r 0 1.7427364181
540727757 -613487746
#r 0 1.7140922177
533587457 -564000211
#r 0 1.3937317735
542394496 -514781962
#r 0 1.9871030582
522175226 -469052528
#r 0 1.4263946540
529370244 -419572919
#r 0 1.2615475967
