701687785 -541700890
#r 0 3.6192822856
657284813 -564687323
#r 0 1.3770770789
662097560 -540154947
#r 0 3.4307822769
643109975 -545804332
#r 0 1.5131017336
644802988 -516492505
#r 0 3.8260471210
633429189 -525774156
#r 0 1.3207331644
635245625 -518662290
#r 0 1.3361008030
636385171 -513896346
#r 0 1.3595584366
637308672 -509589715
#r 0 2.5318365172
633132313 -506672294
#r 0 1.2484055465
635548589 -499438906
#r 0 1.2725594120
638399206 -490165759
#r 0 1.2506972642
642661974 -477306704
#r 0 1.3475807086
647005657 -458171393
#r 0 1.2848934031
655235492 -430174594
#r 0 1.3086893402
666500057 -388186331
#r 0 1.5226044695
669634393 -323197984
#r 0 4.7153241653
669729880 -355729787
#r 0 4.6529158945
668760539 -372009379
#r 0 4.5578607542
667503514 -380079123
#r 0 1.4375264593
668046116 -376031803
#r 0 1.1900563361
-499127383 633119407
#r 0 1.9704680635
-518583182 679178846
#r 0 0.2111687562
-469693852 689658988
#r 0 5.4089323750
-437615348 651305767
#r 0 3.8294065153
-476247134 619563286
#r 0 4.1945616149
-500996810 576118453
#r 0 4.2720304286
-522310002 530888509
#r 0 5.8517550407
-476891573 509979987
#r 0 4.9178643930
-466689943 461031782
#r 0 5.5085720297
-430955364 426059795
#r 0 5.3581045465
-400866859 386126327
#r 0 4.6686955448
-403050836 336174047
#r 0 4.6056225459
-408379022 286458753
#r 0 3.0326172161
-458082425 291896747
#r 0 6.1622696782
-433264960 288881217
#r 0 4.8318676840
-431774815 276468561
#r 0 4.9075253370
-429308454 263990227
#r 0 5.3510426353
-420156216 251663204
#r 0 4.2981582089
-427548799 234849286
#r 0 4.8007100654
-425120714 207429243
#r 0 4.7453248906
-423790618 167059480
#r 0 1.5229364128
-483608482 -622730427
#r 0 0.5059103610
-439871798 -598500229
#r 0 4.3510037524
-448711056 -621885428
#r 0 0.0331624854
-431266826 -621306722
#r 0 2.0677475900
-443748325 -598293006
#r 0 2.7114715427
-464996440 -588545059
#r 0 0.3987051727
-454224530 -584007201
#r 0 1.3177922562
-452007329 -575431492
#r 0 0.3039146542
-440410505 -571794372
#r 0 1.1802385257
-435326576 -559445959
#r 0 5.9707147787
-416414245 -565555658
#r 0 1.4460957206
-413761991 -544397042
#r 0 0.0805470265
-383023867 -541915809
#r 0 0.1584279018
-342112511 -535379531
#r 0 6.2322588891
-282423902 -538421889
#r 0 2.7538783613
-310088898 -527123906
#r 0 5.8581964795
-296476524 -533284454
#r 0 5.9699354989
-289359444 -535589780
#r 0 2.5946655432
-292554361 -533644442
#r 0 5.6513230204
-291045176 -534749122
#r 1 -290730802 -534752723
-400050622 -282770132
#r 0 4.5070808802
-410244062 -331720043
#r 0 3.4448654527
-457962272 -346652305
#r 0 0.3135686008
-434181300 -338940925
#r 0 0.3474744717
-422427109 -334683920
#r 0 0.1807383441
-416260032 -333556995
#r 0 0.4518607510
-413430599 -332183724
#r 1 -413633765 -332336043
301295572 728310821
#r 0 4.7825892389
304802703 678433972
#r 0 4.7293932871
305652877 628441200
#r 0 0.4794448579
350015434 651505535
#r 0 0.5176286272
393465185 676246576
#r 0 3.4720741291
369818031 668134114
#r 0 0.3130421295
381710544 671983543
#r 0 0.5746662381
386958225 675381792
#r 0 3.9460704983
384790418 673129644
#r 0 0.8656894213
385803405 674319915
#r 1 386130948 674407276
538670319 187274473
#r 0 6.0435862129
587241979 175408813
#r 0 3.5774331349
564579091 164854502
#r 0 1.9144208074
558807539 180984259
#r 0 0.3166960000
568831356 184269330
#r 0 3.8807300058
564933462 180716365
#r 0 0.0454470123
567567836 180836172
#r 0 5.9249892761
569280885 180194901
#r 0 6.1757977953
571318654 179975225
#r 0 3.7143355253
570457405 179419853
#r 0 3.5643529694
569814991 179130839
#r 0 6.1562460602
570164373 179086249
#r 0 6.0386670511
570379782 179032502
#r 0 1.9622264753
570337432 179135112
#r 0 6.1052372772
570425924 179119197
#r 0 5.9759363786
570551560 179079333
#r 0 0.1236374299
570743706 179103211
#r 0 5.8947777979
571011911 178993463
#r 0 5.9678992471
571417198 178861272
#r 0 4.6020045082
571347088 178228713
#r 0 5.8611394252
572013436 177929504
#r 0 3.0928681012
-356518068 -65592954
#r 0 4.9586985706
-344326738 -114083896
#r 0 2.2445513719
-359924860 -94546789
#r 0 5.4555702905
-351466938 -103750785
#r 0 3.6133818786
-357060925 -106604942
#r 0 0.6522579385
-354565503 -104699005
#r 0 0.1759781977
-352970324 -104415354
#r 1 -352658354 -104423915
-276446552 932869643
#r 0 5.3654901732
-246063937 893159484
#r 0 4.1046465771
-274614715 852112522
#r 0 6.0091618873
-226480219 838582176
#r 0 5.8476191968
-181148652 817485990
#r 0 6.0334011179
-132700362 805126247
#r 0 2.9438849310
-157213347 810036803
#r 0 2.9069197852
-169403646 812951233
#r 1 -169355741 813318953
-550539604 -271667289
#r 0 1.7140452159
-557677578 -222179418
#r 0 1.3496001310
-546707736 -173397633
#r 0 2.4166901154
-584135938 -140244509
#r 0 5.3987579551
-568292624 -159583313
#r 0 2.6396166712
-579250542 -153568830
#r 0 6.0819962406
-573126608 -154817796
#r 0 3.4869830233
-576067055 -155875808
#r 0 0.5192268491
-574710489 -155100482
#r 1 -574443065 -155246193
-618319202 -169265767
#r 0 6.0304033195
-569908182 -181770692
#r 0 1.9496650489
-579154923 -158543601
#r 0 4.7433615907
-578767827 -171037605
#r 0 5.7330776105
-572835780 -174675453
#r 0 1.5983885672
-572941659 -170839166
#r 0 2.9477145256
-578507691 -169746307
#r 0 0.3701752148
-575863649 -168720247
#r 0 2.8199128807
-577208985 -168271908
#r 0 2.7486501901
-578116518 -167895737
#r 0 0.2310343692
-577638367 -167783259
#r 0 0.1098037023
-577315078 -167747617
#r 0 3.0410567132
-577476880 -167731295
#r 0 1.2058985616
-577446612 -167652060
#r 0 5.6265530437
-577354598 -167722977
#r 0 4.6390013471
-577365233 -167867637
#r 0 0.2799093102
-577227861 -167828149
#r 0 0.2359087733
-577027104 -167779890
#r 0 4.7223278320
-577024066 -168085511
#r 0 4.7534386716
-577010018 -168427539
#r 0 5.8229826225
-576606855 -168627387
#r 0 5.4431518377
755102565 -188650360
#r 0 2.8538217933
707158619 -174459587
#r 0 2.7914700001
660192087 -157308936
#r 0 3.8520375457
622288497 -189917491
#r 0 4.8688337187
630078865 -239306864
#r 0 3.9222438750
594556095 -274493976
#r 0 5.2898263112
621850023 -316387191
#r 0 2.8692694296
597771308 -309662947
#r 0 3.5041272922
581261233 -315925208
#r 0 3.5662768680
561437811 -324889414
#r 0 1.4049879096
563233225 -314160586
#r 0 1.6769529115
562273561 -305154489
#r 0 5.5796803836
565726934 -308083977
#r 0 3.5534240517
562717333 -309398602
#r 0 3.3915333199
560396827 -309990978
#r 0 3.5536647409
558086443 -311000840
#r 0 2.4670290451
555728152 -309114893
#r 0 3.6783292824
551842237 -311427022
#r 0 2.6266332789
546744646 -308542356
#r 0 2.9590173184
538179675 -306960994
#r 0 3.4866634387
525914246 -311369833
#r 0 3.7934552902
380790345 -501424583
#r 0 1.5829572606
380182313 -451428280
#r 0 3.4058231957
331917626 -464486610
#r 0 4.8723007257
339879180 -513848677
#r 0 2.9172305712
291132368 -502724453
#r 0 2.9730630623
241840745 -494337805
#r 0 2.9899722237
192414364 -486785797
#r 0 0.0785804432
217337217 -484823307
#r 0 3.2327367159
204889102 -485961031
#r 0 2.9825206555
198717037 -484970862
#r 0 6.2646159237
201841990 -485028897
#r 0 5.7719645273
203231538 -485808381
#r 1 202819079 -485607984
-579009961 358478730
#r 0 3.1949193368
-628938884 355813659
#r 0 1.0766090221
-605223067 399831383
#r 0 1.2881165663
-591276564 447846954
#r 0 4.5165196798
-596142046 423324983
#r 0 1.3516399158
-593424468 435525997
#r 0 4.9869375615
-591730015 429510075
#r 0 1.8146046686
-592484390 432542654
#r 0 1.8501527704
-592915636 434045999
#r 1 -593039310 434240743
299350043 -849072587
#r 0 2.8232641755
251862048 -833423614
#r 0 1.9539754129
233168503 -787049576
#r 0 0.6831344969
271948401 -755488214
#r 0 0.4833360333
316220875 -732251432
#r 0 0.6213057623
356876828 -703146562
#r 0 4.2118216172
344878744 -725079321
#r 0 1.2033963445
349368620 -713413517
#r 0 0.9324376158
353158231 -708306195
#r 1 352887901 -709016200
547958642 -796389549
#r 0 2.7154955540
502429351 -775723547
#r 0 2.2906235041
469466614 -738127563
#r 0 1.2129243013
486980708 -691295346
#r 0 3.3206830423
437780401 -700202075
#r 0 3.3002310530
388408236 -708100768
#r 0 3.3518081710
339508938 -718534302
#r 0 2.9658563475
290279034 -709792644
#r 0 6.1069765962
314891918 -714175100
#r 0 6.0665136579
327099651 -716862354
#r 0 6.1993742763
333338382 -717386456
#r 0 3.1195939263
330208786 -717317598
#r 1 330983780 -717094581
120566706 -818818612
#r 0 0.6984338245
158859216 -786667661
#r 0 0.6059040868
199958594 -758192388
#r 0 0.6779247442
238902391 -726833488
#r 0 3.7613468766
218551861 -741354365
#r 0 0.6286445000
228662177 -734003754
#r 0 0.6095960450
233786827 -730425120
#r 0 3.9071934514
231533630 -732590823
#r 0 0.6845012292
232744248 -731602797
#r 1 232303133 -731926261
137093106 -178832048
#r 0 5.7773947593
180832692 -203057006
#r 0 1.4618413772
186269667 -153353492
#r 0 0.9822210973
214028495 -111766866
#r 0 5.3684156206
244527150 -151387972
#r 0 5.3024529035
272347857 -192933228
#r 0 5.2993623375
300040033 -234564267
#r 0 1.1791798073
309582109 -211456935
#r 0 0.6707861623
325870530 -198531509
#r 0 2.0696648557
312997196 -174903526
#r 0 1.4708365815
315216022 -152780314
#r 0 5.0479904337
318877296 -163277218
#r 0 5.0941655997
321304343 -169322555
#r 0 2.1940202495
319403276 -166677729
#r 0 1.6003512220
319352435 -164958006
#r 0 1.5894873122
319336113 -164084832
#r 0 1.4447873635
319394480 -163624092
#r 0 0.3726168614
319684481 -163510737
#r 0 5.0274522376
319814673 -163910198
#r 0 1.5101967316
319827395 -163700514
#r 0 1.6469079391
319818363 -163582073
#r 0 1.5722423074
-671832205 450572368
#r 0 2.6480588986
-715865419 474259413
#r 0 3.9848486372
-749117156 436918792
#r 0 4.4329439142
-762908270 388858360
#r 0 6.0014225069
-714879931 374955892
#r 0 5.4285624750
-682054778 337239724
#r 0 2.1871133699
-696505621 357640045
#r 0 2.4676507741
-706369547 365518268
#r 1 -706977906 365846821
-468532303 -84888903
#r 0 3.1811506684
-518493187 -86866288
#r 0 4.5032541918
-528873868 -135776834
#r 0 4.4263944187
-542979456 -183745911
#r 0 4.6365514490
-546767699 -233602197
#r 0 4.6335988987
-550703128 -283447080
#r 0 4.2066582726
-574925468 -327188116
#r 0 4.1905352758
-599849866 -370532947
#r 0 0.9989232152
-586319665 -349510730
#r 0 4.9193729645
-583750800 -361743919
#r 0 1.8752157563
-585624171 -355781288
#r 0 1.5810486286
-585656511 -352626949
#r 0 1.7346315738
-585916334 -351055282
#r 1 -586001897 -350572899
242220329 -192797614
#r 0 1.9035351009
225888689 -145540048
#r 0 2.2632950709
193965572 -107057395
#r 0 1.6874894767
188144148 -57397441
#r 0 1.6536786234
184004776 -7569080
#r 0 2.0350994318
161614786 37137613
#r 0 5.1233643888
171602379 14219324
#r 0 5.0625868247
175903100 2444678
#r 0 5.5811440386
180820473 -1714356
#r 0 5.0767666999
182008007 -4827900
#r 1 182803437 -5412790
474168597 127670696
#r 0 0.2465402791
522656725 139873212
#r 0 2.9700164604
498023804 144141602
#r 0 0.1649875799
510354058 146194603
#r 0 2.9479365939
504220889 147397402
#r 0 1.5703517701
504222445 150897548
#r 0 0.1425522132
508760318 151548850
#r 0 3.8893932010
507079718 149990099
#r 0 5.9816563604
508511045 149544939
#r 0 4.2417733818
507491531 147540944
#r 0 5.7529484557
509512582 146356133
#r 0 3.2018780471
508343341 146285559
#r 0 6.1112118787
508920386 146185333
#r 0 0.4815631404
509193506 146328065
#r 0 6.2554956001
509353599 146323631
#r 0 3.9732789849
509299657 146264449
#r 0 6.2304628643
509339639 146262339
#r 0 6.0927072997
509370501 146256388
#r 0 5.8649804430
509402180 146242309
#r 0 4.9625367023
509413905 146196420
#r 0 1.5831183532
509413613 146220099
#r 0 0.0565562650
595496296 -707793242
#r 0 2.4278640835
557699986 -675060400
#r 0 2.8603756522
509664066 -661184148
#r 0 2.2512560061
478206546 -622319968
#r 0 1.8944215891
462306260 -574915528
#r 0 1.9163139703
445372071 -527870515
#r 0 2.8183079040
397962220 -511986372
#r 0 1.0092978703
424584979 -469663462
#r 0 1.6765310510
419308088 -419942698
#r 0 1.4347267637
426090591 -370404857
#r 0 4.7567299444
427198752 -395380285
#r 0 2.4670586476
417436276 -387573617
#r 0 2.1775149395
411955005 -379676052
#r 0 5.5124191422
415403191 -383024779
#r 0 5.4700460627
417115232 -384834544
#r 0 5.4382560388
418030531 -385865865
#r 0 3.8006415806
417315776 -386419501
#r 0 5.6079303509
417768645 -386782178
#r 0 5.5172318034
418077977 -387079709
#r 0 5.4138402218
418339260 -387389003
#r 0 5.6041922305
418697881 -387678409
#r 0 5.6490695948
677928845 -196320030
#r 0 4.6534463697
674983421 -246233199
#r 0 3.6794051525
632041856 -271846125
#r 0 3.6316432641
587926404 -295379652
#r 0 5.5323908047
624483758 -329490646
#r 0 5.4773447760
659109013 -365561294
#r 0 5.5391734044
695896885 -399423551
#r 0 2.3427583116
678458325 -381509965
#r 0 2.4396531175
668884797 -373414500
#r 1 668659885 -374370060
134234208 -184258840
#r 0 3.8466616875
96155867 -216663160
#r 0 1.7178089986
88831683 -167202506
#r 0 2.0248499681
66901081 -122268680
#r 0 1.3727815008
76737248 -73245728
#r 0 3.6142288229
54477965 -84626604
#r 0 3.2458655376
34766056 -86689504
#r 0 3.1953450543
10829145 -87977411
#r 0 3.2445930793
-21859860 -91356350
#r 0 0.0048784755
-5428469 -91276189
#r 0 3.0724225146
-13624616 -90708355
#r 0 3.2099602413
-17745316 -90990517
#r 0 0.1944854463
-15719076 -90591398
#r 1 -15904679 -90810359
-222667336 -46611794
#r 0 6.0447637613
-174081738 -58420250
#r 0 6.0894545549
-125017097 -68046309
#r 0 5.8700608118
-79223552 -88119955
#r 0 2.8805241845
-103376421 -81667131
#r 0 2.4251464697
-113018308 -73270977
#r 0 3.2985107120
-119481383 -74293557
#r 0 0.0587705707
-116215297 -74101386
#r 0 0.2919853209
-114633662 -73625984
#r 1 -114593422 -73565614
219528894 970092025
#r 0 3.7164049248
177564175 942908163
#r 0 5.2973019110
205170514 901220155
#r 0 2.2478773074
189507500 920705276
#r 0 5.4930283946
198304172 911824480
#r 0 2.4227449965
193600641 915940216
#r 0 2.3262340980
191447256 918226660
#r 1 191730438 917595503
-384209398 -106897359
#r 0 3.1799848733
-434172553 -108816498
#r 0 2.3654508578
-469853635 -73789931
#r 0 1.6326396979
-472943833 -23885516
#r 0 0.6064952776
-431861297 4614049
#r 0 1.5278228687
-429713285 54567888
#r 0 2.1105779465
-455410719 97458935
#r 0 2.0861680625
-480053636 140964413
#r 0 5.2381961064
-467505855 119341436
#r 0 1.9113553942
-471681031 131123536
#r 0 4.8236200881
-470987269 124912161
#r 0 1.7864742699
-471656049 127964759
#r 1 -471482666 128292045
615373946 -411111791
#r 0 2.7975292046
568304357 -394246033
#r 0 3.5729248474
522883877 -415150101
#r 0 2.6475900331
478861774 -391442413
#r 0 3.2903814287
429414206 -398854433
#r 0 2.3692942865
393598766 -363965262
#r 0 1.4211285608
401054247 -314524228
#r 0 4.5422375277
396820957 -339163206
#r 0 4.4217256904
393237107 -351143904
#r 0 1.2126135898
395429106 -345288103
#r 0 4.4041985173
394480787 -348267114
#r 1 394794112 -348056422
326662212 790338362
#r 0 5.6999693957
368397009 762802808
#r 0 5.4780562449
403047919 726756803
#r 0 3.3488665856
354118141 716467156
#r 0 3.9073927019
318076738 681811460
#r 0 4.3935157556
302401899 634331997
#r 0 5.2887865880
329652255 592410426
#r 0 5.3356306718
358835777 551810894
#r 0 4.0408594322
327726569 512667348
#r 0 3.9874291126
294571299 475241046
#r 0 5.7887506070
338583154 451514340
#r 0 0.3955918651
384721586 470782061
#r 0 5.5758883532
422727638 438292986
#r 0 0.4658251440
467400200 460750995
#r 0 5.0466928458
483805783 413519048
#r 0 4.9410650531
495140196 364820680
#r 0 5.7556007081
538341477 339648288
#r 0 2.7355308113
515374391 349523150
#r 0 2.5369173139
504940231 356733389
#r 0 2.5448537280
499685163 360303472
#r 0 2.2940873217
497564594 362705275
#r 0 2.1548650500
340630368 -61653550
#r 0 2.7304128453
294797873 -41668996
#r 0 5.8646228689
317639727 -51830181
#r 0 0.0699852923
330109807 -50956031
#r 0 3.1915484308
323867264 -51268142
#r 0 3.2369246688
320755037 -51565739
#r 1 320971572 -51753305
-936931568 -253662529
#r 0 1.6275273926
-939766600 -203742968
#r 0 0.5946186071
-898348489 -175733325
#r 0 2.0268809974
-920370308 -130844134
#r 0 1.9612749966
-939401863 -84607786
#r 0 1.9223231749
-956618447 -37665383
#r 0 5.2427334820
-943972684 -59231204
#r 0 4.3443630931
-948611063 -71260387
#r 0 1.1564755799
-946016014 -65359568
#r 1 -945722575 -64814092
-55698254 -527054964
#r 0 1.0705248252
-31715065 -483182346
#r 0 1.6849624564
-37410979 -433507840
#r 0 5.6034229788
-17967926 -449223044
#r 0 1.7681431989
-20418781 -436965667
#r 0 4.6587637825
-20753778 -443206682
#r 0 3.7532168134
-23467844 -445110163
#r 0 5.5376098701
-20945014 -447439658
#r 0 1.4100705268
-20667324 -445726834
#r 0 4.6568066001
-20715522 -446593088
#r 0 3.3000079930
-21148593 -446662273
#r 0 1.3762210173
-21070905 -446268056
#r 0 4.6485170143
-21083728 -446468545
#r 0 3.2405776429
-21185377 -446478640
#r 0 2.0231995712
-21226310 -446394420
#r 0 3.0435672947
-21365090 -446380772
#r 0 2.2181725462
-21472177 -446239136
#r 0 4.5823911373
-21483686 -446327168
#r 0 4.6682296923
-21486559 -446392178
#r 0 4.8145051718
-21480341 -446452861
#r 0 3.2329842037
-21548026 -446459064
#r 0 1.1773283269
-176767589 -188188183
#r 0 1.1000150499
-154088454 -143627474
#r 0 4.9722791254
-147664095 -167787928
#r 0 1.2286089217
-143469739 -156012642
#r 0 0.4897405519
-136271515 -152175593
#r 0 1.2790642114
-133429709 -142712372
#r 0 3.8704489757
-137114900 -146002732
#r 0 0.4360865659
-134875903 -144959340
#r 0 2.2217142378
-135685450 -143896459
#r 0 5.8349667984
-135083404 -144185959
#r 0 4.5506291069
-135147885 -144581098
#r 0 4.6511833983
-135162133 -144813600
#r 0 4.8922893621
-135133397 -144971606
#r 0 1.0335035862
-135092300 -144902622
#r 0 3.8757079498
-135122107 -144929518
#r 0 1.1304370101
-135113551 -144911360
#r 0 2.3388121374
-135121532 -144903097
#r 0 0.4322945922
-135108260 -144896973
#r 0 2.4134129800
-135114578 -144891339
#r 0 1.1012379938
-135108928 -144880204
#r 0 2.7653325637
-135121907 -144875076
#r 0 0.1922768479
133207554 429148051
#r 0 3.8772715158
96138787 395593521
#r 0 4.0855376062
66808904 355099596
#r 0 3.2649662062
17188947 348946555
#r 0 6.2812631748
42188901 348898502
#r 0 4.0862734032
34863881 338769628
#r 0 4.1475125879
29404931 330156084
#r 0 3.6650245533
19699178 324554624
#r 0 3.7017432841
9312491 318040516
#r 0 3.8747046124
-2537621 307369046
#r 0 4.4247550191
-9065173 285304420
#r 0 4.3157565091
-22363034 253554350
#r 0 2.6895109615
-68809326 276109835
#r 0 5.4506787260
-51434069 257015270
#r 0 2.2355205067
-59396482 267175263
#r 0 3.1291211255
-65884971 267256189
#r 0 6.1353996060
-62675841 266778442
#r 0 0.2016283537
-61057660 267109208
#r 1 -60819725 267093517
420725815 -425022251
#r 0 1.4412552400
427184769 -375441187
#r 0 4.5968060158
424301625 -400274379
#r 0 1.5412392326
424671035 -387779840
#r 0 4.7809814232
425099402 -394015142
#r 1 425264679 -393554070
-984543034 144270826
#r 0 0.7025146072
-946382043 176577772
#r 0 3.9212241988
-964161358 159002337
#r 0 3.7453226838
-974512640 151863817
#r 1 -975251857 151198897
366737756 485628537
#r 0 5.4889870617
401780600 449963441
#r 0 5.5557963369
439126254 416717356
#r 0 5.7118162710
481184325 389678149
#r 0 5.2506995219
506818635 346749346
#r 0 2.0595250080
495081041 368822607
#r 0 4.9466419563
497982496 356664008
#r 0 1.7985417857
496571360 362752619
#r 0 1.6223750680
496410241 365873595
#r 0 4.7776708144
496512176 364314357
#r 1 496431822 364245225
-649282821 -270779598
#r 0 2.2477720489
-680604749 -231806058
#r 0 2.2345286572
-711407803 -192421139
#r 0 5.1309446607
-701246773 -215263061
#r 0 2.1921475783
-708523452 -205099404
#r 0 2.1663982454
-712170623 -199717711
#r 0 1.7206856132
-712718386 -196090671
#r 0 2.3116230571
-714033273 -194653018
#r 0 2.1672957384
-715001146 -193227601
#r 0 2.1811329996
-716056512 -191718686
#r 0 2.1861682805
-717413506 -189799168
#r 0 0.3906008428
-714383741 -188551640
#r 0 0.3509741966
-712091775 -187712476
#r 0 2.2155569075
-713521594 -185811044
#r 0 2.2273921457
-715639718 -183062605
#r 0 2.5079316765
-719778195 -180021913
#r 0 2.2597648654
-724533568 -174248051
#r 0 0.4587964268
-714483933 -169284027
#r 0 5.0611753932
-710495502 -180251686
#r 0 2.3463773591
-714580890 -176085287
#r 0 2.2435717062
-716700238 -173425401
#r 0 2.3724026619
411724544 245564399
#r 0 5.7174000352
453932939 218760455
#r 0 0.0132422847
503928555 219422550
#r 0 0.4201315489
549580320 239816578
#r 0 5.7177905978
591799180 213029121
#r 0 0.0912713054
641591063 217586353
#r 0 5.1653532042
663472700 172628662
#r 0 0.4812705197
707793075 195773949
#r 0 4.0688656132
692792630 175774284
#r 0 3.7813422505
680964250 166972140
#r 0 3.9127915512
674373096 160565557
#r 0 4.1208805427
669840128 153817484
#r 1 670016345 154660304
795592083 -315379132
#r 0 2.7466348326
749441443 -296140669
#r 0 1.5732408090
749319219 -246140818
#r 0 1.2270070582
766172071 -199066607
#r 0 1.6018280147
764620736 -149090679
#r 0 3.5369431870
718477655 -168347264
#r 0 1.1508391940
728670687 -145519604
#r 0 0.6570159231
742973688 -134487207
#r 0 1.0610098147
749344989 -123091131
#r 0 1.4669481195
750907948 -108094852
#r 0 3.6276324410
744242260 -111616414
#r 0 1.4440418637
744718767 -107877278
#r 0 1.4427753403
745114102 -104806116
#r 0 1.6604109280
744815988 -101488401
#r 0 1.4200406677
745490808 -97046115
#r 0 1.4421583951
746280090 -90944310
#r 0 0.5519144352
753843292 -86287326
#r 0 1.5069007770
754545799 -75307682
#r 0 1.4041613237
757281605 -59041967
#r 0 1.5408335070
758022553 -34320453
#r 0 1.5650880696
758234090 2737273
#r 0 1.3691383928
-521849662 466816098
#r 0 2.9185871794
-570611520 477874181
#r 0 5.8141572064
-548311320 466573693
#r 0 1.5055634471
-547448811 479776935
#r 0 1.4743090406
-546066693 494056804
#r 0 5.1259616751
-543183863 487488280
#r 0 1.4569831615
-542776536 491051724
#r 0 6.1864478806
-540558970 490836531
#r 0 3.7150941569
-541494729 490232105
#r 0 1.6508775874
-541555584 490990391
#r 0 1.3939791205
-541448068 491592106
#r 0 5.0106900626
-541358247 491299981
#r 0 4.2220790160
-541444689 491138041
#r 0 3.0711743131
-541536788 491144537
#r 0 4.7222077716
-541536026 491066898
#r 0 3.7773737682
-541567794 491043453
#r 0 3.0341332193
-541594861 491046373
#r 0 3.7572567251
-541622776 491026627
#r 0 0.5015185398
-541607785 491034846
#r 0 4.1136112029
-541612603 491027785
#r 0 3.0154346131
-541617681 491028429
#r 0 4.7097500811
-558514126 -706353026
#r 0 1.7429747872
-567080576 -657092332
#r 0 5.8593625687
-544292488 -667373531
#r 0 1.8653134992
-547920961 -655411751
#r 0 1.0769353559
-543362419 -646944256
#r 0 1.8032981971
-546334508 -634392353
#r 0 2.0003149324
-552737594 -620412991
#r 0 1.8443171295
-558056849 -601453052
#r 0 5.6256751180
-550263591 -607470406
#r 0 1.1237339863
-547415279 -601529454
#r 0 2.1594352872
-552861873 -593370817
#r 0 1.9255653245
-557558793 -580691599
#r 0 1.9126167283
-564265011 -561842598
#r 0 2.2030627604
-581903826 -537765321
#r 0 1.5553187428
-581225602 -493949039
#r 0 4.6911108467
-581691787 -515854844
#r 0 4.6837326111
-582005696 -526806097
#r 0 5.1133902577
-579866690 -531851232
#r 0 2.1219604202
-581301531 -529517049
#r 1 -581440978 -528848923
-218018041 -776753981
#r 0 0.4287289438
-172543297 -755968225
#r 0 0.3091066444
-124913011 -740757838
#r 0 0.5419212951
-82077046 -714968690
#r 0 6.1440077148
-32560525 -721905125
#r 0 3.6309480852
-54626425 -733656551
#r 0 0.4713793089
-43489641 -727980106
#r 0 0.3854833221
-37696415 -725629303
#r 0 0.5698892146
-35025699 -723917875
#r 1 -35288957 -723747081
517252615 315449462
#r 0 3.2610223563
467608778 309492162
#r 0 3.2453852617
417877859 304311844
#r 0 2.0299367184
395718975 349133533
#r 0 6.0966324758
420285210 344496717
#r 0 3.4342000097
408316523 340891096
#r 0 6.1643046668
414522410 340149841
#r 0 3.5779912607
411690287 338828972
#r 0 0.5463466623
413025330 339640798
#r 0 4.4359699515
412812117 338889206
#r 0 6.2062520019
413372177 338846033
#r 0 3.3779338279
413099125 338780270
#r 0 3.1906633174
412945817 338772741
#r 0 3.4806025930
412862207 338743258
#r 0 5.5400465862
412919018 338691057
#r 0 6.1113426085
413029933 338671807
#r 0 0.0201482355
413183773 338674907
#r 0 3.8122335236
413123500 338627093
#r 0 3.9985727617
413089552 338587900
#r 0 0.7296988281
413108876 338605183
#r 0 3.6838397803
413097773 338598494
#r 0 3.8257739960
-836634468 79323631
#r 0 5.1473939956
-815563721 33980235
#r 0 1.0685827221
-803529547 55893213
#r 0 1.3820475904
-799724634 75811865
#r 0 6.1841624483
-781277188 73979152
#r 0 4.7535907563
-780131801 46195415
#r 0 4.6927836253
-780773819 13452549
#r 0 1.2367554768
-775405197 28922027
#r 0 4.6569397018
-775858944 20747321
#r 0 1.2367257718
-774516674 24614650
#r 0 4.6388931084
-774666972 22573354
#r 0 1.1688692146
-774266622 23515207
#r 0 4.6460903563
-774300522 23004627
#r 0 4.7831739702
-774280509 22722369
#r 0 4.8055317183
-774261247 22516169
#r 0 0.1193729819
-774057838 22540567
#r 0 4.7764219085
-774038321 22236185
#r 0 4.7725380525
-774016880 21880150
#r 0 4.5782447141
-774080430 21409248
#r 0 1.1756166237
-773988966 21628522
#r 0 5.3864217171
-773909959 21529620
#r 0 4.7792445094
-478957491 -425697431
#r 0 6.0848620943
-429937575 -435548715
#r 0 0.5653959365
-387718748 -408761206
#r 0 4.3970362424
-395472544 -432528381
#r 0 6.1264848145
-378385933 -435227994
#r 0 5.2480446279
-365229572 -457393931
#r 0 5.9725659251
-332715760 -467831209
#r 0 0.0144527096
-281500409 -467090957
#r 0 0.0489379958
-205715520 -463379233
#r 0 6.0414034751
-96030219 -490428294
#r 0 2.7992393036
-149237856 -471465789
#r 0 2.9059210412
-176976134 -464804887
#r 0 3.3183519854
-191139322 -467334765
#r 0 0.3224585210
-184316410 -465055093
#r 1 -184538173 -465138509
744680137 283363242
#r 0 4.1236770144
716915623 241780412
#r 0 0.2209530304
741307848 247259401
#r 0 4.7952281633
742808046 229191078
#r 0 0.1803584242
769470684 234052739
#r 0 0.7676327754
789327371 253216146
#r 0 0.2203014661
815612509 259102334
#r 0 6.2607598616
853086390 258261825
#r 0 1.2597537369
870114234 311229284
#r 0 5.1696398111
882395676 286268495
#r 0 5.0349217321
888820488 267044195
#r 0 2.2010278229
882847763 275231962
#r 0 5.4184636043
886135736 271376126
#r 0 5.3354067660
887622588 269306670
#r 1 887377442 269483511
787479252 -388621533
#r 0 1.5478574069
788626097 -338634687
#r 0 1.3497964090
799586364 -289850750
#r 0 1.7196167825
792172778 -240403417
#r 0 2.7476043858
746003507 -221209709
#r 0 2.8614813746
697952273 -207386579
#r 0 2.9572516317
648799410 -198221641
#r 0 1.1075532647
671141996 -153491239
#r 0 1.0046404227
697961582 -111292782
#r 0 1.2150185243
715377560 -64423990
#r 0 0.9445873575
744681424 -23911232
#r 0 1.0816801016
768173720 20226190
#r 0 3.5209217590
744950889 10968757
#r 0 0.2253470163
757134846 13761815
#r 0 0.6389390520
762269250 17576144
#r 1 762514822 17911632
734374273 161323653
#r 0 0.4881604131
778534129 184773751
#r 0 0.3743277534
825071811 203056097
#r 0 0.3827653512
871453579 221730454
#r 0 0.4033540320
917441064 241355725
#r 0 1.3171587585
929987404 289756028
#r 0 4.5100875811
924964296 265265860
#r 0 4.5438973200
922862586 252910448
#r 0 4.8607524906
923805928 246598853
#r 0 2.6109393561
921053894 248213733
#r 0 2.5309480903
918992204 249656666
#r 0 2.8933521133
916541515 250277839
#r 0 5.9328477841
917728823 249843984
#r 1 917904504 249909899
-835925574 -325109799
#r 0 1.3298795509
-823995923 -276553817
#r 0 1.2882383511
-810055268 -228536548
#r 0 0.3866487815
-763746370 -209682212
#r 0 1.5462267305
-762518014 -159697303
#r 0 1.7306711772
-770477747 -110334942
#r 0 3.9120823171
-788416990 -127747109
#r 0 0.7431274096
-779212539 -119289683
#r 0 0.8977219380
-775313418 -114399096
#r 1 -775578475 -115320879
191098699 -491490599
#r 0 4.3554007371
173626002 -538338276
#r 0 4.4759927613
161915972 -586947691
#r 0 4.1058613272
133415076 -628029304
#r 0 1.0296616873
146292797 -606601186
#r 0 0.8040125542
155002575 -597560964
#r 0 1.0711291638
158037012 -592002067
#r 0 0.5944605798
160676152 -590217915
#r 0 3.6155745131
159258931 -590944928
#r 1 159139816 -591118886
76967052 -918743877
#r 0 1.0079496041
103646849 -876456900
#r 0 3.2957353401
78943262 -880295225
#r 0 1.6728764334
76981661 -861145730
#r 0 3.5862386456
50982923 -873533315
#r 0 3.4932427423
26505604 -882514033
#r 0 3.5123851320
-2443817 -893768848
#r 0 3.7020660270
-37698497 -915895009
#r 0 3.4778807385
-91836537 -934819824
#r 0 0.3268052439
-64679005 -925614529
#r 0 3.5427572163
-77878313 -931213235
#r 0 0.3515504012
-71147950 -928744629
#r 0 0.6186691259
-68220735 -926660739
#r 1 -68818738 -927443943
-458212991 -390070259
#r 0 1.0073425404
-431507528 -347799486
#r 0 0.3784178222
-385045011 -329326951
#r 0 0.6526654231
-345321616 -298961643
#r 0 4.3741488734
-353617302 -322545146
#r 0 2.1039891471
-359970871 -311780289
#r 0 0.9678170035
-354451347 -303763779
#r 0 0.9799941611
-351578299 -299480239
#r 0 2.0786956757
-353104963 -296737421
#r 0 1.7903902813
-353986634 -292787160
#r 0 0.8015756943
-350286219 -288965038
#r 0 0.7520425359
-346210620 -285152646
#r 0 2.2424169242
-350515875 -279736518
#r 0 4.4291774852
-351482571 -283058101
#r 0 0.1511458027
-348678512 -282631022
#r 0 4.4502155827
-349135748 -284334901
#r 0 1.5784266730
-349142479 -283452846
#r 0 0.9488878227
-348867572 -283069323
#r 0 0.7244536164
-348688843 -282911151
#r 0 0.5190484690
-348567144 -282841625
#r 0 0.5544957586
-348465874 -282778908
#r 0 0.5280028289
-561441965 -303326039
#r 0 1.7265051333
-569195983 -253930946
#r 0 0.6041988283
-528048108 -225525800
#r 0 0.7694146496
-492132207 -190740055
#r 0 4.6294835215
-494202470 -215654187
#r 0 1.9264021471
-498554449 -203936241
#r 0 4.4983403681
-499882060 -210043608
#r 0 1.9510144094
-501041819 -207141785
#r 0 1.0897030824
-500103040 -205343363
#r 0 1.6306912487
-500165664 -204299041
#r 0 1.4051865651
-500029531 -203484561
#r 0 1.8916821841
-500272818 -202752590
#r 0 1.4300819017
-500126496 -201719612
#r 0 0.2255180242
-498802155 -201415781
#r 0 0.4925762944
-497686395 -200816950
#r 0 2.0347873257
-498410891 -199369201
#r 0 1.3972435575
-498016372 -197118875
#r 0 1.3455742556
-497252768 -193785948
#r 0 0.0864131749
-492155152 -193344347
#r 0 0.2828851151
-486213607 -191617255
#r 0 0.2329492709
-477730528 -189604590
#r 0 0.7224369069
-143029320 -288205830
#r 0 2.3705291101
-178887815 -253360911
#r 0 1.1063968833
-156493518 -208656376
#r 0 2.1615871760
-184344418 -167131355
#r 0 2.4379916123
-222470287 -134782968
#r 0 0.2906042640
-174566742 -120456408
#r 0 1.9405088539
-192634112 -73834845
#r 0 0.8064316168
-158030183 -37743736
#r 0 6.1165410260
-108722836 -46037439
#r 0 1.0889009972
-85549861 -1731534
#r 0 0.9067854230
-54735836 37644803
#r 0 1.0365770607
-29277374 80678124
#r 0 1.0062721302
-2526679 122920287
#r 0 4.3023642900
-12492478 99992512
#r 0 1.4909174232
-11495053 112452654
#r 0 4.9493226938
-10028034 106377266
#r 0 1.8145461036
-10782231 109409889
#r 1 -10779505 108808160
-217724255 370576245
#r 0 5.3959400710
-186146741 331809499
#r 0 3.6569121034
-229653508 307168857
#r 0 3.1093390155
-279627503 308781259
#r 0 6.0901556273
-255091814 303985429
#r 0 3.3037928459
-267427744 301966805
#r 0 6.1234544693
-261257306 300972727
#r 0 3.7214457941
-263871502 299260537
#r 0 2.7555350419
-265941480 300101888
#r 0 2.0944678007
-266537735 301134459
#r 0 6.1585696769
-265946178 301060358
#r 0 2.0210751872
-266154751 301491830
#r 0 5.9565509577
-265927801 301414947
#r 0 3.8843131970
-266058577 301294883
#r 0 3.2380267790
-266188007 301282363
#r 0 0.9147901190
-266148349 301333885
#r 0 3.1797318271
-266180833 301332645
#r 0 5.8840556544
-266165857 301326329
#r 0 6.0293599281
-266156628 301323935
#r 0 3.9356774339
-266161164 301319320
#r 0 6.0925854918
-266151640 301317482
#r 0 5.9613784052
231282029 -813119927
#r 0 0.7902833081
266464231 -777592295
#r 0 0.9077285527
297241105 -738186914
#r 0 1.0501877476
322111514 -694811083
#r 0 1.2791389881
336488512 -646922651
#r 0 2.0574860493
313103385 -602728355
#r 0 0.9517485454
342116380 -562006787
#r 0 1.6931411811
336014387 -512380527
#r 0 2.6448434884
292057564 -488552020
#r 0 1.9640519052
272897689 -442368699
#r 0 1.8178260045
260671445 -393886548
#r 0 0.4364059021
305985279 -372752300
#r 0 0.5271208480
349198229 -347599945
#r 0 0.5309458280
392314656 -322282486
#r 0 2.1461459588
365108248 -280332381
#r 0 3.7468348158
323990031 -308780443
#r 0 2.1001220487
298742458 -265623056
#r 0 0.6274066824
339220089 -236270691
#r 0 1.2211788396
356347012 -189295501
#r 0 2.6055276526
313360754 -163757654
#r 0 2.6039651444
270414452 -138152672
#r 0 2.6564792841
-173650117 941397434
#r 0 5.6862631947
-132296637 913292458
#r 0 6.0881143188
-83244941 903600649
#r 0 4.2487458677
-105605420 858879189
#r 0 3.7048862527
-147880470 832180497
#r 0 4.0529626148
-178513649 792663307
#r 0 3.2730663193
-228082138 786108545
#r 0 3.2043542167
-277983695 782972527
#r 0 3.0482901859
-327766219 787630885
#r 0 3.8662315291
-365203161 754487630
#r 0 2.8654549413
-413308943 768119716
#r 0 4.6541190713
-416220790 718204577
#r 0 2.7344536892
-462133665 738003766
#r 0 2.5682829932
-504139183 765124541
#r 0 2.4343384447
-542146624 797611992
#r 0 1.7448938812
-548880762 835900657
#r 0 5.3846156575
-536776032 820691511
#r 0 4.5314430619
-538908213 809036870
#r 0 4.4032266365
-540714758 803380885
#r 0 4.3534255181
-541758822 800598347
#r 0 4.2881749589
-542378581 799226096
#r 1 -542238464 799386994
-974261600 -135035256
#r 0 1.0199282986
-948090248 -92431731
#r 0 0.0535188838
-898161838 -89757064
#r 0 1.3351999569
-886490692 -41138299
#r 0 1.2557580892
-870998051 6400928
#r 0 0.9383342267
-841441430 46729654
#r 0 0.4025171207
-795437537 66316430
#r 0 1.5319607417
-793496246 116278730
#r 0 0.9665245971
-765088100 157424535
#r 0 0.8456865481
-731927220 194845866
#r 0 0.9738523484
-703821340 236198732
#r 0 0.7201088331
-666234642 269172056
#r 0 3.7218963697
-687142045 255465108
#r 0 4.0983676736
-694483223 245050929
#r 0 1.0498161669
-691312285 250576520
#r 0 4.3234461272
-692520220 247629040
#r 0 1.2345834683
-691994766 249132563
#r 1 -692129242 248953637
-219071864 876570219
#r 0 0.0324440888
-169098177 878192139
#r 0 5.9837702577
-121322717 863444072
#r 0 0.0304745319
-71345933 864967563
#r 0 0.0317311960
-21371103 866553857
#r 0 0.1125896492
28312321 872171453
#r 0 0.0765890394
78165746 875997162
#r 0 0.0718512717
128036736 879586635
#r 0 3.1530799388
103038386 879299459
#r 0 3.6752008907
92237037 872918300
#r 0 0.3657830989
98094783 875161933
#r 0 1.0498140970
99699117 877957589
#r 0 4.1896301746
98894468 876561189
#r 1 99125743 876836237
841216372 -245702053
#r 0 2.9237799327
792397750 -234897326
#r 0 2.8725672042
744196231 -221607723
#r 0 2.7767954138
697486425 -203769729
#r 0 1.2614846410
712706578 -156142563
#r 0 1.2329314085
729280252 -108969336
#r 0 1.2109062904
746888818 -62172558
#r 0 0.3539048646
793790147 -44844393
#r 0 0.3903849755
840028278 -25817170
#r 0 0.4157689919
885768578 -5622494
#r 0 0.3903394354
932007576 13402623
#r 0 6.0936380795
981112058 3981910
#r 0 3.0299387522
956267730 6767461
#r 0 2.9085439453
944032113 9671726
#r 0 2.3532342556
939594059 14136134
#r 0 5.4794344377
941778465 11870040
#r 1 941660784 11869400
-554460271 622376857
#r 0 3.5848573502
-599628085 600932311
#r 0 4.1248866920
-627342277 559315925
#r 0 3.3724951422
-676015290 547873117
#r 0 5.3166669077
-647606889 506727488
#r 0 3.0657434451
-672535010 508621901
#r 0 3.2015225986
-692202242 507441832
#r 0 3.1008102398
-713959731 508329647
#r 0 3.0102086635
-741125514 511919475
#r 0 3.1257979074
-778309601 512506837
#r 0 2.2535000680
-812452080 554495121
#r 0 5.4673981203
-793908779 534789102
#r 0 5.3551165530
-785757233 523902840
#r 0 5.2335446116
-782368190 517999585
#r 0 5.1803777717
-780827817 514951987
#r 1 -780883764 515498886
-710372218 -603481641
#r 0 0.8181143776
-676192285 -566988735
#r 0 5.1232957646
-656220245 -612826685
#r 0 5.2536855474
-630457863 -655678752
#r 0 0.6738216163
-591385724 -624479906
#r 0 0.6092688778
-550382392 -595866504
#r 0 4.7144379759
-550331167 -620866452
#r 0 4.6211040226
-552209631 -641387290
#r 0 4.8346082095
-549608644 -662562543
#r 0 4.7775065643
-547769404 -690767508
#r 0 4.6436951243
-550492691 -730348957
#r 0 1.8469935308
-555902360 -711263299
#r 0 4.8861801437
-554187232 -721032641
#r 0 4.8929855384
-553287161 -725962217
#r 0 4.8422546498
-552950380 -728540921
#r 0 4.9053994638
-552657757 -730038144
#r 0 4.8776711231
-552477821 -731116871
#r 0 1.7196426483
-552558912 -730576102
#r 0 4.7971346109
-552535770 -730848528
#r 0 4.8302322664
-552519632 -730984840
#r 0 4.9246323009
-552505045 -731052532
#r 0 4.7843869899
57367412 137137296
#r 0 2.1623045347
29486731 178642327
#r 0 2.4178004216
-7978258 211753874
#r 0 2.1232637624
-34217717 254315486
#r 0 5.1697755186
-23177597 231885244
#r 0 1.8178483904
-26234429 244005713
#r 0 5.0121747313
-24388707 238034465
#r 0 4.9252293423
-23726759 234971501
#r 1 -24117271 234804630
350298717 99524416
#r 0 3.6182693408
305872484 76582973
#r 0 3.7208026984
264027719 49214823
#r 0 3.6601074839
220599910 24435286
#r 0 3.5289901096
174305141 5546285
#r 0 0.7733499785
192194505 23009692
#r 0 3.5779832508
180865966 17726304
#r 0 3.7340227627
175127453 13863820
#r 0 2.9359671505
171036449 14717095
#r 0 3.6268330182
166730433 12446577
#r 0 3.6982076513
162380557 9739893
#r 0 3.5293038197
156529420 7350395
#r 0 3.5875728414
148469704 3496989
#r 0 3.6152631934
136938121 -2414011
#r 0 3.6645513637
120388543 -11954796
#r 0 3.6187522064
95211431 -24971510
#r 0 3.5333335853
56034009 -41155369
#r 0 0.3027131918
76264597 -34837122
#r 0 3.6919040637
67232007 -40378921
#r 0 0.6298137393
71513975 -37258096
#r 0 0.4780022246
73881129 -36031735
#r 1 74088578 -35854862
124361302 -505132095
#r 0 2.2476313850
93044857 -466154149
#r 0 2.3677841504
57282145 -431210932
#r 0 3.6788590698
14326600 -456800405
#r 0 0.9666439152
28528218 -436225809
#r 0 3.7053977799
17962872 -442905887
#r 0 3.7381912717
12022192 -446940530
#r 0 0.6325827241
14918033 -444817653
#r 0 3.8928676230
13605989 -446043077
#r 0 3.6517559563
12811692 -446487544
#r 0 3.6918349344
12423756 -446725519
#r 0 2.1473943021
12299592 -446534590
#r 0 2.4518087173
12109960 -446378148
#r 0 0.7307575695
12321888 -446188200
#r 0 1.0478067015
12524130 -445837413
#r 0 2.2647697050
12136552 -445371596
#r 0 0.9646350272
12584662 -444725179
#r 0 3.6540407069
12241906 -444918006
#r 0 3.6697676447
12040802 -445035344
#r 0 0.7152503491
12128688 -444958998
#r 0 3.8446645537
12084284 -444996633
#r 0 0.9481459458
-544744435 413022941
#r 0 3.3897887953
-593212291 400740152
#r 0 3.5257849464
-639567365 381999630
#r 0 3.4384609210
-687380230 367373285
#r 0 3.3720598088
-736058219 355951667
#r 0 3.3697612362
-784762333 344641969
#r 0 0.1951545735
-760236891 349489923
#r 0 3.3287877744
-772518516 347163626
#r 0 5.8928728855
-766738578 344785643
#r 0 2.5264467115
-769290731 346589010
#r 1 -769577655 346458069
-119196968 -904270036
#r 0 0.8184647206
-85029822 -867765158
#r 0 2.9954030215
-109763154 -864123421
#r 0 3.0627474254
-130319154 -862499312
#r 0 2.9979832228
-151709720 -859406132
#r 0 3.0815856415
-179362966 -857744749
#r 0 2.9473966756
-216676270 -850406172
#r 0 3.0649355325
-272198305 -846141656
#r 0 3.0956439567
-353947616 -842382736
#r 0 3.1255352005
-475317617 -840433675
#r 0 2.7462033203
-631821757 -775113712
#r 0 5.7618077713
-558293810 -817347606
#r 0 5.9013801862
-518330741 -833393071
#r 0 2.6938450834
-537740192 -824071099
#r 0 3.3197229248
-548381784 -825986996
#r 0 0.2247558159
-543111419 -824782094
#r 0 0.0409296677
-540404648 -824671245
#r 1 -541374751 -824622739
