701687785 -541700890
#r 0 1.0552007690
701687785 -540700890
#r 0 1.1288768285
698823116 -546755640
#r 0 1.0887567487
-499127383 633119407
#r 0 6.2343042269
-499127383 632119407
#r 0 0.3591517265
-496770864 633004126
#r 0 0.4683370982
-483608482 -622730427
#r 0 0.1502498292
-483608482 -621730427
#r 0 0.4951510887
-486181609 -623119975
#r 0 0.3035673178
-400050622 -282770132
#r 0 3.3156339344
-400050622 -281770132
#r 0 3.2771186222
-374707370 -278314279
#r 0 1.3963218006
301295572 728310821
#r 0 0.7940210317
301295572 727310821
#r 0 0.7990260820
398971174 827685605
#r 0 4.5927925799
538670319 187274473
#r 0 1.9023264004
538670319 186274473
#r 0 4.9555359243
537782519 189853522
#r 0 3.9563455292
-356518068 -65592954
#r 0 1.1206292552
-356518068 -64592954
#r 0 0.1052281212
-356008814 -64539167
#r 0 1.0711284905
-276446552 932869643
#r 0 4.8411411285
-276446552 931869643
#r 0 5.0053763614
-276219743 931117798
#r 0 5.3858246074
-550539604 -271667289
#r 0 4.4371347063
-550539604 -270667289
#r 0 4.3611286775
-549308010 -267306478
#r 0 3.4756589941
-618319202 -169265767
#r 0 4.5974681002
-618319202 -168265767
#r 0 5.0296037416
-618233800 -168525901
#r 0 4.5133461366
755102565 -188650360
#r 0 0.1196635351
755102565 -187650360
#r 0 0.0721010445
775930800 -186146015
#r 0 0.5125449649
380790345 -501424583
#r 0 3.9599090134
380790345 -500424583
#r 0 2.8318759041
381510745 -500655122
#r 0 3.0356439438
-579009961 358478730
#r 0 4.1073326292
-579009961 357478730
#r 0 3.7126080816
-580254438 356679276
#r 0 4.2918059324
299350043 -849072587
#r 0 2.4499050229
299350043 -848072587
#r 0 0.6672726418
298731232 -848560102
#r 0 1.7992454203
547958642 -796389549
#r 0 3.0765315930
547958642 -795389549
#r 0 3.0962554554
497414610 -793096453
#r 0 1.8692473472
120566706 -818818612
#r 0 0.2147937422
120566706 -817818612
#r 0 4.1129236262
119763632 -818993810
#r 0 4.0165018035
137093106 -178832048
#r 0 1.7448210397
137093106 -177832048
#r 0 0.6825291495
136939284 -177957082
#r 0 0.4850868736
-671832205 450572368
#r 0 5.9033602257
-671832205 449572368
#r 0 3.7600846002
-670931989 450212993
#r 0 3.7558939582
-468532303 -84888903
#r 0 1.1222768975
-468532303 -83888903
#r 0 0.4238272290
-467917613 -83611573
#r 0 0.3322256999
242220329 -192797614
#r 0 0.9900904190
242220329 -191797614
#r 0 0.8898784107
245672360 -187536798
#r 0 3.7280975832
474168597 127670696
#r 0 5.1620834444
474168597 126670696
#r 0 4.3110308081
474394429 127202823
#r 0 4.0964538960
595496296 -707793242
#r 0 2.9530313736
595496296 -706793242
#r 0 2.6621617641
598535261 -708373163
#r 0 1.5276605690
677928845 -196320030
#r 0 3.6906383828
677928845 -195320030
#r 0 0.3161061272
681441073 -194171273
#r 0 4.4660225868
134234208 -184258840
#r 0 5.3755507987
134234208 -183258840
#r 0 1.1878035643
133968406 -183918584
#r 0 4.1403396594
-222667336 -46611794
#r 0 3.3222212493
-222667336 -45611794
#r 0 3.3677195379
-243745449 -50461058
#r 0 3.4361738111
219528894 970092025
#r 0 3.9132922768
219528894 969092025
#r 0 5.4687597660
219036957 969613384
#r 0 5.0353281930
-384209398 -106897359
#r 0 0.5645993285
-384209398 -105897359
#r 0 1.0414604043
-385138807 -107486024
#r 0 3.9796603373
615373946 -411111791
#r 0 0.0452435908
615373946 -410111791
#r 0 0.2036045256
609170124 -411392666
#r 0 0.2936351906
326662212 790338362
#r 0 4.8805974262
326662212 789338362
#r 0 4.8394262977
326146876 793373087
#r 0 4.6105922087
340630368 -61653550
#r 0 4.0017375501
340630368 -60653550
#r 0 1.5067334542
340561051 -61734090
#r 0 2.7957822870
-936931568 -253662529
#r 0 3.5803526113
-936931568 -252662529
#r 0 6.2355520813
-934997092 -252754744
#r 0 3.5063974254
-55698254 -527054964
#r 0 3.4732158696
-55698254 -526054964
#r 0 0.2272627168
-46855089 -524009913
#r 0 5.5948781252
-176767589 -188188183
#r 0 2.4627934176
-176767589 -187188183
#r 0 5.4256998930
-173902165 -190499656
#r 0 2.2098020582
133207554 429148051
#r 0 5.9198891471
133207554 428148051
#r 0 6.0022084568
144129539 424995832
#r 0 5.8796761855
420725815 -425022251
#r 0 2.8358936260
420725815 -424022251
#r 0 2.7242863949
428553373 -427492563
#r 0 2.9139394317
-984543034 144270826
#r 0 5.9376903269
-984543034 143270826
#r 0 1.1357994552
-984144935 144127538
#r 0 1.0375037558
366737756 485628537
#r 0 1.3697339136
366737756 484628537
#r 0 1.5407364239
366773029 485801598
#r 0 3.5486156384
-649282821 -270779598
#r 0 5.1731332665
-649282821 -269779598
#r 0 4.9698142208
-648722230 -271908965
#r 0 4.9226681996
411724544 245564399
#r 0 4.3736047022
411724544 244564399
#r 0 3.4252918624
411331827 244449897
#r 0 5.9575623988
795592083 -315379132
#r 0 3.0683392041
795592083 -314379132
#r 0 1.2312108737
795247739 -315353862
#r 0 3.2489614428
-521849662 466816098
#r 0 4.6598863207
-521849662 465816098
#r 0 4.1075480037
-521906537 465733822
#r 0 5.8403069279
-558514126 -706353026
#r 0 1.7122911791
-558514126 -705353026
#r 0 0.3051613626
-558650456 -705395970
#r 0 0.3634849200
-218018041 -776753981
#r 0 1.1893155727
-218018041 -775753981
#r 0 5.9651068073
-217663709 -775870648
#r 0 1.2466470506
517252615 315449462
#r 0 4.2761688491
517252615 314449462
#r 0 2.0628086715
517003294 314914634
#r 0 4.9278990269
-836634468 79323631
#r 0 0.0072789353
-836634468 78323631
#r 0 4.1268834496
-835968186 79328481
#r 0 0.2441142078
-478957491 -425697431
#r 0 5.9233486359
-478957491 -424697431
#r 0 1.9726259364
-478451672 -425887728
#r 0 2.9502052997
744680137 283363242
#r 0 3.9295507144
744680137 282363242
#r 0 0.0556403871
743626879 282304578
#r 0 2.8448290228
787479252 -388621533
#r 0 4.3272791604
787479252 -387621533
#r 0 4.3461146120
780335970 -406244042
#r 0 4.1983586440
734374273 161323653
#r 0 0.7552170797
734374273 160323653
#r 0 4.1150250036
736266038 163104539
#r 0 0.7571296284
-835925574 -325109799
#r 0 0.1455223886
-835925574 -324109799
#r 0 2.1935088140
-835275925 -325014587
#r 0 6.2471638825
191098699 -491490599
#r 0 0.1347602311
191098699 -490490599
#r 0 6.2812267261
198369282 -490504839
#r 0 0.0915320985
76967052 -918743877
#r 0 2.1918273418
76967052 -917743877
#r 0 2.2460121174
70251373 -909357446
#r 0 2.3607188772
-458212991 -390070259
#r 0 2.3116257137
-458212991 -389070259
#r 0 2.6999738936
-459824333 -388308482
#r 0 0.3476462887
-561441965 -303326039
#r 1 -562173634 -303270586
-143029320 -288205830
#r 0 2.1569792361
-143029320 -287205830
#r 0 2.1052965690
-137574413 -296420539
#r 0 6.2465111483
-217724255 370576245
#r 0 4.7894916127
-217724255 369576245
#r 0 4.6637601779
-217694397 370189761
#r 0 4.6638802173
231282029 -813119927
#r 0 0.1172629234
231282029 -812119927
#r 0 0.0684170396
251574491 -810729407
#r 0 3.2375995533
-173650117 941397434
#r 0 3.9847196024
-173650117 940397434
#r 0 5.0419504679
-173897253 941119980
#r 0 4.9980743105
-974261600 -135035256
#r 0 1.4015464219
-974261600 -134035256
#r 0 1.7607480031
-974171126 -134505813
#r 0 0.1676364753
-219071864 876570219
#r 0 5.1581534044
-219071864 875570219
#r 0 4.8649055207
-219298467 877044441
#r 0 4.4763030391
841216372 -245702053
#r 0 3.7771012318
841216372 -244702053
#r 0 0.6295058913
949586896 -165769491
#r 0 0.4350423451
-554460271 622376857
#r 0 0.4805483428
-554460271 621376857
#r 0 0.4015121533
-564798198 616987613
#r 0 6.1186780771
-710372218 -603481641
#r 0 5.9826927653
-710372218 -602481641
#r 0 2.1344488946
-709586227 -603725201
#r 0 2.0870279066
57367412 137137296
#r 0 3.8826533032
57367412 136137296
#r 0 4.1557799461
58812349 138459466
#r 0 1.4759382601
350298717 99524416
#r 0 2.1761468369
350298717 98524416
#r 0 4.3899715571
350524024 99198838
#r 0 4.5902030209
124361302 -505132095
#r 0 3.8114418812
124361302 -504132095
#r 0 3.6956284093
130130411 -500562910
#r 0 0.8438171734
-544744435 413022941
#r 0 4.5107941225
-544744435 412022941
#r 0 4.3691506694
-545221772 410687302
#r 0 3.3675715583
-119196968 -904270036
#r 0 0.1088235310
-119196968 -903270036
#r 0 2.1093511498
-118636112 -904208760
#r 0 0.0433156240
-804414631 -463783652
#r 0 1.9351636016
-804414631 -462783652
#r 0 0.8862670903
-804674563 -463102126
#r 0 1.8082780780
551441948 -761356956
#r 0 1.9308615026
551441948 -760356956
#r 0 2.3466800147
550831071 -759734343
#r 0 1.2330374432
27156741 -865736728
#r 0 5.4064387883
27156741 -864736728
#r 0 5.4320650608
10702171 -845963580
#r 0 5.4714366224
940217810 -146619311
#r 0 6.2733464868
940217810 -145619311
#r 0 6.1513443828
948363055 -146699453
#r 0 6.2201441484
-914055295 46387478
#r 0 0.2465662853
-914055295 45387478
#r 0 0.4101025924
-908592774 47762326
#r 0 0.3460689302
-936955659 -34943340
#r 0 4.9163563021
-936955659 -33943340
#r 0 6.1212693019
-937169736 -33908371
#r 0 4.2050562268
-369379595 277222742
#r 0 5.4994984243
-369379595 276222742
#r 0 5.4198715029
-375167050 282990423
#r 0 6.2773189747
-821124475 11788443
#r 0 1.1331486157
-821124475 10788443
#r 0 4.3305343338
-818292376 17841099
#r 0 3.7410655404
-490967586 616064171
#r 0 0.0415378314
-490967586 615064171
#r 0 0.7653216462
-489879530 616109392
#r 0 0.5039517180
-678074763 -588467848
#r 0 0.9679529955
-678074763 -587467848
#r 0 2.3346376916
-677674264 -587885997
#r 0 1.4392538714
217643120 -215305082
#r 0 0.8434121109
217643120 -214305082
#r 0 1.1660100897
216817147 -216232915
#r 0 5.2476004090
-682169509 -158834214
#r 0 0.6268886621
-682169509 -157834214
#r 0 2.0739868237
-681775971 -158549150
#r 0 3.5306908284
557597791 508080141
#r 0 4.2132091042
557597791 507080141
#r 0 5.2761940674
557305024 507543188
#r 0 2.7146317698
639262792 -399950495
#r 0 5.0175055477
639262792 -398950495
#r 0 4.9950988380
643003078 -411826252
#r 0 1.9605468713
61684808 -566926225
#r 0 0.9939835323
61684808 -565926225
#r 0 0.8969874379
65198535 -561525665
#r 0 0.8240404160
523190902 523430949
#r 0 4.3332364742
523190902 522430949
#r 0 5.6944602821
522876195 522641082
#r 0 2.6487543592
-97120665 -106773775
#r 0 2.8388571717
-97120665 -105773775
#r 0 2.7471154096
-87501795 -109778095
#r 0 1.1954634216
-565009351 514254679
#r 0 6.0275023321
-565009351 513254679
#r 0 3.6408068404
-563769713 513930632
#r 0 5.3939876830
334580786 -482417867
#r 0 2.3655753147
334580786 -481417867
#r 0 3.3139566118
333715362 -481568530
#r 0 3.0627657069
-302732954 278207160
#r 0 4.6109556752
-302732954 277207160
#r 0 3.7713169973
-302842890 277127050
#r 0 3.9372750967
-258338693 -552221732
#r 0 6.1762548613
-258338693 -551221732
#r 0 6.2826803008
-267698933 -551217005
#r 0 6.2491613980
-571070279 -284224233
#r 0 3.4315268286
-571070279 -283224233
#r 0 3.0841600748
-568260003 -283385812
#r 0 1.9709748585
481874853 641887316
#r 0 3.9622282532
481874853 640887316
#r 0 4.4465747417
482259480 642300052
#r 0 3.5890771327
-479273610 -106822827
#r 0 0.6782550309
-479273610 -105822827
#r 0 3.9260703463
-484471618 -111011275
#r 0 0.2644461509
-4238218 -621301856
#r 0 0.8104259184
-4238218 -620301856
#r 0 0.8002321957
42855149 -571790177
#r 0 5.7858550665
-213551122 -22815755
#r 0 2.3237855796
-213551122 -21815755
#r 0 1.0150589418
-213924640 -22417207
#r 0 3.6427360176
-874003763 -51756842
#r 0 4.9183377578
-874003763 -50756842
#r 0 4.4570208928
-874119811 -51201353
#r 0 4.4641291786
-191082364 -706539912
#r 0 1.3585446934
-191082364 -705539912
#r 0 5.4118961419
-190910804 -705743799
#r 0 1.1742339063
-712230836 221529366
#r 0 2.2076399766
-712230836 220529366
#r 0 5.8791738587
-711149126 220066903
#r 0 3.0815401091
-780382671 126943689
#r 0 0.3096092824
-780382671 125943689
#r 0 4.8036586175
-780471591 126915244
#r 0 4.2953994880
-236286024 -513307999
#r 0 2.8891268878
-236286024 -512307999
#r 0 6.2225050932
-241356624 -511999936
#r 0 0.8145777676
432125842 146983063
#r 0 3.5825976182
432125842 145983063
#r 0 4.1604912650
432993816 147392755
#r 0 4.7366237965
-261116530 -918750953
#r 0 2.0673974232
-261116530 -917750953
#r 0 0.8984021084
-261438965 -918155942
#r 0 2.1690398716
118024946 613168088
#r 0 0.5228765534
118024946 612168088
#r 0 3.0708701108
116479896 612277540
#r 0 5.0918198587
-464226731 -787773296
#r 0 1.9123711538
-464226731 -786773296
#r 0 1.2858924501
-464387313 -787321600
#r 0 2.0419028653
-243669211 -909135288
#r 0 0.9055340930
-243669211 -908135288
#r 0 1.3041436186
-244088269 -909669411
#r 0 0.1006664631
-477273716 873997373
#r 0 5.5169323392
-477273716 872997373
#r 0 5.7473318902
-474560876 871386469
#r 0 5.7762937574
-723337552 322551553
#r 0 2.2817265862
-723337552 321551553
#r 0 6.1643281316
-722377694 321436927
#r 0 2.8584480990
-109826943 -461038229
#r 0 5.9771905962
-109826943 -460038229
#r 0 1.8101326636
-109562548 -461121756
#r 0 5.9674840435
273596302 -710435175
#r 0 4.4148987177
273596302 -709435175
#r 0 6.2565292347
273900405 -709443283
#r 0 2.4470526462
-495340295 -231301155
#r 0 1.0754833607
-495340295 -230301155
#r 0 1.3004977322
-495909118 -232354079
#r 0 6.0188658150
-335666797 -774290530
#r 0 6.2313730743
-335666797 -773290530
#r 0 1.5868443337
-335650734 -774291363
#r 0 0.3716998004
-44434562 -424288087
#r 0 5.8959434000
-44434562 -423288087
#r 0 0.9261682707
-45009922 -424053435
#r 0 0.9864311069
482272679 648017210
#r 0 3.5490468160
482272679 647017210
#r 0 3.8537219698
484589478 649017158
#r 0 3.6905917089
-848718430 -335529233
#r 0 0.5303894069
-848718430 -334529233
#r 0 1.8332122448
-848486374 -335393146
#r 0 5.8507631986
-538168394 -366123595
#r 0 1.9867279526
-538168394 -365123595
#r 0 0.8049955585
-538471062 -365438364
#r 0 1.1364498396
780704324 -493859950
#r 0 1.1556173121
780704324 -492859950
#r 0 2.1033071578
780956497 -493287873
#r 0 2.1262873866
101574837 -660299922
#r 0 6.2022573597
101574837 -659299922
#r 0 1.7599491538
101769298 -660315694
#r 0 2.7936589565
274165912 -778182756
#r 0 3.9535130755
274165912 -777182756
#r 0 3.9765536407
254118561 -799322745
#r 0 3.9831877796
-30247511 -354320033
#r 0 0.7134446509
-30247511 -353320033
#r 0 6.0766358884
-29317342 -353514938
#r 0 0.7608560675
196232884 -273237791
#r 0 4.8527366635
196232884 -272237791
#r 0 4.8420521103
197925776 -285220622
#r 0 3.1375338065
-43571381 -254057842
#r 0 4.5143532783
-43571381 -253057842
#r 0 6.0494303318
-43379866 -253103443
#r 0 2.3842370756
245238934 77228773
#r 0 6.0063813175
245238934 76228773
#r 0 5.1149666137
244754492 77366402
#r 0 5.8170201907
691449954 36763389
#r 0 3.2542227569
691449954 35763389
#r 0 4.6109514317
691552926 36775036
#r 0 0.2980396987
305194638 -415436078
#r 0 1.1091656907
305194638 -414436078
#r 0 2.6415432301
305585799 -414649795
#r 0 1.0698169659
326597884 -216545057
#r 0 0.7627105272
326597884 -215545057
#r 0 4.1787343431
325240831 -217841890
#r 0 3.5333779525
48717586 -293671845
#r 0 1.8712147577
48717586 -292671845
#r 0 1.7868679519
49470653 -296102704
#r 0 1.9385942880
530625494 -89118625
#r 0 5.0704189362
530625494 -88118625
#r 0 5.1719808195
529092320 -85020932
#r 0 4.2089025876
42124448 645983829
#r 0 5.0012816517
42124448 644983829
#r 0 3.0350395847
42431413 644950997
#r 0 3.3004162864
-178491570 670902010
#r 0 4.4766914076
-178491570 669902010
#r 0 3.6741148305
-178771325 669737148
#r 0 3.8267885913
78464923 432039983
#r 0 5.1705830644
78464923 431039983
#r 0 1.4253317019
78577872 431810971
#r 0 1.6578831296
160031141 -417843750
#r 0 5.1542472795
160031141 -416843750
#r 0 6.0666022277
159503129 -416727569
#r 0 5.0939610638
-430166093 553065446
#r 0 0.3794451416
-430166093 552065446
#r 0 3.6413108314
-423371097 555775083
#r 0 5.6511124021
17710008 853207122
#r 0 4.5234606269
17710008 852207122
#r 0 3.9450123960
17471525 851959885
#r 0 5.6571815965
14875479 -715975258
#r 0 2.3768676088
14875479 -714975258
#r 0 0.9616744487
14457584 -715574294
#r 0 0.8179786282
-415569731 -638404763
#r 0 0.3782590961
-415569731 -637404763
#r 0 0.9805279137
-416482752 -638767593
#r 0 2.4268920149
-773961145 -176289730
#r 0 3.8919028606
-773961145 -175289730
#r 0 5.5310715265
-773425735 -175790634
#r 0 5.5921262398
940988252 -325744210
#r 0 1.7303698577
940988252 -324744210
#r 0 3.2207162459
940829338 -324756810
#r 0 1.2765116080
-826089410 389315028
#r 0 4.6125948539
-826089410 388315028
#r 0 4.5804394693
-826497120 385243084
#r 0 5.0335704538
787581078 -76307990
#r 0 5.7521766522
787581078 -75307990
#r 0 3.7741274766
786823661 -75863180
#r 0 1.4377830405
-720594767 -54294382
#r 0 2.0879418780
-720594767 -53294382
#r 0 6.2744286138
-721166392 -53289376
#r 0 5.8911737730
594911311 732837332
#r 0 3.7853982513
594911311 731837332
#r 0 5.3244398752
594451546 732492290
#r 0 4.4978707089
288809318 -738112341
#r 0 0.8806925483
288809318 -737112341
#r 0 4.1115678446
284773024 -743001793
#r 0 4.1269673010
-344837829 -486706031
#r 0 1.1777418392
-344837829 -485706031
#r 1 -344367114 -485593069
-62712054 -847301326
#r 0 2.2939800388
-62712054 -846301326
#r 0 5.9713488682
-63945840 -845903611
#r 0 0.0548419187
-250419138 -693493865
#r 0 0.8641838270
-250419138 -692493865
#r 0 5.7315044599
-249859495 -692838281
#r 0 0.9007374082
366755340 -91389671
#r 0 3.2352544852
366755340 -90389671
#r 0 4.3127058024
366315466 -91430991
#r 0 3.3610431271
961566412 68953195
#r 0 4.3238281434
961566412 67953195
#r 0 2.4426410326
961261836 68209190
#r 0 4.8425712714
597164501 -516317146
#r 0 0.5918888871
597164501 -515317146
#r 0 2.2870666808
597713628 -515947971
#r 0 1.2807377426
-877313621 -335845740
#r 0 2.3320144809
-877313621 -334845740
#r 0 1.5760795457
-877308308 -335851316
#r 0 1.4068229373
-380835327 -806301119
#r 0 6.0143425078
-380835327 -805301119
#r 0 1.3472754467
-381049249 -806242181
#r 0 5.9942914344
822465216 -184570263
#r 0 0.6283524983
822465216 -183570263
#r 0 0.5022551065
828103460 -180473546
#r 0 0.4233420276
186036512 447263379
#r 0 4.5098421436
186036512 446263379
#r 0 4.3982772308
185478242 444544922
#r 0 4.3519496657
-324336703 -906969741
#r 0 0.1153573579
-324336703 -905969741
#r 0 1.2251519362
-324712483 -907013283
#r 0 2.3134162248
-23877194 30146238
#r 0 1.4010620579
-23877194 29146238
#r 0 3.5187984182
-24061062 29073394
#r 0 1.0993504386
-646955563 126488175
#r 0 0.9878760473
-646955563 125488175
#r 0 0.9665572074
-661626264 104237936
#r 0 0.8425998791
647455009 119171730
#r 0 0.0545824021
647455009 118171730
#r 0 0.6968054780
648733445 119241580
#r 0 2.5071046581
-614105525 708095676
#r 0 4.0823589551
-614105525 707095676
#r 0 4.1830910344
-611147269 712152747
#r 0 5.5425424355
-144601442 -246545691
#r 0 5.8031245365
-144601442 -245545691
#r 0 5.6602114077
-139543787 -249179152
#r 0 1.0048655833
-755786970 456770808
#r 0 4.5490033836
-755786970 455770808
#r 0 4.2145666288
-756023604 455335401
#r 0 0.4115522126
-942398078 -178453409
#r 0 0.2318855021
-942398078 -177453409
#r 0 0.0663604038
-936504462 -177061731
#r 0 0.2012453955
711522906 98276513
#r 0 5.4729278966
711522906 97276513
#r 0 4.0269361664
711962677 97814315
#r 0 0.2856337545
-865732126 -389513957
#r 0 6.1861527929
-865732126 -388513957
#r 0 1.9193431184
-865355419 -389550625
#r 0 1.8007379804
457994694 -775492143
#r 0 4.2538481994
457994694 -774492143
#r 0 4.3930786339
456993477 -777520407
#r 0 4.3051121506
223679184 -734348721
#r 0 4.9030092026
223679184 -733348721
#r 0 0.5453782989
223506446 -733453532
#r 0 5.0266715695
590989480 604339845
#r 0 3.1959522469
590989480 603339845
#r 0 3.3216716162
598824143 604766154
#r 0 3.2298412874
33739637 326385330
#r 0 4.1836593757
33739637 325385330
#r 0 0.6288106946
32723804 324646520
#r 0 4.1281183077
107088828 -31836439
#r 0 1.9560954252
107088828 -30836439
#r 0 4.5029208373
106949351 -31492535
#r 0 5.9495959533
-86557720 15314172
#r 0 2.3911079638
-86557720 14314172
#r 0 3.3992611630
-85721620 14534507
#r 0 1.1238607854
187576655 288198927
#r 0 1.0021479764
187576655 287198927
#r 0 1.7327527896
187446535 287995316
#r 0 2.1468928218
376013911 294524797
#r 0 3.1168338416
376013911 293524797
#r 0 5.5437749266
374886827 294552708
#r 0 2.6562431239
278966036 620220652
#r 0 5.9191372596
278966036 619220652
#r 0 6.0465865789
286113142 617497380
#r 0 5.7454744372
-721859489 -551390151
#r 0 2.0645533576
-721859489 -550390151
#r 0 1.3958824054
-721992527 -551142971
#r 0 2.1729487330
388898961 -22604958
#r 0 3.8240249884
388898961 -21604958
#r 0 1.5160937215
388841654 -22651531
#r 0 2.4605772002
-862956667 140643757
#r 0 2.2220324951
-862956667 139643757
#r 0 5.6020374813
-860962667 138027497
#r 0 5.7673239157
-64393835 -548376194
#r 0 0.2058149775
-64393835 -547376194
#r 0 3.4740455866
-71720018 -549905690
#r 0 0.1153622371
-682022435 430113840
#r 0 6.0791728510
-682022435 429113840
#r 0 0.5574823055
-680818107 429864676
#r 0 4.6433232812
129522077 617343422
#r 0 6.0704052822
129522077 616343422
#r 0 4.5863725479
129645390 617316780
#r 0 3.2511746485
-709725211 -135667791
#r 0 0.2700051895
-709725211 -134667791
#r 0 1.7631127115
-709540445 -135616655
#r 0 5.1377781398
882172595 169931446
#r 0 4.3665848650
882172595 168931446
#r 0 4.4764923561
882894822 171936068
#r 0 4.5380371250
29768177 179516482
#r 0 4.5712938470
29768177 178516482
#r 0 3.4033301713
29620520 178476927
#r 0 0.9415353053
258981388 553416150
#r 0 5.8010116359
258981388 552416150
#r 0 3.6097952031
259953126 552907565
#r 0 4.1304122715
867622611 474026919
#r 0 2.9832825778
867622611 473026919
#r 0 2.9994842901
0 0
#r 0 3.3077040462
494169261 705240858
#r 0 2.8671522705
494169261 704240858
#r 0 3.8340850464
495069287 704987461
#r 0 4.0230545599
122469093 -725635014
#r 0 6.2560678685
122469093 -724635014
#r 0 4.3936791745
122142062 -725626144
#r 0 5.7863524434
-603116602 -663308573
#r 0 1.7049264926
-603116602 -662308573
#r 0 1.6370604295
-602986026 -664276233
#r 0 1.2114382812
-145539966 -887360284
#r 0 0.8477386444
-145539966 -886360284
#r 0 1.7522582438
-145388067 -887188159
#r 0 1.7437687855
682414660 608429595
#r 0 3.3740771507
682414660 607429595
#r 0 3.3160775720
665882487 604515345
#r 0 3.3497856710
-490982295 -354183775
#r 0 6.0864715450
-490982295 -353183775
#r 0 1.3021623667
-491243266 -354131766
#r 0 1.0639513891
-802812116 -220135267
#r 0 3.4090063685
-802812116 -219135267
#r 0 5.9006315854
-801333597 -219730189
#r 0 2.7182155418
250470454 471718324
#r 0 3.6219495292
250470454 470718324
#r 0 0.8069872878
252382231 472714483
#r 0 3.8773820380
439852827 37625603
#r 0 4.2508413939
439852827 36625603
#r 0 4.3365369232
441762693 41465474
#r 0 4.1822612445
-160210028 -311873695
#r 0 2.1306711273
-160210028 -310873695
#r 0 4.6525943630
-160264674 -311786508
#r 0 1.8999514099
378118500 -176315695
#r 0 0.0786183188
378118500 -175315695
#r 0 1.9104486844
378462276 -176288612
#r 0 4.1205312785
-866575725 -214630372
#r 0 4.6592095949
-866575725 -213630372
#r 0 4.5149562908
-866503196 -213267795
#r 0 4.7471226828
135413484 36622920
#r 0 5.5513074010
135413484 35622920
#r 0 2.7825327487
137325621 34905238
#r 0 6.0907084139
133848038 926203271
#r 0 4.3336070829
133848038 925203271
#r 0 4.1387854131
132811471 923598839
#r 0 5.4455569676
152317393 -838586251
#r 0 1.5205971028
152317393 -837586251
#r 0 0.3760552327
152368651 -837566012
#r 0 0.4264800577
866394399 -388688067
#r 0 2.0156474108
866394399 -387688067
#r 0 3.2107732779
865932922 -387720043
#r 0 3.2951039843
-110683473 -855371776
#r 0 5.9373367924
-110683473 -854371776
#r 0 6.1093627109
-116096595 -853421261
#r 0 1.2622249406
-778756986 -564076853
#r 0 2.2053161511
-778756986 -563076853
#r 0 1.6449493731
-778674357 -564189111
#r 0 0.7484478862
-737950047 -439455128
#r 0 1.8306068830
-737950047 -438455128
#r 0 2.5923535095
-738267517 -438260818
#r 0 0.3109540217
-609784449 -471338019
#r 0 0.8267033506
-609784449 -470338019
#r 0 1.2907056847
-610202825 -471792467
#r 0 6.0643138861
-23189346 649857189
#r 0 3.6935754370
-23189346 648857189
#r 0 3.6195440956
-33411492 643562017
#r 0 3.4678659392
919027675 186956176
#r 0 5.5619045185
919027675 185956176
#r 0 5.6047420908
932680169 174951040
#r 0 5.6449613800
-462062882 -817316296
#r 0 1.1346285643
-462062882 -816316296
#r 0 1.3228933560
-462616766 -818504614
#r 0 2.1434987777
-122964257 -333624352
#r 0 0.2195175259
-122964257 -332624352
#r 0 0.2632928153
-144498527 -338428925
#r 0 1.9124888439
-340634393 559951828
#r 0 0.4825495055
-340634393 558951828
#r 0 5.9516433374
-341786328 559348380
#r 0 1.4271498954
-909594700 -252680642
#r 0 5.9795826189
-909594700 -251680642
#r 0 6.2235790507
-913537744 -251445333
#r 0 6.0363067400
43912064 302995607
#r 0 3.6690614651
43912064 301995607
#r 0 3.7408109671
53865485 308793692
#r 0 0.6860753254
117420708 890129395
#r 0 5.6341825794
117420708 889129395
#r 0 3.4856020893
118316054 889450157
#r 0 5.5609479911
-468178342 -347725758
#r 0 2.8315166728
-468178342 -346725758
#r 0 2.8269460680
-270051250 -411207914
#r 0 1.1988106648
71200613 -222501511
#r 0 4.2131807261
71200613 -221501511
#r 0 5.2344689591
71480562 -221988102
#r 0 4.3640881170
-243623499 -789879633
#r 0 1.7123261073
-243623499 -788879633
#r 0 0.4993782603
-243755706 -788951751
#r 0 1.1907040122
-769324329 107708350
#r 0 6.2467787354
-769324329 106708350
#r 0 4.6039289538
-769215872 107704400
#r 0 4.5857190806
635566251 196520845
#r 0 4.3363940681
635566251 195520845
#r 0 5.3348672259
635311572 195875721
#r 0 0.3359766096
195202581 -473800941
#r 0 5.5612501393
195202581 -472800941
#r 0 5.5204207373
208495188 -485505049
#r 0 5.1468916899
308865562 -904406367
#r 0 1.8530727765
308865562 -903406367
#r 0 2.2345759175
308404637 -902817084
#r 0 2.2566463493
710295145 -265660052
#r 0 1.0440161833
710295145 -264660052
#r 0 4.3116178762
708734478 -268343455
#r 0 3.4994018908
-659887626 -690524746
#r 0 0.1149091442
-659887626 -689524746
#r 0 2.0570949396
-659389383 -690467240
#r 0 0.2137888590
582191960 -738122481
#r 0 3.5329657695
582191960 -737122481
#r 0 3.5216137986
657813710 -706916338
#r 0 2.1266482445
619956929 619639294
#r 0 2.9124820284
619956929 618639294
#r 0 4.4667096820
620193821 619584049
#r 0 4.2156709134
279378978 182926265
#r 0 2.9985497854
279378978 181926265
#r 0 6.1393339384
-932201609 357426016
#r 0 4.6403237561
-31041134 -356688329
#r 0 5.8613887298
-31041134 -355688329
#r 0 5.1253291350
-30495786 -356933042
#r 0 1.4625682284
531322273 778893238
#r 0 4.2775599954
531322273 777893238
#r 0 4.0543078659
530158600 776387908
#r 0 3.4026571382
-409016762 -551302065
#r 0 0.0458757600
-409016762 -550302065
#r 0 1.5224056842
-409065298 -551304293
#r 0 0.2700666950
-242530425 -410578653
#r 0 2.3135670827
-242530425 -409578653
#r 0 5.1881643253
-241356285 -411857417
#r 0 5.8749250520
280793211 -921368331
#r 0 1.9961204644
280793211 -920368331
#r 0 2.1194744600
279044174 -917507098
#r 0 1.8802006251
730390034 137322819
#r 0 3.1221243183
730390034 136322819
#r 0 5.5142713822
729335285 137343356
#r 0 0.0274008096
336241334 349827929
#r 0 2.7328428716
336241334 348827929
#r 0 5.4308876070
334833827 350437585
#r 0 5.0885995348
182629508 -60733374
#r 0 1.9208026852
182629508 -59733374
#r 0 0.0385936374
182269546 -59747273
#r 0 0.5461639403
-14583895 -391538609
#r 0 1.7144117175
-14583895 -390538609
#r 0 1.2256016930
-14687030 -390825420
#r 0 5.2770828422
-529968658 -541423045
#r 0 0.5979532868
-529968658 -540423045
#r 0 6.2538028399
-528561252 -540464410
#r 0 0.1356717025
-295721070 -115687762
#r 0 1.1142726868
-295721070 -114687762
#r 0 2.3819418006
-295386165 -115005850
#r 0 0.5988845035
-860392259 105310463
#r 0 5.9476176572
-860392259 104310463
#r 0 4.1508136590
-859876320 105130525
#r 0 5.9398714020
134282577 690186611
#r 0 3.4424738028
134282577 689186611
#r 0 3.3727841414
120931702 686043808
#r 0 4.7655330232
120775521 105317247
#r 0 3.0853884745
120775521 104317247
#r 0 1.2756704386
121074412 105300430
#r 0 2.1417299010
705482076 -427802156
#r 0 5.9972879188
705482076 -426802156
#r 0 5.9761233907
748695966 -440504891
#r 0 5.5199097699
67711290 -820628312
#r 0 0.6955822311
67711290 -819628312
#r 0 0.1240306125
69119555 -819452743
#r 0 4.5848932714
433987350 508403551
#r 0 5.6781135831
433987350 507403551
#r 0 2.3787071905
430204491 511019808
#r 0 2.3884915716
-118050258 19266698
#r 0 6.1714390598
-118050258 18266698
#r 0 0.6120417302
-116822022 19128873
#r 0 1.0879804163
-797637337 -148047045
#r 0 3.3063477480
-797637337 -147047045
#r 0 2.7905645795
-795759248 -147734790
#r 0 3.7758550828
-297627869 -312378482
#r 0 1.6372310595
-297627869 -311378482
#r 0 1.6878282344
-297781135 -310074854
#r 0 6.0959367256
526708312 738674488
#r 0 4.5929424041
526708312 737674488
#r 0 4.1890954138
526556770 737411824
#r 0 3.6419917235
902408713 326691638
#r 0 3.7670014940
902408713 325691638
#r 0 4.9715219105
902186212 326530969
#r 0 3.6643016701
194389026 724215994
#r 0 0.1645667416
194389026 723215994
#r 0 0.2157780926
213213645 727342173
#r 0 5.5611458171
479784988 -770379991
#r 0 3.6445676474
479784988 -769379991
#r 0 3.8183068692
475833506 -772553984
#r 0 3.8055882391
-131810955 348029062
#r 0 3.8055408675
-131810955 347029062
#r 0 5.1686737796
-132165588 347751579
#r 0 3.6690150877
586522933 -217901995
#r 0 4.9041979474
586522933 -216901995
#r 0 1.2080033861
586394461 -217240439
#r 0 2.2225189915
-187748036 23994930
#r 0 3.4052315151
-187748036 22994930
#r 0 5.3625464543
-188378980 23824625
#r 0 3.9034619749
352205545 -810872443
#r 0 2.0063835665
352205545 -809872443
#r 0 0.6332869327
351858666 -810127108
#r 0 2.0882564675
-281264150 625950435
#r 0 4.7162276764
-281264150 624950435
#r 0 4.7720903210
-281260048 624881805
#r 0 4.9186698022
805993669 -555805939
#r 0 3.5576850203
805993669 -554805939
#r 0 1.9905999865
806366476 -555641198
#r 0 1.9341767347
109176579 830254230
#r 0 5.0502315083
109176579 829254230
#r 0 5.4613267495
109741307 828646743
#r 0 5.4317569170
454603456 -115132683
#r 0 6.1899931072
454603456 -114132683
#r 0 0.7501118544
453628102 -115041524
#r 0 4.8444994812
-841858840 456991149
#r 0 0.2797883943
-841858840 455991149
#r 0 0.4525438512
-836830458 458435930
#r 0 0.5017143548
-394302774 -111391377
#r 0 5.8544463462
-394302774 -110391377
#r 0 5.5682970115
-391869499 -112503617
#r 0 1.5728073148
-44928054 515757560
#r 0 6.0162676395
-44928054 514757560
#r 0 5.9629750565
-62116023 520457482
#r 0 1.5468184498
-121117037 -740886462
#r 0 1.7433826808
-121117037 -739886462
#r 0 5.4777266005
-121330002 -739664777
#r 0 0.7594646834
-104972969 -794518837
#r 0 1.7311675792
-104972969 -793518837
#r 0 1.7171795708
-103307790 -804812943
#r 0 1.6631829050
-228728329 -70115130
#r 0 2.8428507198
-228728329 -69115130
#r 0 2.9256658017
-240013498 -66639768
#r 0 2.9069022788
211817052 -353830981
#r 0 4.5548172312
211817052 -352830981
#r 0 1.1541539469
212064940 -352270847
#r 0 4.1665665872
714039536 -444378998
#r 0 6.1475919621
714039536 -443378998
#r 0 6.1988604876
694773655 -441750544
#r 0 2.5009819912
210279624 -719446913
#r 0 1.5287810018
210279624 -718446913
#r 0 5.0353780949
210316973 -718558499
#r 0 0.0127980150
-252990652 907596128
#r 0 5.2177288207
-252990652 906596128
#r 0 4.1181053257
-252686447 907046283
#r 0 4.8970642381
-111775591 385835601
#r 0 4.0076285031
-111775591 384835601
#r 0 2.3563816845
-112235264 385295102
#r 0 4.9194647866
-751715650 246572132
#r 0 3.3361233902
-751715650 245572132
#r 0 0.1929355606
0 0
#r 0 4.8519161388
734240015 -107718197
#r 0 6.1068859364
734240015 -106718197
#r 0 2.7826845595
739315955 -108622470
#r 0 0.9441776881
451097033 876365304
#r 0 4.0681237558
451097033 875365304
#r 0 4.6991062938
451110556 876383305
#r 0 3.7377653828
-213751703 -188883800
#r 0 2.5893215581
-213751703 -187883800
#r 0 5.3780327293
-212230434 -189821258
#r 0 4.9000821578
-871609781 -439190600
#r 0 0.5633733302
-871609781 -438190600
#r 0 1.5435144269
-871637548 -439208139
#r 0 0.9097647647
873731973 -187795839
#r 0 1.2292641247
873731973 -186795839
#r 0 3.5499079693
874152033 -186614109
#r 0 1.2871660368
476321941 -514170025
#r 0 0.1987321990
476321941 -513170025
#r 0 3.1269645675
480951150 -513237746
#r 0 0.6254187686
648529161 -258031637
#r 0 3.6701870795
648529161 -257031637
#r 0 4.4293780539
648178844 -258236233
#r 0 0.5385119907
-947200162 54478327
#r 0 6.2437338532
-947200162 53478327
#r 0 1.5549777764
-947184352 54477703
#r 0 0.2283276256
-72923073 965837855
#r 0 4.8209079120
-72923073 964837855
#r 0 4.8221371668
-63272877 877260820
#r 0 3.8091396712
533900477 -572149686
#r 0 4.1803623843
533900477 -571149686
#r 0 2.7192828967
534365990 -571358862
#r 0 0.9924298082
-787439174 -505763987
#r 0 0.9070477146
-787439174 -504763987
#r 0 1.6959830200
-787330771 -505625387
#r 0 1.8367558992
-244124713 -774407860
#r 0 0.7218341566
-244124713 -773407860
#r 0 1.0983636880
-245053637 -775225609
#r 0 0.6698420970
912688030 366379819
#r 0 2.6226415672
912688030 365379819
#r 0 4.8739063060
912508374 366482433
#r 0 5.0006868866
65744808 676218049
#r 0 4.6350636828
65744808 675218049
#r 0 4.7608478612
65714981 675833082
#r 0 4.1566206054
-530446177 836542796
#r 0 5.8395324549
-530446177 835542796
#r 0 5.7882049307
0 0
#r 0 3.4112991332
-415563059 -298865844
#r 0 2.8312146956
-415563059 -297865844
#r 0 2.3101229502
-414274267 -299279217
#r 0 5.9121747134
-886033412 -228132643
#r 0 3.7402705938
-886033412 -227132643
#r 0 5.0768282773
-885730709 -227926140
#r 0 3.5976052494
-277974413 -935647969
#r 0 0.6968879214
-277974413 -934647969
#r 0 0.9261896486
-280001641 -937344723
#r 0 6.2695574566
200104270 740576328
#r 0 3.8008680847
200104270 739576328
#r 0 0.1998543074
198357198 739222444
#r 0 4.5494263508
-138670661 -326693416
#r 0 0.5947361655
-138670661 -325693416
#r 0 1.1031929279
-139437568 -327212180
#r 0 6.1580647626
-420259027 -893966584
#r 0 0.9427826735
-420259027 -892966584
#r 0 0.5424949060
-418967769 -892188180
#r 0 1.4383623350
-798050443 -196980374
#r 0 0.1726756366
-798050443 -195980374
#r 0 1.2645879838
-798385045 -197038733
#r 0 3.7016498535
-402542994 -134498653
#r 0 3.8113643246
-402542994 -133498653
#r 0 3.2369420986
-401106714 -133361288
#r 0 0.8993372209
508744237 816338581
#r 0 3.5798725992
508744237 815338581
#r 0 3.9967842898
510211283 817026158
#r 0 4.8408491414
-397593185 913590386
#r 0 4.8040791974
-397593185 912590386
#r 0 5.1298176156
-397477188 912328831
#r 0 5.1874712906
-443314379 -868631678
#r 0 0.6521237012
-443314379 -867631678
#r 0 0.5613953047
-435888591 -862961637
#r 0 1.7988681499
-533147680 613971414
#r 0 5.1180110187
-533147680 612971414
#r 0 3.9332824957
-532848395 613274489
#r 0 3.6009951062
-770932227 -336799630
#r 0 1.8445546178
-770932227 -335799630
#r 0 2.7830914338
-771246056 -335682041
#r 0 0.2430469809
-313801222 -169811900
#r 0 1.6170126267
-313801222 -168811900
#r 0 1.7110500283
-313870003 -168324714
#r 0 5.0709787113
396351162 236536477
#r 0 2.2924365409
396351162 235536477
#r 0 2.3218820575
411663910 219135113
#r 0 4.4074194445
653214263 -656222690
#r 0 1.1057259776
653214263 -655222690
#r 0 3.0078773488
653684315 -655285920
#r 0 1.7250241302
-126037657 252119065
#r 0 5.2576365547
-126037657 251119065
#r 0 4.1016369271
-125712672 251583304
#r 0 2.8457349575
795662488 -210263076
#r 0 0.5571831294
795662488 -209263076
#r 0 0.1995426622
798038923 -208782480
#r 0 0.5796540715
-552602322 134431660
#r 0 3.8042524045
-552602322 133431660
#r 0 2.7284787997
-553422859 133791333
#r 0 2.8302029752
-25074801 475442830
#r 0 2.3573140262
-25074801 474442830
#r 0 2.5999931188
-22550552 472924227
#r 0 1.8370475753
-581753711 58339560
#r 0 3.5636012043
-581753711 57339560
#r 0 5.9132123810
-582948717 57803022
#r 0 2.8499687985
-123676106 -141587957
#r 0 2.6246388512
-123676106 -140587957
#r 0 0.9870324592
-124156324 -141314942
#r 0 2.6989827280
-770394741 -202777594
#r 0 1.6324800139
-770394741 -201777594
#r 0 0.4057587484
-770454907 -201803441
#r 0 3.4421004386
226219170 40973701
#r 0 6.0568177754
226219170 39973701
#r 0 6.1871184019
233684561 39254310
#r 0 6.1232581872
-730767039 -317649186
#r 0 0.4037802833
-730767039 -316649186
#r 0 0.2048543693
-726210971 -315702577
#r 0 1.6990141732
313987082 -595303530
#r 0 2.7172225717
313987082 -594303530
#r 0 5.3370661938
315056429 -595786687
#r 0 5.7458906478
422385780 609464897
#r 0 2.0990613081
422385780 608464897
#r 0 3.2910302095
422922233 608545665
#r 0 3.2109342240
-283682688 -708434606
#r 0 1.4766643385
-283682688 -707434606
#r 0 1.4268395013
-283411943 -705566877
#r 0 5.6971534371
-165174039 -771223105
#r 0 1.4086134009
-165174039 -770223105
#r 0 0.7609570187
-164980220 -770038536
#r 0 1.5386361322
-595802012 -385074130
#r 0 0.9529568539
-595802012 -384074130
#r 0 2.0503843229
-595501704 -384651549
#r 0 1.9054403293
277214466 -802769623
#r 0 3.4882548651
277214466 -801769623
#r 0 3.3605777115
284424449 -800165013
#r 0 3.5475646146
-49223034 10182434
#r 0 0.9471248557
-49223034 9182434
#r 0 6.1610054163
-49884099 9263607
#r 0 6.0026398357
606551053 -19018638
#r 0 2.9906958592
606551053 -18018638
#r 0 2.9320175545
623040279 -21525868
#r 0 3.0004984773
-355498144 909755308
#r 0 4.9157081840
-355498144 908755308
#r 0 5.1252497083
-355108660 907866149
#r 0 5.0268927695
47076853 -733059593
#r 0 1.2297885670
47076853 -732059593
#r 0 2.6592740149
47376121 -732216278
#r 0 4.8847728555
-374230082 240356462
#r 0 4.8936435228
-374230082 239356462
#r 0 0.3133515909
-374057089 239412516
#r 0 0.2194793960
57914385 673072022
#r 0 3.5760794055
57914385 672072022
#r 0 4.8563880082
57778524 673008974
#r 0 3.2789921002
-434227853 -134865342
#r 0 5.6102670629
-434227853 -133865342
#r 0 1.2982875547
-434456407 -134683181
#r 0 0.2846282247
-803935016 3201268
#r 0 1.2656282196
-803935016 2201268
#r 0 1.5153472845
-803867638 3415162
#r 0 4.6806020971
612533705 664406426
#r 0 3.7489307807
612533705 663406426
#r 0 3.6275926998
606535011 660237549
#r 0 3.5219323347
-128789750 -864403732
#r 0 2.3882824801
-128789750 -863403732
#r 0 6.0936169163
-130130365 -863146505
#r 0 6.0959530844
49745228 181238661
#r 0 4.4610441533
49745228 180238661
#r 0 2.0047319591
49580006 180595210
#r 0 4.3724583263
582907428 511612935
#r 0 4.3518878076
582907428 510612935
#r 0 5.6655835772
582610074 510824144
#r 0 2.9313216167
616180789 -199370439
#r 0 2.0704466466
616180789 -198370439
#r 0 5.1929103132
627759136 -220582086
#r 0 4.7062131930
144982153 -279834439
#r 0 3.1299004728
144982153 -278834439
#r 0 3.1409033206
54100992 -278771792
#r 0 3.6252208233
-152837913 140842892
#r 0 1.9844797668
-152837913 139842892
#r 0 3.8220625120
-152514000 140105079
#r 0 3.0682450005
549838263 -730153584
#r 0 3.6890840455
549838263 -729153584
#r 0 2.7430255543
550808417 -729562121
#r 0 0.9524435578
-591139324 -247371007
#r 0 3.7838507330
-591139324 -246371007
#r 0 3.8795742142
-597337588 -252007678
#r 0 0.0276437755
-753947354 98952221
#r 0 3.3919755017
-753947354 97952221
#r 0 3.9452384206
-752667646 99279506
#r 0 3.3148929828
-98352464 -743450637
#r 0 1.1571451135
-98352464 -742450637
#r 0 1.7867183305
-98206204 -743117454
#r 0 2.0004346631
611104978 -524723090
#r 0 0.3602243479
611104978 -523723090
#r 0 1.1602739074
610584377 -524919179
#r 0 4.1169513300
-276948858 -364114257
#r 0 5.1809257029
-276948858 -363114257
#r 0 5.4133986231
-278213114 -361616351
#r 0 2.8030210459
-558362802 302376104
#r 0 4.1833871463
-558362802 301376104
#r 0 5.7588996608
-558799692 301628743
#r 0 3.9167672487
-267275647 10250653
#r 0 0.2608951391
-267275647 9250653
#r 0 4.8318898607
-267391990 10219592
#r 0 3.8660507490
425647155 -827346206
#r 0 1.0799941083
