701687785 -541700890
#r 0 0.4818092541
745995685 -518531729
#r 0 1.2609407983
761241737 -470912847
#r 0 6.2163808548
811130208 -474250586
#r 0 5.8224619735
855916765 -496480393
#r 0 2.6308816154
834106836 -484260451
#r 0 2.8558532165
822083743 -480728323
#r 0 0.0931939070
828322148 -480145253
#r 0 3.2388744248
825204164 -480449536
#r 0 3.3437578286
823669641 -480764060
#r 1 824017974 -480658337
-499127383 633119407
#r 0 3.2793321389
-548653828 626254189
#r 0 3.1821633482
-598612684 624226211
#r 0 3.3311645280
-647716934 614804288
#r 0 0.2208144637
-623323949 620279898
#r 0 3.4964430601
-635045180 615936772
#r 0 0.4092904070
-629311409 618424012
#r 0 3.6014940381
-632111709 617036951
#r 1 -631822295 617219259
-483608482 -622730427
#r 0 1.1280943250
-462189355 -577550553
#r 0 3.8112494181
-481790224 -593068476
#r 0 2.1809976143
-481790224 -593068476
#r 0 0.3432961057
-470019596 -588861068
#r 0 2.6156782154
-475425003 -585723543
#r 0 0.8051250317
-475425003 -585723543
#r 0 3.9188154011
-478889259 -589131614
#r 0 1.0624777789
-477706646 -587009015
#r 0 3.8211763502
-478651642 -587772547
#r 0 1.9424841531
-478872262 -587206574
#r 0 1.1200449373
-478614746 -586674496
#r 0 4.2983486350
-478733653 -586945081
#r 0 1.4650488090
-478718055 -586798128
#r 0 1.5059957528
-478712839 -586717741
#r 0 6.1902467881
-478712839 -586717741
#r 0 1.1311491222
-478690025 -586669237
#r 0 1.0856189685
-478672429 -586635860
#r 0 3.9285528328
-478685748 -586649220
#r 0 1.5914429422
-478685943 -586639790
#r 0 4.2814301618
-478687913 -586644075
#r 0 1.0146810570
-400050622 -282770132
#r 0 3.7988358547
-439634595 -313316966
#r 0 3.9344767608
-474724278 -348935980
#r 0 0.8499783502
-458224293 -330154327
#r 0 0.6947375008
-448590278 -322125994
#r 0 3.7294865552
-453807889 -325603582
#r 0 0.5882719910
-451199742 -323863802
#r 0 0.6120612139
-449916729 -322963138
#r 1 -449711679 -322780981
301295572 728310821
#r 0 1.8750015481
286318823 776015087
#r 0 1.8795124278
271127039 823651309
#r 0 2.0582623343
247707611 867827438
#r 0 5.1421121799
258123090 845100411
#r 0 5.3245945727
265330418 834836587
#r 0 2.1859160455
261711815 839957975
#r 1 262191964 839096028
538670319 187274473
#r 0 5.7605183946
581994867 162314835
#r 0 1.6781309333
579316651 187170963
#r 0 1.5238925089
580269539 207471843
#r 0 1.6637309291
578123837 230493640
#r 0 1.7628935554
572537670 259214953
#r 0 1.6968829835
567538133 298656202
#r 0 4.0938947393
556012442 282460205
#r 0 0.9170779407
562056898 290350230
#r 0 1.0587708772
564494745 294687875
#r 0 0.9738169048
565900388 296755875
#r 1 566221272 296975850
-356518068 -65592954
#r 0 3.8790629378
-393526666 -99213836
#r 0 6.0838256830
-369021826 -104164878
#r 0 3.3111516071
-381342567 -106274224
#r 0 6.0845553168
-375215456 -107507514
#r 0 3.3795546764
-378252394 -108244147
#r 0 6.0822111598
-376721344 -108556059
#r 0 3.6225756337
-377413953 -108917505
#r 0 3.6254525573
-377889909 -109167633
#r 0 3.3104489367
-378378893 -109250995
#r 0 3.7157186193
-378804924 -109526554
#r 0 6.0630024078
-378557359 -109581962
#r 0 3.6810149393
-378666192 -109647114
#r 0 0.5051636494
-378610692 -109616421
#r 0 3.1624973352
-378642395 -109617084
#r 0 5.4312032944
-378631955 -109629016
#r 0 3.6872275312
-378631955 -109629016
#r 0 3.6762152212
-378631955 -109629016
#r 0 6.1216192355
-378619760 -109631004
#r 0 5.5366726154
-378613457 -109636835
#r 0 3.7003803188
-378617097 -109639111
#r 0 3.3873080902
-276446552 932869643
#r 0 0.3727116962
-229879386 951076757
#r 0 0.3039997074
-182172043 966043702
#r 0 0.2303255959
-133492437 977458429
#r 0 3.3405733378
-157999151 972516673
#r 0 3.4649586908
-169862929 968540774
#r 0 3.3076275766
-176056488 967502872
#r 0 0.3407267523
-173097038 968552159
#r 0 3.6118498446
-174496599 967840777
#r 1 -174328289 967998369
-550539604 -271667289
#r 0 2.8411242157
-598299502 -256868904
#r 0 2.6043795960
-641256413 -231281723
#r 0 5.7307967232
-619974573 -244399775
#r 0 5.7124646595
-609453253 -251154313
#r 0 5.6852301642
-604274283 -254681911
#r 1 -604174530 -254009215
-618319202 -169265767
#r 0 0.0434270442
-568366342 -167095097
#r 0 0.7216943257
-530831970 -134062221
#r 0 0.2734081434
-482689158 -120561493
#r 0 3.3666436490
-507058726 -126140395
#r 0 3.4571544729
-518969252 -130028837
#r 0 3.4292698657
-524976629 -131806329
#r 0 3.5245073313
-527886851 -132978556
#r 1 -528669221 -133373123
755102565 -188650360
#r 0 4.8467785465
761801835 -238199525
#r 0 4.1101785874
733478565 -279403801
#r 0 1.6356867309
731857443 -254456418
#r 0 4.2475623696
726254096 -265630158
#r 0 1.3725427996
727485079 -259502584
#r 0 2.5103562984
724789943 -257532412
#r 0 4.7265005244
724813498 -259201477
#r 0 5.2177237819
725464249 -260377710
#r 0 5.2071371283
725987058 -261346766
#r 0 1.5206663946
726014645 -260796914
#r 0 5.1934885092
726142028 -261040938
#r 0 4.0898990538
726042077 -261180209
#r 0 5.1672713483
726080610 -261258995
#r 0 5.2760227008
726114877 -261313213
#r 0 5.2659254840
726149612 -261369420
#r 0 2.8233170211
726118235 -261359082
#r 0 4.7767016326
726119297 -261375566
#r 0 5.2066850903
726126634 -261389180
#r 0 4.7391361223
726127039 -261404327
#r 0 4.0592644132
726114409 -261420833
#r 0 5.2275864958
380790345 -501424583
#r 0 3.9282232912
345478607 -536823470
#r 0 2.4651428790
306488598 -505522045
#r 0 5.2303476720
318866288 -527242836
#r 0 0.2711620256
318866288 -527242836
#r 0 1.4804929818
319993546 -514793769
#r 0 3.9811972803
315820064 -519446138
#r 0 2.3244561925
315820064 -519446138
#r 0 5.2229100639
317865150 -523097797
#r 0 2.4291087121
316281546 -521729789
#r 0 5.1999635839
316771736 -522654194
#r 0 5.2813362764
317089588 -523151239
#r 0 5.7434901707
317423040 -523350982
#r 0 5.2121622700
317545117 -523574562
#r 0 5.2853852020
317700773 -523815813
#r 0 5.2843914619
317900137 -524125482
#r 0 3.1582113762
317716015 -524128542
#r 0 2.3459869582
317606453 -524016720
#r 0 5.2769291406
317648332 -524082849
#r 0 5.2114743487
317667875 -524118699
#r 0 0.1937735240
317691982 -524113968
#r 0 5.2993194730
-579009961 358478730
#r 0 3.3756338446
-627646818 346883209
#r 0 3.4025148292
-675954443 333984628
#r 0 3.4988896003
-722796724 316497469
#r 0 0.3130670731
-699011888 324196921
#r 0 0.4074849645
-687512957 329160369
#r 1 -686938133 329794039
299350043 -849072587
#r 0 0.8937308817
330675467 -810101857
#r 0 2.4057496512
293612208 -776541243
#r 0 2.9001136628
245062940 -764584295
#r 0 2.8052468551
197864590 -748082302
#r 0 2.9245812276
149037326 -737316696
#r 0 2.7747000044
102365001 -719380865
#r 0 5.8959809675
125514208 -728820895
#r 0 2.3890506055
116389787 -720277189
#r 0 5.4906410390
120777509 -724728074
#r 0 5.4989939130
122993420 -726938643
#r 1 123378984 -726936120
547958642 -796389549
#r 0 1.3573996179
558547681 -747523689
#r 0 1.9439700213
540319055 -700964939
#r 0 2.7490703450
494121697 -681838934
#r 0 2.7513127327
447881567 -662816569
#r 0 1.1257560457
469406279 -617686903
#r 0 1.0688887252
493461216 -573853582
#r 0 4.2244865697
481741864 -595936534
#r 0 4.1311400145
474877165 -606385802
#r 0 4.9778907403
476524431 -612443679
#r 0 1.8361862967
475701137 -609414649
#r 0 1.8025131544
475340712 -607887133
#r 1 475228926 -607571442
120566706 -818818612
#r 0 1.9750925970
100898113 -772849639
#r 0 1.9972137530
80217528 -727326970
#r 0 0.2558555900
128589884 -714673308
#r 0 1.9266118299
111172139 -667805172
#r 0 1.9245452896
93851286 -620901142
#r 0 1.7883085157
83061231 -572079275
#r 0 1.6970095157
76767313 -522476991
#r 0 4.5324153736
72292223 -547073200
#r 0 1.4752663385
73484532 -534630195
#r 0 0.8649917141
77567360 -529839605
#r 0 4.1103183157
75784948 -532433408
#r 0 3.8016742207
74528606 -533408626
#r 1 74631088 -533233293
137093106 -178832048
#r 0 2.0309794529
114887496 -134033489
#r 0 5.2098216953
126816770 -156003751
#r 0 0.1514123240
139190890 -154115706
#r 0 3.8298493290
134356982 -158091158
#r 0 3.8992045247
131515064 -160779375
#r 0 2.0700621375
130578591 -159062177
#r 0 3.1135753680
128628773 -159007534
#r 0 0.8918999566
129241192 -158248498
#r 0 2.1523342650
128811227 -157594428
#r 0 2.1808238942
128153160 -156652934
#r 0 5.9834288662
128701888 -156822529
#r 0 0.7732968180
128980835 -156550253
#r 0 3.1972245775
128786236 -156561090
#r 0 3.9910437593
128695528 -156664232
#r 0 4.0075080960
128644203 -156724567
#r 0 3.5034355307
128591042 -156744689
#r 0 2.0870140039
128591042 -156744689
#r 0 3.9283247706
128543219 -156792640
#r 0 3.1766276721
128462540 -156795468
#r 0 4.0367294087
128387218 -156889444
#r 0 2.5053038712
-671832205 450572368
#r 0 4.7397982086
-670461915 400591148
#r 0 4.6514223141
-673508360 350684043
#r 0 1.5593083969
-673221168 375682392
#r 0 5.0399873696
-669199042 363847170
#r 0 4.5834179147
-670089729 356979404
#r 0 5.7682446700
-666972366 355215403
#r 0 4.5906353284
-667455333 351268271
#r 0 4.6268388163
-667715138 348238814
#r 0 5.9028516503
-664795746 347071642
#r 0 5.2260413541
-662478531 342964297
#r 0 5.0601417197
-660184536 336635752
#r 0 5.9196004593
-651136503 333192965
#r 0 4.4291143227
-651136503 333192965
#r 0 4.4312175927
-651136503 333192965
#r 0 4.3428874951
-651136503 333192965
#r 0 4.4220628861
-651136503 333192965
#r 0 0.0284418865
-636943322 333596755
#r 0 4.5875082404
-636943322 333596755
#r 0 4.2046313417
-640395215 327392983
#r 0 0.0056861789
-636845542 327413167
#r 0 4.2194253174
-468532303 -84888903
#r 0 4.7325494151
-467524350 -134878742
#r 0 4.6956136171
-468363079 -184871707
#r 0 1.4767675684
-466015822 -159982143
#r 0 4.0373399945
-473827516 -169740597
#r 0 0.8575003989
-469737956 -165014289
#r 0 0.9891377661
-468018539 -162399371
#r 0 0.8355982289
-466965793 -161235244
#r 1 -467211087 -161555662
242220329 -192797614
#r 0 2.5938921264
199534120 -166761339
#r 0 2.5832906015
157126329 -140273997
#r 0 3.1726312749
107150412 -141825679
#r 0 3.2602633909
57502068 -147745299
#r 0 6.0392090726
81761695 -153784374
#r 0 3.8366074101
72161143 -161789333
#r 0 4.4401172394
69431493 -171565827
#r 0 1.7503573783
68525073 -166572220
#r 0 4.3906914554
67722740 -168979643
#r 0 3.0508726340
67722740 -168979643
#r 0 4.4211597605
67277731 -170464234
#r 0 4.3545477292
66854077 -171597179
#r 0 4.3963260863
66453482 -172822143
#r 0 4.4430605767
66023469 -174379964
#r 0 4.3821450386
65306868 -176470413
#r 0 3.1145632974
62103842 -176383816
#r 0 3.0695954331
57730357 -176068392
#r 0 4.5532385174
57730357 -176068392
#r 0 3.0568170698
51484105 -175537590
#r 0 1.8650636436
48818416 -166741853
#r 0 3.1030216290
474168597 127670696
#r 0 1.9937215514
453647112 173265308
#r 0 2.9717164033
404366827 181718327
#r 0 2.8408083921
356611605 196531794
#r 0 5.9368938789
380127553 188046501
#r 0 6.0350340373
392269718 184969997
#r 0 6.0432511223
398353552 183481605
#r 0 3.0701311012
395229919 183705205
#r 0 6.1745275025
396786497 183535402
#r 1 396651914 183571351
595496296 -707793242
#r 0 3.2419743667
545747997 -712803903
#r 0 2.7166181187
500195535 -692189024
#r 0 2.7677527813
453648939 -673929385
#r 0 2.6698455895
409110154 -651207224
#r 0 2.8286172605
361539070 -635812682
#r 0 5.8946698773
384675880 -645283054
#r 0 6.0609832455
396937907 -648053447
#r 0 2.9131824177
390815612 -646630215
#r 0 2.7381972100
387924987 -645396492
#r 0 5.8410167884
389345301 -646068915
#r 1 389472510 -646064510
677928845 -196320030
#r 0 1.4505599537
683926189 -146681014
#r 0 2.9441969481
634897157 -136875200
#r 0 2.0739104211
610789353 -93070933
#r 0 3.1375184067
560789768 -92867221
#r 0 0.7736031820
578674710 -75399285
#r 0 3.2994901646
566330210 -77364813
#r 0 3.2610844936
558157545 -78346054
#r 0 3.3241055279
550901200 -79685334
#r 0 3.2353047933
542698027 -80456329
#r 0 3.3125126508
531888124 -82322162
#r 0 3.2618093698
516616500 -84166962
#r 0 3.3395563160
494545206 -88594263
#r 0 3.3076625293
461810734 -94081006
#r 0 0.1478330842
478225275 -91636560
#r 0 0.2202483022
486325298 -89823126
#r 0 0.2133639468
490386694 -88943177
#r 0 3.4034651791
488379719 -89481102
#r 1 488021977 -89610361
134234208 -184258840
#r 0 3.0378174001
84503199 -179079386
#r 0 5.7956011840
106589880 -190791708
#r 0 1.8163309464
103551443 -178666615
#r 0 3.9711472217
99331416 -183276806
#r 0 3.9685409241
95794144 -187120953
#r 0 4.0228204865
92166910 -191519675
#r 0 4.0685993341
87832845 -197294956
#r 0 1.9709999570
86426238 -193969906
#r 0 3.9915214752
85234762 -195326007
#r 0 4.0528314905
84235989 -196614087
#r 0 2.9643849661
82434288 -196291427
#r 0 4.0334213691
80710130 -198428048
#r 0 4.1127346399
78674980 -201405027
#r 0 4.0156162433
75454093 -205254141
#r 0 3.1702999369
68098761 -205465351
#r 0 4.1421817184
62334008 -214455065
#r 0 4.1433799777
54053951 -227401326
#r 0 4.2500887573
43963402 -247650587
#r 0 1.3528843636
46408975 -236606036
#r 0 4.5340584886
45405669 -242172373
#r 0 4.3629378985
-222667336 -46611794
#r 0 0.8547784195
-189848051 -8890519
#r 0 0.7547868390
-153427171 25366152
#r 0 3.7670189730
-173695011 10730078
#r 0 0.5722689310
-163186581 17499339
#r 0 0.9267298422
-159423168 22511317
#r 0 4.0732160265
-161292589 19996150
#r 0 4.1783655766
-162090165 18647377
#r 1 -161778293 19058801
219528894 970092025
#r 0 3.7065094580
177297237 943324748
#r 0 5.1517404349
198564867 898073362
#r 0 3.3283254993
173999466 893432124
#r 0 3.6126288017
151721337 882086539
#r 0 3.3617635618
119340110 874839657
#r 0 4.4553362193
107935609 831454794
#r 0 5.5331808628
156090769 786593218
#r 0 5.1735986896
191283810 715776049
#r 0 3.7068150140
191283810 715776049
#r 0 3.1826086774
151777144 714154733
#r 0 3.1047861453
115518315 715489897
#r 0 5.3236291559
125929538 700632988
#r 0 3.1078354903
116863856 700939136
#r 0 4.5871299504
116863856 700939136
#r 0 3.1541139026
109558009 700847653
#r 0 2.7008835525
102408846 704219535
#r 0 3.1862730315
93773411 703833444
#r 0 2.5179563384
83759486 711037591
#r 0 4.4855482219
82372294 705027574
#r 0 2.5210334555
79863283 706820898
#r 0 5.0919210719
-384209398 -106897359
#r 0 5.4698781644
-349854431 -143225533
#r 0 0.6364330855
-309643391 -113509001
#r 0 4.9810976216
-303006225 -137611864
#r 0 4.6038226065
-305562459 -161064637
#r 0 5.1295169741
-295889935 -182892265
#r 0 5.0656119607
-284305863 -214312216
#r 0 5.8052071351
-241376806 -236551345
#r 0 3.9482667677
-258102715 -254004557
#r 0 2.0965831295
-264169043 -243550261
#r 0 5.4963314849
-259901911 -247829834
#r 0 2.1813823579
-261634407 -245354103
#r 0 2.1991711010
-262548773 -244095735
#r 0 2.1472721619
-263014708 -243379070
#r 0 3.9324304719
-263014708 -243379070
#r 0 2.1288588098
-263323686 -242884114
#r 0 2.2306142879
-263653551 -242458928
#r 0 4.0098248831
-263653551 -242458928
#r 0 2.1757363607
-263996756 -241962546
#r 0 2.1114136614
-264407725 -241277905
#r 0 2.1108059412
-264995098 -240298040
#r 0 2.1908780645
615373946 -411111791
#r 0 2.9343280406
566444072 -400822599
#r 0 5.4271347106
582829707 -419704097
#r 0 5.4918781488
594659575 -431674603
#r 0 5.4967332255
604968059 -442004838
#r 0 5.4920650475
616427235 -453595911
#r 0 2.3776944358
610542023 -447958474
#r 1 611222442 -448206237
326662212 790338362
#r 0 3.9631251521
292607216 753728838
#r 0 4.1753748219
267028580 710766839
#r 0 5.0179425782
282069639 663082811
#r 0 4.1672487763
256142740 620330081
#r 0 5.0993893235
275013355 574027814
#r 0 5.8551077741
320501629 553271685
#r 0 5.6577841527
361038046 524000558
#r 0 4.7017738813
360507301 474003375
#r 0 4.7770233679
363736771 424107779
#r 0 3.3939341171
315320247 411624181
#r 0 6.1235359737
340002324 407649881
#r 0 5.1642930384
346308471 394658380
#r 0 5.6005774003
359584662 383865052
#r 0 4.9785465630
364905205 364349133
#r 0 4.9010097898
370508779 334994148
#r 0 1.8473826157
366428377 349368747
#r 0 5.0078990917
368604215 342221341
#r 1 368644559 342892614
340630368 -61653550
#r 0 0.8696749606
372884116 -23447585
#r 0 1.0978142572
395661265 21063104
#r 0 1.1107064197
417862698 65863733
#r 0 3.4713563600
394209727 57768246
#r 0 1.0218101022
400732510 68431420
#r 0 3.5957997127
395116203 65689234
#r 0 6.2655973483
398240719 65634274
#r 0 2.3165001794
397180581 66782102
#r 0 3.0488713713
396017693 66890237
#r 0 3.1200624850
395267019 66906402
#r 0 3.5519992254
394704705 66661731
#r 0 3.9945593337
394357421 66264033
#r 0 1.0238751003
394494713 66489517
#r 0 2.5159413771
394494713 66489517
#r 0 0.9676694917
394571735 66601347
#r 0 3.1808006410
394503894 66598686
#r 0 0.7202035569
394529410 66621075
#r 0 3.1722615316
394512445 66620555
#r 0 3.4882182763
394501403 66616567
#r 0 3.2002225314
394492393 66616038
#r 0 0.0281580561
-936931568 -253662529
#r 0 5.4858899110
-901999352 -289435987
#r 0 1.2307209140
-893660397 -265867749
#r 0 0.1821298506
-871552432 -261796108
#r 0 1.3757260656
-865167189 -229479313
#r 0 1.4221296716
-859558678 -192032243
#r 0 1.3770595819
-850036440 -143498327
#r 0 1.4518176896
-841709169 -73839263
#r 0 4.6195168530
-844962211 -108765612
#r 0 4.9366489492
-841059198 -125876831
#r 0 1.8529267533
-843502278 -117448416
#r 0 1.7523948215
-844297350 -113118465
#r 0 1.6767600434
-844530211 -110929146
#r 1 -844579631 -110632635
-55698254 -527054964
#r 0 0.1687246569
-6408267 -518658701
#r 0 2.9305735940
-30853716 -513422289
#r 0 6.0551761434
-18677238 -516247772
#r 0 6.0119231369
-12654041 -517922928
#r 0 6.2486826389
-9511431 -518031399
#r 1 -9867506 -518047700
-176767589 -188188183
#r 0 0.2588499982
-128433340 -175389731
#r 0 2.1724635609
-142583782 -154779905
#r 0 5.5484555302
-133308634 -163159738
#r 0 2.4677839623
-138192701 -159259946
#r 0 2.4234725671
-140554678 -157196175
#r 1 -140064076 -157684679
133207554 429148051
#r 0 2.5053404739
92991139 458857308
#r 0 4.5360706112
88605984 434244905
#r 0 3.9187393532
72603897 418504744
#r 0 3.8161641298
48576760 399289711
#r 0 3.9111759550
16349847 368066339
#r 0 3.7837289585
-36447545 328580771
#r 0 0.3010926166
-4965868 338356896
#r 0 3.4360823015
-20738638 333572875
#r 0 3.4493611896
-28592908 331076248
#r 1 -28622510 331095930
420725815 -425022251
#r 0 3.2019899421
370816983 -428040280
#r 0 1.5461998751
372046682 -378055404
#r 0 1.5739288975
371890054 -328055649
#r 0 1.7006963929
365413301 -278476907
#r 0 1.6830263614
359813572 -228791466
#r 0 1.8726361558
344949704 -181051908
#r 0 5.0704485711
353711142 -204466373
#r 0 4.8908774877
355937422 -216806596
#r 0 5.0023345253
357738034 -222841760
#r 0 5.1751948981
359144683 -225660988
#r 0 2.0545974127
358411921 -224266451
#r 1 358277796 -223953998
-984543034 144270826
#r 0 5.8594303758
-938965464 123711518
#r 0 0.4647235722
-894268190 146120303
#r 0 5.0429046571
-878041648 98826547
#r 0 0.8665682708
-861855505 117879336
#r 0 0.7483396525
-846103572 132505004
#r 0 5.6951368951
-846103572 132505004
#r 0 5.6584116999
-846103572 132505004
#r 0 0.7255921502
-827381441 149111734
#r 0 0.4920635269
-797876331 164927703
#r 0 0.5276795547
-755450911 189653416
#r 0 0.4153022656
-688892743 219002221
#r 0 0.8904845190
-620351798 303706713
#r 0 3.9964908478
-656107415 262600585
#r 0 4.1025539431
-671728667 240242137
#r 0 4.0476301314
-680151473 229495452
#r 0 4.0916332736
-684123313 223940823
#r 1 -684423084 223965118
366737756 485628537
#r 0 5.8189203207
411445302 463240252
#r 0 5.9887792007
459294034 448731674
#r 0 2.6132902016
437702435 461333372
#r 0 4.1727963762
437702435 461333372
#r 0 5.8802265424
449201244 456431599
#r 0 5.3696724912
453079249 451406723
#r 0 4.0351158828
453079249 451406723
#r 0 6.1891283439
456447321 451088995
#r 0 5.3022334818
457475249 449553239
#r 0 0.0152533340
458472999 449568459
#r 0 5.8367235773
459001698 449315371
#r 0 6.1468907678
459325076 449271021
#r 0 5.8463409795
459569828 449156738
#r 0 5.1109911249
459668160 448923251
#r 0 3.7077106687
459668160 448923251
#r 0 6.2436433620
459878157 448914943
#r 0 5.9204480337
460164338 448806328
#r 0 5.8537965304
460561440 448624502
#r 0 5.8808119255
461146612 448375456
#r 0 5.9584904047
462040582 448074538
#r 0 5.8511173966
-649282821 -270779598
#r 0 3.9774166720
-682811152 -307872064
#r 0 4.1208626987
-710692583 -349376591
#r 0 0.1379856447
-685930207 -345937886
#r 0 3.9359340093
-694689641 -354855413
#r 0 3.8770616464
-700960952 -360529790
#r 0 3.8431606499
-706614056 -365306507
#r 0 0.2504354069
-703029001 -364389429
#r 0 3.9306417691
-704332537 -365702518
#r 0 3.9221614919
-705155181 -366517254
#r 0 1.1389153592
-704912862 -365991501
#r 0 0.3053601946
-704603709 -365894050
#r 0 3.9447688924
-704716257 -366010673
#r 0 3.9422269711
-704785024 -366081568
#r 0 3.8971174398
-704841939 -366135180
#r 0 3.9153961032
-704899242 -366191169
#r 0 0.4008480276
-704862360 -366175539
#r 0 0.1349733362
-704839951 -366172496
#r 0 3.8789438610
-704848321 -366180098
#r 0 3.8869164562
-704853744 -366185103
#r 0 3.8326947536
-704858703 -366189205
#r 0 3.8498789835
411724544 245564399
#r 0 5.0823527367
429803626 198947376
#r 0 3.4407951775
382025033 184209463
#r 0 3.4314748329
334111155 169917497
#r 0 3.4007934634
285781399 157102090
#r 0 3.7241931332
244029664 129592226
#r 0 3.3281655088
194897378 120317610
#r 0 3.4052149319
146624757 107288640
#r 0 5.3730602275
161965931 87549128
#r 0 3.3625415498
149769808 84809684
#r 0 2.9955655705
138541644 86461055
#r 0 3.3897047386
127713159 83717855
#r 0 3.3471439909
112921391 80633830
#r 0 3.1357505132
91436905 80759347
#r 0 3.0212965098
61041577 84433528
#r 0 3.0024712868
17178323 90575521
#r 0 3.1501529568
-48079740 90016879
#r 0 3.7382517468
-128927447 35101609
#r 0 0.1623491341
-80702772 43000362
#r 0 3.2958720792
-104846194 39245692
#r 0 3.2508612861
-116990941 37913345
#r 0 3.5591527019
795592083 -315379132
#r 0 4.4515590948
782697960 -363687947
#r 1 783389207 -364400971
-521849662 466816098
#r 0 2.2096340569
-551662801 506955564
#r 0 6.2572762202
-526671193 506307909
#r 0 5.2803097239
-515971395 489538089
#r 0 5.5553979670
-507209463 481731728
#r 0 5.2218954398
-502112504 472609016
#r 0 0.7138388114
-502112504 472609016
#r 0 2.1997665960
-505186441 476834134
#r 0 2.2275963990
-506804178 478932392
#r 0 0.7217726732
-506804178 478932392
#r 0 2.2355000436
-507676531 480045556
#r 0 0.6605972526
-507676531 480045556
#r 0 0.6491371061
-507676531 480045556
#r 0 2.2398728011
-508219156 480731770
#r 0 2.2231113099
-508650466 481296412
#r 0 5.5462341512
-508387386 481057663
#r 0 2.1762012023
-508488475 481203724
#r 0 0.6542840022
-508488475 481203724
#r 0 2.2596769132
-508547794 481275760
#r 0 2.1966668117
-508578469 481318199
#r 0 5.3968969208
-508561914 481297915
#r 0 0.6499077777
-558514126 -706353026
#r 0 1.1081301611
-536197348 -661609742
#r 0 3.7134749248
-557219442 -675140136
#r 0 3.6419642411
-570924379 -682633791
#r 0 4.6707713782
-571481263 -696007047
#r 0 4.6916418889
-571653335 -704299626
#r 0 3.4930330232
-577896260 -706588667
#r 0 4.6145250474
-578843223 -716234076
#r 0 3.2509652533
-578843223 -716234076
#r 0 4.6942319037
-579048416 -727533842
#r 0 3.0074793171
-579048416 -727533842
#r 0 3.0625477658
-579048416 -727533842
#r 0 3.0170565795
-579048416 -727533842
#r 0 4.6572179614
-579861792 -742261687
#r 0 4.7124072101
-579861411 -763149211
#r 0 2.4133141548
-587655813 -756197991
#r 0 4.7773385424
-587316893 -761408861
#r 0 1.0055409927
-585918391 -759204048
#r 0 2.2746062168
-587041814 -757880540
#r 0 4.7690590544
-586992650 -758747155
#r 0 4.8375173467
-586919804 -759326283
#r 0 4.8525177026
-218018041 -776753981
#r 0 3.2679145482
-267619641 -783053291
#r 0 3.3428507830
-316610434 -793048402
#r 0 0.1348385432
-291837358 -789687644
#r 0 2.8149824444
-303676549 -785677216
#r 0 5.9900128756
-297693226 -787483408
#r 0 5.9712971868
-294715666 -788443405
#r 0 5.7704490313
-293349422 -789212541
#r 1 -293539718 -789054337
517252615 315449462
#r 0 0.4802277434
561597102 338548521
#r 0 1.2133584235
579090863 385388337
#r 0 0.7891668651
614312708 420876668
#r 0 3.9909715606
597801467 402104909
#r 0 3.7798396152
587725879 394630610
#r 0 3.9722228789
583460758 389961080
#r 0 1.0444498717
585049331 392695193
#r 0 4.1665622091
584228566 391343869
#r 1 584295260 391295874
-836634468 79323631
#r 0 5.5904381654
-798159746 47390956
#r 0 5.9742288069
-750527177 32187720
#r 0 6.2654793791
-700535014 31302470
#r 0 0.9280456237
-670565039 71324971
#r 0 5.3860095953
-654969544 51785767
#r 0 4.5301629556
-659496196 27220471
#r 0 5.4573279076
-645516893 12061617
#r 0 4.3118022713
-656881368 -14773988
#r 0 5.7768551570
-656881368 -14773988
#r 0 0.3157607861
-643030387 -10248994
#r 0 4.3365730613
-645704466 -17026206
#r 0 5.5394288689
-641509088 -20885961
#r 0 5.5381440746
-635429125 -26493977
#r 0 5.5875610635
-626046486 -34326939
#r 0 5.6223724652
-611633590 -45531642
#r 0 5.7382576746
-588239734 -59711775
#r 0 5.7806138247
-552290607 -79471073
#r 0 0.3172755090
-493867979 -60286926
#r 0 5.9836379091
-413012405 -85258394
#r 0 6.0730012065
-288880416 -111740082
#r 0 1.4932089533
-478957491 -425697431
#r 0 0.6426144883
-438930908 -395732908
#r 0 0.7992853012
-404069947 -359890009
#r 0 0.2503467167
-355628618 -347503015
#r 0 0.4076731442
-309726326 -327679303
#r 0 3.5470914993
-332698968 -337541233
#r 0 1.9441243012
-332698968 -337541233
#r 0 1.9213391008
-332698968 -337541233
#r 0 3.4208651428
-344714728 -340986954
#r 1 -344344945 -341736561
744680137 283363242
#r 0 1.8406880563
731348783 331553230
#r 0 1.7100316143
724409491 381069351
#r 0 4.5442216121
720225095 356422022
#r 0 1.3358984020
723134391 368578747
#r 0 1.4763134814
723726649 374828506
#r 0 4.5282092903
723151794 371742715
#r 1 723312801 371949468
787479252 -388621533
#r 0 3.1593210231
737487109 -389507905
#r 0 2.2062285610
707810837 -349267144
#r 0 2.3516983867
672614816 -313753202
#r 0 4.9369528262
678181845 -338125484
#r 0 4.8526754999
680394926 -353797296
#r 0 4.8503625356
682305831 -367559092
#r 0 1.4507032488
683138104 -360662211
#r 0 2.9885299447
683138104 -360662211
#r 0 4.9252680039
683871958 -364057262
#r 0 1.4018542215
684163971 -362345258
#r 0 2.2136972164
683573129 -361556482
#r 0 2.6706406168
683130026 -361330870
#r 0 2.5217387997
682857875 -361136639
#r 0 4.8395401229
682879074 -361302465
#r 0 2.3509850676
682820278 -361243053
#r 0 4.8825542522
682827355 -361284242
#r 0 4.8531038294
682831200 -361311388
#r 0 4.9284117633
682836419 -361335171
#r 0 2.6762460585
682825540 -361329708
#r 0 2.2708467613
682819364 -361322376
#r 0 4.9695759216
734374273 161323653
#r 0 2.4878680709
694683062 191731017
#r 0 5.0222672848
702306630 167921750
#r 0 5.0178484742
707229514 152309820
#r 0 4.9490759584
710582885 138407422
#r 0 4.9762846101
714891112 122462670
#r 0 5.0195641213
721463287 101744348
#r 0 4.8543962017
725777288 71570085
#r 0 1.5332828253
726348880 86799907
#r 0 4.7590499209
726704320 79187929
#r 1 726315879 78394038
-835925574 -325109799
#r 0 5.3680524113
-805441312 -364741980
#r 0 5.3174877696
-776999146 -405864275
#r 0 5.2469521846
-751525885 -448888837
#r 0 2.1599095776
-765416484 -428102995
#r 0 1.9339168501
-769869586 -416383372
#r 0 5.1184631857
-767393466 -422142169
#r 1 -767419358 -422401130
191098699 -491490599
#r 0 2.0503975796
168027426 -447131650
#r 0 2.9483874439
118957733 -437531378
#r 0 2.2447768803
87752678 -398464198
#r 0 1.8831861885
72385993 -350884108
#r 0 5.9496680306
96008411 -359068320
#r 0 1.9222880601
91704677 -347332569
#r 0 2.0330184628
87325023 -338541956
#r 0 1.9561318659
83683235 -329563470
#r 0 2.4386760452
74478594 -321764502
#r 0 1.9836861945
68621291 -308393840
#r 0 1.9991062500
59762898 -288992092
#r 0 1.9329028161
48574752 -259457089
#r 0 1.9062882789
33022269 -214852280
#r 0 5.0538565371
40931641 -237107819
#r 0 5.1498928993
45935311 -247805483
#r 0 2.1240577321
42832434 -242781408
#r 0 5.2981067585
44464572 -245241777
#r 1 44520758 -245582645
76967052 -918743877
#r 0 2.1321273843
50351378 -876416511
#r 0 1.8474787587
36693090 -828318162
#r 0 1.8451682404
23145970 -780188384
#r 0 2.0694600802
-766652 -736277264
#r 0 1.0398358834
24551437 -693161207
#r 0 1.7237085150
16935588 -643744622
#r 0 1.7223930694
9384750 -594318062
#r 0 0.9296431120
39290752 -554247735
#r 0 1.8464329645
25682772 -506135129
#r 0 1.9255412921
8315211 -459248374
#r 0 1.9135401680
-8488419 -412156570
#r 0 6.1197680371
16178507 -416223842
#r 0 2.0160716731
10794677 -404942692
#r 0 1.6153026563
10336674 -394658740
#r 0 2.0929522275
3927407 -383520480
#r 0 2.8205272450
-10881042 -378595601
#r 0 1.9669208500
-17372156 -363075251
#r 0 1.9640292602
-26928354 -340039340
#r 0 2.9722965879
-63614959 -333768417
#r 0 2.6647725003
-106186040 -311777226
#r 0 1.6114441793
-458212991 -390070259
#r 0 0.6783565037
-419282737 -358694547
#r 0 6.1486114305
-369734807 -365402950
#r 0 0.9940146231
-342468351 -323491849
#r 0 0.4597259126
-297659644 -301306724
#r 0 2.1458508369
-324853671 -259348591
#r 0 4.3609037071
-333460987 -282820150
#r 0 0.1802766838
-321163561 -280578878
#r 0 0.4518394690
-311470513 -275874592
#r 0 3.9828249060
-315061288 -279890522
#r 0 1.0163423969
-313643178 -277600478
#r 1 -314111237 -278379103
-561441965 -303326039
#r 0 1.1591895773
-541437845 -257502080
#r 0 4.5169819806
-546291990 -282026298
#r 0 0.2694498248
-534243022 -278698784
#r 0 0.3603697874
-523769691 -274752170
#r 0 0.2376004981
-511770207 -271846195
#r 0 5.9719055240
-496085368 -276892622
#r 0 1.2693281510
-496085368 -276892622
#r 0 0.2455971785
-472163500 -270896432
#r 0 0.2925174877
-438383417 -260723340
#r 0 0.3300116486
-389612877 -244017583
#r 0 0.2193758663
-315228093 -227432441
#r 0 0.2720962064
-205326088 -196768000
#r 0 0.2345764706
-39225748 -157074015
#r 0 3.3018884599
-123519796 -170702928
#r 0 0.2170938544
-81827578 -161506879
#r 0 3.3878634867
-102530676 -166711087
#r 0 0.2532902787
-92197648 -164036386
#r 0 3.4321092865
-97310809 -165565096
#r 1 -98101733 -165682432
-143029320 -288205830
#r 0 1.4761054017
-138301846 -238429822
#r 0 2.1003205402
-163557985 -195277447
#r 0 1.2962214811
-150001098 -147150419
#r 0 1.3958723875
-141299436 -97913430
#r 0 0.8353263288
-107752649 -60837655
#r 0 1.7062547641
-114504877 -11295679
#r 0 1.6108812207
-116508585 38664156
#r 0 3.7871946598
-136477027 23622172
#r 0 0.6328378108
-126397623 31015114
#r 0 0.6468679132
-121409464 34782540
#r 0 0.6480984019
-118917375 36669570
#r 0 0.7736705299
-117798781 37762230
#r 1 -117913166 37510414
-217724255 370576245
#r 0 5.3915029713
-186319063 331669769
#r 0 4.5187519642
-195940523 282604226
#r 0 4.3074285661
-215639642 236648326
#r 0 5.6967302078
-173994257 208977729
#r 0 5.6649116489
-133250242 179996266
#r 0 3.5497818338
-156196269 170072568
#r 0 3.5322509927
-175976074 161926756
#r 0 5.6405158288
-167414153 155516434
#r 0 3.4189584629
-172557624 154052065
#r 0 3.4324589197
-176669662 152821100
#r 0 5.9164331642
-174666222 152051516
#r 0 3.4993628823
-175671357 151675737
#r 0 4.4162543890
-175893051 150949123
#r 0 3.4368267819
-176862546 150654278
#r 0 5.6815928961
-176444830 150367526
#r 0 5.9740607558
-176062983 150245578
#r 0 3.3521227379
-176258981 150203694
#r 0 3.3829438385
-176379266 150174086
#r 0 5.9528822454
-176320677 150153998
#r 0 5.9450277779
-176283310 150140857
#r 0 3.5333164742
231282029 -813119927
#r 0 1.8845675173
215849635 -765561109
#r 0 3.1205915711
165860661 -764511132
#r 0 1.7274558749
158059684 -715123434
#r 0 0.2127720604
206932149 -704564921
#r 0 0.2214549579
255711094 -693582457
#r 0 1.8711389025
240918721 -645820697
#r 0 0.0401604685
265898563 -644816955
#r 0 1.9107825163
261730137 -633032464
#r 0 2.1279802773
255271793 -622666497
#r 0 0.0022538943
261378402 -622652733
#r 0 2.1850646005
259618593 -620157580
#r 0 0.1332432903
261131717 -619954765
#r 0 3.3262380699
260381365 -620094910
#r 0 0.0478171234
260762592 -620076667
#r 0 1.9767159665
260687240 -619901343
#r 0 0.0858124540
260782304 -619893165
#r 0 1.0160205013
260830912 -619814727
#r 0 0.2013501131
260963529 -619787658
#r 0 0.0426757178
261139367 -619780149
#r 0 1.9038904954
261110594 -619696987
#r 0 0.1069836351
-173650117 941397434
#r 0 5.0608519329
-156577440 894402501
#r 0 5.0363941468
-140659146 847004105
#r 0 5.1444035391
-119724090 801597900
#r 0 1.9769913765
-129602011 824563672
#r 0 2.0324909823
-135174046 835762365
#r 0 2.4709725703
-140073860 839649211
#r 0 5.5957278945
-137657021 837664816
#r 0 5.6568088740
-136389929 836747974
#r 1 -135968231 836424470
-974261600 -135035256
#r 0 0.8733346759
-942147891 -96711507
#r 0 0.2048510251
-893193326 -86540442
#r 0 5.8513794874
-847782752 -107466020
#r 0 5.8495864881
-802409771 -128472985
#r 0 0.9803764771
-774574279 -86937634
#r 0 5.7807324042
-730754082 -111016470
#r 0 5.9907421487
-682876963 -125431096
#r 0 0.5282308501
-639691959 -100230790
#r 0 1.0257833843
-613770501 -57474761
#r 0 5.8231098203
-568969552 -79675548
#r 0 5.5091202236
-533215807 -114627940
#r 0 0.6563530984
-493604660 -84116352
#r 0 1.2091971855
-475916139 -37349737
#r 0 0.5818355481
-434143373 -9871818
#r 0 0.3620939282
-387385516 7839840
#r 0 5.1203988607
-367546348 -38055774
#r 0 5.1691977207
-345492032 -82929008
#r 0 1.1612488722
-335537176 -59996481
#r 0 1.1709500964
-327983849 -42123522
#r 0 1.2016658042
-320809056 -23577450
#r 0 1.2082614418
-219071864 876570219
#r 0 5.3164464398
-190672535 835418328
#r 0 4.4554944582
-203376446 787059144
#r 0 4.4386288906
-216894116 738921086
#r 0 4.5304928241
-225938855 689745963
#r 0 0.9694597509
-211795228 710360468
#r 0 4.1545108140
-218412569 699755714
#r 0 3.4503973376
-224378161 697852630
#r 0 3.4729050980
-228281444 696509932
#r 0 3.3451301344
-231786635 695786476
#r 1 -231218630 695878407
841216372 -245702053
#r 0 4.3470287848
823352085 -292401809
#r 0 4.4175376540
808822205 -340244077
#r 0 4.4244416062
794622970 -388185517
#r 0 4.3421615404
776531596 -434797771
#r 0 4.4431838416
763233332 -482996901
#r 0 4.3035510168
743356165 -528876071
#r 0 4.3209572108
724280551 -575094259
#r 0 4.7678500804
727052185 -625017380
#r 0 1.6349295683
725449953 -600068777
#r 0 1.5971714237
725120278 -587572185
#r 0 1.5744048910
725097713 -581319152
#r 1 724638836 -580468719
-554460271 622376857
#r 0 2.5869134243
-596963742 648710389
#r 0 2.5961384283
-639708328 674650712
#r 0 2.9482194823
-688776408 684259226
#r 0 6.0288357678
-664580729 677968828
#r 0 0.0265922583
-652038789 678302425
#r 0 3.1921945940
-658303946 677985125
#r 1 -658085125 677981122
-710372218 -603481641
#r 0 5.2973903296
-682762193 -645167208
#r 0 5.4027475316
-650921509 -683718095
#r 0 5.2668537890
-624597091 -726227212
#r 0 2.3507225851
-642177766 -708453077
#r 0 5.5547531678
-632850028 -716774333
#r 0 5.3780474693
-628975157 -721709142
#r 1 -629025404 -721442573
57367412 137137296
#r 0 3.7137777219
15331420 110063777
#r 0 3.8185859881
-23641569 78741163
#r 0 0.6924197231
-4398981 94701201
#r 0 3.6556222696
-15283609 88555075
#r 0 0.4984703434
-9794142 91543091
#r 0 0.2949558953
-6803372 92451741
#r 0 3.4706808505
-8282381 91946650
#r 1 -8568428 91897737
350298717 99524416
#r 0 0.7571889779
386637203 133868476
#r 0 3.1269174928
361639895 134235342
#r 0 0.7332518000
370927419 142601457
#r 0 2.3845267191
370927419 142601457
#r 0 3.6675996519
365522302 139463432
#r 0 2.4624300154
362988816 141508658
#r 0 3.3156743607
359346046 140868034
#r 0 3.4383859834
355990393 139841787
#r 0 0.6457643921
357391636 140897683
#r 0 0.6551265346
358166620 141493123
#r 0 3.4110431633
357695594 141363041
#r 0 0.6201696573
357894424 141505038
#r 0 0.6758587396
358000705 141590258
#r 0 3.3624763226
357934246 141575335
#r 0 3.3515882182
357894737 141566914
#r 0 3.3975843010
357864807 141559080
#r 0 3.3927847712
357834962 141551421
#r 0 3.1820584789
357797287 141549896
#r 0 3.3582847310
357745041 141538394
#r 0 0.7022508409
357765460 141555672
#r 0 3.3435960101
124361302 -505132095
#r 0 3.5598652897
78671706 -525441225
#r 0 2.0436092745
55902085 -480926684
#r 0 2.4570326351
17167218 -449310073
#r 0 2.8237198379
-30327903 -433682740
#r 0 1.5712688359
-30351528 -383682746
#r 0 0.7966663741
4603184 -347931269
#r 0 2.6629192826
-17586984 -336416218
#r 0 3.0793650350
-42019483 -334893876
#r 0 3.0168533412
-66906936 -331773230
#r 0 3.1100911994
-98635854 -330773392
#r 0 2.6473926687
-136659746 -310286302
#r 0 3.2425591621
-200922733 -316796850
#r 0 3.2194943307
-292253116 -323926068
#r 0 3.1214399306
-426541982 -321219415
#r 0 6.2376118073
-359453642 -324278984
#r 0 0.1241843156
-326111674 -320117018
#r 0 3.2904606980
-342726218 -322608828
#r 0 0.2047348365
-334501475 -320901008
#r 0 3.3431026327
-338616578 -321741652
#r 1 -338618333 -321749549
-544744435 413022941
#r 0 5.4765666280
-510147258 376925360
#r 0 5.4729150115
-475682126 340701684
#r 0 0.1142877522
-426008313 346403640
#r 0 5.3499543224
-396246271 306226273
#r 0 5.6660667955
-355468805 277291894
#r 0 5.2125900105
-331488708 233417586
#r 0 5.2958377583
-303943436 191689203
#r 0 5.3129565652
-275687894 150438453
#r 0 5.1750097446
-253373148 105694156
#r 0 2.0135954666
-264084906 128283052
#r 0 5.1498753192
-258789108 116960310
#r 0 1.9091730004
-260863834 122855901
#r 1 -261299534 123268882
-119196968 -904270036
#r 0 1.8177774166
-131420857 -855787291
#r 0 3.0281268430
-181099340 -850126166
#r 0 3.0460691049
-230871395 -845357249
#r 0 3.0923301772
-280810737 -842895121
#r 0 3.0425731074
-330565815 -837952230
#r 0 1.4653746530
-325304489 -788229816
#r 0 1.4821142765
-320876196 -738426300
#r 0 1.4802289696
-316354016 -688631221
#r 0 3.5509504415
-339288432 -698581727
#r 0 3.5738502972
-359216369 -707775607
#r 0 3.6066220676
-381153101 -718781889
#r 0 3.5523812279
-410214585 -731440173
#r 0 3.5840913592
-450704679 -750625863
#r 0 3.6512745913
-507617916 -782437017
#r 0 3.5275892448
-582466961 -812854376
#r 0 1.0395267239
-562000813 -778025716
#r 0 4.1173238580
-573323273 -794752239
#r 0 4.2315592179
-578013266 -803742654
#r 0 4.2638580826
-580212252 -808312028
#r 0 4.3137489377
-581196476 -810648791
#r 1 -581067790 -810459085
-804414631 -463783652
#r 0 0.4535110975
-759468914 -441877432
#r 0 0.4606207092
-714680076 -419652222
#r 0 0.5804705141
-672869841 -392231350
#r 0 0.4467722603
-627777523 -370628507
#r 0 0.3610291432
-581000834 -352966646
#r 0 0.4830164503
-536720936 -329744014
#r 0 0.4409992978
-491504657 -308401846
#r 0 0.6792387280
-452602098 -276991801
#r 0 0.4091655918
-406729443 -257099604
#r 0 0.2453733075
-358227108 -244953681
#r 0 0.3379538322
-311055355 -228375813
#r 0 0.4573863918
-266194868 -206295580
#r 0 3.7451926842
-286777306 -220485830
#r 0 0.7520354534
-277648558 -211946747
#r 0 3.9639814869
-281901512 -216526580
#r 1 -281364335 -215880004
551441948 -761356956
#r 0 2.0329221491
529149350 -716601620
#r 0 1.3682992534
539205150 -667623248
#r 0 2.1047022788
513760172 -624581953
#r 0 1.2708607153
528533107 -576814177
#r 0 1.3058337249
541626766 -528559062
#r 0 1.3221931560
553929282 -480096209
#r 0 1.3501188072
564873820 -431308740
#r 0 2.4753015261
525567849 -400405009
#r 0 2.4612460924
486700111 -368951886
#r 0 2.3810032861
450478618 -334484460
#r 0 1.1497591668
470913981 -288851183
#r 0 2.5674502605
428931061 -261695438
#r 0 1.0879063213
452148094 -217412604
#r 0 2.5440184303
410812950 -189280667
#r 0 1.0565907664
435405115 -145746480
#r 0 2.2552356611
403793179 -107007798
#r 0 1.0624542768
428129659 -63330164
#r 0 0.9482227227
457286051 -22711144
#r 0 1.0834106618
480701929 21466867
#r 0 0.9808744952
508516732 63016075
#r 0 3.1250926888
27156741 -865736728
#r 0 1.7582423583
17839227 -816612559
#r 0 1.6214660742
15306824 -766676731
#r 0 1.5417241505
16760228 -716697859
#r 0 1.6040890645
15095899 -666725567
#r 0 0.9661347867
43520082 -625590839
#r 0 0.9081145279
74281744 -586173582
#r 0 1.7142380452
67134228 -536687089
#r 0 1.5645202865
