701687785 -541700890
#r 0 0.9649963929
730158777 -500598547
#r 0 4.2380418189
718739833 -522838324
#r 0 1.0101539609
725386462 -512251903
#r 0 3.5031146462
719540466 -514462517
#r 0 0.3741847641
722449234 -513320287
#r 0 0.3493258851
723917600 -512785413
#r 1 723700003 -512908986
-499127383 633119407
#r 0 3.3798455419
-547714972 621319146
#r 0 5.0878870149
-529378177 574802891
#r 0 4.0610912987
-559689125 535038002
#r 0 4.1074763668
-588123635 493910412
#r 0 4.0688442916
-618125378 453911719
#r 0 6.2566908352
-593134152 453249435
#r 0 4.1016662891
-600302397 443009013
#r 0 3.7664382368
-608775166 436898031
#r 0 3.7548446325
-616713243 431311447
#r 0 3.7165154214
-626215199 425154789
#r 0 3.8140578722
-637899916 415850546
#r 0 3.4454795524
-658363060 409433299
#r 0 4.3058678501
-670221268 381888189
#r 0 1.1604855144
-664240013 395638175
#r 0 1.2745534574
-662051306 402808988
#r 0 4.4571466783
-662997777 399181739
#r 0 1.2941756669
-662485880 400984832
#r 1 -662615766 400545107
-483608482 -622730427
#r 0 1.2040306331
-465678576 -576055825
#r 0 5.7889963805
-421660891 -599771714
#r 0 1.9864717586
-431756089 -576900620
#r 0 1.9792535598
-438495081 -561329873
#r 0 1.4279927646
-436295122 -546029246
#r 0 1.4599804821
-433972102 -525152243
#r 0 1.4278848533
-429701429 -495472619
#r 0 1.4119947370
-422723747 -451902974
#r 0 4.5422602263
-426459119 -473646880
#r 1 -426929158 -474059219
-400050622 -282770132
#r 0 3.7208751123
-441893405 -310141312
#r 0 3.7901401838
-481741504 -340342786
#r 0 3.8655242435
-519201879 -373459554
#r 0 3.0487392506
-568986490 -368823552
#r 0 6.1208484769
-544315183 -372864171
#r 0 6.2658585184
-531756888 -373081788
#r 0 0.0366837467
-525480768 -372851453
#r 0 6.1233013232
-522366864 -373353603
#r 0 2.9145664923
-523903463 -372998635
#r 1 -523701842 -373033485
301295572 728310821
#r 0 4.5966180206
295519946 678645520
#r 0 4.0862454241
266218732 638130845
#r 0 4.8013858059
270662701 588328725
#r 0 3.1295501979
220666326 588930833
#r 0 3.1439386360
170666464 588813534
#r 0 3.1632640100
120678205 587730051
#r 0 3.0445994091
70913213 592572113
#r 0 4.7765506976
74119098 542674996
#r 0 0.9044742434
89571571 562327503
#r 0 0.8147025126
101762233 575254430
#r 0 1.0051400168
111242860 590187907
#r 0 4.8570633823
112517954 581435943
#r 0 1.6910798547
111987320 585826171
#r 0 1.8125598300
111457636 587974234
#r 1 111373993 588698532
538670319 187274473
#r 0 5.7908241022
582731277 163639076
#r 0 0.8487300761
615778111 201161160
#r 0 5.3929324157
647238886 162299615
#r 0 5.5516190576
684445336 128897818
#r 0 5.3735861606
715148445 89434935
#r 0 3.8713346959
677881125 56101066
#r 0 1.8251547270
671590513 80296688
#r 0 6.0390031813
683719704 77274653
#r 0 1.8153214368
682206607 83338730
#r 0 6.0327008805
685234082 82564126
#r 0 5.7350783131
687582089 81130659
#r 0 3.8631885635
687582089 81130659
#r 0 5.9348940209
690147105 80199319
#r 0 3.1207851636
688782968 80227707
#r 0 6.0181371350
689441361 80048997
#r 0 5.7840074815
689758123 79876287
#r 0 3.8459852481
689758123 79876287
#r 0 6.0597781715
690004652 79820276
#r 0 5.2099127931
690101278 79642358
#r 0 5.9787755911
690367852 79558607
#r 0 4.1290389032
-356518068 -65592954
#r 0 2.5559712956
-398186509 -37957089
#r 0 1.3764042806
-388528006 11101175
#r 0 0.6408898302
-348449804 40996622
#r 0 6.0595448260
-299694978 29907577
#r 0 5.5140648860
-263768843 -4867599
#r 0 1.9954614433
-274069235 17911820
#r 0 0.9758220590
-266139889 29628034
#r 0 0.6391524043
-252673737 39636444
#r 0 5.6484734339
-252673737 39636444
#r 0 6.2405523914
-228686971 38613198
#r 0 5.9426721146
-194970917 26667115
#r 0 0.9889358437
-194970917 26667115
#r 0 0.9059238691
-194970917 26667115
#r 0 0.9944085435
-194970917 26667115
#r 0 0.0305892949
-142608334 28269349
#r 0 1.3605085146
-142608334 28269349
#r 0 1.1145678776
-108002978 98783133
#r 0 2.2619130737
-108002978 98783133
#r 0 2.2624897540
-108002978 98783133
#r 0 2.2794810652
-108002978 98783133
#r 0 2.2174420423
-276446552 932869643
#r 0 4.7928701200
-272426838 883031486
#r 0 5.6327855632
-232634747 852756257
#r 0 4.7707289865
-229719401 802841322
#r 0 5.0808724282
-211709346 756197588
#r 0 1.9748197499
-221537371 779184757
#r 0 5.2781068022
-214837097 768632206
#r 0 2.1680729536
-218352051 773800145
#r 1 -218740391 774419764
-550539604 -271667289
#r 0 0.7712193876
-514686540 -236816782
#r 0 6.1559148249
-465090938 -243163141
#r 0 5.3410454587
-435688007 -283604056
#r 0 0.3934423275
-389508265 -264435556
#r 0 0.7788003957
-353920431 -229314251
#r 0 1.0158550637
-327575762 -186817682
#r 0 5.1115761473
-317859024 -209852112
#r 0 0.3682476505
-317859024 -209852112
#r 0 1.1921912685
-313238716 -198237349
#r 0 0.7569287903
-306576524 -191944090
#r 0 0.5665022951
-297456948 -186143630
#r 0 4.7380738301
-297318163 -191545828
#r 0 0.5769232150
-295053504 -190072034
#r 0 0.5728203190
-293118408 -188823984
#r 0 1.6939922607
-293118408 -188823984
#r 0 4.9564180454
-293118408 -188823984
#r 0 2.7016067132
-294160081 -188333603
#r 0 2.4169835464
-294891832 -187685817
#r 0 4.9255187594
-294788474 -188163403
#r 0 4.7244315529
-294784554 -188488896
#r 0 0.0875465601
-618319202 -169265767
#r 0 3.7507079778
-659326927 -197872873
#r 0 2.2621507903
-691205988 -159353716
#r 0 4.2359767051
-714135684 -203786013
#r 0 4.2350907864
-737104734 -248197979
#r 0 4.1244400374
-764837511 -289801982
#r 0 0.9918755434
-751159489 -268875643
#r 0 1.0750982124
-745213431 -257879286
#r 0 0.7441398736
-740568227 -253602401
#r 0 3.9360341757
-742780369 -255854920
#r 1 -742730635 -255781524
755102565 -188650360
#r 0 2.4172640347
717655342 -155518722
#r 0 1.4632162070
723023978 -105807780
#r 0 1.4950421794
726808064 -55951179
#r 0 2.8183809264
679397053 -40070498
#r 0 5.6066972236
698891457 -55721957
#r 0 1.2532101042
698891457 -55721957
#r 0 5.5506171406
709269238 -65057322
#r 0 2.7138227832
702918741 -62161975
#r 0 2.7296348252
699438679 -60641324
#r 0 1.2968168937
699438679 -60641324
#r 0 1.1552078983
699438679 -60641324
#r 0 1.2248430617
699438679 -60641324
#r 0 5.6011366019
700912759 -61838358
#r 0 4.3793477582
700912759 -61838358
#r 0 2.7976825911
700018908 -61518232
#r 0 4.9902918077
700149143 -61974741
#r 0 2.9850107673
700149143 -61974741
#r 0 2.6726134196
699937410 -61867460
#r 0 1.1801315113
699937410 -61867460
#r 0 2.7473043273
699771863 -61798580
#r 0 2.6733553172
380790345 -501424583
#r 0 0.3644022358
427507193 -483605041
#r 0 2.3829420850
391218943 -449207906
#r 0 1.6797019864
385784418 -399504124
#r 0 3.3838130592
337244029 -411497064
#r 0 2.3033684174
303804825 -374324229
#r 0 5.9881451072
327724586 -381593687
#r 0 5.9798079745
342699038 -386281299
#r 0 6.0193097665
355152073 -389645806
#r 0 5.9450411835
368478145 -394331921
#r 0 5.9079708185
385058406 -400862460
#r 0 2.4377272688
378265894 -395096177
#r 0 5.5891233474
381690250 -397945885
#r 0 5.5324475886
383319124 -399465585
#r 1 384003803 -399977434
-579009961 358478730
#r 0 5.9492714042
-531771620 342091567
#r 0 5.6014017334
-492949121 310582623
#r 0 5.7407965997
-450125215 284773456
#r 0 2.7385771766
-473122278 294578306
#r 0 5.5027680707
-464239528 285783607
#r 0 2.7086770991
-469912943 288405601
#r 0 5.0983286098
-468736600 285510461
#r 0 0.2459193183
-468736600 285510461
#r 0 2.2694043293
-469741525 286706926
#r 0 5.5448935233
-469163698 286181126
#r 0 5.5053525693
-468880465 285902146
#r 0 0.0983227658
-468672838 285922627
#r 0 5.5650127362
-468515810 285785410
#r 0 5.5465396253
-468385210 285666962
#r 0 5.2713121335
-468283221 285503898
#r 0 5.8348285210
-468078916 285405621
#r 0 5.5588689515
-467829520 285184972
#r 0 5.6406260209
-467443764 284896222
#r 0 5.5466612432
-466913593 284415497
#r 0 5.6213174137
-466074825 283762011
#r 0 4.8735588279
299350043 -849072587
#r 0 1.9343496135
281570167 -802340628
#r 0 1.9841671107
261485243 -756552029
#r 0 5.4669560198
278609575 -774766233
#r 0 3.1102972174
266115697 -774375104
#r 0 5.5904594104
270925121 -778366586
#r 0 0.3480262181
274913775 -776919529
#r 0 2.3600523671
274913775 -776919529
#r 0 5.5751572219
276538406 -778310385
#r 0 3.1292097396
275469154 -778297144
#r 0 1.5940656505
275469154 -778297144
#r 0 0.8684790139
275814542 -777889008
#r 0 1.5750007281
275812781 -777470223
#r 0 5.5331129701
275965982 -777612965
#r 0 3.2052446491
275861498 -777619625
#r 0 5.6178297761
275902680 -777651941
#r 0 2.1708847676
275887900 -777630341
#r 0 5.5446129030
275897576 -777639151
#r 0 2.0975478246
275894287 -777633496
#r 0 1.0513776966
275896055 -777630405
#r 0 2.9876366160
275896055 -777630405
#r 0 3.0996144514
547958642 -796389549
#r 0 1.9300765268
530378618 -749582042
#r 0 3.8470277098
492312141 -782000298
#r 0 3.8945238177
455827754 -816189324
#r 0 3.8713993543
418562589 -849525603
#r 0 3.7415001968
377293198 -877753911
#r 0 0.2659128504
401414523 -871184157
#r 0 3.3619449540
389216768 -873916325
#r 0 3.4788907346
383306713 -875988980
#r 1 383999056 -876010399
120566706 -818818612
#r 0 3.8746537292
83410227 -852275989
#r 0 0.6878009449
102726325 -836404998
#r 0 3.7224971874
92276743 -843264751
#r 0 0.4047852419
98021661 -840803368
#r 0 3.5453209217
95147903 -842031023
#r 1 94451125 -842424812
137093106 -178832048
#r 0 2.3156523775
103199807 -142072774
#r 0 5.5596910120
121937233 -158622965
#r 0 2.3793475183
112896140 -149991127
#r 0 2.5203879253
107806154 -146348075
#r 0 5.7799477966
110547841 -147857411
#r 1 109647267 -147516499
-671832205 450572368
#r 0 4.0575961711
-702281951 410913662
#r 0 4.1168623080
-730329193 369521003
#r 0 0.9847063851
-716501499 390348746
#r 0 4.2676265147
-721879542 379064836
#r 0 1.1254951509
-719187482 384705341
#r 0 1.0134323384
-717534510 387357380
#r 0 1.3578343218
-717200070 388903987
#r 1 -717209491 388783434
-468532303 -84888903
#r 0 2.3778644184
-504645429 -50307952
#r 0 0.5862006727
-462993005 -22647952
#r 0 0.5749433505
-421031850 4541410
#r 0 0.6332933497
-380727706 34131544
#r 0 1.3349540867
-369044606 82747438
#r 0 0.4923599461
-324983618 106382780
#r 0 1.9060303396
-341433126 153599447
#r 0 0.4356268493
-296102841 174698386
#r 0 2.9963183954
-320839496 178317481
#r 0 2.9386578552
-336595714 181559595
#r 0 5.9928088917
-328889271 179256735
#r 0 6.1546904014
-324870485 178737480
#r 0 2.9098351088
-326842412 179202851
#r 0 2.9463245857
-327846740 179401495
#r 0 2.9537574366
-328363749 179499766
#r 0 2.9636360925
-328648675 179551013
#r 0 3.0417164754
-328837784 179569964
#r 0 2.9598563663
-328993886 179598650
#r 0 2.9128112203
-329168008 179639196
#r 0 2.9551076318
-329400532 179683068
#r 0 2.9164374930
242220329 -192797614
#r 0 4.7734462902
245271298 -242704443
#r 0 2.9120077335
196583251 -231325775
#r 0 2.7970026552
149522549 -214435235
#r 0 5.9133370009
172832104 -223472085
#r 0 5.9519485049
184660152 -227539838
#r 0 2.8714783029
178632934 -225871014
#r 0 2.6239312008
175905515 -224317856
#r 1 175874677 -224556250
474168597 127670696
#r 0 6.0610255800
522939790 116653857
#r 0 3.5056011451
499577859 107753284
#r 0 0.7361295868
508841269 116146093
#r 0 4.9145695714
510096306 110023399
#r 0 4.8418639217
510790977 104688119
#r 0 5.3446460626
514225828 99999398
#r 0 4.8851665977
515650493 91835957
#r 0 4.1451506414
509573417 82296992
#r 0 4.9146069240
512319777 68901434
#r 0 4.9047376541
516227943 48834498
#r 0 4.9333863110
522938421 18965926
#r 0 5.1746748393
543411629 -22120268
#r 0 2.0719405193
532384683 -1990356
#r 0 1.9242420968
528406425 8792633
#r 0 2.0883367396
525549359 13811189
#r 0 5.1394555114
526745335 11183106
#r 0 1.9662951340
526189120 12515366
#r 1 526064639 12573858
595496296 -707793242
#r 0 3.3140846228
546238291 -716375135
#r 0 3.2637696090
496611007 -722468796
#r 0 2.2074651676
466884996 -682264763
#r 0 3.3421990178
417887699 -692227942
#r 0 0.5729068284
438895919 -678676016
#r 0 0.4785612847
451419985 -672178736
#r 0 1.3210991542
453701226 -663233371
#r 0 2.8835734994
453701226 -663233371
#r 0 0.3457388442
464592124 -659310393
#r 0 2.2823572397
464592124 -659310393
#r 0 2.0553121107
464592124 -659310393
#r 0 1.0387346094
470443603 -649370560
#r 0 2.2686585452
470443603 -649370560
#r 0 3.3715756365
464828300 -650685245
#r 0 0.6274144888
467162693 -648992432
#r 0 0.5953852809
468529869 -648066330
#r 0 1.1097436674
469045031 -647029288
#r 0 2.4072013909
469045031 -647029288
#r 0 1.3001337230
469409615 -645715337
#r 0 0.3340099894
471203976 -645092673
#r 0 1.9752612332
677928845 -196320030
#r 0 4.3025183629
658004312 -242178649
#r 0 5.1538234478
679366155 -287385636
#r 0 4.1478483016
652614764 -329627358
#r 0 3.9839904757
619330995 -366939430
#r 0 5.2128450060
643322279 -410807622
#r 0 3.4050301707
595047251 -423827672
#r 0 3.1026638421
545085133 -421881723
#r 0 6.2189426657
570033561 -423486684
#r 0 0.0374548686
582532795 -423018308
#r 0 3.1786948808
576283096 -423250292
#r 0 0.0035289307
579410078 -423239257
#r 1 578537859 -423292028
134234208 -184258840
#r 0 4.4478386894
121160446 -232519349
#r 0 5.7563273652
164380007 -257660342
#r 0 5.7356666919
207070951 -283688851
#r 0 3.2382961254
182187755 -286102671
#r 0 3.2314183923
165476828 -287607793
#r 0 3.2149084354
150533316 -288705355
#r 0 3.1774265269
133547730 -289314275
#r 0 3.2002356924
111491589 -290609199
#r 0 3.2941293171
80697242 -295343239
#r 0 0.0957887497
96203882 -293853318
#r 0 0.3093249145
103647083 -291474595
#r 0 3.4383414812
99910821 -292617060
#r 0 0.2871078226
101784372 -292063865
#r 1 101352961 -292125260
-222667336 -46611794
#r 0 0.9543590461
-193760743 -5814626
#r 0 2.2815149727
-226379673 32080036
#r 0 0.7678281037
-190408628 66808755
#r 0 1.5437790109
-189057927 116790508
#r 0 0.1254556981
-139450889 123046851
#r 0 6.1663738913
-89791624 117219553
#r 0 2.8752648907
-113910221 123799314
#r 0 3.3992088895
-126264492 120544326
#r 0 0.5108203449
-120692015 123667344
#r 0 3.7395403339
-123331806 121869308
#r 0 3.4863209855
-124846195 121325543
#r 1 -124516855 121441822
219528894 970092025
#r 0 4.5277062013
210347158 920942297
#r 0 5.6637191163
251056583 891912266
#r 0 4.6831063585
249592661 841933701
#r 0 4.6980562040
248876047 791938837
#r 0 5.8201852538
293611877 769607121
#r 0 5.7300946679
336157128 743341142
#r 0 5.9113577892
382740375 725175208
#r 0 4.1433681536
355800004 683053760
#r 0 4.7715256017
358755112 633141163
#r 0 4.6069108483
353490979 583419046
#r 0 4.8121779331
358472150 533667785
#r 0 3.8858943243
321694091 499794869
#r 0 3.7758757030
281419253 470164861
#r 0 3.4551761949
233857540 454741391
#r 0 0.2859772851
257842200 461793770
#r 0 0.4102488521
269313702 466783037
#r 0 0.2568612272
275392046 468379596
#r 0 0.2804496352
278412274 469249546
#r 0 0.2812389567
279922130 469685738
#r 1 279578704 469567361
-384209398 -106897359
#r 0 1.5140746886
-381374837 -56977771
#r 0 4.8179056729
-378741812 -81838728
#r 0 6.1568357280
-378741812 -81838728
#r 0 0.1697914455
-378741812 -81838728
#r 0 0.2173647175
-378741812 -81838728
#r 0 3.8440625805
-388529784 -90124436
#r 0 0.1266654144
-382169107 -89314422
#r 0 1.4700896318
-382169107 -89314422
#r 0 0.9096654249
-379644333 -86068871
#r 0 0.1680040542
-377512107 -85707240
#r 0 0.0263135653
-375483182 -85653839
#r 0 0.1467561823
-373001477 -85286996
#r 0 2.0311699093
-373001477 -85286996
#r 0 0.6445080779
-370324935 -83275375
#r 0 0.1578372535
-366108702 -82604315
#r 0 5.5912456987
-361235969 -86641872
#r 0 0.7683042033
-361235969 -86641872
#r 0 0.0947852366
-352200303 -85782850
#r 0 0.0638697128
-338811179 -84926526
#r 0 2.5201244742
-344265142 -81020792
#r 0 0.6512825184
615373946 -411111791
#r 0 5.2396961893
640534354 -454320053
#r 0 5.2992106976
668220217 -495955291
#r 0 2.9291872209
643782051 -490684994
#r 0 6.0812479442
656028048 -493192090
#r 0 2.7383711270
650279288 -490739693
#r 0 0.4861470756
653042223 -489279622
#r 0 5.3414878534
653042223 -489279622
#r 0 5.9050334816
655329183 -490188165
#r 0 5.3884767460
656294130 -491391024
#r 0 1.4222468661
656408246 -490628479
#r 0 5.3296804624
656631395 -490942849
#r 0 2.5577753284
656470565 -490836598
#r 0 6.0046080017
656563227 -490863101
#r 0 5.3129708068
656592871 -490906378
#r 0 2.2108326411
656577207 -490885341
#r 0 5.3181732147
656584674 -490896121
#r 0 5.3112536928
656588374 -490901543
#r 0 1.7195264818
656587888 -490898297
#r 0 0.5107447908
656587888 -490898297
#r 0 6.0019400378
656587888 -490898297
#r 0 6.0054940602
326662212 790338362
#r 0 3.8652043448
289191245 757233579
#r 0 4.4817737855
277762421 708557281
#r 0 6.0049720190
325839805 694825377
#r 0 5.7515098519
368937748 669476466
#r 0 6.0644357516
417746227 658626009
#r 0 6.1236566968
467111341 650683368
#r 0 4.5021150659
456674952 601784679
#r 0 5.2637625650
482867840 559194391
#r 0 0.6480494622
522730976 589376014
#r 0 4.2290798208
511113180 567239466
#r 0 1.1868156451
515795858 578829225
#r 1 515825625 577868138
340630368 -61653550
#r 0 4.4238347082
326402040 -109586364
#r 0 4.3519393459
308767290 -156373281
#r 0 4.3223728586
289757124 -202618428
#r 0 1.7452955665
285416749 -177998088
#r 0 5.9750140383
297327871 -181789545
#r 0 4.0175966140
297327871 -181789545
#r 0 1.2620968273
297327871 -181789545
#r 0 0.9011163594
297327871 -181789545
#r 0 0.5129417083
306982840 -176351604
#r 0 2.4897516737
306982840 -176351604
#r 0 0.5425277377
320433269 -168242733
#r 0 4.0394160561
315538494 -174383427
#r 0 5.6154222628
315538494 -174383427
#r 0 0.5061730698
318972561 -172479768
#r 0 4.1504267049
317926471 -174141056
#r 0 3.9031831534
317057895 -174969228
#r 0 4.2957952352
316728427 -175713799
#r 0 2.8199925210
316728427 -175713799
#r 0 0.5334112234
317078975 -175506797
#r 0 4.2402204642
316986396 -175688077
#r 0 4.2515981063
-936931568 -253662529
#r 0 5.3441662755
-907402571 -294011486
#r 0 0.3325772324
-860142368 -277687480
#r 0 5.0059753542
-845673018 -325548089
#r 0 0.8308601598
-828816999 -307085300
#r 0 0.5756426281
-810798909 -295392309
#r 0 4.9234911908
-810798909 -295392309
#r 0 4.8722838808
-810798909 -295392309
#r 0 0.5453340123
-788389007 -281796142
#r 0 1.5351520307
-787108384 -245883520
#r 0 4.8000775185
-785534839 -263782208
#r 0 1.8433205501
-787952965 -255129901
#r 0 1.7657959331
-788852512 -250575450
#r 0 5.9519005964
-786657511 -251330445
#r 0 0.6011997349
-785002328 -250195155
#r 0 1.7872856179
-785002328 -250195155
#r 0 0.7966057915
-782992445 -248139708
#r 0 0.3513735141
-778968580 -246664616
#r 0 5.7112438687
-773778743 -250005371
#r 0 5.5879706907
-767991673 -254832602
#r 0 5.9872435333
-758443849 -257743688
#r 0 1.9402428481
-55698254 -527054964
#r 0 1.6406893251
-59190059 -477177040
#r 0 1.1187632620
-37350294 -432198994
#r 0 5.4114253001
-5176278 -470472127
#r 0 1.6730748452
-7728785 -445602774
#r 0 2.1047688389
-16002642 -431609309
#r 0 1.0059773648
-10287160 -422589844
#r 0 1.1164066743
-3984697 -409687666
#r 0 2.3920811267
-3984697 -409687666
#r 0 2.3817775155
-3984697 -409687666
#r 0 5.1511096994
-934930 -416187337
#r 0 2.2958794614
-3315680 -413500568
#r 0 2.4034092291
-4747410 -412198032
#r 0 1.8980807781
-5169130 -410955829
#r 0 2.3642645279
-5787567 -410347294
#r 0 2.3102712435
-6434427 -409638116
#r 0 2.3212559673
-7269925 -408742097
#r 0 5.1924374604
-6987033 -409285418
#r 0 4.3351833025
-7107763 -409590157
#r 0 4.6120117666
-7141585 -409925978
#r 0 0.9953319278
-7049742 -409784399
#r 0 2.3057305889
-176767589 -188188183
#r 0 0.4673742133
-132129869 -165661000
#r 0 0.9982751371
-105042223 -123634111
#r 0 1.0221176445
-78964207 -80973390
#r 0 1.0149849010
-52582569 -38499761
#r 0 1.0506222162
-27731008 4886872
#r 0 4.2194495871
-39561442 -17136770
#r 0 4.1627429085
-46096101 -27803540
#r 0 1.0130741892
-42785806 -22496716
#r 1 -42938545 -22678136
133207554 429148051
#r 0 3.8258543721
94463258 397542996
#r 0 4.2339452770
71443349 353157370
#r 0 4.3910236536
55650235 305717118
#r 0 3.0076158577
6098309 312395935
#r 0 3.1383113898
-43901422 312559998
#r 0 0.0363950479
-18917978 313469673
#r 0 6.1360448989
-6533602 311634165
#r 0 2.9870076614
-12718786 312597991
#r 0 2.8982997402
-15756693 313352029
#r 1 -15197325 313144717
420725815 -425022251
#r 0 3.1835345188
370769787 -427118729
#r 0 3.4856042999
323699324 -443982049
#r 0 1.7263555029
315952697 -394585796
#r 0 2.2333672637
285195405 -355165129
#r 0 2.1673327658
257106380 -313800812
#r 0 2.3846493371
220759458 -279465680
#r 0 5.4815495199
238147766 -297428050
#r 0 5.5205456110
247203483 -306080683
#r 0 5.6906568433
252411522 -309586859
#r 1 252501486 -309759567
-984543034 144270826
#r 0 5.5934900443
-945971036 112455720
#r 0 5.5566858075
-908595826 79242866
#r 0 5.6910896925
-867107179 51337809
#r 0 2.5067391818
-887236144 66164298
#r 0 5.6113950594
-877452285 58384445
#r 0 5.6766332759
-872310170 54816851
#r 0 2.5827690836
-874963405 56475951
#r 1 -874687551 56248273
366737756 485628537
#r 0 4.8726515757
374716628 436269266
#r 0 1.9140418782
366303001 459810950
#r 0 5.0435304591
370367035 447990052
#r 0 5.1234606765
372864850 442259881
#r 0 1.9540175957
371696210 445158633
#r 1 371372583 445848561
-649282821 -270779598
#r 0 5.2812658884
-622348512 -312904923
#r 0 5.3244023432
-593622685 -353829571
#r 0 0.0577724737
-543706103 -350942554
#r 0 1.7395619405
-552104384 -301652911
#r 0 3.8686928757
-570782010 -318270561
#r 0 0.2435107396
-558650792 -315256670
#r 0 5.3997897251
-558650792 -315256670
#r 0 1.7270783562
-558650792 -315256670
#r 0 0.2891371364
-551415656 -313104410
#r 0 3.7837013530
-554438194 -315364745
#r 0 3.8491780828
-556039368 -316734291
#r 0 3.7403900437
-557278588 -317579901
#r 0 3.8352780609
-558315908 -318442485
#r 0 5.4386123992
-558315908 -318442485
#r 0 3.8365274303
-559546153 -319468099
#r 0 1.1999251557
-559255906 -318721706
#r 0 3.7758461874
-559578450 -318958985
#r 0 3.7908936471
-559781613 -319113207
#r 0 6.2442269123
-559654177 -319118174
#r 0 3.7932029365
-559704878 -319156846
#r 0 5.5585165275
411724544 245564399
#r 0 0.8477648355
444807581 283054567
#r 0 6.1541079212
494391635 276618604
#r 0 5.5374588141
531121393 242693321
#r 0 0.0156382388
581115279 243475201
#r 0 1.5895544461
580177428 293466405
#r 0 5.6983206512
601022098 279664242
#r 0 5.8183453686
619482283 270406620
#r 0 5.6800663499
638784992 257112355
#r 0 5.7865435598
664835397 242994340
#r 0 2.7179460646
651330065 249084617
#r 0 5.8720427047
658120278 246124150
#r 1 658707959 245756017
795592083 -315379132
#r 0 5.7234592515
837962113 -341926836
#r 0 5.7712457315
881551913 -366420290
#r 0 2.6839071836
859124973 -355373466
#r 0 5.8135595175
870271693 -361030373
#r 0 5.8556342109
875959903 -363622265
#r 0 2.7733408108
873043994 -362497152
#r 1 872581841 -362173224
-521849662 466816098
#r 0 2.5629422165
-563709736 494160827
#r 0 5.2653689702
-550579101 472886749
#r 0 2.4692873520
-560358951 480671639
#r 0 4.0613626634
-560358951 480671639
#r 0 2.4856682361
-565866375 484910125
#r 0 2.5456704378
-569797113 487575822
#r 0 4.1180221832
-569797113 487575822
#r 0 2.5228064119
-573449554 490176645
#r 0 2.5148034190
-577711002 493262822
#r 0 2.5907816562
-583688500 496934331
#r 0 2.5321823150
-591958201 502706926
#r 0 3.9890740198
-591958201 502706926
#r 0 2.5751601518
-604410001 510625609
#r 0 2.5236455421
-622302590 523343918
#r 0 2.5392080889
-649270935 541888517
#r 0 2.4000043254
-685393307 574976839
#r 0 2.6859111841
-750978486 607118930
#r 0 5.8183368940
-718334595 590747956
#r 0 5.7864159498
-702280860 582044985
#r 0 2.7966185885
-710873429 585132667
#r 0 5.9027725393
-558514126 -706353026
#r 0 1.9226091299
-575744133 -659415548
#r 0 0.1571542927
-526360300 -651590138
#r 0 0.2072606205
-477430385 -641301142
#r 0 1.8907930975
-493158560 -593839320
#r 0 5.4363766572
-476599126 -612568579
#r 0 2.7053734978
-487928570 -607287133
#r 0 5.4278105013
-483828973 -612004737
#r 0 5.4767831754
-481319488 -614621918
#r 0 0.5960535576
-481319488 -614621918
#r 0 2.8042151853
-483030235 -614021807
#r 0 1.1401472129
-483030235 -614021807
#r 0 5.3952921502
-482458206 -614724999
#r 0 5.8809857839
-481932138 -614948782
#r 0 5.4567910460
-481696902 -615204142
#r 0 2.7434454992
-481856920 -615136837
#r 0 0.4871785099
-481780220 -615096204
#r 0 0.6179438945
-481724651 -615056705
#r 0 5.5214184391
-481724651 -615056705
#r 0 2.7473847542
-481756124 -615043613
#r 0 5.4868858410
-481744205 -615055795
#r 0 0.5811935913
-218018041 -776753981
#r 0 6.2658916558
-168025518 -777618620
#r 0 0.1897082428
-118922553 -768190001
#r 0 5.5359417811
-82244303 -802170966
#r 0 2.5328608907
-102753650 -787875279
#r 0 5.5991306894
-93065941 -795774536
#r 0 2.5068395045
-98098553 -792068419
#r 0 5.7281645424
-95442649 -793715171
#r 0 5.4969175692
-94331764 -794827989
#r 1 -94247487 -794911129
517252615 315449462
#r 0 3.2427781213
467508359 310398817
#r 0 1.2530271927
483130767 357895558
#r 0 0.7931606539
518210598 393524275
#r 0 2.1264630044
491835108 436001723
#r 0 1.4345279818
498627458 485538214
#r 0 2.6366814898
454866585 509724699
#r 0 0.8323626328
488523106 546700889
#r 0 3.6240105882
466376212 535102826
#r 0 3.5199164235
453428426 529956465
#r 0 3.6587295883
444613127 524942619
#r 0 3.4873902145
435981289 521832798
#r 1 435783948 521141849
-836634468 79323631
#r 0 1.0920225948
-813599911 123701657
#r 0 1.0509223075
-788761371 167095746
#r 0 3.0938924769
-813732935 168287798
#r 0 0.0380906882
-801242003 168763816
#r 0 0.9219866229
-797437836 173780335
#r 0 0.8992467140
-794030408 178067597
#r 0 0.8912306573
-790205802 182801353
#r 0 0.9683093644
-785736890 189298810
#r 0 0.9275254328
-779016520 198263602
#r 0 3.2550075413
-784582556 197629610
#r 0 0.6613683685
-782372130 199349985
#r 0 0.6640293126
-780983313 200436848
#r 0 0.6535799838
-779819801 201327946
#r 0 0.6683688580
-778576672 202309524
#r 0 0.7300192758
-777060358 203666553
#r 0 0.6698069899
-774808028 205450263
#r 0 0.7163797693
-771667501 208184666
#r 0 0.7330192763
-767079811 212315283
#r 1 -767187885 212129886
-478957491 -425697431
#r 0 0.1854019455
-429814379 -416480351
#r 0 1.0175531034
-403541909 -373939109
#r 0 4.9718905547
-397126938 -398102058
#r 0 0.1328328624
-397126938 -398102058
#r 0 0.6096916270
-397126938 -398102058
#r 0 5.4695829040
-384247938 -411728831
#r 0 5.9097256984
-362920131 -420086102
#r 0 5.9584012412
-331175619 -430774712
#r 0 5.3802095508
-300314261 -469903473
#r 0 5.1731853004
-269168658 -532641253
#r 0 0.7950906562
-269168658 -532641253
#r 0 0.9723794975
-249439705 -503705327
#r 0 5.0936392340
-242924246 -519958900
#r 0 5.3651056373
-234072746 -531537057
#r 0 4.9226312057
-230408732 -548707105
#r 0 0.0193683681
-230408732 -548707105
#r 0 5.3913701029
-217234024 -565033094
#r 0 5.3838746092
-198193706 -588992970
#r 0 4.9003901742
-189724960 -633507240
#r 0 4.8874111804
-178546259 -696723921
#r 0 5.8021804299
744680137 283363242
#r 0 1.6850667449
738979042 333037154
#r 0 4.7330267704
739494950 308042478
#r 0 4.7688938792
740207043 295453569
#r 0 4.7815335517
740652368 289023342
#r 0 5.0134509751
741682368 285706113
#r 0 3.0371143599
741682368 285706113
#r 0 4.7104568847
741678692 283803773
#r 0 4.2789814782
741041688 282427216
#r 0 1.7454594986
740909896 283174077
#r 0 2.0775815916
740668725 283608505
#r 0 2.0471060819
740432901 284065591
#r 0 4.7373715236
740439325 283808504
#r 0 4.1746451763
740361384 283677810
#r 0 4.6812928854
740356486 283520357
#r 0 4.7374834557
740360556 283358187
#r 0 4.7825981459
740374482 283160165
#r 0 4.7413460456
740382245 282892141
#r 0 4.7054324702
740379561 282506389
#r 0 3.9839025819
740000282 282081282
#r 0 4.6807845353
739973943 281248148
#r 0 1.6622526289
787479252 -388621533
#r 0 4.7104614905
787382878 -438621440
#r 0 4.5153295866
777593554 -487653767
#r 0 5.0770167029
795423630 -534366596
#r 0 1.9197044055
786876833 -510872932
#r 0 5.0896224387
791481206 -522494022
#r 0 5.0226051050
793390639 -528450467
#r 0 4.9837341591
794228988 -531463867
#r 0 5.1746867870
794928983 -532868593
#r 1 794824484 -532753770
734374273 161323653
#r 0 3.9933593899
701441533 123701391
#r 0 5.2566712777
727331744 80926434
#r 0 5.5356350525
763999570 46934221
#r 0 2.9275737750
739569939 52243941
#r 0 5.7938304423
750602892 46368234
#r 0 1.8973584515
748597963 52287925
#r 0 3.2114710985
748597963 52287925
#r 0 3.1944099139
748597963 52287925
#r 0 1.8973361551
747149997 56563457
#r 0 1.8448854762
745969277 60762834
#r 0 4.2280534700
744953710 58832591
#r 0 1.6557251459
744861202 59919211
#r 0 1.6586991372
744800071 60612857
#r 0 1.6565873892
744749568 61200081
#r 0 1.6196101755
744717956 61847166
#r 0 1.6610154188
744643366 62671684
#r 0 1.6395231889
744563563 63831024
#r 0 1.6644815237
744405706 65511064
#r 1 744381898 65118978
-835925574 -325109799
#r 0 5.0837209449
-817782727 -371702042
#r 0 5.0661120059
-800463090 -418606521
#r 0 5.0660242891
-783147568 -465512519
#r 0 5.0614667539
-766046001 -512496946
#r 0 6.2710469963
-716049684 -513103847
#r 0 2.7788627829
-739422976 -504233152
#r 0 2.7715200008
-752417425 -499191998
#r 0 2.7257146533
-761128818 -495344719
#r 0 2.7421136479
-769347936 -491874778
#r 0 2.7362191597
-778944052 -487756684
#r 0 5.8983284618
-774104762 -489716864
#r 1 -774616954 -489754601
191098699 -491490599
#r 0 3.5837073322
145906253 -512883188
#r 0 3.6178028755
101469324 -535803906
#r 0 3.5075107384
54779541 -553694243
#r 0 0.2489897497
79008587 -547533619
#r 0 3.4176701331
66981937 -550940916
#r 0 3.4503680500
61023156 -552841635
#r 0 0.3843770230
63922256 -551668958
#r 0 3.5007994988
62458409 -552218629
#r 1 62672385 -552099390
76967052 -918743877
#r 0 2.3021285358
43573963 -881529610
#r 0 2.2675693579
11486652 -843183756
#r 0 2.3725374115
-24441749 -808410922
#r 0 2.3574655711
-59841999 -773100551
#r 0 2.2801253342
-92408237 -735160597
#r 0 5.4517807702
-75562272 -753632560
#r 1 -76259541 -753777302
-458212991 -390070259
#r 0 0.1311923271
-408642660 -383529443
#r 0 0.7619929330
-372469580 -349011212
#r 0 1.2932335003
-358768951 -300924906
#r 0 4.9062265409
-353953301 -325456712
#r 0 5.1575101780
-347503168 -338977531
#r 0 6.2015974050
-334094330 -340073964
#r 0 0.9083336749
-321976959 -324540038
#r 0 4.8076042635
-321040452 -334345971
#r 0 2.4629961260
-324874554 -331254370
#r 0 4.8030062388
-324651702 -333706903
#r 0 0.3088087387
-324651702 -333706903
#r 0 1.9641307226
-325123630 -332569613
#r 0 1.3105547552
-324951407 -331922841
#r 0 4.8526635617
-324904617 -332254208
#r 0 6.2115645458
-324904617 -332254208
#r 0 0.3545472629
-324904617 -332254208
#r 0 1.3309308573
-324864865 -332091672
#r 0 6.2208433824
-324864865 -332091672
#r 0 6.2427160718
-324864865 -332091672
#r 0 2.4069411949
-324935256 -332028085
#r 0 0.7788938156
-561441965 -303326039
#r 0 5.2605308658
-535386853 -346000752
#r 0 2.1579456715
-549236603 -325187670
#r 0 5.4731212996
-540618453 -334241811
#r 0 0.2378437981
-534364507 -332725651
#r 0 2.1599172173
-534364507 -332725651
#r 0 1.1793818792
-531824809 -326571929
#r 0 2.1663333298
-537364968 -318395838
#r 0 5.4050966377
-534211343 -322195852
#r 0 1.2406555562
-533410926 -319860109
#r 0 5.1879153827
-532845746 -320957679
#r 0 5.4488978434
-532226653 -321640471
#r 0 0.9488184558
-532226653 -321640471
#r 0 2.1972157634
-532496817 -321267133
#r 0 0.7184392674
-532496817 -321267133
#r 0 1.7706984589
-532543123 -321038586
#r 0 1.7405225331
-532569579 -320884212
#r 0 0.9553684065
-532487090 -320767543
#r 0 5.3554177994
-532487090 -320767543
#r 0 6.2561861970
-532284195 -320773022
#r 0 6.2040126073
-531989555 -320796398
#r 0 1.1806758046
-143029320 -288205830
#r 0 5.6339684522
-103201445 -318433969
#r 0 5.6197662548
-63806878 -349224683
#r 1 -64616555 -349383865
-217724255 370576245
#r 0 6.1655996335
-168069517 364710500
#r 0 6.1749463906
-118362123 359309115
#r 0 4.3205964087
-137454411 313097812
#r 0 0.0735349131
-112521974 314934528
#r 0 5.4978604836
-96696737 299111612
#r 0 4.1418621899
-96696737 299111612
#r 0 0.2798017859
-65951994 307945798
#r 0 0.2205177822
-30149179 315971470
#r 0 0.1848359955
18155581 325003016
#r 0 0.2823784890
85749258 344614054
#r 0 3.4375364174
52088540 334350988
#r 0 0.2579412038
69101711 338839373
#r 0 3.3933877371
60581494 336647505
#r 0 0.2058497243
64887442 337546619
#r 0 0.3018612947
66991832 338201877
#r 1 66649276 338178673
231282029 -813119927
#r 0 3.0226198369
181635475 -807185310
#r 0 1.5067720509
184834502 -757287753
#r 0 2.0726489980
160781973 -713453111
#r 0 2.0900293776
135971252 -670043111
#r 0 3.5154564413
89425093 -688303863
#r 0 0.8849425439
105258442 -668956899
#r 0 3.4693117120
93423705 -672980453
#r 0 3.5528847768
86165783 -676146128
#r 0 0.6273966932
89370932 -673821962
#r 0 3.4817865070
87504815 -674482483
#r 0 3.5645418181
86531114 -674920760
#r 0 0.9519283334
86840834 -674485883
#r 0 3.5276620618
86593535 -674586402
#r 0 3.5041468588
86434523 -674646719
#r 0 3.5428859790
86300783 -674703467
#r 0 3.5648943287
86156431 -674768503
#r 0 3.5749394779
85972905 -674853416
#r 0 3.4921060905
85708871 -674949950
#r 0 3.5656226936
85333924 -675119207
#r 0 0.0623210540
85539214 -675106397
#r 0 0.5857854724
-173650117 941397434
#r 0 3.9539789214
-208038523 905100912
#r 0 5.9802156039
-160315789 890183114
#r 0 5.9498269033
-113068352 873822195
#r 0 3.6323510589
-135117743 862039823
#r 0 4.3720062804
-141423373 844235734
#r 0 5.5104649318
-141423373 844235734
#r 0 6.0240893681
-141423373 844235734
#r 0 4.6264188516
-143556234 819487560
#r 0 4.6807366009
-144705893 783178274
#r 0 3.4159192311
-144705893 783178274
#r 0 3.4389294812
-144705893 783178274
#r 0 6.0482672079
-144705893 783178274
#r 0 5.1698532926
-120825116 734669155
#r 0 5.4651228734
-65980477 676119248
#r 0 4.4769250729
-93267535 562382539
#r 0 4.4561030307
-135674734 400552998
#r 0 0.2963713748
-55674691 424982199
#r 0 3.8747760921
-86751484 396992360
#r 0 3.7384792808
-107036951 383206844
#r 0 3.8870540833
-119337640 371851406
#r 0 3.8402944776
-974261600 -135035256
#r 0 5.4525393384
-940541653 -171953614
#r 0 0.5890826395
-898969117 -144173688
#r 0 1.5814352408
-899501053 -94176518
#r 0 0.0892929760
-849700251 -89717800
#r 0 1.7182295802
-857045237 -40260230
#r 0 1.7318680110
-865064043 9092569
#r 0 1.2679410110
-850151704 56817009
#r 0 1.9835008235
-870206115 102618981
#r 0 1.8419936544
-883600375 150791523
#r 0 1.9816048283
-903567910 196631435
#r 0 5.0430954855
-895450127 172986107
#r 0 1.8205510930
-898539706 185098269
#r 0 5.0053114076
-896735010 179114494
#r 0 1.8510888907
-897599500 182117538
#r 0 4.9288495906
-897263916 180591502
#r 1 -897226235 180501873
-219071864 876570219
#r 0 4.4862987844
-230280311 827842704
#r 0 3.5740785656
-275676643 806886248
#r 0 4.6361402339
-279485387 757031524
#r 0 3.5122878924
-326089173 738918347
#r 0 6.2226298282
-301134996 737405385
#r 0 3.4533235649
-313032547 733571553
#r 0 4.6094229887
-313032547 733571553
#r 0 4.6375798449
-313032547 733571553
#r 0 3.4731907260
-319702737 731274930
#r 0 4.9168796623
-319702737 731274930
#r 0 4.6197258245
-319702737 731274930
#r 0 3.4949047777
-324375291 729551755
#r 0 6.1772007119
-321899179 729288338
#r 0 3.4518887670
-323084762 728908176
#r 0 4.9700108084
-323084762 728908176
#r 0 5.6484996029
-322583472 728539068
#r 0 6.1830117421
-322078654 728488329
#r 0 5.4254706873
-321810481 728178267
#r 0 3.4830766297
-321810481 728178267
#r 0 3.4777426100
-321810481 728178267
#r 0 3.4868587318
841216372 -245702053
#r 0 1.4860851059
845446869 -195881346
#r 0 1.4974327286
849111759 -146015841
#r 0 4.6057987408
846452046 -170873957
#r 0 4.6950105311
846234587 -183385858
#r 0 4.5327331347
845115955 -189545249
#r 0 1.4267954165
845565132 -186447573
#r 1 845632016 -186188777
-554460271 622376857
#r 0 3.3508362622
-603369687 611990854
#r 0 5.4792355159
-586022990 593988296
#r 0 3.2462238907
-598454628 592682791
#r 0 3.2527602024
-608355052 591577629
#r 0 3.2494194503
-618800621 590446931
#r 0 3.1754828575
-632043053 589997970
#r 0 3.1789048215
-650098742 589323960
#r 0 3.2321883410
-675960461 586974569
#r 0 3.2282515671
-714206616 583651877
#r 0 6.2612099471
-695016144 583230092
#r 0 3.1550455802
-704612829 583100981
#r 1 -705472179 583221393
-710372218 -603481641
#r 0 5.9748835189
-662729705 -618653688
#r 0 5.7512712120
-619637812 -644012883
#r 0 0.4720766169
-575106517 -621276045
#r 0 0.8564673327
-542350987 -583499395
#r 0 0.8534528096
-509481728 -545821659
#r 0 1.1421659963
-488700457 -500344865
#r 0 5.5176291607
-452650602 -534991769
#r 0 5.5957676544
-414006242 -566718941
#r 0 5.1476976952
-392921725 -612055936
#r 0 5.1520002879
-371642337 -657301794
#r 0 5.1592554255
-350035247 -702392077
#r 0 0.0403323921
-300075909 -700376004
#r 0 4.8479419251
-293318999 -749917342
#r 0 4.7898465223
-289449993 -799767425
#r 0 4.8508218729
-282550435 -849289098
#r 0 1.7064156601
-285930534 -824518654
#r 0 5.3583359124
-278406099 -834500280
#r 0 2.1912986332
-282040123 -829415365
#r 0 2.2385036652
-283976335 -826959892
#r 1 -284468755 -826179492
57367412 137137296
#r 0 5.7069461713
99293301 109893584
#r 0 5.8011344983
143595603 86713721
#r 0 2.9208677493
119202128 92187146
#r 0 5.7950553738
130242271 86324958
#r 0 5.7663222618
136049247 83024250
#r 0 0.8346891688
136049247 83024250
#r 0 5.7668652640
139701734 80950785
#r 0 5.7658494941
142724218 79230902
#r 0 5.7579857432
145983250 77342337
#r 0 0.9045514715
145983250 77342337
#r 0 6.2358192977
150813209 77113390
#r 0 6.0434680860
156646903 75687536
#r 0 2.8802903163
153746124 76463252
#r 0 6.2145880314
155243946 76360344
#r 0 2.9308442555
154509879 76517379
#r 0 5.7526307071
154833617 76327454
#r 0 5.7410812114
155009929 76221262
#r 0 5.7554479555
155127524 76152718
#r 0 5.7538332859
155230253 76092616
#r 0 5.7771009048
155347489 76027640
#r 0 5.7873562382
350298717 99524416
#r 0 3.7919275111
310504662 69251769
#r 0 3.8286476760
271848799 37538613
#r 0 3.8836068734
234993354 3749914
#r 0 0.8932234299
250665952 23227328
#r 0 5.4004701450
250665952 23227328
#r 0 5.3285230425
250665952 23227328
#r 0 5.3240048211
250665952 23227328
#r 0 5.3484766378
250665952 23227328
#r 0 5.3804025160
250665952 23227328
#r 0 5.2965182057
250665952 23227328
#r 0 5.3663924556
250665952 23227328
#r 0 5.3946490010
250665952 23227328
#r 0 5.3743127670
250665952 23227328
#r 0 5.3713392800
250665952 23227328
#r 0 5.3769304479
250665952 23227328
#r 0 5.3119781950
250665952 23227328
#r 0 5.3712669851
250665952 23227328
#r 0 5.3304748938
250665952 23227328
#r 0 5.3494571405
250665952 23227328
#r 0 5.3461374523
250665952 23227328
#r 0 5.3790079174
124361302 -505132095
#r 0 0.8051307821
159012150 -469086031
#r 0 3.8950455246
140778878 -486190058
#r 0 1.3331163717
143721983 -474041473
#r 0 2.0160856140
140260482 -466788584
#r 0 0.8016854579
140260482 -466788584
#r 0 3.9179890863
140260482 -466788584
#r 0 3.9437859676
140260482 -466788584
#r 0 1.3213947420
142591968 -457634897
#r 0 3.9730629427
139409678 -461124807
#r 0 1.3184251478
139999342 -458838128
#r 0 4.0099811466
139236516 -459739374
#r 0 2.1799936044
139236516 -459739374
#r 0 1.3401567992
139371475 -459164637
#r 0 0.6750137748
139647720 -458943517
#r 0 1.3457100288
139688684 -458764609
#r 0 2.1968417475
139595156 -458635262
#r 0 3.9151273185
139595156 -458635262
#r 0 1.3693966661
139640389 -458413713
#r 0 3.9720392881
139564125 -458497177
#r 0 3.9731085850
139516447 -458549468
#r 0 6.0375160653
-544744435 413022941
#r 0 5.6802398917
-503560988 384669392
#r 0 5.9398633209
-456478907 367838539
#r 0 4.9595771350
-444244979 319358326
#r 0 5.7801693698
-400438346 295254822
#r 0 5.0927098233
