701687785 -541700890
#r 0 1.3463578083
712815735 -492954929
#r 0 1.4910565953
716798498 -443113805
#r 0 1.4325944834
723686614 -393590539
#r 0 4.3971435226
715935368 -417358547
#r 0 1.0072719232
722612480 -406791325
#r 0 4.0773834751
718905093 -411823003
#r 0 0.9362684493
720757585 -409306279
#r 1 720588475 -409560935
-499127383 633119407
#r 0 0.8378040236
-465672561 670278187
#r 0 6.1060675535
-416454780 661468529
#r 0 6.2266783752
-366534585 658644686
#r 0 3.0033087399
-391295934 662090776
#r 0 3.3842737524
-403510478 659066941
#r 0 0.3192113215
-397536677 661041368
#r 1 -396913696 660592989
-483608482 -622730427
#r 0 2.4794037065
-523040895 -591988195
#r 0 0.9019738101
-492037764 -552760579
#r 0 5.9366156002
-445010593 -569744253
#r 0 2.3359187658
-462326225 -551711815
#r 0 0.9730560154
-453960547 -539424249
#r 0 2.0226083645
-462767825 -521275836
#r 0 1.2355348783
-455695857 -500978253
#r 0 2.6086161083
-482939804 -484906439
#r 0 1.1016903424
-467464490 -454373606
#r 0 2.8421569999
-483818249 -449324906
#r 0 2.4641171580
-497684284 -438169757
#r 0 0.7708442822
-491301480 -431970090
#r 0 2.9377220798
-495658387 -431069331
#r 0 2.8197691239
-499160739 -429901596
#r 0 3.6624249206
-502803387 -431991265
#r 0 2.5258293195
-506078371 -429674108
#r 0 3.6535131403
-511284384 -432599277
#r 0 3.6104487019
-517839742 -435919747
#r 0 1.7144707828
-518365813 -432283430
#r 0 0.6010203846
-515442674 -430279221
#r 0 0.5819258799
-400050622 -282770132
#r 0 2.7769476731
-446763143 -264939250
#r 0 4.9800233137
-440151875 -289049229
#r 0 3.6478537951
-457901087 -298890462
#r 0 2.5115868331
-482163822 -281199928
#r 0 0.1012890974
-467227151 -279681811
#r 0 1.6453331309
-468022204 -269034989
#r 0 5.2830911287
-465138367 -273527229
#r 0 2.6961257534
-467547003 -272377162
#r 0 2.7122467408
-469081700 -271674532
#r 0 5.0933518333
-468767909 -272457973
#r 0 3.9653066273
-469183620 -272906826
#r 0 2.6862937288
-469956097 -272528616
#r 0 5.3618218988
-469696033 -272871117
#r 0 2.7602972950
-469895614 -272791102
#r 0 2.7196158462
-470018482 -272735941
#r 0 5.3094960317
-469980619 -272791630
#r 0 6.0319024419
-469939451 -272802198
#r 0 4.0882616075
-469951870 -272819443
#r 0 2.6083731990
-469969094 -272809277
#r 0 2.3114996982
-469976205 -272801500
#r 0 2.6196716224
301295572 728310821
#r 0 1.8224128259
288847078 776736382
#r 0 4.3326828637
279580890 753517043
#r 0 1.7783115181
277005527 765748865
#r 0 5.5593532389
281688485 761609736
#r 0 5.5244182948
284722803 758732877
#r 0 4.0486025916
282466564 755848362
#r 0 2.8039815490
280716405 756462758
#r 0 5.0833432810
281052604 755598406
#r 0 5.3757492730
281494689 755032721
#r 0 1.7473279171
281431648 755386112
#r 0 5.4810960771
281556426 755257097
#r 0 4.3476143277
281514917 755148396
#r 0 4.4543965960
281499936 755091624
#r 0 4.6052293847
281496774 755062226
#r 0 6.1753357033
281511477 755060634
#r 0 1.7009459456
281510517 755067965
#r 0 4.6845732970
281510414 755064270
#r 0 4.5599151607
281510126 755062398
#r 0 3.8254579969
281509266 755061697
#r 0 4.0939190626
281508555 755060698
#r 0 1.6690831496
538670319 187274473
#r 0 1.9448768080
520399481 233816674
#r 0 4.3183732523
510801993 210732303
#r 0 0.1665268385
523129072 212804281
#r 0 5.4093663290
529929694 204680590
#r 0 1.9182590181
528125915 209661261
#r 0 2.0459346551
526775686 212285882
#r 0 2.3953563237
525423465 213536133
#r 0 0.2953479421
526304412 213804158
#r 0 0.2503845663
527074494 214001108
#r 0 1.1038154444
527466400 214778431
#r 0 3.8877360123
527146780 214482969
#r 0 1.1261155835
527240398 214679435
#r 0 4.6408387637
527232619 214570898
#r 0 0.2713471736
527285035 214585481
#r 0 0.0558167407
527336963 214588382
#r 0 1.2330302481
527358954 214650993
#r 0 5.5146168245
527382807 214627929
#r 0 0.1569906889
527412707 214632662
#r 0 1.1096728408
527432226 214671948
#r 0 1.9918324011
527406330 214729775
#r 0 3.3004736889
-356518068 -65592954
#r 0 1.6159760057
-358776284 -15643975
#r 0 6.0170916560
-334656147 -22218090
#r 0 0.3036060240
-311480468 -14957341
#r 0 5.5467944463
-286376316 -37714080
#r 0 3.8825376872
-298876442 -49149495
#r 0 0.5834367802
-291806881 -44482937
#r 0 6.1624475195
-287499447 -45005549
#r 0 0.7230324414
-284733627 -42564859
#r 0 0.7575549547
-282873241 -40805290
#r 0 0.6538308772
-281019039 -39384477
#r 0 6.2122536312
-278220269 -39583332
#r 0 3.3388798406
-279595967 -39858317
#r 0 0.7300924642
-279073304 -39390490
#r 0 1.9928390796
-279252425 -38991580
#r 0 6.2801517478
-279033787 -38992243
#r 0 6.2592896862
-278833743 -38997024
#r 0 1.9553267439
-278871274 -38904280
#r 0 6.2669395915
-278821256 -38905093
#r 0 0.7084571800
-278786031 -38874911
#r 0 5.4456530316
-278742158 -38923615
#r 0 0.7085268469
-276446552 932869643
#r 0 5.4153657060
-244121974 894723586
#r 0 2.3064518329
-260898806 913258362
#r 0 2.3326323977
-269536153 922312638
#r 0 5.6140692889
-264628608 918431671
#r 0 2.5305317104
-267190838 920226511
#r 0 5.5814278511
-265996271 919216747
#r 1 -265873054 919226648
-550539604 -271667289
#r 0 1.2104642991
-532910356 -224878299
#r 0 3.0776556278
-557859273 -223280962
#r 0 3.0557566033
-582237608 -221183268
#r 0 5.8786942114
-570990665 -225998053
#r 0 0.5474172743
-565265648 -222508327
#r 0 5.7286154807
-562100384 -224468925
#r 0 5.6373394245
-560341749 -225794356
#r 0 5.8137421901
-558766491 -226593430
#r 0 5.6757686626
-557356432 -227573535
#r 0 5.5949580273
-555687363 -228946111
#r 0 5.8311330906
-552958474 -230271229
#r 0 5.6593072206
-549494048 -232764853
#r 0 5.6952388191
-544232800 -236271925
#r 0 5.7267128018
-536239689 -241244010
#r 1 -536985455 -241237338
-618319202 -169265767
#r 0 4.2375074139
-641180858 -213733111
#r 0 4.8788054089
-632898390 -263042347
#r 0 1.8180350448
-639016579 -238802550
#r 0 1.6110050361
-639522322 -226231375
#r 0 1.6669385778
-640127461 -219956573
#r 1 -639950396 -219639024
755102565 -188650360
#r 0 0.4516861123
800088186 -166826201
#r 0 1.1787711730
819191222 -120619340
#r 0 1.7850261994
808561474 -71762320
#r 0 1.7278350296
800741772 -22377583
#r 0 4.8797467299
804906212 -47028291
#r 1 804540691 -47451678
380790345 -501424583
#r 0 2.8467445880
332948030 -486894859
#r 0 0.9577094548
347332901 -466447966
#r 0 2.4658093562
328450821 -451309997
#r 0 2.5440300080
298497868 -430925077
#r 0 1.5810157676
297944180 -376747116
#r 0 3.1698697024
223127662 -378863270
#r 0 3.0920737068
123401676 -373920904
#r 0 2.3751831001
19937483 -274313227
#r 0 1.5493681256
24505342 -61175423
#r 0 5.8366042762
120644993 -107211438
#r 0 3.7702901690
77538944 -138554783
#r 0 0.6316825613
99045091 -122818844
#r 0 0.6038525860
110013036 -115253073
#r 0 0.3479301127
116278981 -112980512
#r 0 3.4340096700
113087789 -113941211
#r 0 3.9542743981
111938572 -115154913
#r 1 112253460 -114706790
-579009961 358478730
#r 0 5.2018626707
-555501889 314349708
#r 0 5.8448200600
-510229551 293126715
#r 0 2.6771949815
-532581839 304323824
#r 0 2.6421772920
-543562556 310314284
#r 0 2.8639640616
-549622696 312041355
#r 0 3.1683784751
-552779624 311956774
#r 0 0.0464923573
-551202300 312030160
#r 1 -550775081 311979668
299350043 -849072587
#r 0 1.5028471629
302744887 -799187970
#r 0 2.5667418758
260781215 -772002492
#r 0 2.6225852328
217365618 -747201566
#r 0 2.5628463113
175508167 -719852823
#r 0 4.5925393831
172519095 -744673488
#r 0 4.5988277730
169974118 -766987688
#r 0 1.6199525286
169422344 -755771822
#r 0 4.8082236193
169959605 -761360773
#r 0 4.6061314647
169661215 -764158371
#r 1 169870061 -763316762
547958642 -796389549
#r 0 1.8846358447
532522998 -748831785
#r 0 1.3546673898
543245510 -699995039
#r 0 1.6492674321
539325980 -650148903
#r 0 2.5793608477
497022605 -623495114
#r 0 2.7675857444
450479060 -605227700
#r 0 3.1663017257
400494323 -606463028
#r 0 3.8558317116
362714728 -639215160
#r 0 1.1943471526
371905243 -615965765
#r 0 2.1272152208
363949469 -603174556
#r 0 3.1952083024
345629577 -604157731
#r 0 2.2436446049
328518198 -582685321
#r 0 0.6935043486
357664466 -558457641
#r 0 1.0561592359
373497770 -530457017
#r 0 2.5115771423
340911161 -506696866
#r 0 0.2486710841
360455429 -501734052
#r 0 2.5216734113
352249222 -495876567
#r 0 2.9471848936
344560539 -494362707
#r 0 2.7969801101
338507305 -492189989
#r 0 4.2677924463
335345108 -498827571
#r 0 1.5940066014
335259791 -495152389
#r 0 0.9657270842
120566706 -818818612
#r 0 1.9171504642
103593170 -771787781
#r 0 0.3168684014
127348566 -763997971
#r 0 0.3303381099
153474537 -755039305
#r 0 0.2798140729
187963159 -745128895
#r 0 0.0129216995
237890084 -744483718
#r 0 3.0704878149
212987623 -742710042
#r 0 3.4936248019
201187978 -747044443
#r 0 0.2777915484
207232295 -745320817
#r 0 0.4227778158
210113976 -744024324
#r 1 210730815 -743641999
137093106 -178832048
#r 0 3.9934764023
104164768 -216458164
#r 0 4.0537024457
73560833 -255998007
#r 0 0.8658450961
89760750 -236956928
#r 0 4.0379827239
81955329 -246720401
#r 1 81920578 -246451404
-671832205 450572368
#r 0 4.7091529108
-671994008 400572630
#r 0 5.5749914885
-634017110 368049482
#r 0 4.3346465331
-652458261 321574500
#r 0 4.2617813732
-674233890 276565368
#r 0 0.7535406282
-656002119 293670995
#r 0 3.9287698573
-664825214 284816450
#r 0 3.8832923742
-669438683 280589538
#r 0 3.6717020708
-672139108 279006916
#r 1 -671663421 279075174
-468532303 -84888903
#r 0 4.9557831890
-456482394 -133415181
#r 0 4.9316117905
-445608839 -182218519
#r 0 5.6197290871
-406215416 -213010698
#r 0 1.3294493884
-400240147 -188735275
#r 0 5.0723933793
-395836668 -200433966
#r 0 0.4479507074
-390203315 -197726971
#r 0 4.5962108895
-390565555 -200830904
#r 0 3.2520014871
-393192480 -201122124
#r 0 3.7407209564
-394320671 -201892518
#r 0 4.5821574168
-394457269 -202935468
#r 0 1.0277403115
-394185493 -202485203
#r 0 0.8005467092
-393973847 -202267045
#r 0 5.5722332219
-393780453 -202433593
#r 0 5.5517755516
-393495937 -202688935
#r 0 5.5114506917
-393085088 -203088708
#r 0 0.3672198840
-392282543 -202779994
#r 0 6.2213761110
-391173182 -202848650
#r 0 5.4953236738
-390013034 -204014528
#r 0 5.4621967228
-388376777 -205771606
#r 0 5.3954210926
-386136932 -208524311
#r 0 1.0013769381
242220329 -192797614
#r 0 4.4275304169
228169243 -240782684
#r 0 4.5247293122
218841235 -289904861
#r 0 0.2071146455
243306943 -284763934
#r 0 4.0797272802
235915776 -294844640
#r 0 4.2549486308
231990642 -302818262
#r 0 4.1904044064
227396044 -310806088
#r 0 0.1199008348
231970450 -310254969
#r 0 4.2596188090
230962659 -312326583
#r 0 4.2785344340
230147728 -314085573
#r 0 4.2595618304
229211244 -316010330
#r 0 4.2647092249
228018300 -318494612
#r 0 3.9308136693
225301554 -321232209
#r 0 4.3313009306
223323921 -326167964
#r 0 4.2048440895
219461797 -333112483
#r 0 4.3660309036
215443190 -344247234
#r 0 4.0093825525
203963325 -357793743
#r 0 4.5185682896
198906702 -383555411
#r 0 1.3212645958
202148324 -370835344
#r 0 4.4151891103
200226298 -377110921
#r 1 200368683 -377181820
474168597 127670696
#r 0 4.2668979602
452623546 82550736
#r 0 0.3802843183
475837524 91830348
#r 0 2.7824895825
464134870 96223281
#r 0 5.3959857093
468082280 91377619
#r 0 2.1098505276
466478141 94059476
#r 0 5.4450078236
467523170 92897875
#r 0 3.1130471927
466742239 92920173
#r 0 5.4762056711
467012427 92638064
#r 0 3.3258062116
466820421 92602288
#r 0 4.4639576408
466780175 92443634
#r 0 3.5091403707
466557116 92357746
#r 0 2.3647417262
466345992 92565292
#r 0 0.4845105472
466476982 92634239
#r 0 2.1482679113
466436578 92696250
#r 0 1.6955166623
466426674 92775249
#r 0 0.5291091936
466523758 92832016
#r 0 0.5593196055
466659603 92917055
#r 0 0.4966445036
466866767 93029328
#r 0 4.1646836518
466805417 92928747
#r 0 2.6334968642
466741516 92964331
#r 0 1.0711980929
595496296 -707793242
#r 0 2.9750536869
546188076 -699504732
#r 0 1.6501091475
542226591 -649661913
#r 0 1.8365342865
529095521 -601416965
#r 0 0.6967509836
567442082 -569330500
#r 0 3.0763806879
542495222 -567701356
#r 0 2.7357693707
525828241 -560539980
#r 0 1.7461176072
522251898 -540350614
#r 0 1.9424778442
511093360 -511724217
#r 0 0.4439705827
552399700 -492077260
#r 0 3.3237589605
529907747 -496220468
#r 0 3.0758237374
517744481 -495419348
#r 0 1.9113837959
514803374 -487120467
#r 0 1.4203911199
516667510 -474819973
#r 0 3.4428523847
510727186 -476665733
#r 0 1.6387445064
510516014 -473562674
#r 0 3.0898906683
507380874 -473400436
#r 0 1.5887241969
507296667 -468703940
#r 0 1.6244953949
506996362 -463116951
#r 0 1.6701034146
506243763 -455563373
#r 0 1.5995031716
505929512 -444619470
#r 0 0.8173468129
677928845 -196320030
#r 0 0.2949307392
725769959 -181786351
#r 0 0.2382502845
774357579 -169986216
#r 0 3.2830493946
749607287 -173510852
#r 0 0.3483234688
761356615 -169244322
#r 0 0.2049446246
767731410 -167919238
#r 0 0.2785307479
771068194 -166965037
#r 0 0.1898787484
773261193 -166543555
#r 0 0.2289863924
775020552 -166133494
#r 0 0.2057925611
776933980 -165734070
#r 0 0.4238717657
779199876 -164711642
#r 0 0.2124720627
782699485 -163956678
#r 0 0.4173823835
787404105 -161870478
#r 0 0.2076352168
794921495 -160286778
#r 0 0.2315963626
805986283 -157677393
#r 0 3.4544579159
800578064 -159426896
#r 0 0.2093423971
803358091 -158836265
#r 1 803656068 -158650366
134234208 -184258840
#r 0 4.7369172906
135460501 -234243800
#r 0 2.0829534524
123209033 -212451565
#r 0 2.9477542624
108356578 -209535981
#r 0 6.2044089356
115901067 -210131541
#r 0 4.6568147639
115688122 -213959317
#r 0 3.4990832952
112095319 -215301375
#r 0 3.4969630325
106717120 -217297367
#r 0 1.5778341242
106696934 -214429120
#r 0 4.6760533308
106644834 -215862332
#r 0 3.3525089330
105942328 -216012739
#r 0 4.5645429189
105831833 -216754651
#r 0 1.1165221866
105996407 -216417641
#r 0 4.6382657477
105982520 -216604649
#r 0 6.0685794420
106086390 -216627289
#r 0 0.0876501298
106228164 -216614831
#r 0 4.6192598759
106221547 -216685683
#r 0 4.0793331937
106177995 -216745034
#r 0 4.6817712658
106175712 -216819590
#r 0 1.2022870532
106189147 -216784799
#r 0 2.2626617139
106175973 -216768898
#r 0 6.1655777949
-222667336 -46611794
#r 0 0.1320777284
-173102816 -40027091
#r 0 2.0125134743
-183790126 -17426619
#r 0 2.1074269166
-196216625 3463212
#r 0 2.0547586653
-209391704 28527208
#r 0 4.9174600668
-206508631 14665948
#r 0 1.7572526153
-207820912 21622209
#r 1 -207737791 21459142
219528894 970092025
#r 0 5.8117168930
264074009 947382276
#r 0 4.4937756448
253230200 898572320
#r 0 5.2582895508
279189599 855839316
#r 0 2.1535876767
265430683 876712558
#r 1 264849973 877129282
-384209398 -106897359
#r 0 3.5330160343
-430427747 -125972585
#r 0 4.7601217251
-428042016 -175915635
#r 0 4.7871568890
-424307103 -225775944
#r 0 4.8002422361
-419920089 -275583113
#r 0 6.0054981848
-371835487 -289289718
#r 0 4.0707550731
-386798116 -309317690
#r 0 4.1730844245
-398937341 -329600957
#r 0 4.2275564581
-412441436 -355236677
#r 0 3.7685588122
-444835453 -378705440
#r 0 0.6607557970
-429044116 -366430570
#r 0 0.5424338795
-420469380 -361262209
#r 0 0.5621638121
-416222923 -358587077
#r 0 0.7444334238
-414365044 -356875502
#r 1 -414017838 -356451805
615373946 -411111791
#r 0 0.2260897989
664101465 -399903363
#r 0 2.6351300062
642239818 -387776189
#r 0 2.1259275762
632862072 -372655368
#r 0 3.1243060268
611742190 -372290240
#r 0 0.7725154062
619305899 -364918946
#r 0 0.0435938995
627102683 -364578838
#r 0 2.5049720646
623964969 -362259113
#r 0 0.0015110421
625916016 -362256165
#r 0 2.6500151450
625056004 -361795701
#r 0 1.9110198816
624858226 -361236988
#r 0 2.5103945497
624310281 -360836467
#r 0 2.5548081920
623700745 -360431181
#r 0 2.2340046238
623132216 -359703472
#r 0 0.0880431455
623592159 -359662872
#r 0 2.5827431796
623396416 -359540465
#r 0 1.4879353921
623409263 -359385779
#r 0 2.7493394495
623214508 -359305211
#r 0 0.7594332144
623290933 -359232655
#r 0 2.4745111522
623249538 -359200056
#r 0 0.0406068879
623275861 -359198987
#r 0 1.4538936086
326662212 790338362
#r 0 5.3456705370
356251870 750033870
#r 0 2.4003804751
337810604 766913434
#r 0 5.4718323638
346417077 757848193
#r 0 3.8150760654
341531742 753949990
#r 0 5.9168454577
344449381 752830614
#r 0 5.4639862863
346289412 750861791
#r 0 5.7967840651
349377990 749228630
#r 0 6.1842677393
353912683 748778600
#r 0 4.7873110748
354353042 742912044
#r 0 5.3515970258
359398015 736124905
#r 0 4.7265245714
359576868 723473047
#r 0 4.2241407140
350943922 707219435
#r 0 4.8808739392
355205798 682163952
#r 0 5.6412643419
385719007 659354293
#r 0 5.6167777060
427397481 626577361
#r 0 3.4855226573
402438651 617637986
#r 0 3.8569893644
385476741 602898828
#r 0 2.8594733783
358364669 610757269
#r 0 0.0687657078
372445308 611727063
#r 0 4.8358342539
373414373 603916819
#r 0 0.1608306775
340630368 -61653550
#r 0 5.4039303453
372516628 -100166748
#r 0 4.7424920580
374021555 -150144095
#r 0 4.6715926677
371982305 -200102492
#r 0 4.5551768128
364154037 -249485872
#r 0 1.2620020690
371751791 -225668355
#r 0 4.2697997912
366398284 -236963927
#r 0 0.9650373973
369956947 -231825989
#r 0 4.0653067556
368073007 -234319258
#r 1 368226937 -234450074
-936931568 -253662529
#r 0 0.7700870292
-901039064 -218852643
#r 0 5.9715725114
-853447047 -234182351
#r 0 2.2282850417
-868725323 -214394115
#r 0 2.3245352391
-879887351 -202501966
#r 0 2.2633177568
-888422106 -192213971
#r 0 2.3564353124
-898845786 -181795310
#r 0 2.1098836177
-908374177 -165866598
#r 0 5.2248237940
-903823919 -173955088
#r 0 5.4551548284
-900683345 -177375543
#r 1 -901535167 -177002142
-55698254 -527054964
#r 0 0.4225502355
-10095950 -506550578
#r 0 2.4973338592
-30084578 -491535429
#r 0 0.3421601161
-18309178 -487341395
#r 0 0.2502478180
-8188860 -484754582
#r 0 0.1870798226
2559894 -482719914
#r 0 0.3470770714
15246809 -478130808
#r 0 0.1637786869
34031063 -475026542
#r 0 0.2230099171
60474885 -469029560
#r 0 0.1844353900
99759815 -461700740
#r 0 3.4791588957
80906143 -468318396
#r 0 0.3733931341
90208409 -464674029
#r 1 90107735 -464065583
-176767589 -188188183
#r 0 2.0837083221
-201303419 -144622221
#r 0 0.7290056579
-164011562 -111315804
#r 0 4.1645240759
-177033207 -132656768
#r 0 0.7003713030
-167475671 -124600498
#r 0 4.1267614812
-170930186 -129809031
#r 0 0.7845116273
-168718520 -127601283
#r 0 0.6447704228
-167420566 -126625241
#r 0 1.0194519705
-166890056 -125762563
#r 0 0.5994234627
-166352847 -125395493
#r 0 4.0739032014
-166546731 -125656725
#r 0 0.9528873463
-166452497 -125524142
#r 0 0.9237299473
-166403447 -125459225
#r 0 0.6517410983
-166371099 -125434545
#r 0 0.6221704210
-166353585 -125421984
#r 0 0.0548373146
-166340355 -125421258
#r 0 4.5741423084
-166341268 -125427819
#r 0 0.7564475682
-166338859 -125425546
#r 0 0.6072301784
-166336995 -125424251
#r 0 4.0125818226
-166337725 -125425118
#r 0 1.0988807359
-166337468 -125424614
#r 0 1.2556630622
133207554 429148051
#r 0 2.1828526361
104479969 470071466
#r 0 3.1218638065
54489699 471057844
#r 0 1.5788360867
54087715 521056228
#r 0 1.8936438242
38224304 568473020
#r 0 4.9950916015
45198104 544465395
#r 0 1.6734250560
43917496 556899623
#r 0 4.7860819874
44377660 550666587
#r 1 44177353 550719312
420725815 -425022251
#r 0 1.1807153812
439738979 -378778337
#r 0 0.1019553748
489479332 -373689395
#r 0 1.5642096681
489808663 -323690480
#r 0 1.4157362273
497530637 -274290367
#r 0 2.2170635351
467420108 -234373503
#r 0 3.6610248517
424015050 -259192868
#r 0 1.1287102076
434710698 -236596341
#r 0 5.8406374253
449523934 -243616287
#r 0 0.8746294245
455982293 -235888731
#r 0 0.3010195012
461491765 -234178295
#r 0 5.4470208767
463479768 -236379132
#r 0 0.2571927053
465617755 -235816803
#r 0 5.5270350191
466457642 -236608943
#r 0 5.4541731841
467279795 -237506131
#r 0 5.3884839362
468260901 -238729115
#r 0 3.5026012886
467527492 -239006017
#r 0 5.4957345645
467804087 -239283750
#r 0 5.3665142939
468022690 -239568859
#r 0 5.4399461854
468312942 -239894791
#r 0 5.5231197932
468735798 -240296748
#r 0 5.4374455750
-984543034 144270826
#r 0 0.0923756813
-934756214 148883044
#r 0 5.6068713788
-895761954 117586915
#r 0 0.3857588054
-849436295 136400029
#r 0 0.0307848734
-799459986 137939030
#r 0 4.9155750191
-789370444 88967598
#r 0 0.1024057132
-739632388 94078939
#r 0 5.3307827967
-710646029 53338406
#r 0 4.4629519015
-722988954 4885829
#r 0 4.5989850639
-728647004 -44793004
#r 0 1.4664065654
-726041997 -19929097
#r 0 1.3240954619
-722989173 -7806570
#r 0 4.3609616287
-725140837 -13675061
#r 1 -725201217 -13285806
366737756 485628537
#r 0 1.0503328014
391601873 529007975
#r 0 3.9935333946
375138777 510193980
#r 0 0.8425426101
383458368 519523202
#r 0 0.6836372268
388304298 523471157
#r 0 3.8082239665
385848116 521538668
#r 1 385537033 521294491
-649282821 -270779598
#r 0 4.8764965051
-641114225 -320107826
#r 0 2.5899756769
-662406181 -307006200
#r 0 2.5903742832
-678817942 -296916531
#r 0 2.5308120440
-694972312 -285607157
#r 0 2.6618592790
-716278783 -274521997
#r 0 2.5467823474
-744066899 -255722086
#r 0 2.6506452869
-786385397 -233098377
#r 0 5.7990777633
-765149273 -244265242
#r 0 5.6364346059
-755575001 -251494678
#r 0 5.9737535447
-749736139 -253361368
#r 0 5.9416596955
-746842924 -254389774
#r 0 5.9739498174
-745376361 -254858318
#r 1 -745892187 -254702220
411724544 245564399
#r 0 1.6015474913
410187228 295540760
#r 0 6.0963789183
434752286 290897715
#r 0 1.6209298334
434125880 303382009
#r 0 1.7637384151
431710808 315743379
#r 0 3.7642951296
426595283 312070449
#r 0 3.8938786095
422397855 308142179
#r 0 0.9847708288
423987577 310537008
#r 0 0.9656619233
424848041 311780991
#r 0 2.4177204394
424184562 312367468
#r 0 1.3922463912
424400256 313562635
#r 0 2.4440521374
423383136 314415076
#r 0 2.4375182541
421867545 315702233
#r 0 1.6239366277
421709217 318678853
#r 0 1.6375344864
421435175 322778982
#r 0 3.4053282630
419451580 322243361
#r 0 0.8030666638
420165057 322982506
#r 0 6.2273587483
420807215 322946619
#r 0 6.1461761329
421129145 322902234
#r 0 1.7248885452
421104206 323062796
#r 0 0.8195997387
421213034 323179335
#r 0 1.6703395311
795592083 -315379132
#r 0 5.8576147302
841132249 -336021159
#r 0 5.7082880235
883094657 -363208588
#r 0 2.0933443549
870617414 -341544831
#r 0 3.3585360062
855969944 -344773311
#r 0 2.7693725084
847946442 -341640779
#r 0 5.9114476831
851958948 -343205109
#r 0 5.8988472922
853955187 -344012491
#r 1 854610201 -344300241
-521849662 466816098
#r 0 2.2501215427
-553263071 505715940
#r 0 2.1923140897
-582376559 546365722
#r 0 2.3375024103
-617064895 582375711
#r 0 2.1774066927
-645569188 623454967
#r 0 2.1863149755
-674438291 664278672
#r 0 2.2335803835
-705203984 703692783
#r 0 5.3015604298
-691312175 682907749
#r 0 1.6953757674
-692865393 695310873
#r 0 4.8363229718
-692092787 689108811
#r 0 4.8126564345
-691779976 685999506
#r 0 4.7536289971
-691715517 684437362
#r 1 -691636511 684336664
-558514126 -706353026
#r 0 1.8855382171
-573992679 -658809210
#r 0 0.9124983754
-543404111 -619257478
#r 0 6.0558373828
-494690732 -630527202
#r 0 5.9766995998
-447020744 -645612701
#r 0 6.0293843990
-398622491 -658166947
#r 0 5.9572432869
-351255015 -674177015
#r 0 6.0000857266
-303245303 -688143674
#r 0 2.8510701486
-327197661 -680982352
#r 0 2.8725967221
-339248802 -677660124
#r 0 6.0328079244
-333193351 -679208769
#r 1 -333351045 -679560144
-218018041 -776753981
#r 0 2.6159708389
-261268647 -751666432
#r 0 1.3496710780
-250302266 -702883869
#r 0 1.4291409917
-243243163 -653384687
#r 0 1.4854233785
-238979699 -603566790
#r 0 4.6393071592
-240805119 -628500057
#r 0 4.6512839501
-241568572 -640978612
#r 0 1.4601620032
-240878413 -634765886
#r 1 -240923663 -635717572
517252615 315449462
#r 0 6.0069099363
565356520 301810754
#r 0 6.1118997206
614624843 293288291
#r 0 6.1277901274
664022365 285549765
#r 0 6.0764131326
712957300 275284670
#r 0 4.1226767039
699054252 254507152
#r 0 0.9042042631
706783141 264331319
#r 0 4.0899392568
703139222 259253491
#r 0 1.0726628378
704632305 261998727
#r 1 704729757 261912302
-836634468 79323631
#r 0 5.1377520877
-816001890 33779183
#r 0 6.2578003019
-766017999 32510069
#r 0 6.1299741963
-716603693 24879448
#r 0 6.0394092982
-668082019 12811013
#r 0 6.2751005863
-618083653 12406781
#r 0 0.6105657176
-577117463 41073334
#r 0 6.2140440200
-527236928 37619023
#r 0 0.5275634829
-484035116 62790503
#r 0 5.6342837702
-444197711 32574924
#r 0 5.1248020869
-424156647 -13232889
#r 0 0.5345910289
-402644721 -495660
#r 0 5.1067323977
-397842195 -12036272
#r 0 1.4378881928
-397013963 -5841394
#r 0 1.4207436251
-396433629 -2002932
#r 0 1.3109863152
-395612668 1085498
#r 0 1.3416762432
-394794168 4595129
#r 0 4.0962512868
-395835466 3124565
#r 0 5.0483776721
-395497323 2156311
#r 0 1.3172201493
-395368678 2652712
#r 0 1.3954852510
-395310796 2979489
#r 0 1.0352309885
-478957491 -425697431
#r 0 3.5461853273
-524920632 -445379649
#r 0 3.6115417371
-569500199 -468021693
#r 0 2.3662021570
-605207586 -433021943
#r 0 2.0836969258
-629742920 -389455701
#r 0 3.0310698107
-679437848 -383940803
#r 0 6.1368901127
-654704901 -387585151
#r 0 6.1665642556
-642273932 -389041472
#r 0 6.2705852790
-636005502 -389120459
#r 0 6.2663047217
-632870175 -389173390
#r 1 -633691774 -389212902
744680137 283363242
#r 0 5.4240851967
777336096 245500485
#r 0 2.2664452458
761314003 264691435
#r 0 2.2049909991
753905484 274763391
#r 0 5.4470303174
758096068 270124253
#r 0 5.1797080681
759518351 267305607
#r 1 759292383 267517440
787479252 -388621533
#r 0 2.8166036056
740096541 -372656613
#r 0 2.7320674219
694231043 -352747920
#r 0 1.4840120388
698564813 -302936090
#r 0 1.4039232966
706869795 -253630641
#r 0 0.5730284484
748882938 -226521680
#r 0 2.1704753639
734773500 -205883761
#r 0 0.6053944425
757510560 -190147771
#r 0 3.4857017710
744495412 -194811969
#r 0 3.4421810075
737458578 -196993254
#r 0 3.4876489262
733090295 -198568307
#r 0 2.4417430600
730219249 -196150797
#r 0 2.2234336610
726956380 -191882117
#r 0 2.0132849381
723523154 -184636339
#r 0 0.3838204824
727240462 -183135106
#r 0 0.3141142488
731402166 -181783093
#r 0 0.3570476087
736571354 -179854800
#r 0 3.6242013133
734127849 -181135028
#r 0 0.5103955932
735331345 -180461217
#r 0 3.5795827747
734706802 -180753708
#r 0 3.4494238523
734376473 -180858732
#r 0 3.4411664333
734374273 161323653
#r 0 5.1552389233
755800084 116146949
#r 0 1.5550092660
756194744 141143833
#r 0 2.3799858459
745439659 151398962
#r 0 4.2815313501
742336378 144647701
#r 0 1.7169106872
741795468 148323280
#r 0 1.6452735392
741618055 150700991
#r 0 2.5427340181
740013665 151795927
#r 0 0.8204780049
740675901 152506335
#r 0 2.3576535318
739954876 153225259
#r 0 0.8138166640
740992842 154323962
#r 0 0.8258345834
742239079 155675292
#r 0 0.8504839134
743892388 157559145
#r 0 3.9843772960
743058506 156623611
#r 0 2.5463444241
742539633 156974983
#r 0 0.8506358625
742746272 157210509
#r 0 0.8312422110
742970290 157456070
#r 0 1.5888776006
742962722 157874562
#r 0 0.8436368683
743379724 158343201
#r 0 0.7411533534
744024957 158933723
#r 0 5.2462845471
744247512 158557253
#r 0 2.6126688471
-835925574 -325109799
#r 0 6.2595038523
-785939594 -326293761
#r 0 5.3328713757
-756868209 -366973665
#r 0 5.3546275607
-726918734 -407011509
#r 0 5.4468110195
-693410819 -444122419
#r 0 5.2848363500
-666326275 -486151308
#r 0 5.5175225782
-630280113 -520802054
#r 0 2.2463102937
-645912575 -501292413
#r 0 4.8826352062
-643794762 -513611701
#r 0 1.6681783038
-644402438 -507391314
#r 0 1.8411930901
-645241587 -504363922
#r 1 -645006243 -505038720
191098699 -491490599
#r 0 2.0217696223
169306613 -446489433
#r 0 2.3058809305
135774117 -409400732
#r 0 5.4723198950
152995901 -427522822
#r 0 2.0882404044
146812646 -416659244
#r 0 5.2423252262
149971885 -422051989
#r 0 5.1306220572
151241290 -424908084
#r 1 151420515 -425049443
76967052 -918743877
#r 0 0.8288377947
110753699 -881886551
#r 0 1.8420855152
97355014 -833715240
#r 0 1.4942068776
101180744 -783861817
#r 0 1.7460214328
92464254 -734627451
#r 0 2.0828130896
67967435 -691039541
#r 0 2.4153817684
30582640 -657837476
#r 0 1.0892263712
53741197 -613524033
#r 0 2.3762560300
17683737 -578885043
#r 0 1.8021472648
6219103 -530217167
#r 0 0.4350931133
51560643 -509142425
#r 0 0.7815433299
87052008 -473923637
#r 0 2.1930843921
57907216 -433296293
#r 0 1.8062738858
46241846 -384676141
#r 0 2.8873909530
-2151372 -372102499
#r 0 1.1935618261
7057399 -348860327
#r 0 0.8084171918
25389389 -329664326
#r 0 1.3414561454
32076599 -301018866
#r 0 1.0060659899
54781433 -265181889
#r 0 1.9382549566
33262844 -209281080
#r 0 2.1275927315
-13209317 -134626485
#r 0 3.6957399391
-458212991 -390070259
#r 0 0.5449016074
-415454076 -364153562
#r 0 1.4143250842
-407662399 -314764395
#r 0 0.0860174698
-357847260 -310468823
#r 0 0.0314785185
-307872030 -308895157
#r 0 0.3270909024
-260522979 -292830680
#r 0 3.5344782925
-283618182 -302402075
#r 0 3.3393186645
-295927554 -304868180
#r 0 0.2437047303
-289836048 -303353546
#r 0 3.3093619098
-292930476 -303877622
#r 1 -292733361 -304059904
-561441965 -303326039
#r 0 1.1650332802
-541705967 -257385965
#r 0 0.5695311496
-499598273 -230424102
#r 0 6.2074780431
-449741494 -234205850
#r 0 0.5771811887
-407841289 -206922653
#r 0 0.4843985113
-363593529 -183638845
#r 0 0.4360748099
-318272700 -162519601
#r 0 0.4545808388
-273350442 -140565313
#r 0 6.1040782017
-224150284 -149472865
#r 0 0.5061495845
-180419398 -125232205
#r 0 0.9898547088
-152978832 -83434893
#r 0 0.8151342798
-118690299 -47044008
#r 0 0.1309777403
-69118565 -40513829
#r 0 0.0347547776
-19148759 -38776440
#r 0 2.0355041779
-30352800 -16427627
#r 0 3.8757535350
-39632714 -24802182
#r 0 3.8452952859
-49085825 -32824448
#r 0 3.9487523090
-59639962 -43848227
#r 0 0.8504159636
-54606179 -38113298
#r 0 4.3095158817
-56102047 -41623209
#r 0 1.2175392376
-55442072 -39833319
#r 1 -55374182 -39662262
-143029320 -288205830
#r 0 1.1497378970
-122592987 -242572988
#r 0 1.2934412790
-108902350 -194483837
#r 0 1.3175893355
-96376851 -146078136
#r 0 1.3202272014
-83979083 -97639563
#r 0 1.2800880992
-69647543 -49737507
#r 0 1.4351015210
-62883605 -197128
#r 0 1.3901450453
-53900090 48989216
#r 0 4.6024707970
-56642514 24140090
#r 0 1.5893592643
-56874537 36637935
#r 0 4.7391163689
-56707511 30390168
#r 0 5.0447482822
-55687837 27435987
#r 0 2.0336043547
-56385481 28834208
#r 1 -56315982 28931903
-217724255 370576245
#r 0 4.1721697476
-243440456 327696448
#r 0 0.6179642396
-223063966 342180875
#r 0 0.5261263029
-210571197 349435741
#r 0 1.8686945037
-213846473 360103184
#r 0 4.1522116128
-216811047 355376479
#r 0 0.4371738163
-214283684 356557598
#r 0 0.3363109579
-212597531 357147063
#r 0 0.5379404388
-211219586 357969191
#r 0 0.2193182627
-209567899 358337358
#r 0 0.4141842680
-207449266 359268741
#r 0 0.5916358477
-204771841 361067776
#r 0 0.4485336856
-200660307 363046443
#r 0 0.1893990810
-194025783 364318260
#r 0 0.4778932913
-185028947 368978046
#r 0 0.5636405720
-172284478 377032967
#r 0 1.9880551485
-181377977 397546682
#r 0 0.4887307897
-159498873 409181091
#r 0 0.4393664368
-126362537 424755393
#r 0 0.2857706316
-74177770 440087934
#r 0 0.4877683932
-3087686 477803004
#r 0 4.0551201200
231282029 -813119927
#r 0 2.0375945534
208780561 -768469239
#r 0 1.8270514602
196107573 -720101942
#r 0 2.1439256411
168994374 -678091533
#r 0 1.5474563735
170161266 -628105151
#r 0 0.8843235165
201851911 -589430831
#r 0 2.1703010217
173640230 -548150072
#r 0 1.0284007222
199449692 -505326344
#r 0 0.6220688055
240083425 -476190460
#r 0 0.8384443002
273514448 -439010268
#r 0 1.3234623692
285755444 -390531840
#r 0 0.5421199523
328586285 -364734183
#r 0 0.5231133840
371899685 -339755204
#r 0 0.4875595509
416073623 -316331644
#r 0 1.4780127301
420706149 -266546710
#r 0 6.2184748910
470601500 -269779973
#r 0 0.0609540248
520508644 -266734159
#r 0 3.2719309762
495720695 -269983399
#r 0 4.2647657652
490284420 -281305976
#r 0 0.9896846867
493731850 -276056816
#r 0 1.2466514561
494749574 -273027838
#r 0 1.2498409521
-173650117 941397434
#r 0 0.2223764140
-124881312 952424841
#r 0 3.7554197743
-145317552 938024837
#r 0 4.9675644241
-141716523 924220499
#r 0 3.6838062218
-157246191 914864766
#r 0 3.6995522930
-170477744 906606811
#r 0 3.6977181701
-185312993 897385737
#r 0 5.8878524738
-177252901 894022240
#r 0 3.5533398980
-181254800 892274570
#r 0 5.5663014041
-179608803 890839969
#r 0 4.5066431158
-180013254 888902006
#r 0 5.9055280307
-177309759 887829533
#r 0 5.7709348186
-174610728 886311822
#r 0 3.5365419278
-176039780 885716118
#r 0 3.5916954741
-177149812 885179771
#r 0 3.6068270049
-178336035 884584305
#r 0 4.5427112831
-178623412 882906926
#r 0 3.5074076676
-181002292 881995681
#r 0 6.1163904246
-179746251 881784215
#r 0 5.8657046142
-179020517 881462313
#r 0 3.5206706553
-179389295 881315412
#r 0 5.9436992271
-974261600 -135035256
#r 0 0.4046542823
-928299672 -115350207
#r 0 0.5123277241
-884719382 -90839835
#r 0 6.1562346735
-835121753 -97170330
#r 0 6.1805318596
-785384965 -102293993
#r 0 1.1424348552
-764615921 -56811614
#r 0 0.4675263537
-719981629 -34277640
#r 0 0.4373597526
-674687974 -13100179
#r 0 0.9959778260
-647503851 28864371
#r 0 0.5863520043
-605855614 56530674
#r 0 0.5245125922
-562577207 81570233
#r 0 0.3850414399
-516238064 100350110
#r 0 0.3419867358
-469133551 117118082
#r 0 0.3086323197
-421496056 132305875
#r 0 0.3538860652
-374594401 149633159
#r 0 0.5453580099
-331847319 175569369
#r 0 3.7479920484
-352389953 161321556
#r 0 3.3207997028
-364735500 159085155
#r 0 0.0463244725
-358468993 159375655
#r 1 -358900393 158979440
-219071864 876570219
#r 0 3.6218809531
-263414952 853468475
#r 0 3.6340275368
-307474168 829829832
#r 0 5.6546923346
-287251308 815131673
#r 0 3.3286622775
-299533225 812806918
#r 0 3.3457283375
-308730208 810902965
#r 0 3.3778223712
-317951054 808683283
#r 0 3.3245587176
-329553901 806536345
#r 0 3.2697973466
-345469793 804484600
#r 0 3.3505432600
-367809714 799747517
#r 0 0.1617661699
-356540469 801586569
#r 0 2.3684214928
-360626511 805573893
#r 0 5.4751803600
-358654162 803510289
#r 0 5.5952261582
-357550182 802602916
#r 1 -357198290 802367949
841216372 -245702053
#r 0 1.2003994028
859315645 -199092866
#r 0 1.1920182519
877804917 -152637007
#r 0 1.1427209990
898560946 -107148687
#r 0 4.3154783009
888896670 -130205177
#r 0 1.0974458845
894595056 -119079604
#r 0 1.8093509780
893109591 -112971236
#r 0 4.8936780152
893676302 -116062923
#r 0 5.0852225044
894250639 -117531341
#r 1 894101472 -117277041
-554460271 622376857
#r 0 6.1103965431
-505204815 613780344
#r 0 0.1046070288
-455478131 619001162
#r 0 5.9444214812
-408319821 602385091
#r 0 6.1377306346
-358847816 595137975
#r 0 6.1632683242
-309206887 589156486
#r 0 6.1200946935
-259870378 581038057
#r 0 5.8671364705
-214135731 560830581
#r 0 5.8799009429
-168146879 541208514
#r 0 6.0094705731
-120008208 527693027
#r 0 5.9243326014
-73193190 510133014
#r 0 5.7446384264
-30270446 484488559
#r 0 5.8894277787
15903252 465305504
#r 0 2.8097380854
-7732741 473450428
#r 0 0.2082798625
4497109 476035143
#r 0 3.4361934836
-1483628 474220406
#r 0 3.2193770449
-4622294 473975773
#r 0 3.1587835731
-6199310 473948660
#r 1 -5762357 473908116
-710372218 -603481641
#r 0 0.8788396638
-678469966 -564981688
#r 0 0.2201843960
-629677106 -554061209
#r 0 0.8586853952
-597005448 -516211998
#r 0 0.8866480266
-565404788 -477464117
#r 0 0.1931418406
-516334487 -467866954
#r 0 0.1862804735
-467199492 -458606704
#r 0 0.4759397758
-422756365 -435698005
#r 0 0.1477488848
-373301116 -428337409
#r 0 0.8892449491
-341801187 -389507595
#r 0 0.9925559058
-314473624 -347636313
#r 0 1.0233176479
-288446820 -304944329
#r 0 1.0766686744
-264733628 -260925191
#r 0 0.7895041857
-229523756 -225424981
#r 0 0.8535596635
-196658523 -187743733
#r 0 0.9578507170
-167894556 -146845882
#r 0 6.0437261343
-119321237 -158704745
#r 0 1.1016016533
-96712830 -114108109
#r 0 1.0892725862
-73556321 -69793596
#r 0 6.0251064026
-25212217 -82554774
#r 0 0.7136406292
12586972 -49825256
#r 0 5.8725526241
57367412 137137296
#r 0 0.6220736663
98001004 166273377
#r 0 0.1339281769
147553255 172949785
#r 0 0.0916295990
197343502 177524857
#r 0 1.5359049799
199087715 227494425
#r 0 1.5229536001
201478939 277437213
#r 0 1.5945232661
200292703 327423139
#r 0 1.3981313459
208883118 376679659
#r 0 1.7185395216
201522803 426134950
#r 0 1.6112739347
199499475 476093995
#r 0 0.0011879219
224499457 476123693
#r 0 0.0323959438
251993208 477014691
#r 0 3.1731075640
238245946 476581304
#r 0 3.1532159052
231369360 476501372
#r 0 6.2780540261
234807840 476483728
#r 0 3.2003418281
233091544 476382781
#r 1 232959425 476338949
350298717 99524416
#r 0 1.3809093769
359736111 148625695
#r 0 1.4203187212
367231629 198060675
#r 0 1.9180694539
350214880 245075888
#r 0 0.0329352302
375201321 245899120
#r 0 1.4446444751
378252255 269955304
#r 0 1.3646375147
385696677 305552404
#r 0 1.4226638278
393745288 359488266
#r 0 1.3854565881
408818552 439882650
#r 0 1.4920826166
418465647 562188694
#r 0 0.1531087539
600172210 590229012
#r 0 2.9377382548
510147040 608839553
#r 0 0.0729727015
555989057 612190719
#r 0 6.2214388602
580612205 610668392
#r 0 3.0574858443
568320727 611704634
#r 0 0.6233241553
573328415 615304858
#r 0 6.0760240741
577553238 614416899
#r 0 6.0841696239
579924609 613938628
#r 0 5.4066887119
580993711 612654561
#r 0 0.0237030269
582004665 612678528
#r 0 6.1785737472
583220641 612550857
#r 0 6.1955812783
124361302 -505132095
#r 0 1.0664264036
148524098 -461358138
#r 0 1.2888312564
162436281 -413332612
#r 0 1.6543771397
158262104 -363507154
#r 0 0.2166424368
207093337 -352759566
#r 0 1.4521349355
213012493 -303111166
#r 0 0.1072500926
262725204 -297758936
#r 0 0.1216286381
312355822 -291692487
#r 0 0.0545178408
362281536 -288967945
#r 0 0.0917677717
412071151 -284385994
#r 0 0.2072726350
461000942 -274096410
#r 0 0.0807200485
510838137 -270064789
#r 0 3.2626042210
486020962 -273082700
#r 0 0.2451838783
498147120 -270048516
#r 0 3.3663767108
492054357 -271441615
#r 0 0.0879284530
495167283 -271167193
#r 1 495381460 -270927741
-544744435 413022941
#r 0 0.1621792520
-495400548 421096403
#r 0 0.0722277177
-445530912 424704650
#r 0 0.1974220748
-396502138 434511757
#r 0 0.3105300234
-348893551 449789925
#r 0 0.0387563193
-298931098 451727256
#r 0 0.2488794495
-250471646 464043160
#r 0 0.1810949711
-201289292 473048497
#r 0 0.1037647175
-151558228 478227427
#r 0 0.2263675733
-102833824 489449390
#r 0 0.2561710449
-54465462 502118311
#r 0 0.1106104629
-4771017 507637564
#r 0 0.1355948879
44770037 514396552
#r 0 0.1778658495
93981213 523243027
#r 0 0.2733193839
142125223 536739481
#r 0 0.2011707080
191116889 546730309
#r 0 0.0555980420
241039630 549508779
#r 0 3.1340600047
216040340 549697093
#r 0 3.2007446473
203512586 548955186
#r 0 3.4289654773
197473919 547170434
#r 0 3.1846822237
194290753 547033188
#r 1 194651290 546874636
-119196968 -904270036
#r 0 1.3169788256
-106641919 -855871991
#r 0 1.2534556799
-91039864 -808368561
#r 0 1.1949098454
-72685001 -761859433
#r 0 1.1740301887
-53363115 -715743658
#r 0 1.2533267397
-37754935 -668242240
#r 0 1.0064887004
-11013389 -625994285
#r 0 1.1673659013
8615395 -580008300
#r 0 1.0239190925
34616518 -537300670
#r 0 1.2343785927
51121906 -490103507
#r 0 0.9596095154
79813897 -449155129
#r 0 1.3526932031
90632801 -400339647
#r 0 1.0288804770
116421715 -357503542
#r 0 0.7870681588
151717962 -322089209
#r 0 1.1702095162
171215900 -276047593
#r 0 1.0223722238
