701687785 -541700890
#r 0 2.6797356162
656926459 -519420323
#r 0 1.0082215516
683594755 -477126092
#r 0 1.9553099118
664839341 -430777042
#r 0 2.9299391108
615955097 -420273200
#r 0 1.3829466289
625292440 -371152797
#r 0 1.3797471385
634786895 -322062520
#r 0 3.1447984191
584787152 -322222808
#r 0 0.0031421906
609787028 -322144253
#r 0 0.0002081803
622287028 -322141651
#r 0 3.1248467231
616037904 -322036994
#r 0 6.2648620061
619162379 -322094251
#r 0 6.2668851890
620724675 -322119719
#r 1 620719737 -322122417
-499127383 633119407
#r 0 5.3660322163
-468723248 593425723
#r 0 6.1142633804
-419434919 585019737
#r 0 4.2177383696
-443171128 541013006
#r 0 4.5995290832
-448802151 491331102
#r 0 5.6570941001
-408285942 462032009
#r 0 5.7182521418
-366054723 435264041
#r 0 1.3193002243
-353612059 483691101
#r 0 4.4658124608
-359714196 459447258
#r 0 4.4390058838
-363089158 447411180
#r 0 1.3035386032
-361438571 453439442
#r 1 -361147862 454342288
-483608482 -622730427
#r 0 3.2359602760
-533386016 -627441808
#r 0 4.3073209395
-553090081 -673395587
#r 0 2.4608662915
-591945870 -641927704
#r 0 2.4703974214
-631099814 -610831584
#r 0 6.0358643717
-582621226 -623071949
#r 0 3.6430864473
-626464497 -647108746
#r 0 0.3495242694
-579487710 -629986202
#r 0 3.3105453217
-628775781 -638393703
#r 0 0.1675909672
-604126044 -634223514
#r 0 0.1809778007
-591830169 -631973616
#r 0 3.3231101619
-597977498 -633101883
#r 0 3.3275453750
-601048631 -633679643
#r 0 3.3131203213
-602588252 -633946351
#r 1 -602118548 -633865020
-400050622 -282770132
#r 0 3.2195065592
-449898934 -286661887
#r 0 3.2143791929
-499766545 -290298001
#r 0 3.2106340704
-549647424 -293747330
#r 0 0.0664653171
-524702625 -292086920
#r 0 3.2227709018
-537161460 -293100534
#r 0 0.0879470602
-530935616 -292551573
#r 1 -531791092 -292626826
301295572 728310821
#r 0 1.3100429512
314185999 776620622
#r 0 5.1037208143
333256994 730400527
#r 0 5.0117154451
348000828 682623761
#r 0 5.0216427722
363218224 634995714
#r 0 1.8783210067
355650715 658822858
#r 0 1.8846318386
351791840 670712350
#r 0 1.8656924132
349975317 676692618
#r 0 4.9930613874
350840957 673689868
#r 0 1.8492320196
350411496 675192207
#r 1 350501024 674890176
538670319 187274473
#r 0 2.2488853950
507305020 226213117
#r 0 0.7138241075
545098203 258949570
#r 0 5.6376227376
585036274 228867175
#r 0 5.4966380325
620350963 193471232
#r 0 6.0936141245
669455220 184049343
#r 0 5.4177333353
701870023 145979925
#r 0 5.4349256047
734934503 108473390
#r 0 2.2958334426
718355422 127185260
#r 0 2.2876604332
710142573 136608691
#r 0 5.4275558830
714240994 131890014
#r 0 5.4278302918
716290859 129531230
#r 1 715831386 130073479
-356518068 -65592954
#r 0 1.4867515550
-352320775 -15769438
#r 0 1.8331600470
-365288980 32519543
#r 0 4.7830952803
-361756610 -17355525
#r 0 1.7993060524
-373082922 31344728
#r 0 1.7951794694
-384208173 80091305
#r 0 1.7939736657
-395274637 128851262
#r 0 2.7846777929
-442123596 146320521
#r 0 4.2803594900
-463059330 100914629
#r 0 0.4452344816
-417933845 122448105
#r 0 1.5896729666
-418877621 172439197
#r 0 1.5884365494
-419759586 222431418
#r 0 1.6063434182
-421536566 272399831
#r 0 4.7461167960
-420693530 247414050
#r 0 4.7577975386
-420126116 234926894
#r 0 1.6162278737
-420409966 241170465
#r 0 4.7580360319
-420267368 238048711
#r 1 -420258118 237496588
-276446552 932869643
#r 0 4.5172063054
-286143839 883819030
#r 0 1.3757914329
-281299556 908345198
#r 0 4.4924248700
-284026988 896146383
#r 0 1.3538845757
-282681896 902249924
#r 1 -282503303 902957400
-550539604 -271667289
#r 0 4.9690088532
-537848976 -320029960
#r 0 1.7934739889
-543370025 -295647221
#r 0 1.7979323409
-546188116 -283454258
#r 0 4.6521861629
-546188116 -283454258
#r 0 1.3165717042
-546188116 -283454258
#r 0 1.7919931697
-547566432 -277325044
#r 0 1.7968159124
-548282588 -274210625
#r 0 0.5566908155
-548282588 -274210625
#r 0 1.7959358043
-548662144 -272553337
#r 0 1.8005986151
-548898589 -271542606
#r 0 1.7975967106
-549083621 -270740807
#r 0 5.2979677446
-549083621 -270740807
#r 0 4.6417243257
-549083621 -270740807
#r 0 4.6708047223
-549083621 -270740807
#r 0 4.6748470592
-549083621 -270740807
#r 0 1.7940528669
-549274668 -269899341
#r 0 1.7878741394
-549508769 -268837916
#r 0 1.7930345885
-549840635 -267369292
#r 0 1.7900868600
-550314264 -265244202
#r 0 1.7939021202
-551025286 -262110330
#r 0 4.6768949151
-618319202 -169265767
#r 0 0.5057233499
-574577988 -145043748
#r 0 3.6847218944
-595980379 -157964184
#r 0 0.5446354103
-585288926 -151487855
#r 0 0.5435073628
-579939538 -148255716
#r 0 0.5434673352
-577264770 -146639748
#r 1 -577338127 -146699057
755102565 -188650360
#r 0 0.5086124745
798773616 -164302069
#r 0 0.5095670094
842421406 -139912103
#r 0 2.7533681633
796142275 -120984821
#r 0 0.2265999962
844864070 -109751534
#r 0 2.9249000786
796033376 -99001498
#r 0 4.7508368466
797955296 -148964547
#r 0 4.5691638401
790818498 -198452587
#r 0 1.3679864519
795854058 -173964976
#r 0 2.2128014948
795854058 -173964976
#r 0 0.5552214795
795854058 -173964976
#r 0 3.9488104942
795854058 -173964976
#r 0 3.9490458627
795854058 -173964976
#r 0 3.9498803186
795854058 -173964976
#r 0 2.6064132645
795854058 -173964976
#r 0 4.5652652787
794021639 -186329935
#r 0 4.5643683162
793097031 -192530725
#r 0 1.3802536699
793690712 -189452786
#r 0 4.7772463989
793690712 -189452786
#r 0 3.9062808326
793690712 -189452786
#r 0 4.7718214109
793690712 -189452786
#r 0 0.6196454887
380790345 -501424583
#r 0 5.2574586597
406714229 -544179141
#r 0 3.6322662392
362613446 -567740146
#r 0 3.2967074593
313213756 -575464822
#r 0 3.3011607984
263848956 -583409415
#r 0 3.2906446358
214403341 -590834450
#r 0 0.1544829198
239105621 -586987720
#r 0 0.1380650193
251487037 -585267334
#r 0 3.2756387130
245292923 -586102640
#r 1 245861592 -586045390
-579009961 358478730
#r 0 5.6847462645
-537699161 330311056
#r 0 2.5596180961
-558583634 344052919
#r 0 5.7090214269
-548088050 337263757
#r 0 2.5666211044
-553333099 340662575
#r 0 5.7016447440
-550721795 338945975
#r 1 -551418699 339408738
299350043 -849072587
#r 0 3.9283088897
264041336 -884474496
#r 0 1.8726050795
249178952 -836734476
#r 0 2.3809862780
212958045 -802266434
#r 0 4.5813635199
206425501 -851837856
#r 0 4.5815146297
199900448 -901410264
#r 0 4.5835451153
193476064 -950995819
#r 0 4.5260234443
187583220 -982248713
#r 0 1.3842117747
190533065 -966622912
#r 0 1.3815397348
192028858 -958813980
#r 0 1.3947166904
192725249 -954899961
#r 1 192758989 -954801924
547958642 -796389549
#r 0 5.6179894256
575370313 -817893025
#r 0 2.4917130149
561501416 -807352462
#r 0 5.6318943437
568428419 -812632524
#r 0 5.6664011233
571980947 -815151498
#r 0 2.5244243102
570205167 -813891329
#r 1 569445156 -813354706
120566706 -818818612
#r 0 1.5132846168
123440707 -768901279
#r 0 0.9999323728
150458668 -726829557
#r 0 1.0049179023
177266544 -684623659
#r 0 1.0108044019
203825512 -642260689
#r 0 4.1608818591
190726225 -663554084
#r 0 1.0380240127
197075267 -652786557
#r 0 4.1802485034
193904149 -658172325
#r 0 4.1829775617
192325944 -660869527
#r 0 1.0365034918
193121620 -659524794
#r 1 193229357 -659319303
137093106 -178832048
#r 0 0.5441857324
179870563 -152945967
#r 0 3.6815568863
158427386 -165798600
#r 0 0.5255823304
169240285 -159527140
#r 0 3.6688839851
163839203 -162672105
#r 0 3.6666570033
161135159 -164238574
#r 1 160540961 -164575652
-671832205 450572368
#r 0 4.2410545467
-694535986 406024211
#r 0 4.4542551680
-707299818 357680808
#r 0 3.9946006331
-740185834 320017697
#r 0 0.8601441173
-723877629 338966111
#r 0 4.0010288377
-732038436 329497679
#r 0 4.0005422752
-736121145 324765446
#r 1 -736603878 324181924
-468532303 -84888903
#r 0 0.3656056220
-421836932 -67013155
#r 0 4.4242146225
-436047049 -114951371
#r 0 2.4161135652
-473456131 -81776673
#r 0 2.0106103475
-494744691 -36535130
#r 0 0.8215218910
-460689306 74032
#r 0 4.5507903005
-468734119 -49274534
#r 0 2.5137122342
-509197841 -19902996
#r 0 0.6361531160
-468978483 9802277
#r 0 5.7971594967
-424768671 -13553504
#r 0 1.5284643887
-422652706 36401703
#r 0 1.3239450303
-410435110 84886034
#r 0 0.0865899411
-360622438 89210123
#r 0 2.3997763386
-397484569 122991528
#r 0 4.8160707755
-392309762 73260035
#r 0 0.5225439048
-348982144 98214344
#r 0 2.4328185924
-386940165 130759523
#r 0 5.7901055005
-342896203 107092470
#r 0 2.4565755624
-381616615 138726782
#r 0 4.7928973082
-377595546 88888734
#r 0 2.7258017806
-423335404 109084411
#r 0 2.3288780738
242220329 -192797614
#r 0 5.7055321281
284107652 -220100584
#r 0 5.7128796548
326194452 -247095052
#r 0 2.1115004743
300457461 -204227730
#r 0 5.8755803794
346361105 -224048311
#r 0 3.7053524534
304098506 -250766708
#r 0 5.9922558123
351997390 -265108847
#r 0 5.8966256127
398307967 -283959057
#r 0 2.7556032758
375147308 -274547160
#r 0 2.7563603443
363563415 -269849978
#r 0 2.7495860767
357787490 -267462196
#r 0 2.7565974777
354891202 -266288573
#r 1 354992238 -266330776
474168597 127670696
#r 0 1.5412258202
475646907 177648837
#r 0 3.5279475514
429332470 158808112
#r 0 0.1307176478
478905900 165325397
#r 0 0.8006100733
513719347 201214447
#r 0 6.1832707998
563469982 196227029
#r 0 3.8273593635
524773295 164563700
#r 0 4.1005234520
496053518 123634805
#r 0 2.0232918260
474192956 168602747
#r 0 2.4235261799
436538993 201499237
#r 0 3.7355040698
395101085 173518891
#r 0 3.7405806310
353805754 145328545
#r 0 3.7358518248
312377578 117333791
#r 0 3.0215384222
262737471 123322093
#r 0 5.5872536495
301110308 91267057
#r 0 2.4601947402
281692985 107014041
#r 0 5.6030088829
291411256 99152414
#r 0 2.4681162964
286525893 103050583
#r 0 5.6099807987
288969104 101102163
#r 1 288599859 101401609
595496296 -707793242
#r 0 0.8948928092
626776418 -668786141
#r 0 1.5634250697
627144978 -618787499
#r 0 2.5974019508
584367650 -592901206
#r 0 1.3853993295
593584487 -543758049
#r 0 3.5124672807
546983951 -561879586
#r 0 1.2049804338
564869517 -515187975
#r 0 0.8561051834
597638725 -477423190
#r 0 1.3285583944
609632516 -428883011
#r 0 1.7841409728
599046021 -380016600
#r 0 2.3810831166
562821777 -345552066
#r 0 6.2615653208
612810092 -346632981
#r 0 6.2670906776
662803616 -347437678
#r 0 3.1271278240
637806232 -347076070
#r 0 3.1193983716
625309278 -346798664
#r 0 6.2560372547
631556991 -346968319
#r 0 3.1164228271
628432973 -346889671
#r 0 6.2578115975
629994973 -346929313
#r 1 629998836 -346931165
677928845 -196320030
#r 0 1.6350493196
674718405 -146423206
#r 0 0.7073936049
712721317 -113930458
#r 0 0.7039129051
750837096 -81570183
#r 0 0.7092791569
788778673 -49005836
#r 0 0.7083012071
826752079 -16478609
#r 0 0.7992479151
861614380 19362986
#r 0 3.9423603597
844210486 1415718
#r 0 3.9364744776
835455852 -7506563
#r 0 3.9479607647
831130029 -12017724
#r 0 3.9364370329
828941196 -14248305
#r 0 3.9315110895
827841299 -15358191
#r 1 827851417 -15346505
134234208 -184258840
#r 0 5.0503401057
150811948 -231430638
#r 0 4.0541984429
120227629 -270985655
#r 0 5.5670082190
157943679 -303810944
#r 0 5.5732819513
195864922 -336398968
#r 0 2.4294263800
176941222 -320062092
#r 0 5.5753392942
186438273 -328189576
#r 0 2.4600297463
181584592 -324252030
#r 0 5.6017289095
184011642 -326220544
#r 1 184324249 -326470383
-222667336 -46611794
#r 0 1.5457266247
-221413982 3372495
#r 0 0.9533508986
-192466274 44140500
#r 0 4.6018161814
-197983655 -5554153
#r 0 2.2695805080
-230148020 32727091
#r 0 0.2057601494
-181202722 42942658
#r 0 4.1281299401
-208781796 1236607
#r 0 0.7969776937
-173838216 36998965
#r 0 0.2297448077
-125151989 48385417
#r 0 4.5064329263
-135377144 -557879
#r 0 0.4321930861
-89974677 20385283
#r 0 0.3423001517
-42875422 37168017
#r 0 2.6393509148
-86700703 61237599
#r 0 4.3857892364
-102741922 13880664
#r 0 0.5336512983
-59694148 39314681
#r 0 2.4795606093
-99131384 70050725
#r 0 2.4846619274
-138724901 100585188
#r 0 4.4090490126
-153660368 52867981
#r 0 0.1692889282
-104375127 61292055
#r 0 1.1089077254
-82093147 106052678
#r 0 4.4291303161
-96067444 58045189
#r 0 4.3350651494
219528894 970092025
#r 0 5.4638876296
253665621 933558699
#r 0 5.4723776658
288111283 897316509
#r 0 3.7421431778
246860051 869061671
#r 0 6.0601129778
295621170 858000328
#r 0 6.0642801107
344427959 847142274
#r 0 2.9276242121
319998061 852450761
#r 0 6.0693078745
332213251 849797629
#r 0 6.0197022251
338247555 848169848
#r 0 2.8832422725
335226266 848968242
#r 0 2.8663598242
333722536 849392895
#r 1 333283532 849513193
-384209398 -106897359
#r 0 4.0695481611
-414182980 -146917159
#r 0 1.2818350000
-399935142 -98990141
#r 0 1.4161706526
-392234629 -49586678
#r 0 1.5941439496
-393401904 399695
#r 0 0.7241733029
-355949535 33525517
#r 0 2.3261825643
-390228030 69925857
#r 0 1.4160714146
-382522615 119328555
#r 0 1.6299002641
-385476092 169241249
#r 0 6.2027252772
-335637850 165222587
#r 0 1.8000261496
-346999228 213914671
#r 0 0.3514411063
-300055349 231127230
#r 0 2.0014288311
-320927631 276562325
#r 0 2.7084936964
-366311107 297546607
#r 0 1.7976979033
-377559087 346265012
#r 0 0.1431757096
-328070694 353399364
#r 0 0.1447623589
-278593683 360612228
#r 0 1.2190997521
-261369132 407551708
#r 0 1.6540442453
-265526722 457378553
#r 0 2.6065102380
-308538052 482874150
#r 0 2.5898759691
-351119351 509081649
#r 0 5.7313092092
615373946 -411111791
#r 0 3.6111273378
570785000 -433735360
#r 0 0.0899923473
620582671 -429241814
#r 0 0.0870040654
670393548 -424897097
#r 0 1.6053531690
668666050 -374926948
#r 0 5.8537758564
714126639 -395743645
#r 0 5.8454373467
759412069 -416938688
#r 1 760064941 -417159751
326662212 790338362
#r 0 6.1717360085
376352010 784777426
#r 0 4.6374316455
372607652 734917825
#r 0 0.2984111677
420397893 749617923
#r 0 0.2953642195
468232702 764172339
#r 0 0.3025403460
515961836 779069646
#r 0 3.4419827730
492081309 771672324
#r 0 0.2582167197
504166894 774864284
#r 0 3.3969881693
498119623 773285359
#r 0 3.4038601924
495101461 772475130
#r 1 494149535 772219539
340630368 -61653550
#r 0 2.4671972701
301576136 -30432291
#r 0 3.9048990374
265448425 -64998004
#r 0 6.2432097364
315408479 -66996250
#r 0 2.4013883946
278491938 -33274313
#r 0 0.5365636331
321465457 -7715035
#r 0 2.5927651469
278808618 18369330
#r 0 2.2699267273
246631001 56639435
#r 0 2.2666714898
214578133 95014083
#r 0 2.2663558016
182537381 133398848
#r 0 5.4081885092
198562363 114210313
#r 0 2.2719881840
190498253 123761235
#r 0 5.4112522229
194519176 118976398
#r 0 2.2714033085
192504546 121365307
#r 1 192501644 121386874
-936931568 -253662529
#r 0 1.3493959678
-925951767 -204882984
#r 0 0.8038265338
-891253936 -168882144
#r 0 1.3724920134
-881403578 -119862042
#r 0 1.2230543679
-864364788 -72854812
#r 0 1.7005571800
-870834639 -23275169
#r 0 1.7007245335
-877312787 26303391
#r 0 4.8407667622
-874112151 1509119
#r 0 1.6958501947
-875671253 13911505
#r 0 1.7053500333
-876509688 20105081
#r 0 4.8487300175
-876084936 17009047
#r 1 -876116238 17180586
-55698254 -527054964
#r 0 3.8079470345
-95002271 -557961182
#r 0 3.8080714469
-134302442 -588872289
#r 0 3.8004960779
-173835646 -619484799
#r 0 3.8049298873
-213232732 -650272290
#r 0 3.8128689898
-252384154 -681371585
#r 0 2.4357436756
-290437210 -648937576
#r 0 4.9618454061
-278093348 -697389914
#r 0 5.0021331754
-263807993 -745305764
#r 0 1.8605370221
-270950586 -721347814
#r 0 1.8589718285
-274503129 -709363264
#r 0 1.8585374791
-276276802 -703370204
#r 0 1.8692896464
-277195818 -700383344
#r 1 -277190362 -700453047
-176767589 -188188183
#r 0 4.3944299135
-192399018 -235681955
#r 0 2.0850696757
-216994134 -192149435
#r 0 2.2467742595
-248277159 -153144661
#r 0 0.6894619849
-209697741 -121338554
#r 0 2.1330403470
-236352047 -79035505
#r 0 6.2758151756
-186353405 -79404008
#r 0 1.7860819807
-197034730 -30558237
#r 0 0.8512064341
-164080915 7045567
#r 0 3.9473565146
-181394925 -10988429
#r 0 2.4343893427
-181394925 -10988429
#r 0 2.0140338435
-181394925 -10988429
#r 0 0.4737164284
-181394925 -10988429
#r 0 0.4158181279
-181394925 -10988429
#r 0 1.8224924843
-181394925 -10988429
#r 0 2.7755009485
-181394925 -10988429
#r 0 1.0370334177
-181394925 -10988429
#r 0 0.8504063758
-173148953 -1594073
#r 0 2.7941571389
-173148953 -1594073
#r 0 1.7332910654
-173148953 -1594073
#r 0 2.4526693161
-173148953 -1594073
#r 0 0.8517440656
133207554 429148051
#r 0 6.0250135393
181550472 416382384
#r 0 6.0146472784
229758463 403116277
#r 0 2.8775914462
205624624 409639907
#r 0 2.8640651242
193602680 413064710
#r 0 2.8776664794
187568853 414695231
#r 0 6.0299891311
190594340 413912388
#r 0 5.9892005489
192090036 413459555
#r 1 191556116 413623449
420725815 -425022251
#r 0 3.4142837610
372573335 -438488455
#r 0 6.2765007982
422572218 -438822678
#r 0 6.2818299463
472572172 -438890446
#r 0 1.2941127718
486230514 -390792113
#r 0 3.4195799660
438150029 -404513152
#r 0 1.2254051889
455078266 -357465997
#r 0 3.4691527478
407736758 -373552688
#r 0 1.2200449763
424916933 -326596947
#r 0 1.1534405471
445184164 -280888749
#r 0 3.4116731667
396996693 -294229201
#r 0 3.5736018324
351590376 -315164013
#r 0 3.5708272966
306126149 -335972763
#r 0 3.8427497792
267921337 -368227877
#r 0 3.5571775245
222177320 -388414131
#r 0 3.5542164009
176373729 -408464843
#r 0 3.5520253043
130526315 -428415147
#r 0 3.5540159709
84718706 -448456679
#r 0 1.5476207328
85877382 -398470106
#r 0 3.3938434386
37459726 -410949313
#r 0 1.8148789439
25376414 -362431341
#r 0 2.5165497588
-984543034 144270826
#r 0 0.7194230760
-946933733 177218367
#r 0 1.1126182174
-924817990 222061359
#r 0 1.1164949563
-902876257 266989751
#r 0 4.2103854170
-914905829 245074245
#r 0 1.0681671929
-908884189 256028233
#r 0 1.0708607079
-905888132 261513319
#r 0 1.0680847684
-904382493 264251698
#r 1 -904344044 264331561
366737756 485628537
#r 0 4.4262745976
352626421 437661150
#r 0 4.4244107221
338425705 389720148
#r 0 1.2870908552
345423578 413720768
#r 0 1.2728686376
349092893 425670322
#r 1 348992319 425393057
-649282821 -270779598
#r 0 1.1459670046
-628674557 -225224143
#r 0 1.2224307234
-611606455 -178227549
#r 0 5.2942788132
-584126268 -219998823
#r 0 1.7534963966
-593210536 -170830987
#r 0 5.1475669313
-572131947 -216170739
#r 0 5.1426938833
-551274551 -261612669
#r 0 1.3714764626
-541374416 -212602595
#r 0 4.6555259837
-544216034 -262521782
#r 0 1.3801164485
-534739709 -213428002
#r 0 1.8867510053
-550275911 -165902993
#r 0 4.2664647883
-571840505 -211013616
#r 0 1.3266957818
-559756323 -162495861
#r 0 1.3226921451
-547477991 -114026875
#r 0 1.8573382962
-561609835 -66065526
#r 0 5.1278983608
-541427034 -111811067
#r 0 4.6704292649
-543524404 -161767058
#r 0 1.8380141200
-556726854 -113541595
#r 0 1.5799959351
-557186828 -63543711
#r 0 2.3358268640
-591814779 -27475651
#r 0 4.7779322469
-588539962 -77368291
#r 0 1.2344268294
411724544 245564399
#r 0 2.6944909633
366639345 267182096
#r 0 0.3310714894
413924075 283434922
#r 0 0.3293388420
461236894 299605796
#r 0 3.0565096308
411417763 303854816
#r 0 5.8349379012
456478165 282185479
#r 0 5.8281632076
501390731 260211371
#r 0 0.5708884375
543461792 287230362
#r 0 0.5687323966
585591009 314158583
#r 0 0.5736547508
627587166 341293852
#r 0 0.5786581437
669447029 368638904
#r 0 0.5467201446
712158743 394633317
#r 0 3.6827186586
690730513 381755781
#r 0 3.6933167060
680084904 375203623
#r 0 0.5414547971
685441070 378424869
#r 0 3.6790283779
682756536 376825023
#r 0 3.6964986723
681428426 376001760
#r 1 681523643 376066428
795592083 -315379132
#r 0 1.0272924333
821448990 -272584035
#r 0 1.9279738945
803967424 -225739667
#r 0 0.8158467138
838230023 -189324363
#r 0 0.8125280595
872613283 -153022965
#r 0 4.5062802171
862380654 -201964699
#r 0 1.0134189481
888828771 -159532434
#r 0 1.0167974755
915133379 -117011056
#r 0 1.0237489166
941141769 -74307852
#r 0 4.1668047755
928168830 -95678458
#r 0 1.0331014870
934570798 -84942314
#r 0 4.1744169056
931368326 -90309498
#r 1 931421903 -90215948
-521849662 466816098
#r 0 0.8096551397
-487362254 503018566
#r 0 3.9112881685
-505315318 485620651
#r 0 3.9120203329
-514299789 476901236
#r 0 0.0356026760
-514299789 476901236
#r 0 3.9097558070
-518829969 472524581
#r 0 3.9148494499
-521140757 470269235
#r 0 3.9171967424
-522399233 469035172
#r 0 3.9146717060
-523217392 468236927
#r 0 3.9150742689
-523922917 467548019
#r 0 3.9103946386
-524713053 466783684
#r 0 6.2226816763
-524713053 466783684
#r 0 3.9178777618
-525734663 465780526
#r 0 3.9133837316
-527175388 464378485
#r 0 3.9072549418
-529286639 462348967
#r 0 3.9180992096
-532381034 459309117
#r 0 3.9155192851
-537005720 454789336
#r 0 3.9153061309
-543925768 448029144
#r 0 3.9161872500
-554284696 437891659
#r 0 3.9190294053
-569771488 422649518
#r 0 0.7813486866
-562057965 430300821
#r 1 -561368275 430952902
-558514126 -706353026
#r 0 4.1291845217
-586049202 -748088138
#r 0 0.8723919406
-553899378 -709794681
#r 0 0.3324514073
-506637121 -693476622
#r 0 1.4042416663
-498347837 -644168532
#r 0 6.2517794524
-448372493 -645738567
#r 0 3.7807428343
-488502642 -675564246
#r 0 3.7868530837
-528449800 -705634572
#r 0 3.7684975626
-568942155 -734966623
#r 0 3.7731182005
-609298545 -764485461
#r 0 0.6318272082
-589124803 -749719956
#r 0 0.6181246823
-578937719 -742476107
#r 0 3.7616965690
-584024082 -746108105
#r 0 3.7487898899
-586590499 -747891137
#r 0 0.6007685419
-585301586 -747007889
#r 1 -584894129 -746710788
-218018041 -776753981
#r 0 2.4495700205
-256515889 -744849190
#r 0 2.0541533864
-279753602 -700577205
#r 0 2.6333453749
-323433542 -676244864
#r 0 1.5181190555
-320800896 -626314220
#r 0 1.4622468453
-315384074 -576608506
#r 0 4.6024198221
-318127765 -601457492
#r 0 4.6106925955
-319396782 -613892934
#r 0 3.6878728630
-319396782 -613892934
#r 0 4.5976899975
-320112102 -620102063
#r 0 4.6075115516
-320439255 -623210005
#r 1 -320481264 -623387416
517252615 315449462
#r 0 5.5195106759
553367595 280870447
#r 0 5.5191805167
589471156 246279511
#r 0 5.5208869890
625633693 211750235
#r 0 5.5230615615
661871231 177299678
#r 0 2.3760572235
643845945 194622757
#r 0 5.5079796184
652774409 185874469
#r 0 2.3236454863
648501155 190435368
#r 0 5.4619804585
650630341 188147971
#r 1 651276266 187465788
-836634468 79323631
#r 0 5.1425222703
-815784870 33878122
#r 0 0.7968649112
-780837257 69636539
#r 0 0.8019315156
-746071266 105571562
#r 0 1.6057117921
-747816685 155541088
#r 0 1.3632671886
-737514551 204468238
#r 0 4.9508516097
-725704099 155883125
#r 0 0.3186121553
-678220545 171545568
#r 0 1.8306103842
-691065588 219867456
#r 0 2.7184080622
-736654876 240400766
#r 0 0.5337970813
-693610811 265841058
#r 0 1.5971233700
-694927011 315823731
#r 0 1.9468025142
-713287441 362330662
#r 0 1.1263156386
-691787987 407472366
#r 0 4.2555990384
-702814723 385035542
#r 0 1.1162239119
-697326246 396266152
#r 0 1.1584039975
-694821220 401992208
#r 0 4.3024382442
-696066739 399126131
#r 0 4.2978667821
-696696047 397695945
#r 1 -696850748 397344867
-478957491 -425697431
#r 0 3.7281072791
-520601229 -453370507
#r 0 4.2309401884
-543754417 -497686756
#r 0 4.2237000211
-567227852 -541834211
#r 0 1.0763240207
-555363672 -519828730
#r 0 4.2093093864
-561390245 -530780004
#r 0 1.0676712191
-558376710 -525304505
#r 0 4.2101864199
-559880951 -528043643
#r 1 -559445737 -527264460
744680137 283363242
#r 0 3.3657251462
695930773 272250210
#r 0 2.8467507956
648088368 286779637
#r 0 3.1134123426
598108220 288188466
#r 0 4.9924946752
611931081 240137155
#r 0 4.9947880477
625864105 192117671
#r 0 2.6214065958
582477769 216969751
#r 0 3.3232348430
533300351 207937502
#r 0 3.3149364309
484049673 199313653
#r 0 3.3142630331
434793199 190722972
#r 0 3.3152017396
385544811 182086057
#r 0 3.3202447390
336340605 173200893
#r 0 3.3137967524
287080131 164633180
#r 0 3.3190830797
237865637 155805181
#r 0 3.3151000995
188616372 147173272
#r 0 2.8026696815
141460707 163796848
#r 0 3.7773976081
101231009 134105580
#r 0 3.8208102617
62327787 102696357
#r 0 0.6783776650
81792581 118384624
#r 0 0.6782497260
91525989 126227518
#r 0 0.6872871538
96357071 130192800
#r 0 0.6679174831
787479252 -388621533
#r 0 5.1287439377
807700727 -434349992
#r 0 5.1298502540
827972780 -480056051
#r 0 1.9892902861
817813159 -457213502
#r 0 1.9884497990
812742944 -445787950
#r 0 1.9821373817
810243945 -440059276
#r 1 810287826 -440147391
734374273 161323653
#r 0 3.9114265796
698472960 126522853
#r 0 2.7158037559
652937301 147174821
#r 0 3.1721601353
602960658 145646685
#r 0 2.6740865180
558325910 168179756
#r 0 3.2228628964
508490940 164120716
#r 0 2.8270980350
460943298 179587512
#r 0 3.9268726070
425583780 144236353
#r 0 3.1803386267
375621307 142299539
#r 0 2.4229149435
337987459 175219039
#r 0 3.3197167413
288778569 166359856
#r 0 2.4896190900
249034175 196697673
#r 0 3.5509812269
203165956 176795248
#r 0 2.0894169959
178381823 220220434
#r 0 2.0810685436
153961083 263851013
#r 0 2.0972746012
128836501 307080116
#r 0 4.5377877059
120150727 257840322
#r 0 4.5295174884
111058030 208674044
#r 0 4.5308611910
102031407 159495593
#r 0 4.5492836309
93912251 110159204
#r 0 1.4008671720
98140064 134799122
#r 0 4.5302501027
-835925574 -325109799
#r 0 4.9363514871
-824820829 -373861052
#r 0 1.1080576753
-802500808 -329119386
#r 0 5.6465097283
-762296975 -358845668
#r 0 1.1570830297
-742196369 -313063951
#r 0 1.0205048866
-716049586 -270445343
#r 0 5.4509307259
-682389070 -307417896
#r 0 4.4405172097
-695815816 -355581393
#r 0 1.6463425647
-699589536 -305724006
#r 0 4.4980310038
-710225543 -354579664
#r 0 5.2433144012
-684908964 -397696608
#r 0 1.1053971188
-662469985 -353014484
#r 0 1.9522761155
-681084700 -306608747
#r 0 4.4352654653
-694764202 -354701067
#r 0 5.2221627438
-670365213 -398343813
#r 0 5.5826685827
-632139753 -430574454
#r 0 4.0824781907
-661593387 -470978457
#r 0 4.0921275283
-690655784 -511664783
#r 0 4.0862968233
-719954915 -552180964
#r 0 5.4554807884
-686126521 -588999977
#r 0 3.5048204661
-732864265 -606764642
#r 0 3.4943449576
191098699 -491490599
#r 0 3.7831084674
151039219 -521411128
#r 0 1.6513636687
147015209 -471573318
#r 0 3.8432456400
108826396 -503847372
#r 0 3.2751078379
59271392 -510503315
#r 0 1.8185506016
47010021 -462030036
#r 0 1.4834636621
51371106 -412220590
#r 0 1.4812101300
55844427 -362421098
#r 0 3.4447750262
8124867 -377349045
#r 0 3.7625473342
-32541302 -406439639
#r 0 1.8711496649
-47334189 -358678038
#r 0 1.2834828300
-33165345 -310727607
#r 0 3.9202535100
-68758080 -345843946
#r 0 2.4809966618
-108239414 -315164567
#r 0 2.4809540487
-147719441 -284483506
#r 0 4.3589792182
-165024383 -331393409
#r 0 1.8648987589
-179518430 -283540273
#r 0 2.2207162540
-209774563 -243733660
#r 0 4.3281862366
-228515569 -290088538
#r 0 4.3264500774
-247337026 -336410809
#r 0 0.9285660139
-217387882 -296372717
#r 0 2.1770956464
76967052 -918743877
#r 0 1.5766570005
76674020 -868744736
#r 0 3.2488380821
26961284 -874096734
#r 0 2.6252535250
-16520335 -849411742
#r 0 2.6283724219
-60078732 -824862484
#r 0 2.6258464609
-103574980 -800203278
#r 0 3.5420827769
-149618481 -819696764
#r 0 2.4905808903
-189392035 -789397187
#r 0 3.7296944497
-230991798 -817136323
#r 0 3.7298710422
-272586662 -844882805
#r 0 3.7291974616
-314200206 -872601263
#r 0 3.7271147494
-355871390 -900232992
#r 0 3.7400139405
-387564996 -921842380
#r 0 0.5984017278
-371717982 -911037997
#r 0 3.7349752895
-379668503 -916400352
#r 0 3.7261816228
-383667287 -919046536
#r 0 0.5793354046
-381660972 -917733966
#r 1 -382100587 -918023046
-458212991 -390070259
#r 0 5.0292778900
-442632397 -437580732
#r 0 5.0268035507
-427169407 -485129612
#r 0 5.0282195462
-411639104 -532656548
#r 0 5.0328913303
-395886936 -580110412
#r 0 5.0319166510
-380181027 -627579607
#r 0 5.0216860136
-364961572 -675206996
#r 0 1.8769970441
-372497528 -651369855
#r 0 1.8732650348
-376221036 -639437190
#r 0 5.0144244377
-374361867 -645404328
#r 0 5.0139233160
-373433778 -648388363
#r 0 1.8788100254
-373907480 -646899384
#r 1 -373748858 -647381616
-561441965 -303326039
#r 0 4.1310596699
-588898734 -345112710
#r 0 4.1281115246
-616478576 -386818253
#r 0 1.2799502967
-602140435 -338918173
#r 0 4.1794389593
-627544257 -381983772
#r 0 4.1683619077
-653423550 -424765335
#r 0 4.1752941616
-679005651 -467725271
#r 0 1.1984785551
-660816882 -421150936
#r 0 4.2133222065
-684747199 -465052416
#r 0 0.6527643840
-645026809 -434683177
#r 0 0.8711682385
-612830150 -396429091
#r 0 4.1007040675
-627186341 -416896131
#r 0 4.1047901169
-634377507 -427237913
#r 0 4.1030323577
-638095951 -432565489
#r 0 4.1043679076
-640165902 -435539653
#r 0 1.1588459340
-640165902 -435539653
#r 0 1.3197079912
-640165902 -435539653
#r 0 4.1006367289
-641583219 -437559975
#r 0 4.1004988130
-642871956 -439396473
#r 0 4.1027025396
-644355739 -441520860
#r 0 4.1078750892
-646308215 -444347324
#r 0 4.1049940314
-143029320 -288205830
#r 0 2.2462695654
-174292655 -249185273
#r 0 1.6120087635
-176352694 -199227729
#r 0 0.8725467137
-144208797 -160929297
#r 0 1.6636233643
-148843486 -111144564
#r 0 0.7770299174
-113193526 -76086322
#r 0 1.2101313850
-95548702 -29303203
#r 0 1.9662788637
-114811378 16837336
#r 0 1.9655547166
-134040637 62991812
#r 0 0.2824738560
-86022195 76928428
#r 0 2.0782457103
-110319676 120627769
#r 0 2.2861418164
-143113589 158371103
#r 0 6.1691903658
-93438109 152683692
#r 0 1.0095468659
-66825889 195013230
#r 0 5.9077022254
-20309360 176677130
#r 0 5.9166515487
26369399 158758050
#r 0 2.1126936998
581276 201594632
#r 0 5.6513046789
40927182 172061466
#r 0 5.6523499938
81303937 142570491
#r 0 5.6677704827
122130639 113705626
#r 0 2.5326213773
101624716 128006225
#r 0 2.5115395751
-217724255 370576245
#r 0 2.2572281695
-249413315 409251863
#r 0 2.2587983009
-281163062 447877678
#r 0 0.9469870694
-251956501 488460640
#r 0 0.9569439038
-223155459 529332391
#r 0 0.9516223195
-194137324 570050296
#r 0 4.0946192587
-208617787 549670989
#r 1 -208743197 549570752
231282029 -813119927
#r 0 2.9531321877
182167338 -803752585
#r 0 2.0027629081
161234460 -758345376
#r 0 1.8692331963
146533133 -710555513
#r 0 2.0103906836
125254512 -665309295
#r 0 3.0867551309
75329672 -662568793
#r 0 1.9792152557
55471732 -616681298
#r 0 3.1448715863
5472001 -616845244
#r 0 1.7868938724
-5248978 -568008162
#r 0 1.4177778003
2372126 -518592387
#r 0 1.4297774785
9399722 -469088722
#r 0 1.8917022765
-6371598 -421641220
#r 0 1.8077006599
-18106326 -373037762
#r 0 1.3481596655
-7066227 -324271829
#r 0 1.9358579363
-24916569 -277566741
#r 0 2.3444722554
-59855045 -241799397
#r 0 2.5620357586
-101690315 -214416735
#r 0 1.7696604117
-111568112 -165402154
#r 0 0.9572833890
-82780947 -124520628
#r 0 3.7718421060
-123174973 -153987943
#r 0 0.9129180246
-92603006 -114423378
#r 0 0.9107484413
-173650117 941397434
#r 0 4.2497677973
-195964882 896653146
#r 0 4.3546294167
-213473709 849818960
#r 0 4.2045311893
-237789035 806129546
#r 0 4.2127359623
-261745085 762242103
#r 0 4.2109673227
-285778719 718397098
#r 0 4.2026571137
-310175880 674753329
#r 0 1.0595077067
-297943343 696556197
#r 0 1.0615980378
-291849861 707470418
#r 0 1.0692331455
-288844871 712950638
#r 0 1.0602514352
-287317778 715677227
#r 1 -287762113 714875399
-974261600 -135035256
#r 0 0.4829997348
-929981314 -111813364
#r 0 1.2885418920
-916055235 -63791865
#r 0 0.4460173062
-870946620 -42223071
#r 0 0.7536090403
-834485418 -8009321
#r 0 1.8680443885
-849129921 39797985
#r 0 0.0942890663
-799352017 44505456
#r 0 4.7624532560
-796849849 -5431896
#r 0 1.4942463432
-793026087 44421678
#r 0 0.8214386628
-758967656 81028006
#r 0 2.1891879890
-787953927 121768601
#r 0 0.6459332729
-748027010 151865799
#r 0 0.7338284594
-710896217 185351680
#r 0 2.5686335304
-752911240 212457729
#r 0 2.5689389568
-794934540 239550944
#r 0 4.7481021212
-793149263 189582826
#r 0 1.4574894096
-787496032 239262208
#r 0 2.5883442076
-830037137 265534900
#r 0 2.5852906998
-872497820 291937369
#r 0 2.5959278972
-915236944 317886690
#r 0 2.5867347985
-942331737 334680290
#r 0 5.7376610385
-219071864 876570219
#r 0 4.4829697157
-230442466 827880288
#r 0 4.2689810471
-251893482 782715546
#r 0 4.2783387624
-272920926 737352052
#r 0 3.6284919545
-317110320 713957663
#r 0 4.7425073076
-315604631 663980339
#r 0 4.3077793642
-335287627 618017532
#r 0 4.8984364789
-326038824 568880381
#r 0 4.0971298470
-354897332 528049185
#r 0 4.0955068216
-383822072 487264881
#r 0 6.2370172706
-333875350 484957299
#r 0 6.2435156406
-283914687 482974336
#r 0 3.1042251959
-308897234 483908305
#r 0 3.0725003269
-321367476 484771277
#r 0 6.2159900080
-315131548 484351620
#r 0 6.2146133396
-312013865 484137499
#r 0 6.2044252817
-310456186 484014562
#r 1 -310395336 484015344
841216372 -245702053
#r 0 2.8290292545
793638949 -230327111
#r 0 2.4154985449
756250277 -197129412
#r 0 3.4133506301
708085252 -210550678
#r 0 2.6319048417
664440409 -186155440
#r 0 2.6347267875
620726897 -161883462
#r 0 2.6307283622
577110784 -137436893
#r 0 2.6338128643
533419473 -113124975
#r 0 2.2992847024
500132351 -75815895
#r 0 2.2911126056
467151230 -38236038
#r 0 2.7138744907
421655499 -17496258
#r 0 2.2582963353
389925145 21145489
#r 0 2.2554807002
358303717 59876424
#r 0 2.2614560056
326451426 98417721
#r 0 2.9962544662
276978577 105659074
#r 0 3.0015170618
227468305 112639972
#r 0 2.9993016996
177973619 119730536
#r 0 3.0019822182
128460105 126688404
#r 0 2.9946535004
78998912 134008952
#r 0 6.1213081973
103672074 129979676
#r 0 2.9692995667
91357147 132122700
#r 0 6.1062977072
-554460271 622376857
#r 0 5.4520166942
-520759624 585440880
#r 0 3.5566837138
-566513604 565277217
#r 0 3.5544621719
-612312266 545215248
#r 0 3.5585912350
-658027700 524964345
#r 0 3.5539177341
-703837277 504927314
#r 0 3.5530885435
-749663453 484928274
#r 0 3.5621882430
-795305749 464513064
#r 0 0.4218734655
-772497665 474749823
#r 0 0.4252418894
-761110909 479906596
#r 0 0.3934247623
-755338188 482302645
#r 0 3.5365416795
-758222719 481100223
#r 0 3.5358619515
-759665395 480499991
#r 1 -759703095 480484804
-710372218 -603481641
#r 0 3.4206523402
-758437962 -617254233
#r 0 3.4021771751
-781829999 -623491662
#r 0 0.2508062306
-770104045 -620487462
#r 1 -769396802 -620246801
57367412 137137296
#r 0 6.1338407313
106810853 129697794
#r 0 2.9962973537
82074273 133317410
#r 0 6.1349668407
94437220 131471455
#r 0 6.1491987380
100631255 130636535
#r 0 3.0047830791
97535429 131062736
#r 1 97455090 131067997
350298717 99524416
#r 0 2.3103201538
316601907 136463894
#r 0 2.7166171622
271049465 157078817
#r 0 2.7266278098
225292940 177236705
#r 0 2.1600286608
197506791 218805082
#r 0 2.1589347437
169766131 260403830
#r 0 2.1591156071
142017948 301997560
#r 0 2.1526515530
114539207 343769785
#r 0 2.1545198471
86982471 385490599
#r 0 2.1661669349
58941689 426887635
#r 0 5.3115357998
73040142 406242209
#r 0 2.1741453243
65947601 416535208
#r 0 5.3200717913
69516142 411404126
#r 1 69554958 411306680
124361302 -505132095
#r 0 2.0742721872
100237652 -461336553
#r 0 2.4885769448
60524896 -430957333
#r 0 2.0466911374
37618195 -386513176
#r 0 2.0578173316
14218428 -342326629
#r 0 2.0455319910
-8636740 -297855950
#r 0 2.5411252874
-49890321 -269604543
#r 0 2.0194165144
-71576455 -224552222
#r 0 2.0222082831
-93388280 -179560619
#r 0 2.0201198665
-115106096 -134523562
#r 0 2.0241107648
-137003477 -89573537
#r 0 2.0290884069
-159124331 -44733066
#r 0 2.0225746194
-180952636 250543
#r 0 2.0231621580
-202807367 45221319
#r 0 2.0211049470
-224569537 90236960
#r 0 2.0210194913
-246327861 135254461
#r 0 2.8650357987
-294427925 148906709
#r 0 1.9111840058
-311120553 196037974
#r 0 1.9094499391
-327731427 243198115
#r 0 2.9970655620
-377210133 250399338
#r 0 1.6964102031
-383474323 300005385
#r 0 1.6937559762
-544744435 413022941
#r 0 0.3139898706
-497188993 428465735
#r 0 0.3208166882
-449740083 444232819
#r 0 0.3172574356
-402235355 459830921
#r 0 3.5168641281
-425495558 450667793
#r 0 0.3746837363
-413862766 455242520
#r 0 0.3736877430
-408044092 457524090
#r 0 0.3731744058
-405134157 458663387
#r 0 0.3949287195
-403691890 459264564
#r 1 -403819822 459206415
-119196968 -904270036
#r 0 2.1556465326
-146800693 -862580296
#r 0 2.1562207999
-174428354 -820906415
#r 0 2.1549617886
-202003525 -779197784
#r 0 2.1602359158
-229798288 -737635167
#r 0 2.1591842639
-257549327 -696043343
#r 0 2.1579206812
-285247789 -654416486
#r 0 2.1518299446
-312692200 -612621698
#r 0 2.1543279035
-340240927 -570895596
#r 0 2.1591056523
-367988696 -529301590
#r 0 2.1555726480
-395589340 -487609811
#r 0 2.1573869206
-423265579 -445968176
#r 0 2.1560156598
-450884690 -404288628
#r 0 2.1500423230
-478254344 -362444847
#r 0 2.1503140642
-505635368 -320608505
#r 0 2.1547549051
-533201910 -278894170
#r 0 2.1524030716
-560670271 -237115118
#r 0 2.1525111377
-588143146 -195339035
#r 0 2.1552721683
-615731261 -153638964
#r 0 2.1591501476
-643480881 -112046193
#r 0 2.1550767076
-671060845 -70340731
#r 0 2.1529694105
-804414631 -463783652
#r 0 1.7361850538
-812646419 -414465930
#r 0 1.7364577686
-820891657 -365150455
#r 0 1.7348779190
-829058973 -315822016
#r 0 1.7377354453
-837367213 -266517116
#r 0 1.7464778441
-846106173 -217286733
#r 0 1.7400240702
-854527232 -168000977
#r 0 1.7366636928
-862782625 -118687201
#r 0 1.7333278302
-870873468 -69346161
#r 0 1.7384226106
-879215587 -20046982
#r 0 1.7345769472
-887368057 29283913
#r 0 1.7346389896
-895523587 78614303
#r 0 1.7429901179
-904090792 127874865
#r 0 1.7297163470
-912003388 177244803
#r 0 1.7307945627
-919969211 226606181
#r 0 1.7326639331
-928027295 275952582
#r 0 1.7311288732
-936009620 325311294
#r 0 1.7727990430
-939525491 342478979
#r 0 4.9091365013
-937812689 333886017
#r 0 4.9293236041
-936869709 329607581
#r 0 1.7882163757
-937342237 331746569
#r 2 -937317227 331642104
