701687785 -541700890
#r 0 3.3920354199
701687785 -540700890
#r 0 1.6530878768
701768559 -541680227
#r 0 4.0364155587
-499127383 633119407
#r 0 4.6527611082
-499127383 632119407
#r 0 4.0826097341
-499192408 632030182
#r 0 4.0315997248
-483608482 -622730427
#r 0 1.6352987238
-483608482 -621730427
#r 0 2.1704548857
-483679814 -621626085
#r 0 0.1226197770
-400050622 -282770132
#r 0 5.4536386409
-400050622 -281770132
#r 0 3.9794344472
-400504499 -282274299
#r 0 3.0451005034
301295572 728310821
#r 0 5.1420384546
301295572 727310821
#r 0 4.6755828844
301329656 728236435
#r 0 1.2220541124
538670319 187274473
#r 0 6.1793526174
538670319 186274473
#r 0 1.5889825913
538652096 187276372
#r 0 1.5899628468
-356518068 -65592954
#r 0 2.3294631688
-356518068 -64592954
#r 0 2.6785632781
-358317545 -63694606
#r 0 2.5660532611
-276446552 932869643
#r 0 5.4449571516
-276446552 931869643
#r 0 6.2646935563
-275531781 931852725
#r 0 5.6522524609
-550539604 -271667289
#r 0 5.8788939640
-550539604 -270667289
#r 0 2.9455334390
-554901648 -269800941
#r 0 2.5191090982
-618319202 -169265767
#r 0 4.3139441134
-618319202 -168265767
#r 0 4.3288004508
-628093425 -192484583
#r 0 2.7443581772
755102565 -188650360
#r 0 1.4855991417
755102565 -187650360
#r 0 3.0372290840
755187212 -187659226
#r 0 0.6739431375
380790345 -501424583
#r 0 4.8211934993
380790345 -500424583
#r 0 5.2604256977
380657300 -500206622
#r 0 5.1864148846
-579009961 358478730
#r 0 1.5351077411
-579009961 357478730
#r 0 1.6899332713
-579037462 357708473
#r 0 0.0568583999
299350043 -849072587
#r 0 0.0961369782
299350043 -848072587
#r 0 3.7304105317
297599988 -849241352
#r 0 5.8116300653
547958642 -796389549
#r 0 1.3535162254
547958642 -795389549
#r 0 3.3032302099
548187651 -795352207
#r 0 3.3632469922
120566706 -818818612
#r 0 0.4885694962
120566706 -817818612
#r 0 6.2546631950
122352159 -817869551
#r 0 3.2418742271
137093106 -178832048
#r 0 3.9686226266
137093106 -177832048
#r 0 2.9256878876
137858653 -177999950
#r 0 1.6010251747
-671832205 450572368
#r 0 5.9656689100
-671832205 449572368
#r 0 0.6427197748
-670904058 450267346
#r 0 5.2310490644
-468532303 -84888903
#r 0 1.0277069808
-468532303 -83888903
#r 0 1.9867113499
-468277246 -84466370
#r 0 0.9165466027
242220329 -192797614
#r 0 0.9661483015
242220329 -191797614
#r 0 4.4459269719
241769151 -193450566
#r 0 6.2349613621
474168597 127670696
#r 0 3.8513403642
474168597 126670696
#r 0 5.3969553727
473688801 127258508
#r 0 5.5690845095
595496296 -707793242
#r 0 3.7077507024
595496296 -706793242
#r 0 2.5808211544
596287694 -707290260
#r 0 2.2017356551
677928845 -196320030
#r 0 1.5424213969
677928845 -195320030
#r 0 0.5926293170
677957781 -195300546
#r 0 2.1466134897
134234208 -184258840
#r 0 3.9319406761
134234208 -183258840
#r 0 1.1771512790
133518808 -184981357
#r 0 0.2546967748
-222667336 -46611794
#r 0 1.2175176291
-222667336 -45611794
#r 0 2.8141194861
-222339637 -45723115
#r 0 2.8296443288
219528894 970092025
#r 0 3.1491055306
219528894 969092025
#r 0 2.9758448547
213807923 970049043
#r 0 3.1029947174
-384209398 -106897359
#r 0 4.5197670242
-384209398 -105897359
#r 0 2.0967380555
-384063410 -106148855
#r 0 2.0773292255
615373946 -411111791
#r 0 2.3941698383
615373946 -410111791
#r 0 0.5038012005
614697375 -410484749
#r 0 0.5363545587
326662212 790338362
#r 0 1.4976081688
326662212 789338362
#r 0 1.2959995624
326563124 788986897
#r 0 2.1446319515
340630368 -61653550
#r 0 1.5710923134
340630368 -60653550
#r 0 4.9245114967
340630072 -60652174
#r 0 3.6513341276
-936931568 -253662529
#r 0 1.8354376203
-936931568 -252662529
#r 0 0.8031773688
-937143151 -252881773
#r 0 5.3256281261
-55698254 -527054964
#r 0 5.3165319259
-55698254 -526054964
#r 0 1.4994514640
-55763015 -526961140
#r 0 1.3518022896
-176767589 -188188183
#r 0 5.2418615934
-176767589 -187188183
#r 0 2.6105866679
-177659234 -186664547
#r 0 4.4699623678
133207554 429148051
#r 0 3.6249488606
133207554 428148051
#r 0 3.6601206070
155077588 440627286
#r 0 0.6666388182
420725815 -425022251
#r 0 3.1762743932
420725815 -424022251
#r 0 4.1539127601
420087140 -425044410
#r 0 4.9248963271
-984543034 144270826
#r 0 4.7277470724
-984543034 143270826
#r 0 6.0628050266
-984527622 143267373
#r 0 4.7098756350
366737756 485628537
#r 0 6.2469039004
366737756 484628537
#r 0 0.1059243017
373749416 485374032
#r 0 2.5150317520
-649282821 -270779598
#r 0 2.9140001906
-649282821 -269779598
#r 0 2.8538567391
-633741231 -274379112
#r 0 2.8734433906
411724544 245564399
#r 0 4.9162884416
411724544 244564399
#r 0 2.2111027421
412010751 244180239
#r 0 4.1274962283
795592083 -315379132
#r 0 3.1954252250
795592083 -314379132
#r 0 1.5988414451
795620093 -315377623
#r 0 3.5413495959
-521849662 466816098
#r 0 4.6995055457
-521849662 465816098
#r 0 2.5565468212
-521862437 465824560
#r 0 2.6601249525
-558514126 -706353026
#r 0 6.1535209585
-558514126 -705353026
#r 0 2.9002695760
-549872841 -707479815
#r 0 2.7299603517
-218018041 -776753981
#r 0 5.9010953334
-218018041 -775753981
#r 0 5.2998544669
-217108875 -777119319
#r 0 1.2273619821
517252615 315449462
#r 0 3.9419813335
517252615 314449462
#r 0 3.9561934528
550877171 350097537
#r 0 4.5119569184
-836634468 79323631
#r 0 6.1119643904
-836634468 78323631
#r 0 0.0796718773
-832678065 78639514
#r 0 6.1209347124
-478957491 -425697431
#r 0 2.5745724499
-478957491 -424697431
#r 0 4.1000571394
-479442817 -425388389
#r 0 3.9876170402
744680137 283363242
#r 0 4.9915489165
744680137 282363242
#r 0 3.9862526414
744896832 282607272
#r 0 4.3675121863
787479252 -388621533
#r 0 2.8951335272
787479252 -387621533
#r 0 3.3393023954
785266375 -388064832
#r 0 2.8088845578
734374273 161323653
#r 0 5.9045782268
734374273 160323653
#r 0 5.7077325236
730388465 162909202
#r 0 5.8858110589
-835925574 -325109799
#r 0 0.3263722925
-835925574 -324109799
#r 0 1.4890123885
-836009880 -325138335
#r 0 0.7135189049
191098699 -491490599
#r 0 4.6583007026
191098699 -490490599
#r 0 2.0414859981
191147633 -490586769
#r 0 0.7922153876
76967052 -918743877
#r 0 0.1721694400
76967052 -917743877
#r 0 2.1329410146
77534801 -918645150
#r 0 5.7838870228
-458212991 -390070259
#r 0 4.1793151281
-458212991 -389070259
#r 0 4.1193127435
-453476489 -382043018
#r 0 5.4959867987
-561441965 -303326039
#r 0 2.6736818252
-561441965 -302326039
#r 0 6.1249885654
-564333721 -301864718
#r 0 5.1872252740
-143029320 -288205830
#r 0 5.6376216802
-143029320 -287205830
#r 0 5.6941352882
-154787521 -279349228
#r 0 5.6154798656
-217724255 370576245
#r 0 5.6301142447
-217724255 369576245
#r 0 0.5136809923
-216971958 370000692
#r 0 0.6039004474
231282029 -813119927
#r 0 3.1962070597
231282029 -812119927
#r 0 2.8713325311
234296738 -812955117
#r 0 5.8579342497
-173650117 941397434
#r 0 5.1904748087
-173650117 940397434
#r 0 4.7452771845
-173685248 941465230
#r 0 3.4358299072
-974261600 -135035256
#r 0 1.9941541151
-974261600 -134035256
#r 0 0.2006900767
-974674369 -134119225
#r 0 2.1605319414
-219071864 876570219
#r 0 5.2100410281
-219071864 875570219
#r 0 5.0094891954
-219773372 877861519
#r 0 5.2632350367
841216372 -245702053
#r 0 1.8662102133
841216372 -244702053
#r 0 1.5418649458
841189946 -245615215
#r 0 3.7167322344
-554460271 622376857
#r 0 1.2678060535
-554460271 621376857
#r 0 4.3316156390
-555887314 617812010
#r 0 4.4462929197
-710372218 -603481641
#r 0 3.9315052198
-710372218 -602481641
#r 0 4.0026232415
-716827578 -609995550
#r 0 4.0215742196
57367412 137137296
#r 0 2.3607626249
57367412 136137296
#r 0 5.5597386691
66650667 127938471
#r 0 1.3730714081
350298717 99524416
#r 0 3.6325149819
350298717 98524416
#r 0 1.5156893352
350355556 99554801
#r 0 0.2319100937
124361302 -505132095
#r 0 4.8318734367
124361302 -504132095
#r 0 3.8312152223
124252062 -504222186
#r 0 4.9035976301
-544744435 413022941
#r 0 2.1318178339
-544744435 412022941
#r 0 2.2375626247
-541626927 408061707
#r 0 1.8650433011
-119196968 -904270036
#r 0 2.2420535504
-119196968 -903270036
#r 0 2.3726821765
-122628565 -899949772
#r 0 2.1529413600
-804414631 -463783652
#r 0 4.9349375060
-804414631 -462783652
#r 0 2.2073358642
-804740776 -462342426
#r 0 0.0383920818
551441948 -761356956
#r 0 2.1597415925
551441948 -760356956
#r 0 3.9016426006
551033366 -760745333
#r 0 3.6368710556
27156741 -865736728
#r 0 1.9309153253
27156741 -864736728
#r 0 2.0677924409
25925427 -862466642
#r 0 2.0000478413
940217810 -146619311
#r 0 1.6487799347
940217810 -145619311
#r 0 2.7579237365
940137123 -145586740
#r 0 1.7265762877
-914055295 46387478
#r 0 5.2689722432
-914055295 45387478
#r 0 5.2309602199
-920945318 57461126
#r 0 4.1055287358
-936955659 -34943340
#r 0 5.8574512989
-936955659 -33943340
#r 0 3.7284706292
-937849705 -34537919
#r 0 3.7883355414
-369379595 277222742
#r 0 5.5055330279
-369379595 276222742
#r 0 0.3092936758
-368612827 276467762
#r 0 0.1505226915
-821124475 11788443
#r 0 5.4590481371
-821124475 10788443
#r 0 1.1184270957
-820805835 11444107
#r 0 5.5653514384
-490967586 616064171
#r 0 6.1807359303
-490967586 615064171
#r 0 5.0251109996
-491302035 616098555
#r 0 1.5629280344
-678074763 -588467848
#r 0 3.7313707919
-678074763 -587467848
#r 0 3.7750071253
-693430306 -598744305
#r 0 3.8919610712
217643120 -215305082
#r 0 5.3637606704
217643120 -214305082
#r 0 5.5279431781
214942322 -211762453
#r 0 0.0607231333
-682169509 -158834214
#r 0 0.0185336418
-682169509 -157834214
#r 0 2.8346818212
-679188532 -158778959
#r 0 2.9523531066
557597791 508080141
#r 0 2.9534063364
557597791 507080141
#r 0 1.6857235730
557479760 508102619
#r 0 3.2736213730
639262792 -399950495
#r 0 0.8177329926
639262792 -398950495
#r 0 0.7938952463
659377658 -378490856
#r 0 0.7072486198
61684808 -566926225
#r 0 3.8422484070
61684808 -565926225
#r 0 6.0782791522
62636072 -566123919
#r 0 5.1231801689
523190902 523430949
#r 0 1.4113046755
523190902 522430949
#r 0 1.6272755219
523149067 523170875
#r 0 0.3227879656
-97120665 -106773775
#r 0 4.9360832789
-97120665 -105773775
#r 0 1.6827978465
-96898221 -107751544
#r 0 0.3197286222
-565009351 514254679
#r 0 1.3466669177
-565009351 513254679
#r 0 3.5814701906
-565264706 513134501
#r 0 3.4904651836
334580786 -482417867
#r 0 0.3324857083
334580786 -481417867
#r 0 4.0632188905
333552402 -482772973
#r 0 2.9250873526
-302732954 278207160
#r 0 0.1387728972
-302732954 277207160
#r 0 5.8720426422
-304470087 277964533
#r 0 2.3887664224
-258338693 -552221732
#r 0 5.0910471651
-258338693 -551221732
#r 0 5.0929525261
-330405454 -371084694
#r 0 5.1219500430
-571070279 -284224233
#r 0 3.0530417653
-571070279 -283224233
#r 0 3.0597792982
-718417641 -271142282
#r 0 0.2046219791
481874853 641887316
#r 0 2.2874461894
481874853 640887316
#r 0 0.1276923240
482658375 640987913
#r 0 0.1662007274
-479273610 -106822827
#r 0 0.8885850471
-479273610 -105822827
#r 0 4.3550394549
-479964598 -107673456
#r 0 4.6345212153
-4238218 -621301856
#r 0 5.5043688274
-4238218 -620301856
#r 0 0.2218468391
-5062973 -620487887
#r 0 5.5221497956
-213551122 -22815755
#r 0 0.1551803932
-213551122 -21815755
#r 0 0.1696221322
-280983347 -33364727
#r 0 2.6974110226
-874003763 -51756842
#r 0 5.3565486945
-874003763 -50756842
#r 0 0.3253761480
-874602970 -50958994
#r 0 6.0287684828
-191082364 -706539912
#r 0 0.6707098553
-191082364 -705539912
#r 0 4.6598892410
-191137198 -706583418
#r 0 4.6878116385
-712230836 221529366
#r 0 4.9672228424
-712230836 220529366
#r 0 1.1379791792
-712064257 220889900
#r 0 4.2703270045
-780382671 126943689
#r 0 4.8484174486
-780382671 125943689
#r 0 0.4553174784
-780254394 126006497
#r 0 0.2446598713
-236286024 -513307999
#r 0 4.3372480061
-236286024 -512307999
#r 0 4.2718748383
-233894407 -507234660
#r 0 4.3452307198
432125842 146983063
#r 0 2.9555944805
432125842 145983063
#r 0 3.0714396399
440607258 145387088
#r 0 5.7954193089
-261116530 -918750953
#r 0 1.1581556272
-261116530 -917750953
#r 0 6.1424456143
-260704322 -917809353
#r 0 6.2683323977
118024946 613168088
#r 0 5.9947563252
118024946 612168088
#r 0 3.9861032468
118727928 612959511
#r 0 5.9417536548
-464226731 -787773296
#r 0 2.0754397443
-464226731 -786773296
#r 0 0.7491296169
-464591638 -787112649
#r 0 0.3767544907
-243669211 -909135288
#r 0 0.3766863594
-243669211 -908135288
#r 0 1.0004740857
-244528718 -909475288
#r 0 0.3231024377
-477273716 873997373
#r 0 4.2809127735
-477273716 872997373
#r 0 4.2989000362
-723337552 322551553
#r 0 5.8545070909
-723337552 321551553
#r 0 5.4193547686
-724738951 323192023
#r 0 5.4437059281
-109826943 -461038229
#r 0 2.8180455403
-109826943 -460038229
#r 0 1.9001250226
-109440928 -461167672
#r 0 5.3905732311
273596302 -710435175
#r 0 3.8346836539
273596302 -709435175
#r 0 5.5106212248
274150257 -709975090
#r 0 4.4093478882
-495340295 -231301155
#r 0 1.8191149973
-495340295 -230301155
#r 0 3.3005469714
-495583943 -230340213
#r 0 3.4372534107
-335666797 -774290530
#r 0 5.8998078546
-335666797 -773290530
#r 0 0.5815382886
-336609567 -773910278
#r 0 5.9175695652
-44434562 -424288087
#r 0 5.6375933473
-44434562 -423288087
#r 0 0.1354017168
-45558780 -423441245
#r 0 3.8194890325
482272679 648017210
#r 0 0.0345509783
482272679 647017210
#r 0 6.2587524874
465324221 647431391
#r 0 6.1829408795
-848718430 -335529233
#r 0 1.0048494789
-848718430 -334529233
#r 0 5.9676612892
-848192274 -334700986
#r 0 1.4437004062
-538168394 -366123595
#r 0 5.2602135775
-538168394 -365123595
#r 0 2.4129801740
-539507780 -363928297
#r 0 2.5004275677
780704324 -493859950
#r 0 1.6619838259
780704324 -492859950
#r 0 3.6965809422
780617789 -492913601
#r 0 2.3258188139
101574837 -660299922
#r 0 2.0130609690
101574837 -659299922
#r 0 1.2112535957
101365287 -659857413
#r 0 2.8854370452
274165912 -778182756
#r 0 4.2021654571
274165912 -777182756
#r 0 4.1835256509
287386202 -754560425
#r 0 4.3426746569
-30247511 -354320033
#r 0 3.8910016202
-30247511 -353320033
#r 0 4.0522495416
-33043762 -356921926
#r 0 3.8949278148
196232884 -273237791
#r 0 1.2330708219
196232884 -272237791
#r 0 1.1291100855
197597749 -269351278
#r 0 2.0967937140
-43571381 -254057842
#r 0 5.2147640605
-43571381 -253057842
#r 0 4.6595314226
-43619640 -253970000
#r 0 0.8018986645
245238934 77228773
#r 0 4.8817749280
245238934 76228773
#r 0 0.7262456685
245387406 76360643
#r 0 0.5927635634
691449954 36763389
#r 0 4.1079155953
691449954 35763389
#r 0 4.2033934088
694355007 40969197
#r 0 4.2582861147
305194638 -415436078
#r 0 3.3318496986
305194638 -414436078
#r 0 3.9155746982
303920490 -415681462
#r 0 1.1267482679
326597884 -216545057
#r 0 0.5547011594
326597884 -215545057
#r 0 0.5133150094
344495539 -205455808
#r 0 1.8953062458
48717586 -293671845
#r 0 0.7214806014
48717586 -292671845
#r 0 5.0162867846
48963386 -293455617
#r 0 3.7318173132
530625494 -89118625
#r 0 3.1216514231
530625494 -88118625
#r 0 4.6015204894
530514416 -89116410
#r 0 2.2272267415
42124448 645983829
#r 0 2.9476568883
42124448 644983829
#r 0 0.0155659193
46842064 645057269
#r 0 4.6914527346
-178491570 670902010
#r 0 5.4921484855
-178491570 669902010
#r 0 5.2815093519
-180303747 672734740
#r 0 5.1756155929
78464923 432039983
#r 0 5.2269482117
78464923 431039983
#r 0 5.1570255331
75434983 437399295
#r 0 5.4374173122
160031141 -417843750
#r 0 4.0535329785
160031141 -416843750
#r 0 2.8031060374
160639573 -417057939
#r 0 2.7210398227
-430166093 553065446
#r 0 1.8849318210
-430166093 552065446
#r 0 3.4272693900
-429869502 552152558
#r 0 5.7061556164
17710008 853207122
#r 0 0.7209324975
17710008 852207122
#r 0 4.1297569176
19275254 854582534
#r 0 5.5509621468
14875479 -715975258
#r 0 1.1518912345
14875479 -714975258
#r 0 1.2775614307
13937433 -718081995
#r 0 5.7563414439
-415569731 -638404763
#r 0 5.5473663127
-415569731 -637404763
#r 0 5.9028498527
-417547383 -636614094
#r 0 1.0666730339
-773961145 -176289730
#r 0 0.5699361912
-773961145 -175289730
#r 0 2.2676153485
-773416428 -175940632
#r 0 2.1751281590
940988252 -325744210
#r 0 1.8020120839
940988252 -324744210
#r 0 2.0128781300
940519848 -323754609
#r 0 1.9858596879
-826089410 389315028
#r 0 0.6743006329
-826089410 388315028
#r 0 0.4617335484
-829404308 386665503
#r 0 5.7392539155
787581078 -76307990
#r 0 2.5007424455
787581078 -75307990
#r 0 5.6642531625
757790844 -54088462
#r 0 3.5604319100
-720594767 -54294382
#r 0 0.3888393617
-720594767 -53294382
#r 0 5.0309791283
-720304205 -54175339
#r 0 0.2085970033
594911311 732837332
#r 0 4.0016366749
594911311 731837332
#r 0 5.0097200900
594685333 732574823
#r 0 4.0576686540
288809318 -738112341
#r 0 5.6143434609
288809318 -737112341
#r 0 3.7268040884
288121093 -737568388
#r 0 1.4710703348
-344837829 -486706031
#r 0 2.8596668098
-344837829 -485706031
#r 0 2.5143169230
-342540615 -487371397
#r 0 1.1848093517
-62712054 -847301326
#r 0 2.9077487032
-62712054 -846301326
#r 0 5.8162452785
-58951533 -848197089
#r 0 0.4034868359
-250419138 -693493865
#r 0 5.8964115083
-250419138 -692493865
#r 0 5.1139846335
-249905646 -693703004
#r 0 5.7387020774
366755340 -91389671
#r 0 3.2801225575
366755340 -90389671
#r 0 4.8033171428
366845375 -91377118
#r 0 2.2769667129
961566412 68953195
#r 0 3.5468428996
961566412 67953195
#r 0 4.0673529323
962677421 69429813
#r 0 2.8160185216
597164501 -516317146
#r 0 3.6561694644
597164501 -515317146
#r 0 3.3603239097
600079142 -514669257
#r 0 3.7201966763
-877313621 -335845740
#r 0 2.0627658213
-877313621 -334845740
#r 0 5.2509805160
-882512355 -326145173
#r 0 5.7685453051
-380835327 -806301119
#r 0 0.5327599944
-380835327 -805301119
#r 0 6.0080486788
-379688442 -805624880
#r 0 6.1424406210
822465216 -184570263
#r 0 1.4031772203
822465216 -183570263
#r 0 1.8031234315
822563870 -183987228
#r 0 1.3381810184
186036512 447263379
#r 0 0.8663519198
186036512 446263379
#r 0 0.1200797924
185089478 446149110
#r 0 2.7258382543
-324336703 -906969741
#r 0 1.0675914723
-324336703 -905969741
#r 0 6.0837342053
-323841350 -906069871
#r 0 0.6331103733
-23877194 30146238
#r 0 2.3392916328
-23877194 29146238
#r 0 6.2715024236
-22899397 29134814
#r 0 4.8672672409
-646955563 126488175
#r 0 1.1874805768
-646955563 125488175
#r 0 5.7730933411
-647284591 125672259
#r 0 1.2699087643
647455009 119171730
#r 0 3.6306031751
647455009 118171730
#r 0 3.9229231665
649629963 120329062
#r 0 0.2651227907
-614105525 708095676
#r 0 0.7349143686
-614105525 707095676
#r 0 0.7748229352
-600818825 720104287
#r 0 0.8076682835
-144601442 -246545691
#r 0 2.9061059762
-144601442 -245545691
#r 0 5.4619364425
-143403065 -246833227
#r 0 3.1755620419
-755786970 456770808
#r 0 5.7007958792
-755786970 455770808
#r 0 0.3218212141
-754778906 456106908
#r 0 0.1770192356
-942398078 -178453409
#r 0 0.5862920870
-942398078 -177453409
#r 0 0.4755325464
-935698047 -174003257
#r 0 0.3429580033
711522906 98276513
#r 0 0.5420917659
711522906 97276513
#r 0 0.8521412180
713371390 99389811
#r 0 3.6190923981
-865732126 -389513957
#r 0 6.2579548555
-865732126 -388513957
#r 0 1.9981517711
-865271407 -389525584
#r 0 0.6739230964
457994694 -775492143
#r 0 3.0861814340
457994694 -774492143
#r 0 1.3519001608
457774945 -775479954
#r 0 3.5584682134
223679184 -734348721
#r 0 4.0763011171
223679184 -733348721
#r 0 4.0736616797
357859076 -552651484
#r 0 4.3008193817
590989480 604339845
#r 0 3.3319947549
590989480 603339845
#r 0 4.6076512234
591096776 604360525
#r 0 2.5573900056
33739637 326385330
#r 0 3.5688773696
33739637 325385330
#r 0 0.8900539522
35022680 326969549
#r 0 5.5505108394
107088828 -31836439
#r 0 1.6966006375
107088828 -30836439
#r 0 0.6160690768
106972750 -30918622
#r 0 3.1502626033
-86557720 15314172
#r 0 1.1795571380
-86557720 14314172
#r 0 4.8078505017
-86635433 15125778
#r 0 0.4373193184
187576655 288198927
#r 0 0.6540942987
187576655 287198927
#r 0 0.7581062154
193127020 292454309
#r 0 0.7267256199
376013911 294524797
#r 0 6.1139336589
376013911 293524797
#r 0 2.6031132357
373669124 294925489
#r 0 2.1252581514
278966036 620220652
#r 0 0.2183386179
278966036 619220652
#r 0 4.8397424212
278841527 620193026
#r 0 4.7492394349
-721859489 -551390151
#r 0 1.8412293420
-721859489 -550390151
#r 0 1.4313363729
-721952676 -551054010
#r 0 1.3061411112
388898961 -22604958
#r 0 4.2100118538
388898961 -21604958
#r 0 1.1144905403
384292077 -30990364
#r 0 4.6185162615
-862956667 140643757
#r 0 0.7967279282
-862956667 139643757
#r 0 0.3387972203
-864448011 139118231
#r 0 5.9917876591
-64393835 -548376194
#r 0 6.1312349148
-64393835 -547376194
#r 0 5.4116579659
-63428467 -548524022
#r 0 5.8338746330
-682022435 430113840
#r 0 1.0278125976
-682022435 429113840
#r 0 0.7211410566
-683307894 427983807
#r 0 0.7065454226
129522077 617343422
#r 0 6.2019770753
129522077 616343422
#r 0 0.8825775107
130292837 617280692
#r 0 3.8220870612
-709725211 -135667791
#r 0 3.0906313320
-709725211 -134667791
#r 0 2.8661070067
-705408680 -135887958
#r 0 4.9001023391
882172595 169931446
#r 0 3.3122637504
882172595 168931446
#r 0 3.4819609301
887673039 170879435
#r 0 4.8552424425
29768177 179516482
#r 0 3.5681608165
29768177 178516482
#r 0 2.3694838137
29068016 179198277
#r 0 4.6746797574
258981388 553416150
#r 0 0.1667537301
258981388 552416150
#r 0 0.3911436665
263078477 554105759
#r 0 0.1791792941
867622611 474026919
#r 0 1.9296004064
867622611 473026919
#r 0 2.0093577737
869494183 469036567
#r 0 2.0351338969
494169261 705240858
#r 0 5.1998932669
494169261 704240858
#r 0 5.1919439669
466981326 756520790
#r 0 3.9673569718
122469093 -725635014
#r 0 5.6518821785
122469093 -724635014
#r 0 5.3675973153
124222866 -726917220
#r 0 5.2657741136
-603116602 -663308573
#r 0 3.1604908302
-603116602 -662308573
#r 0 2.9031512113
-599299311 -663236425
#r 0 3.0586053434
-145539966 -887360284
#r 0 1.9574765837
-145539966 -886360284
#r 0 2.1573281300
-146591349 -884778173
#r 0 1.3714332200
682414660 608429595
#r 0 6.2277422268
682414660 607429595
#r 0 4.3542803590
682781290 608409247
#r 0 3.4889824409
-490982295 -354183775
#r 0 4.6317189658
-490982295 -353183775
#r 0 4.6381944207
-491904754 -365593932
#r 0 1.5254226127
-802812116 -220135267
#r 0 1.8304338834
-802812116 -219135267
#r 0 6.0557915868
-803095146 -219069775
#r 0 6.0025555669
250470454 471718324
#r 0 0.0599217501
250470454 470718324
#r 0 3.6827183495
252318995 471829225
#r 0 0.1560386186
439852827 37625603
#r 0 6.1097800282
439852827 36625603
#r 0 6.1671134813
456926825 34634845
#r 0 0.3207784614
-160210028 -311873695
#r 0 5.9185982657
-160210028 -310873695
#r 0 6.0345829572
-168035048 -308887285
#r 0 2.3052980028
378118500 -176315695
#r 0 4.1564438691
378118500 -175315695
#r 0 4.3203523530
376882796 -178304548
#r 0 4.2828556691
-866575725 -214630372
#r 0 5.8069054969
-866575725 -213630372
#r 0 1.1507740141
-866938697 -214443118
#r 0 2.4975453934
135413484 36622920
#r 0 2.3252861150
135413484 35622920
#r 0 5.5335111614
142942396 28613594
#r 0 3.3064274985
133848038 926203271
#r 0 1.8005587850
133848038 925203271
#r 0 2.0345371267
134287419 924324714
#r 0 1.8863657702
152317393 -838586251
#r 0 5.3313451209
152317393 -837586251
#r 0 1.0109965058
151984012 -838118239
#r 0 5.7078570653
866394399 -388688067
#r 0 1.6624809658
866394399 -387688067
#r 0 2.0100189696
866280087 -387444762
#r 0 2.0063957399
-110683473 -855371776
#r 0 2.7724206093
-110683473 -854371776
#r 0 2.5886706995
-106339836 -857052377
#r 0 0.6021632140
-778756986 -564076853
#r 0 5.0981414248
-778756986 -563076853
#r 0 5.1466653739
-782020808 -556039827
#r 0 5.1306410831
-737950047 -439455128
#r 0 4.6383921968
-737950047 -438455128
#r 0 1.0679029464
-737864368 -438299366
#r 0 1.1162748087
-609784449 -471338019
#r 0 4.1253138349
-609784449 -470338019
#r 0 0.0974200160
-609072852 -470268475
#r 0 0.3660199624
-23189346 649857189
#r 0 3.0481290868
-23189346 648857189
#r 0 5.6962763275
-24939582 650021250
#r 0 4.2022553866
919027675 186956176
#r 0 1.5444014935
919027675 185956176
#r 0 4.6698464674
918958161 184323184
#r 0 4.7706871274
-462062882 -817316296
#r 0 6.2017539686
-462062882 -816316296
#r 0 0.6059298233
-463354055 -817210921
#r 0 1.7671615128
-122964257 -333624352
#r 0 6.0380359788
-122964257 -332624352
#r 0 0.7480548139
-123813045 -333412001
#r 0 5.8928905927
-340634393 559951828
#r 0 4.1617027664
-340634393 558951828
#r 0 5.5860032466
-341039906 559291438
#r 0 2.0323583830
-909594700 -252680642
#r 0 6.2301530840
-909594700 -251680642
#r 0 1.0847456957
-910108613 -252653362
#r 0 0.4750126146
43912064 302995607
#r 0 3.3369931272
43912064 301995607
#r 0 3.4678316018
51034469 304405316
#r 0 0.3153154272
117420708 890129395
#r 0 1.6151254124
117420708 889129395
#r 0 4.5540613134
117455422 889346813
#r 0 1.7272430398
-468178342 -347725758
#r 0 4.3779257653
-468178342 -346725758
#r 0 4.3335842098
-465439726 -339845288
#r 0 4.3817256917
71200613 -222501511
#r 0 1.6282670532
71200613 -221501511
#r 0 0.9871496059
71147690 -221581650
#r 0 1.4492827758
-243623499 -789879633
#r 0 5.8197386093
-243623499 -788879633
#r 0 5.9782174527
-249030044 -787177718
#r 0 5.9611744767
-769324329 107708350
#r 0 0.0072480982
-769324329 106708350
#r 0 4.2304635707
-768799278 107712156
#r 0 5.5762891348
635566251 196520845
#r 0 5.2719934131
635566251 195520845
#r 0 3.6220677277
636038474 195766975
#r 0 4.2317741345
195202581 -473800941
#r 0 2.9131887006
195202581 -472800941
#r 0 4.1102069318
194609930 -473663173
#r 0 0.6727124099
308865562 -904406367
#r 0 2.9511986042
308865562 -903406367
#r 0 3.1921437653
304755794 -903614298
#r 0 0.1393063667
710295145 -265660052
#r 0 3.9525301255
710295145 -264660052
#r 0 4.3010897704
709488836 -266508635
#r 0 1.4851058786
-659887626 -690524746
#r 0 1.4113188766
-659887626 -689524746
#r 0 2.7846138593
-659735885 -689581339
#r 0 2.5724164124
582191960 -738122481
#r 0 3.4803655695
582191960 -737122481
#r 0 2.7623556943
583523722 -737653226
#r 0 2.3360827742
619956929 619639294
#r 0 2.9017607547
619956929 618639294
#r 0 0.0647646924
623189054 618848915
#r 0 2.8026713415
279378978 182926265
#r 0 5.9536945739
279378978 181926265
#r 0 5.9919539245
303074743 174823357
#r 0 6.0026019450
-31041134 -356688329
#r 0 3.9019762249
-31041134 -355688329
#r 0 3.8101396516
-24841118 -350790987
#r 0 3.7767783240
531322273 778893238
#r 0 4.7054943821
531322273 777893238
#r 0 4.5520494656
531315071 777848708
#r 0 4.6911601798
-409016762 -551302065
#r 0 1.5936459975
-409016762 -550302065
#r 0 6.1401884069
-409039691 -550298764
#r 0 2.3956384450
-242530425 -410578653
#r 0 4.8349383326
-242530425 -409578653
#r 0 0.4343678522
-242646934 -409632704
#r 0 4.6186138023
280793211 -921368331
#r 0 3.5483532591
280793211 -920368331
#r 0 2.9312307873
282345268 -920699728
#r 0 3.7013732584
730390034 137322819
#r 0 0.2924001502
730390034 136322819
#r 0 0.1997194054
720249139 134270120
#r 0 0.3162069409
336241334 349827929
#r 0 2.3989630742
336241334 348827929
#r 0 2.2127658140
333858529 352015161
#r 0 2.3000951649
182629508 -60733374
#r 0 5.9357500805
182629508 -59733374
#r 0 0.2075601925
180883447 -60101082
#r 0 5.5501524916
-14583895 -391538609
#r 0 2.1976665777
-14583895 -390538609
#r 0 2.2677168860
-19963331 -384111856
#r 0 2.1703537595
-529968658 -541423045
#r 0 5.9352869798
-529968658 -540423045
#r 0 6.1350569237
-534654096 -539723877
#r 0 1.2006217032
-295721070 -115687762
#r 0 1.1682496557
-295721070 -114687762
#r 0 4.7033443472
-295730311 -115709465
#r 0 1.2645425079
-860392259 105310463
#r 0 4.8318416695
-860392259 104310463
#r 0 5.1975728543
-860236857 104015704
#r 0 0.5018176807
134282577 690186611
#r 0 4.4944204740
134282577 689186611
#r 0 4.3290078730
133791327 687968652
#r 0 4.1166161825
120775521 105317247
#r 0 0.0934975526
120775521 104317247
#r 0 1.4984290057
120848511 105324091
#r 0 1.0869106983
705482076 -427802156
#r 0 2.7743901500
705482076 -426802156
#r 0 4.0006664906
704834420 -427553036
#r 0 2.0722959061
67711290 -820628312
#r 0 3.1405991922
67711290 -819628312
#r 0 3.1534969585
-9818133 -820551289
#r 0 6.1055211104
433987350 508403551
#r 0 5.8717305280
433987350 507403551
#r 0 3.8739257502
434736139 508076808
#r 0 0.9823900863
-118050258 19266698
#r 0 1.0257504479
-118050258 18266698
#r 0 3.2546034512
-118701372 18192800
#r 0 5.2475045595
-797637337 -148047045
#r 0 0.7039928966
-797637337 -147047045
#r 0 2.3463463457
-797102300 -147592725
#r 0 2.1364713934
-297627869 -312378482
#r 0 6.1563680815
-297627869 -311378482
#r 0 2.0030727110
-297137652 -312440985
#r 0 1.3216248870
526708312 738674488
#r 0 4.7643955617
526708312 737674488
#r 0 4.7981440077
526840265 736139545
#r 0 4.6152175744
902408713 326691638
#r 0 0.4247909617
902408713 325691638
#r 0 0.4748841950
918591417 334011582
#r 0 0.5239747707
194389026 724215994
#r 0 4.1005135773
194389026 723215994
#r 0 3.7629156628
192978934 722206498
#r 0 0.7136105450
479784988 -770379991
#r 0 4.0215270965
479784988 -769379991
#r 0 3.9719861768
488465141 -759881323
#r 0 3.8922896694
-131810955 348029062
#r 0 0.9231419085
-131810955 347029062
#r 0 5.4016082769
-132205368 347507704
#r 0 3.4116986346
586522933 -217901995
#r 0 1.0727973255
586522933 -216901995
#r 0 1.1249886396
582574807 -225163489
#r 0 3.7322431892
-187748036 23994930
#r 0 0.2829363014
-187748036 22994930
#r 0 4.5639292899
-187591677 24040389
#r 0 1.0406207035
352205545 -810872443
#r 0 6.0413670091
352205545 -809872443
#r 0 3.7679345411
351174799 -810618215
#r 0 5.9830003803
-281264150 625950435
#r 0 3.5667805290
-281264150 624950435
#r 0 5.9637048451
-282540275 625372594
#r 0 6.1090859333
805993669 -555805939
#r 0 3.5936504268
805993669 -554805939
#r 0 3.3324388880
809413665 -554145204
#r 0 3.0736523418
109176579 830254230
#r 0 1.4634098352
109176579 829254230
#r 0 0.2075315366
109066274 829231004
#r 0 5.8057863291
454603456 -115132683
#r 0 3.9535387947
454603456 -114132683
#r 0 2.3189603193
455072512 -114638037
#r 0 3.8263477589
-841858840 456991149
#r 0 5.5420553479
-841858840 455991149
#r 0 0.2835010017
-841030005 456232629
#r 0 0.1095385417
-394302774 -111391377
#r 0 0.7619993704
-394302774 -110391377
#r 0 1.2082590799
-394897250 -111958664
#r 0 3.6669238596
-44928054 515757560
#r 0 0.1943700258
-44928054 514757560
#r 0 0.1333756201
-60881299 512617079
#r 0 0.3691771308
-121117037 -740886462
#r 0 4.1066820904
-121117037 -739886462
#r 0 3.9717186751
-118261805 -736763667
#r 0 5.9133945392
-104972969 -794518837
#r 0 3.3589413118
-104972969 -793518837
#r 0 3.4086351169
-123934082 -798706155
#r 0 0.4497573495
-228728329 -70115130
#r 0 6.2350692612
-228728329 -69115130
#r 0 3.6236388644
-230478516 -70030853
#r 0 1.1212913609
211817052 -353830981
#r 0 1.2056473236
211817052 -352830981
#r 0 0.2313310481
212237176 -352732022
#r 0 0.7905377886
714039536 -444378998
#r 0 1.9613559131
714039536 -443378998
#r 0 1.9623638333
569889458 -94253043
#r 0 4.0431417481
210279624 -719446913
#r 0 4.3878810411
210279624 -718446913
#r 0 4.3728666551
217352190 -698422634
#r 0 0.3657517212
-252990652 907596128
#r 0 4.3352531387
-252990652 906596128
#r 0 3.4373056720
-253441103 906458900
#r 0 5.4520863736
-111775591 385835601
#r 0 0.3237686554
-111775591 384835601
#r 0 0.0568458118
-115364064 384631391
#r 0 0.0032640673
-751715650 246572132
#r 0 0.0596723486
-751715650 245572132
#r 0 5.9447003498
-754144152 246427045
#r 0 5.9316951105
734240015 -107718197
#r 0 6.2752867204
734240015 -106718197
#r 0 1.9193402191
734604440 -107721076
#r 0 4.1984101348
451097033 876365304
#r 0 5.0083200364
451097033 875365304
#r 0 3.1961067959
451396927 875381669
#r 0 3.8791115548
-213751703 -188883800
#r 0 2.4743908922
-213751703 -187883800
#r 0 3.2299359561
-214892886 -187984879
#r 0 4.8210279642
-871609781 -439190600
#r 0 0.1358061597
-871609781 -438190600
#r 0 0.7220758640
-872953686 -439374241
#r 0 0.7702664107
873731973 -187795839
#r 0 1.9881115123
873731973 -186795839
#r 0 1.9664197635
880933379 -204038776
#r 0 2.1511159687
476321941 -514170025
#r 0 4.3455190849
476321941 -513170025
#r 0 4.1303818700
477245560 -511766437
#r 0 4.1132824234
648529161 -258031637
#r 0 0.5943931581
648529161 -257031637
#r 0 0.5526796913
665438528 -246601968
#r 0 4.7434636370
-947200162 54478327
#r 0 0.0228808454
-947200162 53478327
#r 0 4.2804409736
-946734266 54488989
#r 0 4.4248633089
-72923073 965837855
#r 0 4.8496405842
-72923073 964837855
#r 0 4.2596603319
-72815499 965059008
#r 0 5.3191020778
533900477 -572149686
#r 0 3.3985399321
533900477 -571149686
#r 0 3.9404754500
532592577 -572493344
#r 0 2.5091070532
-787439174 -505763987
#r 0 5.8238444174
-787439174 -504763987
#r 0 5.0701107436
-786980578 -505990821
#r 0 5.0141616173
-244124713 -774407860
#r 0 5.6295637095
-244124713 -773407860
#r 0 5.8205861258
-247866603 -771541816
#r 0 5.6661578157
912688030 366379819
#r 0 5.4148917961
912688030 365379819
#r 0 5.1944712581
911317914 367998239
#r 0 5.2284485744
65744808 676218049
#r 0 5.5404584604
65744808 675218049
#r 0 5.8284320527
68074880 674078805
#r 0 0.6825972704
-530446177 836542796
#r 0 5.1858159817
-530446177 835542796
#r 0 5.5621044928
-529514261 834723658
#r 0 5.0498285399
-415563059 -298865844
#r 0 1.7763113901
-415563059 -297865844
#r 0 5.2158094457
-415898469 -297256840
#r 0 4.1177281685
-886033412 -228132643
#r 0 6.0703067628
-886033412 -227132643
#r 0 1.0777233145
-886514837 -228028581
#r 0 2.2922991554
-277974413 -935647969
#r 0 6.0686378773
-277974413 -934647969
#r 0 0.8754193734
-278680456 -935494121
#r 0 1.8884050645
200104270 740576328
#r 0 2.0461214670
200104270 739576328
#r 0 0.8341557039
200432619 739938365
#r 0 4.4757163984
-138670661 -326693416
#r 0 4.3136792195
-138670661 -325693416
#r 0 0.9929012830
-137480752 -323868861
#r 0 0.9330277006
-420259027 -893966584
#r 0 5.9951152080
-420259027 -892966584
#r 0 2.4844609706
-418154680 -894590128
#r 0 0.1887638625
-798050443 -196980374
#r 0 2.7776727576
-798050443 -195980374
#r 0 1.9082616608
-797645426 -197134639
#r 0 1.9278423913
-402542994 -134498653
#r 0 3.0328220551
-402542994 -133498653
#r 0 4.4619096337
-402791892 -134471473
#r 0 1.7243425175
508744237 816338581
#r 0 3.5938423550
508744237 815338581
#r 0 4.0091960669
510185690 817038886
#r 0 4.8155123050
-397593185 913590386
#r 0 3.9289007134
-397593185 912590386
#r 0 3.8948100071
-412698251 898427511
#r 0 5.4288832154
-443314379 -868631678
#r 0 1.0131541472
-443314379 -867631678
#r 0 5.9471312316
-442802272 -867810559
#r 0 0.9639536442
-533147680 613971414
#r 0 5.9116277180
-533147680 612971414
#r 0 1.0235005933
-532655224 613779526
#r 0 6.2759910072
-770932227 -336799630
#r 0 0.8975359578
-770932227 -335799630
#r 0 1.8710377704
-770709200 -336519999
#r 0 1.8079817786
-313801222 -169811900
#r 0 2.0887782440
-313801222 -168811900
#r 0 5.4147082046
-315546209 -166749904
#r 0 0.0556202523
396351162 236536477
#r 0 5.9708713929
396351162 235536477
#r 0 4.2209947556
396807489 236389138
#r 0 6.2826795872
653214263 -656222690
#r 0 3.4985177067
653214263 -655222690
#r 0 2.8137542988
654616772 -655699699
#r 0 1.7598684653
-126037657 252119065
#r 0 0.4308225606
-126037657 251119065
#r 0 0.4059115422
-159552016 236715297
#r 0 0.6754726186
795662488 -210263076
#r 0 2.9015036637
795662488 -209263076
#r 0 2.1506467673
796442512 -210454034
#r 0 2.3034959469
-552602322 134431660
#r 0 5.3034412661
-552602322 133431660
#r 0 2.2267160395
-547359480 126619125
#r 0 2.1687051169
-25074801 475442830
#r 0 0.6641390341
-25074801 474442830
#r 0 0.7613030009
-19198537 480042525
#r 0 0.5941550804
-581753711 58339560
#r 0 6.1229808295
-581753711 57339560
#r 0 5.7138249570
-583843675 58677276
#r 0 3.7386633040
-123676106 -141587957
#r 0 1.6307757407
-123676106 -140587957
#r 0 2.7109618454
-123737861 -140559588
#r 0 1.3826228706
-770394741 -202777594
#r 0 2.1848827106
-770394741 -201777594
#r 0 4.6278606564
-770470381 -202670306
#r 0 2.0595606933
226219170 40973701
#r 0 2.8830460127
226219170 39973701
#r 0 6.2708787125
230184926 39924894
#r 0 5.0722071324
-730767039 -317649186
#r 0 0.6977519218
-730767039 -316649186
#r 0 4.7102472297
-730769185 -317650985
#r 0 0.7085611542
313987082 -595303530
#r 0 6.2731245541
313987082 -594303530
#r 0 0.0596320213
299653021 -595159314
#r 0 1.4574799859
422385780 609464897
#r 0 0.4751535694
422385780 608464897
#r 0 4.6005293336
422504998 609526231
#r 0 4.6560128740
-283682688 -708434606
#r 0 2.4077958876
-283682688 -707434606
#r 0 5.8941001172
-285716066 -706600950
#r 0 5.3487039436
-165174039 -771223105
#r 0 4.1141679280
-165174039 -770223105
#r 0 4.3315414815
-166144688 -772647329
#r 0 2.3753867870
-595802012 -385074130
#r 0 1.2976359136
-595802012 -384074130
#r 0 5.8768747157
-595551987 -384181704
#r 0 5.7829132898
277214466 -802769623
#r 0 0.8516575451
277214466 -801769623
#r 0 2.1971492463
277610626 -802317151
#r 0 3.2208577213
-49223034 10182434
#r 0 5.8287311030
-49223034 9182434
#r 0 1.6576110308
-49313933 10226843
#r 0 4.8775318357
606551053 -19018638
#r 0 4.9707082928
606551053 -18018638
#r 0 4.3467332243
606394718 -18426958
#r 0 1.3451511176
-355498144 909755308
#r 0 5.9636024793
-355498144 908755308
#r 0 4.5603019104
-355352272 909707035
#r 0 3.8034986730
47076853 -733059593
#r 0 4.4274054040
47076853 -732059593
#r 0 0.7783325996
47488801 -731653426
#r 0 4.2758441269
-374230082 240356462
#r 0 4.8287872524
-374230082 239356462
#r 0 0.8985880039
-374128133 239484561
#r 0 3.2670528370
57914385 673072022
#r 0 1.4495200135
57914385 672072022
#r 0 4.6619384255
58000596 673779401
#r 0 5.7879939054
-434227853 -134865342
#r 0 1.4024014658
-434227853 -133865342
#r 0 1.4960383611
-434361733 -135652848
#r 0 1.7860576654
-803935016 3201268
#r 0 4.4881462959
-803935016 2201268
#r 0 3.6416663260
-804195565 2058905
#r 0 5.5810504135
612533705 664406426
#r 0 3.2649251471
612533705 663406426
#r 0 4.1980271760
613141372 664481753
#r 0 4.4938085359
-128789750 -864403732
#r 0 2.4677136615
-128789750 -863403732
#r 0 2.4164903686
-117367495 -873525400
#r 0 0.8285560232
49745228 181238661
#r 0 5.2839119271
49745228 180238661
#r 0 1.4426925685
49852543 181071794
#r 0 3.5348973314
582907428 511612935
#r 0 1.8993094114
582907428 510612935
#r 0 4.6076211376
582987790 511377175
#r 0 0.0037748114
616180789 -199370439
#r 0 2.8340436495
616180789 -198370439
#r 0 3.0056433934
610650858 -197613983
#r 0 4.3775496213
144982153 -279834439
#r 0 3.6241898901
144982153 -278834439
#r 0 6.2729678530
146854341 -278853569
#r 0 3.5323376131
-152837913 140842892
#r 0 5.6610579650
-152837913 139842892
#r 0 5.5506388059
-158320715 144774749
#r 0 6.2693883594
549838263 -730153584
#r 0 1.3493579117
549838263 -729153584
#r 0 3.9061825420
550125401 -728878154
#r 0 1.9703473911
-591139324 -247371007
#r 0 3.3816075807
-591139324 -246371007
#r 0 3.3951173593
-660741776 -264404991
#r 0 5.4408339099
-753947354 98952221
#r 0 4.2600946802
-753947354 97952221
#r 0 1.2815467780
-753179408 100532720
#r 0 5.9374522987
-98352464 -743450637
#r 0 3.9114942456
-98352464 -742450637
#r 0 2.2077962620
-97921620 -743032944
#r 0 3.7658159065
611104978 -524723090
#r 0 1.1746268531
611104978 -523723090
#r 0 2.1117779690
611351571 -524133556
#r 0 1.8643355882
-276948858 -364114257
#r 0 4.8885644557
-276948858 -363114257
#r 0 5.4335251676
-277172084 -362860325
#r 0 1.8798395445
-558362802 302376104
#r 0 6.1635424812
-558362802 301376104
#r 0 4.2428332387
-557884567 302318612
#r 0 6.2122523270
-267275647 10250653
#r 0 3.3249922894
-267275647 9250653
#r 0 3.5906308925
