701687785 -541700890
#r 0 2.1128979379
701687785 -540700890
#r 0 2.0162002468
703990055 -545523417
#r 0 1.9863583923
-499127383 633119407
#r 0 0.9805385061
-499127383 632119407
#r 0 5.7134600576
-499596146 632419687
#r 0 0.7438364421
-483608482 -622730427
#r 0 6.2089720675
-483608482 -621730427
#r 0 5.2764692532
-482944607 -622779786
#r 0 5.3009496861
-400050622 -282770132
#r 0 3.3043484838
-400050622 -281770132
#r 0 3.3794922861
-412824728 -284867747
#r 0 1.3514689316
301295572 728310821
#r 0 4.4442111536
301295572 727310821
#r 0 4.7722749256
301246353 728131712
#r 0 4.9813244430
538670319 187274473
#r 0 2.5222995071
538670319 186274473
#r 0 2.6140721504
546347786 181801649
#r 0 1.4573916414
-356518068 -65592954
#r 0 1.9202083049
-356518068 -64592954
#r 0 1.8348646524
-355469787 -68469984
#r 0 1.5261296989
-276446552 932869643
#r 0 4.8832685375
-276446552 931869643
#r 0 6.0162495714
-276265443 931820117
#r 0 6.2730073252
-550539604 -271667289
#r 0 0.0083404715
-550539604 -270667289
#r 0 3.0660428539
-538639734 -271568036
#r 0 1.6676154692
-618319202 -169265767
#r 0 2.6452305181
-618319202 -168265767
#r 0 2.5650596713
-609114165 -174251107
#r 0 4.5634115016
755102565 -188650360
#r 0 3.5892478882
755102565 -187650360
#r 0 2.1672570389
755614592 -188404502
#r 0 3.4366683300
380790345 -501424583
#r 0 4.7440950666
380790345 -500424583
#r 0 4.0611197889
380759895 -500464532
#r 0 0.9485998388
-579009961 358478730
#r 0 2.0039526477
-579009961 357478730
#r 0 0.8915450346
-578715923 357842898
#r 0 2.3493237470
299350043 -849072587
#r 0 3.1253639227
299350043 -848072587
#r 0 6.1154771813
305883079 -849178619
#r 0 1.9036290088
547958642 -796389549
#r 0 3.0737901281
547958642 -795389549
#r 0 1.9578851291
548377904 -796418020
#r 0 2.9851993219
120566706 -818818612
#r 0 3.8483412318
120566706 -817818612
#r 0 6.1684613820
121598569 -817937513
#r 0 3.8311253340
137093106 -178832048
#r 0 5.6165797285
137093106 -177832048
#r 0 0.9762210935
136651720 -178484790
#r 0 0.2911683000
-671832205 450572368
#r 0 5.2993512274
-671832205 449572368
#r 0 5.3581309916
-666158746 442042966
#r 1 -666075773 441871625
-468532303 -84888903
#r 0 2.1583202190
-468532303 -83888903
#r 0 5.8421893362
-469503593 -83430456
#r 0 0.4769801517
242220329 -192797614
#r 0 1.2367896015
242220329 -191797614
#r 0 0.9982963213
242972100 -190631175
#r 0 2.1824568520
474168597 127670696
#r 0 2.1940506252
474168597 126670696
#r 0 1.8987503445
473522583 128569393
#r 0 4.0467589858
595496296 -707793242
#r 0 2.7885082654
595496296 -706793242
#r 0 2.8981054008
587170723 -704725037
#r 0 1.5258818101
677928845 -196320030
#r 0 2.1369407707
677928845 -195320030
#r 0 2.5580633204
676833836 -194597079
#r 0 2.1113466374
134234208 -184258840
#r 0 0.5718129844
134234208 -183258840
#r 0 2.1739500484
134711449 -183951722
#r 0 5.9811969524
-222667336 -46611794
#r 0 3.3463632994
-222667336 -45611794
#r 0 1.7713407206
-222472293 -46571287
#r 0 1.8723139650
219528894 970092025
#r 0 5.6133306042
219528894 969092025
#r 0 3.3983334693
220477164 969340979
#r 0 5.6567398944
-384209398 -106897359
#r 0 2.4283006281
-384209398 -105897359
#r 0 1.3578303024
-384391559 -106739741
#r 0 2.4343729567
615373946 -411111791
#r 0 1.6493957535
615373946 -410111791
#r 0 1.6418693922
616114796 -420518019
#r 0 1.6065054711
326662212 790338362
#r 0 1.1580492934
326662212 789338362
#r 0 3.0468737387
326241801 789378302
#r 0 1.1797622804
340630368 -61653550
#r 0 3.5260743564
340630368 -60653550
#r 0 3.5430482843
290357286 -81994981
#r 0 0.4679966615
-936931568 -253662529
#r 0 6.0844665831
-936931568 -252662529
#r 0 5.9453425408
-930262016 -255005620
#r 0 0.0414132507
-55698254 -527054964
#r 0 2.7532512324
-55698254 -526054964
#r 0 2.7656496831
-125136164 -498646706
#r 0 1.5897001174
-176767589 -188188183
#r 0 1.0603848586
-176767589 -187188183
#r 0 3.0321235394
-176240147 -187246153
#r 0 3.8415638998
133207554 429148051
#r 0 6.2274529386
133207554 428148051
#r 0 5.8845130378
130471118 429300717
#r 0 5.5939763798
420725815 -425022251
#r 0 2.1954632253
420725815 -424022251
#r 0 3.2358080251
420050823 -424086034
#r 0 2.1155244329
-984543034 144270826
#r 0 5.1775449495
-984543034 143270826
#r 0 5.7407340895
-983823462 142837092
#r 0 5.1032276085
366737756 485628537
#r 0 5.0543714172
366737756 484628537
#r 0 5.1478090395
368253805 481369601
#r 0 5.1856446723
-649282821 -270779598
#r 0 5.8834790492
-649282821 -269779598
#r 0 4.6128590639
-649378639 -270739120
#r 0 1.2769353647
411724544 245564399
#r 0 2.2262211994
411724544 244564399
#r 0 3.1529741544
412486675 244573074
#r 0 3.4181262368
795592083 -315379132
#r 0 3.3476597418
795592083 -314379132
#r 0 3.3703656042
753601969 -324156505
#r 0 2.6877425053
-521849662 466816098
#r 0 4.5649875899
-521849662 465816098
#r 0 4.9828403552
-521946356 466164866
#r 0 0.6277444948
-558514126 -706353026
#r 0 1.6005704831
-558514126 -705353026
#r 0 2.4914277579
-558544599 -705329852
#r 0 2.4310714941
-218018041 -776753981
#r 0 0.5283824378
-218018041 -775753981
#r 0 1.2865614241
-218370251 -776959583
#r 0 5.6734281078
517252615 315449462
#r 0 1.1365095537
517252615 314449462
#r 0 1.5593835229
517264316 315474690
#r 0 2.3324858266
-836634468 79323631
#r 0 4.4183837981
-836634468 78323631
#r 0 4.5070930798
-835967652 81525945
#r 0 5.4087534156
-478957491 -425697431
#r 0 2.5221631391
-478957491 -424697431
#r 0 2.5007363299
-448495300 -447418439
#r 0 5.7835365865
744680137 283363242
#r 0 0.1935826831
744680137 282363242
#r 0 3.0368687275
741359489 282712270
#r 0 2.9858000298
787479252 -388621533
#r 0 3.1019359856
787479252 -387621533
#r 0 2.8460688166
791256243 -388771394
#r 0 2.9398100453
734374273 161323653
#r 0 2.7017857354
734374273 160323653
#r 0 4.2840694930
734750114 161146803
#r 0 3.5268052359
-835925574 -325109799
#r 0 0.8693263236
-835925574 -324109799
#r 0 6.1467288382
-835168581 -324213742
#r 0 0.9603172394
191098699 -491490599
#r 0 1.6765380402
191098699 -490490599
#r 0 2.4422396236
190982156 -490392565
#r 0 2.1542176631
76967052 -918743877
#r 0 0.4345596668
76967052 -917743877
#r 0 1.5815514331
76977754 -918738910
#r 0 1.6162606693
-458212991 -390070259
#r 0 5.0384810912
-458212991 -389070259
#r 0 2.9425972571
-458575904 -388997072
#r 0 0.8228078758
-561441965 -303326039
#r 0 0.0051334695
-561441965 -302326039
#r 0 3.6194973891
-563391978 -303336049
#r 0 3.5170438808
-143029320 -288205830
#r 0 1.7268065459
-143029320 -287205830
#r 0 2.3893527540
-143213755 -287033238
#r 0 0.3614552739
-217724255 370576245
#r 0 0.1544149615
-217724255 369576245
#r 0 0.4346261031
-214483584 371080669
#r 0 5.4622258382
231282029 -813119927
#r 0 3.7547104883
231282029 -812119927
#r 0 1.1896933483
230724028 -813512520
#r 0 1.6662448546
-173650117 941397434
#r 0 5.7559318872
-173650117 940397434
#r 0 6.2427957284
-171804492 940322849
#r 0 4.4046933953
-974261600 -135035256
#r 0 0.6677314459
-974261600 -134035256
#r 0 0.4393558024
-971122617 -132559954
#r 0 0.3390715164
-219071864 876570219
#r 0 3.6931079061
-219071864 875570219
#r 0 3.6743942196
-258279192 852450185
#r 0 0.7010054866
841216372 -245702053
#r 0 3.3080320387
841216372 -244702053
#r 0 3.1512016566
847530133 -244641382
#r 0 2.8125628011
-554460271 622376857
#r 0 0.1290564673
-554460271 621376857
#r 0 0.5514672537
-552399894 622644248
#r 0 5.1557470427
-710372218 -603481641
#r 0 5.8990239879
-710372218 -602481641
#r 0 0.7473070075
-711123632 -603177885
#r 0 5.8625582727
57367412 137137296
#r 0 2.5557342521
57367412 136137296
#r 0 2.4722397013
49532118 142336592
#r 0 3.9877090397
350298717 99524416
#r 0 2.0322855931
350298717 98524416
#r 0 3.3605259907
350746477 98624043
#r 0 4.5069571670
124361302 -505132095
#r 0 0.9151958179
124361302 -504132095
#r 0 2.5151796390
124855400 -504489642
#r 0 0.5163775116
-544744435 413022941
#r 0 0.0324986393
-544744435 412022941
#r 0 5.8304702766
-546671521 412960291
#r 0 2.2406395881
-119196968 -904270036
#r 0 1.7138500248
-119196968 -903270036
#r 0 0.3045470633
-119334767 -903313350
#r 0 3.3296535977
-804414631 -463783652
#r 0 0.6837344018
-804414631 -462783652
#r 0 0.9381133505
-806236230 -465267994
#r 0 1.2460967330
551441948 -761356956
#r 0 3.2214149420
551441948 -760356956
#r 0 3.3832903861
545436829 -761837319
#r 0 3.7040533558
27156741 -865736728
#r 0 0.1926576349
27156741 -864736728
#r 0 0.1398638141
45574922 -862143761
#r 0 0.1880244725
940217810 -146619311
#r 0 3.5885138534
940217810 -145619311
#r 0 3.7191285188
934416969 -149399442
#r 0 1.5556449040
-914055295 46387478
#r 0 4.9274795953
-914055295 45387478
#r 0 5.0061280185
-913268750 42787237
#r 0 4.9351573425
-936955659 -34943340
#r 0 5.4100081266
-936955659 -33943340
#r 0 5.4282073744
-960120648 -7307626
#r 0 5.3634606789
-369379595 277222742
#r 0 4.8352674204
-369379595 276222742
#r 0 2.1312325309
-369225835 275977729
#r 0 2.0909491977
-821124475 11788443
#r 0 5.9051148482
-821124475 10788443
#r 0 4.0781741228
-820555203 11562341
#r 0 5.4246222606
-490967586 616064171
#r 0 1.0601398308
-490967586 615064171
#r 0 1.0937384000
-484286932 627989206
#r 0 0.7050984868
-678074763 -588467848
#r 0 5.1021128703
-678074763 -587467848
#r 0 5.1448297796
-681803354 -579389936
#r 0 5.2949851491
217643120 -215305082
#r 0 0.9683677414
217643120 -214305082
#r 0 1.1264459579
216095772 -217555089
#r 0 3.5226715663
-682169509 -158834214
#r 0 4.2649754499
-682169509 -157834214
#r 0 1.6037410787
-682138670 -158769949
#r 0 1.5768582128
557597791 508080141
#r 0 3.4866554874
557597791 507080141
#r 0 3.4902525513
0 0
#r 0 1.7437554996
639262792 -399950495
#r 0 1.9902374013
639262792 -398950495
#r 0 2.2817332237
638338080 -397876696
#r 0 1.9029385271
61684808 -566926225
#r 0 0.7505651721
61684808 -565926225
#r 0 0.4953843536
64233694 -564549000
#r 0 4.1118688757
523190902 523430949
#r 0 4.9897228476
523190902 522430949
#r 0 4.8785263944
522782871 524864298
#r 0 4.9467287495
-97120665 -106773775
#r 0 5.0496970517
-97120665 -105773775
#r 0 1.0835485899
-97331696 -106172053
#r 0 1.4114135795
-565009351 514254679
#r 0 0.5282331856
-565009351 513254679
#r 0 0.8298707800
-563047040 515399778
#r 0 2.8737014495
334580786 -482417867
#r 0 1.1184152646
334580786 -481417867
#r 0 2.7730475825
334989981 -481575894
#r 0 1.7176057431
-302732954 278207160
#r 0 6.0936924764
-302732954 277207160
#r 0 4.6987588224
-302719359 278204552
#r 0 6.1652625443
-258338693 -552221732
#r 0 5.6153090903
-258338693 -551221732
#r 0 0.8114253354
-258881504 -551793561
#r 0 2.3897114236
-571070279 -284224233
#r 0 1.4482678568
-571070279 -283224233
#r 0 2.8982556140
-570950787 -283253898
#r 0 3.8542971205
481874853 641887316
#r 0 4.5450959257
481874853 640887316
#r 0 3.6552649557
481688198 640782007
#r 0 4.9254919024
-479273610 -106822827
#r 0 4.0880009921
-479273610 -105822827
#r 0 0.6421186440
-477711057 -104654284
#r 0 5.1380581948
-4238218 -621301856
#r 0 2.5200581395
-4238218 -620301856
#r 0 1.5479965540
-4260655 -621285786
#r 0 5.0257180929
-213551122 -22815755
#r 0 4.8063299395
-213551122 -21815755
#r 0 0.2551293662
-213643081 -21839739
#r 0 1.4537155026
-874003763 -51756842
#r 0 4.3989749645
-874003763 -50756842
#r 0 4.3404607744
-872087869 -45845340
#r 0 4.4034154083
-191082364 -706539912
#r 0 0.9181883249
-191082364 -705539912
#r 0 5.1757173578
-190780243 -706144636
#r 0 5.0929696453
-712230836 221529366
#r 0 5.5214615204
-712230836 220529366
#r 0 5.4386791479
-718042749 227072408
#r 0 5.8585300608
-780382671 126943689
#r 0 5.9189681938
-780382671 125943689
#r 0 5.7925063749
-786917106 129434780
#r 0 5.0597888717
-236286024 -513307999
#r 0 0.6645253755
-236286024 -512307999
#r 0 0.5633386508
-229697169 -508146410
#r 0 0.6472267540
432125842 146983063
#r 0 2.0512792327
432125842 145983063
#r 0 4.2149328033
432391788 146472831
#r 0 2.8805380723
-261116530 -918750953
#r 0 3.2948227014
-261116530 -917750953
#r 0 3.3650027734
-274859941 -920873495
#r 0 3.3391037515
118024946 613168088
#r 0 1.7415170704
118024946 612168088
#r 0 3.8191725437
118176343 612289912
#r 0 5.1337492679
-464226731 -787773296
#r 0 0.6841821773
-464226731 -786773296
#r 0 1.9863594661
-463902249 -787508648
#r 0 2.0193371111
-243669211 -909135288
#r 0 0.5312290018
-243669211 -908135288
#r 0 3.5210904429
-238370878 -906022151
#r 0 0.5352507653
-477273716 873997373
#r 0 5.4671997997
-477273716 872997373
#r 0 5.4386195277
0 0
#r 0 5.5191726563
-723337552 322551553
#r 0 5.9194004965
-723337552 321551553
#r 0 0.1906373131
-721594514 321887926
#r 0 5.2588239607
-109826943 -461038229
#r 0 3.3407392276
-109826943 -460038229
#r 0 3.3906552545
-128866602 -464880845
#r 0 0.0974986264
273596302 -710435175
#r 0 1.5250232672
273596302 -709435175
#r 0 5.4214415436
273639785 -709485862
#r 0 3.4494431528
-495340295 -231301155
#r 0 2.6817509062
-495340295 -230301155
#r 0 1.3765274462
-495519576 -231212366
#r 0 1.1302614588
-335666797 -774290530
#r 0 2.1919316069
-335666797 -773290530
#r 0 5.9599466280
-336608068 -772975216
#r 0 6.0397110029
-44434562 -424288087
#r 0 6.1295088500
-44434562 -423288087
#r 0 6.1845203128
-62320017 -421517670
#r 0 6.1932924773
482272679 648017210
#r 0 4.4893840274
482272679 647017210
#r 0 4.8672922958
482180202 647609423
#r 0 4.3673955817
-848718430 -335529233
#r 0 0.9219857288
-848718430 -334529233
#r 0 0.8703845599
-841167735 -325572220
#r 0 0.9577867352
-538168394 -366123595
#r 0 2.9653420245
-538168394 -365123595
#r 0 2.5160025831
-536331116 -366450812
#r 0 2.6255077482
780704324 -493859950
#r 0 2.6255434222
780704324 -492859950
#r 0 2.4991966459
786230804 -496995275
#r 0 2.3942314142
101574837 -660299922
#r 0 4.6278831399
101574837 -659299922
#r 0 5.9049172095
101656786 -659332489
#r 0 1.2550731472
274165912 -778182756
#r 0 0.1301913229
274165912 -777182756
#r 0 6.2539537104
280409207 -777365309
#r 0 2.2379789096
-30247511 -354320033
#r 0 5.0699060480
-30247511 -353320033
#r 0 5.0869372819
-37765224 -334196100
#r 0 1.4785252712
196232884 -273237791
#r 0 2.4653751354
196232884 -272237791
#r 0 2.8992135663
194431682 -271792462
#r 0 2.3173103092
-43571381 -254057842
#r 0 0.6890694591
-43571381 -253057842
#r 0 0.5864806131
-37294013 -248886716
#r 0 0.6453720367
245238934 77228773
#r 0 2.3327957440
245238934 76228773
#r 0 4.7992212048
245143145 77329153
#r 0 3.9323020874
691449954 36763389
#r 0 2.1572597561
691449954 35763389
#r 0 2.2681593834
694661276 31930305
#r 0 2.2348122398
305194638 -415436078
#r 0 0.4410261134
305194638 -414436078
#r 0 4.9394778094
305402987 -415337730
#r 0 0.4910362538
326597884 -216545057
#r 0 1.5253473683
326597884 -215545057
#r 0 5.0621130501
326638322 -215655931
#r 0 2.3496334934
48717586 -293671845
#r 0 3.0466685732
48717586 -292671845
#r 0 4.3716630868
48374610 -293639190
#r 0 5.9923021147
530625494 -89118625
#r 0 1.1714961638
530625494 -88118625
#r 0 4.6483380770
530549859 -89297868
#r 0 3.2529710143
42124448 645983829
#r 0 5.3259020406
42124448 644983829
#r 0 1.6945906970
41973310 646198464
#r 0 0.9515962707
-178491570 670902010
#r 0 2.9746730886
-178491570 669902010
#r 0 3.4156228973
-176267317 670527252
#r 0 3.3466580118
78464923 432039983
#r 0 3.2217360679
78464923 431039983
#r 0 5.7853271045
76861948 431911239
#r 0 4.4471277394
160031141 -417843750
#r 0 5.7613524937
160031141 -416843750
#r 0 5.6835735033
169241871 -423139902
#r 0 5.7427399159
-430166093 553065446
#r 0 5.6271152793
-430166093 552065446
#r 0 0.4618295349
-429377173 552458115
#r 0 4.9540919816
17710008 853207122
#r 0 5.7295044606
17710008 852207122
#r 0 5.4272254983
15837095 854364921
#r 0 5.6853737071
14875479 -715975258
#r 0 3.8308537095
14875479 -714975258
#r 0 1.0264518873
13667517 -716970733
#r 0 1.8768448971
-415569731 -638404763
#r 0 1.3180658237
-415569731 -637404763
#r 0 0.5775926527
-415259215 -637202389
#r 0 5.7977611144
-773961145 -176289730
#r 0 0.5545302291
-773961145 -175289730
#r 0 0.4908536726
-762178496 -168992079
#r 0 0.0336642614
940988252 -325744210
#r 0 2.8546542179
940988252 -324744210
#r 0 2.9224777714
927174456 -321668013
#r 0 3.1583321787
-826089410 389315028
#r 0 5.2437775287
-826089410 388315028
#r 0 5.4578289806
-824471332 386562182
#r 0 0.8224246333
787581078 -76307990
#r 0 3.5587814380
787581078 -75307990
#r 0 3.3510372795
791916783 -74386384
#r 0 3.1741764055
-720594767 -54294382
#r 0 0.3512527768
-720594767 -53294382
#r 0 5.1816118906
-720167212 -54137705
#r 0 0.9930073640
594911311 732837332
#r 0 3.2098153581
594911311 731837332
#r 0 3.4648598306
598660975 733093542
#r 0 4.0364020385
288809318 -738112341
#r 0 1.9223676955
288809318 -737112341
#r 0 5.3601680596
288097416 -736171550
#r 0 1.7921007606
-344837829 -486706031
#r 0 1.6139048346
-344837829 -485706031
#r 0 0.0142227176
-344880938 -485706644
#r 0 1.0542455872
-62712054 -847301326
#r 0 1.3088578989
-62712054 -846301326
#r 0 3.0105597048
-62453105 -846335452
#r 0 2.8636889566
-250419138 -693493865
#r 0 2.3849667722
-250419138 -692493865
#r 0 5.4349064776
-245165358 -698453695
#r 0 5.4118586854
366755340 -91389671
#r 0 2.6786102833
366755340 -90389671
#r 0 2.7810813727
358570831 -87304220
#r 0 3.5054351973
961566412 68953195
#r 0 3.4227892065
961566412 67953195
#r 0 3.9340314416
962945093 69351427
#r 0 3.3156438873
597164501 -516317146
#r 0 2.9856433679
597164501 -515317146
#r 0 1.5602912627
597154013 -516315497
#r 0 2.7852396285
-877313621 -335845740
#r 0 0.0072133386
-877313621 -334845740
#r 0 6.2549842293
-849082594 -335642097
#r 0 0.4782175374
-380835327 -806301119
#r 0 5.4062952226
-380835327 -805301119
#r 0 5.3852481149
-361896405 -829066313
#r 0 6.1088417443
822465216 -184570263
#r 0 2.3078851524
822465216 -183570263
#r 0 2.1677179871
825169463 -187549278
#r 0 3.7075177692
186036512 447263379
#r 0 0.0349898109
186036512 446263379
#r 0 2.4298610285
184922366 447224379
#r 0 5.6710067429
-324336703 -906969741
#r 0 0.1269774239
-324336703 -905969741
#r 0 1.5093983017
-324398665 -906977651
#r 0 5.8852772639
-23877194 30146238
#r 0 3.6563742829
-23877194 29146238
#r 0 0.5673486150
-9906985 38048533
#r 1 -9393392 38042617
-646955563 126488175
#r 0 5.7300911711
-646955563 125488175
#r 0 5.4745049046
-649279454 127922877
#r 0 4.6190412969
647455009 119171730
#r 0 3.0653616932
647455009 118171730
#r 0 2.3839621318
646305019 119259565
#r 0 3.0995609710
-614105525 708095676
#r 0 6.2763238754
-614105525 707095676
#r 0 0.7602971836
-613061552 708088513
#r 0 6.2609967896
-144601442 -246545691
#r 0 5.4621774932
-144601442 -245545691
#r 0 1.2389839047
-144852938 -246275614
#r 0 2.6585235825
-755786970 456770808
#r 0 0.6797476813
-755786970 455770808
#r 0 0.6706772598
-822959571 402478946
#r 0 5.6155205687
-942398078 -178453409
#r 0 5.9916914692
-942398078 -177453409
#r 0 0.1195195518
-944778281 -177739252
#r 0 0.9566490811
711522906 98276513
#r 0 2.9417496821
711522906 97276513
#r 0 2.8125919519
704321520 99735129
#r 0 2.8904759486
-865732126 -389513957
#r 0 0.3577034279
-865732126 -388513957
#r 0 5.4481195613
-865055719 -389261128
#r 0 0.9317694769
457994694 -775492143
#r 0 3.1076581750
457994694 -774492143
#r 0 3.0572304779
477751538 -776162839
#r 0 3.2791417434
223679184 -734348721
#r 0 4.3462260063
223679184 -733348721
#r 0 4.2581634419
225465382 -729690558
#r 0 2.5188972679
590989480 604339845
#r 0 4.1985394609
590989480 603339845
#r 0 4.1986150699
0 0
#r 0 4.4246410546
33739637 326385330
#r 0 0.1209277822
33739637 325385330
#r 0 2.1952135759
33077059 326304813
#r 0 1.4669232474
107088828 -31836439
#r 0 1.1781248956
107088828 -30836439
#r 0 1.0541201161
108617121 -28146525
#r 0 0.9076274000
-86557720 15314172
#r 0 5.6714707878
-86557720 14314172
#r 0 5.7446443654
-76944732 8570912
#r 0 5.5312785395
187576655 288198927
#r 0 0.3959134787
187576655 287198927
#r 0 3.9191045836
189342297 288936938
#r 0 0.7563649927
376013911 294524797
#r 0 0.2062630353
376013911 293524797
#r 0 0.3123303460
384812074 296365714
#r 0 0.2069523165
278966036 620220652
#r 0 2.4107518176
278966036 619220652
#r 0 2.5659871692
283005994 616599101
#r 0 5.1833746077
-721859489 -551390151
#r 0 1.2387968560
-721859489 -550390151
#r 0 5.4464262056
-721610047 -550666628
#r 0 1.1490584257
388898961 -22604958
#r 0 5.2216607232
388898961 -21604958
#r 0 3.8166054360
388513049 -21913859
#r 0 3.8875170295
-862956667 140643757
#r 0 1.0389508200
-862956667 139643757
#r 0 5.9495761576
-863445404 139813135
#r 0 5.9405711462
-64393835 -548376194
#r 0 5.1923959250
-64393835 -547376194
#r 0 1.4010919286
-64522756 -548128565
#r 0 1.0531499612
-682022435 430113840
#r 0 1.3061500664
-682022435 429113840
#r 0 1.3235614700
-678345814 443680565
#r 0 0.7858724019
129522077 617343422
#r 0 1.5850446773
129522077 616343422
#r 0 5.0361155175
129536958 616299070
#r 0 1.9577592722
-709725211 -135667791
#r 0 0.4208061497
-709725211 -134667791
#r 0 0.3512089983
-697400928 -130152183
#r 0 0.4018007563
882172595 169931446
#r 0 3.4387021428
882172595 168931446
#r 0 4.2335159352
882789900 170120447
#r 0 2.4462361341
29768177 179516482
#r 0 4.1485472552
29768177 178516482
#r 0 2.6536575391
29294744 178767751
#r 0 4.1144647091
258981388 553416150
#r 0 2.7819648724
258981388 552416150
#r 0 4.6784682331
259014894 553403552
#r 0 4.2866101301
867622611 474026919
#r 0 4.2243779260
867622611 473026919
#r 0 3.5033890011
866958321 472775515
#r 0 4.1188896258
494169261 705240858
#r 0 2.3386588897
494169261 704240858
#r 0 2.2080298610
490996565 708526822
#r 0 4.4415527141
122469093 -725635014
#r 0 4.7401154925
122469093 -724635014
#r 0 5.7205463509
122440866 -724617213
#r 0 4.8213300044
-603116602 -663308573
#r 0 2.4623150774
-603116602 -662308573
#r 0 2.6255889279
-607279805 -659946923
#r 0 2.6052394676
-145539966 -887360284
#r 0 0.9963652913
-145539966 -886360284
#r 0 1.3382308806
-145913514 -887937425
#r 0 3.3860581438
682414660 608429595
#r 0 2.6203879548
682414660 607429595
#r 0 5.3206116738
681254632 609095640
#r 0 4.1324915587
-490982295 -354183775
#r 0 1.2451257781
-490982295 -353183775
#r 0 2.7276993178
-490688223 -353312952
#r 0 5.0878139430
-802812116 -220135267
#r 0 5.6131631754
-802812116 -219135267
#r 0 0.2085838031
-803808179 -219346096
#r 0 0.5972834077
250470454 471718324
#r 0 4.6828147540
250470454 470718324
#r 0 2.1244154311
250442222 470763999
#r 0 6.1709840349
439852827 37625603
#r 0 3.9117565736
439852827 36625603
#r 0 0.4271127534
437910534 35741605
#r 0 1.6496567013
-160210028 -311873695
#r 0 0.4385840193
-160210028 -310873695
#r 0 2.2958636497
-159584100 -311580102
#r 0 1.8826855020
378118500 -176315695
#r 0 0.8198911196
378118500 -175315695
#r 0 4.7666526946
378169830 -176260696
#r 0 4.7855006419
-866575725 -214630372
#r 0 0.5747739373
-866575725 -213630372
#r 0 0.5384489446
-846734981 -201779035
#r 0 0.4127043101
135413484 36622920
#r 0 3.4879040321
135413484 35622920
#r 0 4.2006444296
136117903 36877112
#r 0 5.2491570138
133848038 926203271
#r 0 3.4221240956
133848038 925203271
#r 0 3.2590428484
127970406 924509750
#r 0 5.0668077616
152317393 -838586251
#r 0 3.4639775534
152317393 -837586251
#r 0 4.4548402719
152028584 -838682724
#r 0 4.3771963106
866394399 -388688067
#r 0 2.5955710605
866394399 -387688067
#r 0 3.0790722680
864559680 -387573210
#r 0 2.6663976577
-110683473 -855371776
#r 0 3.5200776544
-110683473 -854371776
#r 0 2.4274115683
-109892635 -855057294
#r 0 2.3405531790
-778756986 -564076853
#r 0 0.9769832803
-778756986 -563076853
#r 0 5.9849692461
-778197909 -563248704
#r 0 5.8389020473
-737950047 -439455128
#r 0 0.4875833795
-737950047 -438455128
#r 0 1.4429891119
-738087952 -439528258
#r 0 0.9655040036
-609784449 -471338019
#r 0 0.6477552553
-609784449 -470338019
#r 0 4.4194943144
-610175176 -471633670
#r 0 1.2967812588
-23189346 649857189
#r 0 2.4501534513
-23189346 648857189
#r 0 2.4420902282
-96290814 710367553
#r 0 5.7695589933
919027675 186956176
#r 0 4.2618052629
919027675 185956176
#r 0 4.0721562991
917647648 184103557
#r 0 1.6218814423
-462062882 -817316296
#r 0 0.5178473651
-462062882 -816316296
#r 0 0.7924963694
-464312140 -818597714
#r 0 5.7683396430
-122964257 -333624352
#r 0 1.5700753505
-122964257 -332624352
#r 0 3.6519632823
-122963536 -332623948
#r 0 0.7164877571
-340634393 559951828
#r 0 6.2317715086
-340634393 558951828
#r 0 4.4723846198
-340392715 559939391
#r 0 5.6350213781
-909594700 -252680642
#r 0 0.8180618472
-909594700 -251680642
#r 0 6.2432139466
-908691807 -251716751
#r 0 0.9725632575
43912064 302995607
#r 0 3.5988563202
43912064 301995607
#r 0 3.4582722313
37827006 300001483
#r 0 5.1186791930
117420708 890129395
#r 0 2.7668242178
117420708 889129395
#r 0 3.7417970137
118348527 889764429
#r 0 4.6791226895
-468178342 -347725758
#r 0 5.8322148973
-468178342 -346725758
#r 0 1.1983444990
-468506873 -347566666
#r 0 4.2720181392
71200613 -222501511
#r 0 3.4239861551
71200613 -221501511
#r 0 3.1978605187
75477403 -221260611
#r 0 0.4174595588
-243623499 -789879633
#r 0 1.4061873505
-243623499 -788879633
#r 0 5.8998622964
-243467816 -788942415
#r 0 1.4598896485
-769324329 107708350
#r 0 5.9180041585
-769324329 106708350
#r 0 0.8250076734
-768641670 107447349
#r 0 4.1096972994
635566251 196520845
#r 0 4.5680906549
635566251 195520845
#r 0 4.5801965684
637131946 207295832
#r 0 2.9224315309
195202581 -473800941
#r 0 1.7741252716
195202581 -472800941
#r 0 1.8046994462
193671549 -466375169
#r 0 1.7649590857
308865562 -904406367
#r 0 0.5433034535
308865562 -903406367
#r 0 0.5187328758
339124159 -886132323
#r 0 0.5034122062
710295145 -265660052
#r 0 2.8349800155
710295145 -264660052
#r 0 4.1226544818
709742959 -265485232
#r 0 3.2259630921
-659887626 -690524746
#r 0 1.6041248490
-659887626 -689524746
#r 0 1.5825786523
-659869403 -691071312
#r 0 1.4890082974
582191960 -738122481
#r 0 3.6481876699
582191960 -737122481
#r 0 3.7187486593
571798503 -743889778
#r 0 3.6283644304
619956929 619639294
#r 0 4.4720018618
619956929 618639294
#r 0 4.3230294151
619348032 617155289
#r 0 2.9934832294
279378978 182926265
#r 0 2.9879768365
279378978 181926265
#r 0 5.2705894613
278687695 183033300
#r 0 2.9782871696
-31041134 -356688329
#r 0 1.4694401876
-31041134 -355688329
#r 0 5.0949130512
-30959951 -355890105
#r 0 5.0884375040
531322273 778893238
#r 0 2.6696798039
531322273 777893238
#r 0 4.7044353559
531330195 778889195
#r 0 4.7711581744
-409016762 -551302065
#r 0 3.4255223023
-409016762 -550302065
#r 0 3.4069545646
-359122997 -536742379
#r 0 5.8442336477
-242530425 -410578653
#r 0 5.4931450312
-242530425 -409578653
#r 0 5.5009642303
-306380608 -346132902
#r 0 1.7347150105
280793211 -921368331
#r 0 0.8926554074
280793211 -920368331
#r 0 2.8979449323
281464392 -920535177
#r 0 2.8440347682
730390034 137322819
#r 0 3.2416779017
730390034 136322819
#r 0 3.3005095361
747099156 139000762
#r 0 3.3259967963
336241334 349827929
#r 0 3.3150252588
336241334 348827929
#r 0 3.1597322737
329873978 348712415
#r 0 3.2158247387
182629508 -60733374
#r 0 3.8744886177
182629508 -59733374
#r 0 3.8956913976
157077199 -83734193
#r 0 1.2353189239
-14583895 -391538609
#r 0 5.1506907453
-14583895 -390538609
#r 0 2.2145980858
-15832291 -388875123
#r 0 5.0151659622
-529968658 -541423045
#r 0 0.2404993732
-529968658 -540423045
#r 0 3.7300717000
-532337714 -542004047
#r 0 1.0489020330
-295721070 -115687762
#r 0 2.6935686946
-295721070 -114687762
#r 0 5.2438045366
-294901788 -116081526
#r 0 2.1891445955
-860392259 105310463
#r 0 6.0499450476
-860392259 104310463
#r 0 5.0082467362
-860720856 105388526
#r 0 5.2948426309
134282577 690186611
#r 0 1.8188115896
134282577 689186611
#r 0 1.7613405448
133473162 693382990
#r 0 1.8715852133
120775521 105317247
#r 0 5.2096450966
120775521 104317247
#r 0 3.6248790759
121197947 104538934
#r 0 4.6426806162
705482076 -427802156
#r 0 2.3595131170
705482076 -426802156
#r 0 2.9712824753
704264655 -426592789
#r 0 2.3754927874
67711290 -820628312
#r 0 4.8983142982
67711290 -819628312
#r 0 4.9323372969
66525636 -814324918
#r 0 1.8260749977
433987350 508403551
#r 0 3.9299574115
433987350 507403551
#r 0 6.1903234820
433077499 507488285
#r 0 4.1093848596
-118050258 19266698
#r 0 1.5310167351
-118050258 18266698
#r 0 5.9397293288
-118089500 18280732
#r 0 3.1911455888
-797637337 -148047045
#r 0 2.6219085313
-797637337 -147047045
#r 0 2.6450050203
-830681497 -129141077
#r 0 2.6520282024
-297627869 -312378482
#r 0 3.2065307346
-297627869 -311378482
#r 0 1.0067866857
-298287554 -312421381
#r 0 5.8947775547
526708312 738674488
#r 0 2.5545547561
526708312 737674488
#r 0 3.0035933290
528608037 737410650
#r 0 4.0071878665
902408713 326691638
#r 0 0.0353378461
902408713 325691638
#r 0 3.1091654840
887657515 326170145
#r 0 0.1573855268
194389026 724215994
#r 0 2.8630760322
194389026 723215994
#r 0 3.2363006109
197014104 723465356
#r 0 2.8266499732
479784988 -770379991
#r 0 3.1121363717
479784988 -769379991
#r 0 3.1317615773
428851404 -768879243
#r 0 3.2842198001
-131810955 348029062
#r 0 4.1297539039
-131810955 347029062
#r 0 4.5381250916
-131570722 348393636
#r 0 1.7183817799
586522933 -217901995
#r 0 3.9470032738
586522933 -216901995
#r 0 3.8108094532
590525052 -213736399
#r 0 1.9816595031
-187748036 23994930
#r 0 3.7929460556
-187748036 22994930
#r 0 2.1385862701
-188177203 23667758
#r 0 1.1844891660
352205545 -810872443
#r 0 0.6592759456
352205545 -809872443
#r 0 5.0840066700
352504870 -810640483
#r 0 5.0587073450
-281264150 625950435
#r 0 2.6983251452
-281264150 624950435
#r 0 2.7572823771
-267051352 619202506
#r 0 2.6645470716
805993669 -555805939
#r 0 2.3317674519
805993669 -554805939
#r 0 2.2674359018
812876746 -563033773
#r 0 2.0203744982
109176579 830254230
#r 0 2.1895053080
109176579 829254230
#r 0 4.7591012236
109126548 830324502
#r 0 2.1898850591
454603456 -115132683
#r 0 5.2261608008
454603456 -114132683
#r 0 1.7383949740
454845082 -115560854
#r 0 2.7714776216
-841858840 456991149
#r 0 5.4020726608
-841858840 455991149
#r 0 0.5526895297
-841312159 456328348
#r 0 0.3775483070
-394302774 -111391377
#r 0 1.3002266213
-394302774 -110391377
#r 0 4.2087510034
-393744273 -109377829
#r 0 5.2608306236
-44928054 515757560
#r 0 2.6975471568
-44928054 514757560
#r 0 2.3750939248
-46980743 516734090
#r 0 0.9198203880
-121117037 -740886462
#r 0 4.6487229585
-121117037 -739886462
#r 0 5.7603240639
-121055544 -739921904
#r 0 4.5695054827
-104972969 -794518837
#r 0 4.0411482353
-104972969 -793518837
#r 0 4.0670597127
-119411578 -812697171
#r 0 4.1074228830
-228728329 -70115130
#r 0 0.4384302021
-228728329 -69115130
#r 0 2.8060263819
-227505267 -69541680
#r 0 4.3352197709
211817052 -353830981
#r 0 4.2652152738
211817052 -352830981
#r 0 4.3297706190
209314454 -359049359
#r 0 4.3832419538
714039536 -444378998
#r 0 2.4296624788
714039536 -443378998
#r 0 2.3624291365
722057664 -451297764
#r 0 2.0151756172
210279624 -719446913
#r 0 1.3693691043
210279624 -718446913
#r 0 2.1741263347
210437140 -718675517
#r 0 4.1707478487
-252990652 907596128
#r 0 4.8074879049
-252990652 906596128
#r 0 4.7483292120
-253048361 908201128
#r 0 4.7479032902
-111775591 385835601
#r 0 4.7813304956
-111775591 384835601
#r 0 2.5870117240
-111703455 384790918
#r 0 2.6429339930
-751715650 246572132
#r 0 4.9420332520
-751715650 245572132
#r 0 6.1258568720
-751472879 245533619
#r 0 5.4639926046
734240015 -107718197
#r 0 1.9653311664
734240015 -106718197
#r 0 3.1791216991
733830058 -106733590
#r 0 1.9762843698
451097033 876365304
#r 0 3.3818435933
451097033 875365304
#r 0 3.2576156537
443311070 874457878
#r 0 3.2677748181
-213751703 -188883800
#r 0 2.8012794639
-213751703 -187883800
#r 0 2.8047261977
-471871524 -97486334
#r 0 3.9191917348
-871609781 -439190600
#r 0 0.2189128142
-871609781 -438190600
#r 0 5.4681140001
-870830757 -439017284
#r 0 5.9475310211
873731973 -187795839
#r 0 3.1351815597
873731973 -186795839
#r 0 3.4901449351
871027808 -187778502
#r 0 3.3603457793
476321941 -514170025
#r 0 1.5935608591
476321941 -513170025
#r 0 2.3194179034
476298601 -513144901
#r 0 2.1709550262
648529161 -258031637
#r 0 4.2596362204
648529161 -257031637
#r 0 3.1904528330
649027469 -257007270
#r 0 4.3242498982
-947200162 54478327
#r 0 5.6619897756
-947200162 53478327
#r 0 5.1745791692
-947974400 55032461
#r 0 6.1259599961
-72923073 965837855
#r 0 5.9587997072
-72923073 964837855
#r 0 6.0117772292
-55678448 960039113
#r 0 5.9266032100
533900477 -572149686
#r 0 4.2115365798
533900477 -571149686
#r 0 3.8492110221
534929931 -570269095
#r 0 1.7267137501
-787439174 -505763987
#r 0 5.8189861848
-787439174 -504763987
#r 0 1.2503524147
-787723766 -505621495
#r 0 5.4251006542
-244124713 -774407860
#r 0 1.3838932761
-244124713 -773407860
#r 0 1.2706111626
-243638642 -771837554
#r 0 4.5460493301
912688030 366379819
#r 0 4.9998710547
912688030 365379819
#r 0 4.9575185633
911062853 371876359
#r 0 5.0021895142
65744808 676218049
#r 0 0.9740209064
65744808 675218049
#r 0 2.9539239552
65143037 675332327
#r 0 1.7219148600
-530446177 836542796
#r 0 0.0816971365
-530446177 835542796
#r 0 4.3108173664
-530006233 836578818
#r 0 5.8592795215
-415563059 -298865844
#r 0 1.3568486050
-415563059 -297865844
#r 0 1.2537265074
-414919985 -295906091
#r 0 0.7232599552
-886033412 -228132643
#r 0 6.1707476236
-886033412 -227132643
#r 0 1.5527136221
-886051460 -228130605
#r 0 0.9350497141
-277974413 -935647969
#r 0 1.9961050185
-277974413 -934647969
#r 0 2.0945100160
-280074667 -931011188
#r 0 2.1123342107
200104270 740576328
#r 0 5.2876411883
200104270 739576328
#r 0 3.3125038317
200687413 739676976
#r 0 5.6054494156
-138670661 -326693416
#r 0 5.7016873991
-138670661 -325693416
#r 0 2.3622470834
-135646370 -328681317
#r 0 2.2131713040
-420259027 -893966584
#r 0 1.2853272815
-420259027 -892966584
#r 0 0.8139708774
-419833221 -892515722
#r 0 6.0966253890
-798050443 -196980374
#r 0 5.7062303146
-798050443 -195980374
#r 0 5.7303224788
-827659082 -177710331
#r 0 5.7252062744
-402542994 -134498653
#r 0 1.2883353650
-402542994 -133498653
#r 0 0.4762283180
-402201677 -133322593
#r 0 1.2263754430
508744237 816338581
#r 0 4.1954645462
508744237 815338581
#r 0 2.8255375286
508264868 815495343
#r 0 3.2801683912
-397593185 913590386
#r 0 4.0844735991
-397593185 912590386
#r 0 5.0462508871
-397827890 913267069
#r 0 4.0559930636
-443314379 -868631678
#r 0 5.8884911769
-443314379 -867631678
#r 0 0.0742133379
-445351442 -867783133
#r 0 0.1240585534
-533147680 613971414
#r 0 3.6664312478
-533147680 612971414
#r 0 5.1557917778
-533520187 613755731
#r 0 0.7492144255
-770932227 -336799630
#r 0 1.2102729207
-770932227 -335799630
#r 0 1.1149280222
-769300916 -332472553
#r 0 6.2657684774
-313801222 -169811900
#r 0 0.0086883265
-313801222 -168811900
#r 0 0.0069321860
255594418 -164864680
#r 0 2.8952992373
396351162 236536477
#r 0 0.8563677002
396351162 235536477
#r 0 1.3101159809
396736405 236980684
#r 0 1.5790884325
653214263 -656222690
#r 0 3.8611940109
653214263 -655222690
#r 0 1.6646990296
653301262 -656146447
#r 0 1.7536878669
-126037657 252119065
#r 0 0.8431749692
-126037657 251119065
#r 0 6.0873846787
-126794587 251269196
#r 0 6.0408044945
795662488 -210263076
#r 0 3.5360499504
795662488 -209263076
#r 0 1.3383505603
795399886 -210372391
#r 0 2.2432947084
-552602322 134431660
#r 0 1.1277809217
-552602322 133431660
#r 0 4.3078974665
-548222087 143663519
#r 0 4.7750521467
-25074801 475442830
#r 0 5.1383776274
-25074801 474442830
#r 0 3.6714406953
-24716307 474652804
#r 0 5.9012602939
-581753711 58339560
#r 0 4.2631128926
-581753711 57339560
#r 0 4.2040764795
-585336329 50909249
#r 0 0.4857976722
-123676106 -141587957
#r 0 5.5295010889
-123676106 -140587957
#r 0 3.0688660833
-124831312 -140503794
#r 0 2.1007907754
-770394741 -202777594
#r 0 5.5003717922
-770394741 -201777594
#r 0 5.4563748805
-759478926 -213637127
#r 0 5.4449309166
226219170 40973701
#r 0 3.2831805758
226219170 39973701
#r 0 4.9311753139
226003655 40942981
#r 0 3.2588829842
-730767039 -317649186
#r 0 1.3747000025
-730767039 -316649186
#r 0 1.2951059575
-730099976 -314291191
#r 0 5.8876112402
313987082 -595303530
#r 0 2.7149292794
313987082 -594303530
#r 0 4.0677367180
313426773 -595048820
#r 0 2.9233885170
422385780 609464897
#r 0 5.3672380191
422385780 608464897
#r 0 4.1651026091
422725535 609022441
#r 0 3.9548248974
-283682688 -708434606
#r 0 2.3536000326
-283682688 -707434606
#r 0 5.9016507033
-285338292 -706770389
#r 0 1.1602369132
-165174039 -771223105
#r 0 5.1693461231
-165174039 -770223105
#r 0 5.2616550809
-167672942 -766140570
#r 0 5.1511609243
-595802012 -385074130
#r 0 0.5079922836
-595802012 -384074130
#r 0 2.5027840783
-595032437 -384645688
#r 0 2.4709725690
277214466 -802769623
#r 0 3.4274845939
277214466 -801769623
#r 0 5.7196302811
278294546 -802452140
#r 0 3.6155796418
-49223034 10182434
#r 0 3.3771219758
-49223034 9182434
#r 0 3.2988595013
-61506978 7234491
#r 0 3.1696990808
606551053 -19018638
#r 0 2.1035521690
606551053 -18018638
#r 0 1.4469623672
606448278 -18844332
#r 0 1.4043101048
-355498144 909755308
#r 0 5.8701142252
-355498144 908755308
#r 0 4.9209077168
-355731367 909857527
#r 0 4.8588865958
47076853 -733059593
#r 0 4.9787650978
47076853 -732059593
#r 0 4.9069943302
47786729 -735661200
#r 0 4.8997557429
-374230082 240356462
#r 0 5.5085160555
-374230082 239356462
#r 0 0.0107276800
-373219468 239367304
#r 0 0.5930771641
57914385 673072022
#r 0 0.7677658381
57914385 672072022
#r 0 0.8403811091
64530534 679458874
#r 0 1.8012875753
-434227853 -134865342
#r 0 2.1354082174
-434227853 -133865342
#r 0 3.0097197804
-434919341 -133773621
#r 0 2.1629807252
-803935016 3201268
#r 0 3.9766671984
-803935016 2201268
#r 0 5.0955669129
-804213925 2893175
#r 0 4.0235386555
612533705 664406426
#r 0 5.5575256036
612533705 663406426
#r 0 3.8668963647
613097521 663906247
#r 0 5.3525720584
-128789750 -864403732
#r 0 1.7463994468
-128789750 -863403732
#r 0 1.7103317522
-128115924 -868201420
#r 0 1.6781376154
49745228 181238661
#r 0 2.8090503752
49745228 180238661
#r 0 5.5318774534
48046496 181825348
#r 0 0.3877380509
582907428 511612935
#r 0 3.4709363545
582907428 510612935
#r 0 3.4513127345
536978653 495914859
#r 0 3.0456288853
616180789 -199370439
#r 0 1.8339149008
616180789 -198370439
#r 0 3.4832707484
615934973 -198457858
#r 0 4.7144614887
144982153 -279834439
#r 0 0.8670922949
144982153 -278834439
#r 0 4.8892390589
145129781 -279660481
#r 0 0.8533596553
-152837913 140842892
#r 0 4.0947399406
-152837913 139842892
#r 0 0.4400925050
-153905340 139340247
#r 0 5.8685512188
549838263 -730153584
#r 0 3.8619374848
549838263 -729153584
#r 0 2.6912384089
550572925 -729508787
#r 0 1.5633024009
-591139324 -247371007
#r 0 3.1468655786
-591139324 -246371007
#r 0 2.2362632470
-590357657 -247366885
#r 0 2.2455301695
-753947354 98952221
#r 0 4.2214682688
-753947354 97952221
#r 0 5.8909398453
-754385117 98133316
#r 0 0.0968451966
-98352464 -743450637
#r 0 4.3262879655
-98352464 -742450637
#r 0 4.3446900494
-105709037 -761547793
#r 0 1.3268143320
611104978 -524723090
#r 0 1.9826407421
611104978 -523723090
#r 0 4.1326938889
610842964 -524123275
#r 0 1.5105545903
-276948858 -364114257
#r 0 5.3846741346
-276948858 -363114257
#r 0 4.6720435576
-276987277 -364065991
#r 0 1.8263247187
-558362802 302376104
#r 0 4.4714679829
-558362802 301376104
#r 0 5.1479930115
-558523607 301721608
#r 0 5.1714744403
-267275647 10250653
#r 0 1.7677461988
