701687785 -541700890
#r 0 2.1980222637
701687785 -540700890
#r 0 2.3182984743
698362571 -537113594
#r 0 2.3226256765
-499127383 633119407
#r 0 1.9676587893
-499127383 632119407
#r 0 1.9545724325
-510186929 659508225
#r 0 1.9655933038
-483608482 -622730427
#r 0 2.9578872904
-483608482 -621730427
#r 0 4.7851540953
-483534587 -622744157
#r 0 5.5660016948
-400050622 -282770132
#r 0 0.2613348636
-400050622 -281770132
#r 0 3.9218597378
-401435014 -283140390
#r 0 0.4015347605
301295572 728310821
#r 0 5.7357032480
301295572 727310821
#r 0 5.7397167319
483386519 617299782
#r 0 2.6049193477
538670319 187274473
#r 0 2.7698761919
538670319 186274473
#r 0 2.6323160945
532738070 189587096
#r 1 532485885 189705504
-356518068 -65592954
#r 0 3.9384539340
-356518068 -64592954
#r 0 3.9564512250
-383160348 -92853151
#r 0 3.9421936144
-276446552 932869643
#r 0 5.3633578763
-276446552 931869643
#r 0 4.8029509289
-276549654 933004994
#r 0 4.4802225941
-550539604 -271667289
#r 0 2.2115238694
-550539604 -270667289
#r 0 5.3133652750
-542034164 -283073649
#r 0 5.9851350958
-618319202 -169265767
#r 0 2.2960398937
-618319202 -168265767
#r 0 0.2352662185
-619050261 -168441006
#r 0 2.2968906799
755102565 -188650360
#r 0 6.0397220131
755102565 -187650360
#r 0 6.0352258670
964354954 -240626671
#r 0 3.6850196832
380790345 -501424583
#r 0 2.2998631993
380790345 -500424583
#r 0 5.9514166326
379500055 -499980075
#r 0 5.1477286655
-579009961 358478730
#r 0 3.2141491677
-579009961 357478730
#r 0 3.2037306938
-674557743 351533925
#r 0 0.0662638631
299350043 -849072587
#r 0 1.7608041526
299350043 -848072587
#r 0 1.7600108798
0 0
#r 0 0.5879721315
547958642 -796389549
#r 0 2.4471829121
547958642 -795389549
#r 0 2.1177007321
549193739 -797418109
#r 0 1.8215455414
120566706 -818818612
#r 0 2.5931905849
120566706 -817818612
#r 0 0.4353660524
119637373 -818250874
#r 0 3.9443386148
137093106 -178832048
#r 0 3.1426330704
137093106 -177832048
#r 0 5.4790268183
138055308 -178831047
#r 0 3.1490260953
-671832205 450572368
#r 0 4.8472298035
-671832205 449572368
#r 0 5.9235622828
-671689249 449518621
#r 0 4.8460954935
-468532303 -84888903
#r 0 3.1993648375
-468532303 -83888903
#r 0 5.7587777191
-466960633 -84798003
#r 0 5.7657584826
242220329 -192797614
#r 0 3.0801485671
242220329 -191797614
#r 0 3.1318077114
222891531 -191608477
#r 0 5.7827135824
474168597 127670696
#r 0 6.0885785228
474168597 126670696
#r 0 2.7906513465
468251238 128837015
#r 0 2.7925145242
595496296 -707793242
#r 0 3.2521089805
595496296 -706793242
#r 0 3.2645095558
515949517 -716620427
#r 0 2.1248797416
677928845 -196320030
#r 0 5.7191664154
677928845 -195320030
#r 0 2.3582997256
680681875 -198061493
#r 0 4.2002767461
134234208 -184258840
#r 0 5.8689552127
134234208 -183258840
#r 0 4.6226198837
134147624 -184220771
#r 0 3.0953774399
-222667336 -46611794
#r 0 2.7849854194
-222667336 -45611794
#r 0 3.2514198159
-224738565 -45840190
#r 0 5.0283707277
219528894 970092025
#r 0 3.9217448026
219528894 969092025
#r 0 4.0563186894
222760643 973290043
#r 0 4.5337943316
-384209398 -106897359
#r 0 3.6024177867
-384209398 -105897359
#r 0 3.6349190022
-408486196 -118950228
#r 1 -407992952 -118689497
615373946 -411111791
#r 0 2.5887584179
615373946 -410111791
#r 0 2.6011178829
556329733 -374680825
#r 0 2.5956009472
326662212 790338362
#r 0 2.8260910667
326662212 789338362
#r 0 5.1289767444
326145030 790507173
#r 0 5.3217993501
340630368 -61653550
#r 0 1.7724783479
340630368 -60653550
#r 0 1.5116965831
340584479 -61429112
#r 0 1.4420605734
-936931568 -253662529
#r 0 0.5507563495
-936931568 -252662529
#r 0 0.3439117891
-933025350 -251263539
#r 0 0.3457644962
-55698254 -527054964
#r 0 0.6567940123
-55698254 -526054964
#r 0 1.3627666676
-55950367 -527249338
#r 0 4.2207862052
-176767589 -188188183
#r 0 3.1528065077
-176767589 -187188183
#r 0 3.7906004176
-178105515 -188203187
#r 1 -178113186 -188202889
133207554 429148051
#r 0 0.3508249144
133207554 428148051
#r 0 3.9066760149
134890460 429763933
#r 0 5.2895588384
420725815 -425022251
#r 0 0.4717104341
420725815 -424022251
#r 0 0.5150275570
402823414 -434154616
#r 0 5.3649499594
-984543034 144270826
#r 0 0.8787545985
-984543034 143270826
#r 0 0.8742393264
0 0
#r 0 2.7179782122
366737756 485628537
#r 0 5.1341189452
366737756 484628537
#r 0 5.1898948799
370112255 478107070
#r 0 5.1422664256
-649282821 -270779598
#r 0 1.0364318024
-649282821 -269779598
#r 0 4.5424986665
-649524388 -271187792
#r 0 2.3769909180
411724544 245564399
#r 0 1.2026274692
411724544 244564399
#r 0 1.9098019028
411540322 245086840
#r 0 5.8621199378
795592083 -315379132
#r 0 1.4567569726
795592083 -314379132
#r 0 1.8160033249
795670656 -314693120
#r 0 3.8442762736
-521849662 466816098
#r 0 0.3166104510
-521849662 465816098
#r 0 0.3228444421
-377286301 514179656
#r 1 -377583499 514243157
-558514126 -706353026
#r 0 2.4167864895
-558514126 -705353026
#r 0 2.4290748293
-604615936 -665524929
#r 0 1.7678014266
-218018041 -776753981
#r 0 5.3588987462
-218018041 -775753981
#r 0 0.5165575972
-218546300 -776054032
#r 0 0.5160836836
517252615 315449462
#r 0 1.8478229114
517252615 314449462
#r 0 5.6017962910
517622167 314149770
#r 0 2.3035171400
-836634468 79323631
#r 0 3.9521222129
-836634468 78323631
#r 0 0.9917992416
-834542855 81523108
#r 0 1.5753940628
-478957491 -425697431
#r 0 3.8794477705
-478957491 -424697431
#r 0 2.3970105135
-478411249 -425200808
#r 0 3.8734666173
744680137 283363242
#r 0 2.6720679304
744680137 282363242
#r 0 2.6381119133
721671820 295036929
#r 0 2.3692713192
787479252 -388621533
#r 0 0.2110492192
787479252 -387621533
#r 0 1.2657724606
787141629 -388693865
#r 0 2.0185922370
734374273 161323653
#r 0 3.0717124747
734374273 160323653
#r 0 3.8082082101
735541469 161241956
#r 0 2.0321812093
-835925574 -325109799
#r 0 1.7382458789
-835925574 -324109799
#r 0 5.1944661964
-836175268 -323632605
#r 0 4.3475822294
191098699 -491490599
#r 0 5.9281413426
191098699 -490490599
#r 0 0.3582270072
189756661 -490993031
#r 0 0.6520875954
76967052 -918743877
#r 0 0.7107186618
76967052 -917743877
#r 0 3.6853068681
80868892 -915385255
#r 0 1.6558194359
-458212991 -390070259
#r 0 3.8076856395
-458212991 -389070259
#r 0 0.1014091406
-456751337 -388921524
#r 0 3.2252613107
-561441965 -303326039
#r 0 2.0968678520
-561441965 -302326039
#r 0 2.1028201265
-604236744 -229624786
#r 0 1.0922771402
-143029320 -288205830
#r 0 6.1967394810
-143029320 -287205830
#r 0 1.0307440744
-143599213 -288156442
#r 0 1.5202824555
-217724255 370576245
#r 0 5.1794484042
-217724255 369576245
#r 0 2.0791711089
-212417962 360053567
#r 0 4.0492460638
231282029 -813119927
#r 0 0.9173849222
231282029 -812119927
#r 0 0.9491481218
220134380 -827680572
#r 0 2.8771347958
-173650117 941397434
#r 0 5.0806794278
-173650117 940397434
#r 0 6.0304864097
-173221510 940286760
#r 0 5.9966070366
-974261600 -135035256
#r 0 0.2540544187
-974261600 -134035256
#r 0 1.1749878394
-974730319 -135156966
#r 0 0.1284232792
-219071864 876570219
#r 0 4.9345741520
-219071864 875570219
#r 0 0.0608614216
-218849017 875583799
#r 0 0.0631441299
841216372 -245702053
#r 0 1.5140880191
841216372 -244702053
#r 0 1.5084109779
841838808 -234737714
#r 0 1.4226578040
-554460271 622376857
#r 0 0.7742657077
-554460271 621376857
#r 0 4.2730536129
-553590571 623227406
#r 0 0.7767224795
-710372218 -603481641
#r 0 0.4845971490
-710372218 -602481641
#r 0 0.4767044571
-610758649 -551038280
#r 0 3.6244002580
57367412 137137296
#r 0 2.3926334443
57367412 136137296
#r 0 0.9381140472
57803430 136731950
#r 0 2.3890071827
350298717 99524416
#r 0 2.2279940331
350298717 98524416
#r 0 2.1404706347
346529267 104409500
#r 0 2.1423875695
124361302 -505132095
#r 0 4.4846227629
124361302 -504132095
#r 0 1.1191818052
124805228 -503216874
#r 0 4.4872484971
-544744435 413022941
#r 0 3.6238609170
-544744435 412022941
#r 0 5.9771175476
-545935628 412399355
#r 0 5.8835560523
-119196968 -904270036
#r 0 2.8110490629
-119196968 -903270036
#r 0 1.5688607177
-119198902 -904269372
#r 0 2.8085153922
-804414631 -463783652
#r 0 2.5859780032
-804414631 -462783652
#r 0 2.6009503675
-853066637 -433577705
#r 0 2.6013127077
551441948 -761356956
#r 0 1.2308535627
551441948 -760356956
#r 0 1.6127294017
551479456 -761250903
#r 0 2.2071555971
27156741 -865736728
#r 0 2.6368512867
27156741 -864736728
#r 0 4.1721739483
26706273 -865487856
#r 0 4.1711539581
940217810 -146619311
#r 0 3.7208345563
940217810 -145619311
#r 0 2.0364140332
940595986 -146371952
#r 0 4.6744865928
-914055295 46387478
#r 0 4.5579273661
-914055295 45387478
#r 0 5.4970699726
-914189994 45522370
#r 0 4.5562761367
-936955659 -34943340
#r 0 1.0389216269
-936955659 -33943340
#r 0 1.0184185676
-923975804 -12885190
#r 0 0.9979364305
-369379595 277222742
#r 0 0.8153700651
-369379595 276222742
#r 0 1.1493268191
-368523909 278131322
#r 0 4.3378591892
-821124475 11788443
#r 0 4.5920381281
-821124475 10788443
#r 0 3.8056991647
-821258055 10683890
#r 0 3.8012166517
-490967586 616064171
#r 0 4.1461852428
-490967586 615064171
#r 0 1.9791530473
-491225024 615659156
#r 0 4.9782719412
-678074763 -588467848
#r 0 2.8423296042
-678074763 -587467848
#r 0 0.5027965721
-679239628 -588108453
#r 0 0.4991804762
217643120 -215305082
#r 0 5.8478785512
217643120 -214305082
#r 0 0.4110557481
216533176 -214788892
#r 0 3.9252650320
-682169509 -158834214
#r 0 1.5720072207
-682169509 -157834214
#r 0 6.1184085890
-682170720 -157834013
#r 0 1.5693462016
557597791 508080141
#r 0 2.0444859636
557597791 507080141
#r 0 3.9374339171
557934278 507423730
#r 0 3.9258814010
639262792 -399950495
#r 0 1.0655399339
639262792 -398950495
#r 0 2.9567732582
639764098 -399044216
#r 0 2.7998609051
61684808 -566926225
#r 0 5.0431122538
61684808 -565926225
#r 0 6.1736905353
61328008 -565887000
#r 0 4.4548291522
523190902 523430949
#r 0 3.7376878408
523190902 522430949
#r 0 3.2631303196
521393246 522211384
#r 0 4.3153417341
-97120665 -106773775
#r 0 3.0268265707
-97120665 -105773775
#r 0 1.4616659549
-97228864 -106761303
#r 0 5.7165627808
-565009351 514254679
#r 0 5.6906849413
-565009351 513254679
#r 0 1.2361422629
-564727578 514064994
#r 0 1.2349578808
334580786 -482417867
#r 0 5.4228218306
334580786 -481417867
#r 0 2.1944648929
338976050 -487526967
#r 0 5.4221141736
-302732954 278207160
#r 0 6.1555966698
-302732954 277207160
#r 0 5.4651054601
-303797564 278343734
#r 0 0.9262508324
-258338693 -552221732
#r 0 3.9681665394
-258338693 -551221732
#r 0 1.4958404882
-258420457 -552310523
#r 0 3.9662336876
-571070279 -284224233
#r 0 4.5151926432
-571070279 -283224233
#r 0 5.4086427103
-570909028 -283417140
#r 0 4.3026363893
481874853 641887316
#r 0 4.7160252824
481874853 640887316
#r 0 2.9042913664
481878493 640886436
#r 0 2.9040981834
-479273610 -106822827
#r 0 4.2755066340
-479273610 -105822827
#r 0 3.0958500661
-478816406 -105843755
#r 0 1.4586184819
-4238218 -621301856
#r 0 5.9777027951
-4238218 -620301856
#r 0 1.2429906302
-4545354 -621204999
#r 0 5.9807389661
-213551122 -22815755
#r 0 0.4179946395
-213551122 -21815755
#r 0 0.8371029691
-215054924 -23483698
#r 0 1.2718950517
-874003763 -51756842
#r 0 2.4524966750
-874003763 -50756842
#r 0 6.0493676631
-875711286 -50350154
#r 0 2.4521755125
-191082364 -706539912
#r 0 4.9954775548
-191082364 -705539912
#r 0 4.9877744140
-181222287 -740434838
#r 0 4.9861775698
-712230836 221529366
#r 0 2.4462393019
-712230836 220529366
#r 0 3.9757766284
-711714584 221098617
#r 0 1.1868587811
-780382671 126943689
#r 0 3.9136942051
-780382671 125943689
#r 0 0.0935572714
-781519134 125837053
#r 0 3.9084905259
-236286024 -513307999
#r 0 4.9522190116
-236286024 -512307999
#r 0 1.2683539929
-236423116 -512747378
#r 0 4.9528097891
432125842 146983063
#r 0 1.3967880865
432125842 145983063
#r 0 1.3996736995
442342862 205104975
#r 0 3.2144084808
-261116530 -918750953
#r 0 1.1057971656
-261116530 -917750953
#r 0 5.9159408075
-260696001 -917912729
#r 0 5.9218683985
118024946 613168088
#r 0 0.3350632519
118024946 612168088
#r 0 5.7748817690
116920371 612783484
#r 0 1.9023522584
-464226731 -787773296
#r 0 2.5864578988
-464226731 -786773296
#r 0 2.6887545764
-471709953 -783132258
#r 1 -472071416 -782952211
-243669211 -909135288
#r 0 1.1717289840
-243669211 -908135288
#r 0 1.1670941404
-210736811 -831039847
#r 0 1.1664853424
-477273716 873997373
#r 0 4.5496846393
-477273716 872997373
#r 0 4.5484192739
-498170586 746698096
#r 0 4.5431157545
-723337552 322551553
#r 0 0.4390926011
-723337552 321551553
#r 0 3.1270504803
-725402747 321581588
#r 0 3.1249385770
-109826943 -461038229
#r 0 6.1643109043
-109826943 -460038229
#r 0 1.3348386517
-110060668 -461010314
#r 0 2.1854237777
273596302 -710435175
#r 0 4.8929993906
273596302 -709435175
#r 0 4.8845829873
277253322 -730462645
#r 0 4.8965200425
-495340295 -231301155
#r 0 5.6980436980
-495340295 -230301155
#r 0 2.6003242491
-511630422 -220508262
#r 0 1.3792489857
-335666797 -774290530
#r 0 2.5626252989
-335666797 -773290530
#r 0 0.9960607429
-336121820 -773993084
#r 0 2.1705608325
-44434562 -424288087
#r 0 5.2461900912
-44434562 -423288087
#r 0 5.2485363467
-155212843 -236856917
#r 0 0.3174688054
482272679 648017210
#r 0 4.7090576664
482272679 647017210
#r 0 2.0047165776
482269371 647024348
#r 0 2.0009070050
-848718430 -335529233
#r 0 4.4331195405
-848718430 -334529233
#r 0 1.6066738954
-848686530 -335417991
#r 0 4.4308548152
-538168394 -366123595
#r 0 4.0621383975
-538168394 -365123595
#r 0 1.9763638184
-537893951 -365762770
#r 0 0.1154390984
780704324 -493859950
#r 0 0.7295703088
780704324 -492859950
#r 0 1.3555560194
780432574 -494102933
#r 0 2.6519145560
101574837 -660299922
#r 0 2.4477067890
101574837 -659299922
#r 0 2.5039931680
90594363 -651165376
#r 1 90582730 -651198644
274165912 -778182756
#r 0 1.4081349957
274165912 -777182756
#r 0 1.4011351616
278072343 -754379204
#r 0 1.4030107217
-30247511 -354320033
#r 0 1.5882742916
-30247511 -353320033
#r 0 3.4760378789
-30264885 -353326071
#r 0 1.3022861296
196232884 -273237791
#r 0 5.1408454581
196232884 -272237791
#r 0 5.1363103727
233916414 -355740662
#r 0 1.9984311736
-43571381 -254057842
#r 0 1.3515924594
-43571381 -253057842
#r 0 0.9309903846
-43253417 -252630610
#r 0 0.8844807881
245238934 77228773
#r 0 1.3861598248
245238934 76228773
#r 0 1.2801118965
244741830 74567096
#r 0 2.0491649586
691449954 36763389
#r 0 0.1292822080
691449954 35763389
#r 0 3.7814682206
693077709 36975009
#r 0 0.1288355517
305194638 -415436078
#r 0 5.6860030484
305194638 -414436078
#r 0 0.7206147837
304552857 -414999662
#r 0 5.3520212469
326597884 -216545057
#r 0 3.0202407938
326597884 -215545057
#r 0 5.1584973345
327105771 -216606994
#r 0 1.5066028726
48717586 -293671845
#r 0 1.1130777071
48717586 -292671845
#r 0 1.8467532438
48897400 -293306822
#r 0 1.8383520642
530625494 -89118625
#r 0 4.7236843007
530625494 -88118625
#r 0 5.9069021125
530614148 -88114142
#r 0 4.5488429432
42124448 645983829
#r 0 4.0155232443
42124448 644983829
#r 0 4.1090661788
46023054 650641970
#r 0 4.1107749673
-178491570 670902010
#r 0 5.8668204430
-178491570 669902010
#r 0 5.8723970915
-28135402 604411579
#r 0 2.7194762392
78464923 432039983
#r 0 1.2840548045
78464923 431039983
#r 0 4.0273413612
78003547 430475294
#r 0 6.2189643729
160031141 -417843750
#r 0 1.9046807697
160031141 -416843750
#r 0 1.0554598376
159816018 -417223567
#r 0 1.9005160869
-430166093 553065446
#r 0 2.2109183807
-430166093 552065446
#r 0 2.2039206605
-480668441 620878085
#r 0 2.1996807088
17710008 853207122
#r 0 1.4766104697
17710008 852207122
#r 0 1.4788137144
21630803 894712236
#r 0 4.6159046218
14875479 -715975258
#r 0 4.4750222958
14875479 -714975258
#r 0 3.3349899373
15129439 -714925521
#r 0 1.4684313388
-415569731 -638404763
#r 0 2.7796492893
-415569731 -637404763
#r 0 2.9508568577
-420959398 -636364110
#r 0 2.7757556688
-773961145 -176289730
#r 0 4.8849295396
-773961145 -175289730
#r 0 0.7087040148
-774112766 -175419711
#r 0 5.0769626483
940988252 -325744210
#r 0 2.0122889399
940988252 -324744210
#r 0 4.4668733284
940824501 -325397724
#r 0 4.4712991260
-826089410 389315028
#r 0 4.5755131253
-826089410 388315028
#r 0 4.5761257868
0 0
#r 0 2.1654072280
787581078 -76307990
#r 0 1.2016604679
787581078 -75307990
#r 0 5.1088425126
787782137 -75788282
#r 0 1.1984935649
-720594767 -54294382
#r 0 4.0437792314
-720594767 -53294382
#r 0 5.4310850837
-720179657 -53768922
#r 0 5.4284555404
594911311 732837332
#r 0 5.7165311946
594911311 731837332
#r 0 3.8463829166
595583911 732409385
#r 0 5.7184179427
288809318 -738112341
#r 0 3.7443927302
288809318 -737112341
#r 0 3.8116093345
279196335 -744728528
#r 1 279758323 -744255049
-344837829 -486706031
#r 0 2.2830867229
-344837829 -485706031
#r 0 0.6996641663
-345337887 -486126937
#r 0 5.2743858381
-62712054 -847301326
#r 0 4.7787650370
-62712054 -846301326
#r 0 1.2915660294
-62766017 -846489533
#r 0 2.4580857404
-250419138 -693493865
#r 0 5.5968711958
-250419138 -692493865
#r 0 0.6807911734
-251032963 -692991045
#r 0 0.1155871314
366755340 -91389671
#r 0 2.9779424233
366755340 -90389671
#r 0 4.1203046508
366149992 -91289712
#r 0 2.8547688818
961566412 68953195
#r 0 3.5334604079
961566412 67953195
#r 0 3.5172291344
908594918 47063258
#r 0 3.5383846288
597164501 -516317146
#r 0 3.2969597236
597164501 -515317146
#r 0 3.2994566568
206416794 -577519721
#r 0 0.0142066324
-877313621 -335845740
#r 0 1.7150004610
-877313621 -334845740
#r 0 6.0774947047
-877463370 -334814496
#r 0 4.7589783518
-380835327 -806301119
#r 0 1.4040590691
-380835327 -805301119
#r 0 2.1125793520
-380703805 -805519646
#r 0 2.4807980207
822465216 -184570263
#r 0 5.3955645611
822465216 -183570263
#r 0 5.3747984425
841162207 -207541597
#r 0 5.4022917617
186036512 447263379
#r 0 5.7540418465
186036512 446263379
#r 0 0.3669046332
187068426 446659950
#r 0 6.2332992594
-324336703 -906969741
#r 0 0.8034117398
-324336703 -905969741
#r 0 0.8084749010
0 0
#r 0 2.7123306026
-23877194 30146238
#r 0 3.0154155301
-23877194 29146238
#r 0 3.0019494861
-96832772 39400728
#r 0 6.1404698227
-646955563 126488175
#r 0 5.8607966606
-646955563 125488175
#r 0 6.1328696390
-643599661 124979896
#r 0 5.8601501261
647455009 119171730
#r 0 5.2488708441
647455009 118171730
#r 0 2.9853610355
648111123 118068382
#r 0 5.2498886483
-614105525 708095676
#r 0 5.8748835003
-614105525 707095676
#r 0 5.8799118393
-446221946 635466939
#r 0 2.7346522931
-144601442 -246545691
#r 0 6.0929955961
-144601442 -245545691
#r 0 6.0537830410
-120209041 -251241632
#r 0 0.4881839578
-755786970 456770808
#r 0 4.1795235002
-755786970 455770808
#r 0 5.4689676792
-756149955 456155342
#r 0 5.4680043656
-942398078 -178453409
#r 0 5.8220013652
-942398078 -177453409
#r 0 1.3610311343
-942590607 -178357737
#r 0 1.0736241023
711522906 98276513
#r 0 5.1192963395
711522906 97276513
#r 0 5.9394950198
712032457 97094147
#r 0 5.9714505597
-865732126 -389513957
#r 0 4.4761554783
-865732126 -388513957
#r 0 4.4790304015
0 0
#r 0 2.7151241310
457994694 -775492143
#r 0 2.4118435869
457994694 -774492143
#r 0 1.6312436794
458058679 -775549375
#r 0 1.6274189824
223679184 -734348721
#r 0 3.8975024450
223679184 -733348721
#r 0 0.4882235087
226108798 -732058333
#r 0 3.1944673081
590989480 604339845
#r 0 2.4416174243
590989480 603339845
#r 0 1.2373203523
591257650 604113979
#r 0 1.2345359327
33739637 326385330
#r 0 0.1174197998
33739637 325385330
#r 0 1.8589061881
33453292 326351552
#r 0 5.2766722966
107088828 -31836439
#r 0 2.7907802817
107088828 -30836439
#r 0 2.0443234163
107719501 -32067233
#r 0 0.9537995271
-86557720 15314172
#r 0 1.3493075998
-86557720 14314172
#r 0 1.3595624281
-82066097 35260705
#r 0 1.3311998223
187576655 288198927
#r 0 3.9463889975
187576655 287198927
#r 0 1.0040624850
189456907 290153578
#r 0 3.9412872031
376013911 294524797
#r 0 1.6004415744
376013911 293524797
#r 0 3.1914901337
376043521 293526276
#r 0 0.9149757794
278966036 620220652
#r 0 0.5707118072
278966036 619220652
#r 0 5.0609461647
278671381 620031492
#r 0 5.0623151699
-721859489 -551390151
#r 0 5.3025595072
-721859489 -550390151
#r 0 5.2898417149
-697971831 -587053877
#r 0 2.1431284211
388898961 -22604958
#r 0 4.8900889915
388898961 -21604958
#r 0 2.0009461307
388603847 -20961730
#r 0 2.4558734683
-862956667 140643757
#r 0 4.3395588494
-862956667 139643757
#r 0 4.3320919569
-881064664 94346266
#r 0 1.3713979023
-64393835 -548376194
#r 0 4.2107074371
-64393835 -547376194
#r 0 0.6882040464
-63394707 -546554590
#r 0 3.1690699632
-682022435 430113840
#r 0 4.9971912719
-682022435 429113840
#r 0 5.0023767563
-666529107 377192407
#r 0 4.1270693408
129522077 617343422
#r 0 4.7010643835
129522077 616343422
#r 0 1.2731712904
129510318 616305085
#r 0 2.6095645631
-709725211 -135667791
#r 0 0.9470472135
-709725211 -134667791
#r 0 0.9457926556
-437321009 242890031
#r 0 4.5939332236
882172595 169931446
#r 0 4.7155491006
882172595 168931446
#r 0 4.3521608094
882175729 168939766
#r 0 4.3446667962
29768177 179516482
#r 0 3.1374696298
29768177 178516482
#r 0 4.6769459650
29803630 179516336
#r 0 4.6765833608
258981388 553416150
#r 0 4.9172021771
258981388 552416150
#r 0 5.5821047043
259233284 552203515
#r 0 5.6858602916
867622611 474026919
#r 0 3.0937891301
867622611 473026919
#r 0 3.5983045298
869477210 473938195
#r 0 4.7850077590
494169261 705240858
#r 0 2.7334849094
494169261 704240858
#r 0 4.2101607450
494613071 705048962
#r 0 2.7291029811
122469093 -725635014
#r 0 0.3441106292
122469093 -724635014
#r 0 0.4921002255
116842274 -727651490
#r 0 0.4954144283
-603116602 -663308573
#r 0 2.4411138322
-603116602 -662308573
#r 0 1.3780630495
-603284184 -663167283
#r 0 1.7883916175
-145539966 -887360284
#r 0 5.4233178781
-145539966 -886360284
#r 0 0.6582841038
-146056868 -886760035
#r 0 1.8051975107
682414660 608429595
#r 0 4.4156572284
682414660 607429595
#r 0 2.0499195222
682222185 607800097
#r 0 2.6750770165
-490982295 -354183775
#r 0 0.3330692119
-490982295 -353183775
#r 0 4.1318028150
-491830891 -354477353
#r 0 0.9625937239
-802812116 -220135267
#r 0 1.6277016650
-802812116 -219135267
#r 0 3.2100552536
-802868861 -219139158
#r 0 2.0914156413
250470454 471718324
#r 0 4.8519093021
250470454 470718324
#r 0 0.3700978846
250603631 470769993
#r 0 4.2173679811
439852827 37625603
#r 0 3.6209580705
439852827 36625603
#r 0 4.6729581669
439893104 37646539
#r 0 2.3403438180
-160210028 -311873695
#r 0 3.2930469335
-160210028 -310873695
#r 0 1.3505234795
-160441856 -311909077
#r 0 0.7485142865
378118500 -176315695
#r 0 3.8584379790
378118500 -175315695
#r 0 6.2052700774
379171603 -175397914
#r 0 6.2118248428
-866575725 -214630372
#r 0 5.7587588744
-866575725 -213630372
#r 0 5.7076180301
-852370567 -222847407
#r 1 -852879514 -222478962
135413484 36622920
#r 0 3.1388988861
135413484 35622920
#r 0 1.9613580034
135001315 36624030
#r 0 2.2950482322
133848038 926203271
#r 0 3.7506421206
133848038 925203271
#r 0 5.7097613556
133103611 925684029
#r 0 5.3154090427
152317393 -838586251
#r 0 3.7950421103
152317393 -837586251
#r 0 3.8077029169
103009510 -876339407
#r 0 2.7945144430
866394399 -388688067
#r 0 0.4249923489
866394399 -387688067
#r 0 3.0338637378
868177815 -387880939
#r 0 0.4356084885
-110683473 -855371776
#r 0 5.1005105981
-110683473 -854371776
#r 0 1.2599320573
-110863382 -854931751
#r 0 2.1465027730
-778756986 -564076853
#r 0 1.7035703960
-778756986 -563076853
#r 0 0.4496019738
-778882459 -563137402
#r 0 6.0516835678
-737950047 -439455128
#r 0 4.9682200744
-737950047 -438455128
#r 0 0.6259430368
-738170016 -438614148
#r 0 4.9626167404
-609784449 -471338019
#r 0 4.0163405445
-609784449 -470338019
#r 0 4.0227116288
-673821379 -547977943
#r 0 4.0129219320
-23189346 649857189
#r 0 4.0122501890
-23189346 648857189
#r 0 4.0039140036
-73482281 590164129
#r 0 0.8617305946
919027675 186956176
#r 0 4.1664001655
919027675 185956176
#r 0 4.4688716986
919447990 187647939
#r 0 4.5218737683
-462062882 -817316296
#r 0 2.1380618710
-462062882 -816316296
#r 0 2.3655877906
-463763037 -814647785
#r 0 0.9218905514
-122964257 -333624352
#r 0 1.4606890307
-122964257 -332624352
#r 0 0.0976668425
-122852492 -332613401
#r 0 1.0747514223
-340634393 559951828
#r 0 0.7362788940
-340634393 558951828
#r 0 5.3736425117
-341090713 559538270
#r 0 0.4663582758
-909594700 -252680642
#r 0 1.6255413426
-909594700 -251680642
#r 0 0.5981859152
-909647527 -251716642
#r 0 1.3381745846
43912064 302995607
#r 0 4.2170604253
43912064 301995607
#r 0 3.2920837282
43323604 301906374
#r 0 4.2239604258
117420708 890129395
#r 0 4.1615954447
117420708 889129395
#r 0 3.1242575270
116812982 889139931
#r 0 3.6800341136
-468178342 -347725758
#r 0 1.0583893905
-468178342 -346725758
#r 0 0.8713299102
-466481058 -344708488
#r 0 3.3264219425
71200613 -222501511
#r 0 2.0968370121
71200613 -221501511
#r 0 2.4705306150
70123421 -220646238
#r 0 2.4801787831
-243623499 -789879633
#r 0 0.5118545585
-243623499 -788879633
#r 0 0.4985426556
-186100508 -757563443
#r 0 0.4997645718
-769324329 107708350
#r 0 4.1118329233
-769324329 106708350
#r 0 5.1168208765
-769587747 107323773
#r 0 6.0765178026
635566251 196520845
#r 0 2.0157934713
635566251 195520845
#r 0 2.3259561565
636532906 194493888
#r 0 1.6591860970
195202581 -473800941
#r 0 1.9908889309
195202581 -472800941
#r 0 1.4393752631
195100582 -473572593
#r 0 1.4334225577
308865562 -904406367
#r 0 1.7261211606
308865562 -903406367
#r 0 1.2635458325
308760717 -903736798
#r 0 0.7223708984
710295145 -265660052
#r 0 3.6354019314
710295145 -264660052
#r 0 3.6392913111
511365621 -372742056
#r 0 0.4874350062
-659887626 -690524746
#r 0 1.9411871424
-659887626 -689524746
#r 0 1.9328792402
-644453768 -730270685
#r 0 1.3382507685
582191960 -738122481
#r 0 2.0393516504
582191960 -737122481
#r 0 2.2888036085
580988509 -735744823
#r 0 2.3841343154
619956929 619639294
#r 0 1.4733729089
619956929 618639294
#r 0 1.4746065321
627529665 697123355
#r 0 1.5020540654
279378978 182926265
#r 0 0.7884063323
279378978 181926265
#r 0 0.8359505746
289324359 192931662
#r 1 289482220 193081619
-31041134 -356688329
#r 0 0.3025888700
-31041134 -355688329
#r 0 1.3104495768
-31331690 -356779033
#r 0 4.6751135772
531322273 778893238
#r 0 5.6761420639
531322273 777893238
#r 0 5.6794852628
733571802 638425514
#r 0 2.5355711343
-409016762 -551302065
#r 0 2.1153036956
-409016762 -550302065
#r 0 1.6544273730
-408919467 -551462730
#r 0 5.5684893437
-242530425 -410578653
#r 0 0.7296477952
-242530425 -409578653
#r 0 0.2647988958
-240925589 -409143475
#r 0 2.5294833687
280793211 -921368331
#r 0 1.0954155920
280793211 -920368331
#r 0 1.0786036644
293658468 -896375294
#r 0 1.9338226277
730390034 137322819
#r 0 1.9866087762
730390034 136322819
#r 0 3.0301060337
730854556 136270815
#r 0 2.8137438557
336241334 349827929
#r 0 0.5141512166
336241334 348827929
#r 0 0.1659310811
333724665 348406460
#r 0 3.7837500293
182629508 -60733374
#r 0 5.5767092471
182629508 -59733374
#r 0 2.7872039357
180560870 -58967957
#r 0 1.2532592192
-14583895 -391538609
#r 0 1.3678994073
-14583895 -390538609
#r 0 5.8792874393
-14394794 -390619430
#r 0 0.5441277595
-529968658 -541423045
#r 0 0.8871778789
-529968658 -540423045
#r 0 3.3333515250
-529000937 -540235167
#r 0 3.3430327429
-295721070 -115687762
#r 0 0.8312755560
-295721070 -114687762
#r 0 0.8327747384
-598179380 -447253884
#r 0 4.0541159441
-860392259 105310463
#r 0 5.4301789138
-860392259 104310463
#r 0 0.4444295225
-859775531 104604151
#r 0 0.4093935884
134282577 690186611
#r 0 5.5533214759
134282577 689186611
#r 0 3.9233590090
134812397 689712596
#r 0 1.1572788762
120775521 105317247
#r 0 1.6902295651
120775521 104317247
#r 0 5.2262839762
120927925 104047258
#r 0 1.0994247437
705482076 -427802156
#r 0 0.2976970194
705482076 -426802156
#r 0 3.5840007142
699490857 -429640350
#r 0 0.2962092251
67711290 -820628312
#r 0 0.4884478678
67711290 -819628312
#r 0 0.4915234427
-185419287 -955140907
#r 0 1.4645315662
433987350 508403551
#r 0 1.5158075450
433987350 507403551
#r 0 5.2890181000
433936601 507481583
#r 0 3.5883186244
-118050258 19266698
#r 0 0.4543829859
-118050258 18266698
#r 0 0.4784202082
-84863202 35477655
#r 0 0.4727723705
-797637337 -148047045
#r 0 1.9699351864
-797637337 -147047045
#r 0 2.3187904308
-798410637 -146213619
#r 0 1.6484957289
-297627869 -312378482
#r 0 3.7877121531
-297627869 -311378482
#r 0 1.3960364314
-297831549 -312532077
#r 0 2.6927354908
526708312 738674488
#r 0 3.2968569554
526708312 737674488
#r 0 6.0307373073
524295623 738296844
#r 0 3.2920335453
902408713 326691638
#r 0 2.8995780545
902408713 325691638
#r 0 3.2000531596
905683320 325883292
#r 0 2.8989041436
194389026 724215994
#r 0 0.0053099758
194389026 723215994
#r 0 3.0287051947
185962969 724171251
#r 0 5.6334204862
479784988 -770379991
#r 0 1.8960333392
479784988 -769379991
#r 0 1.4329018798
479686673 -770088438
#r 0 1.7631920853
-131810955 348029062
#r 0 4.7699780977
-131810955 347029062
#r 0 0.2547682217
-131754155 347043854
#r 0 4.7674154775
586522933 -217901995
#r 0 4.3574743935
586522933 -216901995
#r 0 0.7041690274
587063816 -216442547
#r 0 4.3571225367
-187748036 23994930
#r 0 0.4329536672
-187748036 22994930
#r 0 0.1326893029
-190790072 22588899
#r 0 1.3290612631
352205545 -810872443
#r 0 1.3190246594
352205545 -809872443
#r 0 2.5803309418
352426966 -810011652
#r 0 3.5692067516
-281264150 625950435
#r 0 0.7163754016
-281264150 624950435
#r 0 4.7308491957
-281282320 625934615
#r 0 4.7292707287
805993669 -555805939
#r 0 2.5215538282
805993669 -554805939
#r 0 2.5244777543
578989891 -393732591
#r 0 2.5185259704
109176579 830254230
#r 0 0.0229709924
109176579 829254230
#r 0 0.0307841726
237072346 833192640
#r 0 3.1707000009
454603456 -115132683
#r 0 3.6694009033
454603456 -114132683
#r 0 5.0206148971
454871988 -114976135
#r 0 0.4197626198
-841858840 456991149
#r 0 4.7652765364
-841858840 455991149
#r 0 4.8441752944
-841770706 455326260
#r 0 4.7646091788
-394302774 -111391377
#r 0 1.9845824564
-394302774 -110391377
#r 0 0.7572947283
-394613093 -110684726
#r 0 0.6830304333
-44928054 515757560
#r 0 1.6478293495
-44928054 514757560
#r 0 4.0103087199
-44857323 514841182
#r 0 3.2877489100
-121117037 -740886462
#r 0 3.3521050666
-121117037 -739886462
#r 0 4.9782153630
-120859736 -740831482
#r 0 0.9025489934
-104972969 -794518837
#r 0 2.6187422677
-104972969 -793518837
#r 0 2.6383711569
-143642688 -772231434
#r 0 2.6307447753
-228728329 -70115130
#r 0 1.1706601661
-228728329 -69115130
#r 0 2.5629086690
-228396941 -69331622
#r 0 1.4740872680
211817052 -353830981
#r 0 1.4467530769
211817052 -352830981
#r 0 1.4372925961
213557875 -339869033
#r 0 1.4487700429
714039536 -444378998
#r 0 3.5493734096
714039536 -443378998
#r 0 1.0649012994
713311267 -444693607
#r 0 2.5958731350
210279624 -719446913
#r 0 0.6178039067
210279624 -718446913
#r 0 0.6006414636
249464722 -691602028
#r 0 3.0266797058
-252990652 907596128
#r 0 5.4737521903
-252990652 906596128
#r 0 5.4778638207
-136728971 785606997
#r 0 5.4692938245
-111775591 385835601
#r 0 1.1163845457
-111775591 384835601
#r 0 4.7970991280
-111847930 385687519
#r 0 5.2206364884
-751715650 246572132
#r 0 0.8518824434
-751715650 245572132
#r 0 4.1218856069
-748852283 249843998
#r 0 2.4319447785
734240015 -107718197
#r 0 0.7665205431
734240015 -106718197
#r 0 4.0485145252
731068332 -110772338
#r 0 1.0034469418
451097033 876365304
#r 0 3.3155929665
451097033 875365304
#r 0 3.7760947360
452881934 876679050
#r 0 4.5199812184
-213751703 -188883800
#r 0 1.0418943103
-213751703 -187883800
#r 0 1.3549461034
-214102625 -189484238
#r 0 1.0399161945
-871609781 -439190600
#r 0 1.6744178189
-871609781 -438190600
#r 0 1.6863271516
-872610994 -429562992
#r 0 1.6768265494
873731973 -187795839
#r 0 3.7749593892
873731973 -186795839
#r 0 3.7947135256
841324022 -211592477
#r 0 0.6039169134
476321941 -514170025
#r 0 4.8791114214
476321941 -513170025
#r 0 4.8789531550
0 0
#r 0 2.7095714606
648529161 -258031637
#r 0 1.0296690605
648529161 -257031637
#r 0 3.8693230782
649822559 -255879429
#r 0 0.9037466465
-947200162 54478327
#r 0 5.6464990318
-947200162 53478327
#r 0 5.0677337747
-947711591 54856481
#r 0 5.6453640756
-72923073 965837855
#r 0 5.7190315052
-72923073 964837855
#r 0 3.7430320744
-72164925 965358136
#r 0 4.7644942925
533900477 -572149686
#r 0 2.5395367269
533900477 -571149686
#r 0 3.5488042477
533006406 -571535317
#r 0 2.5328709669
-787439174 -505763987
#r 0 1.7071276118
-787439174 -504763987
#r 0 2.3707099069
-787597447 -504610243
#r 0 0.0861537703
-244124713 -774407860
#r 0 0.3098017048
-244124713 -773407860
#r 0 0.2999332922
-151922415 -744893086
#r 0 2.8508670444
912688030 366379819
#r 0 4.4775775266
912688030 365379819
#r 0 2.4816413215
912486263 365536396
#r 0 3.8533480351
65744808 676218049
#r 0 3.7499172928
65744808 675218049
#r 0 3.6100474219
60492833 672560426
#r 0 3.6165879112
-530446177 836542796
#r 0 4.8178864639
-530446177 835542796
#r 0 4.8231193176
-528222466 815542720
#r 0 0.0254176636
-415563059 -298865844
#r 0 2.5602527834
-415563059 -297865844
#r 0 6.2352763779
-417204719 -297787134
#r 0 1.9236481208
-886033412 -228132643
#r 0 0.4533650297
-886033412 -227132643
#r 0 4.7789308410
-885968867 -228101196
#r 0 1.7370871029
-277974413 -935647969
#r 0 1.0687000565
-277974413 -934647969
#r 0 0.6091299569
-277084557 -934027184
#r 0 6.0153045872
200104270 740576328
#r 0 1.6016494063
200104270 739576328
#r 0 1.6012562093
197714916 817994719
#r 0 1.6128276657
-138670661 -326693416
#r 0 0.0678873546
-138670661 -325693416
#r 0 0.0665850210
625715638 -274721387
#r 0 3.8949938148
-420259027 -893966584
#r 0 0.5256424437
-420259027 -892966584
#r 0 0.5202619923
-280762161 -813047467
#r 0 0.5284973978
-798050443 -196980374
#r 0 6.1585083067
-798050443 -195980374
#r 0 5.9626962177
-793210295 -197586975
#r 0 0.7385391434
-402542994 -134498653
#r 0 2.8817382751
-402542994 -133498653
#r 0 0.7065055546
-403436381 -134261132
#r 0 2.3267777680
508744237 816338581
#r 0 2.9948081954
508744237 815338581
#r 0 4.0977539928
509383379 816244085
#r 0 4.0941852651
-397593185 913590386
#r 0 4.2819681339
-397593185 912590386
#r 0 5.3416070797
-397874731 912977169
#r 0 5.0173347947
-443314379 -868631678
#r 0 2.3029942883
-443314379 -867631678
#r 0 2.1087626110
-441539697 -870605996
#r 0 1.5931872559
-533147680 613971414
#r 0 1.1716947462
-533147680 612971414
#r 0 1.1790755618
-513047291 661632642
#r 0 1.1543093144
-770932227 -336799630
#r 0 2.0104650344
-770932227 -335799630
#r 0 3.8388195339
-771269664 -336082253
#r 0 3.8357162164
-313801222 -169811900
#r 0 1.0677293403
-313801222 -168811900
#r 0 1.5132977001
-313865509 -169928723
#r 0 2.1785142738
396351162 236536477
#r 0 4.8180420804
396351162 235536477
#r 0 1.8429574092
396522202 234923618
#r 0 2.6058702443
653214263 -656222690
#r 0 2.8099196618
653214263 -655222690
#r 0 2.8158463225
502069725 -604169235
#r 0 3.2184529193
-126037657 252119065
#r 0 2.9634627140
-126037657 251119065
#r 0 5.0323575539
-126390033 252182506
#r 0 4.7684205181
795662488 -210263076
#r 0 1.4113131892
795662488 -209263076
#r 0 1.4110298861
884840390 344156294
#r 0 2.9492682745
-552602322 134431660
#r 0 0.5337458963
-552602322 133431660
#r 0 4.1970878552
-551751089 134934705
#r 0 0.3467697142
-25074801 475442830
#r 0 2.3930483736
-25074801 474442830
#r 0 2.3744170906
-53385683 501740272
#r 0 2.3525381380
-581753711 58339560
#r 0 0.9809953139
-581753711 57339560
#r 0 6.1624221852
-582372705 57414677
#r 0 6.1595287959
-123676106 -141587957
#r 0 1.4606034098
-123676106 -140587957
#r 0 5.7978074878
-123571566 -140643098
#r 0 2.6482391496
-770394741 -202777594
#r 0 4.8940580387
-770394741 -201777594
#r 0 0.6702715230
-770555087 -201904700
#r 0 1.9904830697
226219170 40973701
#r 0 2.1929640331
226219170 39973701
#r 0 1.6012844832
226187318 41018114
#r 0 0.7372909259
-730767039 -317649186
#r 0 0.9327214911
-730767039 -316649186
#r 0 3.7749481062
-729139037 -315453798
#r 0 0.1837740240
313987082 -595303530
#r 0 6.1862495444
313987082 -594303530
#r 0 0.2013579180
310668843 -594980863
#r 0 1.3347646678
422385780 609464897
#r 0 3.9768601355
422385780 608464897
#r 0 1.6455283542
422316630 609388482
#r 0 1.6440133861
-283682688 -708434606
#r 0 5.8825158653
-283682688 -707434606
#r 0 1.3086609392
-283923616 -708332553
#r 0 5.3886028676
-165174039 -771223105
#r 0 2.1739874942
-165174039 -770223105
#r 0 2.1962975137
-180062784 -749608621
#r 0 5.3307100696
-595802012 -385074130
#r 0 1.4886899937
-595802012 -384074130
#r 0 4.2174838870
-595704916 -383894224
#r 0 0.6822706874
277214466 -802769623
#r 0 3.0299356458
277214466 -801769623
#r 0 1.0418223027
276665881 -802708114
#r 0 3.0369857192
-49223034 10182434
#r 0 2.4441049809
-49223034 9182434
#r 0 2.0900050306
-50319834 11101556
#r 0 2.4466183527
606551053 -19018638
#r 0 3.1398554649
606551053 -18018638
#r 0 2.0160761868
607028696 -19019468
#r 0 5.4805267235
-355498144 909755308
#r 0 5.1930333817
-355498144 908755308
#r 0 6.1448181591
-354935887 908677010
#r 0 5.1649763179
47076853 -733059593
#r 0 0.3994139206
47076853 -732059593
#r 0 1.6349685877
47139416 -733033185
#r 0 1.1888480923
-374230082 240356462
#r 0 0.8594636737
-374230082 239356462
#r 0 0.8589810147
0 0
#r 0 2.1657650836
57914385 673072022
#r 0 3.6563345311
57914385 672072022
#r 0 1.7413918324
57757410 672983237
#r 0 3.6272050677
-434227853 -134865342
#r 0 2.8931421369
-434227853 -133865342
#r 0 0.4560343138
-435571557 -134524455
#r 0 3.7239247096
-803935016 3201268
#r 0 3.2638589086
-803935016 2201268
#r 0 3.4685239376
-799310108 3769573
#r 0 3.4715590416
612533705 664406426
#r 0 2.7869297063
612533705 663406426
#r 0 1.2514336618
612828310 664297327
#r 0 4.1985404991
-128789750 -864403732
#r 0 5.2324486436
-128789750 -863403732
#r 0 1.9851340896
-126893928 -867714396
#r 0 5.2350606290
49745228 181238661
#r 0 2.4304003745
49745228 180238661
#r 0 4.6222357901
49829094 181166402
#r 0 1.8005695241
582907428 511612935
#r 0 5.0045212165
582907428 510612935
#r 0 3.8082130587
583150622 510804272
#r 0 1.3470396215
616180789 -199370439
#r 0 6.2431481238
616180789 -198370439
#r 0 6.2344333917
730702274 -203958008
#r 0 1.1800492161
144982153 -279834439
#r 0 4.0479875122
144982153 -278834439
#r 0 4.0709129057
128887097 -300385295
#r 0 4.0697219366
-152837913 140842892
#r 0 0.9238724518
-152837913 139842892
#r 0 0.9387236584
-128858733 172588180
#r 0 0.9210996378
549838263 -730153584
#r 0 2.2048348736
549838263 -729153584
#r 0 2.2659245158
543623448 -721701716
#r 0 1.8985918622
-591139324 -247371007
#r 0 4.5989443989
-591139324 -246371007
#r 0 0.9534859194
-591003607 -246179818
#r 0 4.5985649276
-753947354 98952221
#r 0 5.7533306109
-753947354 97952221
#r 0 3.7183137582
-753138433 98478418
#r 0 3.7163824600
-98352464 -743450637
#r 0 3.2612374988
-98352464 -742450637
#r 0 3.2757734358
-166044093 -751588459
#r 0 3.2619316584
611104978 -524723090
#r 0 3.2146457874
611104978 -523723090
#r 0 3.2222222666
479895989 -534325406
#r 1 479844400 -534459320
-276948858 -364114257
#r 0 3.2368232572
-276948858 -363114257
#r 0 0.0000563026
-266473620 -363113667
#r 0 3.6077548047
-558362802 302376104
#r 0 2.6796488643
-558362802 301376104
#r 0 4.3015874932
-558004846 302197888
#r 0 2.6748314464
-267275647 10250653
#r 0 0.7878021686
