701687785 -541700890
#r 0 0.2953458901
701687785 -540700890
#r 0 0.3708826695
689872325 -545295674
#r 0 0.2666291227
-499127383 633119407
#r 0 0.5584776068
-499127383 632119407
#r 0 0.4572660737
-506658501 628413733
#r 0 0.5196063035
-483608482 -622730427
#r 0 1.6039375882
-483608482 -621730427
#r 0 0.8532661182
-483640422 -621767026
#r 0 1.3564944526
-400050622 -282770132
#r 0 4.5636869440
-400050622 -281770132
#r 0 4.5146777222
-399456590 -278804842
#r 0 4.5502282334
301295572 728310821
#r 0 5.1744780158
301295572 727310821
#r 0 6.0689708828
301854149 727189301
#r 0 6.0729594581
538670319 187274473
#r 0 3.2639627075
538670319 186274473
#r 0 2.3611858440
537771888 187163980
#r 0 1.3736155364
-356518068 -65592954
#r 0 5.4777815762
-356518068 -64592954
#r 0 4.3414506330
-356794930 -65304786
#r 0 5.2868066190
-276446552 932869643
#r 0 5.5973101492
-276446552 931869643
#r 0 3.9419389579
-275905654 932426959
#r 0 4.1143217739
-550539604 -271667289
#r 0 5.3058944059
-550539604 -270667289
#r 0 5.6740403561
-551814114 -269778131
#r 0 5.9077974156
-618319202 -169265767
#r 0 6.0409585382
-618319202 -168265767
#r 0 5.6157819297
-616470631 -169722509
#r 0 1.8726748369
755102565 -188650360
#r 0 1.5341683950
755102565 -187650360
#r 0 2.5691672055
755138364 -187673429
#r 0 2.6034060948
380790345 -501424583
#r 0 5.0575943429
380790345 -500424583
#r 0 5.1136891580
378432735 -494868462
#r 0 5.7604172037
-579009961 358478730
#r 0 2.8690150904
-579009961 357478730
#r 0 1.4650169281
-578906846 358449906
#r 0 1.3992333036
299350043 -849072587
#r 0 3.9392895538
299350043 -848072587
#r 0 2.5310740169
299929889 -848478300
#r 0 1.7203815024
547958642 -796389549
#r 0 2.4071374618
547958642 -795389549
#r 0 1.4229436807
547827359 -796271004
#r 0 3.4869941846
120566706 -818818612
#r 0 1.8156664910
120566706 -817818612
#r 0 1.8818617298
119444939 -814329475
#r 0 2.9980312180
137093106 -178832048
#r 0 5.6592048833
137093106 -177832048
#r 0 5.6259125495
156394812 -192728027
#r 0 5.0119989803
-671832205 450572368
#r 0 2.0587469173
-671832205 449572368
#r 0 4.6680259579
-671791239 450495184
#r 0 6.0627357854
-468532303 -84888903
#r 0 2.5005213813
-468532303 -83888903
#r 0 3.9739476206
-469074359 -84484415
#r 0 1.7700610563
242220329 -192797614
#r 0 3.1600805060
242220329 -191797614
#r 0 3.1446776806
307134645 -191597351
#r 0 5.2862393634
474168597 127670696
#r 0 5.3031669568
474168597 126670696
#r 0 5.4886575306
476284599 124515701
#r 0 4.2254408263
595496296 -707793242
#r 0 2.2887289058
595496296 -706793242
#r 0 1.8979419610
596051241 -708428615
#r 0 1.7067408628
677928845 -196320030
#r 0 1.6761296239
677928845 -195320030
#r 0 0.6021291896
677830282 -195387769
#r 0 1.6815249024
134234208 -184258840
#r 0 5.8213278346
134234208 -183258840
#r 0 5.7910190324
160269347 -197218203
#r 0 2.5260495969
-222667336 -46611794
#r 0 1.5413231773
-222667336 -45611794
#r 0 0.3566155816
-222637527 -45600689
#r 0 1.7907680021
219528894 970092025
#r 0 4.7287030945
219528894 969092025
#r 0 3.7736791205
219545017 969103832
#r 0 4.7572987847
-384209398 -106897359
#r 0 4.5293565198
-384209398 -105897359
#r 0 4.4093887714
-383755608 -104445818
#r 0 1.8214336488
615373946 -411111791
#r 0 1.2841288682
615373946 -410111791
#r 0 4.3911274020
617955377 -402354857
#r 0 5.4641049973
326662212 790338362
#r 0 5.0309912086
326662212 789338362
#r 0 4.5657678871
326764220 790029095
#r 0 2.7713942233
340630368 -61653550
#r 0 6.0254142687
340630368 -60653550
#r 0 3.6014567659
339312699 -61306165
#r 0 1.8427664043
-936931568 -253662529
#r 0 1.8986061024
-936931568 -252662529
#r 0 1.0695448707
-937141408 -253045498
#r 0 0.9634659740
-55698254 -527054964
#r 0 6.2443203604
-55698254 -526054964
#r 0 5.4202556219
-54812967 -527089388
#r 0 5.4924618810
-176767589 -188188183
#r 0 3.6319060234
-176767589 -187188183
#r 0 4.7698447835
-176711783 -188158394
#r 0 4.8337177740
133207554 429148051
#r 0 6.1267207395
133207554 428148051
#r 0 0.8373785940
133996497 429023592
#r 0 0.1203579754
420725815 -425022251
#r 0 4.7023607820
420725815 -424022251
#r 0 3.6498799292
420735900 -424016633
#r 0 4.7495688323
-984543034 144270826
#r 0 1.2423987129
-984543034 143270826
#r 0 4.7831011752
-984601674 144098726
#r 0 4.8317956528
366737756 485628537
#r 0 0.3204980412
366737756 484628537
#r 0 0.1921918156
359457009 483211750
#r 0 0.2655033864
-649282821 -270779598
#r 0 6.1085914234
-649282821 -269779598
#r 0 3.6758152049
-650584916 -270549922
#r 0 3.6606137440
411724544 245564399
#r 0 2.4362158124
411724544 244564399
#r 0 3.6043477632
412465062 244933832
#r 0 2.5278290922
795592083 -315379132
#r 0 1.9024057607
795592083 -314379132
#r 0 1.4895021652
795526199 -315187788
#r 0 3.7751970942
-521849662 466816098
#r 0 5.4831570109
-521849662 465816098
#r 0 5.4670824885
-551542384 497390601
#r 0 4.4908363922
-558514126 -706353026
#r 0 4.2340678413
-558514126 -705353026
#r 0 2.1975313471
-558211983 -705770278
#r 0 2.3090110872
-218018041 -776753981
#r 0 2.7456907623
-218018041 -775753981
#r 0 3.1357256218
-220444614 -775739744
#r 0 0.4498135726
517252615 315449462
#r 0 1.2646191565
517252615 314449462
#r 0 4.2567686826
516361816 312631526
#r 0 3.9621230747
-836634468 79323631
#r 0 5.7991760999
-836634468 78323631
#r 0 5.8057749608
-717496773 16690874
#r 0 3.5056586410
-478957491 -425697431
#r 0 1.6576687715
-478957491 -424697431
#r 0 3.8785412451
-479038203 -424770678
#r 0 1.6703409771
744680137 283363242
#r 0 0.8414422738
744680137 282363242
#r 0 0.7635186422
738495989 276443953
#r 0 4.5944519515
787479252 -388621533
#r 0 3.4881695002
787479252 -387621533
#r 0 4.3491744725
787038702 -388780639
#r 0 1.7614618671
734374273 161323653
#r 0 5.4452022160
734374273 160323653
#r 0 5.5222994933
740664516 154334468
#r 0 2.3195961139
-835925574 -325109799
#r 0 1.3570062889
-835925574 -324109799
#r 0 0.1549783552
-835700843 -324074689
#r 0 5.3899002231
191098699 -491490599
#r 0 4.0726655327
191098699 -490490599
#r 0 6.0171592021
191717371 -490659178
#r 0 0.6373402629
76967052 -918743877
#r 0 1.5968652126
76967052 -917743877
#r 0 1.3863182396
76944174 -917866481
#r 0 1.4285338745
-458212991 -390070259
#r 0 0.8934033601
-458212991 -389070259
#r 0 2.1011742600
-457873833 -389648608
#r 0 2.2530402060
-561441965 -303326039
#r 0 3.1146980835
-561441965 -302326039
#r 0 5.7751517590
-559554741 -303376807
#r 0 5.6993243724
-143029320 -288205830
#r 0 3.0951800312
-143029320 -287205830
#r 0 3.0216688384
-129526038 -288833003
#r 0 2.9579296548
-217724255 370576245
#r 0 4.5113457207
-217724255 369576245
#r 0 2.8734572591
-217917245 369629269
#r 0 1.5605881168
231282029 -813119927
#r 0 4.4228941081
231282029 -812119927
#r 0 3.3538321940
231600321 -812051340
#r 0 0.4951049271
-173650117 941397434
#r 0 4.8853233049
-173650117 940397434
#r 0 5.5860175322
-173445506 940226081
#r 0 4.3896083713
-974261600 -135035256
#r 0 1.7276590203
-974261600 -134035256
#r 0 1.7967694301
-974768467 -131830526
#r 0 0.0923048598
-219071864 876570219
#r 0 6.1815254743
-219071864 875570219
#r 0 4.6253194117
-218985344 876561393
#r 0 3.6586853802
841216372 -245702053
#r 0 2.3102225274
841216372 -244702053
#r 0 1.5621956099
841207851 -245692711
#r 0 2.2622156327
-554460271 622376857
#r 0 0.2655924263
-554460271 621376857
#r 0 0.4136373475
-548470232 624006260
#r 0 5.4743261157
-710372218 -603481641
#r 0 1.5496883650
-710372218 -602481641
#r 0 0.1829039749
-710351024 -602477721
#r 0 5.3979904986
57367412 137137296
#r 0 5.7994351731
57367412 136137296
#r 0 1.3261998598
57588070 137021365
#r 0 4.4204851995
350298717 99524416
#r 0 5.6631484349
350298717 98524416
#r 0 2.1976443309
348798752 100595338
#r 0 2.2461523840
124361302 -505132095
#r 0 6.0159829861
124361302 -504132095
#r 0 1.7820282106
124589105 -505194456
#r 0 4.7082410299
-544744435 413022941
#r 0 1.9924764698
-544744435 412022941
#r 0 0.1098522831
-544316995 412070086
#r 0 2.0773628614
-119196968 -904270036
#r 0 0.8285990905
-119196968 -903270036
#r 0 0.8909543778
-126015944 -911705187
#r 0 0.8366517760
-804414631 -463783652
#r 0 5.5660721083
-804414631 -462783652
#r 0 6.2382284759
-805623841 -462729253
#r 0 0.0450420801
551441948 -761356956
#r 0 2.2374095305
551441948 -760356956
#r 0 1.9443649913
552223109 -762349844
#r 0 1.4418637814
27156741 -865736728
#r 0 0.3122268356
27156741 -864736728
#r 0 1.3352033106
26896528 -865820721
#r 0 0.8729491299
940217810 -146619311
#r 0 2.0586530647
940217810 -145619311
#r 0 4.0586538836
939904312 -146028516
#r 0 3.0970720836
-914055295 46387478
#r 0 3.4365977940
-914055295 45387478
#r 0 3.3868850663
-932733460 40711710
#r 0 3.6346973338
-936955659 -34943340
#r 0 3.9676158999
-936955659 -33943340
#r 0 1.9531702436
-936675646 -34639599
#r 0 2.0638539980
-369379595 277222742
#r 0 1.3770853756
-369379595 276222742
#r 0 1.4468925291
-369038512 278961447
#r 0 0.0349330798
-821124475 11788443
#r 0 0.5046273235
-821124475 10788443
#r 0 0.5514229416
-805185338 20592044
#r 0 1.4022261109
-490967586 616064171
#r 0 1.0488196481
-490967586 615064171
#r 0 1.1157688736
-487692125 621758749
#r 0 1.0744378701
-678074763 -588467848
#r 0 6.2793903817
-678074763 -587467848
#r 0 6.2038980451
-664857544 -588518007
#r 0 6.0809300622
217643120 -215305082
#r 0 2.1351123672
217643120 -214305082
#r 0 0.2282949067
217091298 -214433295
#r 0 2.7415539775
-682169509 -158834214
#r 0 5.7818169614
-682169509 -157834214
#r 0 4.8304909390
-682042602 -158903769
#r 0 2.8515923935
557597791 508080141
#r 0 3.2926583839
557597791 507080141
#r 0 3.4150396388
565395230 509267110
#r 0 0.9986128635
639262792 -399950495
#r 0 4.2994460339
639262792 -398950495
#r 0 1.4141075295
639015717 -400514419
#r 0 5.4303624885
61684808 -566926225
#r 0 2.6698577537
61684808 -565926225
#r 0 4.8459389404
61829043 -566999807
#r 0 4.3324022996
523190902 523430949
#r 0 4.3123754834
523190902 522430949
#r 0 4.2174736777
521238981 518814395
#r 0 4.4479226390
-97120665 -106773775
#r 0 2.7562813181
-97120665 -105773775
#r 0 0.6333870943
-97997935 -106417968
#r 0 6.1283161407
-565009351 514254679
#r 0 2.7245128303
-565009351 513254679
#r 0 1.4719903808
-564914393 514212606
#r 0 1.1008377660
334580786 -482417867
#r 0 4.2224763705
334580786 -481417867
#r 0 5.9603957058
335033338 -481569240
#r 0 5.8675329740
-302732954 278207160
#r 0 0.2925536029
-302732954 277207160
#r 0 1.9631534484
-303100906 278096334
#r 0 1.9797426541
-258338693 -552221732
#r 0 1.9280764396
-258338693 -551221732
#r 0 1.8867293171
-255709914 -559263720
#r 0 5.9492385301
-571070279 -284224233
#r 0 6.0253000355
-571070279 -283224233
#r 0 3.1842501915
-574333541 -283363520
#r 0 1.8166354266
481874853 641887316
#r 0 6.1138285426
481874853 640887316
#r 0 5.5744935083
480417683 642136484
#r 0 6.1573943174
-479273610 -106822827
#r 0 1.4842746116
-479273610 -105822827
#r 0 6.0093943777
-479188934 -105846608
#r 0 3.8742668867
-4238218 -621301856
#r 0 5.6179559565
-4238218 -620301856
#r 0 5.7934960648
-8213898 -618182862
#r 0 5.2423306672
-213551122 -22815755
#r 0 3.2347019594
-213551122 -21815755
#r 0 6.2131545439
-207435841 -22244714
#r 0 6.2335840653
-874003763 -51756842
#r 0 3.3103899279
-874003763 -50756842
#r 0 5.6536630667
-872891171 -51567235
#r 0 2.4706801630
-191082364 -706539912
#r 0 2.4624462860
-191082364 -705539912
#r 0 0.0816895359
-192207069 -705631994
#r 0 6.0100375189
-712230836 221529366
#r 0 1.7369043679
-712230836 220529366
#r 0 4.8796192223
-687705789 75244655
#r 0 1.6283962000
-780382671 126943689
#r 0 1.5865999951
-780382671 125943689
#r 0 5.9352711101
-780366775 125937924
#r 0 5.8744488793
-236286024 -513307999
#r 0 0.0061736358
-236286024 -512307999
#r 0 2.4983587989
-234962846 -513299830
#r 0 2.6222691258
432125842 146983063
#r 0 1.7030835114
432125842 145983063
#r 0 1.6451041975
431956854 148253035
#r 0 3.5278133146
-261116530 -918750953
#r 0 1.5770220240
-261116530 -917750953
#r 0 2.3591998990
-261122795 -917744726
#r 0 1.3641731474
118024946 613168088
#r 0 1.1635465704
118024946 612168088
#r 0 5.1689133949
117795291 612635696
#r 0 1.0250208410
-464226731 -787773296
#r 0 1.0899996493
-464226731 -786773296
#r 0 2.9392827796
-463755523 -786869948
#r 0 2.3189239332
-243669211 -909135288
#r 0 2.2936073894
-243669211 -908135288
#r 0 2.8020476422
-244950453 -907682721
#r 0 2.3657239569
-477273716 873997373
#r 0 5.0470566369
-477273716 872997373
#r 0 6.2442402376
-476921191 872983637
#r 0 4.8389251244
-723337552 322551553
#r 0 1.6881635819
-723337552 321551553
#r 0 4.9309880615
-723086272 320420419
#r 0 2.4750805951
-109826943 -461038229
#r 0 3.2069171029
-109826943 -460038229
#r 0 0.9569444815
-110565664 -461086554
#r 0 2.8843470411
273596302 -710435175
#r 0 4.8317626942
273596302 -709435175
#r 0 4.8915966004
273241310 -707475531
#r 0 4.8326805424
-495340295 -231301155
#r 0 3.3909791363
-495340295 -230301155
#r 0 5.5079042362
-494530353 -231094872
#r 0 4.7402117305
-335666797 -774290530
#r 0 1.7216802268
-335666797 -773290530
#r 0 1.7765025628
-336227114 -770605188
#r 0 1.4457205974
-44434562 -424288087
#r 0 5.3042623351
-44434562 -423288087
#r 0 0.7748234333
-44839984 -423685024
#r 0 1.2698932447
482272679 648017210
#r 0 2.5502630602
482272679 647017210
#r 0 6.1581806714
484104774 646786989
#r 0 4.8039069936
-848718430 -335529233
#r 0 1.2204344372
-848718430 -334529233
#r 0 5.2577269252
-848490363 -334905142
#r 0 0.1925159196
-538168394 -366123595
#r 0 1.9242938168
-538168394 -365123595
#r 0 0.2435520689
-538506399 -365207584
#r 0 5.7898657694
780704324 -493859950
#r 0 3.7679895119
780704324 -492859950
#r 0 3.8514345429
773332042 -499194611
#r 0 3.9102765371
101574837 -660299922
#r 0 3.5875579797
101574837 -659299922
#r 0 3.6550726456
89926326 -665868942
#r 0 3.6768004700
274165912 -778182756
#r 0 5.7499214247
274165912 -777182756
#r 0 5.5693466774
277790209 -780322214
#r 0 5.6677264482
-30247511 -354320033
#r 0 5.1606282326
-30247511 -353320033
#r 0 4.9213073889
-29868323 -355108553
#r 0 0.6439121557
196232884 -273237791
#r 0 1.9585638615
196232884 -272237791
#r 0 4.3044554399
196022895 -272723677
#r 0 2.0460657792
-43571381 -254057842
#r 0 1.3147091353
-43571381 -253057842
#r 0 3.4802502257
-43282943 -252956246
#r 0 2.0407393292
245238934 77228773
#r 0 1.2008707698
245238934 76228773
#r 0 1.1557601875
242006142 68892055
#r 0 2.3412292388
691449954 36763389
#r 0 1.6937817740
691449954 35763389
#r 0 5.0386014025
691644733 35187629
#r 0 6.2665756390
305194638 -415436078
#r 0 4.6217696155
305194638 -414436078
#r 0 4.3416438858
305313228 -414131000
#r 0 2.9510849364
326597884 -216545057
#r 0 3.6276771292
326597884 -215545057
#r 0 4.5395860870
326405608 -216646650
#r 0 2.5178762385
48717586 -293671845
#r 0 1.0358179500
48717586 -292671845
#r 0 3.0911026038
49292979 -292700921
#r 0 5.6234040645
530625494 -89118625
#r 0 4.5568582503
530625494 -88118625
#r 0 3.0059012386
530779005 -88139584
#r 0 2.7400416277
42124448 645983829
#r 0 0.0000651869
42124448 644983829
#r 0 0.3639682754
44749982 645984000
#r 0 0.3955398026
-178491570 670902010
#r 0 2.1221390751
-178491570 669902010
#r 0 2.0579934124
-182317245 677123083
#r 0 2.1540228004
78464923 432039983
#r 0 4.3121377377
78464923 431039983
#r 0 5.9692367864
78092934 431160763
#r 0 1.2773646998
160031141 -417843750
#r 0 4.6748426500
160031141 -416843750
#r 0 4.4554294635
160074971 -416676951
#r 0 4.3252089052
-430166093 553065446
#r 0 1.9701221632
-430166093 552065446
#r 0 0.7614195452
-429865145 552352297
#r 0 1.5468730909
17710008 853207122
#r 0 6.1348102822
17710008 852207122
#r 0 5.4099737420
16751791 853350350
#r 0 3.5496649937
14875479 -715975258
#r 0 4.3317080178
14875479 -714975258
#r 0 5.7528329947
15199615 -715165328
#r 0 0.5292967850
-415569731 -638404763
#r 0 1.8455782092
-415569731 -637404763
#r 0 0.9835059648
-415767770 -637702280
#r 0 0.9464975227
-773961145 -176289730
#r 0 5.2957667942
-773961145 -175289730
#r 0 6.2632245582
-774629964 -175276378
#r 0 2.6950538565
940988252 -325744210
#r 0 3.9255225099
940988252 -324744210
#r 0 3.8547450648
-826089410 389315028
#r 0 2.2401377926
-826089410 388315028
#r 0 2.2628822881
-808679329 367309899
#r 0 0.6480877805
787581078 -76307990
#r 0 4.2845986624
787581078 -75307990
#r 0 4.2992141860
776183566 -101305314
#r 0 4.2059659881
-720594767 -54294382
#r 0 1.3267836639
-720594767 -53294382
#r 0 1.2001365552
-719901907 -51511521
#r 0 1.3579569839
594911311 732837332
#r 0 4.7053681367
594911311 731837332
#r 0 5.1785475436
594904387 731851094
#r 0 2.9574626352
288809318 -738112341
#r 0 3.7830355240
288809318 -737112341
#r 0 4.6349166387
288726913 -738173880
#r 0 4.5491091483
-344837829 -486706031
#r 0 0.0867872698
-344837829 -485706031
#r 0 0.1810179874
-355252804 -487612194
#r 0 0.1418669683
-62712054 -847301326
#r 0 1.4372002350
-62712054 -846301326
#r 0 6.1354962840
-62580292 -846320929
#r 0 0.8689444983
-250419138 -693493865
#r 0 1.7350713186
-250419138 -692493865
#r 0 6.0856968352
-250590594 -692459557
#r 0 1.3861491927
366755340 -91389671
#r 0 2.3638908000
366755340 -90389671
#r 0 4.8472411705
366911938 -91543876
#r 0 5.0616588598
961566412 68953195
#r 0 3.5643591952
961566412 67953195
#r 0 3.4969120593
948880315 63245784
#r 0 2.8198908530
597164501 -516317146
#r 0 4.3590572823
597164501 -515317146
#r 0 4.2700334134
598830558 -511799745
#r 0 4.3690876784
-877313621 -335845740
#r 0 0.5607811579
-877313621 -334845740
#r 0 0.3533273259
-873456110 -333423075
#r 0 5.4502509844
-380835327 -806301119
#r 0 2.9539076916
-380835327 -805301119
#r 0 1.6181710389
-380787486 -806310205
#r 0 0.0903592899
822465216 -184570263
#r 0 2.3636888197
822465216 -183570263
#r 0 4.0429749292
822020547 -184132210
#r 0 2.5112491508
186036512 447263379
#r 0 5.3467361984
186036512 446263379
#r 0 0.9924693078
186382415 446793271
#r 0 5.2884353874
-324336703 -906969741
#r 0 1.5195989825
-324336703 -905969741
#r 0 1.6863192213
-324301157 -906276063
#r 0 2.3442246337
-23877194 30146238
#r 0 5.3291344390
-23877194 29146238
#r 0 5.3293757151
-646955563 126488175
#r 0 3.8130552167
-646955563 125488175
#r 0 1.8386230927
-647180855 126309150
#r 0 1.3516254214
647455009 119171730
#r 0 1.6492038711
647455009 118171730
#r 0 5.8023542031
647536936 118128992
#r 0 5.0748295704
-614105525 708095676
#r 0 1.0600348552
-614105525 707095676
#r 0 1.0647633426
-563994800 797521806
#r 0 0.9496896518
-144601442 -246545691
#r 0 4.2408118581
-144601442 -245545691
#r 0 4.3086508861
-147234284 -251708616
#r 0 4.1867782318
-755786970 456770808
#r 0 3.3684370051
-755786970 455770808
#r 0 5.0143799009
-756077592 456703727
#r 0 3.1561928241
-942398078 -178453409
#r 0 0.7987037163
-942398078 -177453409
#r 0 1.9832711870
-942096172 -178143360
#r 0 5.8191121334
711522906 98276513
#r 0 4.3172020225
711522906 97276513
#r 0 1.6786918166
711436918 98070372
#r 0 2.4132626642
-865732126 -389513957
#r 0 5.8694741050
-865732126 -388513957
#r 0 0.4961611610
-866752140 -389066119
#r 0 0.5186134283
457994694 -775492143
#r 0 1.1627721362
457994694 -774492143
#r 0 3.4314083717
458490952 -774344153
#r 0 3.1428055046
223679184 -734348721
#r 0 2.7887684525
223679184 -733348721
#r 0 3.3328955209
221899519 -733693391
#r 0 0.7398664644
590989480 604339845
#r 0 1.3643962584
590989480 603339845
#r 0 1.4208105182
591532585 606933696
#r 0 1.4590557973
33739637 326385330
#r 0 3.5378720900
33739637 325385330
#r 0 2.3089348354
33080745 326109640
#r 0 0.3450119685
107088828 -31836439
#r 0 4.9292827093
107088828 -30836439
#r 0 2.9683534456
106859630 -30796331
#r 0 3.1573368283
-86557720 15314172
#r 0 1.3366407132
-86557720 14314172
#r 0 6.1184385126
-86787153 14352316
#r 0 5.9487742295
187576655 288198927
#r 0 0.5132594356
187576655 287198927
#r 0 1.3569737215
187824080 288338387
#r 0 5.4674981061
376013911 294524797
#r 0 3.7003491244
376013911 293524797
#r 0 2.8724752196
374904066 293830901
#r 0 3.8434113932
278966036 620220652
#r 0 4.3218586858
278966036 619220652
#r 0 2.6468134555
278629182 619402399
#r 0 5.6366734439
-721859489 -551390151
#r 0 5.7818238005
-721859489 -550390151
#r 0 5.2215500232
-721055123 -551831001
#r 0 5.2458197478
388898961 -22604958
#r 0 1.9274416729
388898961 -21604958
#r 0 1.8222002755
389725748 -24824056
#r 0 1.9173519198
-862956667 140643757
#r 0 0.9868542965
-862956667 139643757
#r 0 4.0165567682
-866121790 135854047
#r 0 4.2442366255
-64393835 -548376194
#r 0 2.7018272526
-64393835 -547376194
#r 0 4.8884155578
-64199723 -548467522
#r 0 0.9561419715
-682022435 430113840
#r 0 0.1597052353
-682022435 429113840
#r 0 4.7064185034
-682016459 430114803
#r 0 0.2234664368
129522077 617343422
#r 0 1.2477118698
129522077 616343422
#r 0 1.1631548389
128031738 612892205
#r 0 6.2384127802
-709725211 -135667791
#r 0 4.7984477474
-709725211 -134667791
#r 0 4.8081758410
-710570256 -125872654
#r 0 3.0016168061
882172595 169931446
#r 0 4.2032312510
882172595 168931446
#r 0 2.3818059856
881807811 169278008
#r 0 1.7791874469
29768177 179516482
#r 0 4.2921536835
29768177 178516482
#r 0 4.9582629242
29607475 179156853
#r 0 6.2469540278
258981388 553416150
#r 0 0.8085531235
258981388 552416150
#r 0 0.9691362423
261425866 555976536
#r 1 261571950 556509483
867622611 474026919
#r 0 4.4360678528
867622611 473026919
#r 0 4.2991630677
866819882 471196177
#r 0 3.5412880981
494169261 705240858
#r 0 4.6768860359
494169261 704240858
#r 0 3.8863665138
494132541 704207006
#r 0 2.6362278482
122469093 -725635014
#r 0 4.9596475882
122469093 -724635014
#r 0 4.3371338357
122315251 -725025554
#r 0 4.3528370553
-603116602 -663308573
#r 0 4.8620572934
-603116602 -662308573
#r 0 2.0461480814
-603329882 -661894208
#r 0 1.0623557474
-145539966 -887360284
#r 0 0.7303946108
-145539966 -886360284
#r 0 0.1663719434
-144165781 -886129525
#r 0 1.9271419428
682414660 608429595
#r 0 2.1866764941
682414660 607429595
#r 0 2.2629090804
687255251 601589777
#r 0 2.6013316450
-490982295 -354183775
#r 0 0.4015100803
-490982295 -353183775
#r 0 0.2793962036
-483718741 -351099856
#r 1 -484128599 -351974226
-802812116 -220135267
#r 0 5.6825221627
-802812116 -219135267
#r 0 5.7646927018
-811542021 -214154315
#r 0 5.6939593272
250470454 471718324
#r 0 0.1619534686
250470454 470718324
#r 0 4.2709290553
250982559 471801994
#r 0 4.2362422062
439852827 37625603
#r 0 4.2939684077
439852827 36625603
#r 0 0.0014927675
439407852 36624939
#r 0 5.6806645293
-160210028 -311873695
#r 0 4.0144415532
-160210028 -310873695
#r 0 1.7799643723
-160040626 -311671734
#r 0 1.6672923091
378118500 -176315695
#r 0 3.2389353846
378118500 -175315695
#r 0 0.1527660426
360361012 -178049738
#r 0 4.9105382938
-866575725 -214630372
#r 0 2.3609212815
-866575725 -213630372
#r 0 1.8752634669
-866119461 -215082343
#r 0 1.0632338016
135413484 36622920
#r 0 6.1626701680
135413484 35622920
#r 0 3.6225356021
136968907 36434555
#r 0 4.7914537743
133848038 926203271
#r 0 5.3567268600
133848038 925203271
#r 0 3.5234128531
134425226 925435026
#r 0 3.4722143835
152317393 -838586251
#r 0 5.9196740992
152317393 -837586251
#r 0 2.2865660235
153616900 -839080605
#r 0 2.3099954158
866394399 -388688067
#r 0 3.5515754098
866394399 -387688067
#r 0 1.7824980387
866590961 -388602639
#r 0 2.3949769242
-110683473 -855371776
#r 0 0.6163550715
-110683473 -854371776
#r 0 6.2110210635
-109402588 -854464371
#r 0 0.4006646340
-778756986 -564076853
#r 0 6.1247245470
-778756986 -563076853
#r 0 0.8277622150
-779558055 -563948842
#r 0 6.1320042620
-737950047 -439455128
#r 0 0.3399788601
-737950047 -438455128
#r 0 2.0397086649
-737520432 -439303167
#r 0 1.2846450151
-609784449 -471338019
#r 0 2.0592795185
-609784449 -470338019
#r 0 4.5950042646
-609880960 -471156417
#r 0 4.9257881058
-23189346 649857189
#r 0 5.9278999926
-23189346 648857189
#r 0 2.6961194490
-32583037 653342527
#r 0 2.5607435222
919027675 186956176
#r 0 3.1319844868
919027675 185956176
#r 0 1.9626840011
918612764 186960163
#r 0 4.4138655930
-462062882 -817316296
#r 0 0.1087940549
-462062882 -816316296
#r 0 1.1156341808
-462579962 -817372774
#r 0 0.2930322689
-122964257 -333624352
#r 0 3.9216433059
-122964257 -332624352
#r 0 2.2500682022
-122515387 -333180257
#r 0 2.3543000558
-340634393 559951828
#r 0 1.9807492374
-340634393 558951828
#r 0 2.4925754948
-339986071 558459975
#r 0 1.9714384351
-909594700 -252680642
#r 0 2.0180242746
-909594700 -251680642
#r 0 1.9447159894
-907437948 -257177241
#r 0 0.1180000490
43912064 302995607
#r 0 2.8487023642
43912064 301995607
#r 0 0.1672656157
46037886 302354537
#r 0 1.9576815800
117420708 890129395
#r 0 5.7093234845
117420708 889129395
#r 0 3.3465667074
118591224 889372738
#r 0 4.8827622382
-468178342 -347725758
#r 0 0.5847077855
-468178342 -346725758
#r 0 0.4043069730
-463905541 -344897515
#r 0 0.4330054010
71200613 -222501511
#r 0 0.2522468481
71200613 -221501511
#r 0 0.3009161776
52190558 -227401099
#r 0 3.7499510207
-243623499 -789879633
#r 0 5.9786348688
-243623499 -788879633
#r 0 6.2566640372
-247098114 -788787460
#r 0 0.1212115684
-769324329 107708350
#r 0 0.9857900896
-769324329 106708350
#r 0 6.1297266831
-769925126 106801278
#r 0 6.0931532542
635566251 196520845
#r 0 4.8570436405
635566251 195520845
#r 0 1.9081576792
635815387 194810591
#r 0 1.9410003694
195202581 -473800941
#r 0 3.1306064838
195202581 -472800941
#r 0 4.8988859896
195391663 -473803018
#r 0 1.1624410020
308865562 -904406367
#r 0 2.9717331117
308865562 -903406367
#r 0 3.0694121471
298785537 -902677520
#r 0 3.2044159991
710295145 -265660052
#r 0 1.8630832349
710295145 -264660052
#r 0 1.9070432676
708131762 -258470466
#r 0 1.1106013337
-659887626 -690524746
#r 0 5.4911812872
-659887626 -689524746
#r 0 5.5530695488
-668349742 -681950085
#r 0 0.3506241515
582191960 -738122481
#r 0 1.6353438350
582191960 -737122481
#r 0 2.1450827951
582120149 -737011496
#r 0 2.2078590469
619956929 619639294
#r 0 2.8499270174
619956929 618639294
#r 0 0.6992098469
620833226 619376206
#r 0 2.8476374441
279378978 182926265
#r 0 0.1911743793
279378978 181926265
#r 0 0.9742408303
280160829 183077583
#r 0 0.1654506580
-31041134 -356688329
#r 0 0.7341485762
-31041134 -355688329
#r 0 5.3685680619
-30586819 -356278348
#r 0 0.6933934470
531322273 778893238
#r 0 4.2828014495
531322273 777893238
#r 0 5.1541059071
531089581 778385312
#r 0 5.1136081667
-409016762 -551302065
#r 0 1.6402759522
-409016762 -550302065
#r 0 3.3384458666
-409085401 -550315754
#r 0 3.2750192248
-242530425 -410578653
#r 0 5.2101886701
-242530425 -409578653
#r 0 4.1509740850
-242821960 -410042200
#r 0 4.1006894451
280793211 -921368331
#r 0 2.4698924756
280793211 -920368331
#r 0 2.5754254041
274521686 -916382311
#r 0 2.5954875519
730390034 137322819
#r 0 1.1360100456
730390034 136322819
#r 0 3.0102600139
729952452 136380621
#r 0 3.2867617719
336241334 349827929
#r 0 4.3742704051
336241334 348827929
#r 0 2.6566262714
335944678 348984249
#r 0 4.4945699009
182629508 -60733374
#r 0 4.5213795611
182629508 -59733374
#r 0 1.1692365391
182984553 -58897252
#r 0 4.4978630492
-14583895 -391538609
#r 0 0.7180497569
-14583895 -390538609
#r 0 2.7681035905
-13793697 -390848274
#r 0 1.9336465887
-529968658 -541423045
#r 0 6.0472574321
-529968658 -540423045
#r 0 3.5603035048
-531427592 -541072310
#r 0 2.1932972349
-295721070 -115687762
#r 0 1.7240359231
-295721070 -114687762
#r 0 1.7816577430
-296275820 -112095995
#r 0 4.2369943373
-860392259 105310463
#r 0 6.1742285634
-860392259 104310463
#r 0 3.7612071370
-859176774 105177501
#r 0 6.1767525901
134282577 690186611
#r 0 6.0205997447
134282577 689186611
#r 0 6.1774281507
140431172 688533918
#r 0 6.1307960565
120775521 105317247
#r 0 1.2352146517
120775521 104317247
#r 0 4.8503462926
120676214 105032514
#r 0 3.9508626693
705482076 -427802156
#r 0 3.6852429436
705482076 -426802156
#r 0 4.0565958444
704043921 -428671380
#r 0 2.0952078436
67711290 -820628312
#r 0 0.5084418820
67711290 -819628312
#r 0 6.0888288382
69037275 -819889321
#r 0 6.0353173794
433987350 508403551
#r 0 3.6154419290
433987350 507403551
#r 0 3.6341940666
475799645 529845645
#r 0 5.4482781780
-118050258 19266698
#r 0 6.0192706569
-118050258 18266698
#r 0 6.0055193505
-185565986 37510637
#r 0 2.9553885797
-797637337 -148047045
#r 0 1.7501064611
-797637337 -147047045
#r 0 2.8883027921
-797827517 -146997817
#r 0 2.3299553150
-297627869 -312378482
#r 0 0.2315305431
-297627869 -311378482
#r 0 3.2512647906
-289668900 -310502088
#r 0 1.7532090698
526708312 738674488
#r 0 5.5419538270
526708312 737674488
#r 0 4.5626662052
526840861 738553159
#r 0 5.6865933309
902408713 326691638
#r 0 4.1442943095
902408713 325691638
#r 0 2.6704751947
901927035 325936992
#r 0 2.5834947437
194389026 724215994
#r 0 3.9692976383
194389026 723215994
#r 0 3.9328489685
181337794 710010947
#r 0 3.9105748084
479784988 -770379991
#r 0 1.5945980233
479784988 -769379991
#r 0 3.1757448588
479761201 -769380804
#r 0 1.6858017948
-131810955 348029062
#r 0 2.0360559341
-131810955 347029062
#r 0 2.9546152606
-131256256 346924120
#r 0 5.8062112190
586522933 -217901995
#r 0 0.7966976013
586522933 -216901995
#r 0 0.5142064392
588706512 -215668504
#r 0 0.4328362793
-187748036 23994930
#r 0 3.6841807032
-187748036 22994930
#r 0 6.0114813696
-188882406 23310958
#r 0 1.6789576411
352205545 -810872443
#r 0 3.4983675370
352205545 -809872443
#r 0 1.2792177451
351867608 -810998401
#r 0 1.1724131422
-281264150 625950435
#r 0 6.1956936416
-281264150 624950435
#r 0 1.0512857916
-280719558 625902666
#r 0 2.1350353230
805993669 -555805939
#r 0 2.7310569962
805993669 -554805939
#r 0 3.2355360633
804105055 -554983886
#r 0 2.7754058069
109176579 830254230
#r 0 5.0062258513
109176579 829254230
#r 0 3.2321312059
109471085 829280967
#r 0 4.9874546905
454603456 -115132683
#r 0 4.5922272967
454603456 -114132683
#r 0 1.6235783724
454640207 -114828312
#r 0 1.9839343957
-841858840 456991149
#r 0 3.5777634800
-841858840 455991149
#r 0 3.4514933184
-848713174 453796268
#r 0 3.4176661868
-394302774 -111391377
#r 0 1.7078576015
-394302774 -110391377
#r 0 3.0981327698
-394441532 -110385343
#r 0 2.5276974541
-44928054 515757560
#r 0 3.6275112635
-44928054 514757560
#r 0 5.2502230788
-45381644 515517993
#r 0 1.9197551296
-121117037 -740886462
#r 0 0.3485986046
-121117037 -739886462
#r 0 0.3217406573
-87915231 -728819559
#r 0 6.0988042356
-104972969 -794518837
#r 0 0.1404869302
-104972969 -793518837
#r 0 0.1943152834
-123030047 -797072442
#r 0 6.1107941040
-228728329 -70115130
#r 0 5.8229166830
-228728329 -69115130
#r 0 4.0153604834
-229319971 -69821804
#r 0 6.2098855471
211817052 -353830981
#r 0 3.3364618439
211817052 -352830981
#r 0 1.9209177986
212157668 -353763752
#r 0 0.9927599333
714039536 -444378998
#r 0 2.9401727721
714039536 -443378998
#r 0 3.9934977213
713297093 -444227400
#r 0 1.4110082575
210279624 -719446913
#r 0 4.1637012100
210279624 -718446913
#r 0 4.2948113038
208661687 -722093623
#r 0 2.6201632149
-252990652 907596128
#r 0 4.9590422331
-252990652 906596128
#r 0 4.5563314964
-252893823 907211551
#r 0 4.0132025484
-111775591 385835601
#r 0 4.1630235596
-111775591 384835601
#r 0 6.2586421139
-112378758 384850408
#r 0 5.5414004344
-751715650 246572132
#r 0 5.2301395677
-751715650 245572132
#r 0 5.0986839934
-753138232 249069735
#r 0 5.0460482197
734240015 -107718197
#r 0 5.3575125637
734240015 -106718197
#r 0 3.5810046620
733684119 -106979503
#r 0 5.4038015803
451097033 876365304
#r 0 4.2489013543
451097033 875365304
#r 0 5.3171331446
450806986 875784978
#r 0 5.2831313056
-213751703 -188883800
#r 0 5.1163676494
-213751703 -187883800
#r 0 5.1961177324
-216046482 -183515783
#r 0 5.1891957150
-871609781 -439190600
#r 0 1.7596500770
-871609781 -438190600
#r 0 1.2377559726
-871732891 -438546487
#r 0 5.7806561604
873731973 -187795839
#r 0 1.7015280826
873731973 -186795839
#r 0 2.0066252421
873548766 -186402433
#r 0 4.3064763977
476321941 -514170025
#r 0 3.3147155015
476321941 -513170025
#r 0 3.2067484989
485443930 -512574832
#r 0 4.2277074421
648529161 -258031637
#r 0 2.0785517767
648529161 -257031637
#r 0 0.8894990273
648199188 -257438604
#r 0 1.4619221793
-947200162 54478327
#r 0 4.2108267536
-947200162 53478327
#r 0 4.1989817129
-967136567 18120100
#r 0 1.8396038652
-72923073 965837855
#r 0 4.0859683201
-72923073 964837855
#r 0 4.2095986743
-70632228 969003550
#r 0 4.2560969374
533900477 -572149686
#r 0 3.4886393274
533900477 -571149686
#r 0 5.9573847895
535330019 -571632642
#r 0 5.8861163663
-787439174 -505763987
#r 0 5.7584314023
-787439174 -504763987
#r 0 5.7734557932
-837721213 -476656143
#r 0 5.7367506312
-244124713 -774407860
#r 0 6.0606459973
-244124713 -773407860
#r 0 6.0404094568
-197337944 -784995108
#r 0 0.0600884735
912688030 366379819
#r 0 3.1515456911
912688030 365379819
#r 0 3.2240052435
926453354 366516830
#r 0 4.0867739240
65744808 676218049
#r 0 0.0001738582
65744808 675218049
#r 0 3.2085927404
80686536 676220647
#r 0 5.8279745012
-530446177 836542796
#r 0 3.9322039817
-530446177 835542796
#r 0 3.7825356344
-534227317 832722025
#r 0 3.7258686499
-415563059 -298865844
#r 0 5.0070119363
-415563059 -297865844
#r 0 5.0172430077
-424082200 -270791969
#r 0 4.9878847131
-886033412 -228132643
#r 0 2.2029790121
-886033412 -227132643
#r 0 2.1755729313
-873772666 -244871706
#r 0 2.1250102941
-277974413 -935647969
#r 0 0.5234485429
-277974413 -934647969
#r 0 0.4303359569
-269508609 -930761930
#r 0 0.5506981115
200104270 740576328
#r 0 1.1321664253
200104270 739576328
#r 0 3.1396661715
199635586 739577231
#r 0 5.4030813859
-138670661 -326693416
#r 0 2.0989426674
-138670661 -325693416
#r 0 0.7881609092
-139038370 -326063162
#r 0 1.7726528145
-420259027 -893966584
#r 0 0.2743486139
-420259027 -892966584
#r 0 1.6079384222
-420222252 -893956234
#r 0 0.0851005709
-798050443 -196980374
#r 0 5.5296617158
-798050443 -195980374
#r 0 2.1573352601
-796285429 -198636310
#r 0 5.6512189216
-402542994 -134498653
#r 0 0.0199734713
-402542994 -133498653
#r 0 4.6534252733
-402602096 -134499834
#r 0 5.7231217510
508744237 816338581
#r 0 5.4443076659
508744237 815338581
#r 0 3.1405506095
509643458 815337644
#r 0 5.4193741706
-397593185 913590386
#r 0 6.0225956108
-397593185 912590386
#r 0 4.8015353383
-397684751 913614802
#r 0 5.5498656326
-443314379 -868631678
#r 0 0.9343698652
-443314379 -867631678
#r 0 6.2448210767
-442595759 -867659261
#r 0 1.4987270933
-533147680 613971414
#r 0 0.7528333611
-533147680 612971414
#r 0 3.1924007784
-534276283 612914022
#r 0 0.4756107981
-770932227 -336799630
#r 0 2.0541024248
-770932227 -335799630
#r 0 0.4853125848
-771343277 -336016410
#r 0 0.4874739787
-313801222 -169811900
#r 0 6.2327596402
-313801222 -168811900
#r 0 3.5130318563
-316074010 -169697196
#r 0 5.8562416826
396351162 236536477
#r 0 0.3749276266
396351162 235536477
#r 0 1.1774574249
396847118 236731657
#r 0 1.2065660858
653214263 -656222690
#r 0 2.4102123437
653214263 -655222690
#r 0 0.9714079465
652790718 -655842598
#r 0 2.8857661684
-126037657 252119065
#r 0 0.3848753733
-126037657 251119065
#r 0 0.4181598051
-100586041 262428928
#r 0 0.2805670906
795662488 -210263076
#r 0 2.6772195042
795662488 -209263076
#r 0 2.0797873464
796437024 -210651047
#r 0 3.1160141230
-552602322 134431660
#r 0 1.3807420226
-552602322 133431660
#r 0 0.3546262517
-552809453 133354964
#r 0 5.0676841605
-25074801 475442830
#r 0 4.7256402728
-25074801 474442830
#r 0 4.4899680924
-25062282 474498182
#r 0 0.2511342681
-581753711 58339560
#r 0 5.3723257899
-581753711 57339560
#r 0 2.7833734860
-580659957 56930090
#r 0 3.2492076556
-123676106 -141587957
#r 0 5.0478567738
-123676106 -140587957
#r 0 0.7628984331
-123937597 -140837938
#r 0 4.2804479533
-770394741 -202777594
#r 0 5.3692477008
-770394741 -201777594
#r 0 5.8894379034
-771529256 -201306268
#r 0 2.3453127776
226219170 40973701
#r 0 6.0054741761
226219170 39973701
#r 0 5.9433758149
211608840 45138782
#r 0 1.1158514098
-730767039 -317649186
#r 0 0.6330335932
-730767039 -316649186
#r 0 0.4963255234
-725564948 -313832041
#r 0 0.5658828488
313987082 -595303530
#r 0 0.0401054985
313987082 -594303530
#r 0 3.6114302233
311848660 -595389338
#r 0 3.4478436929
422385780 609464897
#r 0 2.9641165760
422385780 608464897
#r 0 0.1284757466
425626740 608883588
#r 0 0.1935421922
-283682688 -708434606
#r 0 1.5350466165
-283682688 -707434606
#r 0 6.1408786951
-283647105 -707439704
#r 0 6.0005976652
-165174039 -771223105
#r 0 6.2356199646
-165174039 -770223105
#r 0 6.0105442527
-160863737 -771428281
#r 0 0.3945356608
-595802012 -385074130
#r 0 0.2807071075
-595802012 -384074130
#r 0 0.3819044785
-604627931 -387618819
#r 0 1.8974922369
277214466 -802769623
#r 0 1.0601346183
277214466 -801769623
#r 0 1.0178410936
283285670 -791932596
#r 0 1.0381395382
-49223034 10182434
#r 0 5.7948758466
-49223034 9182434
#r 0 5.6534870743
-54288017 12873047
#r 0 5.8101802644
606551053 -19018638
#r 0 4.2666019397
606551053 -18018638
#r 0 5.3185119182
606833916 -18426713
#r 0 5.6421956866
-355498144 909755308
#r 0 4.3710946867
-355498144 908755308
#r 0 4.2280159547
-356591183 906678006
#r 0 4.3349434304
47076853 -733059593
#r 0 2.4505891131
47076853 -732059593
#r 0 1.0270972011
46673850 -732726299
#r 0 5.7737095249
-374230082 240356462
#r 0 0.0784465312
-374230082 239356462
#r 0 1.3324232176
-373982357 240375935
#r 0 2.2725115106
57914385 673072022
#r 0 5.2261584901
57914385 672072022
#r 0 0.1647517383
58430299 672157797
#r 0 0.1399786284
-434227853 -134865342
#r 0 0.3967261152
-434227853 -133865342
#r 0 0.3978566510
-803935016 3201268
#r 0 0.6960010268
-803935016 2201268
#r 0 0.6405990167
-815046135 -6081797
#r 0 3.0028433828
612533705 664406426
#r 0 4.3716098496
612533705 663406426
#r 0 5.8680316277
612227026 663541601
#r 0 5.3267847474
-128789750 -864403732
#r 0 0.5871432990
-128789750 -863403732
#r 0 1.5968942289
-128764092 -864386658
#r 0 0.0304730052
49745228 181238661
#r 0 2.1702469061
49745228 180238661
#r 0 0.7222896276
50171750 180614481
#r 0 5.2467563317
582907428 511612935
#r 0 5.2603484436
582907428 510612935
#r 0 1.4898203691
582979057 511495569
#r 0 3.4227911855
616180789 -199370439
#r 0 0.8189673058
616180789 -198370439
#r 0 0.3416452418
617581529 -197872351
#r 0 0.3267588243
144982153 -279834439
#r 0 4.8264869728
144982153 -278834439
#r 0 2.0721138177
144837258 -278570039
#r 0 1.5699517450
-152837913 140842892
#r 0 4.1728326973
-152837913 139842892
#r 0 0.6983323106
-154042020 138832114
#r 0 0.1282038979
549838263 -730153584
#r 0 1.3850914341
549838263 -729153584
#r 0 3.5308899555
550041821 -729070078
#r 0 0.7812113105
-591139324 -247371007
#r 0 1.4962831662
-591139324 -246371007
#r 0 5.9802523651
-591066375 -246393808
#r 0 3.5920586008
-753947354 98952221
#r 0 6.1972923820
-753947354 97952221
#r 0 6.1803121088
-812314719 103977930
#r 0 3.5263054162
-98352464 -743450637
#r 0 6.0454611030
-98352464 -742450637
#r 0 2.2925028193
-97233820 -743721691
#r 0 5.8378260775
611104978 -524723090
#r 0 4.1178435660
611104978 -523723090
#r 0 4.1865025556
607006518 -530784476
#r 0 4.1896894934
-276948858 -364114257
#r 0 5.4549346068
-276948858 -363114257
#r 0 2.9423395090
-278075407 -362886770
#r 0 4.6283084044
-558362802 302376104
#r 0 1.6164917911
-558362802 301376104
#r 0 3.7110425011
-558318375 301404546
#r 0 4.0347824538
-267275647 10250653
#r 0 5.3497243630
-267275647 9250653
#r 0 2.5868251387
-265907505 8402837
#r 0 1.8884759519
425647155 -827346206
#r 0 3.1272876344
