701687785 -541700890
#r 0 2.4492557661
701687785 -540700890
#r 0 3.5152789729
700869041 -541021928
#r 0 3.6365673735
-499127383 633119407
#r 0 1.7385609219
-499127383 632119407
#r 0 1.7272672305
-501431447 646724228
#r 0 1.8971109291
-483608482 -622730427
#r 0 0.3531870382
-483608482 -621730427
#r 0 6.0252992403
-482027214 -622147501
#r 0 0.8787491319
-400050622 -282770132
#r 0 1.9155056948
-400050622 -281770132
#r 0 3.4283932367
-400375287 -281865886
#r 0 1.9149165014
301295572 728310821
#r 0 5.6482965090
301295572 727310821
#r 0 5.6977278546
314876487 718306721
#r 0 5.6838667693
538670319 187274473
#r 0 4.8668609552
538670319 186274473
#r 0 4.7424565887
538633042 187513869
#r 0 5.5743689829
-356518068 -65592954
#r 0 5.5650131494
-356518068 -64592954
#r 0 4.1959649097
-356897582 -65261320
#r 0 0.2346069920
-276446552 932869643
#r 0 0.3857779307
-276446552 931869643
#r 0 5.4907210129
-277150598 932583710
#r 0 5.1069523460
-550539604 -271667289
#r 0 4.3944314752
-550539604 -270667289
#r 0 5.6706354537
-550272302 -270855128
#r 0 0.7485833664
-618319202 -169265767
#r 0 1.4118170625
-618319202 -168265767
#r 0 5.5346695766
-618179652 -168395385
#r 0 4.8564513976
755102565 -188650360
#r 0 0.6242842017
755102565 -187650360
#r 0 0.6889190023
745405480 -195636107
#r 0 0.6797110570
380790345 -501424583
#r 0 4.0867604624
380790345 -500424583
#r 0 5.2837740076
381130529 -500953702
#r 0 2.1744668463
-579009961 358478730
#r 0 5.3471219555
-579009961 357478730
#r 0 5.5150487927
-576458412 355013783
#r 0 0.0161549558
299350043 -849072587
#r 0 4.9134936341
299350043 -848072587
#r 0 2.6531262910
299121414 -847951089
#r 0 2.6812195462
547958642 -796389549
#r 0 3.2149186879
547958642 -795389549
#r 0 3.3505980918
540745986 -796919374
#r 0 1.9784238302
120566706 -818818612
#r 0 3.3957089717
120566706 -817818612
#r 0 3.1460845618
124484598 -817801013
#r 0 0.7348693473
137093106 -178832048
#r 0 3.7476868787
137093106 -177832048
#r 0 2.2602506472
137617738 -178468414
#r 0 0.4049985532
-671832205 450572368
#r 0 5.5480676225
-671832205 449572368
#r 0 6.1774748060
-670579183 449439415
#r 0 5.1487572200
-468532303 -84888903
#r 0 2.5923817469
-468532303 -83888903
#r 0 5.0377787316
-468107129 -85149118
#r 0 1.9403142954
242220329 -192797614
#r 0 1.7558009237
242220329 -191797614
#r 0 2.5729577868
242007763 -191661775
#r 0 4.1460589959
474168597 127670696
#r 0 5.9423410512
474168597 126670696
#r 0 6.1336581809
479069705 125932336
#r 0 5.9434665918
595496296 -707793242
#r 0 3.3214176625
595496296 -706793242
#r 0 2.5817779626
596733185 -707568390
#r 0 2.8114001145
677928845 -196320030
#r 0 1.4904800913
677928845 -195320030
#r 0 3.0187376787
678008542 -195329871
#r 0 2.8443035751
134234208 -184258840
#r 0 4.1416456583
134234208 -183258840
#r 0 2.1400830990
134554702 -183759641
#r 0 2.6783415109
-222667336 -46611794
#r 0 0.7575845681
-222667336 -45611794
#r 0 0.7685387223
-270348748 -91711951
#r 0 3.8631786423
219528894 970092025
#r 0 4.8675373290
219528894 969092025
#r 0 4.3468160362
219639930 969382103
#r 0 3.5228882945
-384209398 -106897359
#r 0 0.9589309658
-384209398 -105897359
#r 0 4.8991821628
-384060505 -106685169
#r 0 0.4328284902
615373946 -411111791
#r 0 1.7103257766
615373946 -410111791
#r 0 3.1030667075
615232740 -410106348
#r 0 0.9801526911
326662212 790338362
#r 0 4.7777450569
326662212 789338362
#r 0 5.5929861123
326731400 789281235
#r 0 4.8439542928
340630368 -61653550
#r 0 4.8317204893
340630368 -60653550
#r 0 3.9010247544
340522720 -60755748
#r 0 3.8439161011
-936931568 -253662529
#r 0 0.5172152239
-936931568 -252662529
#r 0 0.1122512595
-934739282 -252415403
#r 0 5.8557294685
-55698254 -527054964
#r 0 1.5479429082
-55698254 -526054964
#r 0 1.4930344941
-55665908 -525639840
#r 0 1.5994960533
-176767589 -188188183
#r 0 4.5640447118
-176767589 -187188183
#r 0 5.4938287647
-176637710 -187319094
#r 0 1.6353150605
133207554 429148051
#r 0 5.5988870581
133207554 428148051
#r 0 0.8004414594
133749165 428706207
#r 0 4.2199006211
420725815 -425022251
#r 0 3.1223226040
420725815 -424022251
#r 0 2.7407720736
423198074 -425069897
#r 0 4.4589107320
-984543034 144270826
#r 0 5.7670391007
-984543034 143270826
#r 0 4.9182213690
-984779885 144405229
#r 0 5.6626391905
366737756 485628537
#r 0 4.7661396894
366737756 484628537
#r 0 2.4199915147
366794232 484578843
#r 0 5.0369692763
-649282821 -270779598
#r 0 5.1273907976
-649282821 -269779598
#r 0 3.9087958696
-649592042 -270077766
#r 0 3.9323890104
411724544 245564399
#r 0 1.9392579852
411724544 244564399
#r 0 2.0006246299
414171914 239225614
#r 0 1.9353567484
795592083 -315379132
#r 0 1.1706971578
795592083 -314379132
#r 0 1.5168756501
795530214 -315525425
#r 0 1.4944183130
-521849662 466816098
#r 0 5.0217291856
-521849662 465816098
#r 0 1.4533574558
-521763491 466546476
#r 0 4.5739166817
-558514126 -706353026
#r 0 1.6271415955
-558514126 -705353026
#r 0 1.6366863821
-558902610 -699465612
#r 0 0.8447652619
-218018041 -776753981
#r 0 4.5085044624
-218018041 -775753981
#r 0 4.8075665132
-217952731 -776438102
#r 0 4.4721499412
517252615 315449462
#r 0 4.8079543674
517252615 314449462
#r 0 5.4514659855
517359739 314331924
#r 0 1.9858484104
-836634468 79323631
#r 0 4.4110555778
-836634468 78323631
#r 0 4.3615364254
-838695273 72692940
#r 0 4.4210388876
-478957491 -425697431
#r 0 3.0143865614
-478957491 -424697431
#r 0 6.2336515618
-491725232 -424064479
#r 0 2.9279513414
744680137 283363242
#r 0 2.9460063814
744680137 282363242
#r 0 2.8262408810
736874930 284909602
#r 0 2.8391201225
787479252 -388621533
#r 0 1.6068419786
787479252 -387621533
#r 0 3.7386554399
787444054 -387645462
#r 0 1.5484742311
734374273 161323653
#r 0 2.0297943450
734374273 160323653
#r 0 1.7954656674
733949171 162183833
#r 0 1.7809231957
-835925574 -325109799
#r 0 4.7966086213
-835925574 -324109799
#r 0 4.6429516999
-835963707 -324658089
#r 0 5.8796147055
191098699 -491490599
#r 0 1.4786922410
191098699 -490490599
#r 0 4.4637949286
191243897 -489918604
#r 0 2.9511045816
76967052 -918743877
#r 0 2.9062017466
76967052 -917743877
#r 0 4.0031160081
76255297 -918573172
#r 0 4.0768078185
-458212991 -390070259
#r 0 3.1545346871
-458212991 -389070259
#r 0 3.3540616087
-463144391 -390134085
#r 0 0.7259785384
-561441965 -303326039
#r 0 1.6767033406
-561441965 -302326039
#r 0 3.6711511579
-561542043 -302384617
#r 0 0.1935886766
-143029320 -288205830
#r 0 0.8163652238
-143029320 -287205830
#r 0 0.7851772681
-127495608 -271678979
#r 0 0.8119624821
-217724255 370576245
#r 0 6.2415644901
-217724255 369576245
#r 0 0.2091496492
-213785673 370412223
#r 0 4.9880092262
231282029 -813119927
#r 0 2.7398541328
231282029 -812119927
#r 0 3.3268060342
229648588 -812425970
#r 0 2.6107949464
-173650117 941397434
#r 0 4.2746744083
-173650117 940397434
#r 0 5.5710744594
-173983451 940685170
#r 0 4.2404817848
-974261600 -135035256
#r 0 0.9354432054
-974261600 -134035256
#r 0 0.3827356358
-973212972 -133613091
#r 0 5.8384521021
-219071864 876570219
#r 0 4.3366238172
-219071864 875570219
#r 0 0.6551042085
-219637956 875135296
#r 0 0.6098789369
841216372 -245702053
#r 0 3.2703967233
841216372 -244702053
#r 0 1.8737324336
841516767 -245663145
#r 0 0.7750732316
-554460271 622376857
#r 0 6.1306031667
-554460271 621376857
#r 0 5.9608937314
-560010979 623230430
#r 0 0.9069771233
-710372218 -603481641
#r 0 6.0223981476
-710372218 -602481641
#r 0 0.9125961957
-711013182 -603310590
#r 0 0.3643801782
57367412 137137296
#r 0 2.5272079726
57367412 136137296
#r 0 1.5518060280
57386153 137124075
#r 0 5.3622877011
350298717 99524416
#r 0 0.0806713827
350298717 98524416
#r 0 1.4303339666
350441745 99535979
#r 0 0.6083523138
124361302 -505132095
#r 0 2.3880807208
124361302 -504132095
#r 0 4.9372428861
124652512 -505405302
#r 0 3.9038995077
-544744435 413022941
#r 0 4.0122947083
-544744435 412022941
#r 0 3.9979316348
-574136338 378134320
#r 0 1.2042658963
-119196968 -904270036
#r 0 1.1142062547
-119196968 -903270036
#r 0 1.4457897224
-119365828 -904613800
#r 0 5.8182890238
-804414631 -463783652
#r 0 3.0105122298
-804414631 -462783652
#r 0 2.9460775525
-789310874 -465774876
#r 0 2.9968546166
551441948 -761356956
#r 0 3.6599350461
551441948 -760356956
#r 0 3.5031648036
556645834 -758388853
#r 0 3.4856431449
27156741 -865736728
#r 0 1.4921627154
27156741 -864736728
#r 0 4.6915997673
27128496 -866095190
#r 0 1.3891747849
940217810 -146619311
#r 0 0.7148177198
940217810 -145619311
#r 0 0.8406349439
936203648 -150103365
#r 0 1.4521816770
-914055295 46387478
#r 0 0.2479908952
-914055295 45387478
#r 0 5.5890403288
-914976503 46154226
#r 0 5.4198801006
-936955659 -34943340
#r 0 5.5391357551
-936955659 -33943340
#r 0 0.7800918307
-937479223 -34461377
#r 0 0.0913100277
-369379595 277222742
#r 0 1.1165393037
-369379595 276222742
#r 0 0.5813620669
-370098639 275750246
#r 0 5.2112372409
-821124475 11788443
#r 0 6.2129271210
-821124475 10788443
#r 0 1.8978349415
-821471990 11812899
#r 0 0.4161848168
-490967586 616064171
#r 0 0.2100118196
-490967586 615064171
#r 0 1.2946917034
-490666032 616128449
#r 0 5.6045947575
-678074763 -588467848
#r 0 2.4603729508
-678074763 -587467848
#r 0 1.1691667220
-678390699 -588211725
#r 0 0.2804606529
217643120 -215305082
#r 0 2.4125268398
217643120 -214305082
#r 0 0.1641951310
216698765 -214461549
#r 0 2.3508949791
-682169509 -158834214
#r 0 1.1561595217
-682169509 -157834214
#r 0 0.7866401871
-681381760 -157044505
#r 0 5.0206886255
557597791 508080141
#r 0 2.3694913587
557597791 507080141
#r 0 2.3667398020
371550847 689244042
#r 0 2.6912924612
639262792 -399950495
#r 0 3.9793394729
639262792 -398950495
#r 0 4.0050963305
622380298 -418699981
#r 0 2.3088250698
61684808 -566926225
#r 0 2.8218041142
61684808 -565926225
#r 0 3.1220580312
58475747 -565863529
#r 0 2.3511943276
523190902 523430949
#r 0 3.0153056728
523190902 522430949
#r 0 4.2039680669
523711364 523364870
#r 0 5.2936009095
-97120665 -106773775
#r 0 0.6051909424
-97120665 -105773775
#r 0 2.2960396516
-96571202 -106393665
#r 0 2.3282591338
-565009351 514254679
#r 0 1.1500266158
-565009351 513254679
#r 0 0.2050006960
-565502755 513152090
#r 0 5.9266178027
334580786 -482417867
#r 0 4.3100646862
334580786 -481417867
#r 0 4.4138625947
333469309 -485029816
#r 0 4.1508871350
-302732954 278207160
#r 0 4.0690660626
-302732954 277207160
#r 0 0.1050486098
-303547027 277121327
#r 0 0.5267716730
-258338693 -552221732
#r 0 0.4461529511
-258338693 -551221732
#r 0 2.6458570817
-257357432 -551752376
#r 0 0.4890993748
-571070279 -284224233
#r 0 4.4901204351
-571070279 -283224233
#r 0 4.3809112832
-570412057 -281311779
#r 0 5.2779555372
481874853 641887316
#r 0 2.6920644010
481874853 640887316
#r 0 2.7812961923
491332726 637324144
#r 0 4.6002461951
-479273610 -106822827
#r 0 5.1421744512
-479273610 -105822827
#r 0 5.8625447244
-479850197 -105564896
#r 0 2.4151211971
-4238218 -621301856
#r 0 1.8943976744
-4238218 -620301856
#r 0 5.4830289481
-4750609 -619774113
#r 0 4.2106102099
-213551122 -22815755
#r 0 0.3081148986
-213551122 -21815755
#r 0 0.4680281888
-218891931 -24515469
#r 0 0.4611806000
-874003763 -51756842
#r 0 1.3081090426
-874003763 -50756842
#r 0 1.2683107042
-872059549 -44526621
#r 0 5.3248449217
-191082364 -706539912
#r 0 4.7918457446
-191082364 -705539912
#r 0 4.3888849204
-191146708 -705731821
#r 0 1.0315332028
-712230836 221529366
#r 0 5.4516445124
-712230836 220529366
#r 0 5.3454247558
-715990311 225652839
#r 0 4.0971580840
-780382671 126943689
#r 0 3.9772138772
-780382671 125943689
#r 0 3.8726127687
-785165186 121654938
#r 0 4.0188851262
-236286024 -513307999
#r 0 5.5747376815
-236286024 -512307999
#r 0 5.5923855976
-269451805 -484890463
#r 0 1.9077114824
432125842 146983063
#r 0 3.7478156652
432125842 145983063
#r 0 5.9312929022
431182878 146329295
#r 0 3.8300958215
-261116530 -918750953
#r 0 5.9436645596
-261116530 -917750953
#r 0 1.2331738495
-261428866 -918640637
#r 0 1.4489457836
118024946 613168088
#r 0 5.3105086935
118024946 612168088
#r 0 4.5312855231
118169271 612956275
#r 0 2.0639061285
-464226731 -787773296
#r 0 6.1482945813
-464226731 -786773296
#r 0 5.9429082015
-459646589 -788394889
#r 0 1.3011331743
-243669211 -909135288
#r 0 5.6170539377
-243669211 -908135288
#r 0 0.3823063401
-244510915 -908473728
#r 0 5.6838887852
-477273716 873997373
#r 0 5.6771471466
-477273716 872997373
#r 0 5.6415619160
0 0
#r 0 5.5885815915
-723337552 322551553
#r 0 5.3523675801
-723337552 321551553
#r 0 0.1720673447
-722678335 321666116
#r 0 4.2022835681
-109826943 -461038229
#r 0 0.0262738243
-109826943 -460038229
#r 0 3.6864056032
-111551940 -461083562
#r 0 2.9483753574
273596302 -710435175
#r 0 1.4132338894
273596302 -709435175
#r 0 4.9487466284
273692034 -709832633
#r 0 3.5449435406
-495340295 -231301155
#r 0 0.4831861863
-495340295 -230301155
#r 0 0.5773445116
-503232186 -235441772
#r 0 3.7316443637
-335666797 -774290530
#r 0 0.2412866424
-335666797 -773290530
#r 0 1.5973670090
-335640393 -774284032
#r 0 5.8481118692
-44434562 -424288087
#r 0 4.5119256337
-44434562 -423288087
#r 0 4.4920587009
-42243903 -413506886
#r 0 3.2836100123
482272679 648017210
#r 0 3.2086883542
482272679 647017210
#r 0 3.6063103436
484576074 648171990
#r 0 4.5004614114
-848718430 -335529233
#r 0 0.3543165847
-848718430 -334529233
#r 0 0.7582413052
-850450987 -336170154
#r 0 4.8748657091
-538168394 -366123595
#r 0 5.8968152963
-538168394 -365123595
#r 0 1.4301352994
-538302278 -366069129
#r 0 5.6991307086
780704324 -493859950
#r 0 1.9549029359
780704324 -492859950
#r 0 1.4645775618
780619959 -493651219
#r 0 1.9191179262
101574837 -660299922
#r 0 0.2501704581
101574837 -659299922
#r 0 0.2208284696
133797539 -652066264
#r 0 0.0883614997
274165912 -778182756
#r 0 3.5599812018
274165912 -777182756
#r 0 3.5348455249
307747075 -763251190
#r 0 3.4929409201
-30247511 -354320033
#r 0 3.9807234742
-30247511 -353320033
#r 0 1.2990686087
-30651479 -354769925
#r 0 4.4529219468
196232884 -273237791
#r 0 3.1065356981
196232884 -272237791
#r 0 2.1671706981
196928267 -273262179
#r 0 3.0426322519
-43571381 -254057842
#r 0 3.0780871134
-43571381 -253057842
#r 0 5.7212024239
-41804984 -254170169
#r 0 3.1283238932
245238934 77228773
#r 0 2.4489701284
245238934 76228773
#r 0 4.8670908050
245059807 77377404
#r 0 0.0946333118
691449954 36763389
#r 0 5.2392514735
691449954 35763389
#r 0 3.4670117729
691936221 35927463
#r 0 0.1306148933
305194638 -415436078
#r 0 5.2739325522
305194638 -414436078
#r 0 0.9725748294
304867505 -414916077
#r 0 5.3776857627
326597884 -216545057
#r 0 4.4652354103
326597884 -215545057
#r 0 1.6236909514
326641645 -216371616
#r 0 1.9335258529
48717586 -293671845
#r 0 2.9106978773
48717586 -292671845
#r 0 2.8322327515
60547078 -296452810
#r 0 5.5590726495
530625494 -89118625
#r 0 1.4410768248
530625494 -88118625
#r 0 3.6494857540
530766160 -88040331
#r 0 1.5347619272
42124448 645983829
#r 0 5.6805018820
42124448 644983829
#r 0 5.6694005208
-18540470 687726355
#r 0 3.5683076989
-178491570 670902010
#r 0 4.2523185640
-178491570 669902010
#r 0 4.3683286089
-177197657 673513146
#r 0 2.6380748605
78464923 432039983
#r 0 2.5072147968
78464923 431039983
#r 0 1.8545306125
78093658 432313175
#r 0 3.6678751793
160031141 -417843750
#r 0 2.5844222405
160031141 -416843750
#r 0 2.4259101620
164088871 -420371775
#r 0 1.9856138833
-430166093 553065446
#r 0 5.2627599906
-430166093 552065446
#r 0 0.0786169628
-429580772 552111557
#r 0 2.0640236804
17710008 853207122
#r 0 4.6897790460
17710008 852207122
#r 0 4.7228556841
17702853 852890713
#r 0 4.5717886650
14875479 -715975258
#r 0 5.6754462651
14875479 -714975258
#r 0 4.8753854799
15061176 -716104421
#r 0 4.0160271749
-415569731 -638404763
#r 0 5.9449366123
-415569731 -637404763
#r 0 5.6733359629
-412687280 -639418716
#r 0 5.6106277394
-773961145 -176289730
#r 0 0.5851557579
-773961145 -175289730
#r 0 5.4314700678
-773407079 -175922627
#r 0 0.2079626544
940988252 -325744210
#r 0 2.2687504118
940988252 -324744210
#r 0 1.4238168742
940862415 -325594189
#r 0 1.5182429303
-826089410 389315028
#r 0 6.1322924420
-826089410 388315028
#r 0 5.2971213945
-826825445 389426941
#r 0 0.1677929576
787581078 -76307990
#r 0 0.7309734930
787581078 -75307990
#r 0 0.5892155142
791962198 -72379561
#r 0 0.5934349269
-720594767 -54294382
#r 0 5.6198013464
-720594767 -53294382
#r 0 0.4473382664
-721387589 -53674759
#r 0 0.2863305668
594911311 732837332
#r 0 5.3883928927
594911311 731837332
#r 0 3.0031719281
595814280 731711538
#r 0 5.2421955435
288809318 -738112341
#r 0 3.8497412351
288809318 -737112341
#r 0 0.5427491178
292759673 -734729595
#r 0 1.5761585067
-344837829 -486706031
#r 0 2.8495462657
-344837829 -485706031
#r 0 1.1701295139
-345213561 -486593070
#r 0 0.9574160957
-62712054 -847301326
#r 0 3.6272281958
-62712054 -846301326
#r 0 3.4738700956
-57239303 -844412836
#r 0 3.6082676338
-250419138 -693493865
#r 0 5.3910213016
-250419138 -692493865
#r 0 5.8142502329
-251782558 -691803120
#r 0 5.4753807337
366755340 -91389671
#r 0 3.5001734232
366755340 -90389671
#r 0 3.4936008312
500490167 -41268077
#r 0 1.2760860920
961566412 68953195
#r 0 2.4154828665
961566412 67953195
#r 0 4.8596324235
961395600 69104865
#r 0 1.2139012442
597164501 -516317146
#r 0 3.1889763881
597164501 -515317146
#r 0 3.7956813736
595774177 -516383074
#r 0 3.8796256634
-877313621 -335845740
#r 0 0.3687137381
-877313621 -334845740
#r 0 5.5558894294
-876530194 -335543036
#r 0 5.1985395881
-380835327 -806301119
#r 0 6.1688087662
-380835327 -805301119
#r 0 5.6918691244
-379038658 -806507517
#r 0 0.8857816201
822465216 -184570263
#r 0 2.0920850815
822465216 -183570263
#r 0 2.0531619644
828401735 -194907690
#r 0 2.0594208285
186036512 447263379
#r 0 1.2033555134
186036512 446263379
#r 0 1.0070758017
185052273 444706395
#r 0 3.5030129834
-324336703 -906969741
#r 0 6.1730786377
-324336703 -905969741
#r 0 0.2263991515
-327270097 -906645443
#r 0 0.7982650344
-23877194 30146238
#r 0 5.3821560250
-23877194 29146238
#r 0 4.8080343572
-23986358 30284093
#r 0 3.1040653594
-646955563 126488175
#r 0 5.0987510762
-646955563 125488175
#r 0 5.0701800443
-651575032 137843561
#r 0 5.1323004002
647455009 119171730
#r 0 3.3777450926
647455009 118171730
#r 0 3.3969660586
696400126 130950007
#r 0 3.3946366254
-614105525 708095676
#r 0 6.0950674149
-614105525 707095676
#r 0 6.0473987470
-634150952 711911700
#r 0 6.0571055499
-144601442 -246545691
#r 0 4.5119206763
-144601442 -245545691
#r 0 5.9891217020
-144410024 -245603661
#r 0 5.9881095502
-755786970 456770808
#r 0 5.1717787212
-755786970 455770808
#r 0 5.1598427500
-771860364 489262729
#r 0 0.3322130093
-942398078 -178453409
#r 0 1.2230176823
-942398078 -177453409
#r 0 5.6558558671
-942111015 -177661539
#r 0 1.2110450790
711522906 98276513
#r 0 3.1117739185
711522906 97276513
#r 0 6.1372374019
702987971 98531089
#r 0 1.6275380863
-865732126 -389513957
#r 0 5.0950472164
-865732126 -388513957
#r 0 0.8669084692
-866005171 -388835581
#r 0 5.2107041468
457994694 -775492143
#r 0 3.7250762603
457994694 -774492143
#r 0 2.4237013174
458646796 -775061652
#r 0 3.7849989461
223679184 -734348721
#r 0 4.4722228840
223679184 -733348721
#r 0 3.8159199795
223983682 -733105329
#r 0 1.2541938661
590989480 604339845
#r 0 3.2752077309
590989480 603339845
#r 0 2.9731562636
587705014 603898360
#r 0 5.0885753606
33739637 326385330
#r 0 2.1932988241
33739637 325385330
#r 0 3.3152173892
34377090 325497133
#r 0 4.6295493425
107088828 -31836439
#r 0 3.0355789471
107088828 -30836439
#r 0 3.1330670089
96872947 -30749340
#r 0 4.3450889374
-86557720 15314172
#r 0 5.8965784259
-86557720 14314172
#r 0 4.5908353349
-86441351 15266799
#r 0 0.0903492657
187576655 288198927
#r 0 5.7453581088
187576655 287198927
#r 0 1.9086880542
187132122 288464082
#r 0 4.7440949172
376013911 294524797
#r 0 5.7197505331
376013911 293524797
#r 0 5.6760326531
360126845 304561368
#r 0 5.7289355033
278966036 620220652
#r 0 3.0732605788
278966036 619220652
#r 0 4.6516891920
279026559 620216510
#r 0 4.6918966678
-721859489 -551390151
#r 0 0.8945174437
-721859489 -550390151
#r 0 0.3121823100
-720776454 -550040617
#r 0 1.3557652932
388898961 -22604958
#r 0 0.6815425538
388898961 -21604958
#r 0 0.6632663898
422384376 4558941
#r 0 0.6543257950
-862956667 140643757
#r 0 4.8714281839
-862956667 139643757
#r 0 4.9725281279
-862553061 138127414
#r 0 5.0099016540
-64393835 -548376194
#r 0 1.4519379166
-64393835 -547376194
#r 0 2.8379020532
-64278722 -547412269
#r 0 1.4666307774
-682022435 430113840
#r 0 0.9198256942
-682022435 429113840
#r 0 4.7661030850
-682072656 430047910
#r 0 5.8407399181
129522077 617343422
#r 0 2.9986167986
129522077 616343422
#r 0 2.8474048720
123233603 618248699
#r 0 4.4301369288
-709725211 -135667791
#r 0 2.1202796953
-709725211 -134667791
#r 0 5.4412995603
-711674301 -132485056
#r 0 2.2557946739
882172595 169931446
#r 0 3.3021328479
882172595 168931446
#r 0 5.5470202632
881236279 169779825
#r 0 4.0389668254
29768177 179516482
#r 0 2.5935239465
29768177 178516482
#r 0 4.7419484411
29738065 179534864
#r 0 3.1691106311
258981388 553416150
#r 0 0.4635356015
258981388 552416150
#r 0 0.5837719567
265203664 556526417
#r 0 0.3832133796
867622611 474026919
#r 0 4.5540186470
867622611 473026919
#r 0 4.5398900184
865706583 462029833
#r 0 2.9603694721
494169261 705240858
#r 0 3.7507840527
494169261 704240858
#r 0 5.2356141182
493757952 704953881
#r 0 5.4804662674
122469093 -725635014
#r 0 3.7066332205
122469093 -724635014
#r 0 4.2251038685
121671094 -726140941
#r 0 3.8424468506
-603116602 -663308573
#r 0 1.1728682167
-603116602 -662308573
#r 0 2.4393645690
-602806530 -662570926
#r 0 5.8270447643
-145539966 -887360284
#r 0 3.9333025276
-145539966 -886360284
#r 0 6.0914109182
-144711372 -886521164
#r 0 0.3868954171
682414660 608429595
#r 0 2.8733097969
682414660 607429595
#r 0 3.8255836942
683331928 608177429
#r 0 2.9812332465
-490982295 -354183775
#r 0 3.5641838655
-490982295 -353183775
#r 0 5.4084548385
-490374928 -353910652
#r 0 2.2125121894
-802812116 -220135267
#r 0 0.3006069271
-802812116 -219135267
#r 0 5.9166946174
-801370847 -219688471
#r 0 5.4630082869
250470454 471718324
#r 0 5.8191229931
250470454 470718324
#r 0 1.2626269935
250745020 471580899
#r 0 1.2446781948
439852827 37625603
#r 0 3.8948335544
439852827 36625603
#r 0 0.5651468129
436558214 34536348
#r 0 1.6570974015
-160210028 -311873695
#r 0 0.3587017463
-160210028 -310873695
#r 0 4.4925700805
-160453885 -311965122
#r 0 0.2617219758
378118500 -176315695
#r 0 0.9972913525
378118500 -175315695
#r 0 2.5579451151
378571283 -175614710
#r 0 1.7654078862
-866575725 -214630372
#r 0 4.8410168832
-866575725 -213630372
#r 0 1.4625029903
-866634794 -214173687
#r 0 5.6686103096
135413484 36622920
#r 0 0.4236933358
135413484 35622920
#r 0 4.9286846989
135213563 36532754
#r 0 3.8168141735
133848038 926203271
#r 0 5.4054354080
133848038 925203271
#r 0 2.8166751437
135001067 924814866
#r 0 3.9108161016
152317393 -838586251
#r 0 1.9881683994
152317393 -837586251
#r 0 2.0853606143
150261525 -833949905
#r 0 5.0215666992
866394399 -388688067
#r 0 1.8999236304
866394399 -387688067
#r 0 3.1785122721
866057104 -387700525
#r 0 3.1520021133
-110683473 -855371776
#r 0 5.4361596933
-110683473 -854371776
#r 0 5.4011369855
-98663539 -868972658
#r 0 5.5375090747
-778756986 -564076853
#r 0 2.1211629846
-778756986 -563076853
#r 0 5.8513413975
-779612531 -562682571
#r 0 0.3590481531
-737950047 -439455128
#r 0 6.0523909191
-737950047 -438455128
#r 0 3.3797219196
-740043340 -438963243
#r 0 3.3068458029
-609784449 -471338019
#r 0 1.3114772471
-609784449 -470338019
#r 0 1.2733468489
-607813025 -463906887
#r 0 1.3582371853
-23189346 649857189
#r 0 4.1094309137
-23189346 648857189
#r 0 6.0336784750
-23775075 649006442
#r 0 1.3599358051
919027675 186956176
#r 0 3.8754083171
919027675 185956176
#r 0 5.2596044324
918634453 186601563
#r 0 3.5352960128
-462062882 -817316296
#r 0 6.2472874735
-462062882 -816316296
#r 0 5.7860267543
-460089349 -817387172
#r 0 6.2631901948
-122964257 -333624352
#r 0 1.4506919985
-122964257 -332624352
#r 0 0.4952486738
-122835156 -332554618
#r 0 5.1068339949
-340634393 559951828
#r 0 1.2371870525
-340634393 558951828
#r 0 5.5404834964
-340897306 559193197
#r 0 2.4073125369
-909594700 -252680642
#r 0 0.6576798568
-909594700 -251680642
#r 0 5.7818443135
-908837376 -252095690
#r 0 0.5869973820
43912064 302995607
#r 0 3.0850221017
43912064 301995607
#r 0 0.9956782874
44537324 302960198
#r 0 4.0520777412
117420708 890129395
#r 0 5.1474782274
117420708 889129395
#r 0 5.0601290929
115774256 893671712
#r 0 3.4462865967
-468178342 -347725758
#r 0 1.9269100627
-468178342 -346725758
#r 0 5.6070808675
-468708527 -346300423
#r 0 5.5638074418
71200613 -222501511
#r 0 4.1917872832
71200613 -221501511
#r 0 1.9605219296
71439918 -222084139
#r 0 3.3642473608
-243623499 -789879633
#r 0 5.2771834715
-243623499 -788879633
#r 0 5.1914199974
-240743412 -794424875
#r 0 5.2706291916
-769324329 107708350
#r 0 3.6819832528
-769324329 106708350
#r 0 3.5989652705
-778602488 102141819
#r 0 5.6431449793
635566251 196520845
#r 0 0.9845660687
635566251 195520845
#r 0 3.8574773992
633993831 194153133
#r 0 0.6270365110
195202581 -473800941
#r 0 5.2819187203
195202581 -472800941
#r 0 3.1116665030
194549763 -472781399
#r 0 1.2306979546
308865562 -904406367
#r 0 1.3922559571
308865562 -903406367
#r 0 1.3149682681
309447597 -901181115
#r 0 1.4705901461
710295145 -265660052
#r 0 0.9229313658
710295145 -264660052
#r 0 0.6363675774
712012271 -263391246
#r 0 2.0165443185
-659887626 -690524746
#r 0 1.3266120883
-659887626 -689524746
#r 0 0.3752572079
-659611354 -689415916
#r 0 6.1151057476
582191960 -738122481
#r 0 3.4832466620
582191960 -737122481
#r 0 2.7221952421
583439700 -737678786
#r 0 2.4958822454
619956929 619639294
#r 0 2.8482228491
619956929 618639294
#r 0 3.4472880545
621575906 619150223
#r 0 4.1254970881
279378978 182926265
#r 0 6.0244252448
279378978 181926265
#r 0 0.6987974220
280284014 182686707
#r 0 5.9900316392
-31041134 -356688329
#r 0 0.2178203548
-31041134 -355688329
#r 0 1.4048485807
-31215070 -356726827
#r 0 2.1453284585
531322273 778893238
#r 0 3.8949079716
531322273 777893238
#r 0 5.0639366289
531049363 778637301
#r 0 5.0578440903
-409016762 -551302065
#r 0 5.5948030256
-409016762 -550302065
#r 0 0.8373552216
-409534271 -550876352
#r 0 6.0929514782
-242530425 -410578653
#r 0 3.5053129136
-242530425 -409578653
#r 0 3.2420788244
-238956832 -409218343
#r 0 3.2668179840
280793211 -921368331
#r 0 0.7488705317
280793211 -920368331
#r 0 3.4140111567
282331376 -919938624
#r 0 0.7700145293
730390034 137322819
#r 0 6.0805464086
730390034 136322819
#r 0 1.1137187755
730836712 137231045
#r 0 3.2058318801
336241334 349827929
#r 0 2.6909073117
336241334 348827929
#r 0 3.9172505370
336924111 349497533
#r 0 5.4119145827
182629508 -60733374
#r 0 3.0551368804
182629508 -59733374
#r 0 2.9356953800
190813803 -61442722
#r 0 5.8633156932
-14583895 -391538609
#r 0 4.1865236633
-14583895 -390538609
#r 0 4.2025677302
-29852993 -417847571
#r 0 4.2684221829
-529968658 -541423045
#r 0 1.6618494366
-529968658 -540423045
#r 0 0.5526437170
-530055096 -540476356
#r 0 1.3450470293
-295721070 -115687762
#r 0 0.9019901402
-295721070 -114687762
#r 0 0.0506367635
-294897782 -114646038
#r 0 5.4316584646
-860392259 105310463
#r 0 5.0679010681
-860392259 104310463
#r 0 5.1391716827
-858368931 99860975
#r 0 5.9297812944
134282577 690186611
#r 0 3.8140475264
134282577 689186611
#r 0 2.3463399616
133731966 689748183
#r 0 3.7873892256
120775521 105317247
#r 0 4.1563761608
120775521 104317247
#r 0 1.6878674387
120676629 105158105
#r 0 4.8925826048
705482076 -427802156
#r 0 1.0969560419
705482076 -426802156
#r 0 1.8802904575
705679031 -427418083
#r 0 3.8163737051
67711290 -820628312
#r 0 4.6831863392
67711290 -819628312
#r 0 4.7073127223
67705146 -820838645
#r 0 4.7855355559
433987350 508403551
#r 0 2.8019729243
433987350 507403551
#r 0 4.2519195309
434409415 508254431
#r 0 2.8816433330
-118050258 19266698
#r 0 6.0915351246
-118050258 18266698
#r 0 3.1466088040
-113026339 18291899
#r 0 3.1397726954
-797637337 -148047045
#r 0 4.5750319296
-797637337 -147047045
#r 0 4.5309575182
-797076591 -143990357
#r 0 1.7633207999
-297627869 -312378482
#r 0 4.8485935307
-297627869 -311378482
#r 0 4.7440471777
-297586684 -312678989
#r 0 5.2578860988
526708312 738674488
#r 0 2.9601460117
526708312 737674488
#r 0 5.5334040438
525370919 738919852
#r 0 3.1813646015
902408713 326691638
#r 0 4.8895176703
902408713 325691638
#r 0 2.7123682378
902603692 325602400
#r 0 2.9349842702
194389026 724215994
#r 0 6.2210174153
194389026 723215994
#r 0 5.1046441932
193964397 724242426
#r 0 6.1016128176
479784988 -770379991
#r 0 3.2405298831
479784988 -769379991
#r 0 3.7763307593
478215463 -770535784
#r 0 1.6117407277
-131810955 348029062
#r 0 2.1115362944
-131810955 347029062
#r 0 2.0785826342
-139407969 360681560
#r 0 2.0869339009
586522933 -217901995
#r 0 2.8805186028
586522933 -216901995
#r 0 0.6667280522
585574269 -217648539
#r 0 4.0756869422
-187748036 23994930
#r 0 4.7075584575
-187748036 22994930
#r 0 4.6219374981
-187753138 22938675
#r 0 4.7032647038
352205545 -810872443
#r 0 3.2888142359
352205545 -809872443
#r 0 5.5299065469
353126326 -810735896
#r 0 1.0100670966
-281264150 625950435
#r 0 5.7737436156
-281264150 624950435
#r 0 1.5966982505
-281290438 625965120
#r 0 5.8917926230
805993669 -555805939
#r 0 3.3603610305
805993669 -554805939
#r 0 1.1330479764
805471278 -555922080
#r 0 3.3573025669
109176579 830254230
#r 0 3.4661540119
109176579 829254230
#r 0 3.3421572590
101666900 827727528
#r 0 2.2760736187
454603456 -115132683
#r 0 4.1726941914
454603456 -114132683
#r 0 3.2052123529
455226237 -114093008
#r 0 1.7231403786
-841858840 456991149
#r 0 5.3186268235
-841858840 455991149
#r 0 6.2070661327
-841126797 455935319
#r 0 5.5642258995
-394302774 -111391377
#r 0 4.3851706435
-394302774 -110391377
#r 0 4.3052453780
-392708657 -106694784
#r 0 1.0107044739
-44928054 515757560
#r 0 0.4216486724
-44928054 514757560
#r 0 4.0352317990
-43670628 516321580
#r 0 2.7695588684
-121117037 -740886462
#r 0 2.0336367892
-121117037 -739886462
#r 0 4.3661945594
-121326406 -740466878
#r 0 5.7581399978
-104972969 -794518837
#r 0 5.2894131079
-104972969 -793518837
#r 0 3.3108338639
-105558739 -793618931
#r 0 4.7528350615
-228728329 -70115130
#r 0 5.6114562214
-228728329 -69115130
#r 0 0.0696161558
-229884664 -69195760
#r 0 3.7376346734
211817052 -353830981
#r 0 4.4294231810
211817052 -352830981
#r 0 3.5675622913
212152014 -352678991
#r 0 4.6425843293
714039536 -444378998
#r 0 2.9813281703
714039536 -443378998
#r 0 3.7127212310
712796084 -444177993
#r 0 1.2889530927
210279624 -719446913
#r 0 0.9188233618
210279624 -718446913
#r 0 0.8842447196
221404507 -704872619
#r 0 1.0182677048
-252990652 907596128
#r 0 4.8492152766
-252990652 906596128
#r 0 3.8046903444
-252866335 906693230
#r 0 3.4174288952
-111775591 385835601
#r 0 3.2463660695
-111775591 384835601
#r 0 3.3593561586
-103163348 386741251
#r 0 4.8626712142
-751715650 246572132
#r 0 5.6027280735
-751715650 245572132
#r 0 5.7167516987
-745950948 241906079
#r 0 4.1994568506
734240015 -107718197
#r 0 5.8144300581
734240015 -106718197
#r 0 3.1723479213
732378393 -106775470
#r 0 5.7445432392
451097033 876365304
#r 0 4.4138231255
451097033 875365304
#r 0 3.7232190546
450711190 875111614
#r 0 4.5827712315
-213751703 -188883800
#r 0 5.8892279060
-213751703 -187883800
#r 0 0.6642153842
-214586030 -188536980
#r 0 1.4875655400
-871609781 -439190600
#r 0 5.8551416373
-871609781 -438190600
#r 0 5.8021515907
-856382153 -446138286
#r 0 5.7653082160
873731973 -187795839
#r 0 0.5674057972
873731973 -186795839
#r 0 1.7396180689
873885716 -187697856
#r 0 2.6784679379
476321941 -514170025
#r 0 4.3233559293
476321941 -513170025
#r 0 4.5314672217
475991618 -514975838
#r 0 0.6294314626
648529161 -258031637
#r 0 0.3728883802
648529161 -257031637
#r 0 1.8401363264
648778304 -257934175
#r 0 0.8860973827
-947200162 54478327
#r 0 5.5950074304
-947200162 53478327
#r 0 5.4704112694
-951473120 57991884
#r 0 0.0238872696
-72923073 965837855
#r 0 0.8497490335
-72923073 964837855
#r 0 0.8114667245
-84797920 952327168
#r 0 0.7506667310
533900477 -572149686
#r 0 3.7337419161
533900477 -571149686
#r 0 3.8293196307
527182258 -576668850
#r 0 3.0032743865
-787439174 -505763987
#r 0 2.3435619951
-787439174 -504763987
#r 0 2.3531667022
-838680162 -453211762
#r 0 5.5516482342
-244124713 -774407860
#r 0 4.9758404091
-244124713 -773407860
#r 0 4.9546527835
-241175900 -785340701
#r 0 5.2137431743
912688030 366379819
#r 0 3.3431316460
912688030 365379819
#r 0 4.0417981843
913634661 366573228
#r 0 4.9619782100
65744808 676218049
#r 0 4.4943444094
65744808 675218049
#r 0 4.6121936422
65928842 677048651
#r 0 4.5360834587
-530446177 836542796
#r 0 5.0073372753
-530446177 835542796
#r 0 4.3258608111
-530272219 835970208
#r 0 4.7379097810
-415563059 -298865844
#r 0 5.3083691055
-415563059 -297865844
#r 0 1.7091027385
-415387921 -299124064
#r 0 2.1689369639
-886033412 -228132643
#r 0 4.8887444516
-886033412 -227132643
#r 0 5.7391109602
-886233153 -227011803
#r 0 0.0236339857
-277974413 -935647969
#r 0 6.1252723665
-277974413 -934647969
#r 0 0.3504380387
-279880032 -935344521
#r 0 0.2855385808
200104270 740576328
#r 0 5.2666962033
200104270 739576328
#r 0 3.7798353789
200528502 739891030
#r 0 2.9307688043
-138670661 -326693416
#r 0 1.5446966608
-138670661 -325693416
#r 0 1.1975189215
-138642691 -325621998
#r 0 1.4202250191
-420259027 -893966584
#r 0 6.0641215445
-420259027 -892966584
#r 0 0.3904236760
-421835849 -893615526
#r 0 6.0094035979
-798050443 -196980374
#r 0 1.7998511670
-798050443 -195980374
#r 0 4.5752013358
-798137153 -196608461
#r 0 0.0443983539
-402542994 -134498653
#r 0 0.5254742650
-402542994 -133498653
#r 0 4.2362447996
-403278730 -134925272
#r 0 5.5320503222
508744237 816338581
#r 0 4.2291954704
508744237 815338581
#r 0 3.6511200314
508001955 814923840
#r 0 4.4869764661
-397593185 913590386
#r 0 5.2521107769
-397593185 912590386
#r 0 5.3109321343
-392667812 905368434
#r 0 4.1886554955
-443314379 -868631678
#r 0 0.2001668676
-443314379 -867631678
#r 0 5.9393748113
-441531574 -868269976
#r 0 0.2771609820
-533147680 613971414
#r 0 1.2619788755
-533147680 612971414
#r 0 1.2058026946
-535079881 607914815
#r 0 4.6482711645
-770932227 -336799630
#r 0 1.0412173203
-770932227 -335799630
#r 0 4.1689400422
-752098153 -304623971
#r 0 5.6407837974
-313801222 -169811900
#r 0 5.8821948460
-313801222 -168811900
#r 0 5.4010104369
-312537118 -170347831
#r 0 0.8315489678
396351162 236536477
#r 0 1.5321571330
396351162 235536477
#r 0 1.4799755038
396283990 234798903
#r 0 1.4832899967
653214263 -656222690
#r 0 3.7386210589
653214263 -655222690
#r 0 3.6770581145
664774850 -648363997
#r 0 3.0680404628
-126037657 252119065
#r 0 2.2886625630
-126037657 251119065
#r 0 2.1031699738
-127847960 254192010
#r 0 1.7456265259
795662488 -210263076
#r 0 1.5297091291
795662488 -209263076
#r 0 1.4611916081
795728115 -208666716
#r 0 1.4918937151
-552602322 134431660
#r 0 0.6148687139
-552602322 133431660
#r 0 4.3217562645
-552021671 134841711
#r 0 4.3283467892
-25074801 475442830
#r 0 2.5436608553
-25074801 474442830
#r 0 0.5598349211
-24310172 474922038
#r 0 1.3349176682
-581753711 58339560
#r 0 4.3039342133
-581753711 57339560
#r 0 5.9807519516
-582135017 57458529
#r 0 4.4087448709
-123676106 -141587957
#r 0 2.0426014174
-123676106 -140587957
#r 0 2.0863368298
-128801010 -131543829
#r 0 2.1129276582
-770394741 -202777594
#r 0 4.5165787156
-770394741 -201777594
#r 0 5.4401799760
-770232507 -201959685
#r 0 5.4842796241
226219170 40973701
#r 0 5.0284708611
226219170 39973701
#r 0 0.9896088855
226437508 40306095
#r 0 5.0829325315
-730767039 -317649186
#r 0 5.7148318215
-730767039 -316649186
#r 0 0.2210742654
-731925256 -316909493
#r 0 4.1876359573
313987082 -595303530
#r 0 3.7440329350
313987082 -594303530
#r 0 4.0878858181
312558017 -596286334
#r 0 3.7569301282
422385780 609464897
#r 0 4.0846853299
422385780 608464897
#r 0 5.7334645553
421883491 608772660
#r 0 3.1344151601
-283682688 -708434606
#r 0 1.3581990632
-283682688 -707434606
#r 0 1.8617184681
-283557256 -707853525
#r 0 5.2147188331
-165174039 -771223105
#r 0 4.5132596814
-165174039 -770223105
#r 0 3.7955458114
-164935310 -770040128
#r 0 3.8093824723
-595802012 -385074130
#r 0 4.8660402834
-595802012 -384074130
#r 0 4.9520729930
-596224847 -382343906
#r 0 4.9016843637
277214466 -802769623
#r 0 5.0733454557
277214466 -801769623
#r 0 4.1410791991
276976636 -802139603
#r 0 6.0398530123
-49223034 10182434
#r 0 5.8343762790
-49223034 9182434
#r 0 3.1923974149
-47344872 9277936
#r 0 3.2932208022
606551053 -19018638
#r 0 2.1192186044
606551053 -18018638
#r 0 1.9968158480
608315580 -21906871
#r 0 2.1026246778
-355498144 909755308
#r 0 6.0747854582
-355498144 908755308
#r 0 3.8703895470
-354592530 909563798
#r 0 5.9724133913
47076853 -733059593
#r 0 5.5923681621
47076853 -732059593
#r 0 5.6418405967
34588520 -722735353
#r 0 4.1709638494
-374230082 240356462
#r 0 4.5921875328
-374230082 239356462
#r 0 0.7448072522
-374366001 239231152
#r 0 3.8989106868
57914385 673072022
#r 0 1.9189302681
57914385 672072022
#r 0 4.8012173953
57796357 673397244
#r 0 1.9359869980
-434227853 -134865342
#r 0 4.6818522488
-434227853 -133865342
#r 0 5.0099829106
-434200073 -133955917
#r 0 3.7802948722
-803935016 3201268
#r 0 2.1861481114
-803935016 2201268
#r 0 2.1553577899
-814282230 17838410
#r 0 2.1576888933
612533705 664406426
#r 0 4.5677966828
612533705 663406426
#r 0 5.3525191511
612411909 663569966
#r 0 3.4519519562
-128789750 -864403732
#r 0 0.0341465587
-128789750 -863403732
#r 0 6.2720369409
-106718916 -863649796
#r 0 0.0430871919
49745228 181238661
#r 0 0.1430954942
49745228 180238661
#r 0 2.5485389398
48522835 181062538
#r 0 0.0017028426
582907428 511612935
#r 0 4.0824298017
582907428 510612935
#r 0 2.8037621512
582327025 510816829
#r 0 5.2248839608
616180789 -199370439
#r 0 1.0992222173
616180789 -198370439
#r 0 0.2772270615
616777294 -198200701
#r 0 3.7621256191
144982153 -279834439
#r 0 4.9139658227
144982153 -278834439
#r 0 3.1203349297
144776909 -278830075
#r 0 0.8211057854
-152837913 140842892
#r 0 1.6101447431
-152837913 139842892
#r 0 4.7733629513
-152727058 138027067
#r 0 4.4476509219
549838263 -730153584
#r 0 1.1375634036
549838263 -729153584
#r 0 1.3056679788
549180796 -731575012
#r 0 2.3147150992
-591139324 -247371007
#r 0 0.2686698577
-591139324 -246371007
#r 0 5.7139544827
-590046679 -247070173
#r 0 5.2109151450
-753947354 98952221
#r 0 3.4442181042
-753947354 97952221
#r 0 0.1833708152
-761836206 96489201
#r 0 5.7174355218
-98352464 -743450637
#r 0 3.7732548319
-98352464 -742450637
#r 0 6.0473723445
-97323601 -742697856
#r 0 1.5880046108
611104978 -524723090
#r 0 3.4338498172
611104978 -523723090
#r 0 3.7379766920
608459258 -525519115
#r 0 1.1065049641
-276948858 -364114257
#r 0 4.3553291720
-276948858 -363114257
#r 0 1.1812276015
-272864816 -353166544
#r 0 0.5213451264
-558362802 302376104
#r 0 0.9216663432
-558362802 301376104
#r 0 0.9061762426
-582432526 270656688
#r 0 5.0909162027
-267275647 10250653
#r 0 3.1234838289
