701687785 -541700890
#r 0 1.0150405951
701687785 -540700890
#r 0 2.4805242048
702106548 -541026611
#r 0 1.8721781507
-499127383 633119407
#r 0 0.1887524465
-499127383 632119407
#r 0 4.5423018883
-498949811 633153328
#r 0 4.5065239877
-483608482 -622730427
#r 0 6.0233638197
-483608482 -621730427
#r 0 0.7236156419
-484478565 -622499132
#r 0 5.8767194818
-400050622 -282770132
#r 0 2.4704009729
-400050622 -281770132
#r 0 1.2230485978
-400332076 -282546603
#r 0 3.0364836661
301295572 728310821
#r 0 4.2495084604
301295572 727310821
#r 0 4.4267380149
302009248 729740915
#r 0 4.0266421008
538670319 187274473
#r 0 2.3442607618
538670319 186274473
#r 0 1.7768725108
538404328 187546889
#r 0 4.4724200491
-356518068 -65592954
#r 0 5.1963681194
-356518068 -64592954
#r 0 0.9242216459
-356827941 -65003483
#r 0 3.3933899512
-276446552 932869643
#r 0 3.6867442188
-276446552 931869643
#r 0 6.1692506869
-277833737 932028379
#r 0 4.7427978424
-550539604 -271667289
#r 0 0.6163025313
-550539604 -270667289
#r 0 3.0372060190
-549309757 -270796137
#r 0 1.0635526329
-618319202 -169265767
#r 0 3.6629125734
-618319202 -168265767
#r 0 3.7319159738
-628767624 -175266461
#r 0 5.2347894191
755102565 -188650360
#r 0 4.9237648683
755102565 -187650360
#r 0 2.1246859439
754773979 -187119072
#r 0 2.5118602295
380790345 -501424583
#r 0 4.8295735930
380790345 -500424583
#r 0 2.9714120487
380670190 -500403935
#r 0 0.2445729503
-579009961 358478730
#r 0 5.4719795478
-579009961 357478730
#r 0 6.1323654496
-577900109 357310061
#r 0 4.5456802643
299350043 -849072587
#r 0 3.4228867504
299350043 -848072587
#r 0 3.4702135598
280129900 -854626362
#r 0 2.7934001141
547958642 -796389549
#r 0 2.7168081492
547958642 -795389549
#r 0 2.3819079508
549968579 -797298691
#r 0 2.4615861859
120566706 -818818612
#r 0 2.7969659748
120566706 -817818612
#r 0 4.0386368886
119946162 -818595867
#r 0 4.0695624051
137093106 -178832048
#r 0 2.7579146899
137093106 -177832048
#r 0 1.1621766566
136724538 -178683263
#r 0 2.4733805643
-671832205 450572368
#r 0 4.5194970072
-671832205 449572368
#r 0 3.7222781071
-672056237 449425370
#r 0 3.8680057356
-468532303 -84888903
#r 0 0.3097817038
-468532303 -83888903
#r 0 0.2681400533
-446471892 -77827656
#r 0 0.0627032218
242220329 -192797614
#r 0 2.7408784353
242220329 -191797614
#r 0 2.4914839116
245189974 -194055660
#r 0 1.0994629563
474168597 127670696
#r 0 2.0269762978
474168597 126670696
#r 0 3.5722851323
474569019 126854674
#r 0 3.5747643239
595496296 -707793242
#r 0 1.8687191852
595496296 -706793242
#r 0 2.5036943467
595098744 -706498543
#r 0 2.7365933372
677928845 -196320030
#r 0 2.2378792988
677928845 -195320030
#r 0 1.7630167194
678187355 -196648290
#r 0 5.1939199515
134234208 -184258840
#r 0 5.3474934392
134234208 -183258840
#r 0 1.2352397313
133997485 -183937625
#r 0 1.9291590659
-222667336 -46611794
#r 0 0.0819522161
-222667336 -45611794
#r 0 0.0429140094
-197154402 -44516259
#r 0 3.6183612392
219528894 970092025
#r 0 4.3330576091
219528894 969092025
#r 0 4.2993769498
215115229 959020151
#r 0 5.2700568828
-384209398 -106897359
#r 0 2.4250844776
-384209398 -105897359
#r 0 3.7454617749
-384850119 -106339349
#r 0 2.3298504888
615373946 -411111791
#r 0 2.9126316670
615373946 -410111791
#r 0 0.1127069681
612485728 -410438699
#r 0 1.7596581427
326662212 790338362
#r 0 4.2541724611
326662212 789338362
#r 0 6.1178580209
326206487 789414400
#r 0 2.5580989723
340630368 -61653550
#r 0 1.7318304506
340630368 -60653550
#r 0 2.6432357143
340452176 -60556583
#r 0 3.6367884090
-936931568 -253662529
#r 0 0.3388510405
-936931568 -252662529
#r 0 0.0589026848
-933524108 -252461588
#r 0 0.1313240334
-55698254 -527054964
#r 0 1.2081853094
-55698254 -526054964
#r 0 2.3587410891
-55422829 -526328990
#r 0 3.8301760398
-176767589 -188188183
#r 0 4.5215175557
-176767589 -187188183
#r 0 4.4807423984
-175699124 -182658503
#r 0 4.5811871504
133207554 429148051
#r 0 1.8791067410
133207554 428148051
#r 0 1.8883857313
143420053 397080222
#r 0 3.2564659903
420725815 -425022251
#r 0 1.2365078332
420725815 -424022251
#r 0 1.2452416978
408710737 -459615576
#r 0 2.0435721669
-984543034 144270826
#r 0 5.1804696768
-984543034 143270826
#r 0 0.9168931767
-984238422 143668294
#r 0 0.9608492548
366737756 485628537
#r 0 0.0850986298
366737756 484628537
#r 0 0.0319785207
347981387 484028532
#r 0 2.3113148557
-649282821 -270779598
#r 0 0.8218000461
-649282821 -269779598
#r 0 1.8092218478
-649090142 -270572355
#r 0 0.5522862780
411724544 245564399
#r 0 2.1562092471
411724544 244564399
#r 0 2.1764253063
427285097 222092094
#r 0 3.9365541237
795592083 -315379132
#r 0 4.4835812841
795592083 -314379132
#r 0 4.3792799747
796304439 -312320313
#r 0 1.9836387501
-521849662 466816098
#r 0 5.7169907610
-521849662 465816098
#r 0 1.5426180030
-521821972 466798498
#r 0 5.5637981043
-558514126 -706353026
#r 0 2.0398982687
-558514126 -705353026
#r 0 1.1942719907
-558736240 -705914789
#r 0 0.7465132532
-218018041 -776753981
#r 0 1.7741508031
-218018041 -775753981
#r 0 6.0529702094
-218234717 -775703199
#r 0 2.4992242007
517252615 315449462
#r 0 3.9653266241
517252615 314449462
#r 0 1.6044570966
517220123 315414378
#r 0 3.2072017462
-836634468 79323631
#r 0 1.6899537280
-836634468 78323631
#r 0 5.0846843716
-836461808 77881487
#r 0 1.6397085355
-478957491 -425697431
#r 0 0.9039099436
-478957491 -424697431
#r 0 5.6352072927
-478464235 -425070835
#r 0 0.6562012922
744680137 283363242
#r 0 3.1199234834
744680137 282363242
#r 0 3.0470834283
731003812 283659643
#r 0 3.6933951470
787479252 -388621533
#r 0 4.0421987038
787479252 -387621533
#r 0 3.9882596884
795111786 -378991353
#r 0 4.0872173578
734374273 161323653
#r 0 2.5893902650
734374273 160323653
#r 0 3.5020988600
735381200 160703245
#r 0 4.2424577233
-835925574 -325109799
#r 0 0.6289353528
-835925574 -324109799
#r 0 5.5100694415
-835338450 -324682675
#r 0 0.9546493423
191098699 -491490599
#r 0 0.3858474811
191098699 -490490599
#r 0 4.3747687782
190689248 -491656922
#r 0 5.5134109493
76967052 -918743877
#r 0 2.5353369978
76967052 -917743877
#r 0 2.6357283152
69794397 -913770645
#r 0 2.4858477483
-458212991 -390070259
#r 0 0.1378617690
-458212991 -389070259
#r 0 5.3511641080
-457539720 -389976848
#r 0 4.8938656041
-561441965 -303326039
#r 0 2.6613408976
-561441965 -302326039
#r 0 1.1165419919
-561831252 -303123247
#r 0 1.1534954992
-143029320 -288205830
#r 0 3.0808475873
-143029320 -287205830
#r 0 3.2127015527
-150602273 -287745244
#r 0 3.6300257484
-217724255 370576245
#r 0 4.0077564730
-217724255 369576245
#r 0 2.1747100674
-218105116 370128299
#r 0 5.1674031301
231282029 -813119927
#r 0 2.4036485137
231282029 -812119927
#r 0 3.5625369612
230545127 -812449842
#r 0 0.6438906756
-173650117 941397434
#r 0 6.0879840134
-173650117 940397434
#r 0 3.4285185851
-171620843 940996208
#r 0 5.8124295876
-974261600 -135035256
#r 0 0.1406748635
-974261600 -134035256
#r 0 6.0576987868
-971566165 -134653555
#r 0 1.1852255824
-219071864 876570219
#r 0 3.8556174850
-219071864 875570219
#r 0 4.7153675715
-219074835 876567645
#r 0 6.2662068470
841216372 -245702053
#r 0 3.5056584372
841216372 -244702053
#r 0 3.3652089356
847725425 -243221767
#r 0 4.2962504143
-554460271 622376857
#r 0 1.4944453624
-554460271 621376857
#r 0 5.4226191479
-554530521 621458550
#r 0 6.0356288027
-710372218 -603481641
#r 0 1.0577354653
-710372218 -602481641
#r 0 1.2276399671
-711348931 -605215295
#r 0 0.7450822354
57367412 137137296
#r 0 5.6980155414
57367412 136137296
#r 0 2.8756585481
59930221 135439223
#r 0 1.9772437475
350298717 99524416
#r 0 1.5015888474
350298717 98524416
#r 0 2.0795822284
350237061 98634957
#r 0 3.8391123252
124361302 -505132095
#r 0 0.4745992309
124361302 -504132095
#r 0 3.4646385379
129948136 -502261773
#r 0 2.6174253345
-544744435 413022941
#r 0 5.4273462175
-544744435 412022941
#r 0 5.7314177250
-542879766 410875163
#r 0 4.5208027503
-119196968 -904270036
#r 0 6.1965417671
-119196968 -903270036
#r 0 2.0719172418
-118621845 -904319992
#r 0 1.8712178902
-804414631 -463783652
#r 0 0.8565621053
-804414631 -462783652
#r 0 0.0133277156
-803537579 -462771962
#r 0 6.0640175583
551441948 -761356956
#r 0 2.1640833397
551441948 -760356956
#r 0 2.4318929775
549839266 -758980241
#r 0 1.9191955100
27156741 -865736728
#r 0 5.3746229078
27156741 -864736728
#r 0 5.2817811153
30732404 -870322730
#r 0 5.4242478255
940217810 -146619311
#r 0 3.6173483424
940217810 -145619311
#r 0 2.7514230401
941297163 -146063198
#r 0 1.9365106305
-914055295 46387478
#r 0 1.6431878499
-914055295 45387478
#r 0 5.0902653251
-913966567 45163956
#r 0 1.6748347946
-936955659 -34943340
#r 0 1.5823319344
-936955659 -33943340
#r 0 0.7632068660
-936967069 -33954255
#r 0 5.4756081538
-369379595 277222742
#r 0 0.3416087881
-369379595 276222742
#r 0 1.9181273296
-369700321 277108709
#r 0 0.2483433049
-821124475 11788443
#r 0 2.0421376292
-821124475 10788443
#r 0 1.6948456163
-821289551 12112341
#r 0 1.7641837544
-490967586 616064171
#r 0 4.4281917661
-490967586 615064171
#r 0 4.2419389539
-491653931 613714512
#r 0 4.5588594033
-678074763 -588467848
#r 0 1.5476816964
-678074763 -587467848
#r 0 1.5192900784
-678032847 -586654755
#r 0 0.8862260897
217643120 -215305082
#r 0 3.9256611153
217643120 -214305082
#r 0 1.7586284844
217802903 -215145723
#r 0 5.7293625703
-682169509 -158834214
#r 0 4.2384091356
-682169509 -157834214
#r 0 5.9243673873
-681739297 -157995567
#r 0 4.2229523276
557597791 508080141
#r 0 4.9257795111
557597791 507080141
#r 0 5.0219495501
558269670 504979489
#r 0 4.9364115503
639262792 -399950495
#r 0 0.0243587998
639262792 -398950495
#r 0 2.0692433378
639799956 -399937408
#r 0 0.0243111395
61684808 -566926225
#r 0 2.3807584018
61684808 -565926225
#r 0 1.6357980406
61754202 -566992291
#r 0 3.4627799269
523190902 523430949
#r 0 0.7886120171
523190902 522430949
#r 0 0.6686475760
518569685 518779932
#r 0 5.4127867859
-97120665 -106773775
#r 0 4.2113093049
-97120665 -105773775
#r 0 0.6273343705
-96212202 -105115103
#r 0 2.4379099154
-565009351 514254679
#r 0 0.5232354456
-565009351 513254679
#r 0 1.4697691284
-564901682 514316789
#r 0 0.8701017922
334580786 -482417867
#r 0 5.1992109566
334580786 -481417867
#r 0 5.0850199103
336075547 -485241833
#r 0 1.2329643823
-302732954 278207160
#r 0 0.7116026422
-302732954 277207160
#r 0 0.6323335663
-310447561 271554707
#r 0 2.1984015368
-258338693 -552221732
#r 0 2.8389453250
-258338693 -551221732
#r 0 2.8765667423
-282831143 -544574227
#r 0 2.7428718537
-571070279 -284224233
#r 0 1.0369719366
-571070279 -283224233
#r 0 4.1835809498
-622244400 -370803620
#r 0 2.2006935186
481874853 641887316
#r 0 3.7453819257
481874853 640887316
#r 0 5.4408072396
481322580 641506405
#r 0 1.1848650879
-479273610 -106822827
#r 0 2.4014483910
-479273610 -105822827
#r 0 0.4680141836
-479978419 -106179087
#r 0 5.5774391656
-4238218 -621301856
#r 0 4.8379151461
-4238218 -620301856
#r 0 2.6718527115
-4373044 -620233413
#r 0 2.1889612479
-213551122 -22815755
#r 0 5.1470734539
-213551122 -21815755
#r 0 5.2122308660
-216651033 -16139273
#r 0 2.3588540980
-874003763 -51756842
#r 0 6.1716614414
-874003763 -50756842
#r 0 5.3517528191
-873192668 -51847675
#r 0 0.7123677384
-191082364 -706539912
#r 0 1.0927304741
-191082364 -705539912
#r 0 2.4544883225
-190718781 -705838224
#r 0 2.3537271495
-712230836 221529366
#r 0 0.5807331543
-712230836 220529366
#r 0 2.7993967721
-713218562 220881203
#r 0 2.7150106990
-780382671 126943689
#r 0 6.0661480605
-780382671 125943689
#r 0 0.5732055462
-779227951 126689061
#r 0 1.9616427411
-236286024 -513307999
#r 0 3.0815427552
-236286024 -512307999
#r 0 2.6694229797
-234066644 -513441433
#r 0 2.3471330551
432125842 146983063
#r 0 1.2955591944
432125842 145983063
#r 0 3.3122757296
431828988 145931897
#r 0 2.8765708389
-261116530 -918750953
#r 0 0.0835834054
-261116530 -917750953
#r 0 0.0108581089
-247402882 -917602043
#r 0 1.2883809373
118024946 613168088
#r 0 4.5725989773
118024946 612168088
#r 0 6.0515565903
117888758 612200210
#r 0 1.4374364161
-464226731 -787773296
#r 0 1.0827225299
-464226731 -786773296
#r 0 1.2160045154
-465452596 -790082256
#r 0 0.9865370342
-243669211 -909135288
#r 0 1.9529793031
-243669211 -908135288
#r 0 0.3848567115
-244014879 -908275303
#r 0 2.2821162876
-477273716 873997373
#r 0 0.1628914803
-477273716 872997373
#r 0 4.5392644097
-477093666 874026964
#r 0 5.0033028149
-723337552 322551553
#r 0 3.3734557880
-723337552 321551553
#r 0 3.3684053537
-911107036 278217394
#r 0 2.9498032953
-109826943 -461038229
#r 0 2.3623330054
-109826943 -460038229
#r 0 2.1281782208
-108205001 -462640380
#r 0 1.7910835346
273596302 -710435175
#r 0 2.1174842860
273596302 -709435175
#r 0 0.3792063147
273106520 -709630350
#r 0 0.3458810703
-495340295 -231301155
#r 0 0.5082243183
-495340295 -230301155
#r 0 2.0740074146
-494918999 -231066481
#r 0 2.1261254946
-335666797 -774290530
#r 0 1.3274963431
-335666797 -773290530
#r 0 1.9539690997
-335513176 -773671632
#r 0 1.3833121798
-44434562 -424288087
#r 0 2.8771492723
-44434562 -423288087
#r 0 2.9310004102
-61971235 -419539419
#r 0 1.7752970490
482272679 648017210
#r 0 3.7339126434
482272679 647017210
#r 0 3.9918738281
484418337 649461068
#r 0 3.8313286289
-848718430 -335529233
#r 0 0.7235355969
-848718430 -334529233
#r 0 1.3499064675
-848998548 -335776673
#r 0 0.6977307800
-538168394 -366123595
#r 0 1.9132372593
-538168394 -365123595
#r 0 0.9677073080
-538403289 -365464675
#r 0 1.4024419378
780704324 -493859950
#r 0 2.5536885925
780704324 -492859950
#r 0 1.4519132967
780593686 -493786207
#r 0 1.7723547409
101574837 -660299922
#r 0 3.1517081591
101574837 -659299922
#r 0 4.5531317717
101413958 -660301549
#r 0 2.3771721838
274165912 -778182756
#r 0 1.9986154230
274165912 -777182756
#r 0 2.7904190009
273618477 -776982198
#r 0 3.6544153702
-30247511 -354320033
#r 0 2.4978556469
-30247511 -353320033
#r 0 2.8803615418
-32317782 -352766566
#r 0 0.0747179930
196232884 -273237791
#r 0 1.5148669712
196232884 -272237791
#r 0 2.4103783889
196286194 -272285616
#r 0 1.3436478119
-43571381 -254057842
#r 0 4.7476217760
-43571381 -253057842
#r 0 2.1956340734
-43608439 -253006460
#r 0 3.3176946573
245238934 77228773
#r 0 2.4403354120
245238934 76228773
#r 0 0.7460996046
245804296 76751359
#r 0 0.5511207262
691449954 36763389
#r 0 1.9912757596
691449954 35763389
#r 0 2.4281541243
692179417 35132021
#r 0 2.9820092746
305194638 -415436078
#r 0 5.0785104388
305194638 -414436078
#r 0 2.2028207056
304389795 -413336896
#r 0 6.1800757343
326597884 -216545057
#r 0 5.2735399889
326597884 -215545057
#r 0 5.9774776438
325813787 -215297595
#r 0 1.5810208631
48717586 -293671845
#r 0 2.2315774581
48717586 -292671845
#r 0 5.9392568739
47640286 -292285996
#r 0 1.3616679826
530625494 -89118625
#r 0 2.9588525356
530625494 -88118625
#r 0 2.0842347881
531254971 -89234954
#r 0 2.3838841812
42124448 645983829
#r 0 1.5911097470
42124448 644983829
#r 0 0.8983220025
42144259 645008708
#r 0 1.6706597429
-178491570 670902010
#r 0 3.4881238208
-178491570 669902010
#r 0 0.2429776127
-187323349 667712833
#r 0 2.9366370243
78464923 432039983
#r 0 3.4133675865
78464923 431039983
#r 0 3.4167463223
352846202 508501803
#r 0 2.3190511119
160031141 -417843750
#r 0 1.3007986883
160031141 -416843750
#r 0 5.4904940131
160247218 -417063001
#r 0 2.7879401183
-430166093 553065446
#r 0 1.3157724446
-430166093 552065446
#r 0 1.2700526547
-431801177 546793554
#r 0 1.3854668778
17710008 853207122
#r 0 5.4175602345
17710008 852207122
#r 0 5.4142942124
0 0
#r 0 6.1246770293
14875479 -715975258
#r 0 2.9834020853
14875479 -714975258
#r 0 2.8656282041
22961731 -717265205
#r 0 2.1506756143
-415569731 -638404763
#r 0 5.6380183442
-415569731 -637404763
#r 0 2.2206159046
-413794548 -639740776
#r 0 5.6719166555
-773961145 -176289730
#r 0 3.0437137450
-773961145 -175289730
#r 0 5.5086636240
-772825153 -176401276
#r 0 3.0650083381
940988252 -325744210
#r 0 3.6544764905
940988252 -324744210
#r 0 3.5097323447
0 0
#r 0 2.5782363139
-826089410 389315028
#r 0 0.4541150417
-826089410 388315028
#r 0 4.0069768242
-824631989 390026454
#r 0 5.7380636130
787581078 -76307990
#r 0 2.5851667482
787581078 -75307990
#r 0 3.8968762493
786941486 -75910175
#r 0 3.2490419636
-720594767 -54294382
#r 0 5.7016806774
-720594767 -53294382
#r 0 0.0101027553
-722093065 -53309519
#r 0 5.8399501481
594911311 732837332
#r 0 2.7627803786
594911311 731837332
#r 0 2.4177384162
592853164 733656549
#r 0 2.6254202297
288809318 -738112341
#r 0 2.2181272652
288809318 -737112341
#r 0 1.1510075966
288528679 -737741126
#r 0 1.7348231666
-344837829 -486706031
#r 0 3.6632348222
-344837829 -485706031
#r 0 3.5740862193
-335996242 -481624378
#r 0 4.5817742427
-62712054 -847301326
#r 0 5.9002615698
-62712054 -846301326
#r 0 5.8290882911
-50990275 -852022939
#r 0 5.8167176615
-250419138 -693493865
#r 0 1.6420164898
-250419138 -692493865
#r 0 1.5781209107
-250410975 -693608285
#r 0 1.5862401497
366755340 -91389671
#r 0 2.1357985229
366755340 -90389671
#r 0 1.8179460210
367174456 -92050800
#r 0 1.0325825583
961566412 68953195
#r 0 3.0684274548
961566412 67953195
#r 0 3.5895117978
963372160 68820841
#r 0 3.8203473620
597164501 -516317146
#r 0 0.6922340137
597164501 -515317146
#r 0 2.2419938712
597643378 -515920110
#r 0 2.3376911312
-877313621 -335845740
#r 0 1.1819826092
-877313621 -334845740
#r 0 0.5941966100
-876747160 -334463010
#r 0 0.6832344340
-380835327 -806301119
#r 0 1.6081608112
-380835327 -805301119
#r 0 1.6456538784
-380909858 -804307338
#r 0 0.7987793684
822465216 -184570263
#r 0 2.4054431068
822465216 -183570263
#r 0 3.1006708329
821309292 -183522934
#r 0 3.5532940051
186036512 447263379
#r 0 4.3151600220
186036512 446263379
#r 0 1.7711180263
185899688 446937242
#r 0 4.9787894078
-324336703 -906969741
#r 0 1.3798357903
-324336703 -905969741
#r 0 1.7528813940
-324242399 -906481917
#r 0 1.1242124297
-23877194 30146238
#r 0 3.4409107468
-23877194 29146238
#r 0 3.5824939176
-17753224 32036029
#r 0 3.4301847809
-646955563 126488175
#r 0 2.4910716625
-646955563 125488175
#r 0 5.6874794837
-634932807 117338535
#r 0 5.6567027237
647455009 119171730
#r 0 1.8345756303
647455009 118171730
#r 0 3.5616111001
647696013 118279361
#r 0 4.9374491783
-614105525 708095676
#r 0 0.4104875935
-614105525 707095676
#r 0 0.5426132378
-608145211 710689670
#r 0 0.2985935674
-144601442 -246545691
#r 0 3.6750592782
-144601442 -245545691
#r 0 4.5383401930
-144797644 -246661564
#r 0 3.7076935939
-755786970 456770808
#r 0 4.1800881872
-755786970 455770808
#r 0 4.1550154574
-766495175 438590860
#r 0 5.0800378246
-942398078 -178453409
#r 0 5.5381045952
-942398078 -177453409
#r 0 1.6171469896
-942349621 -178498108
#r 0 6.2170188157
711522906 98276513
#r 0 1.6711031352
711522906 97276513
#r 0 3.3294604902
711621661 97295287
#r 0 3.0856499534
-865732126 -389513957
#r 0 1.3029463898
-865732126 -388513957
#r 0 5.9567137595
-865481015 -388598980
#r 0 1.3902266145
457994694 -775492143
#r 0 2.3827424514
457994694 -774492143
#r 0 1.9339442909
458588763 -776055478
#r 0 2.8638342515
223679184 -734348721
#r 0 0.4708795280
223679184 -733348721
#r 0 3.9505007293
221824200 -735293043
#r 0 2.2727522380
590989480 604339845
#r 0 4.3078407280
590989480 603339845
#r 0 4.1438300610
589691538 601308437
#r 0 3.9763385025
33739637 326385330
#r 0 2.2521614454
33739637 325385330
#r 0 4.6343521725
33810955 326297383
#r 0 3.6942362172
107088828 -31836439
#r 0 2.6056503579
107088828 -30836439
#r 0 2.7358795963
101005488 -28223378
#r 0 2.7392599575
-86557720 15314172
#r 0 3.7802429368
-86557720 14314172
#r 0 3.7335418695
-100830058 4717703
#r 0 3.5234425959
187576655 288198927
#r 0 0.9415299526
187576655 287198927
#r 0 0.2449941451
186686679 286976418
#r 0 4.7073705775
376013911 294524797
#r 0 2.1085011670
376013911 293524797
#r 0 4.3200591597
376258188 294115151
#r 0 2.0621022213
278966036 620220652
#r 0 3.8440125173
278966036 619220652
#r 0 3.8271927521
243838475 590487509
#r 0 0.7726269882
-721859489 -551390151
#r 0 1.0115023541
-721859489 -550390151
#r 0 0.7964361847
-720120983 -548612835
#r 0 0.8034540457
388898961 -22604958
#r 0 1.7679240677
388898961 -21604958
#r 0 1.5638513525
388892249 -22571353
#r 0 5.6466465816
-862956667 140643757
#r 0 0.2612714995
-862956667 139643757
#r 0 1.5359294510
-862921458 140653171
#r 0 1.4107143670
-64393835 -548376194
#r 0 1.1269461540
-64393835 -547376194
#r 0 2.9851562900
-63951515 -547445959
#r 0 2.2120699246
-682022435 430113840
#r 0 1.3028175492
-682022435 429113840
#r 0 6.1556272630
-682287677 429147859
#r 0 5.1235745837
129522077 617343422
#r 0 2.8608901990
129522077 616343422
#r 0 1.4147283717
129672596 617300025
#r 0 6.0221472109
-709725211 -135667791
#r 0 6.1054038201
-709725211 -134667791
#r 0 0.5539884136
-710977897 -135442710
#r 0 5.9233982841
882172595 169931446
#r 0 2.6766935284
882172595 168931446
#r 0 2.5807194598
874273778 173893219
#r 0 3.2113163960
29768177 179516482
#r 0 1.7749568395
29768177 178516482
#r 0 3.7343748908
29949881 178638876
#r 0 0.3409204932
258981388 553416150
#r 0 1.9833322120
258981388 552416150
#r 0 2.1073037480
260638688 549629329
#r 0 2.1801177789
867622611 474026919
#r 0 2.2689831680
867622611 473026919
#r 0 2.8472760616
868748103 472685760
#r 0 2.8527522102
494169261 705240858
#r 0 1.7201837273
494169261 704240858
#r 0 0.8424499786
494298039 704385237
#r 0 3.5080992524
122469093 -725635014
#r 0 1.9347622838
122469093 -724635014
#r 0 2.0467160768
121009231 -721802726
#r 0 0.8380486174
-603116602 -663308573
#r 0 0.0465807485
-603116602 -662308573
#r 0 0.6078101410
-604657316 -663380393
#r 0 0.7589760959
-145539966 -887360284
#r 0 1.8243098886
-145539966 -886360284
#r 0 1.6822040531
-145343084 -888120189
#r 0 0.4022386134
682414660 608429595
#r 0 0.5089646502
682414660 607429595
#r 0 0.5784536068
692945377 614305737
#r 0 3.9221985138
-490982295 -354183775
#r 0 2.6434950351
-490982295 -353183775
#r 0 1.7129661817
-490827077 -354268188
#r 0 1.7121639550
-802812116 -220135267
#r 0 1.9621983801
-802812116 -219135267
#r 0 6.0143867678
-803277745 -219007002
#r 0 1.8782890035
250470454 471718324
#r 0 3.2992132249
250470454 470718324
#r 0 3.5054799739
254976817 472434561
#r 0 1.6053423082
439852827 37625603
#r 0 2.3575410247
439852827 36625603
#r 0 3.4195243369
440632477 36848050
#r 0 3.1844094697
-160210028 -311873695
#r 0 2.7060500336
-160210028 -310873695
#r 0 3.4909623092
-161415340 -311312807
#r 0 3.3953797671
378118500 -176315695
#r 0 2.2310675913
378118500 -175315695
#r 0 2.4909396327
376219269 -173869933
#r 0 3.5589661584
-866575725 -214630372
#r 0 0.7034592467
-866575725 -213630372
#r 0 0.7204364853
-900335154 -243265764
#r 0 1.6583757972
135413484 36622920
#r 0 5.5367623671
135413484 35622920
#r 0 3.6083142396
136113379 35975561
#r 0 5.5822376851
133848038 926203271
#r 0 3.9061036504
133848038 925203271
#r 0 3.3130063802
132575712 924983015
#r 0 5.8524938987
152317393 -838586251
#r 0 3.6223898518
152317393 -837586251
#r 0 0.7318782522
149662628 -839971041
#r 0 3.7316775477
866394399 -388688067
#r 0 3.2601397183
866394399 -387688067
#r 0 3.2202060362
891189956 -385734779
#r 0 3.3598816588
-110683473 -855371776
#r 0 1.6100657086
-110683473 -854371776
#r 0 2.1931033162
-110725039 -854313836
#r 0 1.7718363154
-778756986 -564076853
#r 0 1.7353818570
-778756986 -563076853
#r 0 0.4666291338
-778910251 -563154058
#r 0 0.4401952407
-737950047 -439455128
#r 0 0.1059511299
-737950047 -438455128
#r 0 1.8637710759
-737657768 -439424044
#r 0 6.0587541674
-609784449 -471338019
#r 0 3.5152413545
-609784449 -470338019
#r 0 3.6073751315
-618825655 -474882775
#r 0 2.0477890375
-23189346 649857189
#r 0 2.1104264210
-23189346 648857189
#r 0 1.4986388112
-23124847 649749498
#r 0 4.3172447508
919027675 186956176
#r 0 2.5127785274
919027675 185956176
#r 0 2.6149506334
925882393 181970740
#r 0 3.6477117648
-462062882 -817316296
#r 0 0.7152449527
-462062882 -816316296
#r 0 1.0652716721
-463128978 -818242403
#r 0 0.6883258375
-122964257 -333624352
#r 0 3.7935381657
-122964257 -332624352
#r 0 3.7151304790
-114439658 -327117706
#r 0 0.7623221511
-340634393 559951828
#r 0 5.0268526474
-340634393 558951828
#r 0 2.5973769373
-340229424 558706751
#r 0 2.6620061999
-909594700 -252680642
#r 0 0.6785239143
-909594700 -251680642
#r 0 0.3132792624
-907521198 -251008937
#r 0 6.1242810487
43912064 302995607
#r 0 2.1405337478
43912064 301995607
#r 0 3.2349863798
44516401 302052213
#r 0 2.5005005966
117420708 890129395
#r 0 3.5635346981
117420708 889129395
#r 0 0.1290799298
114286917 888722624
#r 0 3.7263184010
-468178342 -347725758
#r 0 0.7571636989
-468178342 -346725758
#r 0 0.9603946043
-470242366 -349676400
#r 0 5.3354628413
71200613 -222501511
#r 0 2.3555985872
71200613 -221501511
#r 0 1.5457822129
71176205 -222477074
#r 0 1.6875817459
-243623499 -789879633
#r 0 1.5578158056
-243623499 -788879633
#r 0 2.3625748860
-243610682 -788892287
#r 0 1.6115675409
-769324329 107708350
#r 0 4.4488075646
-769324329 106708350
#r 0 0.3344912812
-769622119 106604853
#r 0 0.5219938334
635566251 196520845
#r 0 2.3435805518
635566251 195520845
#r 0 4.4093562495
635803000 196278047
#r 0 3.4813234335
195202581 -473800941
#r 0 0.3511432420
195202581 -472800941
#r 0 2.3104636395
195886464 -473550418
#r 0 3.0069293564
308865562 -904406367
#r 0 1.2143503900
308865562 -903406367
#r 0 1.1459669922
310970393 -898753548
#r 0 3.2839344234
710295145 -265660052
#r 0 5.1293077869
710295145 -264660052
#r 0 4.0364294044
710009824 -265015814
#r 0 5.2320683597
-659887626 -690524746
#r 0 1.6655261862
-659887626 -689524746
#r 0 0.7173704488
-659975367 -689601294
#r 0 0.1474440532
582191960 -738122481
#r 0 2.7551244258
582191960 -737122481
#r 0 2.5910602535
587025081 -740089235
#r 0 2.8323773462
619956929 619639294
#r 0 4.3372239631
619956929 618639294
#r 0 3.3904014196
619519326 618528111
#r 0 1.9773710960
279378978 182926265
#r 0 2.8844820763
279378978 181926265
#r 0 3.8502317971
280271759 182691526
#r 0 5.5688210068
-31041134 -356688329
#r 0 1.0333458511
-31041134 -355688329
#r 0 1.8796283879
-30833335 -356339655
#r 0 2.0615939502
531322273 778893238
#r 0 5.1480153629
531322273 777893238
#r 0 5.2827847440
533018095 775249824
#r 0 5.1119787262
-409016762 -551302065
#r 0 0.9175259592
-409016762 -550302065
#r 0 5.7698855194
-408482072 -550603469
#r 0 1.1141335580
-242530425 -410578653
#r 0 3.6391246307
-242530425 -409578653
#r 0 1.1409865058
-243140761 -410910128
#r 0 4.0952773222
280793211 -921368331
#r 0 1.2237215287
280793211 -920368331
#r 0 2.1190753278
281020383 -920740293
#r 0 1.1174711128
730390034 137322819
#r 0 2.7896556662
730390034 136322819
#r 0 2.4531901544
728194301 138129147
#r 0 2.8536713920
336241334 349827929
#r 0 5.4208715349
336241334 348827929
#r 0 5.4667193602
345963581 338482007
#r 0 5.5540130896
182629508 -60733374
#r 0 0.9399441128
182629508 -59733374
#r 0 1.4318497170
182456544 -60970174
#r 0 3.0872808280
-14583895 -391538609
#r 0 2.7183675716
-14583895 -390538609
#r 0 2.8189172066
-23198266 -387658296
#r 0 3.1646814818
-529968658 -541423045
#r 0 1.4718745851
-529968658 -540423045
#r 0 2.8900476553
-529871881 -540447916
#r 0 1.1747604566
-295721070 -115687762
#r 0 1.1561613687
-295721070 -114687762
#r 0 2.8004510506
-295340402 -114822908
#r 0 2.8066700632
-860392259 105310463
#r 0 5.8504204928
-860392259 104310463
#r 0 4.8950755414
-860594244 105403775
#r 0 1.0389174815
134282577 690186611
#r 0 5.3035230938
134282577 689186611
#r 0 5.5209208161
136151389 687402323
#r 0 1.6248709990
120775521 105317247
#r 0 3.6190003245
120775521 104317247
#r 0 4.2156831916
121528768 105706917
#r 0 5.6351430614
705482076 -427802156
#r 0 0.4042133050
705482076 -426802156
#r 0 0.4123336681
601747346 -472176612
#r 0 3.8985521917
67711290 -820628312
#r 0 0.4914737443
67711290 -819628312
#r 0 2.1996114389
68234788 -820348093
#r 0 0.7011372612
433987350 508403551
#r 0 4.2926916592
433987350 507403551
#r 0 2.0497468131
433747361 507865711
#r 0 5.9666162861
-118050258 19266698
#r 0 4.1294606037
-118050258 18266698
#r 0 3.1848962216
-118729012 18237287
#r 0 3.9818937870
-797637337 -148047045
#r 0 5.4927363796
-797637337 -147047045
#r 0 4.0215385501
-798087852 -147591956
#r 0 4.1124204503
-297627869 -312378482
#r 0 4.8217298071
-297627869 -311378482
#r 0 0.1995111210
-297735264 -311400197
#r 0 6.1366178051
526708312 738674488
#r 0 1.1818590607
526708312 737674488
#r 0 1.0429651025
525328797 735308282
#r 0 1.0172716365
902408713 326691638
#r 0 2.6297067953
902408713 325691638
#r 0 2.9783278777
904926931 325276809
#r 0 2.2274959900
194389026 724215994
#r 0 3.1172280462
194389026 723215994
#r 0 3.1522046329
222975313 723519362
#r 0 3.1144235022
479784988 -770379991
#r 0 2.4624642013
479784988 -769379991
#r 0 2.0653832168
480740049 -771150936
#r 0 2.1257289415
-131810955 348029062
#r 0 0.5415156585
-131810955 347029062
#r 0 5.3248832434
-132304855 347731985
#r 0 4.0878473042
586522933 -217901995
#r 0 2.8643759699
586522933 -216901995
#r 0 4.3506715517
586181344 -217804798
#r 0 5.6151819713
-187748036 23994930
#r 0 5.5165000802
-187748036 22994930
#r 0 1.4986159675
-187680438 23929816
#r 0 3.5172210093
352205545 -810872443
#r 0 1.2175776629
352205545 -809872443
#r 0 1.1814952739
355844978 -801000929
#r 0 1.9806108936
-281264150 625950435
#r 0 3.3821877795
-281264150 624950435
#r 0 3.4558399027
-268712281 629030005
#r 0 2.0491806209
805993669 -555805939
#r 0 1.6818100249
805993669 -554805939
#r 0 1.7830470133
805762744 -553734345
#r 0 2.6940116086
109176579 830254230
#r 0 0.6989410356
109176579 829254230
#r 0 0.6738211266
85359760 810236676
#r 0 3.5345388761
454603456 -115132683
#r 0 1.4956818603
454603456 -114132683
#r 0 2.7520748818
454676457 -114162649
#r 0 4.7483255428
-841858840 456991149
#r 0 4.2811332100
-841858840 455991149
#r 0 0.3954621298
-842428385 455753390
#r 0 5.0063234462
-394302774 -111391377
#r 0 1.1776481900
-394302774 -110391377
#r 0 2.1339639807
-394052461 -110787836
#r 0 0.4631501647
-44928054 515757560
#r 0 5.0341991297
-44928054 514757560
#r 0 4.9750888267
-46318392 519927746
#r 0 1.3088103439
-121117037 -740886462
#r 0 2.7333501289
-121117037 -739886462
#r 0 2.4218440387
-118865190 -741860483
#r 0 0.6131463129
-104972969 -794518837
#r 0 1.7039341980
-104972969 -793518837
#r 0 1.7247746029
-105949948 -787224149
#r 0 2.4083664011
-228728329 -70115130
#r 0 0.5492342517
-228728329 -69115130
#r 0 0.6151696622
-239300305 -76585730
#r 0 0.6387197243
211817052 -353830981
#r 0 0.0244239543
211817052 -352830981
#r 0 1.6092069409
211855445 -353830043
#r 0 1.3583117726
714039536 -444378998
#r 0 0.4978844176
714039536 -443378998
#r 0 2.0478131733
714443014 -444159684
#r 0 0.6171079746
210279624 -719446913
#r 0 3.9520784265
210279624 -718446913
#r 0 3.1392199654
211228526 -718449164
#r 0 4.0432314274
-252990652 907596128
#r 0 4.1043289679
-252990652 906596128
#r 0 4.7365610779
-253014017 907562559
#r 0 6.1120627692
-111775591 385835601
#r 0 2.6020940963
-111775591 384835601
#r 0 3.7542352103
-111007310 385375594
#r 0 0.2561999589
-751715650 246572132
#r 0 5.4409553529
-751715650 245572132
#r 0 3.2294774685
-750888357 245645026
#r 0 2.7646026056
734240015 -107718197
#r 0 3.0690718795
734240015 -106718197
#r 0 1.7633725402
734437810 -107732566
#r 0 3.3663677128
451097033 876365304
#r 0 5.4920872927
451097033 875365304
#r 0 5.6616677855
454483847 872939659
#r 0 5.5087229995
-213751703 -188883800
#r 0 1.5808638463
-213751703 -187883800
#r 0 1.7023324902
-213762600 -187801433
#r 0 1.8993721128
-871609781 -439190600
#r 0 5.9266084726
-871609781 -438190600
#r 0 1.8230675419
-871324640 -439296815
#r 0 0.5994606035
873731973 -187795839
#r 0 2.5853412357
873731973 -186795839
#r 0 3.5818877823
872816960 -187226939
#r 0 2.9447045066
476321941 -514170025
#r 0 4.2073290382
476321941 -513170025
#r 0 1.8960483386
476531408 -513791167
#r 0 1.8246548188
648529161 -258031637
#r 0 3.7415891883
648529161 -257031637
#r 0 5.4963584782
649121932 -257626104
#r 0 3.5248376510
-947200162 54478327
#r 0 1.4473207321
-947200162 53478327
#r 0 1.6084837540
-947229081 54245308
#r 0 6.0925392689
-72923073 965837855
#r 0 5.5279428889
-72923073 964837855
#r 0 5.3808370636
-76001732 968736218
#r 0 3.6071884310
533900477 -572149686
#r 0 3.7625676949
533900477 -571149686
#r 0 2.7572395766
534793453 -571510867
#r 0 3.7231499444
-787439174 -505763987
#r 0 0.9692556956
-787439174 -504763987
#r 0 0.2165658557
-786630674 -504586104
#r 0 0.7317484849
-244124713 -774407860
#r 0 5.9364829450
-244124713 -773407860
#r 0 2.6066026925
-239802142 -775969587
#r 0 5.8786790075
912688030 366379819
#r 0 3.6233068434
912688030 365379819
#r 0 2.7226096640
911655127 365839826
#r 0 2.7710158826
65744808 676218049
#r 0 6.0692092532
65744808 675218049
#r 0 0.7152857832
66665564 676017966
#r 0 1.0661040392
-530446177 836542796
#r 0 4.8756925896
-530446177 835542796
#r 0 4.7748549772
-530546995 837154664
#r 0 4.5413043593
-415563059 -298865844
#r 0 1.3451146567
-415563059 -297865844
#r 0 3.8455856317
-415277866 -297623676
#r 0 2.9491501819
-886033412 -228132643
#r 0 1.5044585771
-886033412 -227132643
#r 0 0.0791838822
-885966625 -227127343
#r 0 0.1985895184
-277974413 -935647969
#r 0 1.4625645196
-277974413 -934647969
#r 0 1.3769450551
-277731075 -933408450
#r 0 1.4331372293
200104270 740576328
#r 0 1.5063427225
200104270 739576328
#r 0 3.2396223628
200039315 739569940
#r 0 3.2797772121
-138670661 -326693416
#r 0 2.9803319916
-138670661 -325693416
#r 0 2.4752060260
-137067368 -326954229
#r 0 2.5801343016
-420259027 -893966584
#r 0 1.4492440504
-420259027 -892966584
#r 0 1.1279655534
-420094492 -892619642
#r 0 1.1572463703
-798050443 -196980374
#r 0 2.3488143633
-798050443 -195980374
#r 0 2.1616886253
-795948626 -199113446
#r 0 2.1904427528
-402542994 -134498653
#r 0 1.7847379879
-402542994 -133498653
#r 0 1.7643292511
-400542065 -143708207
#r 0 1.7754545761
508744237 816338581
#r 0 2.2974050886
508744237 815338581
#r 0 4.8086601057
508635896 816460472
#r 0 2.2648109346
-397593185 913590386
#r 0 4.0468554496
-397593185 912590386
#r 0 5.3541385441
-397976022 913102702
#r 0 5.4640077556
-443314379 -868631678
#r 0 1.5428407497
-443314379 -867631678
#r 0 1.4004438788
-443280988 -867437568
#r 0 0.4299531297
-533147680 613971414
#r 0 1.6806326232
-533147680 612971414
#r 0 5.3170666682
-533016458 612781520
#r 0 1.5861550988
-770932227 -336799630
#r 0 0.9620087163
-770932227 -335799630
#r 0 1.0179503774
-776303069 -344504007
#r 0 1.8163235613
-313801222 -169811900
#r 0 5.4334738748
-313801222 -168811900
#r 0 3.8714873257
-314293252 -169252133
#r 0 5.3654570409
396351162 236536477
#r 0 1.0554063227
396351162 235536477
#r 0 3.9562009878
394933053 234033004
#r 0 4.0881302600
653214263 -656222690
#r 0 1.1994385433
653214263 -655222690
#r 0 2.3181581848
653488461 -655518582
#r 0 3.1649102118
-126037657 252119065
#r 0 2.0086397202
-126037657 251119065
#r 0 3.9089829633
-125715148 251430163
#r 0 2.7134892016
795662488 -210263076
#r 0 4.5942124445
795662488 -209263076
#r 0 4.6349915570
795438876 -212146446
#r 0 2.9166957675
-552602322 134431660
#r 0 1.1314393985
-552602322 133431660
#r 0 3.9944917206
-553619957 132266458
#r 0 3.8444486710
-25074801 475442830
#r 0 4.8910275411
-25074801 474442830
#r 0 4.8083166446
-25280804 476583719
#r 0 4.8215861234
-581753711 58339560
#r 0 1.8905730640
-581753711 57339560
#r 0 2.0642888230
-580892172 55737838
#r 0 2.0459194330
-123676106 -141587957
#r 0 2.2155173289
-123676106 -140587957
#r 0 0.8103315255
-124096079 -141029413
#r 0 1.1961453831
-770394741 -202777594
#r 0 2.5279180398
-770394741 -201777594
#r 0 5.6762147848
-870559501 -132221278
#r 0 5.5872268143
226219170 40973701
#r 0 0.6895174922
226219170 39973701
#r 0 0.7743412440
232729507 46341639
#r 0 4.2638713893
-730767039 -317649186
#r 0 1.3967468615
-730767039 -316649186
#r 0 5.0367150555
-730651590 -316992584
#r 0 5.7059753622
313987082 -595303530
#r 0 5.8395628168
313987082 -594303530
#r 0 1.9371957697
314456388 -595526550
#r 0 5.7780400711
422385780 609464897
#r 0 4.0305717302
422385780 608464897
#r 0 3.9336869655
417810019 603827442
#r 0 3.8933743188
-283682688 -708434606
#r 0 1.0109197010
-283682688 -707434606
#r 0 1.4936164269
-283770906 -708575355
#r 0 5.7739887535
-165174039 -771223105
#r 0 2.5858165925
-165174039 -770223105
#r 0 5.7629292404
-185930002 -758331974
#r 0 2.0282012172
-595802012 -385074130
#r 0 6.1912984959
-595802012 -384074130
#r 0 2.1747896741
-595065145 -385142030
#r 0 2.3241983941
277214466 -802769623
#r 0 0.8746643468
277214466 -801769623
#r 0 0.7148124353
280256997 -799128915
#r 0 0.9814320797
-49223034 10182434
#r 0 3.3675354850
-49223034 9182434
#r 0 3.3710521948
220643114 72215973
#r 0 0.5593548628
606551053 -19018638
#r 0 2.6142438450
606551053 -18018638
#r 0 5.0784718042
607044605 -19306064
#r 0 1.2461748418
-355498144 909755308
#r 0 4.0840028608
-355498144 908755308
#r 0 4.1029996375
-337785649 934131001
#r 0 4.7786677968
47076853 -733059593
#r 0 2.3882779073
47076853 -732059593
#r 0 2.6015627794
44121220 -730287779
#r 0 4.7759465934
-374230082 240356462
#r 0 5.2556075172
-374230082 239356462
#r 0 5.2908869433
-366217505 227086500
#r 0 1.7823396426
57914385 673072022
#r 0 0.5811533356
57914385 672072022
#r 0 1.6792851450
57812740 673005260
#r 0 0.7366641014
-434227853 -134865342
#r 0 1.3266862679
-434227853 -133865342
#r 0 3.5962912615
-433944242 -133726695
#r 0 3.8163564424
-803935016 3201268
#r 0 0.9154021532
-803935016 2201268
#r 0 4.6374719060
-803851837 3309468
#r 0 1.1160297906
612533705 664406426
#r 0 4.1068542697
612533705 663406426
#r 0 4.0845868195
597518146 642716823
#r 0 6.2155442484
-128789750 -864403732
#r 0 2.0977977997
-128789750 -863403732
#r 0 1.6731433189
-128665031 -864618064
#r 0 2.0297745537
49745228 181238661
#r 0 2.5317777177
49745228 180238661
#r 0 2.3333355236
46872922 183245379
#r 0 4.6588063070
582907428 511612935
#r 0 3.6886695733
582907428 510612935
#r 0 2.1513481594
582438732 511327457
#r 0 2.1228609916
616180789 -199370439
#r 0 4.4312863741
616180789 -198370439
#r 0 3.2916252579
616482717 -198324797
#r 0 3.9730266370
144982153 -279834439
#r 0 3.0250584285
144982153 -278834439
#r 0 1.9196728086
145362088 -279878916
#r 0 6.0427320508
-152837913 140842892
#r 0 2.6833589894
-152837913 139842892
#r 0 4.5621393684
-152697042 140773407
#r 0 3.3953475651
549838263 -730153584
#r 0 2.6599187740
549838263 -729153584
#r 0 2.5597754387
557244105 -734024916
#r 0 2.2169921421
-591139324 -247371007
#r 0 4.4892141487
-591139324 -246371007
#r 0 3.0705170210
-590915977 -246386908
#r 0 0.5986451177
-753947354 98952221
#r 0 4.6302884223
-753947354 97952221
#r 0 2.0616086091
-754018661 98085646
#r 0 5.4767590823
-98352464 -743450637
#r 0 5.4584458644
-98352464 -742450637
#r 0 2.7028062644
-99984717 -741684623
#r 0 1.7730481479
611104978 -524723090
#r 0 2.4214806470
611104978 -523723090
#r 0 3.6723001585
610421980 -524123919
#r 0 3.6382227531
-276948858 -364114257
#r 0 1.2577397307
-276948858 -363114257
#r 0 6.0920488265
-276644237 -363173201
#r 0 0.9410577971
-558362802 302376104
#r 0 4.4644782488
-558362802 301376104
#r 0 5.9381540827
-558594813 301459491
#r 0 0.5685529541
-267275647 10250653
#r 0 0.3469917063
