701687785 -541700890
#r 0 0.0956440427
701687785 -540700890
#r 0 3.8935891098
700496452 -541815183
#r 0 2.2494892308
-499127383 633119407
#r 0 0.7916586322
-499127383 632119407
#r 0 4.6917697423
-499106321 633140734
#r 0 4.4093642728
-483608482 -622730427
#r 0 4.2171975881
-483608482 -621730427
#r 0 0.2641501820
-482976021 -621559365
#r 0 0.2911743542
-400050622 -282770132
#r 0 4.4889945765
-400050622 -281770132
#r 0 0.2068595332
-399812062 -281720067
#r 0 5.6580132752
301295572 728310821
#r 0 3.2016500600
301295572 727310821
#r 0 3.0716556679
293613957 727848928
#r 0 3.1484980848
538670319 187274473
#r 0 6.0326863806
538670319 186274473
#r 0 5.3533853606
537748185 187510423
#r 0 2.1551879736
-356518068 -65592954
#r 0 0.5145596253
-356518068 -64592954
#r 0 0.4417462719
-345700793 -59477296
#r 0 0.5072184760
-276446552 932869643
#r 0 5.3199443563
-276446552 931869643
#r 0 5.3255092256
-217417608 847970881
#r 0 2.3790571812
-550539604 -271667289
#r 0 4.5928848607
-550539604 -270667289
#r 0 5.6779059423
-550428739 -270743998
#r 0 4.5335868302
-618319202 -169265767
#r 0 5.8458889981
-618319202 -168265767
#r 0 5.3023960897
-617344565 -169721392
#r 0 0.1056729373
755102565 -188650360
#r 0 5.5552410939
755102565 -187650360
#r 0 1.1240987585
754766877 -188351187
#r 0 5.6846400364
380790345 -501424583
#r 0 3.3087511201
380790345 -500424583
#r 0 3.8026720068
379148586 -501701602
#r 0 5.0877667163
-579009961 358478730
#r 0 5.3372926502
-579009961 357478730
#r 0 1.2295907075
-578772006 358148849
#r 0 4.5380502342
299350043 -849072587
#r 0 5.7201218907
299350043 -848072587
#r 0 5.5604252060
303338273 -851590059
#r 0 4.3641206833
547958642 -796389549
#r 0 2.1572894043
547958642 -795389549
#r 0 3.6670108809
547478956 -795667661
#r 0 2.1105738160
120566706 -818818612
#r 0 6.0068700330
120566706 -817818612
#r 0 3.5880063515
119254729 -818446576
#r 0 3.4810303347
137093106 -178832048
#r 0 0.6070002283
137093106 -177832048
#r 0 1.4616184556
136974461 -178914443
#r 0 2.9220335767
-671832205 450572368
#r 0 5.3794835345
-671832205 449572368
#r 0 0.2899138249
-671194491 449762610
#r 0 5.3437250916
-468532303 -84888903
#r 0 0.2608691544
-468532303 -83888903
#r 0 4.5915128914
-468657842 -84922416
#r 0 1.8672725221
242220329 -192797614
#r 0 4.8337353467
242220329 -191797614
#r 0 3.5072318433
242103823 -191842219
#r 0 4.8192214398
474168597 127670696
#r 0 4.2821680682
474168597 126670696
#r 0 2.5823440489
473812101 126893828
#r 0 5.4905029118
595496296 -707793242
#r 0 3.7557499589
595496296 -706793242
#r 0 2.8627101897
596504900 -707082050
#r 0 2.8112766563
677928845 -196320030
#r 0 2.0121790516
677928845 -195320030
#r 0 0.0125381592
677459157 -195325919
#r 0 2.2512681435
134234208 -184258840
#r 0 4.0365118250
134234208 -183258840
#r 0 0.2737128387
135269048 -182968299
#r 0 4.5740692410
-222667336 -46611794
#r 0 5.2610678960
-222667336 -45611794
#r 0 3.1525677265
-223274551 -45618458
#r 0 1.3635252641
219528894 970092025
#r 0 4.6593472317
219528894 969092025
#r 0 5.2720503124
219479950 969170150
#r 0 4.3592432425
-384209398 -106897359
#r 0 2.0304209251
-384209398 -105897359
#r 0 3.8368638472
-384559720 -106189611
#r 0 0.7399450543
615373946 -411111791
#r 0 4.9368583163
615373946 -410111791
#r 0 4.9488732902
611033462 -392101009
#r 0 4.9491627800
326662212 790338362
#r 0 3.8156351204
326662212 789338362
#r 0 2.4863653817
326024189 789828674
#r 0 3.7224296487
340630368 -61653550
#r 0 4.7252238760
340630368 -60653550
#r 0 1.9090091731
340617046 -60615675
#r 0 4.8024767580
-936931568 -253662529
#r 0 0.5251918400
-936931568 -252662529
#r 0 0.4424768178
-927467829 -248178516
#r 0 0.3647697713
-55698254 -527054964
#r 0 3.5905564257
-55698254 -526054964
#r 0 3.3362727116
-52184554 -525362142
#r 0 6.0662078090
-176767589 -188188183
#r 0 5.2545384535
-176767589 -187188183
#r 0 5.9901588217
-177503728 -186966081
#r 0 1.5501008935
133207554 429148051
#r 0 4.6073354589
133207554 428148051
#r 0 5.2175943274
133118995 428308170
#r 0 5.1822627162
420725815 -425022251
#r 0 0.1291177676
420725815 -424022251
#r 0 4.5375245453
420544998 -425045728
#r 0 4.5050169447
-984543034 144270826
#r 0 0.3937730484
-984543034 143270826
#r 0 0.1784739243
-988796923 142503453
#r 0 5.6176767372
366737756 485628537
#r 0 3.7163771265
366737756 484628537
#r 0 3.7703717177
379315281 493775497
#r 0 3.2720925230
-649282821 -270779598
#r 0 0.3201864751
-649282821 -269779598
#r 0 0.5870391321
-652279709 -271773355
#r 0 0.8945616359
411724544 245564399
#r 0 0.9336497239
411724544 244564399
#r 0 2.0374713537
411424792 245159393
#r 0 3.3129246452
795592083 -315379132
#r 0 3.7946426654
795592083 -314379132
#r 0 3.8118861908
759495980 -342993671
#r 0 0.7333571866
-521849662 466816098
#r 0 0.3272739823
-521849662 465816098
#r 0 1.0122482565
-521056452 467085378
#r 0 1.9862990479
-558514126 -706353026
#r 0 0.8358048653
-558514126 -705353026
#r 0 5.7545736242
-557922520 -705698556
#r 0 5.8284692682
-218018041 -776753981
#r 0 5.6752701981
-218018041 -775753981
#r 0 1.9694003714
-217422320 -777168496
#r 0 6.0777062779
517252615 315449462
#r 0 3.4747117635
517252615 314449462
#r 0 3.4495849344
481408350 303046857
#r 0 3.0043674428
-836634468 79323631
#r 0 5.3738107229
-836634468 78323631
#r 0 0.9688786702
-836269559 78854828
#r 0 0.6945152882
-478957491 -425697431
#r 0 0.4477501223
-478957491 -424697431
#r 0 0.5559340577
-486048856 -429103294
#r 0 0.4337505865
744680137 283363242
#r 0 3.9138126117
744680137 282363242
#r 0 3.9645364888
754288696 292721833
#r 0 3.9712980177
787479252 -388621533
#r 0 5.0808826793
787479252 -387621533
#r 0 5.0967597337
778971630 -366588553
#r 0 1.7623471195
734374273 161323653
#r 0 3.1082408507
734374273 160323653
#r 0 2.2406699087
733560726 161350796
#r 0 4.9635713968
-835925574 -325109799
#r 0 5.7396000098
-835925574 -324109799
#r 0 5.9556857136
-839705146 -322825752
#r 0 5.9950116145
191098699 -491490599
#r 0 3.4826175439
191098699 -490490599
#r 0 3.3132793023
196608439 -489535245
#r 0 3.5697574581
76967052 -918743877
#r 0 5.6325539879
76967052 -917743877
#r 0 5.6924704999
65930699 -910342994
#r 0 6.1785048123
-458212991 -390070259
#r 0 4.6980200779
-458212991 -389070259
#r 0 4.8246396305
-458200246 -389183324
#r 0 4.7486366504
-561441965 -303326039
#r 0 1.0737848331
-561441965 -302326039
#r 0 1.0918100490
-573633759 -325802359
#r 0 5.6779767411
-143029320 -288205830
#r 0 1.3557526303
-143029320 -287205830
#r 0 1.3727332250
-145502198 -299527442
#r 0 1.4364865322
-217724255 370576245
#r 0 4.4811596193
-217724255 369576245
#r 0 0.3315277364
-217980460 369488051
#r 0 4.7143915872
231282029 -813119927
#r 0 2.3863339041
231282029 -812119927
#r 0 5.1059156037
231963643 -813761644
#r 0 5.5069161990
-173650117 941397434
#r 0 0.1360369293
-173650117 940397434
#r 0 4.0130683095
-172699545 941527551
#r 0 0.2192749363
-974261600 -135035256
#r 0 6.1586823387
-974261600 -134035256
#r 0 6.2658197981
-983539498 -133874124
#r 0 5.8179411738
-219071864 876570219
#r 0 3.3293926076
-219071864 875570219
#r 0 4.3054807870
-218602460 876659424
#r 0 3.3089255412
841216372 -245702053
#r 0 4.1426492461
841216372 -244702053
#r 0 5.2058066192
841508726 -245245678
#r 0 5.2498004625
-554460271 622376857
#r 0 0.6161834277
-554460271 621376857
#r 0 4.6927967138
-554440400 622390929
#r 0 4.9780338547
-710372218 -603481641
#r 0 5.9380507547
-710372218 -602481641
#r 0 3.4006599862
-711973377 -602905985
#r 0 3.5970114400
57367412 137137296
#r 0 4.1212625155
57367412 136137296
#r 0 4.2313292851
59715015 140634978
#r 0 0.0378351977
350298717 99524416
#r 0 1.0788651213
350298717 98524416
#r 0 5.3900135008
349977045 98924138
#r 0 4.6633946275
124361302 -505132095
#r 0 3.5838316393
124361302 -504132095
#r 0 0.1362513116
127333796 -503724564
#r 0 3.5558086370
-544744435 413022941
#r 0 4.6794901240
-544744435 412022941
#r 0 3.7884506689
-544778185 411997451
#r 0 4.3708573633
-119196968 -904270036
#r 0 6.1679665454
-119196968 -903270036
#r 0 0.9577308786
-119847496 -904194750
#r 0 0.1668600771
-804414631 -463783652
#r 0 5.0918511633
-804414631 -462783652
#r 0 6.0169883494
-804862074 -462661649
#r 0 5.7485588768
551441948 -761356956
#r 0 2.7578783618
551441948 -760356956
#r 0 1.8788086609
551806969 -761504324
#r 0 2.4060166089
27156741 -865736728
#r 0 3.3416929510
27156741 -864736728
#r 0 1.0897531924
26573012 -865855117
#r 0 5.5459869087
940217810 -146619311
#r 0 3.5659101669
940217810 -145619311
#r 0 4.1899686194
939439608 -146970873
#r 0 3.9190627343
-914055295 46387478
#r 0 5.5138268953
-914055295 45387478
#r 0 5.7067380028
-910913819 43345196
#r 0 0.4883770905
-936955659 -34943340
#r 0 6.0351686272
-936955659 -33943340
#r 0 0.2472332568
-938933401 -34442516
#r 0 1.0051618587
-369379595 277222742
#r 0 5.4454714111
-369379595 276222742
#r 0 3.2975741770
-368590810 276346785
#r 0 3.3921702228
-821124475 11788443
#r 0 1.2496922912
-821124475 10788443
#r 0 6.1213495780
-821439958 10839950
#r 0 5.6344227469
-490967586 616064171
#r 0 4.3818840427
-490967586 615064171
#r 0 0.8098658566
-491503917 614500931
#r 0 4.2364488578
-678074763 -588467848
#r 0 1.5753704605
-678074763 -587467848
#r 0 3.4258900411
-678079331 -587469183
#r 0 6.2552726671
217643120 -215305082
#r 0 0.9222836214
217643120 -214305082
#r 0 2.6768421889
218192304 -214580431
#r 0 3.3109322497
-682169509 -158834214
#r 0 5.9246774308
-682169509 -157834214
#r 0 5.8358262304
-672654921 -162399333
#r 0 5.9765224806
557597791 508080141
#r 0 2.6513943092
557597791 507080141
#r 0 4.7731516470
557534912 508113696
#r 0 3.3414302616
639262792 -399950495
#r 0 4.4341839384
639262792 -398950495
#r 0 2.4632300306
639494961 -399137613
#r 0 4.2147565934
61684808 -566926225
#r 0 2.3296364859
61684808 -565926225
#r 0 3.7610554997
61119094 -566329635
#r 0 2.2991082754
523190902 523430949
#r 0 2.2575219622
523190902 522430949
#r 0 4.4686290824
523381721 523198199
#r 0 3.3200678895
-97120665 -106773775
#r 0 3.4237390143
-97120665 -105773775
#r 0 3.8094240040
-99125272 -107354870
#r 0 2.8172972462
-565009351 514254679
#r 0 5.6751447937
-565009351 513254679
#r 0 4.5183240174
-564836462 514134347
#r 0 5.7758127024
334580786 -482417867
#r 0 0.5394666644
334580786 -481417867
#r 0 2.5206077263
335341762 -481962267
#r 0 4.6498948778
-302732954 278207160
#r 0 5.1564816557
-302732954 277207160
#r 0 5.4735200643
-301782399 276209313
#r 0 3.2529945110
-258338693 -552221732
#r 0 3.3956744568
-258338693 -551221732
#r 0 0.8339457279
-259525722 -552529997
#r 0 6.1460675356
-571070279 -284224233
#r 0 0.8846260868
-571070279 -283224233
#r 0 1.7547046037
-570918699 -284039135
#r 0 0.9399453141
481874853 641887316
#r 0 2.9126486440
481874853 640887316
#r 0 2.7345000987
476828149 643063348
#r 0 4.2646726397
-479273610 -106822827
#r 0 1.7896672171
-479273610 -105822827
#r 0 4.2588593112
-479426344 -106136181
#r 0 4.2848174348
-4238218 -621301856
#r 0 1.0845953569
-4238218 -620301856
#r 0 1.7396658250
-4109309 -621057950
#r 0 0.9665673948
-213551122 -22815755
#r 0 1.5186786135
-213551122 -21815755
#r 0 5.7925767203
-213500371 -21842865
#r 0 2.2639643554
-874003763 -51756842
#r 0 0.1712927124
-874003763 -50756842
#r 0 5.5822325709
-873020388 -51586730
#r 0 4.9378441508
-191082364 -706539912
#r 0 5.7250676414
-191082364 -705539912
#r 0 5.8071151515
-200281627 -700796533
#r 0 5.4426383448
-712230836 221529366
#r 0 6.2213734406
-712230836 220529366
#r 0 1.6992986923
-712361092 221537428
#r 0 6.0418368877
-780382671 126943689
#r 0 6.2419986180
-780382671 125943689
#r 0 1.1667524026
-779962506 126926374
#r 0 5.4507727989
-236286024 -513307999
#r 0 5.1710953022
-236286024 -512307999
#r 0 5.9735441667
-236872527 -512120358
#r 0 1.2568086979
432125842 146983063
#r 0 4.4728699033
432125842 145983063
#r 0 2.4558541587
431922304 146149597
#r 0 2.9057118289
-261116530 -918750953
#r 0 1.1192281064
-261116530 -917750953
#r 0 6.2078408768
-260648668 -917786271
#r 0 0.9414463249
118024946 613168088
#r 0 0.7484174790
118024946 612168088
#r 0 1.4668664503
118140439 613275340
#r 0 0.7822251042
-464226731 -787773296
#r 0 1.5399707591
-464226731 -786773296
#r 0 2.2328757001
-464197069 -786811351
#r 0 2.1497871013
-243669211 -909135288
#r 0 1.0496185205
-243669211 -908135288
#r 0 0.5442306903
-242789379 -907602818
#r 0 2.5625216197
-477273716 873997373
#r 0 5.4451282893
-477273716 872997373
#r 0 4.7320881141
-477293859 874019757
#r 0 6.2627075283
-723337552 322551553
#r 0 4.8131425757
-723337552 321551553
#r 0 4.9761711315
-723175973 320953280
#r 0 4.8916501716
-109826943 -461038229
#r 0 1.8274709601
-109826943 -460038229
#r 0 1.7726828543
-108897361 -464579981
#r 0 5.3321785439
273596302 -710435175
#r 0 2.5666754193
273596302 -709435175
#r 0 0.0980536864
272256353 -709566985
#r 0 3.3621502747
-495340295 -231301155
#r 0 2.7770457775
-495340295 -230301155
#r 0 2.8279096642
-512819866 -224630901
#r 0 2.6897891272
-335666797 -774290530
#r 0 1.5156148029
-335666797 -773290530
#r 0 0.2040079428
-335610921 -773278970
#r 0 2.1389522608
-44434562 -424288087
#r 0 4.2400975725
-44434562 -423288087
#r 0 4.2858830805
-48546474 -432337214
#r 0 4.2254640772
482272679 648017210
#r 0 3.6619327933
482272679 647017210
#r 0 2.8238021012
481163973 647381907
#r 0 4.4400908663
-848718430 -335529233
#r 0 1.0238383109
-848718430 -334529233
#r 0 0.2973864216
-847969791 -334299794
#r 0 0.5386440198
-538168394 -366123595
#r 0 1.0333641927
-538168394 -365123595
#r 0 5.7423444827
-537729525 -365387168
#r 0 4.8663355772
780704324 -493859950
#r 0 5.6207496062
780704324 -492859950
#r 0 1.7364072337
780896523 -494009868
#r 0 5.6901701767
101574837 -660299922
#r 0 2.0679743320
101574837 -659299922
#r 0 4.6193100661
101495190 -660153146
#r 0 4.8000039377
274165912 -778182756
#r 0 2.9632988900
274165912 -777182756
#r 0 2.5348465596
276111895 -778533436
#r 0 5.3359113727
-30247511 -354320033
#r 0 2.4726415609
-30247511 -353320033
#r 0 4.3976845879
-30506408 -354115362
#r 0 4.2290928406
196232884 -273237791
#r 0 1.5564757643
196232884 -272237791
#r 0 5.3214959055
196246917 -272257908
#r 0 0.7336120313
-43571381 -254057842
#r 0 1.2004101183
-43571381 -253057842
#r 0 4.4025329537
-45395951 -258756617
#r 0 3.1181531567
245238934 77228773
#r 0 6.1796182418
245238934 76228773
#r 0 5.8946175848
241964997 77569063
#r 0 3.8999218023
691449954 36763389
#r 0 3.6501130407
691449954 35763389
#r 0 2.1214186409
690992536 36508416
#r 0 2.2082645230
305194638 -415436078
#r 0 3.5419176123
305194638 -414436078
#r 0 3.3899920388
311092997 -412940032
#r 0 4.8614464548
326597884 -216545057
#r 0 1.2478105022
326597884 -215545057
#r 0 1.2799062809
323761144 -225020364
#r 0 5.9432845207
48717586 -293671845
#r 0 2.2689325174
48717586 -292671845
#r 0 5.1382363187
49704927 -294848502
#r 0 0.4869836676
530625494 -89118625
#r 0 5.0140845898
530625494 -88118625
#r 0 5.6341752391
530218125 -87809577
#r 0 3.4205659124
42124448 645983829
#r 0 0.7691614708
42124448 644983829
#r 0 3.7755373220
37830185 641826799
#r 0 0.7896164370
-178491570 670902010
#r 0 1.8680421841
-178491570 669902010
#r 0 0.4756822534
-178226998 670038301
#r 0 4.9340948583
78464923 432039983
#r 0 5.6886761011
78464923 431039983
#r 0 5.9417084447
81583036 429931807
#r 0 1.3754791369
160031141 -417843750
#r 0 3.8942697322
160031141 -416843750
#r 0 0.9340777250
157625771 -420096642
#r 0 5.3224406191
-430166093 553065446
#r 0 3.6000146860
-430166093 552065446
#r 0 3.5888070021
-502311063 517462986
#r 0 3.7778780135
17710008 853207122
#r 0 5.3470876418
17710008 852207122
#r 0 5.8725584078
18793785 851735271
#r 0 1.1444394274
14875479 -715975258
#r 0 6.0388088262
14875479 -714975258
#r 0 2.1892405096
15740533 -716190968
#r 0 1.8075412255
-415569731 -638404763
#r 0 1.7889207031
-415569731 -637404763
#r 0 1.9408034833
-416086947 -636071289
#r 0 1.7861739928
-773961145 -176289730
#r 0 5.5441478085
-773961145 -175289730
#r 0 1.2660155480
-774205635 -176066920
#r 0 6.0634317743
940988252 -325744210
#r 0 3.1145822463
940988252 -324744210
#r 0 2.5174296174
942430846 -325783185
#r 0 2.5553302993
-826089410 389315028
#r 0 5.5651466189
-826089410 388315028
#r 0 5.5896104366
-802415107 368633067
#r 0 0.7069668059
787581078 -76307990
#r 0 4.1394902447
787581078 -75307990
#r 0 4.6727663930
787538839 -76373470
#r 0 0.7136870667
-720594767 -54294382
#r 0 5.6442146257
-720594767 -53294382
#r 0 1.6121862125
-720552039 -54326127
#r 0 5.5608256804
594911311 732837332
#r 0 4.0163171929
594911311 731837332
#r 0 3.1372686314
594078724 731840932
#r 0 3.8959491913
288809318 -738112341
#r 0 0.4308509039
288809318 -737112341
#r 0 0.5678416451
283200049 -740690649
#r 0 0.7338279855
-344837829 -486706031
#r 0 6.1451602877
-344837829 -485706031
#r 0 2.6113468764
-342602388 -487016552
#r 0 0.7570047811
-62712054 -847301326
#r 0 4.8226965586
-62712054 -846301326
#r 0 1.8239961720
-62905700 -845552947
#r 0 4.9364288643
-250419138 -693493865
#r 0 0.1775084363
-250419138 -692493865
#r 0 5.6564243491
-249312407 -693295321
#r 0 0.4569589985
366755340 -91389671
#r 0 4.5044169586
366755340 -90389671
#r 0 4.5670316179
366277388 -93654596
#r 0 4.1870188313
961566412 68953195
#r 0 4.3195366399
961566412 67953195
#r 0 3.8832944530
960898388 67341141
#r 0 3.9407346368
597164501 -516317146
#r 0 3.9897378670
597164501 -515317146
#r 0 4.0865597903
593156942 -520862052
#r 0 1.2858839955
-877313621 -335845740
#r 0 5.2014726737
-877313621 -334845740
#r 0 0.8765017717
-877638293 -335235698
#r 0 0.1055210381
-380835327 -806301119
#r 0 2.4081010103
-380835327 -805301119
#r 0 2.7797115695
-382748568 -804576858
#r 0 0.4075397224
822465216 -184570263
#r 0 3.4614268441
822465216 -183570263
#r 0 6.0338917115
824172298 -184004868
#r 0 6.0038390303
186036512 447263379
#r 0 5.2974227984
186036512 446263379
#r 0 4.7583994975
185987029 447338082
#r 0 4.7858031285
-324336703 -906969741
#r 0 0.4811192177
-324336703 -905969741
#r 0 2.4444420917
-323601119 -906585741
#r 0 1.0090239533
-23877194 30146238
#r 0 0.5901795928
-23877194 29146238
#r 0 4.8204742388
-23978350 30078482
#r 0 2.7080258271
-646955563 126488175
#r 0 2.1036192621
-646955563 125488175
#r 0 0.5439300160
-646520878 125751066
#r 0 1.3253200128
647455009 119171730
#r 0 2.3081199029
647455009 118171730
#r 0 2.2506554972
640095630 127275044
#r 0 2.1881807571
-614105525 708095676
#r 0 5.8407690139
-614105525 707095676
#r 0 4.7982961701
-614195307 708138209
#r 0 4.9629263104
-144601442 -246545691
#r 0 5.1538826289
-144601442 -245545691
#r 0 5.1563290807
-219616943 -87818504
#r 0 3.8983384367
-755786970 456770808
#r 0 0.1622897906
-755786970 455770808
#r 0 0.3708325899
-751344333 457498200
#r 0 5.2718471403
-942398078 -178453409
#r 0 0.0356689885
-942398078 -177453409
#r 0 5.0544972885
-942046436 -178440861
#r 0 0.7576354386
711522906 98276513
#r 0 3.5508838918
711522906 97276513
#r 0 4.0642750529
712650544 98765670
#r 0 2.5373696448
-865732126 -389513957
#r 0 5.0768615932
-865732126 -388513957
#r 0 6.2266776505
-866122059 -388491899
#r 0 6.0182835221
457994694 -775492143
#r 0 1.3470904417
457994694 -774492143
#r 0 0.9674934196
458334374 -773999137
#r 0 3.8126924254
223679184 -734348721
#r 0 0.2702815823
223679184 -733348721
#r 0 1.2532014701
223317523 -734448923
#r 0 0.3103044836
590989480 604339845
#r 0 2.5434637048
590989480 603339845
#r 0 3.9354314803
591578263 603938652
#r 0 3.4086617705
33739637 326385330
#r 0 4.0226128326
33739637 325385330
#r 0 6.1990531816
32968336 325450375
#r 0 0.0915651576
107088828 -31836439
#r 0 0.2728075976
107088828 -30836439
#r 0 1.1941191023
106644037 -31960884
#r 0 0.7109282714
-86557720 15314172
#r 0 4.2044341367
-86557720 14314172
#r 0 4.4932055409
-86186348 15981295
#r 0 5.1813823507
187576655 288198927
#r 0 5.0919203827
187576655 287198927
#r 0 3.5895202585
187911373 287359760
#r 0 1.7178113981
376013911 294524797
#r 0 4.1221646399
376013911 293524797
#r 0 4.1309933952
410634269 346206183
#r 0 5.7440023944
278966036 620220652
#r 0 5.4067797755
278966036 619220652
#r 0 4.8384187514
278816598 620400105
#r 0 1.7372591424
-721859489 -551390151
#r 0 5.8210351932
-721859489 -550390151
#r 0 4.3088256103
-722211595 -551214756
#r 0 6.1640579413
388898961 -22604958
#r 0 1.6611103029
388898961 -21604958
#r 0 2.2097396085
388795829 -21466135
#r 0 4.5211795016
-862956667 140643757
#r 0 5.8362856384
-862956667 139643757
#r 0 0.7985089738
-862292572 140325498
#r 0 0.5578654024
-64393835 -548376194
#r 0 5.6927441347
-64393835 -547376194
#r 0 3.4546389417
-65399988 -547701875
#r 0 3.4091711760
-682022435 430113840
#r 0 4.5998881505
-682022435 429113840
#r 0 5.6140660398
-682126147 429195857
#r 0 0.5048212077
129522077 617343422
#r 0 1.3529622397
129522077 616343422
#r 0 1.5293041806
129573177 617574284
#r 0 1.2038629856
-709725211 -135667791
#r 0 4.9058782134
-709725211 -134667791
#r 0 5.8957684987
-709938179 -134580892
#r 0 5.8509945202
882172595 169931446
#r 0 4.5105827338
882172595 168931446
#r 0 3.9977931166
881904866 168622844
#r 0 4.4305829519
29768177 179516482
#r 0 2.0956195542
29768177 178516482
#r 0 3.4232669958
30264078 178659980
#r 0 1.3403392572
258981388 553416150
#r 0 0.2494382322
258981388 552416150
#r 0 0.3777810148
266018765 555208877
#r 0 4.1891824482
867622611 474026919
#r 0 3.5586986315
867622611 473026919
#r 0 4.5626408774
867784298 474098564
#r 0 4.6219477924
494169261 705240858
#r 0 3.2302311906
494169261 704240858
#r 0 2.1392719791
493564760 705187135
#r 0 4.6985171032
122469093 -725635014
#r 0 3.6284429238
122469093 -724635014
#r 0 3.6084060094
161861487 -704782687
#r 0 2.2498155032
-603116602 -663308573
#r 0 0.0930329419
-603116602 -662308573
#r 0 1.6353193200
-603052377 -663302581
#r 0 1.7325265516
-145539966 -887360284
#r 0 2.6191979958
-145539966 -886360284
#r 0 1.7517805952
-145335431 -887478044
#r 0 0.0205224654
682414660 608429595
#r 0 4.3117814087
682414660 607429595
#r 0 2.3613451129
682116239 607724957
#r 0 3.6659300262
-490982295 -354183775
#r 0 5.3047078362
-490982295 -353183775
#r 0 5.8504144235
-491958778 -352732660
#r 0 1.6759307441
-802812116 -220135267
#r 0 5.3803166772
-802812116 -219135267
#r 0 5.5637121070
-805366571 -216897216
#r 0 1.1398503532
250470454 471718324
#r 0 4.3137735301
250470454 470718324
#r 0 4.9073066883
250336038 471399170
#r 0 4.1742803553
439852827 37625603
#r 0 2.3027450981
439852827 36625603
#r 0 4.2950440059
440149705 37295164
#r 0 2.0848987212
-160210028 -311873695
#r 0 1.1880475139
-160210028 -310873695
#r 0 1.0377086988
-158942802 -308726116
#r 0 1.1827743230
378118500 -176315695
#r 0 2.2012369591
378118500 -175315695
#r 0 2.2422699115
369178000 -164064907
#r 0 2.4247473826
-866575725 -214630372
#r 0 0.0068642550
-866575725 -213630372
#r 0 0.4627344909
-868608267 -214644324
#r 0 5.0201155759
135413484 36622920
#r 0 2.9875620881
135413484 35622920
#r 0 2.1208695947
134735754 36728145
#r 0 5.5272408741
133848038 926203271
#r 0 5.7894486786
133848038 925203271
#r 0 5.8882847059
142085114 921770098
#r 0 4.6851908315
152317393 -838586251
#r 0 2.1878653839
152317393 -837586251
#r 0 2.2454050887
146032727 -829728289
#r 0 2.4122849645
866394399 -388688067
#r 0 2.5298165826
866394399 -387688067
#r 0 2.5728612123
850365043 -377442419
#r 0 2.4377712951
-110683473 -855371776
#r 0 5.6403489013
-110683473 -854371776
#r 0 1.9975051626
-109994086 -855888101
#r 0 5.7423103532
-778756986 -564076853
#r 0 5.0350688425
-778756986 -563076853
#r 0 6.0458208170
-779120780 -562988842
#r 0 0.3523655047
-737950047 -439455128
#r 0 0.2419630342
-737950047 -438455128
#r 0 4.5055287646
-738171372 -439509751
#r 0 5.4559250482
-609784449 -471338019
#r 0 3.9006653933
-609784449 -470338019
#r 0 1.6383664851
-609720858 -471277691
#r 0 3.8396670250
-23189346 649857189
#r 0 0.9239263172
-23189346 648857189
#r 0 5.3041713955
-23544990 649386310
#r 0 2.3164259188
919027675 186956176
#r 0 3.6621240061
919027675 185956176
#r 0 3.9209096703
921439385 188338731
#r 0 2.1583777160
-462062882 -817316296
#r 0 0.6717974136
-462062882 -816316296
#r 0 2.0265342141
-461710194 -817035844
#r 0 0.6050428892
-122964257 -333624352
#r 0 2.1982116337
-122964257 -332624352
#r 0 1.8241626146
-122561524 -334179720
#r 0 5.2953670264
-340634393 559951828
#r 0 3.3845918528
-340634393 558951828
#r 0 4.5155908420
-340424647 560003823
#r 0 3.6458154577
-909594700 -252680642
#r 0 5.3274820829
-909594700 -251680642
#r 0 1.2476245821
-909821910 -252359055
#r 0 5.1632372099
43912064 302995607
#r 0 0.7514259642
43912064 301995607
#r 0 2.6185035230
43250222 302377272
#r 0 6.1468947989
117420708 890129395
#r 0 1.9204752399
117420708 889129395
#r 0 1.8801026882
114836925 897214762
#r 0 4.7866014395
-468178342 -347725758
#r 0 4.9886000599
-468178342 -346725758
#r 0 5.6198358002
-468542456 -346441208
#r 0 4.8866805604
71200613 -222501511
#r 0 2.3411278390
71200613 -221501511
#r 0 1.3953182591
71050704 -222347015
#r 0 4.3435677475
-243623499 -789879633
#r 0 0.3982708920
-243623499 -788879633
#r 0 0.5006360884
-251536632 -793209135
#r 0 0.5388605908
-769324329 107708350
#r 0 1.3564044488
-769324329 106708350
#r 0 0.9084179380
-769626399 106321043
#r 0 5.2399831941
635566251 196520845
#r 0 4.2364256495
635566251 195520845
#r 0 4.1303436111
633187354 191906026
#r 0 4.1378532240
195202581 -473800941
#r 0 3.4439950379
195202581 -472800941
#r 0 0.9694260918
194329551 -474073301
#r 0 3.8354616998
308865562 -904406367
#r 0 5.8916261232
308865562 -903406367
#r 0 6.0323221308
302480565 -901770138
#r 0 5.8861196493
710295145 -265660052
#r 0 1.8910943760
710295145 -264660052
#r 0 6.1462377397
709947534 -264612148
#r 0 5.4988374930
-659887626 -690524746
#r 0 2.4502198225
-659887626 -689524746
#r 0 6.0295413185
-661646890 -689068697
#r 0 1.0467655530
582191960 -738122481
#r 0 3.1343469318
582191960 -737122481
#r 0 1.7133873679
582335675 -738123522
#r 0 2.7690157559
619956929 619639294
#r 0 4.7113149357
619956929 618639294
#r 0 2.9062199733
619955855 618639552
#r 0 4.8833652267
279378978 182926265
#r 0 1.6717572835
279378978 181926265
#r 0 1.8913034931
279524779 181487042
#r 0 3.7292881384
-31041134 -356688329
#r 0 2.4122444760
-31041134 -355688329
#r 0 2.4429692190
-49626275 -340077964
#r 0 4.3343040264
531322273 778893238
#r 0 3.3355593773
531322273 777893238
#r 0 2.8837211780
529149211 778466369
#r 0 4.5762520554
-409016762 -551302065
#r 0 4.4325171832
-409016762 -550302065
#r 0 4.3908235594
-406922218 -544014552
#r 0 5.5342523436
-242530425 -410578653
#r 0 3.0421583764
-242530425 -409578653
#r 0 5.6074880007
-241105531 -410720805
#r 0 1.3595284116
280793211 -921368331
#r 0 2.4446954732
280793211 -920368331
#r 0 2.4159762185
300770841 -938089569
#r 0 2.4438096882
730390034 137322819
#r 0 2.5898788739
730390034 136322819
#r 0 2.9387491824
732830287 135820927
#r 0 5.2780229411
336241334 349827929
#r 0 1.6594031035
336241334 348827929
#r 0 5.9316460049
336333166 348794248
#r 0 4.4615074094
182629508 -60733374
#r 0 0.8937608585
182629508 -59733374
#r 0 1.0861299735
181102778 -62632836
#r 0 5.7500135584
-14583895 -391538609
#r 0 4.9935215750
-14583895 -390538609
#r 0 4.2161791780
-14772222 -390886466
#r 0 4.7676585172
-529968658 -541423045
#r 0 3.7362388405
-529968658 -540423045
#r 0 3.7072212698
-505864936 -525121559
#r 0 1.0862001065
-295721070 -115687762
#r 0 1.9500769883
-295721070 -114687762
#r 0 6.1099005926
-296149542 -114612762
#r 0 6.1550723145
-860392259 105310463
#r 0 1.0294443945
-860392259 104310463
#r 0 0.3301241717
-861149556 104050965
#r 0 5.1402035936
134282577 690186611
#r 0 1.6486629253
134282577 689186611
#r 0 1.5089185177
134317111 689744002
#r 0 1.5735728751
120775521 105317247
#r 0 1.4163318603
120775521 104317247
#r 0 0.0982465727
120617389 104301661
#r 0 0.5130174977
705482076 -427802156
#r 0 0.9980597858
705482076 -426802156
#r 0 3.3254200696
706214755 -426665932
#r 0 2.6317870208
67711290 -820628312
#r 0 5.0387020840
67711290 -819628312
#r 0 5.0320983905
82967528 -865710348
#r 0 0.5922477864
433987350 508403551
#r 0 4.3152405035
433987350 507403551
#r 0 3.9150822383
433276967 506709889
#r 0 5.1833489184
-118050258 19266698
#r 0 1.1204727983
-118050258 18266698
#r 0 4.3451809568
-116168033 23159983
#r 0 4.2794609942
-797637337 -148047045
#r 0 5.9775408292
-797637337 -147047045
#r 0 5.5180662780
-796086254 -148536461
#r 0 6.1931048210
-297627869 -312378482
#r 0 2.8479828871
-297627869 -311378482
#r 0 3.7087973988
-298692401 -312056623
#r 0 0.8764051645
526708312 738674488
#r 0 3.1261153411
526708312 737674488
#r 0 3.7586382816
528087743 738653136
#r 0 3.1974324194
902408713 326691638
#r 0 3.6910819800
902408713 325691638
#r 0 4.7321638016
902389172 326679671
#r 0 3.2446339466
194389026 724215994
#r 0 2.9678417084
194389026 723215994
#r 0 0.1127242140
197852530 723608077
#r 0 2.9337154273
479784988 -770379991
#r 0 0.4397463637
479784988 -769379991
#r 0 3.8009600103
476502220 -771924437
#r 0 3.6904112279
-131810955 348029062
#r 0 0.0724719483
-131810955 347029062
#r 0 1.0886556521
-131266952 348068556
#r 0 1.3531109748
586522933 -217901995
#r 0 3.4725652055
586522933 -216901995
#r 0 2.8181477431
587996058 -217395812
#r 0 5.6835432966
-187748036 23994930
#r 0 1.7794057116
-187748036 22994930
#r 0 4.7922966464
-187876837 24603376
#r 0 5.0157405181
352205545 -810872443
#r 0 1.5379689866
352205545 -809872443
#r 0 1.5354912518
352673119 -796634131
#r 0 4.5577040813
-281264150 625950435
#r 0 4.8707607230
-281264150 624950435
#r 0 4.6040745003
-281199457 625545368
#r 0 4.4665892386
805993669 -555805939
#r 0 0.7031063567
805993669 -554805939
#r 0 0.5773282323
811089055 -551487026
#r 0 0.7267350886
109176579 830254230
#r 0 5.5914373191
109176579 829254230
#r 0 4.9718212619
108836376 830536013
#r 0 4.9671114179
454603456 -115132683
#r 0 1.0763695195
454603456 -114132683
#r 0 0.1290701198
455183101 -114057450
#r 0 3.8937240631
-841858840 456991149
#r 0 5.7547119013
-841858840 455991149
#r 0 5.9849699264
-838242023 454879405
#r 0 6.2752614620
-394302774 -111391377
#r 0 0.6594183888
-394302774 -110391377
#r 0 6.0524518989
-393312764 -110623947
#r 0 0.7872869179
-44928054 515757560
#r 0 4.5737612956
-44928054 514757560
#r 0 4.0781536237
-45100233 514523501
#r 0 4.3170806817
-121117037 -740886462
#r 0 2.6818923398
-121117037 -739886462
#r 0 2.6756421089
6982676 -804305501
#r 0 2.1069719191
-104972969 -794518837
#r 0 1.1292961930
-104972969 -793518837
#r 0 2.1116620200
-104708480 -793959207
#r 0 2.5821070767
-228728329 -70115130
#r 0 3.6317368427
-228728329 -69115130
#r 0 2.8938176153
-227456949 -69436755
#r 0 2.9250782002
211817052 -353830981
#r 0 0.2774306215
211817052 -352830981
#r 0 1.4674783252
211710210 -353861407
#r 0 2.6186650416
714039536 -444378998
#r 0 1.1285813017
714039536 -443378998
#r 0 1.0519576138
716811688 -438524269
#r 0 0.8626514594
210279624 -719446913
#r 0 1.9908737641
210279624 -718446913
#r 0 3.2987354084
209862481 -718513009
#r 0 3.2675915392
-252990652 907596128
#r 0 5.0578257077
-252990652 906596128
#r 0 5.0882984744
-248910667 896258609
#r 0 5.1094176978
-111775591 385835601
#r 0 1.6487683599
-111775591 384835601
#r 0 1.6367866596
-112204293 391322608
#r 0 1.6595434472
-751715650 246572132
#r 0 0.8986941059
-751715650 245572132
#r 0 0.9135437779
-726098415 278767467
#r 0 0.8919824427
734240015 -107718197
#r 0 2.1664420525
734240015 -106718197
#r 0 0.6361286282
733788341 -107051778
#r 0 3.1057918184
451097033 876365304
#r 0 2.7716590731
451097033 875365304
#r 0 2.6561377254
443942796 879139622
#r 0 2.7083547259
-213751703 -188883800
#r 0 6.2019794960
-213751703 -187883800
#r 0 0.0313531590
-222621023 -188161972
#r 0 5.5881533742
-871609781 -439190600
#r 0 5.8274836345
-871609781 -438190600
#r 0 0.3859225922
-872725350 -438643852
#r 0 0.5152715405
873731973 -187795839
#r 0 4.4858916076
873731973 -186795839
#r 0 3.1855900408
873964787 -186785589
#r 0 3.3327666503
476321941 -514170025
#r 0 3.6223974344
476321941 -513170025
#r 0 4.6833199122
476292416 -514185426
#r 0 4.1720690205
648529161 -258031637
#r 0 4.5013408950
648529161 -257031637
#r 0 2.2179343341
648696079 -257252516
#r 0 6.1917349243
-947200162 54478327
#r 0 0.8716251132
-947200162 53478327
#r 0 0.5808413115
-949076795 52246558
#r 0 0.7752711076
-72923073 965837855
#r 0 3.6981426699
-72923073 964837855
#r 0 0.1346567669
-74977823 964559484
#r 0 3.6791839298
533900477 -572149686
#r 0 4.1276989442
533900477 -571149686
#r 0 0.6746154741
535306897 -570024840
#r 0 4.0852757136
-787439174 -505763987
#r 0 0.3648641462
-787439174 -504763987
#r 0 1.3971272499
-787627211 -505835811
#r 0 5.1042839803
-244124713 -774407860
#r 0 0.1367759077
-244124713 -773407860
#r 0 0.4425096013
-247099003 -774817227
#r 0 0.4932222070
912688030 366379819
#r 0 4.4833715188
912688030 365379819
#r 0 3.9043268695
912388108 365093193
#r 0 3.1437626180
65744808 676218049
#r 0 0.5669018097
65744808 675218049
#r 0 5.5055608534
65127973 675825368
#r 0 0.5600931570
-530446177 836542796
#r 0 5.3498839626
-530446177 835542796
#r 0 4.6766983932
-530412113 836496805
#r 0 4.6245551309
-415563059 -298865844
#r 0 2.5891608400
-415563059 -297865844
#r 0 4.2900408273
-415914963 -298648911
#r 0 2.4909578858
-886033412 -228132643
#r 0 1.1582069285
-886033412 -227132643
#r 0 1.0132450660
-884564689 -224777197
#r 0 6.1602153783
-277974413 -935647969
#r 0 0.9346564542
-277974413 -934647969
#r 0 2.3164586595
-277564037 -935092326
#r 0 2.3880876271
200104270 740576328
#r 0 3.3302917030
200104270 739576328
#r 0 6.1193871696
197297253 740040269
#r 0 4.7373651798
-138670661 -326693416
#r 0 1.6172080500
-138670661 -325693416
#r 0 4.7621918421
-139351747 -312029089
#r 0 1.5831056139
-420259027 -893966584
#r 0 6.2436765708
-420259027 -892966584
#r 0 1.5277448882
-420302032 -893964884
#r 0 1.9591484233
-798050443 -196980374
#r 0 1.1327848819
-798050443 -195980374
#r 0 6.1469157648
-797610352 -196040719
#r 0 5.3247254372
-402542994 -134498653
#r 0 2.2428428316
-402542994 -133498653
#r 0 0.7457856316
-403001566 -133922261
#r 0 5.8055627609
508744237 816338581
#r 0 2.5230746965
508744237 815338581
#r 0 4.4883436562
508940311 816199040
#r 0 3.3785948103
-397593185 913590386
#r 0 0.1304587405
-397593185 912590386
#r 0 4.8141354909
-397693934 913577167
#r 0 5.4778282597
-443314379 -868631678
#r 0 1.7572210739
-443314379 -867631678
#r 0 2.0835034330
-443598039 -867127769
#r 0 1.9352190655
-533147680 613971414
#r 0 5.2535710479
-533147680 612971414
#r 0 0.7560026484
-532764048 613333130
#r 0 4.7719825461
-770932227 -336799630
#r 0 0.5263283270
-770932227 -335799630
#r 0 5.3510921367
-770413485 -336498244
#r 0 1.3318100267
-313801222 -169811900
#r 0 1.2582113980
-313801222 -168811900
#r 0 1.5452588237
-313828957 -169897719
#r 0 4.9817639317
396351162 236536477
#r 0 0.7393691483
396351162 235536477
#r 0 0.6209631978
391263897 231897230
#r 0 0.7546421575
653214263 -656222690
#r 0 3.2556522975
653214263 -655222690
#r 0 1.7789341379
653420470 -656199068
#r 0 3.2168138998
-126037657 252119065
#r 0 4.1040093119
-126037657 251119065
#r 0 4.7173591494
-126042592 252111980
#r 0 1.3857111928
795662488 -210263076
#r 0 3.9292672250
795662488 -209263076
#r 0 4.4485938524
795291831 -210635424
#r 0 0.3992106635
-552602322 134431660
#r 0 1.8778508251
-552602322 133431660
#r 0 0.5026870585
-552332311 133580111
#r 0 1.7761241034
-25074801 475442830
#r 0 3.6841027563
-25074801 474442830
#r 0 0.2470989437
-27927113 473723323
#r 0 4.1609696332
-581753711 58339560
#r 0 1.3978100896
-581753711 57339560
#r 0 1.4170757822
-580385649 66169019
#r 0 4.7511416783
-123676106 -141587957
#r 0 2.5119600804
-123676106 -140587957
#r 0 3.0094388343
-125355019 -140364782
#r 0 6.2239859847
-770394741 -202777594
#r 0 0.2994622243
-770394741 -201777594
#r 0 5.6035045640
-769499390 -202501157
#r 0 5.5839868526
226219170 40973701
#r 0 3.4840503581
226219170 39973701
#r 0 1.4782856666
226315119 41007907
#r 0 5.2772439737
-730767039 -317649186
#r 0 5.9990856151
-730767039 -316649186
#r 0 0.3653415106
-732249593 -317216283
#r 0 4.7015215980
313987082 -595303530
#r 0 5.1617710254
313987082 -594303530
#r 0 5.8751691423
313377754 -594040133
#r 0 5.1101655495
422385780 609464897
#r 0 4.0704948243
422385780 608464897
#r 0 2.5706739364
421880748 608789262
#r 0 2.6810074067
-283682688 -708434606
#r 0 6.0994928652
-283682688 -707434606
#r 0 5.6143601134
-282028584 -708741917
#r 0 2.4370384519
-165174039 -771223105
#r 0 1.1224401083
-165174039 -770223105
#r 0 0.9352079255
-163791539 -768349060
#r 0 1.1378842285
-595802012 -385074130
#r 0 5.6852765184
-595802012 -384074130
#r 0 6.0852514224
-597883129 -383656741
#r 0 4.1266652009
277214466 -802769623
#r 0 4.6989524742
277214466 -801769623
#r 0 5.4542025740
277227709 -801784074
#r 0 5.1887207384
-49223034 10182434
#r 0 2.4575741416
-49223034 9182434
#r 0 4.1182636864
-48787420 9827265
#r 0 3.8097845996
606551053 -19018638
#r 0 4.1358227222
606551053 -18018638
#r 0 1.4921296194
606461349 -19156586
#r 0 1.4498603542
-355498144 909755308
#r 0 5.7710844936
-355498144 908755308
#r 0 5.9499618335
-350868291 907152774
#r 0 4.6096959150
47076853 -733059593
#r 0 6.1038341161
47076853 -732059593
#r 0 1.9960274863
47570222 -733149040
#r 0 6.0861448988
-374230082 240356462
#r 0 2.7868105368
-374230082 239356462
#r 0 2.8187410454
-346375046 230037360
#r 0 2.6945666152
57914385 673072022
#r 0 5.0308032360
57914385 672072022
#r 0 4.9998379104
55047660 681768806
#r 0 0.6206849218
-434227853 -134865342
#r 0 3.8155564189
-434227853 -133865342
#r 0 1.9732975441
-433910146 -134611581
#r 0 3.8808345629
-803935016 3201268
#r 0 6.0681865616
-803935016 2201268
#r 0 5.6117518761
-805670476 3580247
#r 0 4.8957503273
612533705 664406426
#r 0 4.1687585898
612533705 663406426
#r 0 2.9989966181
611977585 663486268
#r 0 3.4440276708
-128789750 -864403732
#r 0 5.9898055714
-128789750 -863403732
#r 0 0.4215736724
-130122091 -864001235
#r 0 1.7653154659
49745228 181238661
#r 0 0.1920643298
49745228 180238661
#r 0 5.4059882815
49029534 181099486
#r 0 0.1013948473
582907428 511612935
#r 0 4.9581088393
582907428 510612935
#r 0 5.0320146568
583942569 507485375
#r 0 3.0175144924
616180789 -199370439
#r 0 1.5059658650
616180789 -198370439
#r 0 2.9170473781
616244762 -198385050
#r 0 0.0775688781
144982153 -279834439
#r 0 4.0529524373
144982153 -278834439
#r 0 3.0928705163
145729121 -278870862
#r 0 2.3551380817
-152837913 140842892
#r 0 3.5087368601
-152837913 139842892
#r 0 3.4787384989
-182204280 129549134
#r 0 3.3090582859
549838263 -730153584
#r 0 3.7843029697
549838263 -729153584
#r 0 2.4640945170
550482055 -729671535
#r 0 2.5675676139
-591139324 -247371007
#r 0 5.7529174367
-591139324 -246371007
#r 0 0.3369497035
-592207032 -246745034
#r 0 0.5023298912
-753947354 98952221
#r 0 0.4194543163
-753947354 97952221
#r 0 0.4783271966
-740167233 105097028
#r 0 1.4692155773
-98352464 -743450637
#r 0 4.9982024268
-98352464 -742450637
#r 0 3.3756285086
-98627084 -742516108
#r 0 2.7670605573
611104978 -524723090
#r 0 4.0874249365
611104978 -523723090
#r 0 1.2161970830
610344375 -525777390
#r 0 3.9334621378
-276948858 -364114257
#r 0 5.0311078768
-276948858 -363114257
#r 0 4.2630889184
-277144765 -363520542
#r 0 3.4468381041
-558362802 302376104
#r 0 3.1269548686
-558362802 301376104
#r 0 3.1638842844
-531287592 301979755
#r 0 3.1819593776
-267275647 10250653
#r 0 4.0045652421
