701687785 -541700890
#r 0 2.6229476314
701687785 -540700890
#r 0 2.9196486935
698790096 -540046993
#r 0 1.4991888312
-499127383 633119407
#r 0 1.5651443565
-499127383 632119407
#r 0 6.2300851026
-499133033 632119707
#r 0 1.4749376933
-483608482 -622730427
#r 0 0.4077605710
-483608482 -621730427
#r 0 2.3873182387
-482879398 -622415484
#r 0 6.1972583241
-400050622 -282770132
#r 0 0.3041458654
-400050622 -281770132
#r 0 1.7328964120
-399895072 -282721307
#r 0 0.7526538131
301295572 728310821
#r 0 3.4797428804
301295572 727310821
#r 0 4.3834789335
301683432 728447215
#r 0 1.5548251283
538670319 187274473
#r 0 4.6317912976
538670319 186274473
#r 0 4.4559353638
538553591 185829334
#r 0 4.5292019219
-356518068 -65592954
#r 0 1.0150826680
-356518068 -64592954
#r 0 1.1025723608
-359242827 -69980689
#r 0 0.2867022336
-276446552 932869643
#r 0 6.0304843187
-276446552 931869643
#r 0 5.8857091785
-282634657 934467542
#r 0 5.9785478593
-550539604 -271667289
#r 0 0.8841511306
-550539604 -270667289
#r 0 0.9705048649
-554691722 -276732629
#r 0 0.9334566844
-618319202 -169265767
#r 0 1.7247591099
-618319202 -168265767
#r 0 0.7681549379
-618454159 -168396148
#r 0 6.0080264933
755102565 -188650360
#r 0 2.9248100524
755102565 -187650360
#r 0 2.8344444922
765417974 -190922262
#r 0 3.9757626319
380790345 -501424583
#r 0 1.3085963334
380790345 -500424583
#r 0 3.5407257487
381092980 -500296940
#r 0 1.9116061817
-579009961 358478730
#r 0 2.2771585753
-579009961 357478730
#r 0 2.2863067370
-532465297 303927152
#r 0 4.0658608899
299350043 -849072587
#r 0 0.9437138965
299350043 -848072587
#r 0 1.6215583842
299397520 -849007070
#r 0 1.1354682697
547958642 -796389549
#r 0 3.2730252046
547958642 -795389549
#r 0 2.4337951404
548970889 -796255735
#r 0 1.9848870463
120566706 -818818612
#r 0 1.0918294392
120566706 -817818612
#r 0 1.1771240007
118491623 -822814548
#r 0 1.1844575572
137093106 -178832048
#r 0 1.6323145761
137093106 -177832048
#r 0 1.4646971046
137054081 -178198483
#r 0 1.4087462633
-671832205 450572368
#r 0 2.1741196137
-671832205 449572368
#r 0 1.0532153260
-671520455 450119918
#r 0 5.5242309137
-468532303 -84888903
#r 0 0.3323317563
-468532303 -83888903
#r 0 0.5059629507
-473318408 -86540742
#r 0 0.2184438693
242220329 -192797614
#r 0 5.3398158539
242220329 -191797614
#r 0 5.2770115616
247225443 -199699495
#r 0 5.2818249361
474168597 127670696
#r 0 4.9500017297
474168597 126670696
#r 0 3.4368593381
474394169 126739305
#r 0 0.1946455576
595496296 -707793242
#r 0 1.3977076525
595496296 -706793242
#r 0 2.0876240684
595630003 -707028494
#r 0 1.3012205088
677928845 -196320030
#r 0 2.9995391325
677928845 -195320030
#r 0 3.5779804021
676287865 -196085342
#r 0 0.4454788938
134234208 -184258840
#r 0 2.0277178018
134234208 -183258840
#r 0 4.2331106226
133981574 -183744960
#r 0 1.4312673002
-222667336 -46611794
#r 0 2.6683333584
-222667336 -45611794
#r 0 2.5724111838
-214839017 -50620465
#r 0 2.8242902562
219528894 970092025
#r 0 3.0446164890
219528894 969092025
#r 0 3.1014298711
237042973 968388232
#r 0 5.1616862598
-384209398 -106897359
#r 0 0.6750338839
-384209398 -105897359
#r 0 0.5762774802
-377570154 -101582774
#r 0 1.6997877902
615373946 -411111791
#r 0 3.6583237765
615373946 -410111791
#r 0 1.8415087972
615613668 -410975574
#r 0 1.9607724478
326662212 790338362
#r 0 2.0711302973
326662212 789338362
#r 0 2.0670713023
270387155 893267445
#r 0 5.4068236413
340630368 -61653550
#r 0 2.3489976920
340630368 -60653550
#r 0 0.7908143213
340136636 -61152660
#r 0 5.4144590564
-936931568 -253662529
#r 0 6.2418438318
-936931568 -252662529
#r 0 0.1034769128
-943818010 -253377671
#r 0 0.5220345813
-55698254 -527054964
#r 0 1.5923697475
-55698254 -526054964
#r 0 1.9629665514
-55721018 -525999924
#r 0 0.9620021130
-176767589 -188188183
#r 0 0.5810459937
-176767589 -187188183
#r 0 0.4998244272
-167725173 -182250350
#r 0 2.2699287929
133207554 429148051
#r 0 5.0010942940
133207554 428148051
#r 0 2.0049052006
134034034 426365320
#r 0 3.2041923347
420725815 -425022251
#r 0 2.8865234454
420725815 -424022251
#r 0 2.2115218239
421651464 -425263613
#r 0 5.6635469839
-984543034 144270826
#r 0 6.1636302569
-984543034 143270826
#r 0 4.7363809211
-984567100 144273717
#r 0 1.0020193365
366737756 485628537
#r 0 5.6927463454
366737756 484628537
#r 0 1.7970057288
366465635 485810911
#r 0 4.3003843588
-649282821 -270779598
#r 0 2.7243527045
-649282821 -269779598
#r 0 0.9776790380
-649801824 -270549541
#r 0 0.3643756566
411724544 245564399
#r 0 0.8447104147
411724544 244564399
#r 0 0.8024206353
400810318 233272127
#r 0 3.5192039237
795592083 -315379132
#r 0 1.9427999638
795592083 -314379132
#r 0 1.8136183113
796270510 -317117931
#r 0 1.5630807354
-521849662 466816098
#r 0 2.9595666934
-521849662 465816098
#r 0 2.9013937675
-538279692 469840264
#r 0 2.9684376430
-558514126 -706353026
#r 0 0.2740701862
-558514126 -705353026
#r 0 0.5350593309
-561723488 -707255322
#r 0 1.7535710950
-218018041 -776753981
#r 0 4.9737740911
-218018041 -775753981
#r 0 0.9149119480
-218216543 -776011933
#r 0 1.6273977037
517252615 315449462
#r 0 2.3969126343
517252615 314449462
#r 0 0.9753406978
517669672 315065057
#r 0 1.0566583765
-836634468 79323631
#r 0 1.3349667285
-836634468 78323631
#r 0 1.2707242147
-837710264 74846763
#r 0 0.0406637404
-478957491 -425697431
#r 0 0.3269994685
-478957491 -424697431
#r 0 0.2467956073
-467495431 -421809778
#r 0 0.7114452600
744680137 283363242
#r 0 0.6714077951
744680137 282363242
#r 0 3.2232464865
743277046 282248419
#r 0 4.6946892140
787479252 -388621533
#r 0 1.9115698289
787479252 -387621533
#r 0 1.9087901260
827348474 -501053538
#r 0 2.2672935374
734374273 161323653
#r 0 4.1390581623
734374273 160323653
#r 0 5.1776436207
734091847 160886243
#r 0 3.3002280985
-835925574 -325109799
#r 0 1.3821639368
-835925574 -324109799
#r 0 2.2485015473
-835771270 -324301511
#r 0 2.3253993729
191098699 -491490599
#r 0 5.7466291487
191098699 -490490599
#r 0 1.5793237030
191107270 -491495697
#r 0 2.6947118250
76967052 -918743877
#r 0 1.0094894658
76967052 -917743877
#r 0 3.1779836578
77610554 -917720449
#r 0 3.1766743487
-458212991 -390070259
#r 0 2.6044010228
-458212991 -389070259
#r 0 0.4820248470
-459106801 -389537889
#r 0 1.8782112635
-561441965 -303326039
#r 0 1.0950161365
-561441965 -302326039
#r 0 1.1354949162
-566214773 -312588968
#r 0 1.1774817315
-143029320 -288205830
#r 0 1.8422431440
-143029320 -287205830
#r 0 2.8708348013
-143330937 -287122109
#r 0 0.6192228404
-217724255 370576245
#r 0 4.9491018843
-217724255 369576245
#r 0 5.9433826125
-217460529 369483014
#r 0 4.9703592701
231282029 -813119927
#r 0 1.9203893644
231282029 -812119927
#r 0 2.0250600335
229843509 -809174099
#r 0 2.1538097179
-173650117 941397434
#r 0 0.1994711490
-173650117 940397434
#r 0 5.2241745704
-174154543 941295460
#r 0 3.9719366834
-974261600 -135035256
#r 0 4.1946830924
-974261600 -134035256
#r 0 4.2783469668
-976752088 -139408219
#r 0 4.2917206334
-219071864 876570219
#r 0 1.0113447050
-219071864 875570219
#r 0 0.9760753097
-227504475 863103594
#r 0 0.9862676201
841216372 -245702053
#r 0 1.2291686401
841216372 -244702053
#r 0 3.7841664974
841700906 -244339354
#r 0 0.9391380497
-554460271 622376857
#r 0 5.0308087204
-554460271 621376857
#r 0 1.6715427800
-554606072 622819166
#r 0 5.1858732152
-710372218 -603481641
#r 0 5.8412201501
-710372218 -602481641
#r 0 0.1116989289
-712080600 -602673263
#r 0 6.2009489333
57367412 137137296
#r 0 4.2037601065
57367412 136137296
#r 0 4.2981333882
59447502 140867999
#r 0 4.0479413241
350298717 99524416
#r 0 0.9536401649
350298717 98524416
#r 0 1.1944669435
351190454 100781048
#r 0 2.7922338691
124361302 -505132095
#r 0 3.4135029223
124361302 -504132095
#r 0 2.2794639308
125053159 -504939194
#r 0 1.1709550334
-544744435 413022941
#r 0 3.2159149414
-544744435 412022941
#r 0 3.2047120037
-633584911 406407929
#r 0 1.3821006296
-119196968 -904270036
#r 0 3.4475900391
-119196968 -903270036
#r 0 3.4645351014
-172563388 -921129545
#r 0 4.3500664491
-804414631 -463783652
#r 0 0.7138148434
-804414631 -462783652
#r 0 2.1342114242
-804006329 -463429988
#r 0 0.7230691498
551441948 -761356956
#r 0 2.4008938916
551441948 -760356956
#r 0 1.7210181445
551617624 -761517589
#r 0 2.0949998976
27156741 -865736728
#r 0 0.9600760497
27156741 -864736728
#r 0 0.9399009086
43924272 -841782822
#r 0 1.0171570419
940217810 -146619311
#r 0 2.6181461850
940217810 -145619311
#r 0 3.6288147915
939314445 -146097936
#r 0 3.4354912851
-914055295 46387478
#r 0 0.7575301626
-914055295 45387478
#r 0 5.6549978841
-914653344 45821866
#r 0 1.1695717136
-936955659 -34943340
#r 0 4.3952398828
-936955659 -33943340
#r 0 4.4131165334
-942099172 -50613870
#r 0 4.2762816831
-369379595 277222742
#r 0 5.2661326594
-369379595 276222742
#r 0 5.1367907920
-371058460 279938175
#r 0 6.1348054667
-821124475 11788443
#r 0 6.1961980516
-821124475 10788443
#r 0 5.6345502259
-822615131 11918439
#r 0 1.0065884005
-490967586 616064171
#r 0 3.7184301250
-490967586 615064171
#r 0 0.4164618782
-495767841 612940848
#r 0 1.6526837000
-678074763 -588467848
#r 0 0.6301522337
-678074763 -587467848
#r 0 0.3963632179
-674857622 -586121433
#r 0 6.1395922131
217643120 -215305082
#r 0 6.1856456286
217643120 -214305082
#r 0 2.2154075245
218454542 -215384480
#r 0 5.3887200734
-682169509 -158834214
#r 0 5.6936290736
-682169509 -157834214
#r 0 1.6838606238
-682046627 -158916411
#r 0 1.4427699026
557597791 508080141
#r 0 1.1431359044
557597791 507080141
#r 0 4.5840247240
557777857 508475203
#r 0 3.1248169116
639262792 -399950495
#r 0 1.4641536341
639262792 -398950495
#r 0 0.7936250610
639382913 -398828381
#r 0 1.4536071674
61684808 -566926225
#r 0 1.5340932844
61684808 -565926225
#r 0 0.0185383271
61721553 -565925544
#r 0 1.5337662961
523190902 523430949
#r 0 4.7438884543
523190902 522430949
#r 0 5.1671095287
523224583 522362057
#r 0 5.1756006596
-97120665 -106773775
#r 0 0.1352903594
-97120665 -105773775
#r 0 2.7839631296
-95159192 -106506776
#r 0 5.3244867600
-565009351 514254679
#r 0 4.0930265505
-565009351 513254679
#r 0 3.2174909972
-565763167 513197356
#r 0 3.1589411462
334580786 -482417867
#r 0 4.0810428126
334580786 -481417867
#r 0 4.1335494982
328428494 -490832080
#r 0 4.1778398417
-302732954 278207160
#r 0 5.7943085444
-302732954 277207160
#r 0 6.1095732567
-299928444 276715312
#r 0 4.6879549450
-258338693 -552221732
#r 0 0.4704860319
-258338693 -551221732
#r 0 0.7676976994
-260528632 -553335486
#r 0 5.5443696850
-571070279 -284224233
#r 0 0.6766709443
-571070279 -283224233
#r 0 0.7504003341
-578811750 -290441951
#r 0 0.8869716048
481874853 641887316
#r 0 0.4088018855
481874853 640887316
#r 0 2.2927938630
481237418 641611174
#r 0 2.3950103673
-479273610 -106822827
#r 0 0.4171350358
-479273610 -105822827
#r 0 0.9301505688
-480387004 -107316217
#r 0 0.6308052522
-4238218 -621301856
#r 0 4.2031920608
-4238218 -620301856
#r 0 1.4692366985
-4362884 -621525150
#r 0 1.4323466535
-213551122 -22815755
#r 0 0.4228576871
-213551122 -21815755
#r 0 3.4816214700
-203159916 -18139665
#r 0 3.4581909564
-874003763 -51756842
#r 0 1.0472430103
-874003763 -50756842
#r 0 3.8801426102
-872786920 -49648987
#r 0 3.9685192936
-191082364 -706539912
#r 0 1.8810926130
-191082364 -705539912
#r 0 1.0106485478
-191294537 -705878223
#r 0 1.7804769024
-712230836 221529366
#r 0 0.7253566393
-712230836 220529366
#r 0 0.7367399173
-663543411 264695148
#r 0 3.7953901488
-780382671 126943689
#r 0 1.0567315333
-780382671 125943689
#r 0 3.9666555315
-781835785 124370473
#r 0 0.8924516267
-236286024 -513307999
#r 0 5.1131016418
-236286024 -512307999
#r 0 0.3790242723
-236648499 -512452366
#r 0 1.7480442761
432125842 146983063
#r 0 4.4300117415
432125842 145983063
#r 0 5.5930148945
431891779 146176311
#r 0 0.4669752784
-261116530 -918750953
#r 0 0.0022882929
-261116530 -917750953
#r 0 1.2365492442
-261464083 -918751748
#r 0 6.2151928669
118024946 613168088
#r 0 4.8392570765
118024946 612168088
#r 0 2.8345700434
118157875 612125943
#r 0 5.6534269008
-464226731 -787773296
#r 0 0.6557538419
-464226731 -786773296
#r 0 5.8141140540
-463443107 -787170435
#r 0 0.8588602582
-243669211 -909135288
#r 0 5.8773196079
-243669211 -908135288
#r 0 1.4231853779
-243808973 -909075229
#r 0 6.1419157894
-477273716 873997373
#r 0 4.4599703903
-477273716 872997373
#r 0 4.4744153898
-723337552 322551553
#r 0 5.9357348459
-723337552 321551553
#r 0 5.0386008093
-723723082 322691169
#r 0 3.1424182380
-109826943 -461038229
#r 0 0.7994354533
-109826943 -460038229
#r 0 6.2646517150
-108871844 -460055932
#r 0 0.1621353151
273596302 -710435175
#r 0 1.4618935775
273596302 -709435175
#r 0 3.0247670115
273704252 -709447844
#r 0 2.9516462820
-495340295 -231301155
#r 0 3.3983675695
-495340295 -230301155
#r 0 3.3513054614
-475231285 -226021109
#r 0 3.3274219324
-335666797 -774290530
#r 0 0.7874686571
-335666797 -773290530
#r 0 5.5340793266
-335149755 -773771342
#r 0 1.4544928621
-44434562 -424288087
#r 0 1.3967472330
-44434562 -423288087
#r 0 0.2023325603
-44252155 -423250668
#r 0 0.2591733539
482272679 648017210
#r 0 4.8866412364
482272679 647017210
#r 0 3.6194120063
482434010 647100754
#r 0 4.2353105068
-848718430 -335529233
#r 0 0.1044662334
-848718430 -334529233
#r 0 1.3581501281
-848939341 -335552395
#r 0 5.8683929093
-538168394 -366123595
#r 0 0.7863597177
-538168394 -365123595
#r 0 1.5480135700
-538191713 -366146959
#r 0 1.4510729151
780704324 -493859950
#r 0 1.1909032735
780704324 -492859950
#r 0 1.4231520717
780467318 -494453521
#r 0 2.6810404763
101574837 -660299922
#r 0 1.0839234030
101574837 -659299922
#r 0 2.8786777209
102038196 -659424633
#r 0 5.9783835047
274165912 -778182756
#r 0 2.2869984814
274165912 -777182756
#r 0 1.5402568853
274136399 -778148847
#r 0 2.5336560341
-30247511 -354320033
#r 0 5.6256064772
-30247511 -353320033
#r 0 0.4907257388
-31012883 -353728987
#r 0 5.3944790661
196232884 -273237791
#r 0 1.1404399603
196232884 -272237791
#r 0 2.3767089645
196551539 -272543633
#r 0 0.6760212731
-43571381 -254057842
#r 0 5.8985311586
-43571381 -253057842
#r 0 1.2734980145
-43843953 -253947500
#r 0 5.5601536726
245238934 77228773
#r 0 1.9742396686
245238934 76228773
#r 0 4.3903566926
245426204 76790056
#r 0 4.3234107055
691449954 36763389
#r 0 3.7438865040
691449954 35763389
#r 0 4.8203514505
691349086 36694041
#r 0 4.9548180838
305194638 -415436078
#r 0 4.5195971683
305194638 -414436078
#r 0 2.6396302215
305370962 -414532854
#r 0 3.2119699628
326597884 -216545057
#r 0 3.1740659980
326597884 -215545057
#r 0 3.8296107866
325331300 -216586202
#r 0 3.2273278325
48717586 -293671845
#r 0 0.0965295670
48717586 -292671845
#r 0 6.0822783955
52045540 -293349597
#r 0 6.2826169586
530625494 -89118625
#r 0 1.3760451116
530625494 -88118625
#r 0 4.0055337957
530881982 -87818314
#r 0 2.8568908887
42124448 645983829
#r 0 3.7503290498
42124448 644983829
#r 0 3.6862210611
31171668 638349307
#r 0 3.5660355526
-178491570 670902010
#r 0 6.0358466906
-178491570 669902010
#r 0 1.0170941637
-177956834 670766984
#r 0 5.1553511218
78464923 432039983
#r 0 0.5866079575
78464923 431039983
#r 0 4.6191473999
78564633 432106256
#r 0 3.7466619342
160031141 -417843750
#r 0 1.0722471295
160031141 -416843750
#r 0 3.0897274523
160560598 -416871235
#r 0 6.2030939696
-430166093 553065446
#r 0 0.9063113811
-430166093 552065446
#r 0 1.0203248056
-427330771 556685084
#r 0 2.1395872110
17710008 853207122
#r 0 3.6796112257
17710008 852207122
#r 0 4.2907291806
18322531 853572638
#r 0 1.2177258645
14875479 -715975258
#r 0 4.0077556534
14875479 -714975258
#r 0 2.6116491230
15443022 -715307748
#r 0 1.5220572854
-415569731 -638404763
#r 0 1.8735999814
-415569731 -637404763
#r 0 0.3950622822
-415846135 -637520019
#r 0 5.4550954877
-773961145 -176289730
#r 0 3.2357718668
-773961145 -175289730
#r 0 3.1076027992
-766176718 -175554423
#r 0 0.6411655767
940988252 -325744210
#r 0 2.4749485147
940988252 -324744210
#r 0 3.3847055356
940021905 -324983882
#r 0 3.0436608442
-826089410 389315028
#r 0 0.7445336016
-826089410 388315028
#r 0 0.7000483431
-838736986 377661077
#r 0 3.5207756849
787581078 -76307990
#r 0 4.2563855140
787581078 -75307990
#r 0 0.0214848076
788076784 -75297338
#r 0 2.5764909325
-720594767 -54294382
#r 0 0.1713423488
-720594767 -53294382
#r 0 1.7453272911
-720423663 -54264774
#r 0 3.5453172091
594911311 732837332
#r 0 6.2245945827
594911311 731837332
#r 0 6.1750936302
574853853 734013860
#r 0 6.1741134835
288809318 -738112341
#r 0 2.7433462118
288809318 -737112341
#r 0 2.8344698444
279153988 -734050076
#r 0 2.3533021113
-344837829 -486706031
#r 0 1.5849980569
-344837829 -485706031
#r 0 5.5404080943
-344852219 -485692818
#r 0 2.2859491663
-62712054 -847301326
#r 0 3.8232923115
-62712054 -846301326
#r 0 3.7688664125
-51155221 -837923229
#r 0 0.7598941353
-250419138 -693493865
#r 0 1.1828725386
-250419138 -692493865
#r 0 4.9066667691
-250286328 -693168852
#r 0 1.1675943312
366755340 -91389671
#r 0 6.2736066308
366755340 -90389671
#r 0 0.2016043645
362081566 -91344901
#r 0 0.9106599035
961566412 68953195
#r 0 1.7610153206
961566412 67953195
#r 0 4.1798304402
961711544 68199448
#r 0 2.5893243660
597164501 -516317146
#r 0 1.4134146495
597164501 -515317146
#r 0 2.5917228593
597309128 -515405791
#r 0 2.6630207155
-877313621 -335845740
#r 0 0.1988789074
-877313621 -334845740
#r 0 2.1437203172
-876742743 -335730683
#r 0 2.2013005894
-380835327 -806301119
#r 0 1.4666555493
-380835327 -805301119
#r 0 0.9163628584
-380714324 -805143403
#r 0 1.6050494909
822465216 -184570263
#r 0 0.2587222611
822465216 -183570263
#r 0 1.2214144742
822062010 -184676973
#r 0 0.2897981890
186036512 447263379
#r 0 5.8780513424
186036512 446263379
#r 0 2.3802548442
184128635 448081587
#r 0 0.7993461176
-324336703 -906969741
#r 0 1.0565481851
-324336703 -905969741
#r 0 6.1927311556
-323799292 -906018485
#r 0 1.7219494733
-23877194 30146238
#r 0 0.6982812138
-23877194 29146238
#r 0 0.8893720799
-21336939 32278413
#r 0 0.7475954976
-646955563 126488175
#r 0 2.0497600810
-646955563 125488175
#r 0 5.7322001816
-646192919 125019560
#r 0 5.9996067064
647455009 119171730
#r 0 4.4630261231
647455009 118171730
#r 0 2.9150890001
647214463 118227166
#r 0 1.9262456464
-614105525 708095676
#r 0 0.2416667728
-614105525 707095676
#r 0 0.2226090980
-663798867 695847062
#r 0 5.9456857102
-144601442 -246545691
#r 0 0.8646584193
-144601442 -245545691
#r 0 6.0338339166
-143900774 -245724117
#r 0 5.4724857313
-755786970 456770808
#r 0 0.6555216526
-755786970 455770808
#r 0 5.3090420820
-756233160 456427709
#r 0 4.9766769528
-942398078 -178453409
#r 0 2.7045587162
-942398078 -177453409
#r 0 2.7195205750
711522906 98276513
#r 0 5.4040086962
711522906 97276513
#r 0 4.1047605326
711900882 97820055
#r 0 2.9438418130
-865732126 -389513957
#r 0 1.9962566014
-865732126 -388513957
#r 0 2.1224854283
-867450462 -385721874
#r 0 0.3702028370
457994694 -775492143
#r 0 2.2587176080
457994694 -774492143
#r 0 0.9965427818
457632690 -775051667
#r 0 2.0243497066
223679184 -734348721
#r 0 2.1815861394
223679184 -733348721
#r 0 1.2726642782
223465629 -734043683
#r 0 2.3844615388
590989480 604339845
#r 0 1.0750122699
590989480 603339845
#r 0 3.3187237407
590390665 603232653
#r 0 0.4994119811
33739637 326385330
#r 0 2.1613141273
33739637 325385330
#r 0 5.1603941837
32041522 328918673
#r 0 4.8899731693
107088828 -31836439
#r 0 5.3682370533
107088828 -30836439
#r 0 1.9320851237
107831335 -32801394
#r 0 2.3064258578
-86557720 15314172
#r 0 2.5578949515
-86557720 14314172
#r 0 0.1377133285
-85306244 14487615
#r 0 5.7894917233
187576655 288198927
#r 0 4.7098483845
187576655 287198927
#r 0 5.7241637314
187574118 287200514
#r 0 4.7871149312
376013911 294524797
#r 0 4.1407611112
376013911 293524797
#r 0 3.5577189564
375115139 293127599
#r 0 0.8715298592
278966036 620220652
#r 0 4.4317982814
278966036 619220652
#r 0 4.3601434053
277631554 615590154
#r 0 4.4589312166
-721859489 -551390151
#r 0 0.8508388656
-721859489 -550390151
#r 0 0.7650190883
-716310406 -545062752
#r 0 0.8785892053
388898961 -22604958
#r 0 1.8538968380
388898961 -21604958
#r 0 1.7058662498
389153994 -23481620
#r 0 0.0165353221
-862956667 140643757
#r 0 0.8682840142
-862956667 139643757
#r 0 5.9526816683
-863612708 139868837
#r 0 4.3997856548
-64393835 -548376194
#r 0 0.5953062892
-64393835 -547376194
#r 0 2.6105145040
-63603093 -547840649
#r 0 4.4512299978
-682022435 430113840
#r 0 6.0215868658
-682022435 429113840
#r 0 6.0562064874
-654830075 422833525
#r 0 3.7409402555
129522077 617343422
#r 0 4.6694774732
129522077 616343422
#r 0 2.9870776894
129479424 616350065
#r 0 2.9287625343
-709725211 -135667791
#r 0 3.3269022051
-709725211 -134667791
#r 0 3.1868658907
-702690688 -134349098
#r 0 1.4463501329
882172595 169931446
#r 0 3.6888697478
882172595 168931446
#r 0 3.6886621271
29768177 179516482
#r 0 1.9742640199
29768177 178516482
#r 0 2.3831914578
30484957 177837395
#r 0 2.3431687137
258981388 553416150
#r 0 4.6433174308
258981388 552416150
#r 0 4.5159278309
258875347 551883356
#r 0 4.4911767397
867622611 474026919
#r 0 4.9756442693
867622611 473026919
#r 0 4.9988158764
870795764 462253143
#r 0 5.0265536124
494169261 705240858
#r 0 6.0329202241
494169261 704240858
#r 0 4.0260774191
494846586 705067717
#r 0 2.5624924010
122469093 -725635014
#r 0 0.5192411022
122469093 -724635014
#r 0 1.0884240603
121721816 -726062124
#r 0 1.8130712944
-603116602 -663308573
#r 0 0.3577792349
-603116602 -662308573
#r 0 1.7717794688
-602927288 -663237794
#r 0 1.3683170806
-145539966 -887360284
#r 0 4.0691567258
-145539966 -886360284
#r 0 4.0169593415
-138174349 -877533958
#r 0 4.0570745632
682414660 608429595
#r 0 1.4277678748
682414660 607429595
#r 0 1.4243169629
676385873 566566452
#r 0 3.7986975887
-490982295 -354183775
#r 0 1.8554600172
-490982295 -353183775
#r 0 1.0707838155
-491172846 -353532565
#r 0 1.8085216327
-802812116 -220135267
#r 0 0.9584424902
-802812116 -219135267
#r 0 5.9775607145
-802237120 -219316684
#r 0 2.8401019227
250470454 471718324
#r 0 2.8636227694
250470454 470718324
#r 0 1.4186254292
250617381 471676397
#r 0 4.7278856597
439852827 37625603
#r 0 3.8441400180
439852827 36625603
#r 0 3.0863753794
438744088 36686887
#r 0 0.8505922413
-160210028 -311873695
#r 0 2.1940847516
-160210028 -310873695
#r 0 0.3491347663
-160779799 -311081119
#r 0 0.8130147890
378118500 -176315695
#r 0 3.4779493339
378118500 -175315695
#r 0 6.1415433825
380150030 -175605385
#r 0 3.5475553407
-866575725 -214630372
#r 0 2.6879856911
-866575725 -213630372
#r 0 2.7069018131
-909677905 -193617565
#r 0 2.7788118511
135413484 36622920
#r 0 2.8809835469
135413484 35622920
#r 0 2.8976789240
191577324 21645492
#r 0 5.2876199207
133848038 926203271
#r 0 1.0844338496
133848038 925203271
#r 0 1.1048627067
144127778 945645787
#r 0 1.1766874155
152317393 -838586251
#r 0 3.4262204097
152317393 -837586251
#r 0 1.1259932742
151763485 -838748309
#r 0 2.2395003607
866394399 -388688067
#r 0 1.4629972224
866394399 -387688067
#r 0 1.3693123296
866624563 -386561222
#r 0 1.4567247567
-110683473 -855371776
#r 0 3.9787638086
-110683473 -854371776
#r 0 4.0471126374
-116735219 -862084994
#r 0 3.9414187305
-778756986 -564076853
#r 0 0.2867526478
-778756986 -563076853
#r 0 0.9369003329
-779695529 -564353610
#r 0 0.8937571360
-737950047 -439455128
#r 0 1.1308515531
-737950047 -438455128
#r 0 0.7073484273
-737162340 -437781695
#r 0 0.5900298185
-609784449 -471338019
#r 0 1.0838472664
-609784449 -470338019
#r 0 0.6888089815
-608845769 -469565170
#r 0 0.9956766104
-23189346 649857189
#r 0 5.8878583184
-23189346 648857189
#r 0 5.9901049901
-14533226 646245027
#r 0 6.1024423199
919027675 186956176
#r 0 4.2505211832
919027675 185956176
#r 0 4.2081198522
913948255 176751972
#r 0 3.6420191717
-462062882 -817316296
#r 0 0.2405678086
-462062882 -816316296
#r 0 0.3081967670
-475757424 -820675822
#r 0 1.6404026635
-122964257 -333624352
#r 0 5.7264326335
-122964257 -332624352
#r 0 5.8700635888
-128396463 -330243157
#r 0 6.2067441316
-340634393 559951828
#r 0 6.2311006866
-340634393 558951828
#r 0 3.4054574492
-337531654 559790077
#r 0 2.4600393894
-909594700 -252680642
#r 0 2.2476657128
-909594700 -251680642
#r 0 1.0734301619
-909918685 -252277423
#r 0 2.2488880545
43912064 302995607
#r 0 5.8684977498
43912064 301995607
#r 0 4.6240276453
43997331 302958071
#r 0 5.7463150167
117420708 890129395
#r 0 6.2176762699
117420708 889129395
#r 0 4.9409910736
117184432 890144895
#r 0 1.1430667565
-468178342 -347725758
#r 0 2.1219928154
-468178342 -346725758
#r 0 1.9756530240
-466763693 -350026926
#r 0 6.1043853077
71200613 -222501511
#r 0 4.6097795149
71200613 -221501511
#r 0 4.5357394003
71443949 -220138362
#r 0 4.5182292195
-243623499 -789879633
#r 0 1.4263457311
-243623499 -788879633
#r 0 0.6812273076
-243458588 -788745941
#r 0 0.9949373686
-769324329 107708350
#r 0 0.1755689058
-769324329 106708350
#r 0 1.1831716997
-768884169 107786432
#r 0 1.1022686870
635566251 196520845
#r 0 5.0910909271
635566251 195520845
#r 0 1.3776352603
635697388 196191279
#r 0 1.3753400644
195202581 -473800941
#r 0 5.7674024988
195202581 -472800941
#r 0 1.7332672746
195383291 -473903399
#r 0 1.6302231295
308865562 -904406367
#r 0 3.1753699837
308865562 -903406367
#r 0 1.6388502001
308933565 -904404069
#r 0 2.0776037633
710295145 -265660052
#r 0 1.4387211146
710295145 -264660052
#r 0 1.6527805408
710345913 -265277904
#r 0 1.9357350789
-659887626 -690524746
#r 0 0.3025458296
-659887626 -689524746
#r 0 0.4608092153
-665312704 -692218064
#r 0 6.2722273516
582191960 -738122481
#r 0 1.9826114805
582191960 -737122481
#r 0 2.4539689846
581510796 -736563008
#r 0 2.6403159016
619956929 619639294
#r 0 0.3910896691
619956929 618639294
#r 0 4.3925710428
620340496 619797450
#r 0 3.2458623619
279378978 182926265
#r 0 1.8565465551
279378978 181926265
#r 0 2.9112145939
279694511 181852259
#r 0 2.7596098359
-31041134 -356688329
#r 0 5.5513607263
-31041134 -355688329
#r 0 1.6690437252
-30932996 -356785460
#r 0 0.5950829631
531322273 778893238
#r 0 5.9292820776
531322273 777893238
#r 0 4.1532398587
531830532 778705458
#r 0 5.8294781387
-409016762 -551302065
#r 0 0.8359998200
-409016762 -550302065
#r 0 6.0128050715
-408294146 -550502351
#r 0 6.0506551715
-242530425 -410578653
#r 0 2.5105664118
-242530425 -409578653
#r 0 1.7767813365
-242283827 -410758839
#r 0 0.2242660818
280793211 -921368331
#r 0 1.3921435325
280793211 -920368331
#r 0 1.3868187952
286898596 -887558105
#r 0 2.1773597855
730390034 137322819
#r 0 4.6166922719
730390034 136322819
#r 0 4.5023015954
730215455 135504099
#r 0 3.9553925585
336241334 349827929
#r 0 3.9570392686
336241334 348827929
#r 0 1.9956611853
335935740 349503395
#r 0 3.9638573682
182629508 -60733374
#r 0 1.1315397867
182629508 -59733374
#r 0 4.1383491701
184348065 -57075878
#r 0 5.8868714341
-14583895 -391538609
#r 0 6.0027359963
-14583895 -390538609
#r 0 5.9060364291
-5330604 -394203935
#r 0 5.9241987117
-529968658 -541423045
#r 0 1.5691818681
-529968658 -540423045
#r 0 6.0420862119
-529967044 -540423442
#r 0 6.0610870815
-295721070 -115687762
#r 0 1.6119442080
-295721070 -114687762
#r 0 1.8055205244
-295770804 -114479786
#r 0 1.8720334757
-860392259 105310463
#r 0 6.0599851511
-860392259 104310463
#r 0 0.7159987399
-859480678 105103551
#r 0 1.5463555259
134282577 690186611
#r 0 5.4608177677
134282577 689186611
#r 0 5.5967615855
138166493 686004358
#r 0 0.8913944600
120775521 105317247
#r 0 2.3195533589
120775521 104317247
#r 0 3.4805185494
121475490 104564006
#r 0 0.8959476476
705482076 -427802156
#r 0 1.4981886223
705482076 -426802156
#r 0 0.9159971034
705562423 -426697511
#r 0 1.2977003692
67711290 -820628312
#r 0 1.9071028886
67711290 -819628312
#r 0 0.9783461631
67481202 -819970140
#r 0 0.7810182805
433987350 508403551
#r 0 5.3430881365
433987350 507403551
#r 0 6.1010313241
434831005 507248153
#r 0 5.3695111675
-118050258 19266698
#r 0 0.3615304893
-118050258 18266698
#r 0 1.1819490976
-117565436 19450034
#r 0 5.2950916257
-797637337 -148047045
#r 0 1.3899919136
-797637337 -147047045
#r 0 1.3173508252
-797016089 -144648546
#r 0 1.5263761709
-297627869 -312378482
#r 0 6.1869131541
-297627869 -311378482
#r 0 5.0109496689
-297310682 -312409113
#r 0 0.0325225307
526708312 738674488
#r 0 3.0960600735
526708312 737674488
#r 0 6.2582242389
575257142 736462406
#r 0 6.1666876374
902408713 326691638
#r 0 1.8587754229
902408713 325691638
#r 0 4.7079104571
902413125 326676744
#r 0 4.2026701250
194389026 724215994
#r 0 3.5862607484
194389026 723215994
#r 0 6.1161231943
192838950 723477389
#r 0 2.1113451632
479784988 -770379991
#r 0 2.1168520104
479784988 -769379991
#r 0 2.3030925715
477909875 -767294357
#r 0 1.6714666077
-131810955 348029062
#r 0 5.3999339753
-131810955 347029062
#r 0 5.4665160641
-125280213 340076546
#r 0 5.5728493612
586522933 -217901995
#r 0 0.3156380166
586522933 -216901995
#r 0 0.3062659122
683232982 -186320811
#r 0 0.1569477052
-187748036 23994930
#r 0 1.7343707793
-187748036 22994930
#r 0 2.3561807888
-187550360 22797248
#r 0 3.7708733519
352205545 -810872443
#r 0 1.8052750071
352205545 -809872443
#r 0 2.8235893394
351946287 -809787102
#r 0 2.6621673476
-281264150 625950435
#r 0 2.8009194443
-281264150 624950435
#r 0 5.5399599841
-283035545 626578385
#r 0 5.7982824437
805993669 -555805939
#r 0 2.9520310322
805993669 -554805939
#r 0 2.3448274119
807196848 -556036787
#r 0 1.7314849522
109176579 830254230
#r 0 4.3725064892
109176579 829254230
#r 0 2.9094746471
108850250 829331367
#r 0 2.8512010255
454603456 -115132683
#r 0 0.5465911447
454603456 -114132683
#r 0 0.4332086001
461456784 -110962949
#r 0 4.4563388314
-841858840 456991149
#r 0 5.5852273731
-841858840 455991149
#r 0 4.3926170060
-841599686 456773770
#r 0 0.2296853062
-394302774 -111391377
#r 0 0.6202972311
-394302774 -110391377
#r 0 1.2148068620
-394809094 -111753071
#r 0 0.9877733639
-44928054 515757560
#r 0 2.6664297059
-44928054 514757560
#r 0 2.6920471440
-13661959 499671837
#r 0 5.6047155983
-121117037 -740886462
#r 0 4.4977099899
-121117037 -739886462
#r 0 2.3034618307
-120941530 -740081528
#r 0 0.5997022153
-104972969 -794518837
#r 0 1.8055174604
-104972969 -793518837
#r 0 1.5842278858
-104958737 -794578352
#r 0 2.0774189940
-228728329 -70115130
#r 0 2.5071183872
-228728329 -69115130
#r 0 3.0382165230
-230309997 -68951038
#r 0 0.5051768577
211817052 -353830981
#r 0 1.3130084491
211817052 -352830981
#r 0 0.6239490165
212142471 -352596716
#r 0 2.6825012134
714039536 -444378998
#r 0 1.1355656633
714039536 -443378998
#r 0 2.3508232923
714355843 -443698721
#r 0 1.6547904883
210279624 -719446913
#r 0 2.2934919812
210279624 -718446913
#r 0 2.2350630606
217262103 -727364916
#r 0 2.3733366198
-252990652 907596128
#r 0 5.5237936479
-252990652 906596128
#r 0 0.1162796713
-252052654 906705692
#r 0 0.1015447451
-111775591 385835601
#r 0 1.3020775813
-111775591 384835601
#r 0 2.4023526262
-111995707 385036280
#r 0 1.3519117444
-751715650 246572132
#r 0 6.0039478310
-751715650 245572132
#r 0 6.1312104124
-744229113 244425525
#r 0 1.9901400428
734240015 -107718197
#r 0 4.4774547291
734240015 -106718197
#r 0 1.7028018065
734325417 -107361394
#r 0 4.5653664581
451097033 876365304
#r 0 5.6581095166
451097033 875365304
#r 0 3.1768866324
452418197 875411953
#r 0 2.8367874613
-213751703 -188883800
#r 0 3.1763833980
-213751703 -187883800
#r 0 0.2877398446
-217580946 -189017076
#r 0 0.4604396270
-871609781 -439190600
#r 0 1.5931665233
-871609781 -438190600
#r 0 0.2028445582
-871632052 -438195181
#r 0 1.8990492059
873731973 -187795839
#r 0 0.9563232892
873731973 -186795839
#r 0 0.7169900679
875565216 -185197697
#r 0 1.6882404727
476321941 -514170025
#r 0 1.1413689155
476321941 -513170025
#r 0 1.1645674606
469229483 -529658169
#r 0 1.8672984141
648529161 -258031637
#r 0 0.8973295279
648529161 -257031637
#r 0 0.7622049736
651877976 -253834667
#r 0 0.7674264256
-947200162 54478327
#r 0 1.1949819506
-947200162 53478327
#r 0 4.4682374766
-946524344 56191135
#r 0 0.5834078149
-72923073 965837855
#r 0 0.1803114074
-72923073 964837855
#r 0 3.5804208117
-69439462 966472887
#r 0 4.6917298674
533900477 -572149686
#r 0 1.9841711270
533900477 -571149686
#r 0 1.4296857689
533793172 -571905061
#r 0 1.9439031004
-787439174 -505763987
#r 0 0.6749571339
-787439174 -504763987
#r 0 6.0844459681
-786440923 -504965033
#r 0 1.6484491543
-244124713 -774407860
#r 0 0.8569024853
-244124713 -773407860
#r 0 1.3153672202
-244498522 -774839350
#r 0 1.0015275759
912688030 366379819
#r 0 2.0126468874
912688030 365379819
#r 0 2.0283309885
924732108 340918978
#r 0 2.0765823789
65744808 676218049
#r 0 4.0232253597
65744808 675218049
#r 0 3.9356108706
60650654 670035306
#r 0 3.8349093391
-530446177 836542796
#r 0 5.3626201583
-530446177 835542796
#r 0 4.3522961306
-530194338 836211676
#r 0 5.2474116781
-415563059 -298865844
#r 0 1.9752211650
-415563059 -297865844
#r 0 2.6807579521
-416106579 -297595992
#r 0 2.7351636334
-886033412 -228132643
#r 0 2.5303063308
-886033412 -227132643
#r 0 0.0122366886
-887435794 -227149804
#r 0 2.5030906853
-277974413 -935647969
#r 0 0.1182348963
-277974413 -934647969
#r 0 0.0993069325
-225766742 -929446275
#r 0 6.2419266858
200104270 740576328
#r 0 3.5845274293
200104270 739576328
#r 0 4.3852887882
200508641 740768150
#r 0 2.0795963869
-138670661 -326693416
#r 0 4.5452595583
-138670661 -325693416
#r 0 4.3626694609
-138356756 -324832719
#r 0 0.2275335302
-420259027 -893966584
#r 0 0.3917202537
-420259027 -892966584
#r 0 0.8374706131
-421693946 -894559302
#r 0 0.9546967980
-798050443 -196980374
#r 0 2.7766111557
-798050443 -195980374
#r 0 5.6767595006
-794840285 -198206978
#r 0 6.2001094557
-402542994 -134498653
#r 0 1.9243028992
-402542994 -133498653
#r 0 1.2291652929
-402724077 -134007923
#r 0 0.7299038462
508744237 816338581
#r 0 2.9325172523
508744237 815338581
#r 0 5.7032391976
506486469 816817625
#r 0 5.6039684848
-397593185 913590386
#r 0 4.0193118124
-397593185 912590386
#r 0 4.1450791258
-394856119 916885981
#r 0 5.3668657540
-443314379 -868631678
#r 0 6.1625525556
-443314379 -867631678
#r 0 0.6405020527
-444468386 -868491788
#r 0 1.7515371878
-533147680 613971414
#r 0 1.2519632385
-533147680 612971414
#r 0 1.8560959471
-533302986 613500925
#r 0 0.1357353726
-770932227 -336799630
#r 0 0.7788239813
-770932227 -335799630
#r 0 0.2080981924
-769643206 -335527447
#r 0 0.8732420581
-313801222 -169811900
#r 0 3.4892200574
-313801222 -168811900
#r 0 2.4093697562
-313008371 -169524617
#r 0 1.4899983174
396351162 236536477
#r 0 3.9348212469
396351162 235536477
#r 0 0.1063215017
395251126 235419077
#r 0 3.1814483864
653214263 -656222690
#r 0 2.0798489164
653214263 -655222690
#r 0 3.2558605302
652689745 -655282888
#r 0 1.3810670005
-126037657 252119065
#r 0 2.8692312212
-126037657 251119065
#r 0 2.2466088211
-127070762 252407613
#r 0 1.4399331668
795662488 -210263076
#r 0 0.4695185422
795662488 -209263076
#r 0 1.2019313355
795181620 -210507049
#r 0 2.7287812767
-552602322 134431660
#r 0 1.5673330152
-552602322 133431660
#r 0 2.5787072817
-552605778 133433841
#r 0 1.9334146947
-25074801 475442830
#r 0 2.4010897510
-25074801 474442830
#r 0 4.1326671238
-24665177 475068429
#r 0 4.2384628219
-581753711 58339560
#r 0 2.0769032864
-581753711 57339560
#r 0 0.2547530466
-581269361 57465690
#r 0 5.8676805758
-123676106 -141587957
#r 0 2.4978218540
-123676106 -140587957
#r 0 0.4075717159
-124522009 -140953173
#r 0 0.6594721041
-770394741 -202777594
#r 0 1.4795290796
-770394741 -201777594
#r 0 1.3709460969
-770227781 -200953318
#r 0 1.6137274402
226219170 40973701
#r 0 0.5924098495
226219170 39973701
#r 0 0.6686257094
234768500 46727840
#r 0 6.2704887944
-730767039 -317649186
#r 0 0.3026227541
-730767039 -316649186
#r 0 2.6089241388
-729658047 -317302945
#r 0 2.5418895108
313987082 -595303530
#r 0 2.1534500801
313987082 -594303530
#r 0 1.9869380044
315329074 -597340036
#r 0 0.8522759861
422385780 609464897
#r 0 0.6477353694
422385780 608464897
#r 0 3.3641788156
420500057 608038089
#r 0 5.1747920263
-283682688 -708434606
#r 0 0.9964064240
-283682688 -707434606
#r 0 0.8399055629
-281355732 -704839071
#r 0 1.0380554804
-165174039 -771223105
#r 0 4.6966896826
-165174039 -770223105
#r 0 4.6743606031
-165147307 -769520496
#r 0 1.9278945867
-595802012 -385074130
#r 0 1.0281296064
-595802012 -384074130
#r 0 1.1830044221
-597067971 -387173354
#r 0 1.1008951788
277214466 -802769623
#r 0 2.3027616173
277214466 -801769623
#r 0 2.2909113632
314408313 -844166816
#r 0 1.1066706300
-49223034 10182434
#r 0 5.2755408264
-49223034 9182434
#r 0 1.6850270467
-49363243 10404513
#r 0 5.2340344171
606551053 -19018638
#r 0 0.4480728927
606551053 -18018638
#r 0 0.4069552876
626686206 -9340063
#r 0 3.5543186458
-355498144 909755308
#r 0 6.2613572293
-355498144 908755308
#r 0 3.8887560870
-354443451 909732282
#r 0 0.2245384604
47076853 -733059593
#r 0 0.3884469155
47076853 -732059593
#r 0 3.9063011948
45259376 -733803378
#r 0 0.6894695254
-374230082 240356462
#r 0 5.8820682067
-374230082 239356462
#r 0 0.2709636681
-372805391 239752235
#r 0 5.2849063961
57914385 673072022
#r 0 3.8875560177
57914385 672072022
#r 0 4.1241556593
59653014 674678663
#r 0 3.9418141645
-434227853 -134865342
#r 0 4.0159214661
-434227853 -133865342
#r 0 5.3026374475
-433855900 -134420565
#r 0 3.9157314810
-803935016 3201268
#r 0 0.7012523109
-803935016 2201268
#r 0 5.4719219103
-804462012 2756256
#r 0 1.2492819242
612533705 664406426
#r 0 4.7963677449
612533705 663406426
#r 0 6.0164552546
612619863 663382884
#r 0 1.0482362182
-128789750 -864403732
#r 0 4.1645779571
-128789750 -863403732
#r 0 3.9431550067
-127140184 -861699957
#r 0 3.9846924752
49745228 181238661
#r 0 2.9204538069
49745228 180238661
#r 0 0.2160182605
51996173 180732614
#r 0 0.2220450325
582907428 511612935
#r 0 4.4970421734
582907428 510612935
#r 0 0.9261149655
582598939 510202626
#r 0 4.4120747654
616180789 -199370439
#r 0 2.9578103722
616180789 -198370439
#r 0 3.3434105685
613619859 -198894414
#r 0 2.8711866526
144982153 -279834439
#r 0 3.2501285336
144982153 -278834439
#r 0 0.5966122962
143228416 -280025533
#r 0 1.4820789032
-152837913 140842892
#r 0 6.0082268097
-152837913 139842892
#r 0 3.5009094817
-151317525 140413985
#r 0 2.1618087925
549838263 -730153584
#r 0 1.8250655453
549838263 -729153584
#r 0 1.8808364017
548461499 -724856189
#r 0 1.6817748875
-591139324 -247371007
#r 0 5.5708062157
-591139324 -246371007
#r 0 0.1758136952
-592099642 -246541605
#r 0 0.1840862753
-753947354 98952221
#r 0 1.2210556495
-753947354 97952221
#r 0 1.7796490118
-754081403 98584696
#r 0 1.1924241763
-98352464 -743450637
#r 0 1.0034918140
-98352464 -742450637
#r 0 1.2859863252
-98894110 -744300715
#r 0 0.1720007825
611104978 -524723090
#r 0 1.7583694481
611104978 -523723090
#r 0 2.7457013421
610898819 -523636924
#r 0 1.9972437130
-276948858 -364114257
#r 0 4.8112032584
-276948858 -363114257
#r 0 0.7705348524
-277039292 -363202042
#r 0 0.3447530983
-558362802 302376104
#r 0 5.6499973690
-558362802 301376104
#r 0 2.0490904736
-559199736 302990421
#r 0 4.8307396704
-267275647 10250653
#r 0 3.3072706400
-267275647 9250653
#r 0 3.3033722401
-516975591 -31501856
#r 0 1.7942217506
425647155 -827346206
#r 0 1.3413429323
