701687785 -541700890
#r 0 2.0133090817
701687785 -540700890
#r 0 4.6649833494
701644661 -541609884
#r 0 1.3443110479
-499127383 633119407
#r 0 4.7654108496
-499127383 632119407
#r 0 4.2542566894
-499079468 632216573
#r 0 4.2440118185
-483608482 -622730427
#r 0 5.3369440964
-483608482 -621730427
#r 0 5.2347610067
-480748370 -626698351
#r 0 0.0121489244
-400050622 -282770132
#r 0 5.9570340866
-400050622 -281770132
#r 0 5.3953252339
-398928265 -283149747
#r 0 2.7183067428
301295572 728310821
#r 0 4.3867229194
301295572 727310821
#r 0 4.3487205600
298300188 719440592
#r 0 4.4410349733
538670319 187274473
#r 0 4.6542910881
538670319 186274473
#r 0 4.7775217535
538639573 186745857
#r 0 2.8191995600
-356518068 -65592954
#r 0 0.4178690326
-356518068 -64592954
#r 0 4.8021513381
-356431522 -65554526
#r 0 5.8841998576
-276446552 932869643
#r 0 4.1425632986
-276446552 931869643
#r 0 3.9433503736
-278342389 929910738
#r 0 4.4581949913
-550539604 -271667289
#r 0 2.9290588489
-550539604 -270667289
#r 0 2.9996525868
-564258575 -268706834
#r 0 1.2826007046
-618319202 -169265767
#r 0 6.0249306362
-618319202 -168265767
#r 0 2.8322170011
-600296529 -174026520
#r 0 5.9767808658
755102565 -188650360
#r 0 0.9908925079
755102565 -187650360
#r 0 4.4476209532
754639939 -189356625
#r 0 4.3470364261
380790345 -501424583
#r 0 3.9899003236
380790345 -500424583
#r 0 1.2991251291
380383089 -501886596
#r 0 2.1335171998
-579009961 358478730
#r 0 1.7426803507
-579009961 357478730
#r 0 1.7647789268
-577517848 349883461
#r 0 0.1547144342
299350043 -849072587
#r 0 0.0630705228
299350043 -848072587
#r 0 2.1155433766
299933613 -849035732
#r 0 6.2619396927
547958642 -796389549
#r 0 1.7822954215
547958642 -795389549
#r 0 4.0196200077
547788059 -795595070
#r 0 4.0382115715
120566706 -818818612
#r 0 0.5469821610
120566706 -817818612
#r 0 0.1635819317
122819446 -817446782
#r 1 123300145 -817244167
137093106 -178832048
#r 0 0.6618669050
137093106 -177832048
#r 0 0.6210311768
152808029 -166588541
#r 0 3.2802427353
-671832205 450572368
#r 0 3.4970585580
-671832205 449572368
#r 0 3.4989557309
-208902845 622428020
#r 0 4.3387979658
-468532303 -84888903
#r 0 4.0733841445
-468532303 -83888903
#r 0 0.3166962152
-467550150 -83567025
#r 0 6.2453246392
242220329 -192797614
#r 0 4.0103922950
242220329 -191797614
#r 0 4.0527645781
232878301 -203844021
#r 0 4.0230852457
474168597 127670696
#r 0 2.1239048043
474168597 126670696
#r 0 3.9201372016
474552311 127049186
#r 0 2.6426601585
595496296 -707793242
#r 0 0.0339162368
595496296 -706793242
#r 0 2.4091934075
596567904 -707756883
#r 0 4.1749928225
677928845 -196320030
#r 0 3.2670712742
677928845 -195320030
#r 0 0.6246372617
676247584 -196532107
#r 0 3.2386857694
134234208 -184258840
#r 0 0.7120787310
134234208 -183258840
#r 0 0.7003959661
183778094 -141495054
#r 0 5.6544638648
-222667336 -46611794
#r 0 1.0011774693
-222667336 -45611794
#r 0 1.0776567092
-226008839 -51829378
#r 0 1.0790496100
219528894 970092025
#r 0 3.9681052939
219528894 969092025
#r 0 5.0378141242
219281947 969823889
#r 0 3.9590238046
-384209398 -106897359
#r 0 5.5680227593
-384209398 -105897359
#r 0 5.0614055417
-383677300 -107359510
#r 0 3.3033827760
615373946 -411111791
#r 0 1.2044876346
615373946 -410111791
#r 0 4.5057925129
614911959 -412316066
#r 0 3.6009425078
326662212 790338362
#r 0 4.3909333761
326662212 789338362
#r 0 4.3381622655
324472580 783763003
#r 0 3.3682099610
340630368 -61653550
#r 0 1.6596096556
340630368 -60653550
#r 0 4.6826932652
340608094 -61403412
#r 0 0.0828385713
-936931568 -253662529
#r 0 4.3982188705
-936931568 -252662529
#r 0 4.3318141308
-935201663 -248338624
#r 0 4.3790859542
-55698254 -527054964
#r 0 1.0162860521
-55698254 -526054964
#r 0 4.0033680523
-53470674 -523458195
#r 0 1.8028195700
-176767589 -188188183
#r 0 4.5895666259
-176767589 -187188183
#r 0 5.2697922439
-176664551 -187353484
#r 0 6.1774674766
133207554 429148051
#r 0 3.9505914416
133207554 428148051
#r 0 5.9677606637
132480107 428385431
#r 0 3.9287256943
420725815 -425022251
#r 0 4.6666661646
420725815 -424022251
#r 0 1.5665776501
420721168 -425123818
#r 0 1.5572062973
-984543034 144270826
#r 0 0.4182676718
-984543034 143270826
#r 0 0.6568967901
-981481636 145631606
#r 0 0.6299930272
366737756 485628537
#r 0 3.7387810144
366737756 484628537
#r 0 3.7982620009
377755255 493120625
#r 0 2.1680366149
-649282821 -270779598
#r 0 2.0470274758
-649282821 -269779598
#r 0 2.1086107931
-653098553 -263382328
#r 0 2.1020931576
411724544 245564399
#r 0 5.0241469965
411724544 244564399
#r 0 5.0414144267
417464632 227752808
#r 0 4.9244768766
795592083 -315379132
#r 0 1.4423200404
795592083 -314379132
#r 0 1.5041298922
795453907 -316448704
#r 0 3.7282579341
-521849662 466816098
#r 0 4.8547027675
-521849662 465816098
#r 0 4.8687234970
-520274562 455823126
#r 0 0.2946796615
-558514126 -706353026
#r 0 2.0301246336
-558514126 -705353026
#r 0 5.8392223396
-559160892 -705045404
#r 0 0.9757216238
-218018041 -776753981
#r 0 0.2091710766
-218018041 -775753981
#r 0 1.1067897503
-218577973 -776872841
#r 0 4.1877139768
517252615 315449462
#r 0 3.8709840263
517252615 314449462
#r 0 4.4201988062
517664027 315817192
#r 0 3.9248255044
-836634468 79323631
#r 0 2.2480597607
-836634468 78323631
#r 0 2.2708276032
-818900810 57270827
#r 0 3.6908809141
-478957491 -425697431
#r 0 5.3870764991
-478957491 -424697431
#r 0 0.2518303199
-479620872 -424868114
#r 0 2.2924618952
744680137 283363242
#r 0 5.1767506252
744680137 282363242
#r 0 3.9062336373
745018460 282687803
#r 0 4.2507844730
787479252 -388621533
#r 0 2.2497439036
787479252 -387621533
#r 0 2.8422405048
786404735 -387289908
#r 0 0.5875602468
734374273 161323653
#r 0 4.1547361914
734374273 160323653
#r 0 4.0791454004
730227513 154674843
#r 0 5.8453874617
-835925574 -325109799
#r 0 2.6001061298
-835925574 -324109799
#r 0 1.0832215757
-836327623 -324867986
#r 0 1.0461475107
191098699 -491490599
#r 0 2.1641808675
191098699 -490490599
#r 0 2.8899970260
190282776 -490280872
#r 0 1.5149033328
76967052 -918743877
#r 0 3.6073288523
76967052 -917743877
#r 0 1.7174777598
77104582 -918674753
#r 0 1.0375353001
-458212991 -390070259
#r 0 1.0210374902
-458212991 -389070259
#r 0 2.0319571824
-457938599 -389622472
#r 0 0.8055949476
-561441965 -303326039
#r 0 1.4205958801
-561441965 -302326039
#r 0 0.0196808384
-561290173 -302323051
#r 0 2.6730814094
-143029320 -288205830
#r 0 3.0838268282
-143029320 -287205830
#r 0 4.7671835476
-142974296 -288209012
#r 0 5.7920760595
-217724255 370576245
#r 0 1.6205291150
-217724255 369576245
#r 0 1.7514197403
-217655831 369201554
#r 0 6.2606786075
231282029 -813119927
#r 0 0.7851682613
231282029 -812119927
#r 0 0.2351242271
232597844 -811804717
#r 0 2.5818363654
-173650117 941397434
#r 0 5.8677682718
-173650117 940397434
#r 0 5.8649066218
-974261600 -135035256
#r 0 5.6809433970
-974261600 -134035256
#r 0 5.6980947557
-219071864 876570219
#r 0 4.3357775954
-219071864 875570219
#r 0 4.6689529011
-219023034 876693686
#r 0 4.7495541576
841216372 -245702053
#r 0 5.8939786604
841216372 -244702053
#r 0 3.9040565777
840483922 -245401655
#r 0 3.8951091023
-554460271 622376857
#r 0 3.8649114299
-554460271 621376857
#r 0 0.6279707895
-560831912 616750973
#r 0 5.9872660539
-710372218 -603481641
#r 0 1.4345856700
-710372218 -602481641
#r 0 1.7744307338
-710289838 -602880584
#r 0 0.7732380481
57367412 137137296
#r 0 1.5447417594
57367412 136137296
#r 0 5.3312934606
57342271 136172593
#r 0 5.3187333645
350298717 99524416
#r 0 5.7162596620
350298717 98524416
#r 0 4.2921330707
350646618 99302928
#r 0 3.2368646806
124361302 -505132095
#r 0 2.0364115549
124361302 -504132095
#r 0 1.0358655655
124089400 -504590955
#r 0 3.5370393895
-544744435 413022941
#r 0 5.3566307400
-544744435 412022941
#r 0 2.7266715112
-543621828 411528439
#r 0 5.3469011030
-119196968 -904270036
#r 0 0.7731737633
-119196968 -903270036
#r 0 1.8469994447
-118974935 -904053366
#r 0 1.8147547053
-804414631 -463783652
#r 0 1.5056364648
-804414631 -462783652
#r 0 1.5202555655
-804639653 -467232143
#r 0 1.0876886608
551441948 -761356956
#r 0 4.2380746057
551441948 -760356956
#r 0 0.4411706325
552119654 -760036936
#r 0 0.3547384361
27156741 -865736728
#r 0 1.2634346714
27156741 -864736728
#r 0 0.5391916338
27548581 -864502278
#r 0 2.1848086633
940217810 -146619311
#r 0 2.9492014572
940217810 -145619311
#r 0 2.9041951675
961422463 -150749991
#r 0 4.5875924655
-914055295 46387478
#r 0 4.7856109504
-914055295 45387478
#r 0 4.8397602504
-913883595 44046751
#r 0 1.6056248852
-936955659 -34943340
#r 0 0.8372266449
-936955659 -33943340
#r 0 5.8646920566
-936312238 -34229512
#r 0 0.8409596406
-369379595 277222742
#r 0 3.0230589998
-369379595 276222742
#r 0 3.0331578110
-271628703 265581399
#r 0 2.6686441786
-821124475 11788443
#r 0 3.3366483191
-821124475 10788443
#r 0 5.2952249688
-821707739 11673209
#r 0 3.3588114489
-490967586 616064171
#r 0 0.6301023961
-490967586 615064171
#r 0 4.2420494625
-490159642 616653381
#r 0 5.8695477353
-678074763 -588467848
#r 0 5.7017774850
-678074763 -587467848
#r 0 2.0082207460
-677399646 -588911523
#r 0 5.7268883732
217643120 -215305082
#r 0 4.4124700280
217643120 -214305082
#r 0 4.4258976154
211425235 -235411586
#r 0 1.3310172969
-682169509 -158834214
#r 0 2.5494973762
-682169509 -157834214
#r 0 2.6539074807
-689203040 -154103500
#r 0 2.5724384372
557597791 508080141
#r 0 4.2219921384
557597791 507080141
#r 0 0.4620817006
556870504 506717920
#r 0 5.1528977578
639262792 -399950495
#r 0 4.8399028692
639262792 -398950495
#r 0 0.2468675657
639138595 -398981794
#r 0 3.8472732354
61684808 -566926225
#r 0 1.9981394986
61684808 -565926225
#r 0 3.2831341946
61257151 -565987164
#r 0 4.7703180616
523190902 523430949
#r 0 4.8940666659
523190902 522430949
#r 0 4.6868281036
523213345 523308779
#r 0 4.6580583214
-97120665 -106773775
#r 0 1.5604666167
-97120665 -105773775
#r 0 1.5306798239
-97106755 -105427221
#r 0 5.3829529226
-565009351 514254679
#r 0 4.3697076041
-565009351 513254679
#r 0 4.3528571297
-572025614 494587876
#r 0 0.7379506552
334580786 -482417867
#r 0 2.6275121972
334580786 -481417867
#r 0 3.4030780292
333379355 -481739385
#r 0 1.5847873511
-302732954 278207160
#r 0 0.1709680233
-302732954 277207160
#r 0 5.6170887139
-303776170 278027045
#r 0 1.2937710885
-258338693 -552221732
#r 0 4.6767875348
-258338693 -551221732
#r 0 5.8887458627
-258303597 -551236341
#r 0 4.7118185101
-571070279 -284224233
#r 0 1.8440445786
-571070279 -283224233
#r 0 2.8138822241
-571380052 -283118920
#r 0 2.8231206480
481874853 641887316
#r 0 4.5705683546
481874853 640887316
#r 0 3.9626275905
481706216 640706210
#r 0 5.3561520846
-479273610 -106822827
#r 0 3.8525314461
-479273610 -105822827
#r 0 2.5775890433
-478604133 -106246299
#r 0 1.1951082075
-4238218 -621301856
#r 0 3.0261264186
-4238218 -620301856
#r 0 3.0745722591
-24704349 -618928150
#r 0 3.1755936387
-213551122 -22815755
#r 0 1.0725823794
-213551122 -21815755
#r 0 0.3226906983
-212886187 -21593415
#r 0 1.0718877836
-874003763 -51756842
#r 0 4.7227960065
-874003763 -50756842
#r 0 2.1731329751
-874014330 -50741473
#r 0 4.3847532934
-191082364 -706539912
#r 0 2.2353197378
-191082364 -705539912
#r 0 2.2423832880
-245406596 -637193831
#r 0 2.2739904750
-712230836 221529366
#r 0 0.1602754183
-712230836 220529366
#r 0 3.9288930071
-711043398 221721330
#r 0 0.5099684090
-780382671 126943689
#r 0 2.7672702349
-780382671 125943689
#r 0 1.0387715316
-779904585 126755876
#r 0 2.6732809203
-236286024 -513307999
#r 0 4.3075536614
-236286024 -512307999
#r 0 4.4948479478
-236742563 -514373423
#r 0 0.4175378225
432125842 146983063
#r 0 5.2813348979
432125842 145983063
#r 0 1.7551733493
431862567 147394764
#r 0 1.7631993312
-261116530 -918750953
#r 0 1.0635899170
-261116530 -917750953
#r 0 1.7477228335
-260981258 -918507525
#r 0 1.8503647100
118024946 613168088
#r 0 3.3899764771
118024946 612168088
#r 0 2.7225587618
116594403 612805272
#r 0 0.3182970836
-464226731 -787773296
#r 0 2.0261218443
-464226731 -786773296
#r 0 0.9394177190
-464519997 -787174355
#r 0 6.2646541971
-243669211 -909135288
#r 0 2.1444295156
-243669211 -908135288
#r 0 2.3401198287
-245610750 -906130304
#r 0 2.0939207149
-477273716 873997373
#r 0 4.0923331022
-477273716 872997373
#r 0 4.0606073389
-488385973 858433843
#r 0 5.9206397590
-723337552 322551553
#r 0 2.9918752027
-723337552 321551553
#r 0 5.8592344586
-726665633 323053581
#r 0 5.0351793984
-109826943 -461038229
#r 0 3.9359670595
-109826943 -460038229
#r 0 0.1227476952
-108709309 -459900349
#r 0 0.1263434704
273596302 -710435175
#r 0 2.1450715053
273596302 -709435175
#r 0 2.6420010216
272596085 -708889284
#r 0 0.5309847700
-495340295 -231301155
#r 0 3.2106839180
-495340295 -230301155
#r 0 2.4690767778
-494184972 -231221205
#r 0 2.4550713605
-335666797 -774290530
#r 0 3.7327401193
-335666797 -773290530
#r 0 3.8155138355
-343513770 -779557566
#r 0 3.6763919893
-44434562 -424288087
#r 0 5.7858918979
-44434562 -423288087
#r 0 5.7838024779
324829422 -624722106
#r 0 3.4694398260
482272679 648017210
#r 0 3.8396064085
482272679 647017210
#r 0 3.1035452167
481132382 647060616
#r 0 4.6489215901
-848718430 -335529233
#r 0 2.4889151511
-848718430 -334529233
#r 0 0.9344494388
-849190610 -335168281
#r 0 0.8954285702
-538168394 -366123595
#r 0 2.9228692541
-538168394 -365123595
#r 0 5.6940945100
-535926042 -366622024
#r 0 2.4615500153
780704324 -493859950
#r 0 4.3265020821
780704324 -492859950
#r 0 2.2625365813
780976889 -493189029
#r 0 2.9046171347
101574837 -660299922
#r 0 2.0135879167
101574837 -659299922
#r 0 4.3891995186
101378547 -659885979
#r 0 4.4219040274
274165912 -778182756
#r 0 6.0068495668
274165912 -777182756
#r 0 1.7621056289
274370846 -778240873
#r 0 2.8828229889
-30247511 -354320033
#r 0 0.7491880630
-30247511 -353320033
#r 0 4.2962874568
-30997783 -355017847
#r 0 4.9978589208
196232884 -273237791
#r 0 1.2350214019
196232884 -272237791
#r 0 1.1733505960
198302242 -267308232
#r 0 1.1807172317
-43571381 -254057842
#r 0 1.3073604187
-43571381 -253057842
#r 0 1.3470779024
-45026322 -259452428
#r 0 1.3151963620
245238934 77228773
#r 0 3.3044383528
245238934 76228773
#r 0 1.5866082398
245223162 77226182
#r 0 5.9019950237
691449954 36763389
#r 0 3.7054806479
691449954 35763389
#r 0 3.3892533670
688815098 35097162
#r 0 3.7003253640
305194638 -415436078
#r 0 1.9182614981
305194638 -414436078
#r 0 1.2979877426
305036795 -415000238
#r 0 5.1834464006
326597884 -216545057
#r 0 5.0158917631
326597884 -215545057
#r 0 4.9789557135
328729816 -223352461
#r 0 4.9521666842
48717586 -293671845
#r 0 4.1745198379
48717586 -292671845
#r 0 5.2556027053
49017661 -293168817
#r 0 5.3505853786
530625494 -89118625
#r 0 1.2766194038
530625494 -88118625
#r 0 2.4464161602
530867346 -88320348
#r 0 1.2369743830
42124448 645983829
#r 0 5.4274522308
42124448 644983829
#r 0 2.6745266007
43669324 644204778
#r 0 6.1961367203
-178491570 670902010
#r 0 3.7129365650
-178491570 669902010
#r 0 3.6841885012
-203552640 654791094
#r 0 3.7701650043
78464923 432039983
#r 0 4.4842267835
78464923 431039983
#r 0 6.0880814642
78242905 431083858
#r 0 4.4921914437
160031141 -417843750
#r 0 2.3130880067
160031141 -416843750
#r 0 4.0396243668
159604744 -417378911
#r 0 2.2767192629
-430166093 553065446
#r 0 3.7945268345
-430166093 552065446
#r 0 4.3292951466
-429583518 553511025
#r 0 3.7313070966
17710008 853207122
#r 0 4.6876264116
17710008 852207122
#r 0 2.7250240888
17685509 852217962
#r 0 5.9743992506
14875479 -715975258
#r 0 3.6284242288
14875479 -714975258
#r 0 6.1845496338
16467121 -715132762
#r 0 3.1545169116
-415569731 -638404763
#r 0 1.9935492950
-415569731 -637404763
#r 0 5.2183280012
-417962674 -633085676
#r 0 5.2931685869
-773961145 -176289730
#r 0 1.9618062118
-773961145 -175289730
#r 0 5.6912323690
-774531463 -174906255
#r 0 3.4290708936
940988252 -325744210
#r 0 1.6675186618
940988252 -324744210
#r 0 1.7102896762
940674218 -322507585
#r 0 1.6257566519
-826089410 389315028
#r 0 0.4179191749
-826089410 388315028
#r 0 3.9473734264
-824415883 390058207
#r 0 3.9268899526
787581078 -76307990
#r 0 5.6844981488
787581078 -75307990
#r 0 5.6701671391
834729428 -108473124
#r 0 2.4839914692
-720594767 -54294382
#r 0 4.3206822686
-720594767 -53294382
#r 0 4.8972034132
-720466068 -53982802
#r 0 4.9479491899
594911311 732837332
#r 0 3.9379709364
594911311 731837332
#r 0 5.6921361983
594320742 732233649
#r 0 3.4936509908
288809318 -738112341
#r 0 0.8189846512
288809318 -737112341
#r 0 0.7432252186
295453248 -731006429
#r 0 0.7106182409
-344837829 -486706031
#r 0 2.5091629143
-344837829 -485706031
#r 0 4.6583706740
-344889839 -486667916
#r 0 5.2280084167
-62712054 -847301326
#r 0 3.6010538230
-62712054 -846301326
#r 0 3.5573559103
-43942370 -838014502
#r 0 3.6017957743
-250419138 -693493865
#r 0 1.7334345602
-250419138 -692493865
#r 0 3.8857352963
-250561689 -692625114
#r 0 5.2886497280
366755340 -91389671
#r 0 3.3669338339
366755340 -90389671
#r 0 0.1430977048
378499053 -88697607
#r 0 0.0538466099
961566412 68953195
#r 0 3.9168136279
961566412 67953195
#r 0 3.6431183774
959249263 66682736
#r 0 3.7121662610
597164501 -516317146
#r 0 2.4040792942
597164501 -515317146
#r 0 0.9282029183
596718947 -515912343
#r 0 0.9118572621
-877313621 -335845740
#r 0 1.4866529573
-877313621 -334845740
#r 0 0.7792145753
-877221614 -334754864
#r 0 2.2505310322
-380835327 -806301119
#r 0 0.6278237037
-380835327 -805301119
#r 0 0.6307271016
822465216 -184570263
#r 0 1.5775912754
822465216 -183570263
#r 0 2.1665438441
822458352 -183560138
#r 0 1.6418768546
186036512 447263379
#r 0 5.6018873935
186036512 446263379
#r 0 5.6199263320
219969165 419750435
#r 0 5.5142466821
-324336703 -906969741
#r 0 0.6282098386
-324336703 -905969741
#r 0 0.6233870463
-188129302 -808031890
#r 0 3.6818239031
-23877194 30146238
#r 0 2.9905083452
-23877194 29146238
#r 0 4.6680698601
-23833143 30139532
#r 0 4.6993895525
-646955563 126488175
#r 0 5.0947315805
-646955563 125488175
#r 0 1.0737680337
-646724629 125913900
#r 0 2.8858096187
647455009 119171730
#r 0 6.1378924345
647455009 118171730
#r 0 5.3394649840
646644413 119290340
#r 0 4.2753937509
-614105525 708095676
#r 0 4.8321570193
-614105525 707095676
#r 0 4.0559046820
-614001438 707230768
#r 0 4.1914229489
-144601442 -246545691
#r 0 4.8978286529
-144601442 -245545691
#r 0 5.9780738888
-144800816 -245482899
#r 0 0.3994117883
-755786970 456770808
#r 0 4.5134941400
-755786970 455770808
#r 0 4.4322780999
-756460300 453430211
#r 0 4.4496443077
-942398078 -178453409
#r 0 5.9175718793
-942398078 -177453409
#r 0 0.8905498861
-943015814 -178216924
#r 0 4.7312585711
711522906 98276513
#r 0 0.0240938444
711522906 97276513
#r 0 2.2034238861
710802487 98259152
#r 0 0.0281344916
-865732126 -389513957
#r 0 0.2216703005
-865732126 -388513957
#r 0 1.1334878259
-866254680 -389631727
#r 0 2.0732435505
457994694 -775492143
#r 0 5.3873352035
457994694 -774492143
#r 0 1.9195749658
458661156 -776324870
#r 0 5.3507197312
223679184 -734348721
#r 0 2.7879573589
223679184 -733348721
#r 0 3.0712019999
220330744 -733112632
#r 0 2.0705955577
590989480 604339845
#r 0 2.9232864565
590989480 603339845
#r 0 2.9763183363
609156173 600309717
#r 0 4.3056047151
33739637 326385330
#r 0 0.7729951659
33739637 325385330
#r 0 0.9548865551
36025730 328615406
#r 0 0.7856172246
107088828 -31836439
#r 0 4.0435910851
107088828 -30836439
#r 0 6.2540218293
107861318 -30858974
#r 0 5.1576326986
-86557720 15314172
#r 0 1.8258663488
-86557720 14314172
#r 0 1.8163743298
-93020260 40098642
#r 0 2.5218710313
187576655 288198927
#r 0 1.0708502495
187576655 287198927
#r 0 1.0918259461
198110044 307482637
#r 0 2.4415148818
376013911 294524797
#r 0 5.2238061690
376013911 293524797
#r 0 2.4299436675
377101541 292586825
#r 0 5.2000342307
278966036 620220652
#r 0 0.8700275367
278966036 619220652
#r 0 0.8820470931
313062986 660638873
#r 0 4.0166908967
-721859489 -551390151
#r 0 2.0064708076
-721859489 -550390151
#r 0 0.1404000980
-722296261 -550451880
#r 0 1.7284514532
388898961 -22604958
#r 0 1.7572231200
388898961 -21604958
#r 0 1.4280611315
388817396 -22172518
#r 0 4.0073945797
-862956667 140643757
#r 0 2.4250920259
-862956667 139643757
#r 0 5.8400945826
-860433541 138446378
#r 0 4.3678732747
-64393835 -548376194
#r 0 3.8650662138
-64393835 -547376194
#r 0 3.9113342606
-76030563 -558654128
#r 0 3.8837695336
-682022435 430113840
#r 0 3.5767349070
-682022435 429113840
#r 0 3.2783085627
-685077871 428693491
#r 0 3.3233335331
129522077 617343422
#r 0 0.2970845655
129522077 616343422
#r 0 4.4321445023
129837708 617440051
#r 0 4.4659322682
-709725211 -135667791
#r 0 5.4601212330
-709725211 -134667791
#r 0 4.0427825643
-710152277 -135207278
#r 0 5.3973438296
882172595 169931446
#r 0 4.1937863488
882172595 168931446
#r 0 4.1590893783
874664044 156774888
#r 0 4.0252413795
29768177 179516482
#r 0 5.3122078979
29768177 178516482
#r 0 5.3028676859
-3881058 228720549
#r 0 5.1766978390
258981388 553416150
#r 0 1.2976538253
258981388 552416150
#r 0 1.2509006638
257166296 546937018
#r 0 1.3433721514
867622611 474026919
#r 0 2.1956057636
867622611 473026919
#r 0 3.2949571526
868271470 473127219
#r 0 2.2194498825
494169261 705240858
#r 0 5.9306617034
494169261 704240858
#r 0 3.4419483488
495645021 704697939
#r 0 5.2336288302
122469093 -725635014
#r 0 1.7218728542
122469093 -724635014
#r 0 2.6030661804
122301625 -724534964
#r 0 3.0050707192
-603116602 -663308573
#r 0 1.7627160679
-603116602 -662308573
#r 0 2.0318716257
-603435739 -661666174
#r 0 1.6482596115
-145539966 -887360284
#r 0 0.5336805920
-145539966 -886360284
#r 0 0.4797957634
-131359707 -878981568
#r 0 2.0810759474
682414660 608429595
#r 0 0.1418158907
682414660 607429595
#r 0 4.5060467731
682630430 608460401
#r 0 3.1127440521
-490982295 -354183775
#r 0 2.7977354283
-490982295 -353183775
#r 0 2.6184406644
-486409236 -355821308
#r 0 1.8960531324
-802812116 -220135267
#r 0 5.2794968820
-802812116 -219135267
#r 0 5.2175735729
-798610921 -226731629
#r 0 5.1882467286
250470454 471718324
#r 0 1.3172085247
250470454 470718324
#r 0 4.6138128544
250630376 472335385
#r 0 4.6521976277
439852827 37625603
#r 0 5.3845467181
439852827 36625603
#r 0 5.6322885000
441872945 35087039
#r 0 5.6803814946
-160210028 -311873695
#r 0 1.4329782542
-160210028 -310873695
#r 0 5.6232504031
-160084808 -310970866
#r 0 1.3719375912
378118500 -176315695
#r 0 4.2628685904
378118500 -175315695
#r 0 4.2996885675
373384003 -186128863
#r 0 4.2266950822
-866575725 -214630372
#r 0 2.1128449241
-866575725 -213630372
#r 0 2.1639079527
-872225214 -205249231
#r 1 -872843039 -204470976
135413484 36622920
#r 0 3.2309337586
135413484 35622920
#r 0 5.3565772596
134709757 36559880
#r 0 1.8559314669
133848038 926203271
#r 0 3.1761895507
133848038 925203271
#r 0 5.2102006996
133314607 926184809
#r 0 4.0810021423
152317393 -838586251
#r 0 0.7996068188
152317393 -837586251
#r 0 2.1105564725
152688039 -838204919
#r 0 2.6137086390
866394399 -388688067
#r 0 2.4401816579
866394399 -387688067
#r 0 0.9748522915
865963215 -388323845
#r 0 2.7254842474
-110683473 -855371776
#r 0 1.1902553076
-110683473 -854371776
#r 0 4.0876170569
-109785042 -853125923
#r 0 4.0977753271
-778756986 -564076853
#r 0 6.1023167266
-778756986 -563076853
#r 0 0.9879179926
-779345342 -563969262
#r 0 1.2230142762
-737950047 -439455128
#r 0 2.4196837984
-737950047 -438455128
#r 0 1.2686908866
-738194592 -439239819
#r 0 1.4423631157
-609784449 -471338019
#r 0 2.2370156225
-609784449 -470338019
#r 0 5.3967129786
-631364540 -443886582
#r 0 0.7711985151
-23189346 649857189
#r 0 1.9821426113
-23189346 648857189
#r 0 1.9410633211
-26712529 657933573
#r 0 1.9264777229
919027675 186956176
#r 0 3.9459399673
919027675 185956176
#r 0 3.2141293612
917992447 185880952
#r 0 3.7694255686
-462062882 -817316296
#r 0 0.2614977740
-462062882 -816316296
#r 0 0.6523340957
-464077922 -817855573
#r 0 0.2705484855
-122964257 -333624352
#r 0 5.5397637780
-122964257 -332624352
#r 0 1.7283228856
-122778251 -333795363
#r 0 5.4967142293
-340634393 559951828
#r 0 4.3500268246
-340634393 558951828
#r 0 0.6185823780
-341153593 558582277
#r 0 4.0528325206
-909594700 -252680642
#r 0 3.4856373537
-909594700 -251680642
#r 0 3.4426316800
-888682585 -245187952
#r 0 1.6738662184
43912064 302995607
#r 0 1.2623047026
43912064 301995607
#r 0 1.2390550734
39658429 289647315
#r 0 1.2097967329
117420708 890129395
#r 0 3.7862514019
117420708 889129395
#r 0 4.0530468836
119277971 891525704
#r 0 3.0726752718
-468178342 -347725758
#r 0 5.3850561937
-468178342 -346725758
#r 0 2.0322862183
-466854729 -349387327
#r 0 4.9521592947
71200613 -222501511
#r 0 6.2733519240
71200613 -221501511
#r 0 5.9552201311
74227072 -222531272
#r 0 4.6152800083
-243623499 -789879633
#r 0 4.3450101451
-243623499 -788879633
#r 0 0.4037873682
-243162913 -788682841
#r 0 4.3730858635
-769324329 107708350
#r 0 4.2972087394
-769324329 106708350
#r 0 3.8282855023
-770014560 106142505
#r 0 2.6369819227
635566251 196520845
#r 0 3.0699593022
635566251 195520845
#r 0 3.0433715662
598227798 199200108
#r 0 5.9567853207
195202581 -473800941
#r 0 2.8466046028
195202581 -472800941
#r 0 1.5114334707
195144203 -473783203
#r 0 5.6437479250
308865562 -904406367
#r 0 1.2024276082
308865562 -903406367
#r 0 2.4736063883
309161443 -903639812
#r 0 0.4710613411
710295145 -265660052
#r 0 4.5929070734
710295145 -264660052
#r 0 4.4267658202
710498223 -263968493
#r 0 2.2067266290
-659887626 -690524746
#r 0 0.2739506838
-659887626 -689524746
#r 0 1.5798204056
-659878625 -690522216
#r 0 1.2328627065
582191960 -738122481
#r 0 0.9228642838
582191960 -737122481
#r 0 4.1431931263
578056422 -743585930
#r 0 4.1054082509
619956929 619639294
#r 0 6.2495687442
619956929 618639294
#r 0 6.2677363644
674965274 617789406
#r 0 6.2728336735
279378978 182926265
#r 0 3.4700327840
279378978 181926265
#r 0 2.8943399788
277693207 182351783
#r 0 4.1524193849
-31041134 -356688329
#r 0 5.0573540340
-31041134 -355688329
#r 0 4.4887948740
-31180399 -356300763
#r 0 1.5660545300
531322273 778893238
#r 0 4.5030931478
531322273 777893238
#r 0 3.9323477545
531051797 777619848
#r 0 3.6106947413
-409016762 -551302065
#r 0 2.2814251568
-409016762 -550302065
#r 0 5.8572693463
-410428668 -549661501
#r 0 6.0801061779
-242530425 -410578653
#r 0 5.2711819898
-242530425 -409578653
#r 0 5.2737123682
-354059145 -232209582
#r 0 0.1351023572
280793211 -921368331
#r 0 2.6005439149
280793211 -920368331
#r 0 2.3353549325
283057107 -922728607
#r 0 1.2371645919
730390034 137322819
#r 0 5.0590054420
730390034 136322819
#r 0 4.1986082930
730610271 136713080
#r 0 2.8644219948
336241334 349827929
#r 0 2.6586497448
336241334 348827929
#r 0 4.2522005636
336634760 349621633
#r 0 2.6187400718
182629508 -60733374
#r 0 5.3447835824
182629508 -59733374
#r 0 5.2630042672
186415354 -65899728
#r 0 5.3499021614
-14583895 -391538609
#r 0 4.7027378595
-14583895 -390538609
#r 0 4.8989333123
-14574713 -390587258
#r 0 4.9148881545
-529968658 -541423045
#r 0 0.1206293802
-529968658 -540423045
#r 0 1.2941927127
-530262656 -541458683
#r 0 6.0281703433
-295721070 -115687762
#r 0 6.2810864018
-295721070 -114687762
#r 0 6.1736502352
-286451197 -115707219
#r 0 3.4112183496
-860392259 105310463
#r 0 6.1228589350
-860392259 104310463
#r 0 1.5901394475
-860411665 105313601
#r 0 4.9676798251
134282577 690186611
#r 0 2.3944403159
134282577 689186611
#r 0 6.0707770050
135689779 688883132
#r 0 5.8091481341
120775521 105317247
#r 0 5.9979660118
120775521 104317247
#r 0 1.2968760716
121035117 105241130
#r 0 5.2116433877
705482076 -427802156
#r 0 1.8578359288
705482076 -426802156
#r 0 1.8283098773
707924432 -436075954
#r 0 1.8528022897
67711290 -820628312
#r 0 1.4389616611
67711290 -819628312
#r 0 2.4445421463
67830643 -819728241
#r 0 1.5801157262
433987350 508403551
#r 0 2.4706179697
433987350 507403551
#r 0 3.6993033721
434692764 507843564
#r 0 5.5732051938
-118050258 19266698
#r 0 0.7160627173
-118050258 18266698
#r 0 0.7504875088
-102019908 33215119
#r 0 0.8063530017
-797637337 -148047045
#r 0 4.7819473539
-797637337 -147047045
#r 0 4.7342356983
-797605503 -148503965
#r 0 6.2786066573
-297627869 -312378482
#r 0 5.8270700105
-297627869 -311378482
#r 0 0.0940409014
-299337449 -311539728
#r 0 5.1940234157
526708312 738674488
#r 0 4.2456787419
526708312 737674488
#r 0 3.3898988896
526130692 737528039
#r 0 3.4404414795
902408713 326691638
#r 0 2.6622755403
902408713 325691638
#r 0 4.4524288484
902642388 326570187
#r 0 4.2610584005
194389026 724215994
#r 0 5.6246907855
194389026 723215994
#r 0 3.2608855033
195508148 723350134
#r 0 5.5902774327
479784988 -770379991
#r 0 5.1466257572
479784988 -769379991
#r 0 5.1173908789
485456131 -782608636
#r 0 5.1135965770
-131810955 348029062
#r 0 3.5935001432
-131810955 347029062
#r 0 6.2786613353
-133852047 347038296
#r 0 5.2363148299
586522933 -217901995
#r 0 5.2763284199
586522933 -216901995
#r 0 3.2941658165
585946537 -216990626
#r 0 1.9338236149
-187748036 23994930
#r 0 1.0777517795
-187748036 22994930
#r 0 1.1632144570
-185550069 28085653
#r 0 1.0301359787
352205545 -810872443
#r 0 2.7387303731
352205545 -809872443
#r 0 2.9266467265
347394445 -808822091
#r 0 6.0812034739
-281264150 625950435
#r 0 0.2356923643
-281264150 624950435
#r 0 0.2488648032
-209718968 643132431
#r 0 3.4544445101
805993669 -555805939
#r 0 1.9953781469
805993669 -554805939
#r 0 4.0596656805
805709580 -555177535
#r 0 2.1062890665
109176579 830254230
#r 0 5.5259144366
109176579 829254230
#r 0 3.6725160522
109829138 829637385
#r 0 3.8632315641
454603456 -115132683
#r 0 0.4490195485
454603456 -114132683
#r 0 0.5012721422
439476932 -122421344
#r 0 4.0365778500
-841858840 456991149
#r 0 4.3825150686
-841858840 455991149
#r 0 5.8845689794
-842158075 456117176
#r 0 4.4958712571
-394302774 -111391377
#r 0 5.5742607227
-394302774 -110391377
#r 0 2.5963879830
-398284714 -107976224
#r 0 4.7795739007
-44928054 515757560
#r 0 0.4377924357
-44928054 514757560
#r 0 5.8672725119
-46027238 515243047
#r 0 3.5315237256
-121117037 -740886462
#r 0 0.4553809968
-121117037 -739886462
#r 0 1.0629703335
-121882025 -741261083
#r 0 0.3988872073
-104972969 -794518837
#r 0 0.8335986446
-104972969 -793518837
#r 0 3.1483914814
-104059365 -793512625
#r 0 0.4503879653
-228728329 -70115130
#r 0 0.6754872335
-228728329 -69115130
#r 0 1.1439041340
-229444031 -70688568
#r 0 4.8682550426
211817052 -353830981
#r 0 3.5380029595
211817052 -352830981
#r 0 3.5270470662
289837850 -321173953
#r 0 3.0836048995
714039536 -444378998
#r 0 4.6007931731
714039536 -443378998
#r 0 1.9021617767
714124065 -443624686
#r 0 1.9138333026
210279624 -719446913
#r 0 2.8742146480
210279624 -718446913
#r 0 3.1391830849
206596760 -718438039
#r 0 5.9138833721
-252990652 907596128
#r 0 0.0296106219
-252990652 906596128
#r 0 4.7996340291
-253077893 907593544
#r 0 4.2825978295
-111775591 385835601
#r 0 5.7619910444
-111775591 384835601
#r 0 2.2736561515
-113425142 386782689
#r 0 3.0390461424
-751715650 246572132
#r 0 0.2708179771
-751715650 245572132
#r 0 2.4762561394
-752656977 246310783
#r 0 1.6452026896
734240015 -107718197
#r 0 2.9842389851
734240015 -106718197
#r 0 3.2106154971
729850161 -107021679
#r 0 0.1238454929
451097033 876365304
#r 0 5.6027589681
451097033 875365304
#r 0 4.0971522947
451546611 876001431
#r 0 4.0650051856
-213751703 -188883800
#r 0 1.1057098074
-213751703 -187883800
#r 0 5.8012200077
-213354237 -188091719
#r 0 1.6453481188
-871609781 -439190600
#r 0 1.1747221154
-871609781 -438190600
#r 0 6.2322830499
-871200331 -438211460
#r 0 1.1475797250
873731973 -187795839
#r 0 2.1331167566
873731973 -186795839
#r 0 3.9690048231
873358085 -187202542
#r 0 4.0283828211
476321941 -514170025
#r 0 1.9481786925
476321941 -513170025
#r 0 2.3418278274
475652451 -512481016
#r 0 3.5733391167
648529161 -258031637
#r 0 0.7820749005
648529161 -257031637
#r 0 3.5526134025
650322786 -256249894
#r 0 4.9976923700
-947200162 54478327
#r 0 5.2881625254
-947200162 53478327
#r 0 5.3147488616
-935595154 36600938
#r 0 5.3221843630
-72923073 965837855
#r 0 3.9267468397
-72923073 964837855
#r 0 3.9594914283
-58151384 980602338
#r 0 3.9753412523
533900477 -572149686
#r 0 3.5290979882
533900477 -571149686
#r 0 3.6069385678
523260252 -576492406
#r 0 3.4921857028
-787439174 -505763987
#r 0 1.1060775261
-787439174 -504763987
#r 0 2.0843307167
-787173759 -505234575
#r 0 1.3141826135
-244124713 -774407860
#r 0 3.2588696192
-244124713 -773407860
#r 0 0.9911577911
-244834078 -774491436
#r 0 0.7170522419
912688030 366379819
#r 0 2.9932220517
912688030 365379819
#r 0 4.3924126827
913003756 366332628
#r 0 2.1656292195
65744808 676218049
#r 0 3.0299096879
65744808 675218049
#r 0 3.2354365908
70592822 675674346
#r 0 2.9981873580
-530446177 836542796
#r 0 5.6753696866
-530446177 835542796
#r 0 4.1284245106
-529993458 836227852
#r 0 4.6577414074
-415563059 -298865844
#r 0 0.2608845948
-415563059 -297865844
#r 0 5.1548819714
-415142437 -298753551
#r 0 2.4590401990
-886033412 -228132643
#r 0 6.0779790560
-886033412 -227132643
#r 0 0.3817676861
-887673832 -227791212
#r 0 1.6408809690
-277974413 -935647969
#r 0 6.1085900336
-277974413 -934647969
#r 0 1.4588825170
-278084612 -935628531
#r 0 1.0011621955
200104270 740576328
#r 0 5.4663346969
200104270 739576328
#r 0 3.5554015852
200769103 739868301
#r 0 5.3925232174
-138670661 -326693416
#r 0 4.6823876730
-138670661 -325693416
#r 0 4.4758035593
-138636384 -325551248
#r 0 1.7086235379
-420259027 -893966584
#r 0 1.0334143439
-420259027 -892966584
#r 0 1.9963172292
-420001605 -893534579
#r 0 1.1271540757
-798050443 -196980374
#r 0 4.8928359371
-798050443 -195980374
#r 0 4.9035223006
-801240933 -179491656
#r 0 3.7264747977
-402542994 -134498653
#r 0 0.7478146894
-402542994 -133498653
#r 0 3.1795305737
-401418851 -133455985
#r 0 1.3150998826
508744237 816338581
#r 0 3.8975379181
508744237 815338581
#r 0 5.6610176148
508141809 815770634
#r 0 5.6401055029
-397593185 913590386
#r 0 5.7736037841
-397593185 912590386
#r 0 6.0458234043
-394437486 911826952
#r 0 4.4444815612
-443314379 -868631678
#r 0 0.0328026115
-443314379 -867631678
#r 0 1.1984847646
-443709973 -868644659
#r 0 0.0919021260
-533147680 613971414
#r 0 4.3771971100
-533147680 612971414
#r 0 4.8377667977
-533240231 613705719
#r 0 5.9523222034
-770932227 -336799630
#r 0 0.5803327810
-770932227 -335799630
#r 0 2.7576512119
-769988505 -336180884
#r 0 1.8439832109
-313801222 -169811900
#r 0 6.1463669064
-313801222 -168811900
#r 0 5.9212752286
-309650235 -170383402
#r 0 6.2099232024
396351162 236536477
#r 0 5.5591548689
396351162 235536477
#r 0 5.6500817607
403002524 230655182
#r 0 5.6137042906
653214263 -656222690
#r 0 5.3555772235
653214263 -655222690
#r 0 3.2624699439
652527295 -655306136
#r 0 5.4052492603
-126037657 252119065
#r 0 4.8698651723
-126037657 251119065
#r 0 3.9367720648
-125900995 251258427
#r 0 3.0394294107
795662488 -210263076
#r 0 1.3558848554
795662488 -209263076
#r 0 3.1203262630
795879762 -209267697
#r 0 1.4030409308
-552602322 134431660
#r 0 5.5809722482
-552602322 133431660
#r 0 1.7066869895
-552756943 134562482
#r 0 5.9625103245
-25074801 475442830
#r 0 5.3060205693
-25074801 474442830
#r 0 4.6710375344
-25035816 475385060
#r 0 4.9893006390
-581753711 58339560
#r 0 5.5493746563
-581753711 57339560
#r 0 4.8579878464
-581922693 58491949
#r 0 5.2709685599
-123676106 -141587957
#r 0 5.7835048386
-123676106 -140587957
#r 0 6.0597944113
-126813803 -139875127
#r 0 3.2844163060
-770394741 -202777594
#r 0 4.1840132647
-770394741 -201777594
#r 0 0.6735003106
-769302003 -200905625
#r 0 4.1586697859
226219170 40973701
#r 0 4.5127457513
226219170 39973701
#r 0 6.0066889162
226027818 40028000
#r 0 0.8370930793
-730767039 -317649186
#r 0 2.9190677917
-730767039 -316649186
#r 0 2.2507701840
-729777337 -317873128
#r 0 1.9613604351
313987082 -595303530
#r 0 5.9240110544
313987082 -594303530
#r 0 5.9685496661
293992665 -587796418
#r 0 1.1083628011
422385780 609464897
#r 0 2.7870069955
422385780 608464897
#r 0 3.2602795240
424428759 608708517
#r 0 3.3193300546
-283682688 -708434606
#r 0 1.3456777567
-283682688 -707434606
#r 0 0.5480895174
-283416471 -707272086
#r 0 2.2787619004
-165174039 -771223105
#r 0 1.3489536567
-165174039 -770223105
#r 0 1.3575432726
-170595385 -795258684
#r 0 3.1087977639
-595802012 -385074130
#r 0 0.7940637903
-595802012 -384074130
#r 0 2.5147935466
-595227863 -384489943
#r 0 2.2396421705
277214466 -802769623
#r 0 1.9979872509
277214466 -801769623
#r 0 2.6087581955
276592182 -801402643
#r 0 2.9261022103
-49223034 10182434
#r 0 2.6021438506
-49223034 9182434
#r 0 1.2831600166
-48971707 10031969
#r 0 4.8475870877
606551053 -19018638
#r 0 3.7812944654
606551053 -18018638
#r 0 3.8604886322
598919566 -24697078
#r 0 3.8388996839
-355498144 909755308
#r 0 5.0629646850
-355498144 908755308
#r 0 5.1129414991
-352817465 902424660
#r 0 5.0085116740
47076853 -733059593
#r 0 0.8176756233
47076853 -732059593
#r 0 0.3650125840
48537569 -731501400
#r 0 0.4217580604
-374230082 240356462
#r 0 2.8720309980
-374230082 239356462
#r 0 4.0693858854
-373609351 240184963
#r 0 0.2501039726
57914385 673072022
#r 0 6.1628304588
57914385 672072022
#r 0 4.6529599426
57973459 673064878
#r 0 5.4286058631
-434227853 -134865342
#r 0 3.6041768719
-434227853 -133865342
#r 0 3.5530754893
-418170348 -126857922
#r 0 3.3858065149
-803935016 3201268
#r 0 3.1759009575
-803935016 2201268
#r 0 5.3533197500
-804662384 3176303
#r 0 5.1752580413
612533705 664406426
#r 0 5.9645790856
612533705 663406426
#r 0 3.2743220803
614691865 663694571
#r 0 4.6617962205
-128789750 -864403732
#r 0 4.7274237740
-128789750 -863403732
#r 0 4.8217201075
-128807172 -863245013
#r 0 4.8469457423
49745228 181238661
#r 0 1.5150574261
49745228 180238661
#r 0 0.1308506800
49689019 180231264
#r 0 3.9268611355
582907428 511612935
#r 0 0.5848471582
582907428 510612935
#r 0 2.7447456410
581982530 511000543
#r 0 4.7336475402
616180789 -199370439
#r 0 1.9359932969
616180789 -198370439
#r 0 2.1793572411
615333507 -197154440
#r 0 3.3264902101
144982153 -279834439
#r 0 0.0865647854
144982153 -278834439
#r 0 3.5926677066
142467062 -280052703
#r 0 0.6950246223
-152837913 140842892
#r 0 5.2002471144
-152837913 139842892
#r 0 0.5977698229
-152448108 140108298
#r 0 5.1982916210
549838263 -730153584
#r 0 0.1883464151
549838263 -729153584
#r 0 1.2102362579
549432026 -730231015
#r 0 0.1639098975
-591139324 -247371007
#r 0 5.6066817731
-591139324 -246371007
#r 0 3.2600939673
-592223977 -246500145
#r 0 0.8643330438
-753947354 98952221
#r 0 2.0191002391
-753947354 97952221
#r 0 5.7285711822
-753262273 97527833
#r 0 0.8501205429
-98352464 -743450637
#r 0 1.7258381472
-98352464 -742450637
#r 0 0.6319330684
-98492713 -742553310
#r 0 0.6652232261
611104978 -524723090
#r 0 2.3996470304
611104978 -523723090
#r 0 3.4624784287
610304361 -523989193
#r 0 2.4410368128
-276948858 -364114257
#r 0 2.9856115755
-276948858 -363114257
#r 0 0.4664383278
-278462286 -363876258
#r 0 6.2789388492
-558362802 302376104
#r 0 2.7067779094
-558362802 301376104
#r 0 2.6606599469
-575803999 310476867
#r 0 5.7796467809
-267275647 10250653
#r 0 0.2894616723
-267275647 9250653
#r 0 4.9132478042
-267467611 10193481
#r 0 0.2133289471
425647155 -827346206
#r 0 6.0840932601
