701687785 -541700890
#r 0 2.2537292250
701687785 -540700890
#r 0 1.8797423963
702213010 -542346507
#r 0 0.2310857108
-499127383 633119407
#r 0 4.6400206890
-499127383 632119407
#r 0 5.2086429285
-499191318 632237488
#r 0 5.2881430903
-483608482 -622730427
#r 0 2.7246051633
-483608482 -621730427
#r 0 5.6870562583
-479362287 -624611339
#r 0 3.1794867644
-400050622 -282770132
#r 0 2.0735641308
-400050622 -281770132
#r 0 1.9505773546
-398594513 -285418076
#r 0 1.9385104015
301295572 728310821
#r 0 2.7596254546
301295572 727310821
#r 0 4.7256122791
301282277 728316161
#r 0 2.7745754337
538670319 187274473
#r 0 2.3402366070
538670319 186274473
#r 0 5.7569320634
540884957 184988001
#r 0 2.9511197522
-356518068 -65592954
#r 0 1.9095880736
-356518068 -64592954
#r 0 2.7999110828
-356920931 -64449684
#r 0 4.4047592301
-276446552 932869643
#r 0 5.4841289384
-276446552 931869643
#r 0 5.0327688046
-276950060 933387096
#r 0 6.0172701280
-550539604 -271667289
#r 0 1.4737780897
-550539604 -270667289
#r 0 3.9250627699
-550431832 -270559932
#r 0 3.7216897231
-618319202 -169265767
#r 0 5.9898782382
-618319202 -168265767
#r 0 6.0294753367
-641727235 -162196121
#r 0 1.3910414030
755102565 -188650360
#r 0 4.3797093517
755102565 -187650360
#r 0 1.8841165253
755269770 -188166438
#r 0 2.6015910383
380790345 -501424583
#r 0 5.3046506602
380790345 -500424583
#r 0 2.1765745111
357273021 -466472059
#r 0 2.5783603762
-579009961 358478730
#r 0 4.3756953343
-579009961 357478730
#r 0 3.9774815959
-579581219 356846664
#r 0 0.9636442107
299350043 -849072587
#r 0 0.7951302192
299350043 -848072587
#r 0 0.8471476915
290433376 -858164520
#r 0 2.0788358014
547958642 -796389549
#r 0 1.5082062968
547958642 -795389549
#r 0 2.5851099311
548018962 -795427072
#r 0 1.4920908117
120566706 -818818612
#r 0 1.6995742959
120566706 -817818612
#r 0 1.0539355840
120461239 -818004162
#r 0 1.0429695510
137093106 -178832048
#r 0 5.9688336609
137093106 -177832048
#r 0 5.4538987450
138397337 -179256096
#r 0 4.0109777586
-671832205 450572368
#r 0 1.3448564709
-671832205 449572368
#r 0 5.9995807326
-672047636 449635158
#r 0 6.2214419728
-468532303 -84888903
#r 0 1.5404132922
-468532303 -83888903
#r 0 1.3885833906
-468495907 -83691376
#r 0 1.3666252167
242220329 -192797614
#r 0 5.3206232515
242220329 -191797614
#r 0 2.9861300428
241438742 -191675118
#r 0 5.3854324020
474168597 127670696
#r 0 4.6810898979
474168597 126670696
#r 0 0.3187483414
474136961 126660256
#r 0 0.3128903072
595496296 -707793242
#r 0 1.9295806085
595496296 -706793242
#r 0 1.7958851311
596084237 -709361020
#r 0 2.4602447153
677928845 -196320030
#r 0 5.4269378313
677928845 -195320030
#r 0 1.5883519663
677946765 -196340688
#r 0 4.4041655813
134234208 -184258840
#r 0 6.0846133225
134234208 -183258840
#r 0 3.3347811351
131714377 -183751790
#r 0 3.7662872416
-222667336 -46611794
#r 0 5.3778411709
-222667336 -45611794
#r 0 0.4985005751
-223217258 -45911148
#r 0 1.1529134171
219528894 970092025
#r 0 3.8853012813
219528894 969092025
#r 0 3.7139201623
215901185 966754848
#r 0 4.9312981903
-384209398 -106897359
#r 0 1.9641249010
-384209398 -105897359
#r 0 3.4791728303
-384571594 -106024496
#r 0 2.0297736993
615373946 -411111791
#r 0 4.5148297935
615373946 -410111791
#r 0 3.3962433051
615585119 -410056822
#r 0 5.5833807441
326662212 790338362
#r 0 4.9859113165
326662212 789338362
#r 0 3.1430190982
326942654 789338762
#r 0 5.6787323151
340630368 -61653550
#r 0 2.9366974275
340630368 -60653550
#r 0 4.5981404389
340518292 -61630259
#r 0 2.5785840079
-936931568 -253662529
#r 0 0.0612137473
-936931568 -252662529
#r 0 4.8804959991
-936763606 -253652235
#r 0 0.0040122413
-55698254 -527054964
#r 0 3.2700539489
-55698254 -526054964
#r 0 4.0078052327
-56653287 -527178328
#r 0 3.6465499297
-176767589 -188188183
#r 0 5.6515414959
-176767589 -187188183
#r 0 3.3067199222
-177880828 -187373698
#r 0 5.4969182324
133207554 429148051
#r 0 1.7156125273
133207554 428148051
#r 0 2.1304659320
133397640 427844636
#r 0 1.7336956690
420725815 -425022251
#r 0 3.6933381830
420725815 -424022251
#r 0 1.3853676926
420513746 -425152781
#r 0 3.5744299771
-984543034 144270826
#r 0 5.4707495351
-984543034 143270826
#r 0 0.0993841371
-983677461 143357135
#r 0 5.6477047872
366737756 485628537
#r 0 4.6862296386
366737756 484628537
#r 0 4.1783677480
366710379 484582240
#r 0 3.1574406769
-649282821 -270779598
#r 0 5.2621733028
-649282821 -269779598
#r 0 5.3223638705
-654258604 -262659960
#r 0 5.1408040080
411724544 245564399
#r 0 0.9282971930
411724544 244564399
#r 0 3.6987204916
410322343 243690890
#r 0 0.9888037264
795592083 -315379132
#r 0 2.8512539877
795592083 -314379132
#r 0 3.0635134612
791057828 -314024380
#r 0 1.5888536826
-521849662 466816098
#r 0 0.4581076935
-521849662 465816098
#r 0 4.5016352609
-521610503 466934026
#r 0 4.6969068471
-558514126 -706353026
#r 0 5.9847086717
-558514126 -705353026
#r 0 1.9786111735
-558015859 -706506327
#r 0 1.8140615012
-218018041 -776753981
#r 0 1.5784250204
-218018041 -775753981
#r 0 3.1559432917
-218025669 -775754090
#r 0 0.5955205077
517252615 315449462
#r 0 3.4388514203
517252615 314449462
#r 0 4.6376730323
517329227 315472931
#r 0 3.4670000398
-836634468 79323631
#r 0 3.1394869476
-836634468 78323631
#r 0 5.3217856434
-837333517 79325103
#r 0 5.4394555910
-478957491 -425697431
#r 0 2.4397428529
-478957491 -424697431
#r 0 1.5617901915
-478966429 -425689874
#r 0 5.7496305156
744680137 283363242
#r 0 5.4091552708
744680137 282363242
#r 0 5.1077452513
743847581 284358199
#r 0 5.3479288256
787479252 -388621533
#r 0 1.7352997723
787479252 -387621533
#r 0 1.3251206621
787379373 -388019867
#r 0 1.8096139179
734374273 161323653
#r 0 2.9112723475
734374273 160323653
#r 0 0.2135792664
736589758 160804163
#r 0 0.8408361528
-835925574 -325109799
#r 0 0.7914031621
-835925574 -324109799
#r 0 0.7300931488
-827378376 -316459328
#r 0 5.0657236893
191098699 -491490599
#r 0 2.8689873498
191098699 -490490599
#r 0 2.7557777155
198997214 -493698748
#r 0 1.1138290885
76967052 -918743877
#r 0 4.4907841251
76967052 -917743877
#r 0 4.4677765858
79280852 -908474250
#r 0 4.4095857299
-458212991 -390070259
#r 0 6.1656440383
-458212991 -389070259
#r 0 1.4786154937
-458304436 -390059461
#r 0 0.3440924134
-561441965 -303326039
#r 0 3.3332006812
-561441965 -302326039
#r 0 3.4783241598
-567849109 -304568947
#r 0 3.5993273213
-143029320 -288205830
#r 0 4.4603692252
-143029320 -287205830
#r 0 0.7853392383
-142682543 -286859094
#r 0 0.4300633750
-217724255 370576245
#r 0 1.1097438872
-217724255 369576245
#r 0 1.0450327951
-221177062 363625595
#r 0 2.4346881431
231282029 -813119927
#r 0 3.9378986566
231282029 -812119927
#r 0 1.9179338523
231546153 -812849978
#r 0 0.7151589525
-173650117 941397434
#r 0 5.2841161388
-173650117 940397434
#r 0 5.2515825197
-182191008 954671890
#r 0 5.9559096307
-974261600 -135035256
#r 0 1.2763903574
-974261600 -134035256
#r 0 0.8196352466
-973812572 -133554378
#r 0 0.9345271438
-219071864 876570219
#r 0 6.0429474582
-219071864 875570219
#r 0 5.5489824915
-220592670 876942769
#r 0 6.2349611915
841216372 -245702053
#r 0 3.8911087820
841216372 -244702053
#r 0 3.2770792790
842475229 -244530443
#r 0 3.9812235492
-554460271 622376857
#r 0 3.7145522122
-554460271 621376857
#r 0 4.8197256554
-554561018 622311860
#r 0 5.5851036349
-710372218 -603481641
#r 0 2.0417190939
-710372218 -602481641
#r 0 3.5360892295
-710792304 -602656532
#r 0 3.6940329426
57367412 137137296
#r 0 0.6618601643
57367412 136137296
#r 0 0.7501764533
63910362 142234842
#r 0 0.6741377353
350298717 99524416
#r 0 5.0640380509
350298717 98524416
#r 0 1.3633440951
350432468 99159871
#r 0 3.0235331844
124361302 -505132095
#r 0 1.9643006329
124361302 -504132095
#r 0 2.0707160366
122630865 -500963947
#r 0 2.0417651061
-544744435 413022941
#r 0 0.9507609954
-544744435 412022941
#r 0 0.6852258358
-546458840 410621687
#r 0 1.0132136414
-119196968 -904270036
#r 0 1.9552180776
-119196968 -903270036
#r 0 1.8795814115
-117688721 -907998256
#r 0 1.9305396622
-804414631 -463783652
#r 0 5.7257262078
-804414631 -462783652
#r 0 5.0808983528
-803906050 -464100709
#r 0 0.6454296799
551441948 -761356956
#r 0 1.5786834287
551441948 -760356956
#r 0 1.4761093920
551434666 -760433637
#r 0 1.5559401982
27156741 -865736728
#r 0 2.2806967769
27156741 -864736728
#r 0 0.7864997825
26695032 -865199455
#r 0 2.2757191725
940217810 -146619311
#r 0 3.8543768303
940217810 -145619311
#r 0 3.9518884283
934861512 -151249196
#r 0 2.0476847366
-914055295 46387478
#r 0 6.1657562539
-914055295 45387478
#r 0 1.4291270965
-913915030 46370931
#r 0 5.3921694827
-936955659 -34943340
#r 0 0.5207137959
-936955659 -33943340
#r 0 0.1837224341
-934376293 -33464048
#r 0 0.5860389519
-369379595 277222742
#r 0 5.9401338624
-369379595 276222742
#r 0 2.2858932616
-370638519 277672397
#r 0 0.4254198514
-821124475 11788443
#r 0 1.0137964437
-821124475 10788443
#r 0 1.0393874573
-810655264 28598945
#r 0 0.9744544246
-490967586 616064171
#r 0 4.6461714116
-490967586 615064171
#r 0 0.4091151591
-491035864 615034567
#r 0 5.5454595467
-678074763 -588467848
#r 0 1.3409796154
-678074763 -587467848
#r 0 2.3761837340
-677883749 -587651374
#r 0 2.3586149493
217643120 -215305082
#r 0 6.2170707099
217643120 -214305082
#r 0 6.2327728812
154174922 -211102783
#r 0 1.7287995557
-682169509 -158834214
#r 0 5.9985333135
-682169509 -157834214
#r 0 3.9781039394
-682883576 -158625280
#r 0 5.0387374582
557597791 508080141
#r 0 1.9337805255
557597791 507080141
#r 0 4.9688897089
556750245 510311619
#r 0 4.2516863525
639262792 -399950495
#r 0 1.1928084560
639262792 -398950495
#r 0 4.5171325017
638868757 -400942824
#r 0 0.4201242726
61684808 -566926225
#r 0 0.6142750079
61684808 -565926225
#r 0 4.2358333608
60872974 -567498812
#r 0 1.2479322646
523190902 523430949
#r 0 4.2935793101
523190902 522430949
#r 0 1.7260788145
523075087 523170777
#r 0 3.2648913427
-97120665 -106773775
#r 0 5.2391727558
-97120665 -105773775
#r 0 5.1257292598
-95336729 -109841041
#r 0 5.6677850538
-565009351 514254679
#r 0 0.1878790373
-565009351 513254679
#r 0 0.5194744390
-562389787 514752714
#r 0 5.2282644603
334580786 -482417867
#r 0 1.0145878370
334580786 -481417867
#r 0 1.0212919241
293450333 -548578013
#r 0 0.8765912015
-302732954 278207160
#r 0 5.8401296411
-302732954 277207160
#r 0 4.1546236896
-302251604 277978751
#r 0 3.4671331240
-258338693 -552221732
#r 0 5.2459896656
-258338693 -551221732
#r 0 5.4822851563
-259851030 -549661765
#r 0 5.2040943625
-571070279 -284224233
#r 0 5.5934041010
-571070279 -283224233
#r 0 3.7371212184
-571735809 -283675191
#r 0 3.8715240645
481874853 641887316
#r 0 0.9951449784
481874853 640887316
#r 0 1.0784875356
484965787 646650140
#r 0 1.1512012695
-479273610 -106822827
#r 0 1.3529298848
-479273610 -105822827
#r 0 2.1310602265
-479109976 -106083674
#r 0 1.2634485614
-4238218 -621301856
#r 0 3.7763244879
-4238218 -620301856
#r 0 1.0488191313
-5236054 -622036650
#r 0 3.1371424211
-213551122 -22815755
#r 0 5.7536119599
-213551122 -21815755
#r 0 2.9793468747
-215922704 -21427564
#r 0 0.5536582293
-874003763 -51756842
#r 0 0.8457221858
-874003763 -50756842
#r 0 0.8311743264
-843276752 -17079589
#r 0 2.1382549016
-191082364 -706539912
#r 0 0.3652706702
-191082364 -705539912
#r 0 6.2825588691
-188471798 -705541547
#r 0 1.9866618961
-712230836 221529366
#r 0 4.8814960055
-712230836 220529366
#r 0 5.2517263890
-711991955 220130252
#r 0 3.7505835795
-780382671 126943689
#r 0 0.3245931555
-780382671 125943689
#r 0 0.5338871629
-776455802 128265060
#r 0 4.3706014578
-236286024 -513307999
#r 0 0.1902388378
-236286024 -512307999
#r 0 5.2898503850
-235707112 -513196519
#r 0 1.4186068143
432125842 146983063
#r 0 5.8677301119
432125842 145983063
#r 0 1.4067621917
432280100 146915015
#r 0 2.2440039158
-261116530 -918750953
#r 0 1.5273240910
-261116530 -917750953
#r 0 0.5080280890
-261071951 -917726132
#r 0 6.1387697613
118024946 613168088
#r 0 1.9515715253
118024946 612168088
#r 0 4.1251471597
118274913 612543657
#r 0 1.8173623498
-464226731 -787773296
#r 0 0.1737216818
-464226731 -786773296
#r 0 0.5982632777
-466202627 -788120047
#r 0 0.0622579301
-243669211 -909135288
#r 0 1.7570877555
-243669211 -908135288
#r 0 6.0796613801
-243865316 -908094816
#r 0 1.2709663693
-477273716 873997373
#r 0 4.2240035085
-477273716 872997373
#r 0 4.4557047959
-476754984 874973687
#r 0 5.5394639123
-723337552 322551553
#r 0 5.1204820730
-723337552 321551553
#r 0 5.1027389852
-731848915 342237107
#r 0 6.0753422655
-109826943 -461038229
#r 0 0.0949067408
-109826943 -460038229
#r 0 4.0531206038
-110663594 -461117872
#r 0 4.6571991699
273596302 -710435175
#r 0 2.1493044416
273596302 -709435175
#r 0 3.4623893977
273059700 -709613474
#r 0 0.3861686653
-495340295 -231301155
#r 0 6.2231473000
-495340295 -230301155
#r 0 0.1154054736
-501021119 -230959679
#r 0 3.4055323133
-335666797 -774290530
#r 0 0.0494544590
-335666797 -773290530
#r 0 0.0034750533
-313936996 -773215017
#r 0 0.2927631261
-44434562 -424288087
#r 0 2.7091706352
-44434562 -423288087
#r 0 4.4382560435
-44683468 -424173203
#r 0 6.0921935202
482272679 648017210
#r 0 0.8657052720
482272679 647017210
#r 0 0.8481443984
457862619 619334211
#r 0 0.9125230042
-848718430 -335529233
#r 0 1.7291645987
-848718430 -334529233
#r 0 0.8569159800
-848853276 -334684891
#r 0 1.0771782241
-538168394 -366123595
#r 0 2.7027110570
-538168394 -365123595
#r 0 6.1671902935
-541002083 -364793419
#r 0 2.5555379923
780704324 -493859950
#r 0 4.0299033846
780704324 -492859950
#r 0 4.1590553803
778130727 -497026360
#r 0 4.1029772481
101574837 -660299922
#r 0 1.2509190909
101574837 -659299922
#r 0 1.2211200937
105190547 -649384676
#r 0 1.6335082858
274165912 -778182756
#r 0 1.3610619520
274165912 -777182756
#r 0 2.0474335650
274316639 -777474668
#r 0 2.2034786089
-30247511 -354320033
#r 0 1.2207312512
-30247511 -353320033
#r 0 5.6213872120
-29963254 -353541466
#r 0 5.6074001603
196232884 -273237791
#r 0 0.7077271325
196232884 -272237791
#r 0 5.7239687632
196907902 -272660257
#r 0 1.6571620899
-43571381 -254057842
#r 0 2.0220364010
-43571381 -253057842
#r 0 5.3411008994
-45024076 -251060032
#r 0 5.2721950193
245238934 77228773
#r 0 3.5788701767
245238934 76228773
#r 0 2.4700497289
244446684 76858429
#r 0 2.5501368804
691449954 36763389
#r 0 4.1506454481
691449954 35763389
#r 0 4.0035430629
689084290 33004675
#r 0 4.0121658005
305194638 -415436078
#r 0 2.2742437106
305194638 -414436078
#r 0 2.2727452858
583938129 -744066024
#r 0 2.9882657217
326597884 -216545057
#r 0 6.1173418790
326597884 -215545057
#r 0 3.9882732454
325827540 -216416116
#r 0 3.0954431500
48717586 -293671845
#r 0 3.1957636465
48717586 -292671845
#r 0 0.3257197997
45190565 -293863094
#r 0 5.7766959982
530625494 -89118625
#r 0 5.7653609765
530625494 -88118625
#r 0 2.0862478920
531462013 -89595170
#r 0 4.8697918112
42124448 645983829
#r 0 2.5049557581
42124448 644983829
#r 0 3.3585640036
43166363 645213510
#r 0 1.5355185735
-178491570 670902010
#r 0 4.9924922583
-178491570 669902010
#r 0 0.4847995979
-178241756 670033594
#r 0 0.4543883614
78464923 432039983
#r 0 0.8827527084
78464923 431039983
#r 0 4.8713944483
78330739 431876753
#r 0 0.9139799173
160031141 -417843750
#r 0 3.7898074240
160031141 -416843750
#r 0 5.6997858127
160736644 -417309409
#r 0 0.4372323284
-430166093 553065446
#r 0 4.0794947549
-430166093 552065446
#r 0 3.9466415363
-433260859 548846597
#r 0 3.9923646378
17710008 853207122
#r 0 0.5240745615
17710008 852207122
#r 0 0.5872009567
29135377 859810812
#r 0 3.7085045311
14875479 -715975258
#r 0 0.4750671397
14875479 -714975258
#r 0 4.8139924209
14972353 -715925430
#r 0 1.3131146551
-415569731 -638404763
#r 0 6.0733696850
-415569731 -637404763
#r 0 1.5339315160
-415606325 -638396970
#r 0 2.9656563514
-773961145 -176289730
#r 0 4.0943704661
-773961145 -175289730
#r 0 4.7774505901
-773901461 -176205777
#r 0 4.7793409691
940988252 -325744210
#r 0 1.4645092177
940988252 -324744210
#r 0 1.5707187567
940988174 -325744938
#r 0 3.4907790217
-826089410 389315028
#r 0 5.4785643623
-826089410 388315028
#r 0 5.3089808919
-828397625 391713735
#r 0 5.4213809801
787581078 -76307990
#r 0 0.9962588305
787581078 -75307990
#r 0 3.3278623010
788318426 -75169034
#r 0 2.4734139958
-720594767 -54294382
#r 0 0.8253670970
-720594767 -53294382
#r 0 2.3019150483
-720139854 -53801569
#r 0 5.7699960120
594911311 732837332
#r 0 3.6596841024
594911311 731837332
#r 0 3.7834993490
600545706 736049108
#r 0 3.4629496308
288809318 -738112341
#r 0 3.3194906913
288809318 -737112341
#r 0 1.3937593678
288624462 -738145578
#r 0 2.1841628142
-344837829 -486706031
#r 0 0.1819974974
-344837829 -485706031
#r 0 2.5199958912
-343727158 -486501630
#r 0 0.1721483101
-62712054 -847301326
#r 0 2.7679612057
-62712054 -846301326
#r 0 3.3537513140
-64358288 -846655925
#r 0 1.7990666992
-250419138 -693493865
#r 0 4.3970354363
-250419138 -692493865
#r 0 1.1858818227
-248743629 -688358056
#r 0 1.2616557817
366755340 -91389671
#r 0 4.0892906751
366755340 -90389671
#r 0 4.0315596226
373121325 -82530760
#r 0 6.0938983470
961566412 68953195
#r 0 3.5930602693
961566412 67953195
#r 0 3.6016257847
597164501 -516317146
#r 0 2.6562769613
597164501 -515317146
#r 0 2.0001106845
597767996 -516635421
#r 0 4.5395589813
-877313621 -335845740
#r 0 3.6879070022
-877313621 -334845740
#r 0 3.7007755297
-380835327 -806301119
#r 0 0.3073107030
-380835327 -805301119
#r 0 2.1377203085
-380305699 -806133034
#r 0 0.3183185196
822465216 -184570263
#r 0 2.8350535759
822465216 -183570263
#r 0 1.5166859103
822411966 -184553408
#r 0 1.9539649750
186036512 447263379
#r 0 2.7098067339
186036512 446263379
#r 0 2.6178000458
177476655 451207627
#r 0 2.5955800424
-324336703 -906969741
#r 0 0.7314161168
-324336703 -905969741
#r 0 1.1635036286
-325040692 -907601551
#r 0 1.2804152376
-23877194 30146238
#r 0 1.0019185136
-23877194 29146238
#r 0 0.2098057232
-24617354 28988629
#r 0 0.8780651854
-646955563 126488175
#r 0 4.4612807095
-646955563 125488175
#r 0 1.1951204796
-647689325 123627758
#r 0 1.5800547775
647455009 119171730
#r 0 1.6961587109
647455009 118171730
#r 0 1.6303982271
647341670 120071081
#r 0 1.6680194626
-614105525 708095676
#r 0 4.5302865655
-614105525 707095676
#r 0 5.1089549130
-614233425 707401107
#r 0 4.5030546108
-144601442 -246545691
#r 0 6.1619031742
-144601442 -245545691
#r 0 3.7791480823
-145760686 -246404402
#r 0 2.1009747918
-755786970 456770808
#r 0 0.8351456003
-755786970 455770808
#r 0 0.8934985873
-748575837 464737629
#r 0 4.3032371891
-942398078 -178453409
#r 0 0.8915466489
-942398078 -177453409
#r 0 5.8987495791
-941789464 -177699633
#r 0 5.9039639437
711522906 98276513
#r 0 4.1853128946
711522906 97276513
#r 0 2.2984301554
711170915 97671713
#r 0 4.3582241368
-865732126 -389513957
#r 0 2.8112660985
-865732126 -388513957
#r 0 2.8697626194
-881318056 -384169701
#r 0 2.7047927449
457994694 -775492143
#r 0 0.9573417920
457994694 -774492143
#r 0 2.1307159578
458326301 -775021159
#r 0 0.8846824628
223679184 -734348721
#r 0 2.8806326463
223679184 -733348721
#r 0 2.0751578996
224326596 -734521612
#r 0 4.1402435293
590989480 604339845
#r 0 4.1590339153
590989480 603339845
#r 0 4.1835265725
601816839 621867474
#r 0 2.6976368061
33739637 326385330
#r 0 4.9273484308
33739637 325385330
#r 0 5.9863863106
33973592 325313779
#r 0 3.9882135624
107088828 -31836439
#r 0 4.2377816997
107088828 -30836439
#r 0 5.4048673580
107406097 -31218915
#r 0 5.6888183549
-86557720 15314172
#r 0 1.2536606196
-86557720 14314172
#r 0 2.2466864887
-86790611 14604601
#r 0 3.1453491158
187576655 288198927
#r 0 4.4027745715
187576655 287198927
#r 0 4.4764502015
188544246 291223571
#r 0 4.6105709380
376013911 294524797
#r 0 6.2407487862
376013911 293524797
#r 0 4.3174826548
376423465 294507407
#r 0 4.6939585489
278966036 620220652
#r 0 0.2227454907
278966036 619220652
#r 0 4.4446920303
279258485 620286893
#r 0 4.3354896669
-721859489 -551390151
#r 0 1.2136444616
-721859489 -550390151
#r 0 4.4149234779
-723577302 -555993640
#r 0 2.3865732888
388898961 -22604958
#r 0 2.5134313135
388898961 -21604958
#r 0 3.0695844854
387370305 -21494692
#r 0 0.5034214657
-862956667 140643757
#r 0 3.9404819428
-862956667 139643757
#r 0 3.9226746314
-890774426 112065100
#r 0 4.1094993327
-64393835 -548376194
#r 0 2.5596330751
-64393835 -547376194
#r 0 0.4697279823
-65251765 -547811700
#r 0 3.5794656426
-682022435 430113840
#r 0 0.1894390326
-682022435 429113840
#r 0 1.2924340267
-681720086 430171812
#r 0 1.4028302215
129522077 617343422
#r 0 4.6711728258
129522077 616343422
#r 0 1.9309278701
129484908 616442130
#r 0 4.6439513465
-709725211 -135667791
#r 0 4.1785627104
-709725211 -134667791
#r 0 6.0605337406
-709203904 -134785818
#r 0 4.2340203694
882172595 169931446
#r 0 0.8997244094
882172595 168931446
#r 0 0.8120040071
877288968 163780786
#r 0 3.8381349842
29768177 179516482
#r 0 2.9658509718
29768177 178516482
#r 0 5.6512061395
27965000 179836679
#r 0 5.5496646805
258981388 553416150
#r 0 2.2565031925
258981388 552416150
#r 0 3.5559229731
259583048 552680754
#r 0 0.4426466988
867622611 474026919
#r 0 4.1801781472
867622611 473026919
#r 0 4.5184327195
867917346 474527411
#r 0 2.2460139150
494169261 705240858
#r 0 4.8378283412
494169261 704240858
#r 0 4.8506295798
495516069 694560507
#r 0 4.8239205737
122469093 -725635014
#r 0 0.8616079276
122469093 -724635014
#r 0 2.0321626511
122783875 -725268186
#r 0 4.5717441380
-603116602 -663308573
#r 0 0.9101058504
-603116602 -662308573
#r 0 5.9506246781
-602503871 -662520203
#r 0 2.9267699088
-145539966 -887360284
#r 0 1.1515445420
-145539966 -886360284
#r 0 1.1631571354
-159437511 -918543394
#r 0 1.0852763947
682414660 608429595
#r 0 6.0336456110
682414660 607429595
#r 0 2.8368229445
665669421 612697147
#r 0 5.1164388060
-490982295 -354183775
#r 0 2.8005075428
-490982295 -353183775
#r 0 1.0135216921
-491492581 -354002645
#r 0 2.8542827768
-802812116 -220135267
#r 0 5.6216728087
-802812116 -219135267
#r 0 5.5584657620
-793459453 -227416608
#r 0 5.5077903065
250470454 471718324
#r 0 0.6458591307
250470454 470718324
#r 0 3.7571629598
228941121 455491861
#r 0 5.3614027480
439852827 37625603
#r 0 0.3371262047
439852827 36625603
#r 0 3.4623850006
385021538 18406866
#r 0 2.6553086013
-160210028 -311873695
#r 0 0.0598417496
-160210028 -310873695
#r 0 0.1173185931
-177467316 -312907636
#r 0 0.2188420994
378118500 -176315695
#r 0 4.5526743236
378118500 -175315695
#r 0 5.5495813746
378259161 -175442491
#r 0 3.2280780565
-866575725 -214630372
#r 0 5.9455859818
-866575725 -213630372
#r 0 5.9227764857
-827863409 -228219870
#r 0 5.8849369394
135413484 36622920
#r 0 5.0902063787
135413484 35622920
#r 0 5.5762069505
136013962 35109938
#r 0 1.6171825764
133848038 926203271
#r 0 0.2153059432
133848038 925203271
#r 0 0.2159893309
152317393 -838586251
#r 0 2.7897440470
152317393 -837586251
#r 0 4.1196634837
151777402 -838388007
#r 0 2.9275253741
866394399 -388688067
#r 0 2.8185054961
866394399 -387688067
#r 0 0.8768857861
865743714 -388470205
#r 0 2.4113286452
-110683473 -855371776
#r 0 3.1557803853
-110683473 -854371776
#r 0 3.2654488853
-119749262 -855500408
#r 0 3.1889191913
-778756986 -564076853
#r 0 0.8634724842
-778756986 -563076853
#r 0 0.8836693678
-799166549 -587950869
#r 0 0.8749499546
-737950047 -439455128
#r 0 4.6359100055
-737950047 -438455128
#r 0 4.6356756100
-712968786 -113450019
#r 0 1.3535640023
-609784449 -471338019
#r 0 3.9939055768
-609784449 -470338019
#r 0 1.6892561753
-609679691 -471218212
#r 0 0.0893855439
-23189346 649857189
#r 0 1.9391018762
-23189346 648857189
#r 0 1.3900102615
-23065311 649535784
#r 0 1.2056737839
919027675 186956176
#r 0 1.7528654860
919027675 185956176
#r 0 1.7996369270
919906187 182184454
#r 0 1.9163827385
-462062882 -817316296
#r 0 6.2062819631
-462062882 -816316296
#r 0 1.5836156313
-462050049 -817317285
#r 0 2.1013033952
-122964257 -333624352
#r 0 6.1669119110
-122964257 -332624352
#r 0 5.7991015258
-120519343 -333909919
#r 0 3.5652665334
-340634393 559951828
#r 0 3.4519796411
-340634393 558951828
#r 0 3.3797334407
-353453721 555839974
#r 0 3.3353323410
-909594700 -252680642
#r 0 4.5158800058
-909594700 -251680642
#r 0 6.2142046039
-909398323 -251694210
#r 0 0.0612770559
43912064 302995607
#r 0 3.6873294251
43912064 301995607
#r 0 4.8431023980
43790320 302921677
#r 0 3.8578880846
117420708 890129395
#r 0 4.0445814263
117420708 889129395
#r 0 4.0369250201
66847932 826007038
#r 0 4.2366780738
-468178342 -347725758
#r 0 1.5452562539
-468178342 -346725758
#r 0 1.2343205499
-468150784 -346646970
#r 0 2.9882020333
71200613 -222501511
#r 0 3.8277410966
71200613 -221501511
#r 0 4.0637538575
69201763 -224138332
#r 0 5.4814958986
-243623499 -789879633
#r 0 2.6317936684
-243623499 -788879633
#r 0 2.6902247791
-257073109 -782360025
#r 0 2.7417074969
-769324329 107708350
#r 0 4.2079398331
-769324329 106708350
#r 0 0.7655332603
-770500456 105578046
#r 0 4.3006944787
635566251 196520845
#r 0 5.7731752079
635566251 195520845
#r 0 5.9604837738
640011058 194034545
#r 1 639813997 194073271
195202581 -473800941
#r 0 3.3923255721
195202581 -472800941
#r 0 3.0740842423
198291537 -473009789
#r 0 4.5555688525
308865562 -904406367
#r 0 1.5996802480
308865562 -903406367
#r 0 1.9522093128
308834427 -903328734
#r 0 0.8043587386
710295145 -265660052
#r 0 5.7357103195
710295145 -264660052
#r 0 2.1895754877
711553442 -266427156
#r 0 5.6027384356
-659887626 -690524746
#r 0 1.2505759510
-659887626 -689524746
#r 0 2.6080086505
-659610319 -689688563
#r 0 1.3681940185
582191960 -738122481
#r 0 3.2048376114
582191960 -737122481
#r 0 3.1577642144
603397968 -736779517
#r 0 3.1882922177
619956929 619639294
#r 0 2.7886670779
619956929 618639294
#r 0 4.4242701775
620224126 619540873
#r 0 3.9009027152
279378978 182926265
#r 0 3.3771769932
279378978 181926265
#r 0 0.4292069771
283974145 184029296
#r 0 0.3785831875
-31041134 -356688329
#r 0 1.2609516385
-31041134 -355688329
#r 0 1.1921347307
-29401892 -351568198
#r 0 1.2715593535
531322273 778893238
#r 0 4.4841477846
531322273 777893238
#r 0 4.4739362677
526088524 756362034
#r 0 3.2105985683
-409016762 -551302065
#r 0 1.8781087906
-409016762 -550302065
#r 0 5.9342247683
-409375561 -550171516
#r 0 5.8004340343
-242530425 -410578653
#r 0 0.9592691696
-242530425 -409578653
#r 0 4.8435828471
-242419371 -410420275
#r 0 6.1766262634
280793211 -921368331
#r 0 1.5120090135
280793211 -920368331
#r 0 2.2947949826
280848393 -920430742
#r 0 1.0372355673
730390034 137322819
#r 0 0.9994143636
730390034 136322819
#r 0 4.2255630679
733385657 141982221
#r 0 5.4800021323
336241334 349827929
#r 0 5.8406936909
336241334 348827929
#r 0 5.8167719038
302496411 365817217
#r 0 2.9610816350
182629508 -60733374
#r 0 5.0220620994
182629508 -59733374
#r 0 1.9942103129
181526267 -57285393
#r 0 2.0925115137
-14583895 -391538609
#r 0 5.6992469953
-14583895 -390538609
#r 0 4.3597343626
-14879936 -391342982
#r 0 5.9373621081
-529968658 -541423045
#r 0 3.4588659776
-529968658 -540423045
#r 0 3.0484053425
-527598001 -540644602
#r 0 2.7088240397
-295721070 -115687762
#r 0 5.5337636442
-295721070 -114687762
#r 0 2.4844995773
-302008034 -109837636
#r 0 5.7216746841
-860392259 105310463
#r 0 5.4650636762
-860392259 104310463
#r 0 3.6155423800
-859759600 104634982
#r 0 5.3049169217
134282577 690186611
#r 0 1.5322100596
134282577 689186611
#r 0 4.5985581075
134224289 688676764
#r 0 2.1398810230
120775521 105317247
#r 0 2.4624983230
120775521 104317247
#r 0 0.9734307190
121214665 104962785
#r 0 1.0710928288
705482076 -427802156
#r 0 2.9306199143
705482076 -426802156
#r 0 1.0098362323
704928301 -427683560
#r 0 5.1864203525
67711290 -820628312
#r 0 2.5577302500
67711290 -819628312
#r 0 2.3402734813
70401942 -822406033
#r 0 3.3947635125
433987350 508403551
#r 0 4.7193713167
433987350 507403551
#r 0 4.7357017640
433997317 506976086
#r 0 4.7691899919
-118050258 19266698
#r 0 3.5100552230
-118050258 18266698
#r 0 1.3706243954
-117830125 19351690
#r 0 0.7592175869
-797637337 -148047045
#r 0 5.5621370918
-797637337 -147047045
#r 0 4.1070540391
-798067627 -147668853
#r 0 5.4912555474
-297627869 -312378482
#r 0 0.0738165806
-297627869 -311378482
#r 0 6.0020835756
-294870758 -312174591
#r 0 0.9224941258
526708312 738674488
#r 0 4.3514971075
526708312 737674488
#r 0 4.3982810593
529041146 744855467
#r 0 3.5689613908
902408713 326691638
#r 0 3.4087989272
902408713 325691638
#r 0 2.8933418655
900512016 326172412
#r 0 4.9303479702
194389026 724215994
#r 0 4.8632732107
194389026 723215994
#r 0 1.6417395874
194255602 725093556
#r 0 4.5330789715
479784988 -770379991
#r 0 0.9886350672
479784988 -769379991
#r 0 3.2242370374
480481212 -769322321
#r 0 1.0616820297
-131810955 348029062
#r 0 3.9598062074
-131810955 347029062
#r 0 5.6666871901
-132373854 347427952
#r 0 5.0243211232
586522933 -217901995
#r 0 3.3894128696
586522933 -216901995
#r 0 3.9131864304
585133550 -218253538
#r 0 0.7929439535
-187748036 23994930
#r 0 5.2774255796
-187748036 22994930
#r 0 1.0234126920
-187437282 23504772
#r 0 3.2082885225
352205545 -810872443
#r 0 1.7044028698
352205545 -809872443
#r 0 2.3147186614
352048151 -809701420
#r 0 1.1577653499
-281264150 625950435
#r 0 4.0953809731
-281264150 624950435
#r 0 4.4818491084
-280913382 626444891
#r 0 4.1376862572
805993669 -555805939
#r 0 2.5565081674
805993669 -554805939
#r 0 2.7218669251
801368668 -552742062
#r 0 2.7151902287
109176579 830254230
#r 0 1.0800604982
109176579 829254230
#r 0 1.1097756242
116233033 843460311
#r 0 3.6787921144
454603456 -115132683
#r 0 4.9559514585
454603456 -114132683
#r 0 2.5955323779
454310760 -113954812
#r 0 4.8507589565
-841858840 456991149
#r 0 0.5951312312
-841858840 455991149
#r 0 4.7602218288
-841905207 456959758
#r 0 5.3240783377
-394302774 -111391377
#r 0 2.7271819280
-394302774 -110391377
#r 0 1.9978898032
-393733750 -111641682
#r 0 4.5146911198
-44928054 515757560
#r 0 5.6700784654
-44928054 514757560
#r 0 1.5531769908
-44910649 515745314
#r 0 5.2832005854
-121117037 -740886462
#r 0 1.2021318404
-121117037 -739886462
#r 0 1.1351484348
-118844995 -735005332
#r 0 1.2040376299
-104972969 -794518837
#r 0 2.2417016692
-104972969 -793518837
#r 0 1.5141746938
-105025873 -794452184
#r 0 1.0128352387
-228728329 -70115130
#r 0 5.7345679321
-228728329 -69115130
#r 0 3.8018960766
-229448896 -69674716
#r 0 2.7848019829
211817052 -353830981
#r 0 5.8899355419
211817052 -352830981
#r 0 3.8559838936
211037052 -353507391
#r 0 4.4572015204
714039536 -444378998
#r 0 5.1564491817
714039536 -443378998
#r 0 4.2351574314
713791755 -443858176
#r 0 3.3935734767
210279624 -719446913
#r 0 0.2227701465
210279624 -718446913
#r 0 1.9269423454
210622720 -719369191
#r 0 1.3649334088
-252990652 907596128
#r 0 0.1376414951
-252990652 906596128
#r 0 5.5679755918
-253983557 907458593
#r 0 5.4835525287
-111775591 385835601
#r 0 5.2535719964
-111775591 384835601
#r 0 4.8477729007
-111951727 386128654
#r 0 5.8816787958
-751715650 246572132
#r 0 5.6872751906
-751715650 245572132
#r 0 5.7008564371
-700818159 212056029
#r 0 5.7087122764
734240015 -107718197
#r 0 3.2377704015
734240015 -106718197
#r 0 0.7525937541
733049507 -107833052
#r 0 4.7480944587
451097033 876365304
#r 0 3.1678422911
451097033 875365304
#r 0 3.2847353401
459580758 876588050
#r 0 4.8457664097
-213751703 -188883800
#r 0 0.7869539362
-213751703 -187883800
#r 0 3.5012066583
-212157199 -187284327
#r 0 5.8552289516
-871609781 -439190600
#r 0 0.0079757350
-871609781 -438190600
#r 0 0.0419895654
873731973 -187795839
#r 0 4.1954578560
873731973 -186795839
#r 0 5.3787033700
874061913 -187215464
#r 0 5.4234796499
476321941 -514170025
#r 0 3.2216759033
476321941 -513170025
#r 0 2.5631086960
477685716 -514060575
#r 0 2.5065217887
648529161 -258031637
#r 0 4.4376632121
648529161 -257031637
#r 0 3.0388463649
648803054 -257059878
#r 0 5.8157249512
-947200162 54478327
#r 0 0.5907768831
-947200162 53478327
#r 0 0.0038813772
-948699862 53472506
#r 0 0.6132835298
-72923073 965837855
#r 0 5.4244175425
-72923073 964837855
#r 0 5.4099326262
533900477 -572149686
#r 0 5.9624798158
533900477 -571149686
#r 0 5.9774651613
473505352 -552088083
#r 0 5.9245300217
-787439174 -505763987
#r 0 5.7657755487
-787439174 -504763987
#r 0 5.6947249223
-777255935 -511559548
#r 0 5.6793014760
-244124713 -774407860
#r 0 3.1876468289
-244124713 -773407860
#r 0 3.3109631427
-252129704 -774776784
#r 0 3.0846804778
912688030 366379819
#r 0 4.6460752527
912688030 365379819
#r 0 3.9598883823
912616549 365303473
#r 0 3.9511617704
65744808 676218049
#r 0 1.8395710912
65744808 675218049
#r 0 2.7301974640
66057869 675081464
#r 0 1.8220048457
-530446177 836542796
#r 0 5.0613911947
-530446177 835542796
#r 0 0.0996890190
-530095059 835577915
#r 0 4.5431954122
-415563059 -298865844
#r 0 1.6389155150
-415563059 -297865844
#r 0 1.6694549981
-415782627 -295647534
#r 0 1.0368150361
-886033412 -228132643
#r 0 4.4223576256
-886033412 -227132643
#r 0 1.6976935268
-885944036 -227833174
#r 0 6.0446575960
-277974413 -935647969
#r 0 1.4411263355
-277974413 -934647969
#r 0 1.5209440852
-278055227 -936267703
#r 0 0.2869362362
200104270 740576328
#r 0 1.8925655111
200104270 739576328
#r 0 3.6093340189
200389581 739720447
#r 0 5.9819818869
-138670661 -326693416
#r 0 0.2483705441
-138670661 -325693416
#r 0 4.3954362867
-139028433 -326784150
#r 0 0.2704841806
-420259027 -893966584
#r 0 0.9554192668
-420259027 -892966584
#r 0 0.6785748947
-418614870 -891640889
#r 0 0.5449502575
-798050443 -196980374
#r 0 5.2745324643
-798050443 -195980374
#r 0 5.2851433688
-825273831 -153764502
#r 0 5.6428926959
-402542994 -134498653
#r 0 4.5034940884
-402542994 -133498653
#r 0 5.9292822393
-402346404 -133571285
#r 0 1.6213151602
508744237 816338581
#r 0 3.1584922077
508744237 815338581
#r 0 4.6556269613
508801115 816339542
#r 0 3.2088028727
-397593185 913590386
#r 0 6.0907411823
-397593185 912590386
#r 0 0.0994845731
-394199554 912929118
#r 0 4.0726863163
-443314379 -868631678
#r 0 2.5268855745
-443314379 -867631678
#r 0 0.1023523782
-444550993 -867758692
#r 0 1.9476814221
-533147680 613971414
#r 0 5.6531023762
-533147680 612971414
#r 0 0.1804419759
-532050789 613171516
#r 0 5.6198745141
-770932227 -336799630
#r 0 1.5807320275
-770932227 -335799630
#r 0 1.4524327899
-770941397 -335876740
#r 0 1.7919082493
-313801222 -169811900
#r 0 5.8145319106
-313801222 -168811900
#r 0 0.7560245052
-314491264 -169462550
#r 0 3.6926764688
396351162 236536477
#r 0 3.6727213047
396351162 235536477
#r 0 3.7576323037
404649029 241410927
#r 0 3.7441695745
653214263 -656222690
#r 0 2.4095217677
653214263 -655222690
#r 0 2.3696185384
666573942 -668228417
#r 0 3.6857670962
-126037657 252119065
#r 0 1.4101858814
-126037657 251119065
#r 0 5.5428526837
-126178774 251248004
#r 0 5.5324863071
795662488 -210263076
#r 0 2.7858824703
795662488 -209263076
#r 0 2.0637871359
796333689 -210512436
#r 0 4.5486230421
-552602322 134431660
#r 0 4.4342882292
-552602322 133431660
#r 0 3.2594922776
-552897814 133396659
#r 0 2.6762201627
-25074801 475442830
#r 0 5.0062640679
-25074801 474442830
#r 0 4.5677094230
-24976451 475117856
#r 0 0.1315548168
-581753711 58339560
#r 0 3.2731266918
-581753711 57339560
#r 0 2.0726468638
-582265282 58271880
#r 0 2.0358088359
-123676106 -141587957
#r 0 5.6187916857
-123676106 -140587957
#r 0 5.4999027845
-118972626 -145271577
#r 0 3.5523310540
-770394741 -202777594
#r 0 4.7544626895
-770394741 -201777594
#r 0 4.7722226841
-770536369 -199413391
#r 0 4.7598370895
226219170 40973701
#r 0 4.5389370963
226219170 39973701
#r 0 2.5242391010
226063341 40084328
#r 0 4.0679817314
-730767039 -317649186
#r 0 1.9832719625
-730767039 -316649186
#r 0 3.3748029290
-731163418 -316743339
#r 0 5.7715709491
313987082 -595303530
#r 0 5.7451869804
313987082 -594303530
#r 0 1.5247066573
313942195 -595276745
#r 0 1.5218275700
422385780 609464897
#r 0 4.2481947762
422385780 608464897
#r 0 2.5748595092
422006077 608706528
#r 0 3.7807476779
-283682688 -708434606
#r 0 1.0928999414
-283682688 -707434606
#r 0 0.8507577205
-282417909 -705992664
#r 0 5.6265545707
-165174039 -771223105
#r 0 3.1783010724
-165174039 -770223105
#r 0 0.8058205099
-166169086 -771259648
#r 0 5.0760792447
-595802012 -385074130
#r 0 1.8699185043
-595802012 -384074130
#r 0 1.9016148343
-598822351 -375279750
#r 0 1.9825541743
277214466 -802769623
#r 0 1.4683557426
277214466 -801769623
#r 0 0.1670063481
277319079 -801751988
#r 0 0.3038934048
-49223034 10182434
#r 0 3.5755117465
-49223034 9182434
#r 0 5.4773871049
-49887473 9874551
#r 0 5.1062512594
606551053 -19018638
#r 0 4.6012897007
606551053 -18018638
#r 0 0.8687729564
606679563 -17866691
#r 0 4.5497102091
-355498144 909755308
#r 0 4.6076599832
-355498144 908755308
#r 0 6.0503175905
-355600701 908779631
#r 0 6.0591611479
47076853 -733059593
#r 0 4.7738505534
47076853 -732059593
#r 0 2.9915092404
47014736 -732050200
#r 0 2.0240376639
-374230082 240356462
#r 0 1.7122871731
-374230082 239356462
#r 0 5.5001612169
-374064110 239191276
#r 0 2.2746370848
57914385 673072022
#r 0 3.7185828559
57914385 672072022
#r 0 2.7032298343
57021254 672490706
#r 0 2.7533746749
-434227853 -134865342
#r 0 1.6410896704
-434227853 -133865342
#r 0 4.8470711390
-434374422 -132783671
#r 0 4.7963307704
-803935016 3201268
#r 0 1.5427968895
-803935016 2201268
#r 0 1.5754411426
-803939000 3059013
#r 0 1.6340481261
612533705 664406426
#r 0 3.0372649332
612533705 663406426
#r 0 3.1648644880
620347186 663588293
#r 0 3.0888111915
-128789750 -864403732
#r 0 2.1137349611
-128789750 -863403732
#r 0 2.2123857953
-131929145 -859201159
#r 0 2.1084920118
49745228 181238661
#r 0 1.3415043900
49745228 180238661
#r 0 5.2342082899
49579218 180527384
#r 0 5.1439590304
582907428 511612935
#r 0 3.0040585544
582907428 510612935
#r 0 4.1199969053
583523102 511527721
#r 0 5.3407992575
616180789 -199370439
#r 0 4.6681814268
616180789 -198370439
#r 0 1.8168467829
616218400 -198520202
#r 0 1.8367810596
144982153 -279834439
#r 0 5.3898671903
144982153 -278834439
#r 0 0.4743019139
144412806 -279126736
#r 0 5.6301997750
-152837913 140842892
#r 0 6.0688372801
-152837913 139842892
#r 0 0.8527362628
-152103875 140683098
#r 0 2.5763100200
549838263 -730153584
#r 0 5.0560763674
549838263 -729153584
#r 0 5.0169266972
552419750 -737366634
#r 1 552089297 -737948271
-591139324 -247371007
#r 0 6.0588010055
-591139324 -246371007
#r 0 4.4316132760
-591409909 -247309252
#r 0 0.0752693694
-753947354 98952221
#r 0 4.0254268386
-753947354 97952221
#r 0 3.9865169612
-764769150 85758797
#r 0 3.9900746057
-98352464 -743450637
#r 0 1.8065386714
-98352464 -742450637
#r 0 1.6648008938
-98197266 -744096733
#r 0 1.7459969451
611104978 -524723090
#r 0 4.4355071998
611104978 -523723090
#r 0 4.3162836995
611991710 -521602786
#r 0 4.3662552870
-276948858 -364114257
#r 0 2.3327250131
-276948858 -363114257
#r 0 6.1576285250
-278033627 -362977337
#r 0 3.4425277198
-558362802 302376104
#r 0 1.3344196143
-558362802 301376104
#r 0 5.4871832707
-558556118 301573564
#r 0 4.3156162936
-267275647 10250653
#r 0 5.4396873295
-267275647 9250653
#r 0 4.8389071919
-267424053 10417389
#r 0 5.5156044748
425647155 -827346206
#r 0 1.8222808318
425647155 -826346206
#r 0 0.8918330683
425452278 -826587705
#r 0 3.4467530062
