701687785 -541700890
#r 0 0.9805684858
701687785 -540700890
#r 0 3.5994010408
702687715 -540208202
#r 0 3.9269058849
-499127383 633119407
#r 0 5.1742626738
-499127383 632119407
#r 0 2.7040703909
-498478514 631815894
#r 0 3.2510904527
-483608482 -622730427
#r 0 2.5895924003
-483608482 -621730427
#r 0 2.7264095260
-489321027 -619212295
#r 0 4.0549410558
-400050622 -282770132
#r 0 3.7709547985
-400050622 -281770132
#r 0 2.7031591439
-399215205 -282161833
#r 0 4.7382472175
301295572 728310821
#r 0 2.4316025097
301295572 727310821
#r 0 2.4516702563
330445095 703256470
#r 0 1.6239662202
538670319 187274473
#r 0 5.1090997805
538670319 186274473
#r 0 4.9953463801
537719922 189543149
#r 0 6.1604330145
-356518068 -65592954
#r 0 5.9334098995
-356518068 -64592954
#r 0 4.8374191418
-356386343 -65641004
#r 0 3.8508521244
-276446552 932869643
#r 0 4.3753830580
-276446552 931869643
#r 0 0.1623161944
-276818250 931808775
#r 0 5.2352593667
-550539604 -271667289
#r 0 2.9119344341
-550539604 -270667289
#r 0 2.8774878259
-523246144 -278048032
#r 0 2.9569305668
-618319202 -169265767
#r 0 5.0122346731
-618319202 -168265767
#r 0 3.1158571528
-618630849 -168257745
#r 0 4.9328374803
755102565 -188650360
#r 0 0.6193347921
755102565 -187650360
#r 0 1.8888704092
755369226 -188460256
#r 0 6.0173102186
380790345 -501424583
#r 0 0.1470889449
380790345 -500424583
#r 0 4.5837504356
380658465 -501444122
#r 0 0.2053904117
-579009961 358478730
#r 0 1.9700144602
-579009961 357478730
#r 0 2.7228303554
-578490561 357247551
#r 0 5.7574871685
299350043 -849072587
#r 0 2.2150889946
299350043 -848072587
#r 0 0.9530840108
298984903 -848586535
#r 0 2.1874452645
547958642 -796389549
#r 0 2.0363347142
547958642 -795389549
#r 0 2.0260921324
0 0
#r 0 5.5378366761
120566706 -818818612
#r 0 0.5883578878
120566706 -817818612
#r 0 1.0570465209
119661689 -819422421
#r 0 1.0062208738
137093106 -178832048
#r 0 3.1260817589
137093106 -177832048
#r 0 2.3832583370
138166328 -178848696
#r 0 1.0820803097
-671832205 450572368
#r 0 0.2819268924
-671832205 449572368
#r 0 2.8959609714
-673682906 450036328
#r 0 5.5322106706
-468532303 -84888903
#r 0 4.1937861432
-468532303 -83888903
#r 0 2.8504135622
-468044951 -84034961
#r 0 4.2255985439
242220329 -192797614
#r 0 3.7879903574
242220329 -191797614
#r 0 1.8540126656
242458964 -192617555
#r 0 2.5746448883
474168597 127670696
#r 0 3.7262586143
474168597 126670696
#r 0 6.1446214112
472920649 126844732
#r 0 6.2012473387
595496296 -707793242
#r 0 3.6199582500
595496296 -706793242
#r 0 1.0399497795
594652331 -708230868
#r 0 3.6440319230
677928845 -196320030
#r 0 5.0079617737
677928845 -195320030
#r 0 3.1856293522
677628384 -195333270
#r 0 6.1687933691
134234208 -184258840
#r 0 3.0384443139
134234208 -183258840
#r 0 1.6505420210
134314790 -184267181
#r 0 1.6717535886
-222667336 -46611794
#r 0 4.8660052316
-222667336 -45611794
#r 0 5.0941568435
-222919380 -44983982
#r 0 5.3585213958
219528894 970092025
#r 0 3.6929838247
219528894 969092025
#r 0 3.7747723613
0 0
#r 0 1.5552267032
-384209398 -106897359
#r 0 3.8980354978
-384209398 -105897359
#r 0 6.1354317569
-383294101 -106033590
#r 0 5.4218874237
615373946 -411111791
#r 0 3.9054938969
615373946 -410111791
#r 0 0.7903548717
596164708 -429512409
#r 0 1.6292461151
326662212 790338362
#r 0 1.2543553416
326662212 789338362
#r 0 1.1439761560
325492731 786766820
#r 0 1.2795112237
340630368 -61653550
#r 0 0.7019394045
340630368 -60653550
#r 0 2.7440845821
341420589 -60985332
#r 0 3.1703331562
-936931568 -253662529
#r 0 1.0942791178
-936931568 -252662529
#r 0 6.1760740634
-936442519 -252715113
#r 0 1.1809120754
-55698254 -527054964
#r 0 0.5297738413
-55698254 -526054964
#r 0 0.6330193302
-62448802 -531008174
#r 0 1.8768555553
-176767589 -188188183
#r 0 1.5386042774
-176767589 -187188183
#r 0 2.0886441435
-176737109 -187241685
#r 0 2.0362085715
133207554 429148051
#r 0 1.5235820220
133207554 428148051
#r 0 0.1699709715
133159918 428139875
#r 0 2.1685386256
420725815 -425022251
#r 0 5.1976751127
420725815 -424022251
#r 0 5.0586104541
421867753 -427187684
#r 0 5.0131393229
-984543034 144270826
#r 0 4.7815745285
-984543034 143270826
#r 0 4.9816518820
-984450503 142935525
#r 0 1.0253815221
366737756 485628537
#r 0 5.4070268200
366737756 484628537
#r 0 5.4037772002
241142226 636373956
#r 0 4.6045297946
-649282821 -270779598
#r 0 6.2042112274
-649282821 -269779598
#r 0 2.4460971950
-647959157 -270884351
#r 0 0.2022315918
411724544 245564399
#r 0 4.1449474101
411724544 244564399
#r 0 1.1398323441
413374834 248153638
#r 0 0.2449247756
795592083 -315379132
#r 0 3.7138177556
795592083 -314379132
#r 0 1.3955902152
795392280 -315507828
#r 0 2.3479118527
-521849662 466816098
#r 0 0.4642921651
-521849662 465816098
#r 0 2.1810957728
-522367616 466556704
#r 0 5.1190574268
-558514126 -706353026
#r 0 4.1726871337
-558514126 -705353026
#r 0 4.0792421195
-555255547 -700913216
#r 0 4.1914101662
-218018041 -776753981
#r 0 3.0071288171
-218018041 -775753981
#r 0 3.0648010152
-235159764 -774435046
#r 0 3.0640820465
517252615 315449462
#r 0 6.2382464578
517252615 314449462
#r 0 2.1895154212
516517089 315482538
#r 0 4.7686426626
-836634468 79323631
#r 0 3.5304949579
-836634468 78323631
#r 0 3.4750724926
-852418618 72855723
#r 0 4.0515212427
-478957491 -425697431
#r 0 1.1915367154
-478957491 -424697431
#r 0 3.3373089858
-478524743 -424611637
#r 0 2.1522500793
744680137 283363242
#r 0 0.3955471424
744680137 282363242
#r 0 5.2438390718
744208132 283166154
#r 0 0.3340431202
787479252 -388621533
#r 0 1.4351183004
787479252 -387621533
#r 0 3.0842805212
787614708 -387629305
#r 0 3.9219090388
734374273 161323653
#r 0 2.8930104956
734374273 160323653
#r 0 4.6861656465
734400329 161317039
#r 0 2.5323802597
-835925574 -325109799
#r 0 1.9196200543
-835925574 -324109799
#r 0 2.0303984569
-837297022 -321338935
#r 0 2.0229248246
191098699 -491490599
#r 0 2.9984405888
191098699 -490490599
#r 0 4.7966809146
191184233 -491502928
#r 0 4.8150949760
76967052 -918743877
#r 0 1.0993984822
76967052 -917743877
#r 0 1.2421312699
75936570 -920765518
#r 0 1.1616825254
-458212991 -390070259
#r 0 0.6278928760
-458212991 -389070259
#r 0 0.8103439928
-461287203 -392301806
#r 0 1.9595431918
-561441965 -303326039
#r 0 0.4027915659
-561441965 -302326039
#r 0 1.3471633146
-561693808 -303433346
#r 0 1.4150165391
-143029320 -288205830
#r 0 2.2323764000
-143029320 -287205830
#r 0 5.1562821362
-141807660 -289774797
#r 0 2.1103399588
-217724255 370576245
#r 0 4.3066485930
-217724255 369576245
#r 0 1.3482353310
-217245979 371689613
#r 0 1.4940020693
231282029 -813119927
#r 0 1.3130467213
231282029 -812119927
#r 0 1.3603652713
230156364 -817390064
#r 0 2.5706527593
-173650117 941397434
#r 0 0.1786213232
-173650117 940397434
#r 0 4.5455991510
-173476486 941428782
#r 0 5.9577725926
-974261600 -135035256
#r 0 1.8254889823
-974261600 -134035256
#r 0 2.0261230871
-974817549 -132899835
#r 0 1.9900824672
-219071864 876570219
#r 0 0.5777882877
-219071864 875570219
#r 0 5.6018338444
-219755433 876124524
#r 0 5.8182158825
841216372 -245702053
#r 0 1.8423345209
841216372 -244702053
#r 0 1.9928376213
840483613 -243070158
#r 0 1.8527495515
-554460271 622376857
#r 0 3.5234627770
-554460271 621376857
#r 0 3.5295955053
-414392835 678625531
#r 0 5.4791844243
-710372218 -603481641
#r 0 1.7624336255
-710372218 -602481641
#r 0 5.2680959509
-710654400 -602027230
#r 0 5.3126388097
57367412 137137296
#r 0 5.1373701597
57367412 136137296
#r 0 3.8890298684
57686242 136432794
#r 0 3.9209278598
350298717 99524416
#r 0 0.1337704359
350298717 98524416
#r 0 4.0865799815
351099296 99632153
#r 0 5.7031078613
124361302 -505132095
#r 0 1.7444942098
124361302 -504132095
#r 0 4.8926435133
119635654 -478200121
#r 0 5.5488774963
-544744435 413022941
#r 0 5.5522759589
-544744435 412022941
#r 0 0.0973350639
-543738601 412121154
#r 0 4.7286146514
-119196968 -904270036
#r 0 1.2428248083
-119196968 -903270036
#r 0 2.6021947706
-118914286 -903439253
#r 0 2.5987652156
-804414631 -463783652
#r 0 1.9535601164
-804414631 -462783652
#r 0 6.0896315602
-804851748 -462697974
#r 0 4.5563344462
551441948 -761356956
#r 0 2.8105104356
551441948 -760356956
#r 0 3.5623027685
550177980 -760922486
#r 0 2.7291259683
27156741 -865736728
#r 0 2.0507207262
27156741 -864736728
#r 0 0.3593087004
26721351 -864900267
#r 0 0.3162426036
940217810 -146619311
#r 0 1.7386889849
940217810 -145619311
#r 0 1.7589157539
938672692 -137502934
#r 0 1.7659930581
-914055295 46387478
#r 0 5.0686733468
-914055295 45387478
#r 0 3.2072836456
-913692022 45411376
#r 0 6.0080587115
-936955659 -34943340
#r 0 4.8054065857
-936955659 -33943340
#r 0 5.8934518951
-937052663 -33903496
#r 0 1.8460023710
-369379595 277222742
#r 0 2.3916530045
-369379595 276222742
#r 0 4.9313785928
-369660359 277484269
#r 0 5.0415737106
-821124475 11788443
#r 0 2.9426633986
-821124475 10788443
#r 0 4.4624372236
-820881680 11739497
#r 0 4.1842943278
-490967586 616064171
#r 0 5.3719634095
-490967586 615064171
#r 0 0.0741483072
-490234396 615118636
#r 0 5.0330332065
-678074763 -588467848
#r 0 2.9858902705
-678074763 -587467848
#r 0 5.1905844443
-677510537 -588556416
#r 0 5.2637441778
217643120 -215305082
#r 0 3.5082134526
217643120 -214305082
#r 0 2.2768145733
218285453 -215058438
#r 0 1.5038686423
-682169509 -158834214
#r 0 3.3420498719
-682169509 -157834214
#r 0 5.5422409402
-681275062 -158652475
#r 0 6.0292094721
557597791 508080141
#r 0 4.5546121746
557597791 507080141
#r 0 1.7825990996
557506349 507505395
#r 0 4.1030563548
639262792 -399950495
#r 0 6.0684780789
639262792 -398950495
#r 0 3.6927188006
638061914 -399688621
#r 0 2.4852085196
61684808 -566926225
#r 0 2.4333121623
61684808 -565926225
#r 0 5.8238957358
58922216 -564559946
#r 0 5.3600773530
523190902 523430949
#r 0 5.2460761687
523190902 522430949
#r 0 3.3375632787
523719749 522535935
#r 0 6.0079423530
-97120665 -106773775
#r 0 3.3724398732
-97120665 -105773775
#r 0 3.3961446097
-136867665 -116115799
#r 0 3.5010303297
-565009351 514254679
#r 0 5.2584503318
-565009351 513254679
#r 0 1.9515719914
-566182375 516184950
#r 0 3.3065894981
334580786 -482417867
#r 0 5.6942195983
334580786 -481417867
#r 0 5.6073360020
342056828 -487412302
#r 0 6.1565566441
-302732954 278207160
#r 0 5.0136160561
-302732954 277207160
#r 0 3.5997558226
-302463550 277340020
#r 0 3.5879936210
-258338693 -552221732
#r 0 0.0247358310
-258338693 -551221732
#r 0 4.4469470283
-258612391 -552228504
#r 0 1.6257321229
-571070279 -284224233
#r 0 2.2468288954
-571070279 -283224233
#r 0 1.9613123542
-570224616 -285278518
#r 0 2.1013354234
481874853 641887316
#r 0 2.3826996680
481874853 640887316
#r 0 2.5282058989
485966931 638006608
#r 0 5.8705770474
-479273610 -106822827
#r 0 4.1347496291
-479273610 -105822827
#r 0 3.0623293796
-478653894 -105872051
#r 0 4.2367395932
-4238218 -621301856
#r 0 5.5397877722
-4238218 -620301856
#r 0 2.1028104844
-2955399 -622481202
#r 0 5.8558960672
-213551122 -22815755
#r 0 0.1999080372
-213551122 -21815755
#r 0 5.1326447759
-213141345 -22732728
#r 0 6.1582941467
-874003763 -51756842
#r 0 4.2557353104
-874003763 -50756842
#r 0 4.2924047255
-878907980 -61739211
#r 0 4.2906399890
-191082364 -706539912
#r 0 3.6622419340
-191082364 -705539912
#r 0 1.1021101356
-191795817 -706949023
#r 0 3.7663983364
-712230836 221529366
#r 0 3.8371700607
-712230836 220529366
#r 0 3.9619528633
-708024415 225040702
#r 0 0.0505417195
-780382671 126943689
#r 0 5.5106086319
-780382671 125943689
#r 0 4.1865761441
-780012014 126582416
#r 0 4.4499946358
-236286024 -513307999
#r 0 4.5031982169
-236286024 -512307999
#r 0 2.7250835139
-236091954 -512393854
#r 0 0.1669219106
432125842 146983063
#r 0 6.1875560238
432125842 145983063
#r 0 4.0763282898
432815435 146916916
#r 0 2.2137407662
-261116530 -918750953
#r 0 0.5548410777
-261116530 -917750953
#r 0 2.6223752760
-260277117 -918230697
#r 0 2.2334554519
118024946 613168088
#r 0 5.1279964425
118024946 612168088
#r 0 1.3626704053
118167779 612844434
#r 0 0.8397944028
-464226731 -787773296
#r 0 0.1052236006
-464226731 -786773296
#r 0 0.2884799330
-469458377 -788325829
#r 0 3.0044170482
-243669211 -909135288
#r 0 0.2694252833
-243669211 -908135288
#r 0 2.1581612616
-243106849 -908979998
#r 0 2.7633373231
-477273716 873997373
#r 0 3.9232865951
-477273716 872997373
#r 0 6.1063608633
-478127461 873149929
#r 0 4.9332103140
-723337552 322551553
#r 0 2.1864989832
-723337552 321551553
#r 0 1.2751824514
-723124660 322250621
#r 0 4.9131740966
-109826943 -461038229
#r 0 0.0075408507
-109826943 -460038229
#r 0 0.3431319125
-112686344 -461059792
#r 0 0.4248587052
273596302 -710435175
#r 0 3.0982076751
273596302 -709435175
#r 0 4.3204667717
273190283 -710417549
#r 0 4.1507362055
-495340295 -231301155
#r 0 5.1014268922
-495340295 -230301155
#r 0 2.9071317213
-495794720 -230192614
#r 0 6.0108609942
-335666797 -774290530
#r 0 0.0305877495
-335666797 -773290530
#r 0 6.1932937571
-327383972 -774037098
#r 0 6.1594601178
-44434562 -424288087
#r 0 3.9492208863
-44434562 -423288087
#r 0 4.1759984910
-46005625 -425930600
#r 0 4.0926579457
482272679 648017210
#r 0 3.9428125007
482272679 647017210
#r 0 3.1980915824
481247664 646959236
#r 0 2.4432304039
-848718430 -335529233
#r 0 2.0407747948
-848718430 -334529233
#r 0 6.0783049564
-849286307 -334411230
#r 0 2.2362891885
-538168394 -366123595
#r 0 0.6038624444
-538168394 -365123595
#r 0 1.9221360487
-537875824 -365921774
#r 0 1.5388801283
780704324 -493859950
#r 0 1.9096554804
780704324 -492859950
#r 0 1.7994124442
781389058 -495802712
#r 0 1.8306867943
101574837 -660299922
#r 0 5.2787959691
101574837 -659299922
#r 0 5.2398241186
108506789 -671200743
#r 0 0.3804724473
274165912 -778182756
#r 0 2.8095518044
274165912 -777182756
#r 0 2.8794635417
261094723 -773675722
#r 0 2.8234339865
-30247511 -354320033
#r 0 5.3245072355
-30247511 -353320033
#r 0 5.2492410469
-26339401 -359886534
#r 0 0.8466532220
196232884 -273237791
#r 0 1.8983604859
196232884 -272237791
#r 0 2.0589492541
195289207 -270460681
#r 0 5.3825370969
-43571381 -254057842
#r 0 2.2953958170
-43571381 -253057842
#r 0 1.0221805319
-43932945 -253649405
#r 0 2.3623033153
245238934 77228773
#r 0 3.5367469415
245238934 76228773
#r 0 4.1688297875
246046836 77565743
#r 0 4.9287550059
691449954 36763389
#r 0 0.7372736123
691449954 35763389
#r 0 0.4974359836
688711163 34276286
#r 0 0.6786578319
305194638 -415436078
#r 0 5.3168246626
305194638 -414436078
#r 0 5.4319148555
301933262 -410714021
#r 0 3.2126588160
326597884 -216545057
#r 0 2.9926392342
326597884 -215545057
#r 0 0.5734512841
325341466 -216356513
#r 0 1.7574820044
48717586 -293671845
#r 0 0.8429500446
48717586 -292671845
#r 0 4.0331013282
40107200 -303335075
#r 0 4.2512271747
530625494 -89118625
#r 0 0.9885077559
530625494 -88118625
#r 0 3.0573181314
531249244 -88171316
#r 0 1.5560584500
42124448 645983829
#r 0 2.7134140427
42124448 644983829
#r 0 2.8766319178
47527576 643517742
#r 0 2.6990815008
-178491570 670902010
#r 0 3.3425951406
-178491570 669902010
#r 0 0.1867967750
-246270903 657091705
#r 0 1.1030402713
78464923 432039983
#r 0 4.2040404076
78464923 431039983
#r 0 1.2664782574
79184734 433331837
#r 0 2.3335585975
160031141 -417843750
#r 0 4.7861363811
160031141 -416843750
#r 0 0.7896992500
159962383 -416913102
#r 0 2.9200532634
-430166093 553065446
#r 0 4.8234676331
-430166093 552065446
#r 0 0.4492251457
-430060247 552116474
#r 0 5.1954951559
17710008 853207122
#r 0 5.9418760367
17710008 852207122
#r 0 4.4180399756
17983692 853109907
#r 0 3.9632134390
14875479 -715975258
#r 0 3.3420621862
14875479 -714975258
#r 0 6.0525012262
17158251 -715511401
#r 0 1.2647574132
-415569731 -638404763
#r 0 0.1289190733
-415569731 -637404763
#r 0 5.2958442194
-414961650 -638325933
#r 0 0.3110007571
-773961145 -176289730
#r 0 2.9925018680
-773961145 -175289730
#r 0 2.9812165841
-687455840 -189283291
#r 0 2.7983942892
940988252 -325744210
#r 0 4.0212557822
940988252 -324744210
#r 0 2.2751343470
941407420 -325237505
#r 0 1.6852279536
-826089410 389315028
#r 0 1.6633324035
-826089410 388315028
#r 0 6.0539587435
-825994555 388292896
#r 0 1.0850670055
787581078 -76307990
#r 0 2.0301117158
787581078 -75307990
#r 0 0.0169277395
787090589 -75316294
#r 0 3.1797417743
-720594767 -54294382
#r 0 5.6267467840
-720594767 -53294382
#r 0 1.4666968727
-720691461 -54219887
#r 0 3.5189657210
594911311 732837332
#r 0 3.0950219516
594911311 731837332
#r 0 2.3884592709
593788803 732889646
#r 0 2.4054980127
288809318 -738112341
#r 0 2.4586230566
288809318 -737112341
#r 0 2.8799165021
286977036 -736621625
#r 0 3.8044771460
-344837829 -486706031
#r 0 1.9903661107
-344837829 -485706031
#r 0 0.0376645635
-345276512 -485722562
#r 0 1.2311691013
-62712054 -847301326
#r 0 1.5293866032
-62712054 -846301326
#r 0 0.3497892262
-62669985 -846285980
#r 0 2.9483499175
-250419138 -693493865
#r 0 6.2537877126
-250419138 -692493865
#r 0 0.9259771276
-251154927 -693472228
#r 0 4.0127873022
366755340 -91389671
#r 0 1.4788927894
366755340 -90389671
#r 0 0.6973569800
366855215 -90305998
#r 0 2.9678485577
961566412 68953195
#r 0 2.0333114964
961566412 67953195
#r 0 4.4847226432
961724592 68635938
#r 0 4.4154897253
597164501 -516317146
#r 0 0.4740020895
597164501 -515317146
#r 0 5.4719512788
597803044 -515989566
#r 0 0.5442917985
-877313621 -335845740
#r 0 1.4616633270
-877313621 -334845740
#r 0 0.3349634923
-877199708 -334806089
#r 0 0.1746742798
-380835327 -806301119
#r 0 0.5695922871
-380835327 -805301119
#r 0 0.4326666184
-375234373 -802714304
#r 0 0.3600023126
822465216 -184570263
#r 0 4.6136653755
822465216 -183570263
#r 0 4.6206608614
821174608 -197600704
#r 0 5.0322902096
186036512 447263379
#r 0 5.9263846899
186036512 446263379
#r 0 6.0800157985
192033778 445027871
#r 0 6.2755055827
-324336703 -906969741
#r 0 2.1061359322
-324336703 -905969741
#r 0 1.6527493891
-324241363 -907130487
#r 0 1.5979094187
-23877194 30146238
#r 0 4.6726430431
-23877194 29146238
#r 0 2.4826088950
-23915773 29176116
#r 0 1.8884254935
-646955563 126488175
#r 0 4.7863862715
-646955563 125488175
#r 0 5.9247777342
-646879313 125459613
#r 0 3.3616667383
647455009 119171730
#r 0 3.1845121498
647455009 118171730
#r 0 5.5329911551
646429268 119127679
#r 0 0.8591327840
-614105525 708095676
#r 0 3.3333728058
-614105525 707095676
#r 0 3.2730602989
-630251190 704960729
#r 0 3.3075646285
-144601442 -246545691
#r 0 2.0051982787
-144601442 -245545691
#r 0 5.1039436184
-140851773 -254627577
#r 0 2.1638544523
-755786970 456770808
#r 0 2.6838027399
-755786970 455770808
#r 0 1.2171068726
-755474582 456616895
#r 0 5.4678047138
-942398078 -178453409
#r 0 1.9356496914
-942398078 -177453409
#r 0 0.1348215797
-942761218 -177502667
#r 0 0.2063286407
711522906 98276513
#r 0 3.1488774766
711522906 97276513
#r 0 2.9781503927
705715648 98234207
#r 0 3.0081737847
-865732126 -389513957
#r 0 1.5482062017
-865732126 -388513957
#r 0 5.7094398066
-865709857 -388528349
#r 0 5.6775451426
457994694 -775492143
#r 0 5.0767287561
457994694 -774492143
#r 0 5.0028039548
459376216 -779114709
#r 0 5.1041682184
223679184 -734348721
#r 0 5.1436410915
223679184 -733348721
#r 0 3.4545188665
223278675 -733478309
#r 0 5.1111076056
590989480 604339845
#r 0 2.7861867109
590989480 603339845
#r 0 5.7434633335
586601298 605968593
#r 0 5.7318715315
33739637 326385330
#r 0 2.1201524335
33739637 325385330
#r 0 5.1817575472
30783836 331213338
#r 0 1.7538474873
107088828 -31836439
#r 0 6.0054259501
107088828 -30836439
#r 0 1.1730609660
106713645 -31729463
#r 0 3.6255497917
-86557720 15314172
#r 0 5.3451897142
-86557720 14314172
#r 0 5.8270162599
-85411984 13751975
#r 0 4.1471739577
187576655 288198927
#r 0 4.5271138869
187576655 287198927
#r 0 5.8247330157
187405099 287283594
#r 0 5.1209559344
376013911 294524797
#r 0 4.5825962635
376013911 293524797
#r 0 0.2471970102
375878939 293490736
#r 0 0.5115041581
278966036 620220652
#r 0 4.3428361337
278966036 619220652
#r 0 1.5756001351
278961291 620208402
#r 0 5.6987487582
-721859489 -551390151
#r 0 5.1949583714
-721859489 -550390151
#r 0 3.4289150569
-722313142 -550524205
#r 0 5.7198447187
388898961 -22604958
#r 0 3.3850770048
388898961 -21604958
#r 0 0.5191498542
385803184 -23373989
#r 0 0.2726325788
-862956667 140643757
#r 0 4.8416395860
-862956667 139643757
#r 0 6.1268557043
-862823973 139622842
#r 0 4.7591265619
-64393835 -548376194
#r 0 2.7375150674
-64393835 -547376194
#r 0 1.5422055653
-64422088 -548364113
#r 0 0.8616438193
-682022435 430113840
#r 0 1.4071940373
-682022435 429113840
#r 0 1.5084519028
-681922047 430721963
#r 0 2.7654903899
129522077 617343422
#r 0 0.9073791686
129522077 616343422
#r 0 2.1099679129
129183189 616909837
#r 0 5.1465098338
-709725211 -135667791
#r 0 5.4399969558
-709725211 -134667791
#r 0 2.9012455919
-710864513 -134388566
#r 0 2.8458707389
882172595 169931446
#r 0 1.9654620065
882172595 168931446
#r 0 2.0380223413
884561435 164196203
#r 0 4.9421244378
29768177 179516482
#r 0 5.1992732029
29768177 178516482
#r 0 3.7043070207
30165050 178766805
#r 0 0.2181418235
258981388 553416150
#r 0 2.2965113129
258981388 552416150
#r 0 1.9562767234
258233600 554258984
#r 0 4.6197526577
867622611 474026919
#r 0 3.2235588473
867622611 473026919
#r 0 3.2776828064
0 0
#r 0 5.6095507656
494169261 705240858
#r 0 1.6746417955
494169261 704240858
#r 0 2.4891399449
494282499 704154335
#r 0 1.6449708733
122469093 -725635014
#r 0 0.4092164436
122469093 -724635014
#r 0 5.3721577891
123049543 -725383273
#r 0 5.2120888477
-603116602 -663308573
#r 0 5.0011038841
-603116602 -662308573
#r 0 2.7878393266
-603450207 -662185377
#r 0 4.8642527556
-145539966 -887360284
#r 0 2.6716067569
-145539966 -886360284
#r 0 0.8906856286
-146113269 -887069076
#r 0 2.5944637071
682414660 608429595
#r 0 4.8021893572
682414660 607429595
#r 0 3.9791392652
682496520 607520471
#r 0 4.0658567037
-490982295 -354183775
#r 0 0.5675523628
-490982295 -353183775
#r 0 1.8322303432
-490753725 -354038057
#r 0 2.2054100881
-802812116 -220135267
#r 0 2.5314738995
-802812116 -219135267
#r 0 2.5371495918
-921629231 -137070740
#r 0 1.7310077768
250470454 471718324
#r 0 3.9887751927
250470454 470718324
#r 0 3.9512894799
238285349 457926186
#r 0 3.8867180187
439852827 37625603
#r 0 3.4691527149
439852827 36625603
#r 0 4.6328007266
439934805 37653459
#r 0 5.0429544889
-160210028 -311873695
#r 0 5.2686944078
-160210028 -310873695
#r 0 2.9914586773
-160896406 -310769865
#r 0 1.8579561451
378118500 -176315695
#r 0 4.8671508804
378118500 -175315695
#r 0 4.8747398848
374835328 -155270996
#r 0 2.5503621665
-866575725 -214630372
#r 0 1.7670154344
-866575725 -213630372
#r 0 2.2421457133
-866840833 -213296673
#r 0 1.6121747670
135413484 36622920
#r 0 5.1847279308
135413484 35622920
#r 0 5.5042978060
136444176 34605562
#r 0 5.3472804421
133848038 926203271
#r 0 3.5432747832
133848038 925203271
#r 0 5.4453204485
133196839 925926656
#r 0 5.5054216839
152317393 -838586251
#r 0 1.3071101032
152317393 -837586251
#r 0 1.3638687706
151373422 -842082795
#r 0 0.6735501001
866394399 -388688067
#r 0 3.4777755420
866394399 -387688067
#r 0 3.5907822446
858853378 -391323261
#r 0 3.3753716832
-110683473 -855371776
#r 0 0.7458921842
-110683473 -854371776
#r 0 2.6895843879
-109973995 -854716252
#r 0 1.8886489758
-778756986 -564076853
#r 0 1.1588559876
-778756986 -563076853
#r 0 3.2672376460
-778294523 -563018439
#r 0 1.1196517230
-737950047 -439455128
#r 0 5.1596579932
-737950047 -438455128
#r 0 1.8466755459
-737259282 -440895148
#r 0 5.1713319990
-609784449 -471338019
#r 0 4.7040525284
-609784449 -470338019
#r 0 5.3727667905
-609776201 -470348638
#r 0 3.3025329076
-23189346 649857189
#r 0 1.9514200044
-23189346 648857189
#r 0 1.9182465295
-27003217 659388625
#r 0 1.8262398344
919027675 186956176
#r 0 2.0289684187
919027675 185956176
#r 0 2.6427227551
919702054 185588750
#r 0 1.9472630361
-462062882 -817316296
#r 0 0.1945744790
-462062882 -816316296
#r 0 0.4003810853
-466484242 -818187603
#r 0 0.1935899717
-122964257 -333624352
#r 0 5.9069772636
-122964257 -332624352
#r 0 6.0223030879
-130773338 -330539590
#r 0 2.8434678540
-340634393 559951828
#r 0 0.1534074757
-340634393 558951828
#r 0 4.6019332111
-340521551 559969276
#r 0 3.0171413034
-909594700 -252680642
#r 0 0.2667244183
-909594700 -251680642
#r 0 1.9777759209
-909209073 -252575275
#r 0 1.4488481408
43912064 302995607
#r 0 5.1495259179
43912064 301995607
#r 0 2.0377482005
50305003 289314656
#r 0 1.7941603832
117420708 890129395
#r 0 5.5669634102
117420708 889129395
#r 0 4.9064307365
117183645 890335736
#r 0 5.0543567002
-468178342 -347725758
#r 0 6.1417960576
-468178342 -346725758
#r 0 2.1073225516
-467528625 -347818238
#r 0 6.0103443854
71200613 -222501511
#r 0 3.0458493973
71200613 -221501511
#r 0 0.2968986889
68712917 -222262600
#r 0 5.2159844778
-243623499 -789879633
#r 0 2.8870465332
-243623499 -788879633
#r 0 2.9045921944
-297242070 -775928611
#r 0 3.0326071840
-769324329 107708350
#r 0 4.2004254954
-769324329 106708350
#r 0 1.7329762642
-769451049 107482844
#r 0 4.1784049898
635566251 196520845
#r 0 1.2562213966
635566251 195520845
#r 0 3.8887408976
635100496 195089424
#r 0 5.8864299069
195202581 -473800941
#r 0 2.4102867696
195202581 -472800941
#r 0 2.8581602508
193552410 -472320289
#r 0 3.6545356797
308865562 -904406367
#r 0 1.3534555162
308865562 -903406367
#r 0 2.0265444950
309017803 -903716959
#r 0 0.6352573715
710295145 -265660052
#r 0 0.4205977533
710295145 -264660052
#r 0 5.1514437539
710683247 -265486458
#r 0 0.5291010502
-659887626 -690524746
#r 0 0.4107148172
-659887626 -689524746
#r 0 1.8895456077
-659599090 -690399094
#r 0 5.5747140394
582191960 -738122481
#r 0 3.0958250904
582191960 -737122481
#r 0 3.2209553383
574212978 -737757047
#r 0 0.2559565067
619956929 619639294
#r 0 5.4808625454
619956929 618639294
#r 0 2.8191905517
621384730 618162327
#r 0 4.5438932876
279378978 182926265
#r 0 0.8043160826
279378978 181926265
#r 0 6.0044654597
278624112 182142284
#r 0 3.6862062349
-31041134 -356688329
#r 0 5.1212043115
-31041134 -355688329
#r 0 0.4180360661
-31404441 -355849717
#r 0 5.0929526755
531322273 778893238
#r 0 3.1438554111
531322273 777893238
#r 0 2.3622347034
530312432 778890953
#r 0 2.3810402350
-409016762 -551302065
#r 0 6.0428228956
-409016762 -550302065
#r 0 1.8582174033
-408698065 -551380178
#r 0 5.9059359561
-242530425 -410578653
#r 0 1.2310160336
-242530425 -409578653
#r 0 5.5453732517
-242262904 -409821853
#r 0 6.1343439865
280793211 -921368331
#r 0 1.8409669574
280793211 -920368331
#r 0 1.1903640958
280629582 -920777490
#r 0 2.4897472512
730390034 137322819
#r 0 2.4153359539
730390034 136322819
#r 0 2.3018463512
725982112 141237930
#r 0 2.3442894276
336241334 349827929
#r 0 2.4188876273
336241334 348827929
#r 0 6.2830132872
337375515 348827734
#r 0 5.3908125457
182629508 -60733374
#r 0 6.0848148668
182629508 -59733374
#r 0 6.1644629903
170394218 -58273909
#r 0 6.1452983540
-14583895 -391538609
#r 0 5.5942924843
-14583895 -390538609
#r 0 3.9607710929
-15112038 -391103696
#r 0 5.7006361324
-529968658 -541423045
#r 0 0.7336567253
-529968658 -540423045
#r 0 1.6222903052
-529919407 -541378644
#r 0 3.2547142580
-295721070 -115687762
#r 0 6.0568226960
-295721070 -114687762
#r 0 5.9208711893
-288997808 -117236195
#r 0 6.0950884861
-860392259 105310463
#r 0 4.7387030541
-860392259 104310463
#r 0 3.6901114098
-860366355 104326292
#r 0 3.7628011700
134282577 690186611
#r 0 0.3911197366
134282577 689186611
#r 0 1.3283169190
134558017 690300193
#r 0 0.3802450558
120775521 105317247
#r 0 6.2198470125
120775521 104317247
#r 0 3.3673160769
124187792 105100830
#r 0 4.3015539748
705482076 -427802156
#r 0 1.1938637940
705482076 -426802156
#r 0 0.2409421584
705920590 -426694406
#r 0 6.2793142896
67711290 -820628312
#r 0 0.4570709750
67711290 -819628312
#r 0 0.5233383966
55973803 -826400879
#r 0 0.3875014293
433987350 508403551
#r 0 4.1632611285
433987350 507403551
#r 0 4.7954975059
433914031 508283730
#r 0 5.3485252244
-118050258 19266698
#r 0 4.4333710989
-118050258 18266698
#r 0 6.1653082135
-118327348 18299513
#r 0 3.9167141687
-797637337 -148047045
#r 0 3.3446339494
-797637337 -147047045
#r 0 3.2883459420
-780414458 -144501229
#r 0 5.7094121496
-297627869 -312378482
#r 0 3.0373332434
-297627869 -311378482
#r 0 5.5788318799
-296285801 -312518914
#r 0 0.9236310593
526708312 738674488
#r 0 2.0429244054
526708312 737674488
#r 0 2.1097999556
530201448 731833866
#r 0 2.0086270083
902408713 326691638
#r 0 3.4451856765
902408713 325691638
#r 0 2.1968246086
901819198 326506956
#r 0 3.3498776090
194389026 724215994
#r 0 0.2967490707
194389026 723215994
#r 0 2.1380209474
193855832 724052955
#r 0 0.3675616403
479784988 -770379991
#r 0 4.1732430758
479784988 -769379991
#r 0 4.3209205890
478453703 -772605218
#r 0 0.3426918167
-131810955 348029062
#r 0 1.9223774562
-131810955 347029062
#r 0 1.9395659116
-124588372 328339415
#r 0 6.1406915796
586522933 -217901995
#r 0 0.1680589032
586522933 -216901995
#r 0 0.4099472236
582748056 -218542438
#r 0 1.2529283161
-187748036 23994930
#r 0 4.5988412950
-187748036 22994930
#r 0 0.2779432018
-187865910 22961297
#r 0 4.5483143990
352205545 -810872443
#r 0 1.4690864452
352205545 -809872443
#r 0 1.1886361826
352342346 -809532075
#r 0 0.3230122522
-281264150 625950435
#r 0 5.7388723051
-281264150 624950435
#r 0 5.8557333210
-274587108 621908771
#r 0 5.8131957482
805993669 -555805939
#r 0 1.6137297564
805993669 -554805939
#r 0 1.8246849910
805942186 -554607536
#r 0 2.0328139914
109176579 830254230
#r 0 5.5600083525
109176579 829254230
#r 0 5.4376877912
105100671 833852052
#r 0 3.7340983848
454603456 -115132683
#r 0 3.7392104337
454603456 -114132683
#r 0 5.1842161655
454982186 -114874902
#r 0 1.0862869949
-841858840 456991149
#r 0 1.0948888646
-841858840 455991149
#r 0 1.2464387807
-840891692 458867576
#r 0 1.2237656710
-394302774 -111391377
#r 0 3.8504769440
-394302774 -110391377
#r 0 3.2660348003
-392937590 -110220608
#r 0 1.6116942629
-44928054 515757560
#r 0 5.9462387168
-44928054 514757560
#r 0 0.6062389768
-43969870 515421903
#r 0 2.6810711038
-121117037 -740886462
#r 0 6.1765774913
-121117037 -739886462
#r 0 0.3027001837
-123501903 -740631249
#r 0 1.4621876531
-104972969 -794518837
#r 0 0.2371002907
-104972969 -793518837
#r 0 1.4456182743
-105102751 -794550198
#r 0 0.0088745416
-228728329 -70115130
#r 0 0.3819422928
-228728329 -69115130
#r 0 5.5082783574
-228004164 -69824257
#r 0 5.4108904596
211817052 -353830981
#r 0 3.2611813303
211817052 -352830981
#r 0 1.6179380614
211863963 -353825344
#r 0 3.3831283860
714039536 -444378998
#r 0 0.4752597642
714039536 -443378998
#r 0 4.7855031635
714110120 -444342675
#r 0 0.5327178412
210279624 -719446913
#r 0 5.3280432320
210279624 -718446913
#r 0 3.8694657881
209845744 -718833541
#r 0 2.8860138845
-252990652 907596128
#r 0 0.2629973895
-252990652 906596128
#r 0 0.2579726323
-438803811 857568979
#r 0 3.8331998969
-111775591 385835601
#r 0 4.5172820465
-111775591 384835601
#r 0 1.4283624458
-111252870 388480671
#r 0 0.2154385356
-751715650 246572132
#r 0 6.2710432617
-751715650 245572132
#r 0 1.2493345701
-751383979 246568105
#r 0 1.7823555502
734240015 -107718197
#r 0 1.7701028250
734240015 -106718197
#r 0 5.5254339303
733990302 -106481924
#r 0 5.3107965852
451097033 876365304
#r 0 5.3011007130
451097033 875365304
#r 0 5.0567227590
450322299 877525621
#r 0 5.2902419394
-213751703 -188883800
#r 0 1.5628439655
-213751703 -187883800
#r 0 0.9693727463
-213743657 -187872075
#r 0 1.6369387516
-871609781 -439190600
#r 0 0.5978258876
-871609781 -438190600
#r 0 5.4251457579
-871065685 -438820098
#r 0 1.6457170426
873731973 -187795839
#r 0 3.4019643900
873731973 -186795839
#r 0 3.4168254293
811154980 -204467578
#r 0 0.1898563714
476321941 -514170025
#r 0 2.6078643482
476321941 -513170025
#r 0 2.5719531901
496514260 -526102398
#r 0 2.6289092740
648529161 -258031637
#r 0 1.9608509747
648529161 -257031637
#r 0 3.9329402611
648238831 -257325442
#r 0 3.9732329178
-947200162 54478327
#r 0 3.9588683910
-947200162 53478327
#r 0 3.9010457533
-955786328 45326526
#r 0 3.9146375979
-72923073 965837855
#r 0 3.8037735374
-72923073 964837855
#r 0 3.8244595491
-43344889 988897165
#r 0 3.6934317762
533900477 -572149686
#r 0 4.7311994142
533900477 -571149686
#r 0 2.4953173876
533881394 -571135291
#r 0 3.2145881625
-787439174 -505763987
#r 0 4.2937206428
-787439174 -504763987
#r 0 0.3520841032
-786907236 -504568557
#r 0 0.2877786473
-244124713 -774407860
#r 0 3.2833865819
-244124713 -773407860
#r 0 3.3148347023
-275137891 -778835050
#r 0 3.0985346448
912688030 366379819
#r 0 2.4129899652
912688030 365379819
#r 0 2.3626874235
902127637 375803959
#r 0 2.6069916852
65744808 676218049
#r 0 0.7589554751
65744808 675218049
#r 0 3.1504667980
64680515 675208604
#r 0 0.3088734716
-530446177 836542796
#r 0 6.1524690111
-530446177 835542796
#r 0 4.8253157590
-530561303 836557931
#r 0 6.0228279384
-415563059 -298865844
#r 0 2.9085743203
-415563059 -297865844
#r 0 0.4179702830
-417030476 -298517583
#r 0 0.1911940601
-886033412 -228132643
#r 0 2.1601510145
-886033412 -227132643
#r 0 1.7244035306
-885831930 -228433983
#r 0 1.2402936689
-277974413 -935647969
#r 0 1.7528234978
-277974413 -934647969
#r 0 0.2922094309
-278148821 -934700434
#r 0 1.9045863350
200104270 740576328
#r 0 2.3452504672
200104270 739576328
#r 0 2.2689606577
194206078 746605053
#r 0 3.5039438767
-138670661 -326693416
#r 0 4.2201921024
-138670661 -325693416
#r 0 5.3070951821
-138371561 -326135615
#r 0 0.9984435116
-420259027 -893966584
#r 0 1.6988360746
-420259027 -892966584
#r 0 2.4571727372
-420402884 -892849197
#r 0 2.1658831963
-798050443 -196980374
#r 0 5.9194446551
-798050443 -195980374
#r 0 2.3520298445
-796457286 -197586856
#r 0 2.8842778447
-402542994 -134498653
#r 0 3.7324206179
-402542994 -133498653
#r 0 1.1641368642
-403148602 -134904868
#r 0 5.4727456516
508744237 816338581
#r 0 2.6442028652
508744237 815338581
#r 0 2.6918543671
525359462 807317875
#r 0 3.4338320716
-397593185 913590386
#r 0 5.7454246901
-397593185 912590386
#r 0 4.5932923866
-397481493 913523774
#r 0 5.6202004976
-443314379 -868631678
#r 0 0.6297689781
-443314379 -867631678
#r 0 2.4608433331
-442664464 -868158045
#r 0 0.8176597073
-533147680 613971414
#r 0 2.3884483957
-533147680 612971414
#r 0 3.3202315582
-532253266 613132913
#r 0 3.4917649008
-770932227 -336799630
#r 0 0.2522082386
-770932227 -335799630
#r 0 2.0154632458
-770507843 -336690268
#r 0 5.1112763815
-313801222 -169811900
#r 0 3.7261705497
-313801222 -168811900
#r 0 0.5079456878
-304283429 -163513680
#r 0 3.3821088799
396351162 236536477
#r 0 1.9506831487
396351162 235536477
#r 0 0.9823097365
396600979 235910810
#r 0 2.2138925860
653214263 -656222690
#r 0 2.6510517545
653214263 -655222690
#r 0 6.0208495617
649448621 -654211524
#r 0 3.8723926985
-126037657 252119065
#r 0 0.8983251585
-126037657 251119065
#r 0 4.7865617786
-126105623 252033710
#r 0 4.7948772657
795662488 -210263076
#r 0 0.1623342740
795662488 -209263076
#r 0 0.0844018968
808293129 -208194487
#r 0 2.0053215989
-552602322 134431660
#r 0 4.3687341837
-552602322 133431660
#r 0 0.7594179957
-553144301 132917135
#r 0 0.6096179970
-25074801 475442830
#r 0 6.1359307937
-25074801 474442830
#r 0 2.6243372868
-27452385 475795493
#r 0 1.6302525576
-581753711 58339560
#r 0 3.1139298319
-581753711 57339560
#r 0 4.8568287435
-581899751 58343601
#r 0 0.0149246047
-123676106 -141587957
#r 0 2.9947158114
-123676106 -140587957
#r 0 2.9038824927
-113077145 -143155991
#r 0 2.9171204536
-770394741 -202777594
#r 0 5.7933784338
-770394741 -201777594
#r 0 3.0383645160
-772722793 -201536416
#r 0 0.0526646161
226219170 40973701
#r 0 2.3632859287
226219170 39973701
#r 0 4.1115552081
226628168 40570463
#r 0 0.2780285387
-730767039 -317649186
#r 0 5.7926921112
-730767039 -316649186
#r 0 0.2459183212
-732040891 -316968921
#r 0 2.4200546625
313987082 -595303530
#r 0 4.3636584421
313987082 -594303530
#r 0 5.0474945747
314164957 -594814313
#r 0 2.7929307518
422385780 609464897
#r 0 2.0126865265
422385780 608464897
#r 0 5.3614508129
423642449 606808607
#r 0 2.3809961302
-283682688 -708434606
#r 0 4.1858275928
-283682688 -707434606
#r 0 4.0248114980
-281693180 -705012133
#r 0 0.7251690460
-165174039 -771223105
#r 0 3.1653544948
-165174039 -770223105
#r 0 1.1703972884
-165601604 -771233267
#r 0 6.1225224613
-595802012 -385074130
#r 0 1.4836933547
-595802012 -384074130
#r 0 5.8009460231
-595718505 -384117842
#r 0 1.5267874896
277214466 -802769623
#r 0 0.1403751357
277214466 -801769623
#r 0 2.3186480578
278034565 -802653739
#r 0 0.8907431157
-49223034 10182434
#r 0 5.7841519801
-49223034 9182434
#r 0 1.5267547454
-49179998 10158977
#r 0 4.0721550845
606551053 -19018638
#r 0 0.5365585185
606551053 -18018638
#r 0 3.7085855062
582726168 -33188755
#r 0 3.1493178305
-355498144 909755308
#r 0 3.9817901107
-355498144 908755308
#r 0 3.9923918977
0 0
#r 0 5.5031274940
47076853 -733059593
#r 0 0.1389272378
47076853 -732059593
#r 0 5.8076530781
48604099 -732846041
#r 0 3.2014151574
-374230082 240356462
#r 0 0.6580984442
-374230082 239356462
#r 0 0.7131740417
-363360553 248759287
#r 1 -362640370 249148344
57914385 673072022
#r 0 0.3702803415
57914385 672072022
#r 0 3.1341139594
55386992 672090924
#r 0 3.0130097588
-434227853 -134865342
#r 0 3.7140549805
-434227853 -133865342
#r 0 2.9407809427
-433048612 -134105383
#r 0 3.8386698590
-803935016 3201268
#r 0 3.6022977582
-803935016 2201268
#r 0 4.1858184384
-803117954 3606798
#r 0 3.9788159063
612533705 664406426
#r 0 4.2565120993
612533705 663406426
#r 0 2.5904278024
612156940 663638027
#r 0 2.2911295528
-128789750 -864403732
#r 0 2.6158222721
-128789750 -863403732
#r 0 2.5206687365
-121385378 -868700114
#r 0 0.4340754274
49745228 181238661
#r 0 2.1763690363
49745228 180238661
#r 0 6.1968200580
50481726 180174895
#r 0 4.1715007365
582907428 511612935
#r 0 2.3223209506
582907428 510612935
#r 0 4.0237948967
583345016 511144650
#r 0 4.1927950394
616180789 -199370439
#r 0 1.3999374890
616180789 -198370439
#r 0 1.3854225503
618339928 -186856675
#r 0 4.1803689108
144982153 -279834439
#r 0 2.7886915360
144982153 -278834439
#r 0 3.8719027630
144190886 -279543000
#r 0 2.7047608845
-152837913 140842892
#r 0 4.5561187564
-152837913 139842892
#r 0 4.8682529564
-152916586 140343553
#r 0 4.8110081292
549838263 -730153584
#r 0 3.9480254463
549838263 -729153584
#r 0 3.8496795427
555192384 -724569345
#r 0 3.9473563401
-591139324 -247371007
#r 0 5.0754760571
-591139324 -246371007
#r 0 5.1375244697
-593501648 -241153243
#r 0 5.1375111123
-753947354 98952221
#r 0 4.1636708259
-753947354 97952221
#r 0 3.3761212298
-754663267 97781171
#r 0 3.3998220347
-98352464 -743450637
#r 0 3.3172799743
-98352464 -742450637
#r 0 0.0823846867
-87820153 -741580967
#r 0 6.0937055101
611104978 -524723090
#r 0 0.7058165758
611104978 -523723090
#r 0 4.1700987982
609866344 -525778754
#r 0 3.9738971274
-276948858 -364114257
#r 0 5.9389056145
-276948858 -363114257
#r 0 6.0150837032
-288875768 -359837751
#r 0 2.7006572859
-558362802 302376104
#r 0 6.0668281812
-558362802 301376104
#r 0 5.3953035478
-559353422 302593840
#r 0 3.7334920270
-267275647 10250653
#r 0 5.4716579088
