701687785 -541700890
#r 0 3.2275674380
701687785 -540700890
#r 0 3.2403811970
624311898 -548369704
#r 0 1.4011348454
-499127383 633119407
#r 0 6.0416616791
-499127383 632119407
#r 0 5.2044834628
-499745027 633271553
#r 0 4.2626171321
-483608482 -622730427
#r 0 2.6240450159
-483608482 -621730427
#r 0 0.3035694178
-484741547 -622085361
#r 0 2.6228034366
-400050622 -282770132
#r 0 0.7636935812
-400050622 -281770132
#r 0 1.3952091362
-400264342 -282974770
#r 0 5.6762014576
301295572 728310821
#r 0 2.7604570917
301295572 727310821
#r 0 2.7510512115
210037589 764880636
#r 0 5.2790074167
538670319 187274473
#r 0 2.8322286029
538670319 186274473
#r 0 3.7053139061
539720991 186938651
#r 0 2.8319138259
-356518068 -65592954
#r 0 4.4542830467
-356518068 -64592954
#r 0 4.4586456170
-371205586 -121228660
#r 0 4.4771683269
-276446552 932869643
#r 0 5.0844495355
-276446552 931869643
#r 0 4.6242560293
-276374504 932685016
#r 0 5.5365477791
-550539604 -271667289
#r 0 2.1561130413
-550539604 -270667289
#r 0 1.9608693332
-549456762 -273301043
#r 0 0.2461123910
-618319202 -169265767
#r 0 5.2873656296
-618319202 -168265767
#r 0 5.3905734795
-621630824 -164155336
#r 0 6.2311352723
755102565 -188650360
#r 0 3.7933836931
755102565 -187650360
#r 0 2.1477865702
755537456 -188318523
#r 0 2.7794004614
380790345 -501424583
#r 0 3.7395680383
380790345 -500424583
#r 0 4.0833842334
379347820 -502407186
#r 0 4.0825598583
-579009961 358478730
#r 0 4.5647613328
-579009961 357478730
#r 0 4.1620007807
-579206236 357158876
#r 0 0.1737183460
299350043 -849072587
#r 0 2.4930543460
299350043 -848072587
#r 0 1.4750301437
299260502 -849004724
#r 0 2.4945930754
547958642 -796389549
#r 0 2.5944856854
547958642 -795389549
#r 0 2.9326983846
545440670 -794855772
#r 0 1.1105162047
120566706 -818818612
#r 0 1.7632583997
120566706 -817818612
#r 0 1.7677550640
112242643 -776103549
#r 0 3.0991836294
137093106 -178832048
#r 0 5.6919053087
137093106 -177832048
#r 0 0.2701927973
136038673 -178124090
#r 0 2.5608757928
-671832205 450572368
#r 0 0.4296990934
-671832205 449572368
#r 0 3.3461069200
-675818766 448745499
#r 0 4.1253978045
-468532303 -84888903
#r 0 5.8673454371
-468532303 -83888903
#r 0 5.8603977715
-348457901 -137912798
#r 0 4.8903930097
242220329 -192797614
#r 0 5.0999110275
242220329 -191797614
#r 0 2.4313587389
241591429 -191256800
#r 0 0.5789296134
474168597 127670696
#r 0 1.7229521489
474168597 126670696
#r 0 1.7195218679
467621240 170368713
#r 0 1.7225157930
595496296 -707793242
#r 0 2.3936423350
595496296 -706793242
#r 0 2.6895073442
593234598 -705694895
#r 0 1.1135933814
677928845 -196320030
#r 0 4.6461126414
677928845 -195320030
#r 0 1.6357415624
677961694 -195825117
#r 0 4.6452652900
134234208 -184258840
#r 0 2.5274827742
134234208 -183258840
#r 0 0.3342615542
133283951 -183588858
#r 0 6.2482704621
-222667336 -46611794
#r 0 4.1397295217
-222667336 -45611794
#r 0 4.1434395920
-301353493 -168657484
#r 0 2.6134624945
219528894 970092025
#r 0 4.6322807678
219528894 969092025
#r 0 4.6318598666
204235083 779586194
#r 0 5.5943543391
-384209398 -106897359
#r 0 5.2355081082
-384209398 -105897359
#r 0 5.2137565594
-373169638 -126039983
#r 0 5.2281373736
615373946 -411111791
#r 0 0.9179548180
615373946 -410111791
#r 0 3.5941609454
616591262 -409519900
#r 0 1.2244329508
326662212 790338362
#r 0 3.5091818344
326662212 789338362
#r 0 2.2421199326
326053898 790104105
#r 0 2.2412172612
340630368 -61653550
#r 0 6.0483561642
340630368 -60653550
#r 0 6.0410517833
469894131 -92579008
#r 0 3.3893839494
-936931568 -253662529
#r 0 1.9725205927
-936931568 -252662529
#r 0 1.9814780795
-954358904 -212640352
#r 0 1.9766449208
-55698254 -527054964
#r 0 5.4509141677
-55698254 -526054964
#r 0 2.4638819169
-59104831 -523313071
#r 0 2.4636384157
-176767589 -188188183
#r 0 3.3368574614
-176767589 -187188183
#r 0 4.1813474099
-177432097 -188319613
#r 0 3.3397727656
133207554 429148051
#r 0 2.1846355651
133207554 428148051
#r 0 5.3912100648
138777071 421244091
#r 0 3.5277436969
420725815 -425022251
#r 0 2.8301577130
420725815 -424022251
#r 0 2.2548120687
421831283 -425378113
#r 0 4.1468184489
-984543034 144270826
#r 0 0.2105719532
-984543034 143270826
#r 0 5.6538167165
-985604731 144043898
#r 0 0.2714542780
366737756 485628537
#r 0 1.5927635551
366737756 484628537
#r 0 1.5933732314
367551089 448609644
#r 0 1.9912566047
-649282821 -270779598
#r 0 1.9152062181
-649282821 -269779598
#r 0 4.8595643719
-649030148 -271483998
#r 0 0.6628404958
411724544 245564399
#r 0 5.6862062391
411724544 244564399
#r 0 5.6997804889
462575241 211000617
#r 0 2.4945014956
795592083 -315379132
#r 0 1.9117982413
795592083 -314379132
#r 0 2.6532026701
795154763 -314146774
#r 0 2.6550112021
-521849662 466816098
#r 0 5.4457340499
-521849662 465816098
#r 0 4.6261000857
-521770736 466728496
#r 0 3.3069056565
-558514126 -706353026
#r 0 1.8824459420
-558514126 -705353026
#r 0 1.2583110583
-558675430 -705852311
#r 0 2.1850809412
-218018041 -776753981
#r 0 2.8746485621
-218018041 -775753981
#r 0 2.8898671699
-279404596 -759966543
#r 0 2.8798251053
517252615 315449462
#r 0 6.0027478305
517252615 314449462
#r 0 6.0029515533
0 0
#r 0 5.5053932544
-836634468 79323631
#r 0 2.9840449398
-836634468 78323631
#r 0 0.6802611894
-835601365 79159508
#r 0 5.9274182412
-478957491 -425697431
#r 0 0.5010967745
-478957491 -424697431
#r 0 5.4341624569
-478363603 -425372142
#r 0 0.5031456607
744680137 283363242
#r 0 3.2725950083
744680137 282363242
#r 0 3.2603581926
664228485 272763179
#r 0 3.2659434013
787479252 -388621533
#r 0 2.0721902837
787479252 -387621533
#r 0 3.2671280823
786966599 -387686229
#r 0 2.0727466916
734374273 161323653
#r 0 2.2557732321
734374273 160323653
#r 0 4.0777629054
734761512 160849633
#r 0 0.2239194967
-835925574 -325109799
#r 0 6.1007303936
-835925574 -324109799
#r 0 0.4005617125
-837570413 -324806315
#r 0 2.3358409245
191098699 -491490599
#r 0 3.2188966463
191098699 -490490599
#r 0 1.5315184671
191059281 -491493652
#r 0 1.3304598924
76967052 -918743877
#r 0 0.9417939760
76967052 -917743877
#r 0 1.2736859760
76438434 -919470413
#r 0 1.4022377245
-458212991 -390070259
#r 0 5.9467713831
-458212991 -389070259
#r 0 5.9188037976
-426673471 -401099855
#r 0 2.7960376358
-561441965 -303326039
#r 0 5.2613354617
-561441965 -302326039
#r 0 6.2462981297
-562067747 -302302945
#r 0 0.7476363326
-143029320 -288205830
#r 0 5.4543664521
-143029320 -287205830
#r 0 4.9537560662
-142692784 -288572937
#r 0 0.9934985212
-217724255 370576245
#r 0 4.6105552164
-217724255 369576245
#r 0 6.1679368988
-217825248 369587936
#r 0 4.6152351719
231282029 -813119927
#r 0 1.8545850272
231282029 -812119927
#r 0 1.8574329876
203485856 -717816846
#r 0 1.8523585607
-173650117 941397434
#r 0 3.9233823317
-173650117 940397434
#r 0 4.7419661358
-173678859 941368899
#r 0 5.6389791714
-974261600 -135035256
#r 0 4.9153163542
-974261600 -134035256
#r 0 4.9080916621
-968837080 -161398654
#r 0 4.9092144940
-219071864 876570219
#r 0 0.1206144550
-219071864 875570219
#r 0 4.9266649707
-219283888 876544521
#r 0 6.0790203536
841216372 -245702053
#r 0 3.0471928679
841216372 -244702053
#r 0 3.1757833329
833457530 -244967437
#r 0 1.4753105280
-554460271 622376857
#r 0 4.0038178851
-554460271 621376857
#r 0 1.3336507500
-554123647 622769629
#r 0 4.6006668307
-710372218 -603481641
#r 0 1.4183753856
-710372218 -602481641
#r 0 0.5547589949
-710202445 -602376437
#r 0 0.4589307773
57367412 137137296
#r 0 2.0620191531
57367412 136137296
#r 0 2.0609680921
-153912299 532082249
#r 0 1.6855953399
350298717 99524416
#r 0 4.5071270061
350298717 98524416
#r 0 4.8811740468
350205010 99074321
#r 0 0.7936890049
124361302 -505132095
#r 0 1.0036247449
124361302 -504132095
#r 0 3.2252184900
125034216 -504075690
#r 0 3.1125828716
-544744435 413022941
#r 0 4.4275224403
-544744435 412022941
#r 0 4.4273410634
0 0
#r 0 4.5968290065
-119196968 -904270036
#r 0 0.7155647672
-119196968 -903270036
#r 0 3.0432122473
-118163857 -903372003
#r 0 1.0163887890
-804414631 -463783652
#r 0 5.6709390102
-804414631 -462783652
#r 0 6.0873020372
-806399388 -462389821
#r 0 2.0976485669
551441948 -761356956
#r 0 2.8289437763
551441948 -760356956
#r 0 1.8264261825
551727412 -761449232
#r 0 2.8338855612
27156741 -865736728
#r 0 2.7318257670
27156741 -864736728
#r 0 2.8116311721
16272062 -861008923
#r 0 0.9197651960
940217810 -146619311
#r 0 1.7334009389
940217810 -145619311
#r 0 1.6490971386
940368196 -147536002
#r 0 1.5115214881
-914055295 46387478
#r 0 1.5567444566
-914055295 45387478
#r 0 1.5592698549
-913991163 50951151
#r 0 1.5603327761
-936955659 -34943340
#r 0 0.4765094679
-936955659 -33943340
#r 0 1.3853895027
-937163325 -35050534
#r 0 1.3867170053
-369379595 277222742
#r 0 3.4686045696
-369379595 276222742
#r 0 4.7838359499
-369449468 277199042
#r 0 0.0162988247
-821124475 11788443
#r 0 0.6444955297
-821124475 10788443
#r 0 0.6599683216
-780306835 42465142
#r 0 2.1239185045
-490967586 616064171
#r 0 4.5738889816
-490967586 615064171
#r 0 5.1359712618
-491074061 615300322
#r 0 5.3664702391
-678074763 -588467848
#r 0 0.4751092909
-678074763 -587467848
#r 0 0.6950329991
-681205413 -590078286
#r 0 0.6964793989
217643120 -215305082
#r 0 1.8084100009
217643120 -214305082
#r 0 1.8085953418
0 0
#r 0 4.5955946237
-682169509 -158834214
#r 0 0.1059767617
-682169509 -157834214
#r 0 0.1245303790
-735352986 -164491622
#r 0 2.1776614860
557597791 508080141
#r 0 3.0760399891
557597791 507080141
#r 0 4.4930648279
557817486 508065719
#r 0 3.0797730607
639262792 -399950495
#r 0 2.6368194395
639262792 -398950495
#r 0 3.0498688695
637091403 -398750767
#r 0 1.3261989476
61684808 -566926225
#r 0 4.9707685405
61684808 -565926225
#r 0 0.9047296091
61487032 -566177889
#r 0 4.9700860591
523190902 523430949
#r 0 4.7193006994
523190902 522430949
#r 0 5.5786662173
523197855 522425039
#r 0 5.4573687639
-97120665 -106773775
#r 0 5.0305580955
-97120665 -105773775
#r 0 2.9079404441
-97478037 -105688721
#r 0 1.2772396150
-565009351 514254679
#r 0 4.2988041279
-565009351 513254679
#r 0 4.5850188661
-564828526 514666675
#r 0 6.0789292949
334580786 -482417867
#r 0 3.1760064466
334580786 -481417867
#r 0 1.7016297335
334711778 -482413357
#r 0 1.6960910738
-302732954 278207160
#r 0 6.1842972844
-302732954 277207160
#r 0 6.2001341443
-240111570 271994391
#r 0 6.2079226411
-258338693 -552221732
#r 0 2.1561544417
-258338693 -551221732
#r 0 4.5883199993
-258443655 -552063383
#r 0 3.0136619530
-571070279 -284224233
#r 0 5.8622419423
-571070279 -283224233
#r 0 1.9097772105
-570651597 -284411679
#r 0 0.3444318824
481874853 641887316
#r 0 2.7209207189
481874853 640887316
#r 0 4.6626509366
481923548 641865531
#r 0 3.9492926185
-479273610 -106822827
#r 0 6.0942935682
-479273610 -105822827
#r 0 0.0437152040
-483530489 -106009036
#r 0 6.0977545049
-4238218 -621301856
#r 0 1.0598035995
-4238218 -620301856
#r 0 5.6433497263
-3842631 -620596286
#r 0 2.1857889894
-213551122 -22815755
#r 0 4.1877216201
-213551122 -21815755
#r 0 5.3053794219
-213239760 -22277788
#r 0 0.7542313879
-874003763 -51756842
#r 0 0.7878055712
-874003763 -50756842
#r 0 0.7619862239
-854235969 -31893639
#r 0 5.9402279637
-191082364 -706539912
#r 0 0.6382164878
-191082364 -705539912
#r 0 3.9809684538
-193767238 -708531485
#r 0 2.8488417523
-712230836 221529366
#r 0 4.4411632781
-712230836 220529366
#r 0 4.4382718279
-737312804 131331821
#r 0 1.2978276537
-780382671 126943689
#r 0 0.5791673165
-780382671 125943689
#r 0 4.9044198357
-780555165 126830882
#r 0 3.4030536764
-236286024 -513307999
#r 0 2.6126529237
-236286024 -512307999
#r 0 1.0857493027
-236688946 -513072494
#r 0 3.3008332201
432125842 146983063
#r 0 1.1500851404
432125842 145983063
#r 0 1.1568872894
456274110 200954619
#r 0 1.1462246748
-261116530 -918750953
#r 0 2.7247408815
-261116530 -917750953
#r 0 2.7349630260
-343273883 -882371532
#r 0 2.6887057371
118024946 613168088
#r 0 1.6187971573
118024946 612168088
#r 0 4.9178472919
118087374 611868529
#r 0 1.6207356863
-464226731 -787773296
#r 0 1.2495498760
-464226731 -786773296
#r 0 5.6081280071
-463963958 -786983651
#r 0 0.1580722522
-243669211 -909135288
#r 0 2.8715790306
-243669211 -908135288
#r 0 2.8802401505
-351166939 -879382841
#r 0 6.0735066932
-477273716 873997373
#r 0 3.5763258138
-477273716 872997373
#r 0 3.5295461908
-495227826 865660162
#r 1 -495045706 865697135
-723337552 322551553
#r 0 3.6553390217
-723337552 321551553
#r 0 5.6291572662
-724088942 322127553
#r 0 2.5556479185
-109826943 -461038229
#r 0 5.1828529577
-109826943 -460038229
#r 0 2.1907744914
-111595063 -457561441
#r 0 5.1798874257
273596302 -710435175
#r 0 3.0575841082
273596302 -709435175
#r 0 2.5125696356
275150514 -710566050
#r 0 2.5150373160
-495340295 -231301155
#r 0 6.2661543628
-495340295 -230301155
#r 0 1.1009526127
-495843710 -231292581
#r 0 2.4841719420
-335666797 -774290530
#r 0 0.2956777416
-335666797 -773290530
#r 0 2.5739931519
-334605444 -773967235
#r 0 0.2958425988
-44434562 -424288087
#r 0 0.7549097077
-44434562 -423288087
#r 0 4.1548107178
-45943241 -425707466
#r 0 4.1502679795
482272679 648017210
#r 0 2.3807606236
482272679 647017210
#r 0 2.8540531290
483796370 646566601
#r 0 5.1162022492
-848718430 -335529233
#r 0 5.4053184215
-848718430 -334529233
#r 0 1.3328489883
-848906138 -335303153
#r 0 5.5142560526
-538168394 -366123595
#r 0 5.0634086138
-538168394 -365123595
#r 0 4.1929436198
-538391626 -365513979
#r 0 3.8041669319
780704324 -493859950
#r 0 3.1391885217
780704324 -492859950
#r 0 3.1461404000
636859052 -493514126
#r 0 2.6800958906
101574837 -660299922
#r 0 4.5528446857
101574837 -659299922
#r 0 4.5577820777
96619893 -691092817
#r 0 4.5697099451
274165912 -778182756
#r 0 1.8424330166
274165912 -777182756
#r 0 2.1784966418
273701354 -776514808
#r 0 1.2298753942
-30247511 -354320033
#r 0 1.4948880689
-30247511 -353320033
#r 0 5.0646640793
-30184494 -353491457
#r 0 0.0639132576
196232884 -273237791
#r 0 1.4997540546
196232884 -272237791
#r 0 0.0247689172
196304172 -272236025
#r 0 1.4959235139
-43571381 -254057842
#r 0 1.3733521459
-43571381 -253057842
#r 0 1.3743371877
-82443593 -448369772
#r 0 3.0015582558
245238934 77228773
#r 0 3.8020574174
245238934 76228773
#r 0 0.5593108018
238610273 72079299
#r 0 3.7727034676
691449954 36763389
#r 0 2.4720932363
691449954 35763389
#r 0 2.4491249649
665171157 57561472
#r 0 2.4622565497
305194638 -415436078
#r 0 4.8375411053
305194638 -414436078
#r 0 1.4470257576
305132086 -414938882
#r 0 2.5646344204
326597884 -216545057
#r 0 2.1764470219
326597884 -215545057
#r 0 3.9470577659
326195482 -215963942
#r 0 2.9021577778
48717586 -293671845
#r 0 4.0899128770
48717586 -292671845
#r 0 4.1139674941
35061759 -312700280
#r 0 5.1313727965
530625494 -89118625
#r 0 5.6463220638
530625494 -88118625
#r 0 1.7432519501
530825441 -89266522
#r 0 1.7420679171
42124448 645983829
#r 0 1.5170745029
42124448 644983829
#r 0 2.5610815063
42072506 645017897
#r 0 1.1833567952
-178491570 670902010
#r 0 0.4191770169
-178491570 669902010
#r 0 0.4481819635
-150105840 683550288
#r 0 5.8034065081
78464923 432039983
#r 0 2.4593959286
78464923 431039983
#r 0 6.0082530786
80350913 430507992
#r 0 5.1886784712
160031141 -417843750
#r 0 0.9157904698
160031141 -416843750
#r 0 0.7297895573
162486222 -414647585
#r 0 0.7248602983
-430166093 553065446
#r 0 4.0637166954
-430166093 552065446
#r 0 0.4337486895
-431334452 551524302
#r 0 4.5560452081
17710008 853207122
#r 0 4.5041206778
17710008 852207122
#r 0 5.8575941209
17517150 852294544
#r 0 5.0951132415
14875479 -715975258
#r 0 0.2492798594
14875479 -714975258
#r 0 0.2392369292
108623574 -692109340
#r 0 3.3911798909
-415569731 -638404763
#r 0 2.6401132911
-415569731 -637404763
#r 0 0.5740623181
-416406593 -637945974
#r 0 2.8579547430
-773961145 -176289730
#r 0 3.2390721385
-773961145 -175289730
#r 0 1.1585649166
-774417966 -176334402
#r 0 1.5315249526
940988252 -325744210
#r 0 1.6978417260
940988252 -324744210
#r 0 1.5129733616
940948417 -325432351
#r 0 1.5357479462
-826089410 389315028
#r 0 2.5492033429
-826089410 388315028
#r 0 2.5245090247
-853491364 407757136
#r 0 2.5382721550
787581078 -76307990
#r 0 4.1347760067
787581078 -75307990
#r 0 3.3264124617
788323276 -75169234
#r 0 2.9897217835
-720594767 -54294382
#r 0 3.6675953191
-720594767 -53294382
#r 0 2.4992138076
-719842213 -53857479
#r 0 1.1608124390
594911311 732837332
#r 0 3.2778452381
594911311 731837332
#r 0 3.0768317878
589959679 732158453
#r 0 3.2816097661
288809318 -738112341
#r 0 2.4180935883
288809318 -737112341
#r 0 0.9844822630
288390694 -737742580
#r 0 1.3454160168
-344837829 -486706031
#r 0 4.0843920934
-344837829 -485706031
#r 0 2.3551551314
-344417554 -486127181
#r 0 3.4004073482
-62712054 -847301326
#r 0 0.6961558457
-62712054 -846301326
#r 0 0.7611590473
-71264778 -854449164
#r 0 2.7146935717
-250419138 -693493865
#r 0 4.2307702619
-250419138 -692493865
#r 0 1.7840138527
-250266046 -693200961
#r 0 4.2304019599
366755340 -91389671
#r 0 1.4147458856
366755340 -90389671
#r 0 1.4075816576
370280384 -68984200
#r 0 3.6402844526
961566412 68953195
#r 0 4.7784803814
961566412 67953195
#r 0 1.9839124236
961644371 67775344
#r 0 4.7786649728
597164501 -516317146
#r 0 1.2924711388
597164501 -515317146
#r 0 2.7503530454
597420114 -515422588
#r 0 3.4860318218
-877313621 -335845740
#r 0 1.2766356215
-877313621 -334845740
#r 0 2.1168027947
-877111463 -335178442
#r 0 5.6030808621
-380835327 -806301119
#r 0 5.1311345619
-380835327 -805301119
#r 0 0.4522920206
-381201262 -805478921
#r 0 5.1281901751
822465216 -184570263
#r 0 2.1573687912
822465216 -183570263
#r 0 3.5654134227
821953922 -183800940
#r 0 1.4904976178
186036512 447263379
#r 0 5.8059621696
186036512 446263379
#r 0 1.4177169940
186179399 447189494
#r 0 4.3575178201
-324336703 -906969741
#r 0 1.7779862020
-324336703 -905969741
#r 0 2.3162911410
-324608882 -905674926
#r 0 2.3084338934
-23877194 30146238
#r 0 4.3854243501
-23877194 29146238
#r 0 4.8367461915
-23968531 29876917
#r 0 4.8374180702
-646955563 126488175
#r 0 2.7485630595
-646955563 125488175
#r 0 1.1197455364
-646552210 126320944
#r 0 2.7461170464
647455009 119171730
#r 0 4.9478409544
647455009 118171730
#r 0 1.5814821484
647443825 119218351
#r 0 0.2145771808
-614105525 708095676
#r 0 0.3579252884
-614105525 707095676
#r 0 0.0232616212
-616956394 707029348
#r 0 5.8523510689
-144601442 -246545691
#r 0 0.8770329929
-144601442 -245545691
#r 0 3.0041343467
-143855570 -245648868
#r 0 2.6626938614
-755786970 456770808
#r 0 4.6849293591
-755786970 455770808
#r 0 3.5541063655
-755814771 455758642
#r 0 4.6881857728
-942398078 -178453409
#r 0 3.8240408528
-942398078 -177453409
#r 0 3.8559971402
-960747469 -193366300
#r 0 3.8335158107
711522906 98276513
#r 0 3.7834243643
711522906 97276513
#r 0 4.1186185309
712885266 99294734
#r 0 3.8403967306
-865732126 -389513957
#r 0 1.6217774013
-865732126 -388513957
#r 0 0.2324124535
-865782542 -388525890
#r 0 2.0290119006
457994694 -775492143
#r 0 1.0171023353
457994694 -774492143
#r 0 2.1657454931
458317769 -774969537
#r 0 2.1619105721
223679184 -734348721
#r 0 2.1091515620
223679184 -733348721
#r 0 2.0096772517
225873018 -738022278
#r 0 2.8225736701
590989480 604339845
#r 0 2.4273211076
590989480 603339845
#r 0 4.8392891817
590846026 604464217
#r 0 4.4774434681
33739637 326385330
#r 0 5.3265188064
33739637 325385330
#r 0 4.4629506694
33926770 326119924
#r 0 3.6018996556
107088828 -31836439
#r 0 5.7815111173
107088828 -30836439
#r 0 0.6028885765
106280332 -31392996
#r 0 3.6591648624
-86557720 15314172
#r 0 5.8783137374
-86557720 14314172
#r 0 1.1613317102
-86191785 15157351
#r 0 5.3792670465
187576655 288198927
#r 0 5.4680450972
187576655 287198927
#r 0 4.7490439009
187538499 288239423
#r 0 0.9166156424
376013911 294524797
#r 0 5.5153189556
376013911 293524797
#r 0 5.5192816971
507111451 167945266
#r 0 2.3747727794
278966036 620220652
#r 0 1.9640066129
278966036 619220652
#r 0 5.4396061014
279743020 618347557
#r 0 2.5491900992
-721859489 -551390151
#r 0 1.1548639115
-721859489 -550390151
#r 0 1.1493457218
-691906079 -483576626
#r 0 4.3511774607
388898961 -22604958
#r 0 3.5614741619
388898961 -21604958
#r 0 3.6307395295
377252416 -27804330
#r 1 376866119 -27962107
-862956667 140643757
#r 0 3.9163915673
-862956667 139643757
#r 0 0.1539471290
-864170483 139455403
#r 0 5.5616203914
-64393835 -548376194
#r 0 2.0593578177
-64393835 -547376194
#r 0 2.0672427251
-92746546 -495035682
#r 0 5.2426571855
-682022435 430113840
#r 0 3.9110564121
-682022435 429113840
#r 0 3.2470772436
-683181518 428991119
#r 0 3.2395137992
129522077 617343422
#r 0 1.2972626292
129522077 616343422
#r 0 4.1184244723
129042098 615632672
#r 0 1.6746855828
-709725211 -135667791
#r 0 5.5268040382
-709725211 -134667791
#r 0 1.2697031657
-709965374 -135441176
#r 0 0.0239206950
882172595 169931446
#r 0 1.7379328254
882172595 168931446
#r 0 0.8081689286
882315986 169081521
#r 0 0.8070563816
29768177 179516482
#r 0 2.0305610883
29768177 178516482
#r 0 2.0240762434
-197272 240033692
#r 0 5.4586075561
258981388 553416150
#r 0 5.9933470558
258981388 552416150
#r 0 6.0000468379
396320350 512456639
#r 0 2.8723176813
867622611 474026919
#r 0 4.1147682924
867622611 473026919
#r 0 4.6746186159
867662621 474085700
#r 0 4.8779632043
494169261 705240858
#r 0 2.4662042367
494169261 704240858
#r 0 4.6467236956
494231730 705190816
#r 0 2.9509157282
122469093 -725635014
#r 0 2.2855670973
122469093 -724635014
#r 0 2.3049472858
99809507 -699525237
#r 0 2.3078914876
-603116602 -663308573
#r 0 1.1882947764
-603116602 -662308573
#r 0 2.0780911271
-602883218 -662728471
#r 0 1.6136027246
-145539966 -887360284
#r 0 0.8641485781
-145539966 -886360284
#r 0 0.8731758689
-191744918 -941482408
#r 0 2.7656833072
682414660 608429595
#r 0 5.1757449905
682414660 607429595
#r 0 3.4044536031
682855083 607548107
#r 0 4.6708533672
-490982295 -354183775
#r 0 5.6354997055
-490982295 -353183775
#r 0 5.6288145706
-396331704 -425792522
#r 0 4.8555437919
-802812116 -220135267
#r 0 0.2112834582
-802812116 -219135267
#r 0 2.9856371635
-800121896 -219558256
#r 0 5.2354236474
250470454 471718324
#r 0 0.4007317239
250470454 470718324
#r 0 1.9667232997
250115340 471567878
#r 0 2.1616284271
439852827 37625603
#r 0 3.4031000882
439852827 36625603
#r 0 5.4074075292
439171142 37443159
#r 0 0.8448100257
-160210028 -311873695
#r 0 6.1530927924
-160210028 -310873695
#r 0 2.6553117920
-157696132 -312202592
#r 0 0.9960079026
378118500 -176315695
#r 0 5.6510015313
378118500 -175315695
#r 0 5.6210001924
399328576 -191851328
#r 0 5.6814980468
-866575725 -214630372
#r 0 5.8819424903
-866575725 -213630372
#r 0 1.6349289048
-866509706 -214658381
#r 0 2.9325341171
135413484 36622920
#r 0 4.9289450668
135413484 35622920
#r 0 3.8288586443
135599840 35775872
#r 0 0.3458233384
133848038 926203271
#r 0 1.7004895440
133848038 925203271
#r 0 0.0393430152
133977797 925208379
#r 0 0.0377230133
152317393 -838586251
#r 0 1.3582399942
152317393 -837586251
#r 0 1.5175451862
152246610 -838914230
#r 0 1.4224158560
866394399 -388688067
#r 0 2.5168369354
866394399 -387688067
#r 0 2.5177437601
140429377 134814796
#r 0 4.1109659663
-110683473 -855371776
#r 0 1.5542712542
-110683473 -854371776
#r 0 0.6269731628
-110666746 -854359658
#r 0 1.9074101648
-778756986 -564076853
#r 0 0.7418482248
-778756986 -563076853
#r 0 2.0331556269
-778414865 -563763304
#r 0 0.7376711056
-737950047 -439455128
#r 0 6.0195445174
-737950047 -438455128
#r 0 5.5652949071
-736292823 -439902452
#r 0 5.5680161411
-609784449 -471338019
#r 0 3.3072344152
-609784449 -470338019
#r 0 3.3237983078
-668347380 -481128188
#r 0 3.3141780203
-23189346 649857189
#r 0 1.0484943303
-23189346 648857189
#r 0 2.1672913118
-23500873 649315989
#r 0 1.0499428176
919027675 186956176
#r 0 2.4307684498
919027675 185956176
#r 0 1.9080335891
918525424 187388596
#r 0 1.9099831340
-462062882 -817316296
#r 0 2.0363943873
-462062882 -816316296
#r 0 2.2339507926
-463471020 -814513699
#r 0 0.3001972144
-122964257 -333624352
#r 0 1.5244261669
-122964257 -332624352
#r 0 1.4003814443
-122900721 -332255135
#r 0 1.3993154215
-340634393 559951828
#r 0 0.3769605077
-340634393 558951828
#r 0 3.9403442655
-339050052 560579057
#r 0 0.5363971603
-909594700 -252680642
#r 0 1.5807605284
-909594700 -251680642
#r 0 2.3144360788
-909604774 -251669690
#r 0 0.0566158986
43912064 302995607
#r 0 3.2450185191
43912064 301995607
#r 0 3.2315674242
-29737167 295351094
#r 0 0.1149735191
117420708 890129395
#r 0 1.4876822845
117420708 889129395
#r 0 4.6060952414
117040698 885567777
#r 0 4.6088046843
-468178342 -347725758
#r 0 2.2091533960
-468178342 -346725758
#r 0 5.3209896012
-456727885 -363157781
#r 0 5.3210091887
71200613 -222501511
#r 0 2.0957168408
71200613 -221501511
#r 0 2.0989439438
-7056624 -87368798
#r 0 2.1162150426
-243623499 -789879633
#r 0 2.4846862688
-243623499 -788879633
#r 0 2.6498598364
-247868995 -786605677
#r 0 2.4882704460
-769324329 107708350
#r 0 2.3840791720
-769324329 106708350
#r 0 4.7670217269
-769381999 107762890
#r 0 4.7659867369
635566251 196520845
#r 0 4.8000610478
635566251 195520845
#r 0 1.4433208910
635618391 195927650
#r 0 5.8549005101
195202581 -473800941
#r 0 5.6188874575
195202581 -472800941
#r 0 0.8622405560
194689720 -473399364
#r 0 4.6396863816
308865562 -904406367
#r 0 1.6268206140
308865562 -903406367
#r 0 2.0204932400
308802106 -903274901
#r 0 1.5586760815
710295145 -265660052
#r 0 2.7392778372
710295145 -264660052
#r 0 3.3109303635
708618698 -264946683
#r 0 2.7389755362
-659887626 -690524746
#r 0 0.3244814845
-659887626 -689524746
#r 0 1.5305559125
-659928441 -690538475
#r 0 1.2087008061
582191960 -738122481
#r 0 2.1575070047
582191960 -737122481
#r 0 2.4651237667
580766177 -735977809
#r 0 2.9167247642
619956929 619639294
#r 0 5.3561524190
619956929 618639294
#r 0 4.7741306767
619889559 619729072
#r 0 2.8066890336
279378978 182926265
#r 0 4.2150950738
279378978 181926265
#r 0 4.2110567949
222605387 78331158
#r 0 3.1667816009
-31041134 -356688329
#r 0 3.3348827172
-31041134 -355688329
#r 0 5.0710089103
-30691926 -356619977
#r 0 1.4949421507
531322273 778893238
#r 0 4.0252472016
531322273 777893238
#r 0 4.1417996587
534268556 782483892
#r 0 2.7114044718
-409016762 -551302065
#r 0 0.4916379958
-409016762 -550302065
#r 0 0.4622737039
-382142412 -536911012
#r 0 0.4430339910
-242530425 -410578653
#r 0 3.5103177276
-242530425 -409578653
#r 0 0.9481864051
-243523830 -410962502
#r 0 0.4778276185
280793211 -921368331
#r 0 1.9132338303
280793211 -920368331
#r 0 2.2567477098
280161708 -919596843
#r 0 2.7192565030
730390034 137322819
#r 0 5.9050113073
730390034 136322819
#r 0 3.9729271214
731059529 137056831
#r 0 3.9724940794
336241334 349827929
#r 0 3.2915661668
336241334 348827929
#r 0 1.7750770885
336040452 349797574
#r 0 1.3973373431
182629508 -60733374
#r 0 5.1679757803
182629508 -59733374
#r 0 6.1320867640
182100045 -59652758
#r 0 4.9311606353
-14583895 -391538609
#r 0 0.8159667211
-14583895 -390538609
#r 0 0.8134066460
169288485 -196066605
#r 0 0.8181759901
-529968658 -541423045
#r 0 3.2785591705
-529968658 -540423045
#r 0 1.0206914312
-530638528 -541515373
#r 0 0.0362761147
-295721070 -115687762
#r 0 4.2670817548
-295721070 -114687762
#r 0 4.2688874302
-398082027 -330154928
#r 0 4.7989971935
-860392259 105310463
#r 0 3.3960090672
-860392259 104310463
#r 0 3.3772210112
-910483818 92284072
#r 0 3.3925030239
134282577 690186611
#r 0 2.3608534076
134282577 689186611
#r 0 2.3552141434
45293309 778350531
#r 0 5.4928612810
120775521 105317247
#r 0 2.0680935075
120775521 104317247
#r 0 5.4653642253
122065407 102940883
#r 0 5.1001895714
705482076 -427802156
#r 0 1.7428226150
705482076 -426802156
#r 0 2.4859421434
705281533 -426647906
#r 0 1.7430146575
67711290 -820628312
#r 0 1.2467812290
67711290 -819628312
#r 0 1.0001537458
68415727 -818530845
#r 0 1.3514081377
433987350 508403551
#r 0 2.9643589915
433987350 507403551
#r 0 5.1810931913
433430513 508503288
#r 0 2.9615301542
-118050258 19266698
#r 0 5.5256305290
-118050258 18266698
#r 0 3.8609406896
-117501327 18747515
#r 0 5.6471687653
-797637337 -148047045
#r 0 0.6330976525
-797637337 -147047045
#r 0 3.4244436462
-795381153 -146391300
#r 0 1.8298961976
-297627869 -312378482
#r 0 5.5539447158
-297627869 -311378482
#r 0 1.9561647194
-296991584 -312947035
#r 0 3.7151170863
526708312 738674488
#r 0 4.0757731515
526708312 737674488
#r 0 3.0843406228
525999068 737715138
#r 0 4.9663543611
902408713 326691638
#r 0 3.7601327740
902408713 325691638
#r 0 3.7379039314
872080094 305106536
#r 0 3.7479928839
194389026 724215994
#r 0 0.6579448801
194389026 723215994
#r 0 2.3580155479
193823793 723779172
#r 0 3.7526899819
479784988 -770379991
#r 0 1.9295320996
479784988 -769379991
#r 0 2.7433979513
479339808 -769192719
#r 0 3.1273078469
-131810955 348029062
#r 0 3.8168196804
-131810955 347029062
#r 0 3.8114796714
-246395308 256270200
#r 0 0.6729970412
586522933 -217901995
#r 0 1.7574416400
586522933 -216901995
#r 0 1.7648783371
581710420 -192417837
#r 0 3.3904854203
-187748036 23994930
#r 0 4.8976468510
-187748036 22994930
#r 0 3.8208707342
-187585261 23126365
#r 0 5.1056633502
352205545 -810872443
#r 0 1.3468014462
352205545 -809872443
#r 0 2.3638315395
352391615 -810055693
#r 0 1.7157821312
-281264150 625950435
#r 0 0.0260453415
-281264150 624950435
#r 0 0.0320851800
-115837143 630260012
#r 0 1.1039947617
805993669 -555805939
#r 0 1.3151091809
805993669 -554805939
#r 0 3.1845972659
806258052 -554794562
#r 0 3.1538180520
109176579 830254230
#r 0 3.8819508475
109176579 829254230
#r 0 4.6939507633
109195335 830271369
#r 0 4.6897075724
454603456 -115132683
#r 0 4.1020490677
454603456 -114132683
#r 0 4.1097888627
412631453 -175141986
#r 0 4.1069323430
-841858840 456991149
#r 0 4.3689715910
-841858840 455991149
#r 0 4.3665954586
-889888431 322675163
#r 0 4.6655511736
-394302774 -111391377
#r 0 5.6603193034
-394302774 -110391377
#r 0 5.6264031477
-375333587 -125015893
#r 0 5.6467792165
-44928054 515757560
#r 0 2.3848835680
-44928054 514757560
#r 0 5.9462115527
-43244188 514167642
#r 0 1.2312626605
-121117037 -740886462
#r 0 2.3113940405
-121117037 -739886462
#r 0 0.3505072045
-121802216 -740136966
#r 0 3.2543098383
-104972969 -794518837
#r 0 2.7484393986
-104972969 -793518837
#r 0 0.4665707397
-106061813 -794067243
#r 0 3.4842557429
-228728329 -70115130
#r 0 2.4719416013
-228728329 -69115130
#r 0 1.0617659790
-229115397 -69808693
#r 0 4.1625673622
211817052 -353830981
#r 0 5.6807842774
211817052 -352830981
#r 0 5.6172617407
222023947 -360849930
#r 1 222546660 -361168581
714039536 -444378998
#r 0 2.4670885775
714039536 -443378998
#r 0 1.0991645409
713677259 -444089317
#r 0 1.7703383721
210279624 -719446913
#r 0 1.3053087045
210279624 -718446913
#r 0 1.9301797119
210437367 -718866777
#r 0 1.9337979912
-252990652 907596128
#r 0 5.4825133117
-252990652 906596128
#r 0 5.0208749659
-253465232 908085431
#r 0 5.8685816778
-111775591 385835601
#r 0 1.7849141255
-111775591 384835601
#r 0 5.4739784707
-111493897 384540163
#r 0 6.1331467982
-751715650 246572132
#r 0 2.1433998889
-751715650 245572132
#r 0 4.9722276429
-752168077 247273952
#r 0 6.1450209545
734240015 -107718197
#r 0 2.9044032120
734240015 -106718197
#r 0 2.9071883212
394784039 -25658153
#r 0 1.2958386893
451097033 876365304
#r 0 5.3473788701
451097033 875365304
#r 0 4.9604318942
450711125 876889077
#r 0 3.6551509558
-213751703 -188883800
#r 0 2.5446669701
-213751703 -187883800
#r 0 2.7762732877
-217117064 -186596589
#r 0 5.0944041142
-871609781 -439190600
#r 0 5.8805231522
-871609781 -438190600
#r 0 1.3601639771
-871805739 -439107135
#r 0 5.7433686872
873731973 -187795839
#r 0 3.4490487518
873731973 -186795839
#r 0 3.4498939795
-200733564 -528965350
#r 0 4.3116771780
476321941 -514170025
#r 0 3.5915112437
476321941 -513170025
#r 0 0.8550736322
474822902 -514893993
#r 0 2.2900866381
648529161 -258031637
#r 0 0.2926949723
648529161 -257031637
#r 0 0.2623238116
678980973 -248854980
#r 0 3.4292144699
-947200162 54478327
#r 0 0.8310437363
-947200162 53478327
#r 0 0.8460541674
-917426886 87101714
#r 0 0.8377513964
-72923073 965837855
#r 0 6.1547700215
-72923073 964837855
#r 0 5.6855642774
-74736230 966071980
#r 0 4.4956594089
533900477 -572149686
#r 0 2.2835735194
533900477 -571149686
#r 0 3.1684435751
533055719 -571172374
#r 0 1.9174386079
-787439174 -505763987
#r 0 2.0803260390
-787439174 -504763987
#r 0 0.2006417924
-787940901 -504866027
#r 0 0.2012746229
-244124713 -774407860
#r 0 2.7670461076
-244124713 -773407860
#r 0 2.7896031689
-282857013 -759182078
#r 0 2.7765868396
912688030 366379819
#r 0 4.4828227243
912688030 365379819
#r 0 4.0596829104
912351463 364939564
#r 0 3.4795945487
65744808 676218049
#r 0 1.2557817232
65744808 675218049
#r 0 0.4421334558
65359505 675035651
#r 0 1.7346378051
-530446177 836542796
#r 0 5.5690740044
-530446177 835542796
#r 0 4.6255192047
-530365200 836472613
#r 0 5.1104496738
-415563059 -298865844
#r 0 0.7696761574
-415563059 -297865844
#r 0 0.7639862917
-324426044 -210550414
#r 0 3.9075187382
-886033412 -228132643
#r 0 2.7292969505
-886033412 -227132643
#r 0 2.7339631912
0 0
#r 0 3.8799678657
-277974413 -935647969
#r 0 2.4675498329
-277974413 -934647969
#r 0 1.6044853320
-277939779 -935675637
#r 0 2.4729080593
200104270 740576328
#r 0 0.3961858939
200104270 739576328
#r 0 0.4161687465
242333070 758240827
#r 0 3.5351980743
-138670661 -326693416
#r 0 1.2828473067
-138670661 -325693416
#r 0 3.5890179097
-138325409 -325527735
#r 0 1.2868521148
-420259027 -893966584
#r 0 0.1901137225
-420259027 -892966584
#r 0 0.1749705535
-356400104 -881677715
#r 0 0.1941573717
-798050443 -196980374
#r 0 1.1294783455
-798050443 -195980374
#r 0 3.1338148776
-797579781 -195984035
#r 0 0.1612252963
-402542994 -134498653
#r 0 0.2458683425
-402542994 -133498653
#r 0 0.2474839968
0 0
#r 0 2.9252144626
508744237 816338581
#r 0 4.2607971087
508744237 815338581
#r 0 4.7318663061
508725509 816299969
#r 0 4.1903798242
-397593185 913590386
#r 0 5.3381805506
-397593185 912590386
#r 0 4.0859668187
-397231601 913090054
#r 0 5.8083643902
-443314379 -868631678
#r 0 6.1664704467
-443314379 -867631678
#r 0 2.1476558447
-442609948 -868714271
#r 0 2.0527432584
-533147680 613971414
#r 0 4.0868891722
-533147680 612971414
#r 0 4.3175255344
-532162399 615335607
#r 0 4.3187259651
-770932227 -336799630
#r 0 1.8913454564
-770932227 -335799630
#r 0 5.1733466177
-771933694 -333783153
#r 0 5.1958886238
-313801222 -169811900
#r 0 1.0199755166
-313801222 -168811900
#r 0 4.3414020479
-314862050 -171538972
#r 0 4.3394582085
396351162 236536477
#r 0 5.9236451948
396351162 235536477
#r 0 5.9347934501
475273044 206871486
#r 0 2.7935568979
653214263 -656222690
#r 0 2.3782978324
653214263 -655222690
#r 0 1.5214998732
653167150 -656177615
#r 0 1.5815616033
-126037657 252119065
#r 0 0.4146146364
-126037657 251119065
#r 0 0.4211515559
1744247 308359539
#r 0 3.5552920016
795662488 -210263076
#r 0 3.4621746270
795662488 -209263076
#r 0 3.1007452967
798344133 -209372675
#r 0 2.9060845626
-552602322 134431660
#r 0 2.0396522541
-552602322 133431660
#r 0 2.0330278479
-583021584 194486178
#r 0 2.0361929522
-25074801 475442830
#r 0 4.7026557520
-25074801 474442830
#r 0 3.9252993202
-25084630 474433034
#r 0 5.2808943171
-581753711 58339560
#r 0 3.1674245956
-581753711 57339560
#r 0 1.6707582794
-581853748 58336975
#r 0 1.6695622105
-123676106 -141587957
#r 0 5.5162012391
-123676106 -140587957
#r 0 0.4666355725
-124357503 -140931204
#r 0 3.0841945388
-770394741 -202777594
#r 0 2.0240414302
-770394741 -201777594
#r 0 3.1037453182
-770890956 -201758805
#r 0 5.7525547921
226219170 40973701
#r 0 1.2852504730
226219170 39973701
#r 0 0.6284824128
225845976 39702466
#r 0 4.6068539842
-730767039 -317649186
#r 0 5.0036124006
-730767039 -316649186
#r 0 5.0036630107
0 0
#r 0 4.2344346855
313987082 -595303530
#r 0 1.0224509954
313987082 -594303530
#r 0 0.9947646579
324243960 -578511847
#r 0 1.0109053667
422385780 609464897
#r 0 4.1446685890
422385780 608464897
#r 0 4.8106190161
422300422 609331057
#r 0 4.1446824824
-283682688 -708434606
#r 0 0.8320689563
-283682688 -707434606
#r 0 4.3577877843
-284306565 -709119614
#r 0 4.7120353615
-165174039 -771223105
#r 0 1.8677351144
-165174039 -770223105
#r 0 2.1932457096
-165707480 -769479751
#r 0 2.1913731125
-595802012 -385074130
#r 0 6.1937985949
-595802012 -384074130
#r 0 6.1942104302
0 0
#r 0 4.5969273971
277214466 -802769623
#r 0 2.6199012247
277214466 -801769623
#r 0 2.0119971733
277862672 -803142218
#r 0 1.3631581453
-49223034 10182434
#r 0 5.1146656218
-49223034 9182434
#r 0 4.9143413698
-49617687 11109983
#r 0 4.4742671507
606551053 -19018638
#r 0 3.5857341866
606551053 -18018638
#r 0 4.9954373734
606806549 -18897060
#r 0 2.1335669353
-355498144 909755308
#r 0 5.6894828426
-355498144 908755308
#r 0 5.7171734453
-330229700 892700844
#r 0 0.2036580253
47076853 -733059593
#r 0 0.6618130878
47076853 -732059593
#r 0 0.6454441127
85577169 -703067300
#r 0 0.6380032759
-374230082 240356462
#r 0 4.8020018245
-374230082 239356462
#r 0 4.7985601759
-376468018 265262963
#r 0 0.0388794479
57914385 673072022
#r 0 1.6626668982
57914385 672072022
#r 0 1.6602906512
54463824 710525236
#r 0 1.6623371929
-434227853 -134865342
#r 0 1.9985326843
-434227853 -133865342
#r 0 0.1086718017
-434662137 -133912723
#r 0 5.4703239080
-803935016 3201268
#r 0 0.9252365604
-803935016 2201268
#r 0 0.9376116397
-775166563 41395144
#r 0 0.9335581258
612533705 664406426
#r 0 4.7945566910
612533705 663406426
#r 0 3.6395751965
612612529 663449281
#r 0 4.0167327035
-128789750 -864403732
#r 0 0.6552798970
-128789750 -863403732
#r 0 0.7956779075
-132754786 -867451137
#r 0 2.4587061142
49745228 181238661
#r 0 0.0740252418
49745228 180238661
#r 0 3.9795230175
50709700 181310187
#r 0 5.6771157965
582907428 511612935
#r 0 2.6823731299
582907428 510612935
#r 0 5.5112003482
580819963 512645138
#r 0 3.1030462891
616180789 -199370439
#r 0 2.1403117364
616180789 -198370439
#r 0 3.1161810276
615529911 -198353896
#r 0 2.1426721790
144982153 -279834439
#r 0 3.3845706684
144982153 -278834439
#r 0 4.5953198158
144861015 -279864466
#r 0 1.5848808695
-152837913 140842892
#r 0 5.2992475028
-152837913 139842892
#r 0 2.0855507215
-156622137 146533322
#r 0 2.0866921507
549838263 -730153584
#r 0 2.5390270958
549838263 -729153584
#r 0 2.1132844167
550868162 -730862062
#r 0 2.9115024134
-591139324 -247371007
#r 0 0.1074144574
-591139324 -246371007
#r 0 4.6560833261
-591196034 -247377122
#r 0 2.1393954211
-753947354 98952221
#r 0 1.1873880994
-753947354 97952221
#r 0 4.4421367805
-753062875 101144945
#r 0 1.1892764716
-98352464 -743450637
#r 0 3.6411982277
-98352464 -742450637
#r 0 1.5398368142
-98383966 -743467830
#r 0 1.5408753930
611104978 -524723090
#r 0 3.4621129076
611104978 -523723090
#r 0 2.4972687088
612028123 -524416636
#r 0 2.2297766986
-276948858 -364114257
#r 0 4.1710796235
-276948858 -363114257
#r 0 1.2078394765
-277980023 -365829404
#r 0 1.2077298904
-558362802 302376104
#r 0 4.2244836470
-558362802 301376104
#r 0 2.7904977945
-558807134 301538849
#r 0 3.8326575141
-267275647 10250653
#r 0 4.0583375598
