701687785 -541700890
#r 0 0.2615713441
701687785 -540700890
#r 0 0.1146779649
708244240 -539945696
#r 0 0.2416498542
-499127383 633119407
#r 0 1.7654180689
-499127383 632119407
#r 0 3.6881602530
-498951374 632226490
#r 0 2.5456027477
-483608482 -622730427
#r 0 0.7848049587
-483608482 -621730427
#r 0 0.5195368555
-481265833 -620390556
#r 0 0.4362702542
-400050622 -282770132
#r 0 2.2854264385
-400050622 -281770132
#r 0 2.4970133181
-402544989 -279895151
#r 0 2.5479181147
301295572 728310821
#r 0 4.0012352512
301295572 727310821
#r 0 5.7001836494
300746177 727673129
#r 0 3.8207528112
538670319 187274473
#r 0 1.0528533491
538670319 186274473
#r 0 1.5493218876
538692638 187313641
#r 0 2.8873941766
-356518068 -65592954
#r 0 0.4367841052
-356518068 -64592954
#r 0 0.4317269723
-193781779 10381753
#r 0 5.0081934911
-276446552 932869643
#r 0 3.9497125815
-276446552 931869643
#r 0 5.1399618086
-276755099 932546746
#r 0 5.8859626727
-550539604 -271667289
#r 0 1.5009697063
-550539604 -270667289
#r 0 1.5467785764
-550576194 -272190447
#r 0 1.5544083357
-618319202 -169265767
#r 0 6.0774038078
-618319202 -168265767
#r 0 6.0584727890
-567907374 -179788542
#r 0 6.1493314208
755102565 -188650360
#r 0 2.3271678200
755102565 -187650360
#r 0 0.8934933877
754668398 -188190227
#r 0 0.9325645942
380790345 -501424583
#r 0 0.8020167735
380790345 -500424583
#r 0 0.8006308010
730058995 -140349928
#r 0 3.9445030459
-579009961 358478730
#r 0 0.7507555297
-579009961 357478730
#r 0 2.0995499517
-579388087 358125935
#r 0 2.0202220849
299350043 -849072587
#r 0 1.3875331086
299350043 -848072587
#r 0 1.4391007519
298885772 -851577520
#r 0 3.2219524107
547958642 -796389549
#r 0 1.9678425596
547958642 -795389549
#r 0 2.7621823971
547455145 -795188790
#r 0 1.8128958806
120566706 -818818612
#r 0 3.6178894787
120566706 -817818612
#r 0 3.5827200976
143421535 -807027508
#r 0 2.0863667089
137093106 -178832048
#r 0 3.4587397758
137093106 -177832048
#r 0 5.1036236195
137456415 -178712800
#r 0 4.9545313437
-671832205 450572368
#r 0 2.4100886679
-671832205 449572368
#r 0 2.4444115118
-655206711 435648832
#r 0 6.2785707868
-468532303 -84888903
#r 0 0.0885150022
-468532303 -83888903
#r 0 1.1052529568
-469058118 -84935567
#r 0 1.2388042513
242220329 -192797614
#r 0 1.2094223447
242220329 -191797614
#r 0 2.1993625475
242469001 -192139703
#r 0 1.2362053310
474168597 127670696
#r 0 5.9256024753
474168597 126670696
#r 0 3.1940652158
476515098 126793936
#r 0 3.7195248154
595496296 -707793242
#r 0 2.9541558957
595496296 -706793242
#r 0 2.9625481283
480295636 -685943928
#r 0 2.5836620587
677928845 -196320030
#r 0 5.8570932093
677928845 -195320030
#r 0 5.8256015036
703873580 -208096335
#r 0 5.8209333906
134234208 -184258840
#r 0 1.6271409557
134234208 -183258840
#r 0 0.8364407695
134181120 -183317644
#r 0 5.0634397084
-222667336 -46611794
#r 0 5.4115035814
-222667336 -45611794
#r 0 5.3560571881
-215698296 -54900613
#r 0 5.4853139777
219528894 970092025
#r 0 3.3408307736
219528894 969092025
#r 0 3.9799643299
220627714 970313895
#r 0 3.6424490138
-384209398 -106897359
#r 0 0.8318239240
-384209398 -105897359
#r 0 0.8049008078
-366866128 -87864065
#r 0 0.7658326516
615373946 -411111791
#r 0 2.3483638446
615373946 -410111791
#r 0 3.9429453865
614885716 -410615854
#r 0 3.1140537990
326662212 790338362
#r 0 4.2237801340
326662212 789338362
#r 0 4.2500689036
334627124 805321195
#r 0 2.9869034481
340630368 -61653550
#r 0 2.7477183584
340630368 -60653550
#r 0 2.0042227042
341203339 -61891672
#r 0 1.9990023622
-936931568 -253662529
#r 0 5.0426486176
-936931568 -252662529
#r 0 4.9950636518
-935029992 -259209473
#r 0 5.0164334710
-55698254 -527054964
#r 0 2.8774210621
-55698254 -526054964
#r 0 6.2039997770
-60929970 -525639820
#r 0 5.6948419086
-176767589 -188188183
#r 0 3.0808053136
-176767589 -187188183
#r 0 4.4800888527
-177000802 -188173989
#r 0 3.1783727754
133207554 429148051
#r 0 5.2179408975
133207554 428148051
#r 0 4.3738307139
133422767 428759252
#r 0 4.7975751381
420725815 -425022251
#r 0 3.3894668422
420725815 -424022251
#r 0 4.8061909938
420817705 -424998996
#r 0 4.7960790191
-984543034 144270826
#r 0 1.0280928199
-984543034 143270826
#r 0 5.0961756647
-984784902 143869791
#r 0 0.8997688616
366737756 485628537
#r 0 4.2201813449
366737756 484628537
#r 0 5.6012221999
366364175 484931853
#r 0 3.1706268199
-649282821 -270779598
#r 0 0.7648343844
-649282821 -269779598
#r 0 1.2268942443
-649828506 -271303289
#r 0 0.7260046843
411724544 245564399
#r 0 4.2327689010
411724544 244564399
#r 0 0.8126279330
410570616 243345853
#r 0 5.1657179743
795592083 -315379132
#r 0 2.3018309285
795592083 -314379132
#r 0 0.3297487534
794905902 -314613973
#r 0 0.4934954603
-521849662 466816098
#r 0 6.2177830411
-521849662 465816098
#r 0 6.1117845351
-531143037 467424774
#r 0 0.6080367860
-558514126 -706353026
#r 0 2.3900906548
-558514126 -705353026
#r 0 2.7373732427
-560487952 -704508671
#r 0 2.7183198589
-218018041 -776753981
#r 0 1.9380780381
-218018041 -775753981
#r 0 2.5854552178
-218523709 -775439667
#r 0 6.2482908288
517252615 315449462
#r 0 0.9996045648
517252615 314449462
#r 0 0.9288081841
512676154 308328242
#r 0 1.4478566300
-836634468 79323631
#r 0 4.0963528181
-836634468 78323631
#r 0 0.0843382596
-837387476 78259973
#r 0 4.1307397485
-478957491 -425697431
#r 0 3.0093831420
-478957491 -424697431
#r 0 2.6046113847
-476794620 -425985061
#r 0 0.5667760743
744680137 283363242
#r 0 1.5833756773
744680137 282363242
#r 0 0.8696884597
744692532 282377925
#r 0 0.7926147981
787479252 -388621533
#r 0 0.9817239616
787479252 -387621533
#r 0 1.3022510182
787011370 -389321733
#r 0 2.7879056156
734374273 161323653
#r 0 2.4103409156
734374273 160323653
#r 0 4.0702385796
734821847 160922101
#r 0 1.5281400208
-835925574 -325109799
#r 0 3.5694246753
-835925574 -324109799
#r 0 2.0420517969
-835512100 -324921255
#r 0 3.6561737329
191098699 -491490599
#r 0 5.7622661828
191098699 -490490599
#r 0 0.6062726415
190309538 -491037792
#r 0 5.4240046307
76967052 -918743877
#r 0 2.2900607718
76967052 -917743877
#r 0 2.2723865250
101027699 -946217665
#r 0 2.2112174960
-458212991 -390070259
#r 0 0.3639679877
-458212991 -389070259
#r 0 1.7059122994
-458083740 -390021022
#r 0 0.2633144371
-561441965 -303326039
#r 0 6.0766639906
-561441965 -302326039
#r 0 1.0650812140
-561938147 -303222085
#r 0 1.4330360500
-143029320 -288205830
#r 0 3.0252469118
-143029320 -287205830
#r 0 3.0770830901
-162159155 -285970058
#r 0 3.0186415069
-217724255 370576245
#r 0 2.5402793791
-217724255 369576245
#r 0 0.0407330397
-216348402 369632319
#r 0 2.5637927225
231282029 -813119927
#r 0 2.2687475610
231282029 -812119927
#r 0 2.5256443927
229217537 -810658659
#r 0 0.8003956096
-173650117 941397434
#r 0 4.2221822845
-173650117 940397434
#r 0 4.2355045683
-157428146 971795371
#r 0 3.7388404191
-974261600 -135035256
#r 0 5.0588068688
-974261600 -134035256
#r 0 0.9978748467
-974493058 -134394052
#r 0 1.0718782594
-219071864 876570219
#r 0 5.6241245836
-219071864 875570219
#r 0 4.1039508918
-218619406 876219745
#r 0 5.5610194998
841216372 -245702053
#r 0 5.0009813912
841216372 -244702053
#r 0 5.0554462380
839457831 -239778656
#r 0 5.0264511177
-554460271 622376857
#r 0 6.1395394458
-554460271 621376857
#r 0 2.2360080110
-555345171 622504851
#r 0 6.1524415429
-710372218 -603481641
#r 0 5.4758164175
-710372218 -602481641
#r 0 1.6106589116
-710330600 -603525129
#r 0 5.4776544893
57367412 137137296
#r 0 3.6544395364
57367412 136137296
#r 0 0.4183784358
48926692 132384307
#r 0 6.2511883623
350298717 99524416
#r 0 0.9078306200
350298717 98524416
#r 0 0.9337083141
364447966 117644315
#r 0 0.8602559388
124361302 -505132095
#r 0 0.3581739362
124361302 -504132095
#r 0 4.5090670517
124137890 -505215723
#r 0 6.0182556019
-544744435 413022941
#r 0 2.7907929369
-544744435 412022941
#r 0 1.4802180990
-544656530 412990773
#r 0 1.8548438147
-119196968 -904270036
#r 0 0.2701726019
-119196968 -903270036
#r 0 0.7814444401
-120595218 -904657273
#r 0 2.3757955177
-804414631 -463783652
#r 0 1.2753479584
-804414631 -462783652
#r 0 2.3683972965
-804179973 -463012652
#r 0 5.4179073878
551441948 -761356956
#r 0 2.7083415879
551441948 -760356956
#r 0 2.6360217254
562431392 -766440253
#r 0 2.7879295991
27156741 -865736728
#r 0 0.3126864770
27156741 -864736728
#r 0 0.1620239193
33413176 -863714071
#r 1 33368532 -863726104
940217810 -146619311
#r 0 4.1506606693
940217810 -145619311
#r 0 4.1501958153
-914055295 46387478
#r 0 1.0576430862
-914055295 45387478
#r 0 4.4632673933
-913591498 47210535
#r 0 4.4605966379
-936955659 -34943340
#r 0 4.4851922380
-936955659 -33943340
#r 0 4.5045234042
-939360459 -45345247
#r 0 4.4388095205
-369379595 277222742
#r 0 1.9406887880
-369379595 276222742
#r 0 0.9620915773
-369130454 276580194
#r 0 1.5976947493
-821124475 11788443
#r 0 6.1193888913
-821124475 10788443
#r 0 6.0885174138
-852484616 16971558
#r 0 1.2293956686
-490967586 616064171
#r 0 4.9018397559
-490967586 615064171
#r 0 5.2966011295
-490697515 614655718
#r 0 2.4821630529
-678074763 -588467848
#r 0 5.1108955787
-678074763 -587467848
#r 0 5.1808007877
-680582905 -582510748
#r 0 5.1382711721
217643120 -215305082
#r 0 1.8377901166
217643120 -214305082
#r 0 4.9267117853
218708972 -219201817
#r 0 1.2252704975
-682169509 -158834214
#r 0 6.0944715451
-682169509 -157834214
#r 0 6.0516726417
-659824722 -163101763
#r 0 6.1153254657
557597791 508080141
#r 0 1.6998462035
557597791 507080141
#r 0 0.3261166438
557722106 507122183
#r 0 1.6645617356
639262792 -399950495
#r 0 3.4207721669
639262792 -398950495
#r 0 3.8626042835
637574154 -400434571
#r 0 5.4993313854
61684808 -566926225
#r 0 4.4815186078
61684808 -565926225
#r 0 5.8902891328
61899003 -566014997
#r 0 4.3686178104
523190902 523430949
#r 0 4.9098521692
523190902 522430949
#r 0 1.0283627786
523341112 522680161
#r 0 1.0644758795
-97120665 -106773775
#r 0 0.9049579590
-97120665 -105773775
#r 0 0.2812731261
-96104546 -105480185
#r 0 0.9005480813
-565009351 514254679
#r 0 5.0485406871
-565009351 513254679
#r 0 6.2784567046
-564659360 513253024
#r 0 0.2571019123
334580786 -482417867
#r 0 1.5776602138
334580786 -481417867
#r 0 3.0358009783
334573917 -481417138
#r 0 4.6426189394
-302732954 278207160
#r 0 2.0761733670
-302732954 277207160
#r 0 5.7627354770
-301922688 276742748
#r 0 1.9865117936
-258338693 -552221732
#r 0 1.4672776843
-258338693 -551221732
#r 0 4.4594475804
-258164984 -550549685
#r 0 1.5041413638
-571070279 -284224233
#r 0 3.3883917002
-571070279 -283224233
#r 0 1.3953108872
-571255879 -284270992
#r 0 1.3135761320
481874853 641887316
#r 0 5.4540024448
481874853 640887316
#r 0 5.8859632474
483362687 640263136
#r 0 5.5090067109
-479273610 -106822827
#r 0 6.0605654005
-479273610 -105822827
#r 0 2.8146365252
-470404859 -108830463
#r 0 1.7742214174
-4238218 -621301856
#r 0 0.4567331088
-4238218 -620301856
#r 0 0.3343388843
2705915 -617889603
#r 0 0.4048847890
-213551122 -22815755
#r 0 4.7875333321
-213551122 -21815755
#r 0 4.7949550551
-214385369 -11734728
#r 0 4.8450264573
-874003763 -51756842
#r 0 3.5808400031
-874003763 -50756842
#r 0 6.2353376810
-872072312 -50849328
#r 0 3.6515215568
-191082364 -706539912
#r 0 3.0287691330
-191082364 -705539912
#r 0 5.9536153041
-186710584 -707035255
#r 0 1.8924149408
-712230836 221529366
#r 0 5.7355717107
-712230836 220529366
#r 0 5.6397417327
-719369433 225882672
#r 0 5.8178440557
-780382671 126943689
#r 0 0.8827317851
-780382671 125943689
#r 0 5.5220630189
-780843712 126382872
#r 0 4.4568674090
-236286024 -513307999
#r 0 2.5458477937
-236286024 -512307999
#r 0 2.5201478622
-210097208 -531061611
#r 0 0.4525441607
432125842 146983063
#r 0 3.4908732615
432125842 145983063
#r 0 3.4148573170
420212203 142643955
#r 0 3.5133777146
-261116530 -918750953
#r 0 1.9123328854
-261116530 -917750953
#r 0 1.8501729577
-259629719 -922933656
#r 0 1.8206006428
118024946 613168088
#r 0 2.0505952256
118024946 612168088
#r 0 2.4973362440
118879221 611526373
#r 0 4.9504043383
-464226731 -787773296
#r 0 0.1905413330
-464226731 -786773296
#r 0 2.5308958091
-463106707 -787557264
#r 0 0.3622898885
-243669211 -909135288
#r 0 1.7139830697
-243669211 -908135288
#r 0 2.4553140346
-243832690 -908001383
#r 0 1.6667376296
-477273716 873997373
#r 0 5.1332129328
-477273716 872997373
#r 0 4.5334083361
-477144879 873709508
#r 0 5.9464467552
-723337552 322551553
#r 0 0.5708700577
-723337552 321551553
#r 0 1.5488641038
-723315303 322565841
#r 0 5.6405609999
-109826943 -461038229
#r 0 3.3955508155
-109826943 -460038229
#r 0 0.4397505588
-114568226 -462268888
#r 0 1.8609608067
273596302 -710435175
#r 0 0.3329148291
273596302 -709435175
#r 0 0.5087393592
268877537 -712066853
#r 0 1.6927692759
-495340295 -231301155
#r 0 0.6000706395
-495340295 -230301155
#r 0 3.4772385542
-492358736 -229261052
#r 0 2.0464386485
-335666797 -774290530
#r 0 1.1482910944
-335666797 -773290530
#r 0 1.1795110285
-340676664 -785433950
#r 0 1.2363364506
-44434562 -424288087
#r 0 5.8513392132
-44434562 -423288087
#r 0 3.5257315583
-45590528 -423755352
#r 0 3.4472806220
482272679 648017210
#r 0 5.7764891063
482272679 647017210
#r 0 5.9321829267
487567485 645078438
#r 0 3.0404989101
-848718430 -335529233
#r 0 3.5027941263
-848718430 -334529233
#r 0 3.6096093614
-856549394 -338487577
#r 0 3.5673222491
-538168394 -366123595
#r 0 5.2577231423
-538168394 -365123595
#r 0 1.6522794560
-538074028 -366279134
#r 0 0.7470140715
780704324 -493859950
#r 0 3.0664563112
780704324 -492859950
#r 0 4.3551714184
780341294 -493832622
#r 0 4.3056640734
101574837 -660299922
#r 0 2.2648702400
101574837 -659299922
#r 0 2.2709906151
34228172 -579374665
#r 0 5.4533193177
274165912 -778182756
#r 0 1.2504225580
274165912 -777182756
#r 0 1.1822249695
275916791 -772905913
#r 0 1.2295606870
-30247511 -354320033
#r 0 5.9076911083
-30247511 -353320033
#r 0 2.4489032725
-27952196 -355224840
#r 0 1.2824996298
196232884 -273237791
#r 0 5.1615990329
196232884 -272237791
#r 0 2.7934253068
195648562 -272025710
#r 0 1.2429427591
-43571381 -254057842
#r 0 4.2010534638
-43571381 -253057842
#r 0 5.6538538640
-43173016 -253347888
#r 0 4.0644084439
245238934 77228773
#r 0 0.3827603386
245238934 76228773
#r 0 3.7240481194
249144168 78801086
#r 0 5.4090561132
691449954 36763389
#r 0 2.7466521518
691449954 35763389
#r 0 2.7952740895
709313511 29317108
#r 0 2.7182748127
305194638 -415436078
#r 0 2.6245276692
305194638 -414436078
#r 0 5.9445871075
300575929 -412809551
#r 0 3.7812346926
326597884 -216545057
#r 0 4.8519449866
326597884 -215545057
#r 0 2.3275341483
326432867 -215370299
#r 0 1.1066317236
48717586 -293671845
#r 0 2.1341852069
48717586 -292671845
#r 0 5.9552137995
47912963 -292398064
#r 0 3.6910968685
530625494 -89118625
#r 0 5.8011080691
530625494 -88118625
#r 0 2.2927881773
532258580 -89973143
#r 0 5.6668381292
42124448 645983829
#r 0 6.1298883655
42124448 644983829
#r 0 3.0648549341
55007649 643993256
#r 0 5.0624587461
-178491570 670902010
#r 0 4.6043083815
-178491570 669902010
#r 0 5.0821679179
-178576343 670120717
#r 0 3.0327818703
78464923 432039983
#r 0 5.1269597407
78464923 431039983
#r 0 5.1029023898
72090787 446524146
#r 0 5.0850246103
160031141 -417843750
#r 0 5.5864846753
160031141 -416843750
#r 0 4.2979224523
159709560 -417574695
#r 0 5.5853219062
-430166093 553065446
#r 0 4.1592266688
-430166093 552065446
#r 0 4.1430952083
-447722595 524632238
#r 0 0.9553248462
17710008 853207122
#r 0 3.3841658699
17710008 852207122
#r 0 3.4046981888
63364053 864504021
#r 0 4.1503183861
14875479 -715975258
#r 0 1.2907288046
14875479 -714975258
#r 0 1.0394741655
15438810 -714016714
#r 0 4.4493915087
-415569731 -638404763
#r 0 5.6386160380
-415569731 -637404763
#r 0 0.7208943196
-416183107 -637943707
#r 0 0.8213217817
-773961145 -176289730
#r 0 0.4864378105
-773961145 -175289730
#r 0 4.0835633168
-775143047 -176914745
#r 0 5.8055127748
940988252 -325744210
#r 0 2.7620029170
940988252 -324744210
#r 0 2.7055367474
-826089410 389315028
#r 0 5.5162053054
-826089410 388315028
#r 0 1.1195612651
-825759101 388996668
#r 0 0.4869350441
787581078 -76307990
#r 0 0.4685269251
787581078 -75307990
#r 0 0.4405125065
816393431 -61725652
#r 0 2.1315377135
-720594767 -54294382
#r 0 4.8419611514
-720594767 -53294382
#r 0 5.6145835064
-720740021 -53179634
#r 0 5.6194113529
594911311 732837332
#r 0 2.2973485184
594911311 731837332
#r 0 2.2223356330
589536037 738885613
#r 0 4.5762701266
288809318 -738112341
#r 0 1.7803594996
288809318 -737112341
#r 0 1.1472517024
288664807 -737432884
#r 0 2.6281793888
-344837829 -486706031
#r 0 6.1382204651
-344837829 -485706031
#r 0 4.8454814298
-344701276 -486725966
#r 0 0.0053440914
-62712054 -847301326
#r 0 0.9258954477
-62712054 -846301326
#r 0 0.8064217882
-59221599 -842660933
#r 0 2.0202226872
-250419138 -693493865
#r 0 1.2600722223
-250419138 -692493865
#r 0 1.7098771193
-250321650 -693190284
#r 0 1.5893936549
366755340 -91389671
#r 0 2.0664114219
366755340 -90389671
#r 0 2.1009514107
359791546 -78508605
#r 0 3.1360656000
961566412 68953195
#r 0 3.1499957231
961566412 67953195
#r 0 2.5529234053
960087195 68940765
#r 0 3.9790733503
597164501 -516317146
#r 0 3.7392759920
597164501 -515317146
#r 0 1.0833255159
596334997 -516881824
#r 0 2.8107436560
-877313621 -335845740
#r 0 3.9113603732
-877313621 -334845740
#r 0 3.8731512690
-863325537 -322288241
#r 0 3.8470918742
-380835327 -806301119
#r 0 0.9494822864
-380835327 -805301119
#r 0 0.4477370310
-379744323 -804777145
#r 0 1.2617189924
822465216 -184570263
#r 0 3.9252616704
822465216 -183570263
#r 0 5.0027129380
822695437 -184340837
#r 0 1.6384923414
186036512 447263379
#r 0 4.4844382185
186036512 446263379
#r 0 3.6174496277
185773029 446127591
#r 0 5.8987231562
-324336703 -906969741
#r 0 1.5181274512
-324336703 -905969741
#r 0 1.5178985014
-312179092 -676352194
#r 0 4.6605611667
-23877194 30146238
#r 0 5.2472360078
-23877194 29146238
#r 0 3.4997077523
-23392268 29327723
#r 0 3.6085669265
-646955563 126488175
#r 0 0.1051144019
-646955563 125488175
#r 0 1.7791903649
-647162412 126466352
#r 0 1.0614947499
647455009 119171730
#r 0 3.5325133133
647455009 118171730
#r 0 3.0954001334
645273303 118272580
#r 0 3.3320071701
-614105525 708095676
#r 0 2.6844721431
-614105525 707095676
#r 0 2.6488681579
-636315251 719019920
#r 0 5.8751282367
-144601442 -246545691
#r 0 3.0240047933
-144601442 -245545691
#r 0 5.7349273657
-142571307 -246785517
#r 0 4.0889267796
-755786970 456770808
#r 0 5.0167862807
-755786970 455770808
#r 0 0.2134067603
-755492834 455834549
#r 0 0.7518184729
-942398078 -178453409
#r 0 1.6889030153
-942398078 -177453409
#r 0 1.6821891077
-940447107 -194895246
#r 0 6.2235355289
711522906 98276513
#r 0 2.4831699137
711522906 97276513
#r 0 2.9841081181
713149501 97018210
#r 0 3.5115985714
-865732126 -389513957
#r 0 2.4316733606
-865732126 -388513957
#r 0 2.4165311492
-828243311 -421731407
#r 0 0.4980786290
457994694 -775492143
#r 0 2.3992222810
457994694 -774492143
#r 0 2.1106054068
459325314 -776712914
#r 0 1.6734331934
223679184 -734348721
#r 0 3.1420770025
223679184 -733348721
#r 0 1.5864051170
223694794 -734348713
#r 0 1.1695425835
590989480 604339845
#r 0 3.8092195488
590989480 603339845
#r 0 3.8320134745
617553409 625282814
#r 0 3.8770506195
33739637 326385330
#r 0 4.7563171018
33739637 325385330
#r 0 0.4024691210
33782786 325403699
#r 0 2.5090109673
107088828 -31836439
#r 0 0.8353573538
107088828 -30836439
#r 0 1.8416998810
107301329 -31601570
#r 0 1.9238818804
-86557720 15314172
#r 0 4.9773365784
-86557720 14314172
#r 0 0.0896635300
-86292855 14337985
#r 0 5.3040786363
187576655 288198927
#r 0 6.0969763218
187576655 287198927
#r 0 6.0665125077
156067667 294134951
#r 0 6.1163465404
376013911 294524797
#r 0 3.2132067216
376013911 293524797
#r 0 0.2446306700
381635250 294928054
#r 0 0.5419222833
278966036 620220652
#r 0 4.1163881636
278966036 619220652
#r 0 4.5406975592
279198987 620564095
#r 0 4.7168807636
-721859489 -551390151
#r 0 0.7483242752
-721859489 -550390151
#r 0 0.0087656956
-720772184 -550380620
#r 0 1.0218690639
388898961 -22604958
#r 0 0.0055821844
388898961 -21604958
#r 0 2.7308291139
391165910 -22592303
#r 0 4.6679726491
-862956667 140643757
#r 0 0.7597760547
-862956667 139643757
#r 0 0.6490186150
-868182193 135679375
#r 0 4.3565598970
-64393835 -548376194
#r 0 0.9653154632
-64393835 -547376194
#r 0 0.9025756586
-58769400 -540250902
#r 0 2.8963565988
-682022435 430113840
#r 0 2.2148635954
-682022435 429113840
#r 0 0.1452940778
-681345885 429212836
#r 0 0.0072393316
129522077 617343422
#r 0 3.8703176853
129522077 616343422
#r 0 4.3476741693
130101256 617860411
#r 0 4.2063429720
-709725211 -135667791
#r 0 0.9001010412
-709725211 -134667791
#r 0 0.7921569255
-705673512 -130560949
#r 0 0.2530068178
882172595 169931446
#r 0 4.7032285303
882172595 168931446
#r 0 4.6419251820
882162068 168782297
#r 0 3.3023530210
29768177 179516482
#r 0 2.4879329108
29768177 178516482
#r 0 2.4905486834
271180906 -5404530
#r 0 0.4257663202
258981388 553416150
#r 0 3.1153780477
258981388 552416150
#r 0 6.2674854571
354043190 550923571
#r 0 5.4837016786
867622611 474026919
#r 0 2.8293362528
867622611 473026919
#r 0 3.6942090349
868686975 473683324
#r 0 4.3993719281
494169261 705240858
#r 0 5.7189976666
494169261 704240858
#r 0 0.7955561790
494774103 704858115
#r 0 0.7635813309
122469093 -725635014
#r 0 3.5034809883
122469093 -724635014
#r 0 2.0621831299
122914107 -725466550
#r 0 1.2849796951
-603116602 -663308573
#r 0 2.3757915553
-603116602 -662308573
#r 0 3.4641327254
-603888347 -662566498
#r 0 3.4162836716
-145539966 -887360284
#r 0 1.7662186389
-145539966 -886360284
#r 0 0.3603293451
-145724176 -886429690
#r 0 1.7357144020
682414660 608429595
#r 0 2.1654667767
682414660 607429595
#r 0 2.1495297854
663186323 636859533
#r 0 2.1941250652
-490982295 -354183775
#r 0 5.7475102430
-490982295 -353183775
#r 0 0.2219124694
-492203007 -353459202
#r 0 1.9164924659
-802812116 -220135267
#r 0 0.1337915776
-802812116 -219135267
#r 0 0.0695113938
-787420886 -218063675
#r 0 0.1013017516
250470454 471718324
#r 0 2.8784257196
250470454 470718324
#r 0 4.5182490543
250657179 471668017
#r 0 4.4808839004
439852827 37625603
#r 0 3.3131220893
439852827 36625603
#r 0 3.3625670384
459303911 40995148
#r 0 2.1472852406
-160210028 -311873695
#r 0 1.8825346799
-160210028 -310873695
#r 0 1.9615741887
-161689685 -307281986
#r 0 0.8325168393
378118500 -176315695
#r 0 2.4516791598
378118500 -175315695
#r 0 1.1239342955
377775098 -176032323
#r 0 4.3254390961
-866575725 -214630372
#r 0 2.1817077657
-866575725 -213630372
#r 0 4.4153976670
-866788694 -214326251
#r 0 5.8355749239
135413484 36622920
#r 0 5.0063689246
135413484 35622920
#r 0 5.0698347961
137012003 31342965
#r 0 5.0946563056
133848038 926203271
#r 0 5.8544536045
133848038 925203271
#r 0 3.7157038492
134753941 925789195
#r 0 3.6538235582
152317393 -838586251
#r 0 1.0159054050
152317393 -837586251
#r 0 2.7923881776
152823106 -837770395
#r 0 0.8765707113
866394399 -388688067
#r 0 1.7019734747
866394399 -387688067
#r 0 1.6993391111
872759243 -436930424
#r 0 3.8074846074
-110683473 -855371776
#r 0 0.6399489463
-110683473 -854371776
#r 0 0.6003862326
-93950014 -842914310
#r 0 2.6131943928
-778756986 -564076853
#r 0 6.2526997728
-778756986 -563076853
#r 0 2.0917513466
-778172935 -564094664
#r 0 2.1168333379
-737950047 -439455128
#r 0 1.2167693057
-737950047 -438455128
#r 0 2.0781552133
-737728048 -438854481
#r 0 5.1529711022
-609784449 -471338019
#r 0 6.2537704140
-609784449 -470338019
#r 0 0.4169767056
-611901413 -471275731
#r 0 6.0759488963
-23189346 649857189
#r 0 1.6047306339
-23189346 648857189
#r 0 1.6928892375
-23142414 648474709
#r 0 3.2143876649
919027675 186956176
#r 0 3.9481828249
919027675 185956176
#r 0 1.9743999381
918732251 186647958
#r 0 4.5389636294
-462062882 -817316296
#r 0 0.5746706056
-462062882 -816316296
#r 0 0.5545192826
-426648683 -794382845
#r 0 2.3692862155
-122964257 -333624352
#r 0 5.3523287957
-122964257 -332624352
#r 0 0.2912285438
-123572891 -332806791
#r 0 4.2773907580
-340634393 559951828
#r 0 2.0820274428
-340634393 558951828
#r 0 2.3496357968
-339334684 557634957
#r 0 2.0769154584
-909594700 -252680642
#r 0 4.8316722952
-909594700 -251680642
#r 0 4.7513075029
-909537024 -253161871
#r 0 4.8472983514
43912064 302995607
#r 0 6.1152625947
43912064 301995607
#r 0 5.9339569630
38774247 303866565
#r 0 0.6234925917
117420708 890129395
#r 0 3.4759512729
117420708 889129395
#r 0 3.6818335672
121383380 891506036
#r 0 4.7353065084
-468178342 -347725758
#r 0 5.5669734763
-468178342 -346725758
#r 0 1.6705359905
-468068722 -347821170
#r 0 3.2077844913
71200613 -222501511
#r 0 5.2759116598
71200613 -221501511
#r 0 2.1382803814
-1279844 -107793239
#r 0 4.1759738894
-243623499 -789879633
#r 0 1.3847713144
-243623499 -788879633
#r 0 2.3372511652
-243466071 -789043142
#r 0 2.3249213347
-769324329 107708350
#r 0 5.3956323921
-769324329 106708350
#r 0 5.4796338955
-764101282 101292145
#r 0 6.2419820526
635566251 196520845
#r 0 2.1333518002
635566251 195520845
#r 0 1.3203391042
635748239 196232211
#r 0 4.7064798002
195202581 -473800941
#r 0 2.6750448829
195202581 -472800941
#r 0 0.1725498527
193727466 -473058028
#r 0 0.0833288200
308865562 -904406367
#r 0 2.8337170479
308865562 -903406367
#r 0 0.6461385654
307932827 -904109770
#r 0 0.6375509383
710295145 -265660052
#r 0 6.0768500353
710295145 -264660052
#r 0 3.5781010220
708815497 -265350341
#r 0 6.1227086091
-659887626 -690524746
#r 0 0.7251646678
-659887626 -689524746
#r 0 0.7288250500
582191960 -738122481
#r 0 0.7901804639
582191960 -737122481
#r 0 2.5048401932
582763676 -737545270
#r 0 2.1833233131
619956929 619639294
#r 0 5.4442040448
619956929 618639294
#r 0 5.3482933087
615812772 624253184
#r 0 3.7915683059
279378978 182926265
#r 0 5.7559233758
279378978 181926265
#r 0 2.3279571615
277277638 184149760
#r 0 2.4020120207
-31041134 -356688329
#r 0 5.6194789970
-31041134 -355688329
#r 0 2.1116436553
-29908619 -357574024
#r 0 0.8826498953
531322273 778893238
#r 0 6.1079629952
531322273 777893238
#r 0 6.1767723708
545562934 776372101
#r 0 6.0794578099
-409016762 -551302065
#r 0 1.9224116164
-409016762 -550302065
#r 0 1.8073512065
-408313708 -553218473
#r 0 0.3688266309
-242530425 -410578653
#r 0 5.2900570280
-242530425 -409578653
#r 0 1.7991641810
-242169205 -411132807
#r 0 1.7511748806
280793211 -921368331
#r 0 2.6251350734
280793211 -920368331
#r 0 1.2079838084
280480916 -921190989
#r 0 1.6933323597
730390034 137322819
#r 0 2.3214218846
730390034 136322819
#r 0 3.7652651862
730948210 136724409
#r 0 5.3545288854
336241334 349827929
#r 0 2.1687615150
336241334 348827929
#r 0 3.9975643057
336622979 349267637
#r 0 4.8507743970
182629508 -60733374
#r 0 0.2377101385
182629508 -59733374
#r 0 1.4980637462
182555338 -60751345
#r 0 0.5733389555
-14583895 -391538609
#r 0 6.1418490968
-14583895 -390538609
#r 0 3.5685890812
-16258164 -391300386
#r 0 2.3468468022
-529968658 -541423045
#r 0 6.2492374542
-529968658 -540423045
#r 0 4.0324610284
-530755592 -541396320
#r 0 4.0163286025
-295721070 -115687762
#r 0 2.1522085199
-295721070 -114687762
#r 0 2.1643494422
-321022538 -77188214
#r 0 2.1668962088
-860392259 105310463
#r 0 1.2267834603
-860392259 104310463
#r 0 4.2886734795
-862133915 100449011
#r 0 5.8010515154
134282577 690186611
#r 0 5.9656625969
134282577 689186611
#r 0 5.1057762786
133802011 690344545
#r 0 5.9793511889
120775521 105317247
#r 0 3.4779263554
120775521 104317247
#r 0 4.3017360375
121289110 105496807
#r 0 3.4742608764
705482076 -427802156
#r 0 0.7343344803
705482076 -426802156
#r 0 5.2370260355
705862209 -427458990
#r 0 5.2363764182
67711290 -820628312
#r 0 2.6357836182
67711290 -819628312
#r 0 2.6142118927
102756382 -840038713
#r 0 2.6160997830
433987350 508403551
#r 0 0.4659374577
433987350 507403551
#r 0 0.4867412829
471946706 527492005
#r 0 2.9612044426
-118050258 19266698
#r 0 2.9740477010
-118050258 18266698
#r 0 6.2613518881
-111261097 18118444
#r 0 3.9285462461
-797637337 -148047045
#r 0 0.2972782285
-797637337 -147047045
#r 0 4.2056733454
-798306113 -148251929
#r 0 2.7907711527
-297627869 -312378482
#r 0 0.1973756370
-297627869 -311378482
#r 0 4.9254436248
-297420502 -312337013
#r 0 1.7802436881
526708312 738674488
#r 0 0.8156243125
526708312 737674488
#r 0 0.8333106658
552768871 766360081
#r 0 0.8037551659
902408713 326691638
#r 0 4.6364666024
902408713 325691638
#r 0 2.3380667705
902338206 325764749
#r 0 2.2349252552
194389026 724215994
#r 0 2.5938440724
194389026 723215994
#r 0 4.6875086410
194413539 724201041
#r 0 3.1003932686
479784988 -770379991
#r 0 2.2393475893
479784988 -769379991
#r 0 0.8919614440
479385874 -769874718
#r 0 2.8474580605
-131810955 348029062
#r 0 2.7285896014
-131810955 347029062
#r 0 2.4155776296
-134035351 349003806
#r 0 5.3232716472
586522933 -217901995
#r 0 1.4619413899
586522933 -216901995
#r 0 2.1469921678
586616485 -217045977
#r 0 0.5091381275
-187748036 23994930
#r 0 4.5057095601
-187748036 22994930
#r 0 3.7116156863
-187990265 22839661
#r 0 4.4832424588
352205545 -810872443
#r 0 1.7397881244
352205545 -809872443
#r 0 1.7175292210
353310378 -817347878
#r 0 1.2609984153
-281264150 625950435
#r 0 4.5663542570
-281264150 624950435
#r 0 2.8206816417
-281404376 624997046
#r 0 3.4180284148
805993669 -555805939
#r 0 2.5803372171
805993669 -554805939
#r 0 2.5607318616
109176579 830254230
#r 0 3.5546598868
109176579 829254230
#r 0 3.0341680386
107345488 829451694
#r 0 3.0030961794
454603456 -115132683
#r 0 2.7756025921
454603456 -114132683
#r 0 1.4193349732
454459261 -115077419
#r 0 2.7327535586
-841858840 456991149
#r 0 0.2846346456
-841858840 455991149
#r 0 6.1772608679
-844365726 456257687
#r 0 6.1296916847
-394302774 -111391377
#r 0 0.7705284031
-394302774 -110391377
#r 0 0.7490420633
-369844129 -87649515
#r 0 0.7259157874
-44928054 515757560
#r 0 5.7800066847
-44928054 514757560
#r 0 3.3636521084
-43639759 515048435
#r 0 3.4284173457
-121117037 -740886462
#r 0 1.8455298622
-121117037 -739886462
#r 0 1.8195232242
-118548802 -749998172
#r 0 1.9129289295
-104972969 -794518837
#r 0 2.7889308264
-104972969 -793518837
#r 0 1.4142377378
-105122152 -794463930
#r 0 0.2211561881
-228728329 -70115130
#r 0 0.3276883894
-228728329 -69115130
#r 0 0.2031149631
-221265032 -67578026
#r 0 0.2691045607
211817052 -353830981
#r 0 4.8017038162
211817052 -352830981
#r 0 4.8556748579
211580943 -351194456
#r 0 0.5918321458
714039536 -444378998
#r 0 3.3331155102
714039536 -443378998
#r 0 5.2429692666
714566307 -444276857
#r 0 5.2519372301
210279624 -719446913
#r 0 2.0985176367
210279624 -718446913
#r 0 0.3117087883
209788920 -718605024
#r 0 0.2920761839
-252990652 907596128
#r 0 5.6046894355
-252990652 906596128
#r 0 4.4531967214
-252772194 907420012
#r 0 4.3695451305
-111775591 385835601
#r 0 1.2865307327
-111775591 384835601
#r 0 1.3116820156
-108918225 395615127
#r 0 2.7762757628
-751715650 246572132
#r 0 5.2122206018
-751715650 245572132
#r 0 0.7335337928
-751349688 245901974
#r 0 5.2849155755
734240015 -107718197
#r 0 0.4093172697
734240015 -106718197
#r 0 5.2652437597
734726761 -107507037
#r 0 2.0255829852
451097033 876365304
#r 0 4.2982062536
451097033 875365304
#r 0 5.4914051994
450792857 875673387
#r 0 3.8768763040
-213751703 -188883800
#r 0 0.6663438440
-213751703 -187883800
#r 0 1.7324444657
-213607165 -188770147
#r 0 4.7680595386
-871609781 -439190600
#r 0 1.9449865012
-871609781 -438190600
#r 0 5.4419883499
-872309961 -437407573
#r 0 1.9255943498
873731973 -187795839
#r 0 4.4939371373
873731973 -186795839
#r 0 3.3017672167
873962225 -186758640
#r 0 4.5870571165
476321941 -514170025
#r 0 3.3333483742
476321941 -513170025
#r 0 2.2556720128
477026914 -514033161
#r 0 2.3698980475
648529161 -258031637
#r 0 3.8920258424
648529161 -257031637
#r 0 4.0270143985
645089210 -261239068
#r 0 3.6814823963
-947200162 54478327
#r 0 5.6231233618
-947200162 53478327
#r 0 6.0026200111
-945151140 52887868
#r 0 6.0694812286
-72923073 965837855
#r 0 4.9248723415
-72923073 964837855
#r 0 5.2104132092
-72565431 964180111
#r 0 4.2738678017
533900477 -572149686
#r 0 3.6374683289
533900477 -571149686
#r 0 0.7982321398
531838808 -573264965
#r 0 2.3091992442
-787439174 -505763987
#r 0 2.2934886805
-787439174 -504763987
#r 0 6.1425735788
-788446788 -504621363
#r 0 2.2653497043
-244124713 -774407860
#r 0 2.4922355711
-244124713 -773407860
#r 0 1.3600603269
-244308739 -774268149
#r 0 2.4054572094
912688030 366379819
#r 0 2.9381047475
912688030 365379819
#r 0 3.0839939999
919413820 364991994
#r 0 2.8495500302
65744808 676218049
#r 0 4.9997098564
65744808 675218049
#r 0 1.9697826240
66732754 672874718
#r 0 2.7103303671
-530446177 836542796
#r 0 4.1049570940
-530446177 835542796
#r 0 4.8292411750
-530546604 836398318
#r 0 3.9917537895
-415563059 -298865844
#r 0 2.4634293592
-415563059 -297865844
#r 0 0.6890462800
-416176796 -298371400
#r 0 1.2311862659
-886033412 -228132643
#r 0 2.0335467549
-886033412 -227132643
#r 0 0.7062679939
-886383362 -227431171
#r 0 2.0212227707
-277974413 -935647969
#r 0 0.8645994483
-277974413 -934647969
#r 0 0.5113859473
-276338393 -933729868
#r 0 0.5827044714
200104270 740576328
#r 0 4.6237811844
200104270 739576328
#r 0 2.7177991017
200018853 739614862
#r 0 5.7354869806
-138670661 -326693416
#r 0 2.1806030068
-138670661 -325693416
#r 0 2.2133481630
-149153178 -311689051
#r 0 2.2314854177
-420259027 -893966584
#r 0 1.2082131559
-420259027 -892966584
#r 0 1.2005606447
-403487958 -849757138
#r 0 0.9552811091
-798050443 -196980374
#r 0 2.4897521696
-798050443 -195980374
#r 0 6.1684267722
-799594016 -195802454
#r 0 5.6551714646
-402542994 -134498653
#r 0 5.7225627423
-402542994 -133498653
#r 0 0.8545713140
-403105835 -134145292
#r 0 3.5893867102
508744237 816338581
#r 0 5.4569851857
508744237 815338581
#r 0 5.6285235867
511893466 812921275
#r 0 5.6050032698
-397593185 913590386
#r 0 4.6072999050
-397593185 912590386
#r 0 4.8489025212
-397652849 913024726
#r 0 4.2755835704
-443314379 -868631678
#r 0 0.3113029812
-443314379 -867631678
#r 0 1.7012503290
-443188494 -868591173
#r 0 1.0946185721
-533147680 613971414
#r 0 0.1123382109
-533147680 612971414
#r 0 2.3322565846
-534008359 613874318
#r 0 5.6618386354
-770932227 -336799630
#r 0 3.2623189147
-770932227 -335799630
#r 0 3.3363918140
-784092733 -338396213
#r 0 6.0019703013
-313801222 -169811900
#r 0 1.7586567028
-313801222 -168811900
#r 0 5.5967388365
-314026399 -168627395
#r 0 4.7295028122
396351162 236536477
#r 0 3.2613402865
396351162 235536477
#r 0 4.4451330385
396634296 236570545
#r 0 2.7828988171
653214263 -656222690
#r 0 3.1422388191
653214263 -655222690
#r 0 3.0970269120
675317894 -656208407
#r 0 0.8923062622
-126037657 252119065
#r 0 0.0340233607
-126037657 251119065
#r 0 4.2324036813
-125507674 252137104
#r 0 4.5244936626
795662488 -210263076
#r 0 1.0741448736
795662488 -209263076
#r 0 1.1841681125
794026199 -213282268
#r 0 1.6304017633
-552602322 134431660
#r 0 5.4726607311
-552602322 133431660
#r 0 5.5196740274
-542009336 123292508
#r 0 5.4407226691
-25074801 475442830
#r 0 5.6008490137
-25074801 474442830
#r 0 2.7468076687
-22548740 473390323
#r 0 2.7896134920
-581753711 58339560
#r 0 0.4912883778
-581753711 57339560
#r 0 0.4954849579
-396915070 157236405
#r 0 5.3876652079
-123676106 -141587957
#r 0 0.7384063641
-123676106 -140587957
#r 0 2.3607652716
-123150087 -141109189
#r 0 4.4345226296
-770394741 -202777594
#r 0 4.0666184605
-770394741 -201777594
#r 0 5.0959739652
-770131922 -202428820
#r 0 3.9920495917
226219170 40973701
#r 0 3.5204617505
226219170 39973701
#r 0 3.5241099881
462480830 135029939
#r 0 4.2935935249
-730767039 -317649186
#r 0 1.3881503754
-730767039 -316649186
#r 0 3.3552340303
-730574624 -316607441
#r 0 3.3945327440
313987082 -595303530
#r 0 4.9470692167
313987082 -594303530
#r 0 0.9047646270
313803770 -594536807
#r 0 2.0186209904
422385780 609464897
#r 0 5.9378183848
422385780 608464897
#r 0 5.9520790315
484786321 587013999
#r 0 4.3578424862
-283682688 -708434606
#r 0 3.4276154465
-283682688 -707434606
#r 0 3.4798237316
-301025332 -713534844
#r 0 3.5191308952
-165174039 -771223105
#r 0 6.2147548811
-165174039 -770223105
#r 0 6.2607632582
-186860541 -769736768
#r 0 0.2268228923
-595802012 -385074130
#r 0 1.2789198705
-595802012 -384074130
#r 0 0.5134276651
-595440269 -383870155
#r 0 1.5637538665
277214466 -802769623
#r 0 1.5031219162
277214466 -801769623
#r 0 1.2679107267
277301016 -801492665
#r 0 1.7123217733
-49223034 10182434
#r 0 0.1103183777
-49223034 9182434
#r 0 5.1991129594
-49722920 10127063
#r 0 4.3992754122
606551053 -19018638
#r 0 1.3583344723
606551053 -18018638
#r 0 1.3604234370
585471591 -116736546
#r 0 2.7958008588
-355498144 909755308
#r 0 4.5876208832
-355498144 908755308
#r 0 4.4807673217
-355766001 907619621
#r 0 3.7454230437
47076853 -733059593
#r 0 3.8751841432
47076853 -732059593
#r 0 3.8715039814
197489193 -597476970
#r 0 2.3733584227
-374230082 240356462
#r 0 3.9999713542
-374230082 239356462
#r 0 0.9519392640
-370171235 245055609
#r 0 2.5294381563
57914385 673072022
#r 0 6.0819843215
57914385 672072022
#r 0 4.8038653381
57820904 673091089
#r 0 3.9829344593
-434227853 -134865342
#r 0 3.5596410690
-434227853 -133865342
#r 0 3.0780693552
-432258739 -133990595
#r 0 0.7021518643
-803935016 3201268
#r 0 5.6090537718
-803935016 2201268
#r 0 3.7234829328
-803248615 2652833
#r 0 0.9343371415
612533705 664406426
#r 0 5.5676163670
612533705 663406426
#r 0 5.6319865538
621865467 656294712
#r 0 3.0168398748
-128789750 -864403732
#r 0 0.6086561434
-128789750 -863403732
#r 0 1.9149763584
-128502949 -864203854
#r 0 0.3599993319
49745228 181238661
#r 0 0.5585171757
49745228 180238661
#r 0 6.0662264304
48562236 180499426
#r 0 1.2167898423
582907428 511612935
#r 0 6.2401801880
582907428 510612935
#r 0 2.0490850881
582377160 511635753
#r 0 0.3594100041
616180789 -199370439
#r 0 3.4718540548
616180789 -198370439
#r 0 1.6277103565
616236673 -199351281
#r 0 5.1679373263
144982153 -279834439
#r 0 1.7312330583
144982153 -278834439
#r 0 5.1379564474
144730467 -278279169
#r 0 3.9081778943
-152837913 140842892
#r 0 3.3297781658
-152837913 139842892
#r 0 4.6379345116
-152762246 140857302
#r 0 3.6756367658
549838263 -730153584
#r 0 2.8362929038
549838263 -729153584
#r 0 2.8242387777
625011899 -753844760
#r 0 2.1223750713
-591139324 -247371007
#r 0 0.9212877963
-591139324 -246371007
#r 0 0.9476309594
-604539551 -265016137
#r 0 1.4775142990
-753947354 98952221
#r 0 1.4914275090
-753947354 97952221
#r 0 5.5015101147
-754021070 98025390
#r 0 1.3476344298
-98352464 -743450637
#r 0 5.9500828671
-98352464 -742450637
#r 0 5.9325887344
-47616053 -761005181
#r 0 6.0136046759
611104978 -524723090
#r 0 2.6877340417
611104978 -523723090
#r 0 3.5421921017
610007672 -524187799
#r 0 2.7764248092
-276948858 -364114257
#r 0 1.3489073004
-276948858 -363114257
#r 0 0.5826130327
-276683862 -362939649
#r 0 0.6289542470
-558362802 302376104
#r 0 0.5361786348
-558362802 301376104
#r 0 4.7828178770
-558430509 302335869
#r 0 5.2706452597
-267275647 10250653
#r 0 0.0131372411
-267275647 9250653
#r 0 5.4130448494
-268109814 10239694
#r 0 5.3856052199
425647155 -827346206
#r 0 1.8767501485
425647155 -826346206
#r 0 1.8666312484
