701687785 -541700890
#r 0 3.0219201611
701687785 -540700890
#r 0 3.0388419716
643321782 -534682549
#r 0 1.2170379475
-499127383 633119407
#r 0 1.0526636352
-499127383 632119407
#r 0 3.8045543831
-500154855 631317094
#r 0 4.9550565091
-483608482 -622730427
#r 0 0.0290930407
-483608482 -621730427
#r 0 1.6656756197
-483513580 -622727665
#r 0 0.5440001312
-400050622 -282770132
#r 0 5.4972938049
-400050622 -281770132
#r 0 5.6963051417
-403027339 -279790477
#r 0 3.6773807519
301295572 728310821
#r 0 0.2196599233
301295572 727310821
#r 0 5.2432640385
300776515 728194935
#r 0 4.1677749763
538670319 187274473
#r 0 2.6575643517
538670319 186274473
#r 0 5.8477804450
555182127 178593526
#r 0 2.6611801692
-356518068 -65592954
#r 0 5.4080382468
-356518068 -64592954
#r 0 3.8868707217
-356989634 -65028122
#r 0 1.5424860388
-276446552 932869643
#r 0 3.4254694126
-276446552 931869643
#r 0 3.4134170646
-353174460 910483789
#r 0 0.2709283799
-550539604 -271667289
#r 0 5.2308689130
-550539604 -270667289
#r 0 5.2228027489
-520524980 -324274206
#r 0 5.2181290158
-618319202 -169265767
#r 0 5.2670189312
-618319202 -168265767
#r 0 5.9840569492
-619084993 -168029611
#r 0 0.8601081147
755102565 -188650360
#r 0 3.7041150054
755102565 -187650360
#r 0 4.4144491124
754721759 -188890447
#r 0 6.0649837139
380790345 -501424583
#r 0 1.2439198667
380790345 -500424583
#r 0 2.5076943051
381061743 -500624089
#r 0 6.1565754702
-579009961 358478730
#r 0 3.8247406988
-579009961 357478730
#r 0 3.6063819743
-582210438 355873921
#r 0 0.5405284623
299350043 -849072587
#r 0 2.4668595197
299350043 -848072587
#r 0 1.1963081787
299051026 -848833377
#r 0 0.7896125263
547958642 -796389549
#r 0 1.3307302883
547958642 -795389549
#r 0 1.3367530939
538803208 -833791230
#r 0 2.9516322042
120566706 -818818612
#r 0 1.5131782964
120566706 -817818612
#r 0 1.5175759033
119870117 -830894998
#r 0 0.6993913560
137093106 -178832048
#r 0 3.1128450625
137093106 -177832048
#r 0 1.3526324223
136872818 -178825714
#r 0 0.0509026280
-671832205 450572368
#r 0 0.9119167727
-671832205 449572368
#r 0 3.5663175665
-673023789 449033472
#r 0 3.5679424780
-468532303 -84888903
#r 0 5.3910393291
-468532303 -83888903
#r 0 1.5021480914
-468595658 -84810341
#r 0 6.1007158668
242220329 -192797614
#r 0 5.5418670672
242220329 -191797614
#r 0 6.0509648100
240747625 -191449339
#r 0 5.6299251539
474168597 127670696
#r 0 0.0607204980
474168597 126670696
#r 0 3.6494178120
476185899 127793338
#r 0 3.6455274013
595496296 -707793242
#r 0 2.0249771731
595496296 -706793242
#r 0 2.0719959002
591011359 -698606976
#r 0 5.1781584451
677928845 -196320030
#r 0 4.5969331713
677928845 -195320030
#r 0 2.9522427858
678042295 -195341772
#r 0 2.9499762668
134234208 -184258840
#r 0 1.3551884071
134234208 -183258840
#r 0 1.0333471227
134580467 -182677837
#r 0 3.1038816792
-222667336 -46611794
#r 0 0.4208224346
-222667336 -45611794
#r 0 5.0060350104
-222400994 -46492590
#r 0 3.4192993959
219528894 970092025
#r 0 5.6046671136
219528894 969092025
#r 0 4.9197344855
219275559 970296267
#r 0 4.6604356338
-384209398 -106897359
#r 0 1.8201331899
-384209398 -105897359
#r 0 1.8381186046
-387833750 -92663877
#r 1 -387667931 -93283625
615373946 -411111791
#r 0 0.2599747979
615373946 -410111791
#r 0 0.2313432182
648232053 -402371713
#r 0 0.2283370321
326662212 790338362
#r 0 6.2110895205
326662212 789338362
#r 0 4.2199307419
327178746 790301057
#r 0 4.0450364850
340630368 -61653550
#r 0 0.7521477902
340630368 -60653550
#r 0 3.7893829630
346220309 -56423510
#r 0 5.6836130684
-936931568 -253662529
#r 0 1.5829297326
-936931568 -252662529
#r 0 6.0796119795
-936943732 -252660018
#r 0 1.0642710681
-55698254 -527054964
#r 0 4.2828042239
-55698254 -526054964
#r 0 4.2937733521
-71133051 -560746675
#r 0 1.1628641906
-176767589 -188188183
#r 0 0.9079131571
-176767589 -187188183
#r 0 0.6241865375
-174983773 -185903393
#r 0 1.8119475853
133207554 429148051
#r 0 2.6820684057
133207554 428148051
#r 0 1.4011422416
133365468 429069906
#r 0 5.1804250051
420725815 -425022251
#r 0 3.2278194605
420725815 -424022251
#r 0 1.1909619890
420312325 -425057994
#r 0 3.1617246227
-984543034 144270826
#r 0 0.6114279226
-984543034 143270826
#r 0 6.1569845798
-985750878 143424071
#r 0 0.6188197530
366737756 485628537
#r 0 2.0675800925
366737756 484628537
#r 0 2.0593993899
339391035 536071300
#r 0 2.0651488199
-649282821 -270779598
#r 0 0.8288718068
-649282821 -269779598
#r 0 5.7926318123
-648667458 -270108263
#r 0 5.7914833849
411724544 245564399
#r 0 4.7630472797
411724544 244564399
#r 0 4.5584497699
411762759 244810681
#r 0 4.7664819972
795592083 -315379132
#r 0 1.0146789877
795592083 -314379132
#r 0 3.0194850490
796169587 -314450002
#r 0 1.0074789269
-521849662 466816098
#r 0 0.2101736325
-521849662 465816098
#r 0 5.1517856712
-522276869 466724965
#r 0 3.4162298020
-558514126 -706353026
#r 0 0.5966335690
-558514126 -705353026
#r 0 3.2271981173
-556828896 -705208408
#r 0 2.2941955730
-218018041 -776753981
#r 0 1.7334392612
-218018041 -775753981
#r 0 0.1253384761
-218178809 -775774238
#r 0 0.9750235074
517252615 315449462
#r 0 2.5211981089
517252615 314449462
#r 0 5.4985644060
513730767 317965839
#r 0 5.5002467139
-836634468 79323631
#r 0 2.0258242640
-836634468 78323631
#r 0 2.0200407484
-869635827 146773640
#r 0 5.1631753796
-478957491 -425697431
#r 0 5.0859162439
-478957491 -424697431
#r 0 1.9386383764
-455876504 -484588522
#r 0 5.1108009914
744680137 283363242
#r 0 4.6722312975
744680137 282363242
#r 0 1.3703832786
744630051 282116684
#r 0 4.1114006361
787479252 -388621533
#r 0 1.9327693600
787479252 -387621533
#r 0 3.2441816742
787114802 -387659053
#r 0 2.0632857923
734374273 161323653
#r 0 3.5873010853
734374273 160323653
#r 0 3.5706058561
685224083 137841019
#r 0 0.4541531116
-835925574 -325109799
#r 0 6.2236361047
-835925574 -324109799
#r 0 0.4238821330
-837883070 -324993094
#r 0 5.8600701149
191098699 -491490599
#r 0 0.8257969666
191098699 -490490599
#r 0 4.2013361290
189668299 -493041506
#r 0 0.1953232747
76967052 -918743877
#r 0 1.7057186076
76967052 -917743877
#r 0 1.3189440369
76878186 -918089234
#r 0 1.3199030207
-458212991 -390070259
#r 0 2.4078660040
-458212991 -389070259
#r 0 2.4196767194
-505409776 -347515219
#r 0 2.4265804234
-561441965 -303326039
#r 0 6.1133960128
-561441965 -302326039
#r 0 5.6079483850
-559853084 -303598437
#r 0 5.6074123348
-143029320 -288205830
#r 0 2.1986122700
-143029320 -287205830
#r 0 4.9809377208
-142586044 -288816592
#r 0 4.5767355392
-217724255 370576245
#r 0 4.2668281838
-217724255 369576245
#r 0 4.1528458839
-219735544 366364930
#r 0 5.3842331807
231282029 -813119927
#r 0 2.4697353349
231282029 -812119927
#r 0 0.7724047369
230716938 -812670521
#r 0 2.7581685970
-173650117 941397434
#r 0 3.3072690540
-173650117 940397434
#r 0 3.8571352936
-172225622 941635622
#r 0 3.7246573395
-974261600 -135035256
#r 0 1.2705553315
-974261600 -134035256
#r 0 5.6158880700
-974012710 -134231348
#r 0 0.5283536296
-219071864 876570219
#r 0 4.5320189953
-219071864 875570219
#r 0 2.8200816035
-219243775 875627477
#r 0 5.9379466212
841216372 -245702053
#r 0 1.0541931724
841216372 -244702053
#r 0 3.3764343807
841873782 -244544763
#r 0 1.0609518054
-554460271 622376857
#r 0 0.8481904088
-554460271 621376857
#r 0 0.8580038587
-510389067 672361835
#r 0 0.9548150305
-710372218 -603481641
#r 0 0.3828305075
-710372218 -602481641
#r 0 5.8497211531
-709216842 -603016373
#r 0 5.8481093402
57367412 137137296
#r 0 4.8194309717
57367412 136137296
#r 0 3.1516587178
57474749 136138376
#r 0 4.2363449959
350298717 99524416
#r 0 6.2363318672
350298717 98524416
#r 0 4.7427022065
350268351 99525840
#r 0 1.9557934925
124361302 -505132095
#r 0 4.4177999535
124361302 -504132095
#r 0 2.6329939981
124620819 -504276781
#r 0 1.5434226447
-544744435 413022941
#r 0 5.0995633060
-544744435 412022941
#r 0 3.2447095864
-544353188 412063429
#r 0 4.8174472964
-119196968 -904270036
#r 0 1.1794893425
-119196968 -903270036
#r 0 1.6674075269
-119118489 -904079823
#r 0 0.7614899919
-804414631 -463783652
#r 0 1.6661920735
-804414631 -462783652
#r 0 6.1799447906
-804511275 -462773639
#r 0 0.7583887564
551441948 -761356956
#r 0 0.9940555220
551441948 -760356956
#r 0 0.9918581495
687217916 -552637881
#r 0 3.3006170575
27156741 -865736728
#r 0 0.2818850872
27156741 -864736728
#r 0 1.3679744467
26938068 -865800055
#r 0 1.3671808845
940217810 -146619311
#r 0 3.1495229708
940217810 -145619311
#r 0 3.8301864715
938990883 -146629041
#r 0 2.5268117684
-914055295 46387478
#r 0 5.7977418233
-914055295 45387478
#r 0 5.5006631364
-916197930 47517824
#r 0 0.9552464975
-936955659 -34943340
#r 0 1.5899963413
-936955659 -33943340
#r 0 6.1816186717
-936974899 -33941379
#r 0 1.1237586340
-369379595 277222742
#r 0 5.5648159104
-369379595 276222742
#r 0 5.5698071653
-255320762 177513984
#r 0 4.2947977975
-821124475 11788443
#r 0 4.6960124059
-821124475 10788443
#r 0 4.7027615436
-821101116 13214710
#r 0 4.6972873734
-490967586 616064171
#r 0 4.2478080263
-490967586 615064171
#r 0 0.1560772034
-491511660 614978557
#r 0 1.0951370539
-678074763 -588467848
#r 0 1.1012902912
-678074763 -587467848
#r 0 5.5662914550
-677722977 -587774461
#r 0 0.3669046229
217643120 -215305082
#r 0 1.5154290043
217643120 -214305082
#r 0 0.1907827924
217699144 -214294262
#r 0 2.1951471834
-682169509 -158834214
#r 0 5.7881661421
-682169509 -157834214
#r 0 2.4667446724
-678328126 -160907995
#r 0 5.4544809291
557597791 508080141
#r 0 2.7228364624
557597791 507080141
#r 0 2.7684031288
576273864 499767766
#r 0 2.7678076991
639262792 -399950495
#r 0 6.2111563155
639262792 -398950495
#r 0 6.1456229652
654349649 -401039069
#r 1 654170886 -401018086
61684808 -566926225
#r 0 4.6554926133
61684808 -565926225
#r 0 5.5235861959
61738843 -565977541
#r 0 0.7499054041
523190902 523430949
#r 0 3.7361097820
523190902 522430949
#r 0 2.7178362160
522303751 522831130
#r 0 5.1290444321
-97120665 -106773775
#r 0 4.7353167967
-97120665 -105773775
#r 0 3.3271113264
-97143499 -105778060
#r 0 3.9755181387
-565009351 514254679
#r 0 1.0636494213
-565009351 513254679
#r 0 4.9496632835
-565177845 513951425
#r 0 4.0575932506
334580786 -482417867
#r 0 3.8075481976
334580786 -481417867
#r 0 6.1082118522
335619776 -481601541
#r 0 1.0520499248
-302732954 278207160
#r 0 4.8431946318
-302732954 277207160
#r 0 4.9890775613
-302487845 276344015
#r 0 1.7859417367
-258338693 -552221732
#r 0 0.8470211275
-258338693 -551221732
#r 0 0.6428428417
-255724621 -549263865
#r 1 -255792919 -549321700
-571070279 -284224233
#r 0 5.5099416364
-571070279 -283224233
#r 0 5.5058804023
-445463025 -406814622
#r 0 1.1052161357
481874853 641887316
#r 0 2.9853156756
481874853 640887316
#r 0 2.9798696622
302857898 670093542
#r 0 4.4257030507
-479273610 -106822827
#r 0 5.6344060021
-479273610 -105822827
#r 0 5.3995653386
-477101304 -108470043
#r 0 5.4015982384
-4238218 -621301856
#r 0 5.1566219055
-4238218 -620301856
#r 0 1.5394261721
-4267657 -621240003
#r 0 2.3573952570
-213551122 -22815755
#r 0 4.1166980475
-213551122 -21815755
#r 0 6.2778757519
-212875723 -21819341
#r 0 2.6874800187
-874003763 -51756842
#r 0 0.1156181086
-874003763 -50756842
#r 0 0.0919361105
-832232745 -46905721
#r 0 0.1086994808
-191082364 -706539912
#r 0 6.1426243781
-191082364 -705539912
#r 0 6.1421112803
-712230836 221529366
#r 0 5.3824773535
-712230836 220529366
#r 0 5.0641023924
-712914356 222391962
#r 0 3.7114536852
-780382671 126943689
#r 0 3.1338726096
-780382671 125943689
#r 0 3.1232222317
-874259187 127668434
#r 0 6.2656479644
-236286024 -513307999
#r 0 3.0798102909
-236286024 -512307999
#r 0 4.3750388216
-236629333 -513286762
#r 0 3.8873648838
432125842 146983063
#r 0 4.4674843801
432125842 145983063
#r 0 2.4918114914
431915807 146142660
#r 0 4.4657179963
-261116530 -918750953
#r 0 1.0844759250
-261116530 -917750953
#r 0 2.9419313279
-260638951 -917847595
#r 0 1.7611759538
118024946 613168088
#r 0 5.5216044964
118024946 612168088
#r 0 5.5300821389
180309928 553781548
#r 0 2.3774508991
-464226731 -787773296
#r 0 2.6318312625
-464226731 -786773296
#r 0 0.9768064963
-464716985 -787499222
#r 0 2.3646914553
-243669211 -909135288
#r 0 1.7840568967
-243669211 -908135288
#r 0 2.5220572807
-243925320 -907952629
#r 0 3.0464618440
-477273716 873997373
#r 0 4.1259799795
-477273716 872997373
#r 0 4.8581156704
-477393927 873816432
#r 0 5.3346673716
-723337552 322551553
#r 0 2.5706223336
-723337552 321551553
#r 0 5.6534806099
-734921793 329992556
#r 0 4.1595322936
-109826943 -461038229
#r 0 5.1163093257
-109826943 -460038229
#r 0 2.7792383626
-110337013 -459844865
#r 0 2.7735348717
273596302 -710435175
#r 0 1.1557250280
273596302 -709435175
#r 0 1.8280151226
273761023 -710061382
#r 0 2.5865628533
-495340295 -231301155
#r 0 0.6592195861
-495340295 -230301155
#r 0 6.1695354337
-494215432 -230429549
#r 0 6.1657311730
-335666797 -774290530
#r 0 1.9657848556
-335666797 -773290530
#r 0 2.1589575145
-336778920 -771622919
#r 0 1.6648488911
-44434562 -424288087
#r 0 4.5290992965
-44434562 -423288087
#r 0 2.4351363657
-44274511 -423424672
#r 0 4.5271003460
482272679 648017210
#r 0 1.3357372916
482272679 647017210
#r 0 4.5493031470
482798531 650212963
#r 0 3.2629498647
-848718430 -335529233
#r 0 0.3728366791
-848718430 -334529233
#r 0 5.9831797268
-847290822 -334970853
#r 0 5.2817392783
-538168394 -366123595
#r 0 5.2979334835
-538168394 -365123595
#r 0 6.0869716016
-538932192 -364971774
#r 0 0.6336255589
780704324 -493859950
#r 0 1.8835158235
780704324 -492859950
#r 0 1.8813564796
101574837 -660299922
#r 0 0.5510393197
101574837 -659299922
#r 0 0.5300279692
136562456 -638798766
#r 0 0.4990377752
274165912 -778182756
#r 0 2.4837204855
274165912 -777182756
#r 0 2.8274383924
271932707 -776457156
#r 0 0.7889396600
-30247511 -354320033
#r 0 3.6040769508
-30247511 -353320033
#r 0 3.6120796538
-129928488 -404015656
#r 0 0.4649855581
196232884 -273237791
#r 0 0.3594963811
196232884 -272237791
#r 0 2.6053293118
197263610 -272850415
#r 0 2.0574817840
-43571381 -254057842
#r 0 4.9069307313
-43571381 -253057842
#r 0 4.1504496419
-43721454 -253296183
#r 0 4.3687460731
245238934 77228773
#r 0 5.5950190468
245238934 76228773
#r 0 5.6193950024
270200430 56703985
#r 0 5.5954001449
691449954 36763389
#r 0 5.3076124874
691449954 35763389
#r 0 1.5804177154
691440194 36777803
#r 0 2.0104606258
305194638 -415436078
#r 0 4.0689601837
305194638 -414436078
#r 0 1.1592081112
304150042 -416829083
#r 0 0.5284909102
326597884 -216545057
#r 0 5.2139970693
326597884 -215545057
#r 0 5.1877463578
334981769 -231833171
#r 0 5.1865342728
48717586 -293671845
#r 0 3.7223981828
48717586 -292671845
#r 0 3.7210738914
576953341 53020034
#r 0 4.7704072995
530625494 -89118625
#r 0 4.2632674631
530625494 -88118625
#r 0 4.2630885509
42124448 645983829
#r 0 2.5834083939
42124448 644983829
#r 0 2.5687690080
-6569254 676389295
#r 0 2.5710510685
-178491570 670902010
#r 0 2.6913609370
-178491570 669902010
#r 0 4.3539207348
-178174358 670748688
#r 0 0.1158151268
78464923 432039983
#r 0 1.0537093911
78464923 431039983
#r 0 4.5652831174
78665311 432392344
#r 0 1.0632945215
160031141 -417843750
#r 0 0.9754242473
160031141 -416843750
#r 0 2.3972905347
160448273 -417227933
#r 0 3.2140582610
-430166093 553065446
#r 0 5.0282831861
-430166093 552065446
#r 0 3.7820057398
-429903267 552261300
#r 0 4.8689685282
17710008 853207122
#r 0 4.4524311089
17710008 852207122
#r 0 5.5982406983
17491505 852385611
#r 0 3.3010114991
14875479 -715975258
#r 0 6.1611452414
14875479 -714975258
#r 0 5.6879166613
16678698 -716196422
#r 0 5.6952838194
-415569731 -638404763
#r 0 0.2957759979
-415569731 -637404763
#r 0 4.8853311686
-415403872 -638354224
#r 0 1.8761881222
-773961145 -176289730
#r 0 5.7207657541
-773961145 -175289730
#r 0 5.0541902476
-773502539 -176578801
#r 0 1.9257148783
940988252 -325744210
#r 0 2.1922256712
940988252 -324744210
#r 0 2.8660323397
940090392 -324490337
#r 0 2.1930852638
-826089410 389315028
#r 0 5.6584984833
-826089410 388315028
#r 0 5.7443955883
-817974022 383463765
#r 1 -817814089 383366873
787581078 -76307990
#r 0 1.5688714389
787581078 -75307990
#r 0 2.1615341797
787582997 -75310852
#r 0 0.0168449732
-720594767 -54294382
#r 0 2.3371438002
-720594767 -53294382
#r 0 3.0716562664
-721626977 -53222075
#r 0 2.2266759694
594911311 732837332
#r 0 5.1463517630
594911311 731837332
#r 0 2.6548178572
595525339 731512356
#r 0 2.6484013621
288809318 -738112341
#r 0 3.0788588787
288809318 -737112341
#r 0 1.5876525122
288826194 -738113401
#r 0 3.0821580185
-344837829 -486706031
#r 0 0.2275251425
-344837829 -485706031
#r 0 5.9790593522
-343004303 -486281507
#r 0 1.4936501168
-62712054 -847301326
#r 0 2.4088281441
-62712054 -846301326
#r 0 0.7504901685
-63257780 -846810222
#r 0 0.7443562507
-250419138 -693493865
#r 0 2.5016436086
-250419138 -692493865
#r 0 1.2362364141
-250695297 -693288275
#r 0 2.5038981007
366755340 -91389671
#r 0 1.5331172469
366755340 -90389671
#r 0 1.5359419697
366290620 -103717469
#r 0 5.8757200764
961566412 68953195
#r 0 4.7853517880
961566412 67953195
#r 0 4.1336184753
961632151 68053803
#r 0 4.1322689435
597164501 -516317146
#r 0 5.5067080531
597164501 -515317146
#r 0 5.4786963035
614827934 -533668210
#r 0 2.3425426984
-877313621 -335845740
#r 0 0.1373868292
-877313621 -334845740
#r 0 6.2573813514
-871218568 -335003051
#r 0 1.4055969087
-380835327 -806301119
#r 0 4.8070032551
-380835327 -805301119
#r 0 1.4158115027
-380894365 -805678993
#r 0 1.4127340633
822465216 -184570263
#r 0 3.9458909093
822465216 -183570263
#r 0 5.6262811068
823017797 -183996389
#r 0 5.6259327563
186036512 447263379
#r 0 5.2399076873
186036512 446263379
#r 0 5.7415853077
186933477 445723759
#r 0 5.6855062167
-324336703 -906969741
#r 0 2.3989096888
-324336703 -905969741
#r 0 2.9311297077
-325756361 -905666464
#r 0 2.9259605850
-23877194 30146238
#r 0 5.5994381075
-23877194 29146238
#r 0 0.6479765917
-23241019 29627833
#r 0 0.6477426815
-646955563 126488175
#r 0 0.5732105359
-646955563 125488175
#r 0 3.9130452564
-643897303 128462305
#r 0 2.9842437330
647455009 119171730
#r 0 1.7003473980
647455009 118171730
#r 0 1.6969937477
642606528 156387365
#r 0 4.8392423494
-614105525 708095676
#r 0 0.3628929622
-614105525 707095676
#r 0 5.0322864841
-614399786 707983942
#r 0 4.3098423081
-144601442 -246545691
#r 0 4.3721294090
-144601442 -245545691
#r 0 3.8352981635
-144099697 -245128447
#r 0 3.1434901434
-755786970 456770808
#r 0 0.0843409463
-755786970 455770808
#r 0 4.1319395659
-755092664 456829506
#r 0 4.5786424832
-942398078 -178453409
#r 0 0.4374900787
-942398078 -177453409
#r 0 5.7046643291
-941505838 -178036092
#r 0 0.0268334461
711522906 98276513
#r 0 2.6170006043
711522906 97276513
#r 0 0.5094343813
712402188 97767694
#r 0 2.6144143338
-865732126 -389513957
#r 0 0.8097760164
-865732126 -388513957
#r 0 0.0816362595
-864699245 -388429449
#r 0 5.4821520492
457994694 -775492143
#r 0 0.5173101851
457994694 -774492143
#r 0 0.5154311444
223679184 -734348721
#r 0 2.4042193196
223679184 -733348721
#r 0 2.4815296253
216107931 -727471870
#r 0 2.2894091952
590989480 604339845
#r 0 3.8007829009
590989480 603339845
#r 0 3.0092016936
589888132 603486511
#r 0 1.9974707669
33739637 326385330
#r 0 0.8679925757
33739637 325385330
#r 0 0.0655420161
32842673 325326457
#r 0 0.0655910825
107088828 -31836439
#r 0 0.2852086312
107088828 -30836439
#r 0 0.3019712680
52430014 -47862521
#r 0 1.8557968780
-86557720 15314172
#r 0 0.4220593058
-86557720 14314172
#r 0 0.4185145585
-321698967 -90274785
#r 0 0.9466004863
187576655 288198927
#r 0 1.6718791386
187576655 287198927
#r 0 3.4880061283
187674501 287234246
#r 0 0.7048901373
376013911 294524797
#r 0 5.7548765729
376013911 293524797
#r 0 2.7891503655
380646786 291820832
#r 0 3.7043031669
278966036 620220652
#r 0 0.5517359920
278966036 619220652
#r 0 0.6079040720
291418196 627884911
#r 0 3.7080709197
-721859489 -551390151
#r 0 0.1904384976
-721859489 -550390151
#r 0 0.7676219239
-723154339 -551639765
#r 0 5.5812253572
388898961 -22604958
#r 0 3.7077045733
388898961 -21604958
#r 0 3.7374936926
365446502 -37508918
#r 0 0.5773070697
-862956667 140643757
#r 0 4.9177562980
-862956667 139643757
#r 0 4.9284561207
-858870555 121027663
#r 0 1.7798974951
-64393835 -548376194
#r 0 4.1695228240
-64393835 -547376194
#r 0 4.2255852227
-68706711 -555524620
#r 1 -69127586 -556155260
-682022435 430113840
#r 0 5.3701896211
-682022435 429113840
#r 0 4.4297100821
-681811340 429840609
#r 0 0.3736087038
129522077 617343422
#r 0 2.7154493124
129522077 616343422
#r 0 0.1243551910
131249307 616559326
#r 0 5.2887452814
-709725211 -135667791
#r 0 2.4659241629
-709725211 -134667791
#r 0 5.9784064451
-711778843 -134021759
#r 0 6.1911121543
882172595 169931446
#r 0 1.0560330637
882172595 168931446
#r 0 1.0696703556
899516850 200595102
#r 0 1.0945411597
29768177 179516482
#r 0 4.6265946170
29768177 178516482
#r 0 4.6198020788
28601835 165955229
#r 0 4.6260425720
258981388 553416150
#r 0 1.1764225509
258981388 552416150
#r 0 3.2575503879
258544008 552365204
#r 0 1.7872601198
867622611 474026919
#r 0 4.7074553475
867622611 473026919
#r 0 2.9947411661
867617681 473027648
#r 0 2.6857495052
494169261 705240858
#r 0 4.3864317980
494169261 704240858
#r 0 3.4238921473
493794506 704132162
#r 0 1.3126781821
122469093 -725635014
#r 0 5.5206850695
122469093 -724635014
#r 0 5.3701492190
125416864 -728450789
#r 1 125446589 -728489625
-603116602 -663308573
#r 0 1.6841051948
-603116602 -662308573
#r 0 1.6893288327
-605676267 -640815178
#r 0 4.8286274196
-145539966 -887360284
#r 0 1.2593244237
-145539966 -886360284
#r 0 1.9190632055
-145369329 -886830274
#r 0 3.1806517873
682414660 608429595
#r 0 2.3598580963
682414660 607429595
#r 0 5.5540468299
692481881 598435869
#r 0 3.1889326551
-490982295 -354183775
#r 0 2.6345968530
-490982295 -353183775
#r 0 2.6766747502
-509558509 -343866153
#r 1 -509842535 -343634699
-802812116 -220135267
#r 0 5.1482738388
-802812116 -219135267
#r 0 1.6752902502
-802676763 -220425873
#r 0 1.6817731556
250470454 471718324
#r 0 4.6989396899
250470454 470718324
#r 0 4.7019323054
250517446 475212109
#r 0 2.3153773435
439852827 37625603
#r 0 1.9027261264
439852827 36625603
#r 0 0.3897592080
440154760 36749629
#r 0 1.9112898590
-160210028 -311873695
#r 0 5.4810019693
-160210028 -310873695
#r 0 5.4728505801
-101430614 -372660232
#r 0 5.4770973650
378118500 -176315695
#r 0 0.1386495479
378118500 -175315695
#r 0 1.4172202289
377960287 -176337773
#r 0 0.1389210121
-866575725 -214630372
#r 0 1.5524710600
-866575725 -213630372
#r 0 0.4750253423
-866557223 -213620856
#r 0 5.1981449113
135413484 36622920
#r 0 0.1221483947
135413484 35622920
#r 0 5.3285372972
134762005 36542945
#r 0 1.2123428369
133848038 926203271
#r 0 5.1953813213
133848038 925203271
#r 0 5.1942887404
152317393 -838586251
#r 0 0.3066348166
152317393 -837586251
#r 0 2.3664704531
153088833 -838341997
#r 0 1.6527815575
866394399 -388688067
#r 0 1.6045672122
866394399 -387688067
#r 0 2.6265324179
866359957 -387668572
#r 0 3.6545608899
-110683473 -855371776
#r 0 0.6121575642
-110683473 -854371776
#r 0 1.6959410158
-110567881 -855290615
#r 0 1.5295572386
-778756986 -564076853
#r 0 1.6873550300
-778756986 -563076853
#r 0 1.7922949957
-779000897 -561993736
#r 0 6.1518277429
-737950047 -439455128
#r 0 6.0801493901
-737950047 -438455128
#r 0 5.3884316158
-736989245 -439652931
#r 0 5.2676152285
-609784449 -471338019
#r 0 1.1035865321
-609784449 -470338019
#r 0 0.4391864790
-609123304 -470027422
#r 0 4.7348742913
-23189346 649857189
#r 0 1.6318068518
-23189346 648857189
#r 0 1.6328413486
-19534791 590031129
#r 0 0.1568255994
919027675 186956176
#r 0 2.4570084501
919027675 185956176
#r 0 2.4264168835
899906094 202564580
#r 1 900373965 202244667
-462062882 -817316296
#r 0 2.4968808272
-462062882 -816316296
#r 0 2.2834080458
-459596223 -819170961
#r 0 1.0757806214
-122964257 -333624352
#r 0 4.3512211915
-122964257 -332624352
#r 0 5.2779771166
-122727444 -332997426
#r 0 4.3553880201
-340634393 559951828
#r 0 0.3881324940
-340634393 558951828
#r 0 4.9679169608
-340870421 559855323
#r 0 0.0259215239
-909594700 -252680642
#r 0 5.7962003356
-909594700 -251680642
#r 0 0.0144612830
-911432990 -251707228
#r 0 0.4677292526
43912064 302995607
#r 0 1.7563512453
43912064 301995607
#r 0 3.4040646538
44090766 302043619
#r 0 4.8078265815
117420708 890129395
#r 0 5.2953058806
117420708 889129395
#r 0 4.0924354322
117763463 889609553
#r 0 5.0042362153
-468178342 -347725758
#r 0 2.4337460551
-468178342 -346725758
#r 0 1.1681178469
-468490504 -347458612
#r 0 0.7743040089
71200613 -222501511
#r 0 5.5399244069
71200613 -221501511
#r 0 4.1294463519
70790046 -222124164
#r 0 2.7636223502
-243623499 -789879633
#r 0 3.8226204020
-243623499 -788879633
#r 0 3.8384502768
-281262493 -820380867
#r 0 2.6618978201
-769324329 107708350
#r 0 2.9306340471
-769324329 106708350
#r 0 5.6475427829
-771234009 108117298
#r 0 2.9241192906
635566251 196520845
#r 0 4.8694851271
635566251 195520845
#r 0 4.8782312556
638519296 177878046
#r 0 4.8738292472
195202581 -473800941
#r 0 2.8464019983
195202581 -472800941
#r 0 4.3745658640
194885194 -473704432
#r 0 4.2183830675
308865562 -904406367
#r 0 1.2158309143
308865562 -903406367
#r 0 0.8860566289
309544377 -902575026
#r 0 1.4907527388
710295145 -265660052
#r 0 6.1935422869
710295145 -264660052
#r 0 4.9301334545
710520887 -265680343
#r 0 4.9287245015
-659887626 -690524746
#r 0 0.2274047610
-659887626 -689524746
#r 0 0.4616200019
-663646169 -691394501
#r 0 5.9853797041
582191960 -738122481
#r 0 1.3307983190
582191960 -737122481
#r 0 1.3306252428
619956929 619639294
#r 0 5.7183844763
619956929 618639294
#r 0 3.2369078524
621328177 618770392
#r 0 3.4636484845
279378978 182926265
#r 0 5.1003702745
279378978 181926265
#r 0 4.6747781833
279413434 182841958
#r 0 5.2826290880
-31041134 -356688329
#r 0 3.5766895932
-31041134 -355688329
#r 0 2.8286758126
-29772664 -356098738
#r 0 3.5798261132
531322273 778893238
#r 0 3.2957283194
531322273 777893238
#r 0 3.2490918065
510248725 775619083
#r 0 0.1322433117
-409016762 -551302065
#r 0 2.2320388070
-409016762 -550302065
#r 0 2.2487867377
-432016507 -521743123
#r 0 2.2371917602
-242530425 -410578653
#r 0 5.9323857439
-242530425 -409578653
#r 0 5.9266236603
-89801608 -466467452
#r 0 6.1934867121
280793211 -921368331
#r 0 2.3179737839
280793211 -920368331
#r 0 2.9130655717
279612475 -920093703
#r 0 1.9497227167
730390034 137322819
#r 0 3.0609575607
730390034 136322819
#r 0 3.0339171830
693737479 140284723
#r 0 3.0335131463
336241334 349827929
#r 0 5.2414677328
336241334 348827929
#r 0 3.2498840548
336791070 348887695
#r 0 4.5170587119
182629508 -60733374
#r 0 5.3884595921
182629508 -59733374
#r 0 1.4113625231
182495560 -60566394
#r 0 2.4904171801
-14583895 -391538609
#r 0 3.0503135035
-14583895 -390538609
#r 0 3.0574260975
-154099821 -378768227
#r 0 4.5722117777
-529968658 -541423045
#r 0 0.4870018933
-529968658 -540423045
#r 0 5.8735053165
-528931092 -540873609
#r 0 0.4836735336
-295721070 -115687762
#r 0 3.5388770391
-295721070 -114687762
#r 0 3.5485367800
-383386300 -152471728
#r 0 3.5449965045
-860392259 105310463
#r 0 1.5669432989
-860392259 104310463
#r 0 1.5615894577
-860398885 103590816
#r 0 1.5664051860
134282577 690186611
#r 0 5.7753259587
134282577 689186611
#r 0 5.0314552995
133877802 690411889
#r 0 4.9121324462
120775521 105317247
#r 0 3.5474594461
120775521 104317247
#r 0 3.5383829282
27414813 65197724
#r 0 3.5224061863
705482076 -427802156
#r 0 2.9724506250
705482076 -426802156
#r 0 1.3504385483
705266334 -427765313
#r 0 1.3488250461
67711290 -820628312
#r 0 1.7533650114
67711290 -819628312
#r 0 0.9941716699
67567488 -819849425
#r 0 1.7557715231
433987350 508403551
#r 0 5.3193563668
433987350 507403551
#r 0 2.4465020239
435637156 506027727
#r 0 3.6622030848
-118050258 19266698
#r 0 0.0825304615
-118050258 18266698
#r 0 4.7838373021
-118121407 19260813
#r 0 0.1550672332
-797637337 -148047045
#r 0 1.8050704172
-797637337 -147047045
#r 0 1.1633669032
-797791013 -147403124
#r 0 1.8077795564
-297627869 -312378482
#r 0 2.3531708145
-297627869 -311378482
#r 0 6.0467965439
-298934763 -311063661
#r 0 0.1872423232
526708312 738674488
#r 0 1.9241352670
526708312 737674488
#r 0 1.9194201120
501638779 806647318
#r 0 5.0606558686
902408713 326691638
#r 0 2.7058616799
902408713 325691638
#r 0 2.8136347053
910387589 322976867
#r 0 3.5748859018
194389026 724215994
#r 0 5.1784798727
194389026 723215994
#r 0 4.4743727226
194552703 723890630
#r 0 5.4916907565
479784988 -770379991
#r 0 1.7016600497
479784988 -769379991
#r 0 3.0865581844
479652411 -769372687
#r 0 2.9623855071
-131810955 348029062
#r 0 3.3503469051
-131810955 347029062
#r 0 3.8403920557
-130219606 348366174
#r 0 6.0427467130
586522933 -217901995
#r 0 2.5688337773
586522933 -216901995
#r 0 0.0183434153
585015122 -216929656
#r 0 5.7001140887
-187748036 23994930
#r 0 0.1304219661
-187748036 22994930
#r 0 3.8460919928
-186356911 24177399
#r 0 0.8209627412
352205545 -810872443
#r 0 0.8683085471
352205545 -809872443
#r 0 2.9755799079
352946934 -809996666
#r 0 2.1395136350
-281264150 625950435
#r 0 1.7657127803
-281264150 624950435
#r 0 2.2613577913
-281004748 624636496
#r 0 4.6805832742
805993669 -555805939
#r 0 3.0160970807
805993669 -554805939
#r 0 2.1063050168
806635018 -555886851
#r 0 3.0175695589
109176579 830254230
#r 0 5.2936709143
109176579 829254230
#r 0 4.2578756008
109456802 829827712
#r 0 4.9050663376
454603456 -115132683
#r 0 4.1683645562
454603456 -114132683
#r 0 5.4548193902
454968023 -114530007
#r 0 5.4516310333
-841858840 456991149
#r 0 0.6502312485
-841858840 455991149
#r 0 5.3057713702
-842304627 456652097
#r 0 0.6540178795
-394302774 -111391377
#r 0 4.4784619716
-394302774 -110391377
#r 0 1.6251232571
-394258498 -111205569
#r 0 4.7989187870
-44928054 515757560
#r 0 0.6199614628
-44928054 514757560
#r 0 0.9799742293
-43641093 516676258
#r 1 -43630371 516690284
-121117037 -740886462
#r 0 2.9561114746
-121117037 -739886462
#r 0 1.3538625041
-121328686 -740846749
#r 0 1.3942956363
-104972969 -794518837
#r 0 0.3322992649
-104972969 -793518837
#r 0 0.3268228545
58503103 -738103912
#r 0 3.4959887688
-228728329 -70115130
#r 0 2.3695047358
-228728329 -69115130
#r 0 1.7982983481
-228429442 -70406165
#r 0 2.4575313956
211817052 -353830981
#r 0 1.5194344217
211817052 -352830981
#r 0 0.9771220636
211872698 -352748530
#r 0 3.2433652530
714039536 -444378998
#r 0 1.4101996667
714039536 -443378998
#r 0 3.8497050909
714227615 -443217955
#r 0 1.0077954837
210279624 -719446913
#r 0 2.2931856544
210279624 -718446913
#r 0 2.3057422897
174970535 -679382321
#r 0 3.1025920215
-252990652 907596128
#r 0 4.6599984097
-252990652 906596128
#r 0 3.0568127007
-253042858 906600565
#r 0 3.0484175194
-111775591 385835601
#r 0 5.3850014554
-111775591 384835601
#r 0 6.1577559275
-110890147 384723954
#r 0 5.0931723175
-751715650 246572132
#r 0 3.9766899847
-751715650 245572132
#r 0 6.2102840110
-752564750 245634142
#r 0 3.9684609015
734240015 -107718197
#r 0 4.6337008157
734240015 -106718197
#r 0 0.1494838836
734319814 -106706179
#r 0 2.5697445922
451097033 876365304
#r 0 5.2655607283
451097033 875365304
#r 0 5.2152721080
446059716 884523197
#r 0 4.5069158686
-213751703 -188883800
#r 0 0.8211539202
-213751703 -187883800
#r 0 2.0982497065
-213393400 -188498912
#r 0 2.9160293761
-871609781 -439190600
#r 0 5.6135885455
-871609781 -438190600
#r 0 5.9457499967
-873878671 -437394551
#r 0 5.9515948410
873731973 -187795839
#r 0 4.2067138798
873731973 -186795839
#r 0 4.2157173921
848095336 -234096907
#r 0 1.0693150676
476321941 -514170025
#r 0 6.1583182683
476321941 -513170025
#r 0 6.1526164140
648857711 -535826728
#r 0 3.0163412782
648529161 -258031637
#r 0 6.1712302199
648529161 -257031637
#r 0 5.6834450855
650279462 -258228415
#r 0 0.2157035535
-947200162 54478327
#r 0 5.6043775001
-947200162 53478327
#r 0 1.5241880848
-947155211 54442066
#r 0 5.6128813387
-72923073 965837855
#r 0 5.5308096215
-72923073 964837855
#r 0 3.3266578553
-72032800 965004521
#r 0 3.3309933636
533900477 -572149686
#r 0 0.4781563558
533900477 -571149686
#r 0 0.4734583244
702094724 -484979696
#r 0 1.4784066073
-787439174 -505763987
#r 0 0.1037236166
-787439174 -504763987
#r 0 0.9851837044
-788151578 -505838146
#r 0 0.5493561761
-244124713 -774407860
#r 0 1.3341907428
-244124713 -773407860
#r 0 1.7974046029
-244006849 -773919047
#r 0 0.3462031398
912688030 366379819
#r 0 4.4478246953
912688030 365379819
#r 0 3.9309035019
912315360 365004222
#r 0 2.2637322566
65744808 676218049
#r 0 6.0245063072
65744808 675218049
#r 0 5.1177374443
65260731 676346140
#r 0 5.4544823682
-530446177 836542796
#r 0 5.8632427019
-530446177 835542796
#r 0 6.0429721652
-525484902 834327568
#r 0 5.8622861670
-415563059 -298865844
#r 0 0.8003026255
-415563059 -297865844
#r 0 4.9129593440
-415394964 -298692662
#r 0 1.5020730135
-886033412 -228132643
#r 0 1.4996805178
-886033412 -227132643
#r 0 5.2984411917
-885969079 -227229551
#r 0 0.1102054557
-277974413 -935647969
#r 0 1.7364899651
-277974413 -934647969
#r 0 1.8013811361
-278555728 -932171764
#r 0 2.7706298362
200104270 740576328
#r 0 5.1755482882
200104270 739576328
#r 0 5.0771963704
198480981 743826872
#r 0 4.0392728154
-138670661 -326693416
#r 0 1.1829886584
-138670661 -325693416
#r 0 4.4994114134
-139130197 -327818366
#r 0 2.5854158248
-420259027 -893966584
#r 0 6.2506964921
-420259027 -892966584
#r 0 6.2315401560
-368150904 -895660111
#r 0 3.1213291239
-798050443 -196980374
#r 0 0.5994737836
-798050443 -195980374
#r 0 1.7279037112
-797907504 -196882694
#r 0 1.9392490420
-402542994 -134498653
#r 0 4.5723863353
-402542994 -133498653
#r 0 4.5804898020
-404807808 -150569759
#r 0 4.5826772975
508744237 816338581
#r 0 4.8117520663
508744237 815338581
#r 0 4.8165097574
510911282 794601042
#r 0 4.8104947447
-397593185 913590386
#r 0 0.0136663700
-397593185 912590386
#r 0 0.0281596107
-328626885 914532964
#r 0 3.1537137374
-443314379 -868631678
#r 0 5.9191777900
-443314379 -867631678
#r 0 5.9069119686
-372457016 -895627277
#r 1 -372188537 -895585287
-533147680 613971414
#r 0 5.2507004464
-533147680 612971414
#r 0 4.2979941426
-532894392 613547243
#r 0 0.0264836625
-770932227 -336799630
#r 0 1.7492552367
-770932227 -335799630
#r 0 1.7457673910
-762072462 -385917437
#r 0 0.9069666957
-313801222 -169811900
#r 0 4.1294524775
-313801222 -168811900
#r 0 3.0731806150
-313170351 -168855127
#r 0 1.7585147029
396351162 236536477
#r 0 5.9701942890
396351162 235536477
#r 0 2.5288648951
393715131 237389572
#r 0 4.8974374252
653214263 -656222690
#r 0 3.7547618599
653214263 -655222690
#r 0 1.8873127304
653480445 -656035392
#r 0 3.7554302058
-126037657 252119065
#r 0 4.7642420624
-126037657 251119065
#r 0 3.7155109838
-125987442 251151529
#r 0 3.8645083754
795662488 -210263076
#r 0 1.9829223390
795662488 -209263076
#r 0 6.2320950080
795215331 -209240211
#r 0 6.2375092136
-552602322 134431660
#r 0 5.8866393900
-552602322 133431660
#r 0 5.8830005751
-786063689 232188384
#r 0 3.4992392427
-25074801 475442830
#r 0 3.9534771260
-25074801 474442830
#r 0 0.4460057975
-26810043 473613144
#r 0 5.3319533314
-581753711 58339560
#r 0 0.0342198700
-581753711 57339560
#r 0 6.2475434639
-596061873 57849745
#r 0 5.3611321522
-123676106 -141587957
#r 0 2.7935196204
-123676106 -140587957
#r 0 4.5779535287
-123805030 -141541177
#r 0 3.9553039716
-770394741 -202777594
#r 0 1.8847264104
-770394741 -201777594
#r 0 5.9100780589
-770766676 -201632003
#r 0 1.8914986496
226219170 40973701
#r 0 0.2387446302
226219170 39973701
#r 0 5.6723004116
225159425 40715773
#r 0 4.4977367126
-730767039 -317649186
#r 0 0.7955398083
-730767039 -316649186
#r 0 5.0728113313
-730494843 -317371412
#r 0 0.8765029432
313987082 -595303530
#r 0 3.3815772868
313987082 -594303530
#r 0 1.1738253968
313519932 -595417842
#r 0 0.6169669338
422385780 609464897
#r 0 3.0194509582
422385780 608464897
#r 0 2.9971011018
378435223 614859948
#r 0 0.8731390967
-283682688 -708434606
#r 0 2.2164044646
-283682688 -707434606
#r 0 2.2218414988
-350747445 -619406351
#r 1 -351360077 -618831824
-165174039 -771223105
#r 0 1.5619471274
-165174039 -770223105
#r 0 0.7469098469
-165165116 -770214844
#r 0 0.1404960755
-595802012 -385074130
#r 0 5.6272964903
-595802012 -384074130
#r 0 5.6157437625
-541922578 -426536419
#r 0 0.5306662319
277214466 -802769623
#r 0 2.8721591749
277214466 -801769623
#r 0 2.8756836183
13330020 -729898377
#r 0 6.0228977512
-49223034 10182434
#r 0 3.0001249871
-49223034 9182434
#r 0 0.1855154098
-46193579 9750982
#r 0 4.0060719972
606551053 -19018638
#r 0 4.0507845331
606551053 -18018638
#r 0 1.0808864967
604858972 -21191653
#r 0 1.0792751711
-355498144 909755308
#r 0 0.2803049593
-355498144 908755308
#r 0 0.3298703141
-337147986 915038035
#r 0 3.4402969694
47076853 -733059593
#r 0 5.3553831530
47076853 -732059593
#r 0 5.3047476452
53690952 -741887712
#r 0 2.1863539730
-374230082 240356462
#r 0 5.9332059878
-374230082 239356462
#r 0 5.9386534853
-211920638 181112694
#r 0 2.7901467168
57914385 673072022
#r 0 2.9625914377
57914385 672072022
#r 0 5.5103559260
56655312 673299836
#r 0 2.9580827287
-434227853 -134865342
#r 0 1.4317364284
-434227853 -133865342
#r 0 5.4933934263
-434105207 -133989070
#r 0 1.1528048973
-803935016 3201268
#r 0 0.0720070243
-803935016 2201268
#r 0 4.3495656438
-803544698 3229422
#r 0 4.3559891502
612533705 664406426
#r 0 3.2590932283
612533705 663406426
#r 0 2.2931150345
611735549 664312208
#r 0 4.8614892715
-128789750 -864403732
#r 0 0.6056407617
-128789750 -863403732
#r 0 1.2700327423
-129184764 -864677259
#r 0 0.6025413715
49745228 181238661
#r 0 4.4599176132
49745228 180238661
#r 0 5.7686452904
49520087 180365941
#r 0 4.4654742539
582907428 511612935
#r 0 6.2786128481
582907428 510612935
#r 0 2.8084334216
579979051 511626325
#r 0 2.8622075595
616180789 -199370439
#r 0 5.4820229275
616180789 -198370439
#r 0 0.3398489587
615459082 -198625611
#r 0 5.7842427288
144982153 -279834439
#r 0 0.8275792677
144982153 -278834439
#r 0 6.2602030772
145882147 -278855127
#r 0 4.5073912409
-152837913 140842892
#r 0 1.9496891607
-152837913 139842892
#r 0 6.0792388348
-152404059 139753161
#r 0 5.8625358842
549838263 -730153584
#r 0 0.6271433006
549838263 -729153584
#r 0 0.6138811345
599746328 -693982791
#r 0 3.7357458966
-591139324 -247371007
#r 0 1.4000943313
-591139324 -246371007
#r 0 2.4267683691
-590989379 -246501152
#r 0 0.0027542830
-753947354 98952221
#r 0 4.2687592992
-753947354 97952221
#r 0 6.1683877038
-754397889 98004170
#r 0 0.4948317273
-98352464 -743450637
#r 0 1.5487105918
-98352464 -742450637
#r 0 0.2860955269
-98330230 -742444097
#r 0 2.3729253900
611104978 -524723090
#r 0 4.9178383310
611104978 -523723090
#r 0 4.8945427373
612691494 -532336311
#r 0 1.7603330905
-276948858 -364114257
#r 0 5.7020959618
-276948858 -363114257
#r 0 1.8571129981
-276583887 -364353943
#r 0 3.8021331787
-558362802 302376104
#r 0 1.2253773390
-558362802 301376104
#r 0 5.3055702897
-558597419 301724111
#r 0 0.4227832171
-267275647 10250653
#r 0 2.6979146595
-267275647 9250653
#r 0 2.6902415866
-373196878 60593055
#r 0 5.8460531523
425647155 -827346206
#r 0 1.7361725092
425647155 -826346206
#r 0 1.0074026371
425515136 -826555201
#r 0 1.0522576910
112162654 -453062467
#r 0 0.6008968603
