701687785 -541700890
#r 0 4.5289502489
701687785 -540700890
#r 0 4.4410237951
702244591 -538699636
#r 0 4.5423177551
-499127383 633119407
#r 0 4.5594002157
-499127383 632119407
#r 0 2.6189541477
-499268998 632200987
#r 0 4.4129870039
-483608482 -622730427
#r 0 2.6283768015
-483608482 -621730427
#r 0 5.6931310991
-474178593 -628045003
#r 0 0.0785613194
-400050622 -282770132
#r 0 5.8575413616
-400050622 -281770132
#r 0 5.4677112450
-398407715 -283514959
#r 0 1.9805132825
301295572 728310821
#r 0 5.4480613990
301295572 727310821
#r 0 5.5132546600
308691329 720140384
#r 0 5.3575522492
538670319 187274473
#r 0 2.7898320988
538670319 186274473
#r 0 1.9979653073
538123816 187475053
#r 0 0.1125280934
-356518068 -65592954
#r 0 2.7076370971
-356518068 -64592954
#r 0 2.6581674984
-340272392 -73121481
#r 0 2.1177154738
-276446552 932869643
#r 0 3.6823990362
-276446552 931869643
#r 0 5.1265630629
-276794341 932660787
#r 0 4.8575480288
-550539604 -271667289
#r 0 1.9516357415
-550539604 -270667289
#r 0 0.3533396312
-550888473 -270795958
#r 0 1.9482921134
-618319202 -169265767
#r 0 3.3279113800
-618319202 -168265767
#r 0 3.5106118142
-623363844 -170216708
#r 0 0.2146266212
755102565 -188650360
#r 0 4.7415781584
755102565 -187650360
#r 0 2.0533868845
755071644 -187591341
#r 0 2.5882043572
380790345 -501424583
#r 0 3.8218181271
380790345 -500424583
#r 0 2.1744889851
381232978 -501066478
#r 0 5.2682895170
-579009961 358478730
#r 0 4.3333054428
-579009961 357478730
#r 0 1.2838523984
-577871621 361336366
#r 0 4.2760440854
299350043 -849072587
#r 0 1.8784933995
299350043 -848072587
#r 0 4.3717415792
299182479 -848545309
#r 0 2.6147821207
547958642 -796389549
#r 0 0.5108920069
547958642 -795389549
#r 0 0.8677683103
546344284 -797294446
#r 0 2.1776901551
120566706 -818818612
#r 0 2.2745529314
120566706 -817818612
#r 0 0.4681203987
119972823 -818118881
#r 0 1.3365729342
137093106 -178832048
#r 0 0.0666533538
137093106 -177832048
#r 0 0.1885254632
129031123 -179370203
#r 0 0.1543648220
-671832205 450572368
#r 0 4.2318741912
-671832205 449572368
#r 0 5.0830118840
-672054829 450145284
#r 0 4.4791116601
-468532303 -84888903
#r 0 5.4415092809
-468532303 -83888903
#r 0 3.9018063363
-469015334 -84348197
#r 0 0.5907368941
242220329 -192797614
#r 0 0.6423740030
242220329 -191797614
#r 0 0.6322803305
306211077 -144917152
#r 0 3.7324284450
474168597 127670696
#r 0 3.4306089272
474168597 126670696
#r 0 1.4509091816
474293537 127707846
#r 0 4.3781522813
595496296 -707793242
#r 0 0.7467054720
595496296 -706793242
#r 0 0.7840897147
581592926 -720660275
#r 0 2.9531466519
677928845 -196320030
#r 0 4.8551878472
677928845 -195320030
#r 0 3.1530653302
677785304 -195321677
#r 0 1.6789209835
134234208 -184258840
#r 0 0.2735439998
134234208 -183258840
#r 0 0.3653095470
124420617 -187012311
#r 0 0.2099654563
-222667336 -46611794
#r 0 1.1908491171
-222667336 -45611794
#r 0 1.1202095627
-220379006 -40881679
#r 0 2.4885176677
219528894 970092025
#r 0 4.5032247893
219528894 969092025
#r 0 4.8778921800
219435418 969651658
#r 0 4.3798735444
-384209398 -106897359
#r 0 0.9727233842
-384209398 -105897359
#r 0 0.5957777282
-382943257 -105038971
#r 0 1.8601285342
615373946 -411111791
#r 0 5.0155570250
615373946 -410111791
#r 0 3.7144936505
615113657 -410279695
#r 0 5.0462575899
326662212 790338362
#r 0 4.6238484386
326662212 789338362
#r 0 4.9684269045
326595920 789591596
#r 0 5.1009024788
340630368 -61653550
#r 0 4.4761708308
340630368 -60653550
#r 0 1.9076214333
340773019 -61060928
#r 0 2.5053089058
-936931568 -253662529
#r 0 0.2585897803
-936931568 -252662529
#r 0 0.0755166693
-931636403 -252261894
#r 0 0.2209116966
-55698254 -527054964
#r 0 4.9111839763
-55698254 -526054964
#r 0 4.9182172324
-61437072 -498568232
#r 0 0.8156710122
-176767589 -188188183
#r 0 4.7047324373
-176767589 -187188183
#r 0 4.4783269770
-176759678 -187155005
#r 0 0.0905356453
133207554 429148051
#r 0 4.7733816223
133207554 428148051
#r 0 3.9082826810
133265230 428203608
#r 0 2.3294811716
420725815 -425022251
#r 0 2.2772351167
420725815 -424022251
#r 0 1.0396052411
420377858 -424614500
#r 0 2.1425054103
-984543034 144270826
#r 0 0.4464502255
-984543034 143270826
#r 0 0.0641968044
-986956165 143115698
#r 0 0.2081494024
366737756 485628537
#r 0 6.0147362759
366737756 484628537
#r 0 5.7231819592
363895758 486410340
#r 0 0.5013376375
-649282821 -270779598
#r 0 3.7690082895
-649282821 -269779598
#r 0 0.0101564248
-647884234 -269765393
#r 0 1.8039111077
411724544 245564399
#r 0 5.9516441990
411724544 244564399
#r 0 6.0260322258
424028868 241328664
#r 0 5.9549653973
795592083 -315379132
#r 0 4.4323802726
795592083 -314379132
#r 0 1.7630079432
795708148 -314975517
#r 0 1.9647262571
-521849662 466816098
#r 0 3.0139815128
-521849662 465816098
#r 0 3.8738002007
-520876151 466691188
#r 0 3.1014341183
-558514126 -706353026
#r 0 6.1912212523
-558514126 -705353026
#r 0 1.2578189934
-558828361 -706324046
#r 0 0.6545838282
-218018041 -776753981
#r 0 1.3983456116
-218018041 -775753981
#r 0 2.7554586563
-217855379 -775820110
#r 0 2.7716848998
517252615 315449462
#r 0 1.5889002918
517252615 314449462
#r 0 1.3000705561
517269612 314510704
#r 0 5.7823196468
-836634468 79323631
#r 0 6.0179542381
-836634468 78323631
#r 0 1.1760357953
-836260194 79221967
#r 0 0.6410607108
-478957491 -425697431
#r 0 1.0806866332
-478957491 -424697431
#r 0 1.8352950538
-478777844 -425360716
#r 0 5.7295841527
744680137 283363242
#r 0 3.5651149508
744680137 282363242
#r 0 6.2041090009
742793507 282512742
#r 0 6.0192720153
787479252 -388621533
#r 0 3.9143210952
787479252 -387621533
#r 0 4.0339833717
783715266 -392291330
#r 0 3.9996224819
734374273 161323653
#r 0 0.4909894944
734374273 160323653
#r 0 2.4156516986
733671183 160947739
#r 0 2.8036779007
-835925574 -325109799
#r 0 1.6228043920
-835925574 -324109799
#r 0 1.6556709611
-836059682 -322533522
#r 0 1.7926015519
191098699 -491490599
#r 0 4.9762401705
191098699 -490490599
#r 0 1.3229865611
190968049 -491006980
#r 0 1.7169417072
76967052 -918743877
#r 0 5.8830311731
76967052 -917743877
#r 0 0.5661104156
76022292 -918344267
#r 0 6.1908448116
-458212991 -390070259
#r 0 0.3575666214
-458212991 -389070259
#r 0 0.3806920220
-495823783 -404122676
#r 0 5.6847748221
-561441965 -303326039
#r 0 0.7948484432
-561441965 -302326039
#r 0 1.5364571417
-561477564 -303362317
#r 0 1.8085494246
-143029320 -288205830
#r 0 1.3056798242
-143029320 -287205830
#r 0 0.0928761718
-142750768 -287179885
#r 0 0.4502692927
-217724255 370576245
#r 0 5.2185700936
-217724255 369576245
#r 0 2.4449867489
-216690549 368711547
#r 0 0.8738201390
231282029 -813119927
#r 0 3.1627420399
231282029 -812119927
#r 0 3.1138732053
251740675 -812687175
#r 0 3.1666420008
-173650117 941397434
#r 0 5.9599396073
-173650117 940397434
#r 0 4.6375730005
-173576997 941372939
#r 0 5.0892489828
-974261600 -135035256
#r 0 1.0315532513
-974261600 -134035256
#r 0 1.0498050372
-219071864 876570219
#r 0 3.4525974246
-219071864 875570219
#r 0 5.7275354096
-220133050 876229116
#r 0 4.2801075851
841216372 -245702053
#r 0 4.0160789867
841216372 -244702053
#r 0 3.8439877501
844075302 -242282281
#r 0 3.7582553122
-554460271 622376857
#r 0 4.7514164855
-554460271 621376857
#r 0 4.7778633371
-554363733 619904525
#r 0 2.3083650492
-710372218 -603481641
#r 0 5.8307341022
-710372218 -602481641
#r 0 5.8683827556
-732240244 -592851991
#r 0 1.8604728748
57367412 137137296
#r 0 6.0740701859
57367412 136137296
#r 0 2.8972368562
30428314 142854245
#r 0 0.3525121090
350298717 99524416
#r 0 5.3256045009
350298717 98524416
#r 0 0.9306464295
350660549 99010242
#r 0 0.7025916387
124361302 -505132095
#r 0 5.5761856830
124361302 -504132095
#r 0 5.1164664537
125035036 -505707683
#r 0 5.0825242318
-544744435 413022941
#r 0 1.7921605610
-544744435 412022941
#r 0 1.6710537928
-544926337 413831206
#r 0 1.8179279693
-119196968 -904270036
#r 0 4.3676509256
-119196968 -903270036
#r 0 4.3443462338
-113979046 -889738542
#r 0 4.3986967381
-804414631 -463783652
#r 0 1.8453693424
-804414631 -462783652
#r 0 2.5473489793
-804762540 -462548563
#r 0 2.3525097892
551441948 -761356956
#r 0 2.2962876923
551441948 -760356956
#r 0 0.4294228080
550811246 -760645769
#r 0 1.3479091661
27156741 -865736728
#r 0 3.5169036859
27156741 -864736728
#r 0 0.2302459303
33423071 -863267883
#r 0 1.6743353911
940217810 -146619311
#r 0 4.1744886856
940217810 -145619311
#r 0 2.1874138374
940541746 -146076322
#r 0 2.5120821409
-914055295 46387478
#r 0 4.8602788531
-914055295 45387478
#r 0 1.0405261315
-913936503 45590098
#r 0 0.4956498578
-936955659 -34943340
#r 0 1.0806651656
-936955659 -33943340
#r 0 0.8357948929
-935653538 -32502885
#r 0 0.9790134651
-369379595 277222742
#r 0 3.1175583338
-369379595 276222742
#r 0 4.0746383552
-368651512 277205240
#r 0 2.3616373614
-821124475 11788443
#r 0 1.0198479217
-821124475 10788443
#r 0 5.3668005412
-821465651 11233153
#r 0 1.4085137166
-490967586 616064171
#r 0 5.8230806462
-490967586 615064171
#r 0 4.4130411192
-490699905 615931514
#r 0 5.1321042746
-678074763 -588467848
#r 0 6.1892528254
-678074763 -587467848
#r 0 2.4279294641
-676778937 -588589927
#r 0 2.4285275228
217643120 -215305082
#r 0 1.7220437701
217643120 -214305082
#r 0 4.1378249973
217519751 -214495635
#r 0 1.6878189210
-682169509 -158834214
#r 0 1.8224353930
-682169509 -157834214
#r 0 1.3542510434
-682288059 -158373090
#r 0 1.3152664331
557597791 508080141
#r 0 3.7821705566
557597791 507080141
#r 0 4.0471764277
559487189 509488579
#r 0 3.9811269090
639262792 -399950495
#r 0 1.6346810246
639262792 -398950495
#r 0 4.8772863344
639158870 -398325994
#r 0 4.8191569567
61684808 -566926225
#r 0 4.1502287550
61684808 -565926225
#r 0 6.0424431188
62230392 -566060168
#r 0 0.9767150700
523190902 523430949
#r 0 0.7309891465
523190902 522430949
#r 0 5.6907411355
522553879 522859730
#r 0 4.4786447932
-97120665 -106773775
#r 0 5.9873599690
-97120665 -105773775
#r 0 6.1491848328
-103004414 -104980597
#r 0 0.4633681247
-565009351 514254679
#r 0 5.0064770798
-565009351 513254679
#r 0 4.5307992687
-564895039 513877251
#r 0 5.0328015240
334580786 -482417867
#r 0 3.6135431382
334580786 -481417867
#r 0 1.9226636107
334889988 -482260044
#r 0 3.7116658316
-302732954 278207160
#r 0 2.4824792561
-302732954 277207160
#r 0 5.5970457904
-325366980 295741406
#r 0 6.0013511572
-258338693 -552221732
#r 0 5.9557336767
-258338693 -551221732
#r 0 2.0862100105
-257637225 -552460006
#r 0 5.8445137664
-571070279 -284224233
#r 0 0.9070691877
-571070279 -283224233
#r 0 1.9562866431
-570803109 -283882624
#r 0 1.9723391812
481874853 641887316
#r 0 2.7843190179
481874853 640887316
#r 0 4.7295182913
481857612 641893752
#r 0 4.6836709337
-479273610 -106822827
#r 0 5.8597045492
-479273610 -105822827
#r 0 1.9280362336
-478824853 -107025106
#r 0 5.0696039972
-4238218 -621301856
#r 0 4.5589249869
-4238218 -620301856
#r 0 4.2571657063
-4012081 -619839894
#r 0 4.5723676375
-213551122 -22815755
#r 0 1.3409414099
-213551122 -21815755
#r 0 1.1281002355
-213089084 -20841153
#r 0 5.6913818929
-874003763 -51756842
#r 0 6.2242358593
-874003763 -50756842
#r 0 0.3065278796
-876666729 -51599680
#r 0 1.1773175335
-191082364 -706539912
#r 0 0.8912660151
-191082364 -705539912
#r 0 0.2447427569
-190070270 -705287142
#r 0 2.6613365577
-712230836 221529366
#r 0 6.0429052721
-712230836 220529366
#r 0 2.6219324614
-715288031 222278420
#r 0 0.1944610636
-780382671 126943689
#r 0 0.5669272679
-780382671 125943689
#r 0 0.6075777801
-763340387 137793522
#r 0 0.4648569404
-236286024 -513307999
#r 0 5.5718708255
-236286024 -512307999
#r 0 4.8701103000
-236101720 -513466835
#r 0 4.5803197059
432125842 146983063
#r 0 4.1865503154
432125842 145983063
#r 0 1.4532636426
432274079 147238495
#r 0 2.7717017050
-261116530 -918750953
#r 0 1.6224865790
-261116530 -917750953
#r 0 6.1964859961
-261168500 -917746436
#r 0 0.9533705251
118024946 613168088
#r 0 3.8256891619
118024946 612168088
#r 0 5.8681942751
117228791 612518856
#r 0 0.4554822881
-464226731 -787773296
#r 0 2.0310872410
-464226731 -786773296
#r 0 0.2684158152
-464663041 -786893304
#r 0 1.2062056396
-243669211 -909135288
#r 0 1.9182645579
-243669211 -908135288
#r 0 0.7382757630
-243941607 -908383150
#r 0 6.0823486355
-477273716 873997373
#r 0 3.8925879236
-477273716 872997373
#r 0 4.4086989526
-476830751 874410862
#r 0 3.9545943184
-723337552 322551553
#r 0 4.1589750569
-723337552 321551553
#r 0 5.6316080912
-723757489 321871837
#r 0 0.8474613179
-109826943 -461038229
#r 0 2.3432480329
-109826943 -460038229
#r 0 0.0402562040
-110764579 -460075995
#r 0 4.9997229496
273596302 -710435175
#r 0 2.9684966015
273596302 -709435175
#r 0 4.1884947997
273071565 -710343427
#r 0 1.3316026385
-495340295 -231301155
#r 0 1.7915687067
-495340295 -230301155
#r 0 5.5692644853
-495618897 -230059783
#r 0 1.8775312259
-335666797 -774290530
#r 0 0.2807004760
-335666797 -773290530
#r 0 0.3870260829
-344051144 -776707845
#r 0 0.2628640160
-44434562 -424288087
#r 0 2.4048089337
-44434562 -423288087
#r 0 1.0942981077
-44786110 -423969160
#r 0 4.6043618793
482272679 648017210
#r 0 4.8170581316
482272679 647017210
#r 0 4.7775961258
482100117 649659832
#r 0 5.9493328568
-848718430 -335529233
#r 0 4.5740381690
-848718430 -334529233
#r 0 1.5808480677
-848709055 -335461902
#r 0 4.6913081164
-538168394 -366123595
#r 0 1.8999897388
-538168394 -365123595
#r 0 2.8871176802
-538543336 -365026067
#r 0 1.7346099794
780704324 -493859950
#r 0 1.7633761539
780704324 -492859950
#r 0 3.5214757480
780523413 -492932184
#r 0 1.6831592216
101574837 -660299922
#r 0 3.5268020739
101574837 -659299922
#r 0 5.6405679453
102441324 -659948591
#r 0 0.5316827472
274165912 -778182756
#r 0 3.6618201140
274165912 -777182756
#r 0 0.7090530632
270657381 -780192667
#r 0 1.6828739532
-30247511 -354320033
#r 0 0.6450491519
-30247511 -353320033
#r 0 0.3828761801
-27387672 -352168228
#r 0 0.4064972730
196232884 -273237791
#r 0 3.5236884203
196232884 -272237791
#r 0 1.3973545650
196044413 -273313527
#r 0 3.3192918330
-43571381 -254057842
#r 0 5.1973161703
-43571381 -253057842
#r 0 0.0577203424
-44082703 -253087388
#r 0 0.4289972378
245238934 77228773
#r 0 0.4506589122
245238934 76228773
#r 0 1.0438422897
246048756 77620620
#r 1 246332995 78009474
691449954 36763389
#r 0 1.9083237606
691449954 35763389
#r 0 3.1473099705
691800209 35765392
#r 0 3.2260660239
305194638 -415436078
#r 0 2.3283859153
305194638 -414436078
#r 0 5.3677469817
309298289 -419774554
#r 0 4.3157571452
326597884 -216545057
#r 0 3.5186333638
326597884 -215545057
#r 0 3.4018423081
334308193 -213491888
#r 0 3.4694266038
48717586 -293671845
#r 0 0.6729170726
48717586 -292671845
#r 0 0.7827686990
43660482 -297702423
#r 0 1.1462194954
530625494 -89118625
#r 0 1.9987975289
530625494 -88118625
#r 0 2.2739696599
529637720 -86953423
#r 0 2.0588716739
42124448 645983829
#r 0 0.1573537153
42124448 644983829
#r 0 3.8949150000
43407888 646187467
#r 0 5.0017811328
-178491570 670902010
#r 0 0.2425462674
-178491570 669902010
#r 0 0.0033656156
-182589066 669888219
#r 0 0.4869562879
78464923 432039983
#r 0 1.7297293207
78464923 431039983
#r 0 1.7835771824
79085901 428165770
#r 0 1.7393455415
160031141 -417843750
#r 0 1.3699458732
160031141 -416843750
#r 0 1.2032973348
160463252 -415721350
#r 0 1.3907294756
-430166093 553065446
#r 0 3.8048983396
-430166093 552065446
#r 0 4.2141363500
-429219750 553804933
#r 0 4.5171944359
17710008 853207122
#r 0 4.8087100849
17710008 852207122
#r 0 5.9337015724
17810155 852170624
#r 0 5.8961076052
14875479 -715975258
#r 0 0.9514375064
14875479 -714975258
#r 0 0.9695250340
-3281184 -741442514
#r 0 1.7268543298
-415569731 -638404763
#r 0 1.2024731650
-415569731 -637404763
#r 0 0.9940468575
-414620879 -635946186
#r 0 5.5123422483
-773961145 -176289730
#r 0 5.5594827295
-773961145 -175289730
#r 0 3.7921205122
-774569167 -175752458
#r 0 3.9257951250
940988252 -325744210
#r 0 3.7948717389
940988252 -324744210
#r 0 2.5418145883
941678287 -325216063
#r 0 3.6686194400
-826089410 389315028
#r 0 4.9676725566
-826089410 388315028
#r 0 5.1035508772
-825378676 386591677
#r 0 5.6191674381
787581078 -76307990
#r 0 3.8912149201
787581078 -75307990
#r 0 1.0073583238
786047372 -77735704
#r 0 2.1491876905
-720594767 -54294382
#r 0 6.1489668354
-720594767 -53294382
#r 0 4.0117753103
-721351887 -54192148
#r 0 0.6951752159
594911311 732837332
#r 0 3.1002267448
594911311 731837332
#r 0 4.8036442408
594819454 732841134
#r 0 4.3452111375
288809318 -738112341
#r 0 1.6434147284
288809318 -737112341
#r 0 2.8367640028
288734868 -737088916
#r 0 2.8704874166
-344837829 -486706031
#r 0 1.7808339833
-344837829 -485706031
#r 0 0.6451490279
-345021537 -485844286
#r 0 5.6571842712
-62712054 -847301326
#r 0 5.9054229968
-62712054 -846301326
#r 0 4.0035372336
-63351868 -847047435
#r 0 2.7176503972
-250419138 -693493865
#r 0 0.1429550699
-250419138 -692493865
#r 0 4.2147100676
-251008520 -693578699
#r 0 4.2341318696
366755340 -91389671
#r 0 0.3345986040
366755340 -90389671
#r 0 3.5931960396
359475359 -93920710
#r 0 2.7021461280
961566412 68953195
#r 0 1.7759747509
961566412 67953195
#r 0 1.7924797346
964280695 55910466
#r 0 3.3525978316
597164501 -516317146
#r 0 1.8489296294
597164501 -515317146
#r 0 0.5032112369
596917751 -515452977
#r 0 5.3162332790
-877313621 -335845740
#r 0 4.9360736403
-877313621 -334845740
#r 0 4.9008706624
-876132720 -341036707
#r 0 1.2764946347
-380835327 -806301119
#r 0 0.4368249025
-380835327 -805301119
#r 0 0.3605239576
-369712640 -801107853
#r 0 0.2871589518
822465216 -184570263
#r 0 3.0035683522
822465216 -183570263
#r 0 1.3925783393
822289484 -184545852
#r 0 4.4360864291
186036512 447263379
#r 0 1.6753716822
186036512 446263379
#r 0 4.8848054844
186300694 444746364
#r 0 4.4692816625
-324336703 -906969741
#r 0 1.1848414067
-324336703 -905969741
#r 0 0.9041285563
-323496458 -904901875
#r 0 1.1251604843
-23877194 30146238
#r 0 1.3975618740
-23877194 29146238
#r 0 6.2174921131
-24050191 29157619
#r 0 2.0172730236
-646955563 126488175
#r 0 5.9341812227
-646955563 125488175
#r 0 0.7923341037
-646229805 126224071
#r 0 2.8206576264
647455009 119171730
#r 0 3.6060468852
647455009 118171730
#r 0 1.8975204350
647165322 119026594
#r 0 1.9389518206
-614105525 708095676
#r 0 2.4072481205
-614105525 707095676
#r 0 2.4538187948
-601785956 696973913
#r 0 2.4134544732
-144601442 -246545691
#r 0 5.5579297159
-144601442 -245545691
#r 0 5.0149274561
-144169940 -246928178
#r 0 0.0041652176
-755786970 456770808
#r 0 4.6358810274
-755786970 455770808
#r 0 4.5201260181
-755913423 455121222
#r 0 4.6029167690
-942398078 -178453409
#r 0 0.9415623785
-942398078 -177453409
#r 0 5.5529920255
-941957355 -177847973
#r 0 1.4352681762
711522906 98276513
#r 0 3.9776106078
711522906 97276513
#r 0 4.0379267809
718468270 105963181
#r 0 2.4839308438
-865732126 -389513957
#r 0 5.0186044555
-865732126 -388513957
#r 0 4.9954041381
-862103350 -400991625
#r 0 4.8663470831
457994694 -775492143
#r 0 1.8369090641
457994694 -774492143
#r 0 2.9008448671
457702567 -774420423
#r 0 3.3595450104
223679184 -734348721
#r 0 4.6788207736
223679184 -733348721
#r 0 2.5849595653
223712077 -733369190
#r 0 2.6162961844
590989480 604339845
#r 0 6.0633846418
590989480 603339845
#r 0 3.5105779431
592628538 603973663
#r 0 6.1078926313
33739637 326385330
#r 0 5.4943367186
33739637 325385330
#r 0 5.6655209841
37111909 322989706
#r 0 3.5642870236
107088828 -31836439
#r 0 4.1129058222
107088828 -30836439
#r 0 1.6609936345
107168700 -31719561
#r 0 0.3959107939
-86557720 15314172
#r 0 1.5668738660
-86557720 14314172
#r 0 1.4338036692
-86561757 14284885
#r 0 1.5493644060
187576655 288198927
#r 0 3.7073527493
187576655 287198927
#r 0 3.8771564663
191280570 290550924
#r 0 3.7236871634
376013911 294524797
#r 0 3.2529364501
376013911 293524797
#r 0 3.1964337147
358442341 292560186
#r 0 3.1550340309
278966036 620220652
#r 0 4.7129015654
278966036 619220652
#r 0 5.7503225361
278966549 619220350
#r 0 1.2254281398
-721859489 -551390151
#r 0 6.2400168002
-721859489 -550390151
#r 0 1.4795579383
-721950621 -551386215
#r 0 1.7575868941
388898961 -22604958
#r 0 2.7970378179
388898961 -21604958
#r 0 0.1925355916
387093322 -21956968
#r 0 0.7383252660
-862956667 140643757
#r 0 0.0891850915
-862956667 139643757
#r 0 4.7094737778
-862953751 140644018
#r 0 0.1596678543
-64393835 -548376194
#r 0 0.7464554306
-64393835 -547376194
#r 0 4.5217785276
-64628708 -548593451
#r 0 0.7635795604
-682022435 430113840
#r 0 0.3064534281
-682022435 429113840
#r 0 4.2622327590
-681451955 430294352
#r 0 0.3216100241
129522077 617343422
#r 0 4.2965282503
129522077 616343422
#r 0 1.3141202952
130169067 618808470
#r 0 0.4724538726
-709725211 -135667791
#r 0 1.0387768212
-709725211 -134667791
#r 0 1.7726972478
-709573334 -135409775
#r 0 4.3390478022
882172595 169931446
#r 0 3.6677426135
882172595 168931446
#r 0 1.1224559364
882840061 170319082
#r 0 1.0475361403
29768177 179516482
#r 0 0.5342635083
29768177 178516482
#r 0 1.8116234498
29553742 179389610
#r 0 1.9672807125
258981388 553416150
#r 0 1.2853460293
258981388 552416150
#r 0 1.9235825432
258818084 552859682
#r 0 4.4443277694
867622611 474026919
#r 0 4.2807079361
867622611 473026919
#r 0 3.7874817817
866916931 472495021
#r 0 4.9587969968
494169261 705240858
#r 0 4.7479809279
494169261 704240858
#r 0 5.4313448888
494206378 704198449
#r 0 3.0996167662
122469093 -725635014
#r 0 0.8635481505
122469093 -724635014
#r 0 0.7477083592
126591093 -720812580
#r 0 5.3730944854
-603116602 -663308573
#r 0 1.0101347860
-603116602 -662308573
#r 0 0.0073866863
-602485805 -662303913
#r 0 6.0214165984
-145539966 -887360284
#r 0 4.9742315017
-145539966 -886360284
#r 0 5.0519556518
-146650404 -883216789
#r 0 1.6183853114
682414660 608429595
#r 0 3.1564696288
682414660 607429595
#r 0 3.9499009252
683383629 608444011
#r 0 3.1919078636
-490982295 -354183775
#r 0 2.8200406402
-490982295 -353183775
#r 0 3.2448919821
-493271771 -353421121
#r 0 5.5916447459
-802812116 -220135267
#r 0 3.5723884879
-802812116 -219135267
#r 0 3.5843022754
-871728535 -251808192
#r 0 0.3814142862
250470454 471718324
#r 0 3.0991756131
250470454 470718324
#r 0 4.1430895710
251093511 471691880
#r 0 3.0354717118
439852827 37625603
#r 0 2.5444577042
439852827 36625603
#r 0 0.0028009756
441317513 36629706
#r 0 0.0512528990
-160210028 -311873695
#r 0 0.1106421868
-160210028 -310873695
#r 0 0.5933594432
-161985167 -312070906
#r 0 5.3967445507
378118500 -176315695
#r 0 3.2018690199
378118500 -175315695
#r 0 5.2576804808
378703720 -176280377
#r 0 3.6156698216
-866575725 -214630372
#r 0 5.2510966028
-866575725 -213630372
#r 0 5.1371585535
-864716099 -217741810
#r 0 5.1520823861
135413484 36622920
#r 0 4.6434587643
135413484 35622920
#r 0 5.1419620087
135353486 35753889
#r 0 1.6676250403
133848038 926203271
#r 0 5.0388033913
133848038 925203271
#r 0 4.9962216075
131738670 932434355
#r 0 5.0436923845
152317393 -838586251
#r 0 5.3722810102
152317393 -837586251
#r 0 3.4657885032
151701942 -837793075
#r 0 0.3224580415
866394399 -388688067
#r 0 3.4771724248
866394399 -387688067
#r 0 3.2737564224
871027620 -387072133
#r 0 3.1251581923
-110683473 -855371776
#r 0 4.4466368847
-110683473 -854371776
#r 0 5.8413108691
-110442333 -854485853
#r 0 2.6682567738
-778756986 -564076853
#r 0 2.0934282449
-778756986 -563076853
#r 0 2.0351700497
-774917477 -570741952
#r 0 0.3343616290
-737950047 -439455128
#r 0 3.0323348432
-737950047 -438455128
#r 0 3.0194833199
-661176053 -447876824
#r 0 1.7675007613
-609784449 -471338019
#r 0 1.5502384218
-609784449 -470338019
#r 0 1.5876831436
-609775177 -470887050
#r 0 1.8008171610
-23189346 649857189
#r 0 5.0579802151
-23189346 648857189
#r 0 5.4354730336
-22581211 648168115
#r 0 4.8151364472
919027675 186956176
#r 0 1.3291096237
919027675 185956176
#r 0 1.6497385528
918967787 186713228
#r 0 1.6404634288
-462062882 -817316296
#r 0 6.0638098192
-462062882 -816316296
#r 0 0.6854888074
-463023733 -817102061
#r 0 2.2678793088
-122964257 -333624352
#r 0 1.2745486316
-122964257 -332624352
#r 0 5.8559180170
-122696271 -332746371
#r 0 0.4590384526
-340634393 559951828
#r 0 5.2633827115
-340634393 558951828
#r 0 6.1858018772
-339980678 558887965
#r 0 6.0564985537
-909594700 -252680642
#r 0 0.2281136662
-909594700 -251680642
#r 0 0.2237189432
-693466752 -202505569
#r 0 1.1260103277
43912064 302995607
#r 0 3.3850469625
43912064 301995607
#r 0 3.3557675275
11518254 294949600
#r 0 3.2171341277
117420708 890129395
#r 0 4.8544019745
117420708 889129395
#r 0 5.3053076845
117602194 888860045
#r 0 5.3729854984
-468178342 -347725758
#r 0 0.1460659674
-468178342 -346725758
#r 0 3.2887248130
71200613 -222501511
#r 0 1.0601746916
71200613 -221501511
#r 0 4.9818280883
71385582 -222171313
#r 0 0.4396998868
-243623499 -789879633
#r 0 2.4379078866
-243623499 -788879633
#r 0 2.3532378268
-237267187 -795273643
#r 0 2.4876829945
-769324329 107708350
#r 0 0.8063997580
-769324329 106708350
#r 0 0.8109088036
-663592686 217977011
#r 0 0.6081792367
635566251 196520845
#r 0 4.4761118368
635566251 195520845
#r 0 4.1705995438
635164928 194854046
#r 0 4.2261355033
195202581 -473800941
#r 0 1.5905543234
195202581 -472800941
#r 0 4.8278117963
195178760 -472595482
#r 0 4.8866430276
308865562 -904406367
#r 0 4.0139998941
308865562 -903406367
#r 0 3.4313947829
309985466 -903072415
#r 0 2.4311505862
710295145 -265660052
#r 0 2.4534960891
710295145 -264660052
#r 0 1.6869417748
710424194 -265766148
#r 0 3.0530600820
-659887626 -690524746
#r 0 5.7523877714
-659887626 -689524746
#r 0 0.0659157480
-661419019 -689625835
#r 0 6.1807135417
582191960 -738122481
#r 0 2.4173471548
582191960 -737122481
#r 0 2.6834569636
579637541 -735862823
#r 0 2.7232003880
619956929 619639294
#r 0 4.3374688235
619956929 618639294
#r 0 4.2303464289
618369110 615604529
#r 0 4.2953010882
279378978 182926265
#r 0 4.6315859899
279378978 181926265
#r 0 4.6880685973
279413748 183355628
#r 0 4.6061866744
-31041134 -356688329
#r 0 5.2369447938
-31041134 -355688329
#r 0 4.9904428093
-30477764 -357661962
#r 0 1.1819220881
531322273 778893238
#r 0 4.0414248222
531322273 777893238
#r 0 3.8285076029
529047277 776027371
#r 0 4.7233538438
-409016762 -551302065
#r 0 5.2337619751
-409016762 -550302065
#r 0 5.3005109301
-413159672 -544089306
#r 0 6.1759502738
-242530425 -410578653
#r 0 5.5254718105
-242530425 -409578653
#r 0 2.1699398647
-240600954 -412404143
#r 0 1.5221388459
280793211 -921368331
#r 0 3.9850124870
280793211 -920368331
#r 0 3.9215145482
288243052 -912999641
#r 0 4.0512773879
730390034 137322819
#r 0 2.7316485468
730390034 136322819
#r 0 0.4227175233
731520743 136831453
#r 0 2.8483919151
336241334 349827929
#r 0 4.3782130277
336241334 348827929
#r 0 0.4230904124
335829798 348642621
#r 0 0.5318089723
182629508 -60733374
#r 0 5.7882944760
182629508 -59733374
#r 0 0.9192702168
182089249 -60441803
#r 0 5.3050144130
-14583895 -391538609
#r 0 2.5338266867
-14583895 -390538609
#r 0 5.1960444067
-13756217 -392114341
#r 0 0.5993900290
-529968658 -541423045
#r 0 0.4326241342
-529968658 -540423045
#r 0 0.6251135958
-533816940 -543200185
#r 0 1.6708440604
-295721070 -115687762
#r 0 2.2290490078
-295721070 -114687762
#r 0 2.2212397301
-248285992 -177028163
#r 0 5.5833621949
-860392259 105310463
#r 0 0.4399493256
-860392259 104310463
#r 0 6.1996482718
-862195846 104461481
#r 0 0.5475113462
134282577 690186611
#r 0 4.8127600851
134282577 689186611
#r 0 1.2822221150
134357776 689439924
#r 0 1.2293961041
120775521 105317247
#r 0 1.1470447102
120775521 104317247
#r 0 0.2431681932
120267604 104191244
#r 0 0.2312010769
705482076 -427802156
#r 0 2.1288184758
705482076 -426802156
#r 0 0.2621362456
704947422 -426945609
#r 0 0.2976535698
67711290 -820628312
#r 0 1.0509429375
67711290 -819628312
#r 0 2.1370307912
68012470 -820102112
#r 0 6.2709057611
433987350 508403551
#r 0 5.3778158020
433987350 507403551
#r 0 5.3845730547
490882152 435911079
#r 0 0.3003441993
-118050258 19266698
#r 0 5.8352906576
-118050258 18266698
#r 0 1.5625883142
-118042082 19262770
#r 0 5.8301954425
-797637337 -148047045
#r 0 4.2309590666
-797637337 -147047045
#r 0 4.2566361882
-805575422 -163241597
#r 0 4.2223840092
-297627869 -312378482
#r 0 6.2674033351
-297627869 -311378482
#r 0 0.4189598474
-299796554 -312344253
#r 0 5.5656663407
526708312 738674488
#r 0 5.3284891732
526708312 737674488
#r 0 5.4411387724
530131596 733839600
#r 0 5.2567280506
902408713 326691638
#r 0 5.2601820451
902408713 325691638
#r 0 5.2478130619
880925601 361905653
#r 0 5.2515158154
194389026 724215994
#r 0 1.8067035200
194389026 723215994
#r 0 0.0063359182
194629044 723217515
#r 0 1.8338391180
479784988 -770379991
#r 0 0.5517800578
479784988 -769379991
#r 0 1.7983310298
479987648 -770255242
#r 0 1.9174181415
-131810955 348029062
#r 0 5.8917516047
-131810955 347029062
#r 0 6.0856469918
-127106918 346087556
#r 0 4.2803677601
586522933 -217901995
#r 0 3.0986329945
586522933 -216901995
#r 0 1.6643693385
586617160 -217906045
#r 0 2.6043672680
-187748036 23994930
#r 0 5.8082416497
-187748036 22994930
#r 0 1.2310507725
-187448944 23841137
#r 0 0.5973877374
352205545 -810872443
#r 0 3.6965312557
352205545 -809872443
#r 0 1.5494249988
352183883 -810885871
#r 0 2.6453006432
-281264150 625950435
#r 0 4.1377783126
-281264150 624950435
#r 0 5.7223583245
-281724445 625239547
#r 0 0.1001999874
805993669 -555805939
#r 0 1.8523304889
805993669 -554805939
#r 0 3.2040564377
805709592 -554823707
#r 0 3.6030920476
109176579 830254230
#r 0 6.1353084307
109176579 829254230
#r 0 6.1687136225
138597024 825871634
#r 0 6.0667980411
454603456 -115132683
#r 0 3.5184794815
454603456 -114132683
#r 0 0.6325180864
451637603 -116306589
#r 0 1.1040904617
-841858840 456991149
#r 0 4.9808650899
-841858840 455991149
#r 0 1.5880490807
-841877249 457058062
#r 0 1.4911444807
-394302774 -111391377
#r 0 0.9774519807
-394302774 -110391377
#r 0 2.2105218649
-393948998 -110866807
#r 0 5.0294344673
-44928054 515757560
#r 0 5.9591484879
-44928054 514757560
#r 0 4.4193190533
-44654065 515665534
#r 0 6.0104267626
-121117037 -740886462
#r 0 0.4670287830
-121117037 -739886462
#r 0 0.2006393261
-117793209 -739210476
#r 0 3.3070997866
-104972969 -794518837
#r 0 0.5927408340
-104972969 -793518837
#r 0 1.0674457344
-105848268 -795108379
#r 0 0.9055462505
-228728329 -70115130
#r 0 0.9365872685
-228728329 -69115130
#r 0 3.7062267916
-227351004 -68242699
#r 0 1.3668852446
211817052 -353830981
#r 0 1.1478823684
211817052 -352830981
#r 0 2.0779280834
212065702 -353278515
#r 0 2.0761770166
714039536 -444378998
#r 0 0.6292600349
714039536 -443378998
#r 0 2.1791301454
714501675 -444042569
#r 0 0.5181478208
210279624 -719446913
#r 0 2.8882690109
210279624 -718446913
#r 0 2.6288827928
213568702 -720298407
#r 0 0.1744532704
-252990652 907596128
#r 0 4.8314103169
-252990652 906596128
#r 0 4.3254692520
-252898200 906823028
#r 0 5.1570766586
-111775591 385835601
#r 0 4.7841366675
-111775591 384835601
#r 0 5.7589705898
-111700604 384792246
#r 0 5.5401619688
-751715650 246572132
#r 0 3.0440834178
-751715650 245572132
#r 0 3.0600604045
-689627233 240498677
#r 0 0.0137528730
734240015 -107718197
#r 0 3.4225042348
734240015 -106718197
#r 0 2.6038962971
735370158 -107392104
#r 0 2.0533027468
451097033 876365304
#r 0 4.6190345752
451097033 875365304
#r 0 3.3162600526
451001834 875348505
#r 0 4.7353598933
-213751703 -188883800
#r 0 0.7129202370
-213751703 -187883800
#r 0 4.6704662998
-213795229 -188921433
#r 0 0.3022551963
-871609781 -439190600
#r 0 1.5169140758
-871609781 -438190600
#r 0 0.8450847798
-871552356 -438125875
#r 0 0.7617432774
873731973 -187795839
#r 0 3.1592633273
873731973 -186795839
#r 0 2.6531382772
875553211 -187763653
#r 0 3.8603853512
476321941 -514170025
#r 0 3.3422836895
476321941 -513170025
#r 0 4.2756991174
475806232 -514274936
#r 0 3.9933619587
648529161 -258031637
#r 0 4.0984141625
648529161 -257031637
#r 0 5.3294546957
648882742 -257529998
#r 0 1.9423843482
-947200162 54478327
#r 0 0.7810789013
-947200162 53478327
#r 0 0.7679332682
-986061944 15950812
#r 0 5.3010956263
-72923073 965837855
#r 0 5.8071559887
-72923073 964837855
#r 0 4.1821608079
-72472908 965605762
#r 0 4.8019251287
533900477 -572149686
#r 0 6.0635055901
533900477 -571149686
#r 0 5.8915348861
539171893 -573326704
#r 0 3.4040365968
-787439174 -505763987
#r 0 5.6483680726
-787439174 -504763987
#r 0 2.4092887890
-781287455 -510294845
#r 0 2.3478972241
-244124713 -774407860
#r 0 2.7204752391
-244124713 -773407860
#r 0 2.7155400393
-75732222 -849833125
#r 0 1.0326141007
912688030 366379819
#r 0 2.8854244813
912688030 365379819
#r 0 4.7461218228
912653983 366388737
#r 0 4.7955804239
65744808 676218049
#r 0 0.7382425059
65744808 675218049
#r 0 3.5741740159
63513277 674187642
#r 0 0.1054293311
-530446177 836542796
#r 0 3.9244057385
-530446177 835542796
#r 0 4.3580179033
-529860674 837125280
#r 0 3.8501776291
-415563059 -298865844
#r 0 5.8446051833
-415563059 -297865844
#r 0 1.0577804509
-416008648 -298656842
#r 0 1.7969984172
-886033412 -228132643
#r 0 5.8280463484
-886033412 -227132643
#r 0 5.7810662545
-869268438 -236337572
#r 0 5.9026774804
-277974413 -935647969
#r 0 0.1056343907
-277974413 -934647969
#r 0 1.5195567487
-278025978 -935653436
#r 0 0.7144113316
200104270 740576328
#r 0 4.2592320824
200104270 739576328
#r 0 1.9897697235
199871660 740098645
#r 0 1.9455188778
-138670661 -326693416
#r 0 6.2707131304
-138670661 -325693416
#r 0 5.4525321162
-137746784 -326704939
#r 0 3.0256074919
-420259027 -893966584
#r 0 6.0512294318
-420259027 -892966584
#r 0 0.2466059945
-422308471 -893482490
#r 0 0.6978519560
-798050443 -196980374
#r 0 3.8538591176
-798050443 -195980374
#r 0 3.8627954023
-861660272 -251906016
#r 0 0.8385261657
-402542994 -134498653
#r 0 5.6964453119
-402542994 -133498653
#r 0 2.3349807772
-399901050 -136255135
#r 0 0.2060337906
508744237 816338581
#r 0 4.6925393189
508744237 815338581
#r 0 4.1031214777
508723803 815309299
#r 0 3.6719808935
-397593185 913590386
#r 0 5.6750335062
-397593185 912590386
#r 0 3.8635804975
-396958974 913148866
#r 0 4.5542291319
-443314379 -868631678
#r 0 0.5704857640
-443314379 -867631678
#r 0 0.4195913167
-438201163 -865350762
#r 0 0.6793921527
-533147680 613971414
#r 0 4.6259876672
-533147680 612971414
#r 0 4.0793752755
-533245891 612837565
#r 0 5.1014454928
-770932227 -336799630
#r 0 2.2722135695
-770932227 -335799630
#r 0 3.8786051199
-771410362 -336233598
#r 0 1.5359035050
-313801222 -169811900
#r 0 0.7116617629
-313801222 -168811900
#r 0 6.1756283866
-312770715 -168923168
#r 0 4.7958849505
396351162 236536477
#r 0 5.0528120244
396351162 235536477
#r 0 6.2189760617
396713630 235513171
#r 0 1.0878122331
653214263 -656222690
#r 0 5.5759759700
653214263 -655222690
#r 0 0.8856656424
652733125 -655811467
#r 0 2.9252083620
-126037657 252119065
#r 0 5.8834896821
-126037657 251119065
#r 0 2.3808710423
-127926619 252917027
#r 0 5.9178261876
795662488 -210263076
#r 0 4.5621174533
795662488 -209263076
#r 0 4.0371433834
795849203 -209029923
#r 0 3.6209116165
-552602322 134431660
#r 0 4.4869336485
-552602322 133431660
#r 0 4.5792249271
-552280264 135835852
#r 0 4.4378862036
-25074801 475442830
#r 0 0.2840980456
-25074801 474442830
#r 0 0.2164639265
-38946919 471392220
#r 0 0.1236125123
-581753711 58339560
#r 0 1.0078826008
-581753711 57339560
#r 0 1.0518353251
-575729845 67885856
#r 0 1.0825710506
-123676106 -141587957
#r 0 0.9572049630
-123676106 -140587957
#r 0 4.9989735123
-123468344 -141292958
#r 0 5.8491304597
-770394741 -202777594
#r 0 3.6972371800
-770394741 -201777594
#r 0 3.5234115133
-765836342 -199947291
#r 0 1.7440150793
226219170 40973701
#r 0 0.5571842563
226219170 39973701
#r 0 1.1572534079
226823163 41350009
#r 0 1.8717257660
-730767039 -317649186
#r 0 3.8488576713
-730767039 -316649186
#r 0 2.5254741974
-730127182 -317102246
#r 0 2.5700113008
313987082 -595303530
#r 0 2.5063322938
313987082 -594303530
#r 0 6.0890505180
312137257 -593939834
#r 0 3.2091889277
422385780 609464897
#r 0 5.0534172750
422385780 608464897
#r 0 2.3862496279
422918797 607962994
#r 0 5.0559566229
-283682688 -708434606
#r 0 4.8021829722
-283682688 -707434606
#r 0 1.2644516994
-283752774 -707656185
#r 0 4.8098017271
-165174039 -771223105
#r 0 0.4241248476
-165174039 -770223105
#r 0 2.9870351280
-163527486 -770479638
#r 0 3.1833709330
-595802012 -385074130
#r 0 6.0323670881
-595802012 -384074130
#r 0 6.0360942079
-847817036 -320504436
#r 0 0.0915059401
277214466 -802769623
#r 0 3.3590271313
277214466 -801769623
#r 0 3.2107815954
283809572 -801312585
#r 0 4.5985906485
-49223034 10182434
#r 0 0.7134567563
-49223034 9182434
#r 0 5.3263361925
-49660790 9803531
#r 0 5.0270987082
606551053 -19018638
#r 0 1.5186254662
606551053 -18018638
#r 0 3.0006092373
606602887 -18025995
#r 0 2.9940794619
-355498144 909755308
#r 0 5.9943759693
-355498144 908755308
#r 0 3.6815949430
-354382756 909423908
#r 0 4.1200849076
47076853 -733059593
#r 0 2.5391706404
47076853 -732059593
#r 0 2.5956221997
34596157 -724476639
#r 0 2.4980760402
-374230082 240356462
#r 0 3.1648487150
-374230082 239356462
#r 0 0.4362443474
-371972441 240408975
#r 0 0.1956230398
57914385 673072022
#r 0 0.8361987475
57914385 672072022
#r 0 5.9527800520
57224784 672308540
#r 0 0.7639980612
-434227853 -134865342
#r 0 2.3469500421
-434227853 -133865342
#r 0 3.6951280305
-434838860 -134242932
#r 0 2.0263792698
-803935016 3201268
#r 0 1.0506442663
-803935016 2201268
#r 0 5.5447883395
-804311511 2543937
#r 0 0.3373091530
612533705 664406426
#r 0 3.0167536200
612533705 663406426
#r 0 4.5799025047
612664780 664389977
#r 0 4.2335007287
-128789750 -864403732
#r 0 4.7258410102
-128789750 -863403732
#r 0 2.5062569858
-128803338 -863393714
#r 0 5.9879739346
49745228 181238661
#r 0 0.1243750148
49745228 180238661
#r 0 0.7134070517
51095758 181407505
#r 0 3.2136367394
582907428 511612935
#r 0 1.1949398595
582907428 510612935
#r 0 3.7613756740
582358137 510220971
#r 0 3.8306304507
616180789 -199370439
#r 0 1.3592954037
616180789 -198370439
#r 0 2.6613562646
616373902 -198471034
#r 0 4.2626469469
144982153 -279834439
#r 0 0.6476400753
144982153 -278834439
#r 0 6.1193193220
146066945 -279013808
#r 0 5.3747208819
-152837913 140842892
#r 0 2.2100657956
-152837913 139842892
#r 0 2.1067543819
-155792186 144816846
#r 0 6.0594651911
549838263 -730153584
#r 0 3.4194189252
549838263 -729153584
#r 0 2.9923543846
552134166 -729498787
#r 0 2.5712350673
-591139324 -247371007
#r 0 0.2367059682
-591139324 -246371007
#r 0 0.7174227409
-592723382 -247753126
#r 0 1.7363060745
-753947354 98952221
#r 0 0.6105864831
-753947354 97952221
#r 0 4.4710005076
-753649924 99160361
#r 0 1.1286090252
-98352464 -743450637
#r 0 0.4633648177
-98352464 -742450637
#r 0 0.5692706121
-105480382 -747012077
#r 0 0.5663725941
611104978 -524723090
#r 0 3.7927527431
611104978 -523723090
#r 0 3.4744958626
613507296 -522892436
#r 0 3.6046140792
-276948858 -364114257
#r 0 2.1298632278
-276948858 -363114257
#r 0 2.8966222882
-277690508 -362928851
#r 0 2.8944714143
-558362802 302376104
#r 0 3.5725022242
-558362802 301376104
#r 0 4.5055345499
-558130538 302482881
#r 0 4.7246331943
-267275647 10250653
#r 0 0.5557325394
-267275647 9250653
#r 0 0.8470974609
-265317437 11466742
#r 0 0.5625956944
