701687785 -541700890
#r 0 5.9834622803
701687785 -540700890
#r 0 5.9270668650
717574670 -546610459
#r 0 5.9473041992
-499127383 633119407
#r 0 4.0989809340
-499127383 632119407
#r 0 4.8967902559
-499274837 632909957
#r 0 4.0903308711
-483608482 -622730427
#r 0 3.6445478809
-483608482 -621730427
#r 0 5.8324115084
-482641510 -622198451
#r 0 2.0316407506
-400050622 -282770132
#r 0 5.8003621218
-400050622 -281770132
#r 0 0.1068891149
-401634147 -281940041
#r 0 2.9164680632
301295572 728310821
#r 0 2.1812964755
301295572 727310821
#r 0 2.1419471505
293417570 739570520
#r 0 2.1947007702
538670319 187274473
#r 0 1.4591230874
538670319 186274473
#r 0 4.7259646400
538658209 187166480
#r 0 3.5067904858
-356518068 -65592954
#r 0 3.6430412297
-356518068 -64592954
#r 0 2.3419811771
-355883962 -65245347
#r 0 2.5957857693
-276446552 932869643
#r 0 4.2082609625
-276446552 931869643
#r 0 5.3086872797
-276750870 932318016
#r 0 3.9576737343
-550539604 -271667289
#r 0 2.7927449120
-550539604 -270667289
#r 0 4.1107604866
-551088957 -271467477
#r 0 2.7944023892
-618319202 -169265767
#r 0 1.4046124281
-618319202 -168265767
#r 0 5.9085727776
-618161848 -168327635
#r 0 1.9086745084
755102565 -188650360
#r 0 3.7559122844
755102565 -187650360
#r 0 2.3635052876
755693983 -188233193
#r 0 3.0062343624
380790345 -501424583
#r 0 4.1056154830
380790345 -500424583
#r 0 0.3429521610
381713198 -500095067
#r 0 1.4870282366
-579009961 358478730
#r 0 2.7736200983
-579009961 357478730
#r 0 5.0858574959
-579471555 358656689
#r 0 2.7799262697
299350043 -849072587
#r 0 0.7179305559
299350043 -848072587
#r 0 2.2339600842
299814400 -848667012
#r 0 1.3211229279
547958642 -796389549
#r 0 2.4157933307
547958642 -795389549
#r 0 1.5843081129
547972319 -796401685
#r 0 1.7935366589
120566706 -818818612
#r 0 4.7123027304
120566706 -817818612
#r 0 4.6896413217
120566793 -817814807
#r 0 3.5574237182
137093106 -178832048
#r 0 0.2233017250
137093106 -177832048
#r 0 1.1339283380
136570755 -178950668
#r 0 1.6130985530
-671832205 450572368
#r 0 1.8274642238
-671832205 449572368
#r 0 0.7376941976
-671620297 449764965
#r 0 0.7911369120
-468532303 -84888903
#r 0 4.9592466949
-468532303 -83888903
#r 0 4.9533715125
-458606128 -124278887
#r 0 1.8294872175
242220329 -192797614
#r 0 1.9337058247
242220329 -191797614
#r 0 4.6057039130
242136796 -192577632
#r 0 2.3221922783
474168597 127670696
#r 0 3.0878622636
474168597 126670696
#r 0 3.0320974263
456360036 128628479
#r 0 6.1035658522
595496296 -707793242
#r 0 2.0053397833
595496296 -706793242
#r 0 1.5800138717
595505701 -707813505
#r 0 1.6464033468
677928845 -196320030
#r 0 5.0300528379
677928845 -195320030
#r 0 2.9532098511
677578058 -195253155
#r 0 2.7654817726
134234208 -184258840
#r 0 1.1815941332
134234208 -183258840
#r 0 0.6361687522
134822551 -182824287
#r 0 1.5753713342
-222667336 -46611794
#r 0 5.5767982193
-222667336 -45611794
#r 0 3.1001430005
-223899178 -45560705
#r 0 1.8830658750
219528894 970092025
#r 0 4.8803070647
219528894 969092025
#r 0 5.6052878373
219725203 968933959
#r 0 4.9099245868
-384209398 -106897359
#r 0 5.4793410385
-384209398 -105897359
#r 0 3.2946013813
-385048462 -106026755
#r 0 2.0408300592
615373946 -411111791
#r 0 3.7915303641
615373946 -410111791
#r 0 2.5542396628
616075289 -410578696
#r 0 3.8155633172
326662212 790338362
#r 0 5.1255359088
326662212 789338362
#r 0 4.9250760107
326236589 791309267
#r 0 3.7666420870
340630368 -61653550
#r 0 1.2802404418
340630368 -60653550
#r 0 5.8637519148
340894208 -60771195
#r 0 5.8682433028
-936931568 -253662529
#r 0 5.4365529346
-936931568 -252662529
#r 0 0.1316053924
-937723333 -252767335
#r 0 5.1315790961
-55698254 -527054964
#r 0 0.2919174649
-55698254 -526054964
#r 0 2.3662334079
-54917384 -526820311
#r 0 6.2500244496
-176767589 -188188183
#r 0 1.5071099322
-176767589 -187188183
#r 0 1.5155307773
-177185069 -194734568
#r 0 1.8608099271
133207554 429148051
#r 0 5.4231410557
133207554 428148051
#r 0 4.7134265995
133206515 429149258
#r 0 5.4830144582
420725815 -425022251
#r 0 6.2576566887
420725815 -424022251
#r 0 3.4545321598
417861354 -424949109
#r 0 3.3999444519
-984543034 144270826
#r 0 0.0306289123
-984543034 143270826
#r 0 5.1682069990
-985026030 144256028
#r 0 4.7018766814
366737756 485628537
#r 0 5.1540668350
366737756 484628537
#r 0 4.8340162306
366572912 485977168
#r 0 1.5062799531
-649282821 -270779598
#r 0 2.2714345602
-649282821 -269779598
#r 0 2.2831734834
-685181487 -228214365
#r 0 2.3181426009
411724544 245564399
#r 0 3.2002968584
411724544 244564399
#r 0 4.6313426555
411806158 245569196
#r 0 2.9529003765
795592083 -315379132
#r 0 2.6628637450
795592083 -314379132
#r 0 3.3656843436
794253244 -314684280
#r 0 3.6789767662
-521849662 466816098
#r 0 4.0758570147
-521849662 465816098
#r 0 3.3254018643
-522706585 465656790
#r 0 3.1460856799
-558514126 -706353026
#r 0 1.9952986713
-558514126 -705353026
#r 0 1.9819828940
-546150813 -733706475
#r 0 1.9469227344
-218018041 -776753981
#r 0 1.6282243947
-218018041 -775753981
#r 0 2.5408119222
-218077890 -775712967
#r 0 3.2052334482
517252615 315449462
#r 0 3.5217609173
517252615 314449462
#r 0 5.7397970837
516256254 315051308
#r 0 5.7130577374
-836634468 79323631
#r 0 0.3475708538
-836634468 78323631
#r 0 3.7070479123
-832962009 80654083
#r 0 5.1400615770
-478957491 -425697431
#r 0 4.3218307929
-478957491 -424697431
#r 0 1.4914916213
-479055972 -425936632
#r 0 2.3828480362
744680137 283363242
#r 0 3.5599417150
744680137 282363242
#r 0 3.0649870883
742762038 282510467
#r 0 4.1819618396
787479252 -388621533
#r 0 3.0000809333
787479252 -387621533
#r 0 2.0407123985
788026723 -388699528
#r 0 3.0138320900
734374273 161323653
#r 0 1.8360590915
734374273 160323653
#r 0 3.7133487030
734605516 160472446
#r 0 3.3030670506
-835925574 -325109799
#r 0 5.9334918603
-835925574 -324109799
#r 0 1.8042534691
-835665202 -325204752
#r 0 1.9992016023
191098699 -491490599
#r 0 0.8109246224
191098699 -490490599
#r 0 0.3703544884
192604426 -489905969
#r 0 2.3626822399
76967052 -918743877
#r 0 6.1141782057
76967052 -917743877
#r 0 6.0341276897
88913984 -920782440
#r 0 6.0150143202
-458212991 -390070259
#r 0 2.5203485674
-458212991 -389070259
#r 0 1.5828983786
-458200783 -390078998
#r 0 1.8583481311
-561441965 -303326039
#r 0 1.0656346227
-561441965 -302326039
#r 0 2.5850528239
-561030507 -302582023
#r 0 1.7018683857
-143029320 -288205830
#r 0 2.8026875300
-143029320 -287205830
#r 0 0.5435929137
-144074438 -287837420
#r 0 5.9599740886
-217724255 370576245
#r 0 3.9237262411
-217724255 369576245
#r 0 6.1796444978
-218635496 369670934
#r 0 2.5465436081
231282029 -813119927
#r 0 3.4143302684
231282029 -812119927
#r 0 3.9548102472
229995919 -813479662
#r 0 1.9532300850
-173650117 941397434
#r 0 5.9715693207
-173650117 940397434
#r 0 4.9523985814
-173915786 941483009
#r 0 4.3953691796
-974261600 -135035256
#r 0 0.5441610097
-974261600 -134035256
#r 0 1.6955948554
-974145001 -134964702
#r 0 1.0254595499
-219071864 876570219
#r 0 4.2647244762
-219071864 875570219
#r 0 5.2604983824
-219340642 876010473
#r 0 4.4236325053
841216372 -245702053
#r 0 4.4966120548
841216372 -244702053
#r 0 3.7718402707
841477280 -244511722
#r 0 2.9091696717
-554460271 622376857
#r 0 3.0787070592
-554460271 621376857
#r 0 3.0939772498
-489174188 618265882
#r 0 3.5685066193
-710372218 -603481641
#r 0 5.8205799184
-710372218 -602481641
#r 0 5.2070800230
-709634273 -603849653
#r 0 0.4023601868
57367412 137137296
#r 0 0.0049901619
57367412 136137296
#r 0 6.0836735867
52540970 137113211
#r 0 6.1285845119
350298717 99524416
#r 0 4.7051533006
350298717 98524416
#r 0 0.5679728286
350291448 98519777
#r 0 3.4609930987
124361302 -505132095
#r 0 4.3225823343
124361302 -504132095
#r 0 6.1124534568
124744956 -504198241
#r 0 2.7990289974
-544744435 413022941
#r 0 1.5502227614
-544744435 412022941
#r 0 6.1662370824
-544764962 412025353
#r 0 3.8768533656
-119196968 -904270036
#r 0 0.2609018024
-119196968 -903270036
#r 0 0.2824486086
-162263508 -915768259
#r 0 0.5798754005
-804414631 -463783652
#r 0 4.1159432484
-804414631 -462783652
#r 0 4.1417269832
-816184100 -481118931
#r 0 4.1194901853
551441948 -761356956
#r 0 2.4239782893
551441948 -760356956
#r 0 1.5122515356
551386189 -761308286
#r 0 0.8056265570
27156741 -865736728
#r 0 5.6975066855
27156741 -864736728
#r 0 0.7634708629
26539607 -865327374
#r 0 3.3937770161
940217810 -146619311
#r 0 4.0462562138
940217810 -145619311
#r 0 4.2942007989
939195232 -147920336
#r 0 2.8029091687
-914055295 46387478
#r 0 4.7780366116
-914055295 45387478
#r 0 4.7740672625
-915073994 61882858
#r 0 4.0067047831
-936955659 -34943340
#r 0 2.7406667141
-936955659 -33943340
#r 0 2.7231982718
-888793065 -55358746
#r 0 2.7494391344
-369379595 277222742
#r 0 6.2455302945
-369379595 276222742
#r 0 0.0164552341
-350905394 276526767
#r 0 4.9286480341
-821124475 11788443
#r 0 5.0075383661
-821124475 10788443
#r 0 5.2182420962
-820450558 9571827
#r 0 0.5357546512
-490967586 616064171
#r 0 3.8264896280
-490967586 615064171
#r 0 4.7593396067
-491012835 616027212
#r 0 3.8533908325
-678074763 -588467848
#r 0 2.6796377018
-678074763 -587467848
#r 0 0.3861688913
-679180384 -587917375
#r 0 0.2852521406
217643120 -215305082
#r 0 0.4688480662
217643120 -214305082
#r 0 5.6740737487
218473606 -214884426
#r 0 2.2575160238
-682169509 -158834214
#r 0 2.6114783343
-682169509 -157834214
#r 0 2.7104614179
-690101001 -154185800
#r 0 4.9199071723
557597791 508080141
#r 0 4.6813480686
557597791 507080141
#r 0 1.0316611284
557565040 507025397
#r 0 3.9880014215
639262792 -399950495
#r 0 3.7237020173
639262792 -398950495
#r 0 1.7686220527
639439876 -399833940
#r 0 3.6830125813
61684808 -566926225
#r 0 5.4711764668
61684808 -565926225
#r 0 0.0850501900
60807573 -566001014
#r 0 5.4267991753
523190902 523430949
#r 0 0.6352441329
523190902 522430949
#r 0 4.7448683809
523159171 523407558
#r 0 2.7825411321
-97120665 -106773775
#r 0 3.1925828922
-97120665 -105773775
#r 0 1.5639928539
-97127471 -106774122
#r 0 1.5845670162
-565009351 514254679
#r 0 1.1666385630
-565009351 513254679
#r 0 0.0595547958
-565448247 513228510
#r 0 1.7935520107
334580786 -482417867
#r 0 2.9581699306
334580786 -481417867
#r 0 0.2113328650
332081061 -481954149
#r 0 5.0379274282
-302732954 278207160
#r 0 2.5639823061
-302732954 277207160
#r 0 2.1480378089
-303864444 278944618
#r 1 -303910668 278947478
-258338693 -552221732
#r 0 3.5156600172
-258338693 -551221732
#r 0 1.6721365010
-258240908 -552183346
#r 0 3.4989629609
-571070279 -284224233
#r 0 2.6610376322
-571070279 -283224233
#r 0 2.6678186047
-687435994 -223560866
#r 0 2.5087342306
481874853 641887316
#r 0 3.5235307227
481874853 640887316
#r 0 0.6949323259
484189665 642817087
#r 0 3.5115356390
-479273610 -106822827
#r 0 5.6646476384
-479273610 -105822827
#r 0 5.6154500889
-466264767 -116081269
#r 0 5.6868555905
-4238218 -621301856
#r 0 3.4135098105
-4238218 -620301856
#r 0 2.1584110748
-3676447 -621145221
#r 0 5.9006749104
-213551122 -22815755
#r 0 1.0094331391
-213551122 -21815755
#r 0 3.1839588442
-212905049 -21788367
#r 0 3.1311651884
-874003763 -51756842
#r 0 5.1882718648
-874003763 -50756842
#r 0 2.3873396391
-875003054 -49817936
#r 0 2.4008809827
-191082364 -706539912
#r 0 1.6302189583
-191082364 -705539912
#r 0 1.9722088769
-191151554 -705376903
#r 0 1.4352297633
-712230836 221529366
#r 0 5.6771887654
-712230836 220529366
#r 0 4.0346445454
-711714123 221171296
#r 0 5.6706736395
-780382671 126943689
#r 0 1.7661008018
-780382671 125943689
#r 0 2.2547522223
-780121458 125623270
#r 0 0.1819368838
-236286024 -513307999
#r 0 1.3284337806
-236286024 -512307999
#r 0 2.1844001334
-236103035 -512567817
#r 0 1.6658840153
432125842 146983063
#r 0 3.5657678711
432125842 145983063
#r 0 3.5663386005
-261116530 -918750953
#r 0 1.7907347344
-261116530 -917750953
#r 0 2.5081371314
-261383999 -917554519
#r 0 2.4694245886
118024946 613168088
#r 0 1.1273315483
118024946 612168088
#r 0 1.1384836969
134144947 647103493
#r 0 1.0846224864
-464226731 -787773296
#r 0 2.3064726319
-464226731 -786773296
#r 0 6.0836091913
-465334802 -786549168
#r 0 1.9753968792
-243669211 -909135288
#r 0 0.5372241107
-243669211 -908135288
#r 0 0.1364719048
-241487411 -907835671
#r 0 1.5013587868
-477273716 873997373
#r 0 4.9695478422
-477273716 872997373
#r 0 4.2742217282
-477105276 873356871
#r 0 5.8429275265
-723337552 322551553
#r 0 5.2731134553
-723337552 321551553
#r 0 2.4720340740
-722088994 320563275
#r 0 2.0693702784
-109826943 -461038229
#r 0 2.5068554673
-109826943 -460038229
#r 0 2.4779452744
-87882885 -477197734
#r 0 2.4638341432
273596302 -710435175
#r 0 2.3446158169
273596302 -709435175
#r 0 3.0974422426
272575113 -709390060
#r 0 3.0638313715
-495340295 -231301155
#r 0 1.2457057755
-495340295 -230301155
#r 0 5.4602284066
-495093077 -230567677
#r 0 1.2926225700
-335666797 -774290530
#r 0 1.3519036071
-335666797 -773290530
#r 0 3.2216748298
-335440296 -773272352
#r 0 0.1188159724
-44434562 -424288087
#r 0 6.2672686657
-44434562 -423288087
#r 0 2.9353719867
-39260630 -424370446
#r 0 2.9391310426
482272679 648017210
#r 0 5.8020374320
482272679 647017210
#r 0 0.6738376197
483029916 647621879
#r 0 0.6665406201
-848718430 -335529233
#r 0 1.2088440468
-848718430 -334529233
#r 0 4.7672848929
-848670443 -335402496
#r 0 5.7188221862
-538168394 -366123595
#r 0 2.3941612752
-538168394 -365123595
#r 0 6.2263129907
-539317983 -365058145
#r 0 4.6199283031
780704324 -493859950
#r 0 4.5434346972
780704324 -492859950
#r 0 4.5148505395
781858995 -487090881
#r 0 3.2826492310
101574837 -660299922
#r 0 5.8028546297
101574837 -659299922
#r 0 5.7687144849
124193175 -672084782
#r 0 5.8148603991
274165912 -778182756
#r 0 3.4741322327
274165912 -777182756
#r 0 2.8052665861
275604816 -777685809
#r 0 2.4477315558
-30247511 -354320033
#r 0 0.9659742033
-30247511 -353320033
#r 0 6.1714359125
-29606030 -353392018
#r 0 6.2104750767
196232884 -273237791
#r 0 2.9309747640
196232884 -272237791
#r 0 5.9047643531
201673745 -274400985
#r 0 1.1074023019
-43571381 -254057842
#r 0 2.8439939251
-43571381 -253057842
#r 0 1.7208430260
-43412847 -254106466
#r 0 1.1563345341
245238934 77228773
#r 0 0.3595932595
245238934 76228773
#r 0 2.8035052412
243864411 76712037
#r 0 1.5585947583
691449954 36763389
#r 0 4.5251318628
691449954 35763389
#r 0 4.3543086213
691066137 34737724
#r 0 2.6739139800
305194638 -415436078
#r 0 5.0911660879
305194638 -414436078
#r 0 6.0377593515
304752574 -414325352
#r 0 5.0819753176
326597884 -216545057
#r 0 2.7458719222
326597884 -215545057
#r 0 5.2472905156
327385318 -216874014
#r 0 1.3261245896
48717586 -293671845
#r 0 1.8574712740
48717586 -292671845
#r 0 0.8962803611
48502197 -292941205
#r 0 6.0833776173
530625494 -89118625
#r 0 3.2902222555
530625494 -88118625
#r 0 4.3346338828
530203616 -89181794
#r 0 4.3202520965
42124448 645983829
#r 0 6.1421498630
42124448 644983829
#r 0 0.1104630998
46078695 645422413
#r 0 5.8635869389
-178491570 670902010
#r 0 0.2605421543
-178491570 669902010
#r 0 0.2459157385
-242568378 653818995
#r 0 4.1656716893
78464923 432039983
#r 0 5.6325585153
78464923 431039983
#r 0 1.1363768245
78807805 431778983
#r 0 1.1264306946
160031141 -417843750
#r 0 4.7957172357
160031141 -416843750
#r 0 5.7331966751
159943112 -416789780
#r 0 4.8098962533
-430166093 553065446
#r 0 3.3729414111
-430166093 552065446
#r 0 2.9545207314
-432519856 552510978
#r 0 2.9283462719
17710008 853207122
#r 0 4.0719340663
17710008 852207122
#r 0 6.0851871236
17061691 852337192
#r 0 4.2510225691
14875479 -715975258
#r 0 0.0584878923
14875479 -714975258
#r 0 4.4746221958
14629639 -715989653
#r 0 1.0312858523
-415569731 -638404763
#r 0 3.3516564872
-415569731 -637404763
#r 0 3.8366662723
-417180835 -638748265
#r 0 2.4598578564
-773961145 -176289730
#r 0 1.4522937729
-773961145 -175289730
#r 0 5.7955706049
-773849156 -175349121
#r 0 2.2689985142
940988252 -325744210
#r 0 3.4153145420
940988252 -324744210
#r 0 3.3585261685
-826089410 389315028
#r 0 1.9067611674
-826089410 388315028
#r 0 1.8879204756
-831546325 404941786
#r 0 1.9671723209
787581078 -76307990
#r 0 3.9473451325
787581078 -75307990
#r 0 3.8846524227
795721468 -67829283
#r 0 2.6765074102
-720594767 -54294382
#r 0 0.1799524560
-720594767 -53294382
#r 0 0.2228571741
-742965638 -58364100
#r 0 0.2094506896
594911311 732837332
#r 0 4.7741718814
594911311 731837332
#r 0 3.7336645133
594970702 731877276
#r 0 3.7297838832
288809318 -738112341
#r 0 2.8542818910
288809318 -737112341
#r 0 2.8094925034
309057687 -744095459
#r 0 0.4200470196
-344837829 -486706031
#r 0 0.2770025667
-344837829 -485706031
#r 0 0.2744529750
18310824 -383458574
#r 0 3.2687724207
-62712054 -847301326
#r 0 5.4810701627
-62712054 -846301326
#r 0 5.4333707944
-53087541 -857253126
#r 0 0.5581946529
-250419138 -693493865
#r 0 6.2632656150
-250419138 -692493865
#r 0 0.3918844978
-252727637 -693447874
#r 0 0.3129889923
366755340 -91389671
#r 0 5.2580869709
366755340 -90389671
#r 0 5.8423987758
365904390 -89988243
#r 0 2.4405548063
961566412 68953195
#r 0 3.9270399693
961566412 67953195
#r 0 1.6897044841
961459692 68846464
#r 0 2.6625724523
597164501 -516317146
#r 0 2.3823284364
597164501 -515317146
#r 0 1.9453347776
597791511 -516912211
#r 0 1.6077033202
-877313621 -335845740
#r 0 1.3523223836
-877313621 -334845740
#r 0 0.4980256819
-877061122 -334708446
#r 0 0.5436712176
-380835327 -806301119
#r 0 1.2837854537
-380835327 -805301119
#r 0 2.5331936021
-380590501 -805471650
#r 0 2.2579038114
822465216 -184570263
#r 0 3.5693725648
822465216 -183570263
#r 0 4.5544319073
822293458 -184648574
#r 0 3.0601190820
186036512 447263379
#r 0 3.9359957900
186036512 446263379
#r 0 0.6685353040
181656333 442803595
#r 0 2.4311658917
-324336703 -906969741
#r 0 0.5834389089
-324336703 -905969741
#r 0 2.2204817697
-323830730 -906635751
#r 0 1.8059814946
-23877194 30146238
#r 0 4.6916822895
-23877194 29146238
#r 0 2.1191251928
-23897225 29179031
#r 0 4.9748324492
-646955563 126488175
#r 0 4.6896887520
-646955563 125488175
#r 0 4.6466792755
-646990227 124961401
#r 0 0.4276949507
647455009 119171730
#r 0 4.4829894335
647455009 118171730
#r 0 3.1740258216
647219716 118164096
#r 0 0.4409585660
-614105525 708095676
#r 0 5.2022828891
-614105525 707095676
#r 0 5.3170667822
-611769966 703715835
#r 0 4.9675917960
-144601442 -246545691
#r 0 4.3052271933
-144601442 -245545691
#r 0 4.2776146479
-138559961 -232536817
#r 0 0.7970472964
-755786970 456770808
#r 0 3.7322295827
-755786970 455770808
#r 0 2.8700314511
-756840802 456064237
#r 0 4.9172221951
-942398078 -178453409
#r 0 1.8294313767
-942398078 -177453409
#r 0 1.8021270623
-940250196 -186572087
#r 0 1.3680306721
711522906 98276513
#r 0 0.6144157745
711522906 97276513
#r 0 3.0332063421
710294895 97410136
#r 0 3.0544624353
-865732126 -389513957
#r 0 0.0041516550
-865732126 -388513957
#r 0 6.0131176171
-862173188 -389499181
#r 0 0.7686745802
457994694 -775492143
#r 0 1.1689689792
457994694 -774492143
#r 0 0.9732977097
459126359 -772829082
#r 0 0.9477508970
223679184 -734348721
#r 0 2.4658888641
223679184 -733348721
#r 0 2.5059724977
208010648 -721789131
#r 0 2.5000034791
590989480 604339845
#r 0 5.2416602178
590989480 603339845
#r 0 5.3014030479
595687321 596308504
#r 0 5.2675372263
33739637 326385330
#r 0 4.7745145497
33739637 325385330
#r 0 6.0205376383
33802901 325368321
#r 0 5.1909550182
107088828 -31836439
#r 0 1.4146710778
107088828 -30836439
#r 0 4.0079533853
107282013 -30609135
#r 0 0.9223741571
-86557720 15314172
#r 0 1.6558890870
-86557720 14314172
#r 0 1.6846759731
-86222183 11380501
#r 0 3.0759428695
187576655 288198927
#r 0 2.1828611730
187576655 287198927
#r 0 5.9557495445
188498445 286885830
#r 0 2.7328489813
376013911 294524797
#r 0 4.9041473376
376013911 293524797
#r 0 4.0541987812
376169091 293725493
#r 0 4.8416132004
278966036 620220652
#r 0 1.7236506757
278966036 619220652
#r 0 4.6111765258
279027245 619823339
#r 0 3.6780614388
-721859489 -551390151
#r 0 1.0668362515
-721859489 -550390151
#r 0 0.4568167641
-721102998 -550018343
#r 0 1.0692179834
388898961 -22604958
#r 0 1.7321201999
388898961 -21604958
#r 0 0.7298295955
388756905 -21732043
#r 0 5.2591208034
-862956667 140643757
#r 0 0.2713885637
-862956667 139643757
#r 0 6.0389969901
-864852711 140116176
#r 0 1.6911704275
-64393835 -548376194
#r 0 0.6723387803
-64393835 -547376194
#r 0 2.9729661406
-63358972 -547552372
#r 0 4.7771571679
-682022435 430113840
#r 0 5.6377109102
-682022435 429113840
#r 0 5.6545095115
-643559883 401148160
#r 0 5.5925817288
129522077 617343422
#r 0 2.8097082001
129522077 616343422
#r 0 1.2785410115
129794681 617249474
#r 0 1.2905424125
-709725211 -135667791
#r 0 1.0396817711
-709725211 -134667791
#r 0 2.6570236003
-709276540 -134903986
#r 0 1.0321601296
882172595 169931446
#r 0 4.3039108827
882172595 168931446
#r 0 3.3029050882
881706978 168855678
#r 0 2.8023782219
29768177 179516482
#r 0 5.7543703800
29768177 178516482
#r 0 2.4889970490
24212064 182763065
#r 0 3.3457548337
258981388 553416150
#r 0 0.4541036337
258981388 552416150
#r 0 4.8212864329
258877597 553365487
#r 0 3.5710128075
867622611 474026919
#r 0 2.7492225950
867622611 473026919
#r 0 4.4290260135
867882493 473919373
#r 0 5.0571311357
494169261 705240858
#r 0 0.0234889878
494169261 704240858
#r 0 3.1574895303
362505298 702147636
#r 0 2.4393310530
122469093 -725635014
#r 0 0.3353493428
122469093 -724635014
#r 0 0.3382148809
-188397772 -833976108
#r 0 6.0208507837
-603116602 -663308573
#r 0 6.0585346624
-603116602 -662308573
#r 0 1.8445150760
-602816588 -663377129
#r 0 6.0002133678
-145539966 -887360284
#r 0 2.9442672821
-145539966 -886360284
#r 0 0.0267976479
-149950478 -886478504
#r 0 6.1534711140
682414660 608429595
#r 0 3.9488134691
682414660 607429595
#r 0 3.4203630902
681096099 607052192
#r 0 3.4296007940
-490982295 -354183775
#r 0 2.5551274992
-490982295 -353183775
#r 0 0.5037738798
-491804893 -353637201
#r 0 3.6216636474
-802812116 -220135267
#r 0 0.6796503741
-802812116 -219135267
#r 0 0.8621298517
-805601606 -222389407
#r 0 5.2660323373
250470454 471718324
#r 0 4.9728726483
250470454 470718324
#r 0 0.7791604274
250681452 470926706
#r 0 5.1219976488
439852827 37625603
#r 0 4.7033916188
439852827 36625603
#r 0 1.9140206227
439844050 36650162
#r 0 1.9607672840
-160210028 -311873695
#r 0 0.8461610340
-160210028 -310873695
#r 0 1.8272205169
-160007742 -311645201
#r 0 2.2731047630
378118500 -176315695
#r 0 0.1341116343
378118500 -175315695
#r 0 1.4970996817
378043927 -176325757
#r 0 0.1326856579
-866575725 -214630372
#r 0 1.3989949057
-866575725 -213630372
#r 0 0.2478074845
-866394246 -213584456
#r 0 1.5060400861
135413484 36622920
#r 0 1.6391037007
135413484 35622920
#r 0 1.6235892893
135181325 40016378
#r 0 1.6296790558
133848038 926203271
#r 0 3.6456463173
133848038 925203271
#r 0 5.7991738465
132919790 925691270
#r 0 5.0306656949
152317393 -838586251
#r 0 4.3841969797
152317393 -837586251
#r 0 4.3776853764
168578113 -790831673
#r 0 1.3702853452
866394399 -388688067
#r 0 4.1147532711
866394399 -387688067
#r 0 4.1957466268
862958904 -393735281
#r 0 3.7757338569
-110683473 -855371776
#r 0 5.9739548625
-110683473 -854371776
#r 0 5.9488287400
-74867716 -866814165
#r 0 5.9648889805
-778756986 -564076853
#r 0 2.3329979216
-778756986 -563076853
#r 0 0.7698315117
-779252810 -563557476
#r 0 0.6520969598
-737950047 -439455128
#r 0 6.1756410471
-737950047 -438455128
#r 0 0.6068729460
-739196564 -439320553
#r 0 3.7825050852
-609784449 -471338019
#r 0 0.3098348737
-609784449 -470338019
#r 0 2.7860936431
-608338146 -470874992
#r 0 2.7869483160
-23189346 649857189
#r 0 0.0872236959
-23189346 648857189
#r 0 0.1167464153
10329278 652788244
#r 0 3.8854105827
919027675 186956176
#r 0 1.3030037027
919027675 185956176
#r 0 1.2977540470
905435570 137419219
#r 0 3.9907228001
-462062882 -817316296
#r 0 2.2672576248
-462062882 -816316296
#r 0 2.9652464484
-463045579 -816141182
#r 0 2.9732972908
-122964257 -333624352
#r 0 5.4231615112
-122964257 -332624352
#r 0 3.7292745688
-123511358 -332988833
#r 0 3.7156079238
-340634393 559951828
#r 0 0.3733906100
-340634393 558951828
#r 0 3.3548935154
-346343026 557715363
#r 0 0.5157791067
-909594700 -252680642
#r 0 0.3447300850
-909594700 -251680642
#r 0 0.1577336428
-904595022 -250885419
#r 0 1.1421230446
43912064 302995607
#r 0 3.6121854422
43912064 301995607
#r 0 6.0995881314
42471972 302263015
#r 0 1.3257851402
117420708 890129395
#r 0 5.4307557047
117420708 889129395
#r 0 5.6939833335
119523644 887723791
#r 0 3.8676573569
-468178342 -347725758
#r 0 3.5948442262
-468178342 -346725758
#r 0 5.7842472261
-467209346 -347253788
#r 0 1.5520359044
71200613 -222501511
#r 0 5.6984737522
71200613 -221501511
#r 0 1.2133049168
70901122 -222303271
#r 0 3.6540228706
-243623499 -789879633
#r 0 2.3228067517
-243623499 -788879633
#r 0 1.6764550028
-243503883 -790007516
#r 0 5.8682206624
-769324329 107708350
#r 0 1.6421997643
-769324329 106708350
#r 0 5.3583220337
-769245306 106603518
#r 0 3.9360703372
635566251 196520845
#r 0 3.8615335053
635566251 195520845
#r 0 3.3942881779
633950084 195103526
#r 0 4.1430897782
195202581 -473800941
#r 0 2.1995344010
195202581 -472800941
#r 0 5.8544656758
194113370 -472303093
#r 0 4.6678113841
308865562 -904406367
#r 0 3.2640736914
308865562 -903406367
#r 0 1.3661928044
308652615 -904432580
#r 0 2.1249702812
710295145 -265660052
#r 0 2.8821346967
710295145 -264660052
#r 0 2.7425030821
716693948 -267358558
#r 0 1.9797008807
-659887626 -690524746
#r 0 0.2051574816
-659887626 -689524746
#r 0 2.3386195013
-659083682 -690357457
#r 0 0.2067725090
582191960 -738122481
#r 0 1.7567739388
582191960 -737122481
#r 0 3.5297781301
582017251 -737193926
#r 0 1.8000845235
619956929 619639294
#r 0 4.2851704026
619956929 618639294
#r 0 4.2509207145
614569233 607804938
#r 0 4.2450645114
279378978 182926265
#r 0 3.5479523962
279378978 181926265
#r 0 3.9945806696
280777763 183528177
#r 0 4.8669944835
-31041134 -356688329
#r 0 3.3125693721
-31041134 -355688329
#r 0 3.3211837584
-143594987 -376122157
#r 0 3.3038276991
531322273 778893238
#r 0 3.2753642286
531322273 777893238
#r 0 4.7655469237
531269443 778886128
#r 0 5.0914284428
-409016762 -551302065
#r 0 2.2643615022
-409016762 -550302065
#r 0 2.3169527263
-417272111 -541371983
#r 0 2.7709664741
-242530425 -410578653
#r 0 0.5769489231
-242530425 -409578653
#r 0 0.5310300321
-226786090 -400331981
#r 0 0.5381295567
280793211 -921368331
#r 0 2.0107140343
280793211 -920368331
#r 0 3.1786015220
280330593 -920385460
#r 0 3.0242341852
730390034 137322819
#r 0 2.4238690722
730390034 136322819
#r 0 0.5366745774
731071248 136728086
#r 0 4.2061048791
336241334 349827929
#r 0 4.7442741664
336241334 348827929
#r 0 4.7570185159
336352940 346328868
#r 0 5.0160899351
182629508 -60733374
#r 0 6.0791069899
182629508 -59733374
#r 0 5.9776503668
191850193 -62641682
#r 0 1.1869245068
-14583895 -391538609
#r 0 5.2674052825
-14583895 -390538609
#r 0 3.1132351699
-15215023 -390520707
#r 0 3.4291268153
-529968658 -541423045
#r 0 3.0297023846
-529968658 -540423045
#r 0 4.3925369450
-530287999 -541387164
#r 0 3.0538202688
-295721070 -115687762
#r 0 2.3537798828
-295721070 -114687762
#r 0 5.8834749951
-297438135 -113962385
#r 0 4.3003551958
-860392259 105310463
#r 0 3.9111043335
-860392259 104310463
#r 0 0.3404123467
-862019544 103734077
#r 0 1.4881840699
134282577 690186611
#r 0 5.1531758815
134282577 689186611
#r 0 5.1833350763
140702300 676578071
#r 0 5.1307980612
120775521 105317247
#r 0 1.0568103701
120775521 104317247
#r 0 1.1032766054
125545745 113766050
#r 0 1.0653798157
705482076 -427802156
#r 0 3.4558571184
705482076 -426802156
#r 0 5.4284726891
706160389 -427581680
#r 0 3.8529005221
67711290 -820628312
#r 0 0.7826033498
67711290 -819628312
#r 0 3.6801554612
70230510 -818123134
#r 0 0.6646091343
433987350 508403551
#r 0 4.6494847441
433987350 507403551
#r 0 4.9834330724
433936002 507588335
#r 0 4.9817460684
-118050258 19266698
#r 0 4.3714806035
-118050258 18266698
#r 0 3.0766887799
-118397022 18289236
#r 0 2.4991931370
-797637337 -148047045
#r 0 5.6976154168
-797637337 -147047045
#r 0 0.6709286954
-798323714 -147591868
#r 0 5.1044501818
-297627869 -312378482
#r 0 2.7332230631
-297627869 -311378482
#r 0 6.1584457825
-300881980 -310970447
#r 0 5.5588514052
526708312 738674488
#r 0 5.5362068579
526708312 737674488
#r 0 5.5458577508
582990815 686558668
#r 0 2.3815328602
902408713 326691638
#r 0 3.2862677600
902408713 325691638
#r 0 5.2013564149
901914928 326619697
#r 0 5.1796986000
194389026 724215994
#r 0 0.9156195065
194389026 723215994
#r 0 0.9441643633
206908055 740508215
#r 0 3.9999470007
479784988 -770379991
#r 0 3.5876624658
479784988 -769379991
#r 0 1.4191488991
479620118 -770458834
#r 0 1.0517739795
-131810955 348029062
#r 0 4.0746526915
-131810955 347029062
#r 0 6.0552356662
-132443285 347175751
#r 0 4.8842859270
586522933 -217901995
#r 0 2.5412635494
586522933 -216901995
#r 0 4.0827162107
586036809 -217569185
#r 0 2.5491662244
-187748036 23994930
#r 0 1.0032464622
-187748036 22994930
#r 0 1.0386872344
-180050881 36068572
#r 0 4.5510942018
352205545 -810872443
#r 0 3.6071285696
352205545 -809872443
#r 0 1.0314096231
351349536 -811302470
#r 0 3.6336348126
-281264150 625950435
#r 0 4.6161796465
-281264150 624950435
#r 0 5.0330855407
-281338930 625175567
#r 0 5.0473030411
805993669 -555805939
#r 0 2.1617617736
805993669 -554805939
#r 0 3.3537787162
805407448 -554932228
#r 0 3.3549385920
109176579 830254230
#r 0 5.5299329604
109176579 829254230
#r 0 4.9373460606
108885234 830527421
#r 0 3.6837781706
454603456 -115132683
#r 0 2.5418940769
454603456 -114132683
#r 0 2.6249312043
445949729 -109216178
#r 0 2.5390718845
-841858840 456991149
#r 0 0.2210610849
-841858840 455991149
#r 0 4.9231673062
-842062981 456945272
#r 0 0.2756471518
-394302774 -111391377
#r 0 3.2677659629
-394302774 -110391377
#r 0 3.3051380398
-420499897 -114714407
#r 0 3.2968075990
-44928054 515757560
#r 0 3.7353793864
-44928054 514757560
#r 0 3.4275028161
-47552107 513986182
#r 0 3.8936039591
-121117037 -740886462
#r 0 5.2555912854
-121117037 -739886462
#r 0 2.6762171228
-121983558 -739451328
#r 0 2.0383453549
-104972969 -794518837
#r 0 5.4288478632
-104972969 -793518837
#r 0 2.0226693811
-103876424 -795778043
#r 0 5.4458841219
-228728329 -70115130
#r 0 2.6995262559
-228728329 -69115130
#r 0 2.5164531132
-224702390 -72020637
#r 0 5.3008264057
211817052 -353830981
#r 0 6.1451149577
211817052 -352830981
#r 0 5.6266484778
213400292 -354050979
#r 0 5.6220514321
714039536 -444378998
#r 0 2.9180106113
714039536 -443378998
#r 0 5.4416940020
715161113 -444634026
#r 0 2.0522314939
210279624 -719446913
#r 0 2.6155286795
210279624 -718446913
#r 0 2.6520501510
189377164 -707310069
#r 0 2.6098132728
-252990652 907596128
#r 0 3.9491664184
-252990652 906596128
#r 0 5.2178666444
-253341252 907229624
#r 0 6.0764630950
-111775591 385835601
#r 0 3.9176222735
-111775591 384835601
#r 0 4.7444914262
-111806723 385805047
#r 0 3.6252104269
-751715650 246572132
#r 0 3.1826693604
-751715650 245572132
#r 0 0.5683930727
-750042301 246640906
#r 0 2.0845855041
734240015 -107718197
#r 0 1.7620950218
734240015 -106718197
#r 0 3.9154500114
734077167 -106877329
#r 0 4.0924595355
451097033 876365304
#r 0 4.4585792394
451097033 875365304
#r 0 4.7817584776
451042231 876154042
#r 0 3.4823346449
-213751703 -188883800
#r 0 2.1570322904
-213751703 -187883800
#r 0 2.8278557205
-214598225 -187609143
#r 0 3.6395693772
-871609781 -439190600
#r 0 1.5153726043
-871609781 -438190600
#r 0 6.1936513217
-871554575 -438195556
#r 0 5.1724893740
873731973 -187795839
#r 0 2.1581997492
873731973 -186795839
#r 0 1.9078211056
874471623 -188906756
#r 0 2.4980381412
476321941 -514170025
#r 0 2.4227245321
476321941 -513170025
#r 0 3.3579480410
475408585 -513370777
#r 0 1.1931328424
648529161 -258031637
#r 0 3.8987486639
648529161 -257031637
#r 0 5.1662173756
648863036 -257716108
#r 0 4.4602183619
-947200162 54478327
#r 0 5.2388373723
-947200162 53478327
#r 0 4.2290100511
-946924360 54003752
#r 0 4.1850323284
-72923073 965837855
#r 0 5.3462537650
-72923073 964837855
#r 0 5.2276967850
-75390695 969194931
#r 0 4.6379950897
533900477 -572149686
#r 0 0.2292442262
533900477 -571149686
#r 0 1.9401749072
534255548 -572066831
#r 0 5.1346793805
-787439174 -505763987
#r 0 5.2893948174
-787439174 -504763987
#r 0 3.1935682746
-788068753 -504796739
#r 0 0.4267533998
-244124713 -774407860
#r 0 2.4706538239
-244124713 -773407860
#r 0 0.1878942981
-245141055 -773601104
#r 0 2.4973100496
912688030 366379819
#r 0 4.9303331323
912688030 365379819
#r 0 4.2155322391
912845270 365669808
#r 0 4.9781513181
65744808 676218049
#r 0 6.1425503641
65744808 675218049
#r 0 6.1665413974
106739017 670414519
#r 0 6.2056236034
-530446177 836542796
#r 0 4.7975651690
-530446177 835542796
#r 0 4.2011168548
-530372072 835674883
#r 0 4.1147214893
-415563059 -298865844
#r 0 2.0175533893
-415563059 -297865844
#r 0 1.7320163136
-415316842 -299379801
#r 0 1.7364513343
-886033412 -228132643
#r 0 0.8710288579
-886033412 -227132643
#r 0 1.6673456301
-885946554 -228029472
#r 0 0.0436833823
-277974413 -935647969
#r 0 1.4388285070
-277974413 -934647969
#r 0 0.2141393471
-277837728 -934618244
#r 0 0.3830382693
200104270 740576328
#r 0 0.8329616875
200104270 739576328
#r 0 4.0863298902
203638021 744463302
#r 0 0.8673819205
-138670661 -326693416
#r 0 5.8636991738
-138670661 -325693416
#r 0 3.9018477848
-139386535 -326374167
#r 0 5.8734150550
-420259027 -893966584
#r 0 2.1303250886
-420259027 -892966584
#r 0 2.6311101728
-421223623 -892426418
#r 0 2.1462998659
-798050443 -196980374
#r 0 2.1444849604
-798050443 -195980374
#r 0 2.1396855507
-737132541 -291253536
#r 0 1.0425769321
-402542994 -134498653
#r 0 2.9068201910
-402542994 -133498653
#r 0 2.9207441040
-470697411 -118197266
#r 0 6.0802041807
508744237 816338581
#r 0 5.1454795625
508744237 815338581
#r 0 4.1525420345
509010311 815763120
#r 0 5.1589594598
-397593185 913590386
#r 0 5.4400458032
-397593185 912590386
#r 0 3.9650436801
-397139024 913080497
#r 0 4.1434215551
-443314379 -868631678
#r 0 2.6786703216
-443314379 -867631678
#r 0 0.9617771375
-443831745 -868373464
#r 0 2.1540554410
-533147680 613971414
#r 0 4.5696926914
-533147680 612971414
#r 0 4.5228422166
-533719811 609989234
#r 0 2.8965679230
-770932227 -336799630
#r 0 1.9748256891
-770932227 -335799630
#r 0 4.3865437946
-771120961 -336358199
#r 0 5.4614824150
-313801222 -169811900
#r 0 2.7907443714
-313801222 -168811900
#r 0 1.5830542262
-313788908 -169816407
#r 0 0.6059461148
396351162 236536477
#r 0 4.7636492705
396351162 235536477
#r 0 0.3480968897
396401530 235554754
#r 0 2.9339742263
653214263 -656222690
#r 0 2.8709439139
653214263 -655222690
#r 0 2.8421222767
685163807 -665087305
#r 0 2.8830566263
-126037657 252119065
#r 0 3.0191121636
-126037657 251119065
#r 0 5.0115365780
-126358230 252158526
#r 0 5.0069821182
795662488 -210263076
#r 0 3.6261009541
795662488 -209263076
#r 0 3.9842417043
793982498 -211147347
#r 0 3.6342110215
-552602322 134431660
#r 0 1.9280035702
-552602322 133431660
#r 0 1.8747923297
-554570229 139704471
#r 0 1.9108271247
-25074801 475442830
#r 0 5.1136096343
-25074801 474442830
#r 0 0.8542360860
-24789519 474770364
#r 0 1.9467744273
-581753711 58339560
#r 0 1.4103531965
-581753711 57339560
#r 0 1.4106612077
-499051212 569371945
#r 0 2.9748539806
-123676106 -141587957
#r 0 0.8132073558
-123676106 -140587957
#r 0 0.7990963749
-89715435 -105683903
#r 0 3.6595998412
-770394741 -202777594
#r 0 2.2274787879
-770394741 -201777594
#r 0 5.1115375380
-769463208 -203986117
#r 0 6.1273518763
226219170 40973701
#r 0 0.2374983834
226219170 39973701
#r 0 2.4245181110
225321481 40756400
#r 0 5.6723461929
-730767039 -317649186
#r 0 5.2020931772
-730767039 -316649186
#r 0 5.9658837045
-731413140 -316437008
#r 0 6.2241007171
313987082 -595303530
#r 0 0.8282517053
313987082 -594303530
#r 0 3.8606065563
318653940 -590218514
#r 0 0.9330968838
422385780 609464897
#r 0 3.4018362957
422385780 608464897
#r 0 3.3925069212
322048812 582746924
#r 0 0.2266324399
-283682688 -708434606
#r 0 1.4899595509
-283682688 -707434606
#r 0 0.2847509910
-283599707 -707410317
#r 0 1.2902064656
-165174039 -771223105
#r 0 0.5552877661
-165174039 -770223105
#r 0 2.3339187123
-164573791 -770850709
#r 0 5.7883231517
-595802012 -385074130
#r 0 0.5883008666
-595802012 -384074130
#r 0 4.7204407132
-595794003 -385068787
#r 0 3.8646428820
277214466 -802769623
#r 0 0.5296599191
277214466 -801769623
#r 0 1.1110535835
276517222 -803177832
#r 0 2.9908323830
-49223034 10182434
#r 0 1.8918861365
-49223034 9182434
#r 0 3.2284907134
-48899800 9210593
#r 0 1.8488741066
606551053 -19018638
#r 0 2.3351146316
606551053 -18018638
#r 0 3.5949570650
605897580 -18337017
#r 0 2.3840875573
-355498144 909755308
#r 0 6.1014783899
-355498144 908755308
#r 0 4.9958238349
-355805891 909811851
#r 0 5.3943509310
47076853 -733059593
#r 0 2.2779603921
47076853 -732059593
#r 0 1.3007314934
46867756 -732814924
#r 0 0.1956906962
-374230082 240356462
#r 0 0.5286025856
-374230082 239356462
#r 0 0.5517999955
-342527488 258872089
#r 0 0.5607565853
57914385 673072022
#r 0 5.6173486097
57914385 672072022
#r 0 6.2515491672
59240903 672030042
#r 0 5.6688492315
-434227853 -134865342
#r 0 2.6595149721
-434227853 -133865342
#r 0 2.6433154131
-386181341 -160005897
#r 0 5.0711387845
-803935016 3201268
#r 0 3.3708956045
-803935016 2201268
#r 0 3.3671324370
612533705 664406426
#r 0 2.4698523850
612533705 663406426
#r 0 4.5910235766
612644888 664318025
#r 0 4.6866683750
-128789750 -864403732
#r 0 6.1225449063
-128789750 -863403732
#r 0 6.1047193096
-74289574 -873234756
#r 0 6.0655553506
49745228 181238661
#r 0 3.2822014011
49745228 180238661
#r 0 4.2499294472
50281590 181314579
#r 0 5.6472693638
582907428 511612935
#r 0 1.2834402979
582907428 510612935
#r 0 3.9395535619
582483383 510178100
#r 0 1.7127840156
616180789 -199370439
#r 0 2.1471279944
616180789 -198370439
#r 0 2.6859349953
615227097 -197903080
#r 0 2.8094509881
144982153 -279834439
#r 0 6.0668228630
144982153 -278834439
#r 0 5.9369772342
152077664 -281394054
#r 0 0.7972101808
-152837913 140842892
#r 0 0.3528691405
-152837913 139842892
#r 0 0.3690080669
-98605298 160815861
#r 0 3.4083853700
549838263 -730153584
#r 0 1.4943475735
549838263 -729153584
#r 0 3.0775045451
549914486 -729158476
#r 0 2.0251001632
-591139324 -247371007
#r 0 2.8901603380
-591139324 -246371007
#r 0 5.7441436604
-588209003 -248123713
#r 0 2.8613958522
-753947354 98952221
#r 0 5.3602944087
-753947354 97952221
#r 0 0.4555802208
-753395211 98222747
#r 0 3.8156302131
-98352464 -743450637
#r 0 5.5691644190
-98352464 -742450637
#r 0 0.1428103299
-99342236 -742592956
#r 0 1.3034392571
611104978 -524723090
#r 0 1.8232908290
611104978 -523723090
#r 0 0.0790506634
610852145 -523743118
#r 0 2.4224341054
-276948858 -364114257
#r 0 4.8076033717
-276948858 -363114257
#r 0 5.9435873287
-277047696 -363079339
#r 0 5.9691170939
-558362802 302376104
#r 0 2.1160875991
-558362802 301376104
#r 0 2.1366709199
-544851608 280104112
#r 0 4.5332104148
-267275647 10250653
#r 0 1.7588566111
-267275647 9250653
#r 0 0.7355747117
-267113299 9397579
#r 0 0.7410966249
425647155 -827346206
#r 0 0.7176053933
