701687785 -541700890
#r 0 5.1424337357
701687785 -540700890
#r 0 4.2988007799
701463499 -541211904
#r 0 5.1335721425
-499127383 633119407
#r 0 0.5578839868
-499127383 632119407
#r 0 2.2217015971
-499643653 632797252
#r 0 1.5885956972
-483608482 -622730427
#r 0 0.3896729771
-483608482 -621730427
#r 0 4.6690926895
-483652590 -622748541
#r 0 5.6613545628
-400050622 -282770132
#r 0 0.6890220660
-400050622 -281770132
#r 0 0.6519586418
-383492624 -269131419
#r 0 0.5681216599
301295572 728310821
#r 0 4.0132532800
301295572 727310821
#r 0 4.3400863035
302024755 729178058
#r 0 4.9627536610
538670319 187274473
#r 0 4.0395502752
538670319 186274473
#r 0 4.0115220936
524329480 169278354
#r 0 4.0513778554
-356518068 -65592954
#r 0 0.2068913472
-356518068 -64592954
#r 0 0.2157251468
-464739040 -88307963
#r 0 5.8739472381
-276446552 932869643
#r 0 4.2957570400
-276446552 931869643
#r 0 4.1799925542
-278224959 928850998
#r 0 4.1576669278
-550539604 -271667289
#r 0 6.0981295856
-550539604 -270667289
#r 0 6.0679367167
-518731125 -277621757
#r 0 6.0695114109
-618319202 -169265767
#r 0 1.5973362098
-618319202 -168265767
#r 0 1.5629680051
-618325248 -169038027
#r 0 3.6897919998
755102565 -188650360
#r 0 2.4990401223
755102565 -187650360
#r 0 2.3746942625
759750495 -192129424
#r 0 3.3398870542
380790345 -501424583
#r 0 4.2161125127
380790345 -500424583
#r 0 2.1842350708
381096422 -500859321
#r 0 4.2441894472
-579009961 358478730
#r 0 1.4852944640
-579009961 357478730
#r 0 4.3755753516
-579123452 357154614
#r 0 5.3806184170
299350043 -849072587
#r 0 4.0693274816
299350043 -848072587
#r 0 4.0759744237
245733957 -920626213
#r 0 4.0356048473
547958642 -796389549
#r 0 0.0524254445
547958642 -795389549
#r 0 0.0178307425
576826257 -794874763
#r 0 0.0461820547
120566706 -818818612
#r 0 2.4426644461
120566706 -817818612
#r 0 0.9454687276
120117375 -818440969
#r 0 2.5950635524
137093106 -178832048
#r 0 4.8397153988
137093106 -177832048
#r 0 2.3916217323
136947753 -177696645
#r 0 2.8064214533
-671832205 450572368
#r 0 1.0173063084
-671832205 449572368
#r 0 1.1711923287
-670497977 452731602
#r 0 1.2019791134
-468532303 -84888903
#r 0 3.6750245910
-468532303 -83888903
#r 0 2.5437954948
-467745796 -84424442
#r 0 5.7273589768
242220329 -192797614
#r 0 3.2267060001
242220329 -191797614
#r 0 6.2214460803
249016704 -192217751
#r 0 0.9293420354
474168597 127670696
#r 0 2.9303781848
474168597 126670696
#r 0 4.3882032151
474482053 127603487
#r 0 4.3768637780
595496296 -707793242
#r 0 0.2728243901
595496296 -706793242
#r 0 0.2410610203
624942971 -699554025
#r 0 0.1961145605
677928845 -196320030
#r 0 3.4969608316
677928845 -195320030
#r 0 3.4898356366
801609696 -150419102
#r 0 4.8951442231
134234208 -184258840
#r 0 1.9753309766
134234208 -183258840
#r 0 2.1472112883
132979989 -181329440
#r 0 2.3450619574
-222667336 -46611794
#r 0 4.3914061681
-222667336 -45611794
#r 0 5.7330022319
-222391173 -45781180
#r 0 1.8176526580
219528894 970092025
#r 0 3.6932920015
219528894 969092025
#r 0 4.3708182645
219983966 970372097
#r 0 4.5743937863
-384209398 -106897359
#r 0 3.0614974090
-384209398 -105897359
#r 0 5.7520195947
-382237855 -107055609
#r 0 5.7546263685
615373946 -411111791
#r 0 4.6508715350
615373946 -410111791
#r 0 1.8735807069
615425396 -410276491
#r 0 1.6843830262
326662212 790338362
#r 0 5.2007074646
326662212 789338362
#r 0 2.8164705326
327309319 789120233
#r 0 4.3093390178
340630368 -61653550
#r 0 4.6031791587
340630368 -60653550
#r 0 2.8604443235
340736649 -60684244
#r 0 1.5024442114
-936931568 -253662529
#r 0 1.2280377609
-936931568 -252662529
#r 0 1.2149698933
-927971870 -228554341
#r 0 6.1491144903
-55698254 -527054964
#r 0 2.1705299110
-55698254 -526054964
#r 0 2.5327216832
-57004944 -525143888
#r 0 2.0162781494
-176767589 -188188183
#r 0 2.9984625627
-176767589 -187188183
#r 0 3.0059705837
-307387214 -169363862
#r 0 5.5047065037
133207554 429148051
#r 0 0.0825996009
133207554 428148051
#r 0 1.4196217136
133361837 429160824
#r 0 4.7715842852
420725815 -425022251
#r 0 0.8627373722
420725815 -424022251
#r 0 4.2598431616
419600658 -426336442
#r 0 3.9948523049
-984543034 144270826
#r 0 1.1321554876
-984543034 143270826
#r 0 1.1205622993
0 0
#r 0 0.3911934235
366737756 485628537
#r 0 3.5384057977
366737756 484628537
#r 0 3.8515905708
369007990 486579860
#r 0 6.0118995564
-649282821 -270779598
#r 0 0.1908262520
-649282821 -269779598
#r 0 5.6166239078
-648262256 -270582449
#r 0 2.9755752327
411724544 245564399
#r 0 5.0066378478
411724544 244564399
#r 0 5.8573899365
412075879 244405054
#r 0 2.0513780430
795592083 -315379132
#r 0 5.4496064489
795592083 -314379132
#r 0 5.4541961640
696637167 -206397951
#r 0 3.3381364196
-521849662 466816098
#r 0 4.8414966550
-521849662 465816098
#r 0 4.8312625404
-523341646 478307938
#r 0 4.8410470453
-558514126 -706353026
#r 0 6.0973056995
-558514126 -705353026
#r 0 5.1704997414
-557970631 -706455230
#r 0 5.1738467205
-218018041 -776753981
#r 0 3.3777871705
-218018041 -775753981
#r 0 2.1049357057
-217500263 -776629359
#r 0 3.3915564691
517252615 315449462
#r 0 3.8648529915
517252615 314449462
#r 0 0.3980399014
515089836 313540047
#r 0 5.8850622659
-836634468 79323631
#r 0 4.2587260165
-836634468 78323631
#r 0 2.0382685019
-836882486 78814960
#r 0 6.1441361663
-478957491 -425697431
#r 0 0.8300635500
-478957491 -424697431
#r 0 6.0476083019
-478207645 -424877420
#r 0 5.2221011428
744680137 283363242
#r 0 3.4062333296
744680137 282363242
#r 0 2.5339138711
743645440 283082842
#r 0 1.5322060108
787479252 -388621533
#r 0 0.3855300595
787479252 -387621533
#r 0 0.3462742209
809688017 -379608345
#r 0 0.3743234827
734374273 161323653
#r 0 3.2318785402
734374273 160323653
#r 0 6.1915770715
728891738 160827308
#r 0 3.3921531018
-835925574 -325109799
#r 0 0.6867357520
-835925574 -324109799
#r 0 1.8774642009
-835674182 -324903692
#r 0 0.2605963295
191098699 -491490599
#r 0 5.8700292250
191098699 -490490599
#r 0 5.4776513275
192757855 -492217954
#r 0 1.0959409675
76967052 -918743877
#r 0 0.6127689054
76967052 -917743877
#r 0 0.2483098728
79191717 -917179830
#r 0 2.7415102407
-458212991 -390070259
#r 0 1.0360352316
-458212991 -389070259
#r 0 2.0454305500
-457937849 -389605752
#r 0 2.6782329904
-561441965 -303326039
#r 0 0.4001617177
-561441965 -302326039
#r 0 2.2309730909
-560857511 -303078824
#r 0 0.4215828362
-143029320 -288205830
#r 0 2.4121069724
-143029320 -287205830
#r 0 1.5495434563
-143050180 -288187182
#r 0 1.2187659474
-217724255 370576245
#r 0 6.2368475855
-217724255 369576245
#r 0 4.0048194214
-216901572 370538096
#r 0 4.6290453087
231282029 -813119927
#r 0 1.8614565250
231282029 -812119927
#r 0 4.6111249626
231206182 -812866369
#r 0 4.5764379608
-173650117 941397434
#r 0 6.0357607745
-173650117 940397434
#r 0 4.2928926387
-173249301 941296188
#r 0 4.1294478223
-974261600 -135035256
#r 0 4.8254612812
-974261600 -134035256
#r 0 6.2748377989
-974375264 -134034307
#r 0 6.2757243316
-219071864 876570219
#r 0 3.4791200971
-219071864 875570219
#r 0 4.0231515835
-217912516 876977101
#r 0 3.6067272675
841216372 -245702053
#r 0 4.7453233203
841216372 -244702053
#r 0 4.2685874989
841185561 -244766859
#r 0 4.7268743094
-554460271 622376857
#r 0 6.1037039852
-554460271 621376857
#r 0 1.0745166859
-553967228 622287402
#r 0 4.3147522609
-710372218 -603481641
#r 0 0.9481439711
-710372218 -602481641
#r 0 1.9302058053
-710125573 -603138086
#r 0 1.3852329154
57367412 137137296
#r 0 3.4371224442
57367412 136137296
#r 0 2.8155754630
55811054 136663471
#r 0 5.7769936729
350298717 99524416
#r 0 1.5071389495
350298717 98524416
#r 0 6.2357109287
350235166 98527435
#r 0 3.6695672126
124361302 -505132095
#r 0 2.1861350686
124361302 -504132095
#r 0 2.4470027846
122641773 -502699587
#r 0 3.6817142729
-544744435 413022941
#r 0 6.2703632860
-544744435 412022941
#r 0 5.9397444966
-547644749 413060131
#r 0 4.3331746745
-119196968 -904270036
#r 0 2.2858574116
-119196968 -903270036
#r 0 2.2844512420
0 0
#r 0 3.2215192942
-804414631 -463783652
#r 0 1.3580782161
-804414631 -462783652
#r 0 1.2978967678
-803468562 -459403415
#r 0 0.4852543463
551441948 -761356956
#r 0 5.6470948609
551441948 -760356956
#r 0 5.6477352675
-459485396 -14802649
#r 0 3.5696960354
27156741 -865736728
#r 0 0.2518193240
27156741 -864736728
#r 0 3.1860956930
31857131 -864527408
#r 0 0.8409759490
940217810 -146619311
#r 0 3.3640529242
940217810 -145619311
#r 0 1.9050189592
940539770 -146546482
#r 0 2.2716306546
-914055295 46387478
#r 0 5.2322313217
-914055295 45387478
#r 0 5.4450774390
-912482426 43639401
#r 0 5.2438657263
-936955659 -34943340
#r 0 5.1263358685
-936955659 -33943340
#r 0 5.0944441988
-932252655 -45648243
#r 0 0.1924414206
-369379595 277222742
#r 0 4.4438198639
-369379595 276222742
#r 0 3.7925478598
-369727813 275957500
#r 0 1.5978597680
-821124475 11788443
#r 0 5.6636214302
-821124475 10788443
#r 0 5.7386917558
-811839122 5165657
#r 1 -812453929 5550547
-490967586 616064171
#r 0 0.7373708295
-490967586 615064171
#r 0 4.6106487508
-490855059 616166377
#r 0 1.6424136115
-678074763 -588467848
#r 0 1.1862253843
-678074763 -587467848
#r 0 1.7498186283
-677949715 -588158876
#r 0 1.4764686837
217643120 -215305082
#r 0 2.1794233831
217643120 -214305082
#r 0 2.2595044438
213100804 -208786981
#r 0 1.7761553672
-682169509 -158834214
#r 0 0.9541196783
-682169509 -157834214
#r 0 6.2361424922
-681483500 -157866510
#r 0 6.0507104232
557597791 508080141
#r 0 0.0398534062
557597791 507080141
#r 0 0.0278188601
474599774 504770635
#r 0 5.0792128081
639262792 -399950495
#r 0 3.0619301039
639262792 -398950495
#r 0 0.8446783720
638433619 -399884301
#r 0 5.1163153529
61684808 -566926225
#r 0 2.4251823302
61684808 -565926225
#r 0 6.2575237612
60501474 -565895852
#r 0 0.9849141624
523190902 523430949
#r 0 4.3384458245
523190902 522430949
#r 0 5.8342148985
522860887 522589946
#r 0 4.3537091300
-97120665 -106773775
#r 0 2.7793305981
-97120665 -105773775
#r 0 2.8061381533
-130062189 -94289346
#r 0 0.7968512745
-565009351 514254679
#r 0 0.7214283013
-565009351 513254679
#r 0 5.0895247590
-565303102 513996296
#r 0 5.1544614616
334580786 -482417867
#r 0 4.2602199807
334580786 -481417867
#r 0 5.9843911584
335003305 -481548009
#r 0 4.8401929870
-302732954 278207160
#r 0 3.1827319593
-302732954 277207160
#r 0 5.8379769761
-304662259 278127745
#r 0 0.0918733299
-258338693 -552221732
#r 0 1.6478185698
-258338693 -551221732
#r 0 5.0139913232
-258441330 -550891809
#r 0 1.6459240808
-571070279 -284224233
#r 0 4.6730368189
-571070279 -283224233
#r 0 4.7119218203
-571070752 -284236241
#r 0 0.0379467251
481874853 641887316
#r 0 4.0207536512
481874853 640887316
#r 0 5.7729877479
481308992 641203982
#r 0 3.3982668352
-479273610 -106822827
#r 0 5.9816318896
-479273610 -105822827
#r 0 3.6331768611
-480454995 -106455370
#r 0 3.0408214180
-4238218 -621301856
#r 0 4.1576533731
-4238218 -620301856
#r 0 4.1444413777
17206820 -586692987
#r 0 4.1949620447
-213551122 -22815755
#r 0 5.3898057523
-213551122 -21815755
#r 0 5.3604354534
-200667391 -38832372
#r 0 0.2228379307
-874003763 -51756842
#r 0 4.5055670669
-874003763 -50756842
#r 0 4.4943615764
-870039714 -32864424
#r 0 4.4840735200
-191082364 -706539912
#r 0 4.9752734446
-191082364 -705539912
#r 0 3.5686578835
-191322115 -705649016
#r 0 3.5685766457
-712230836 221529366
#r 0 2.9242123992
-712230836 220529366
#r 0 4.1423047619
-711669265 221405332
#r 0 0.7621088441
-780382671 126943689
#r 0 5.6763459841
-780382671 125943689
#r 0 4.2771268692
-780031145 126699651
#r 0 6.2276605769
-236286024 -513307999
#r 0 1.2192326269
-236286024 -512307999
#r 0 6.1553385160
-235935739 -512353027
#r 0 2.4241026354
432125842 146983063
#r 0 5.2263045355
432125842 145983063
#r 0 5.2683354712
438300156 136045601
#r 0 5.2378461121
-261116530 -918750953
#r 0 0.4517172273
-261116530 -917750953
#r 0 2.8030104392
-259922240 -918171513
#r 0 0.4607158754
118024946 613168088
#r 0 6.1202600399
118024946 612168088
#r 0 5.0883464960
117602823 613237478
#r 0 5.1513256909
-464226731 -787773296
#r 0 4.2180152915
-464226731 -786773296
#r 0 4.2017063129
-450006131 -761390939
#r 0 4.2277312283
-243669211 -909135288
#r 0 0.4522416518
-243669211 -908135288
#r 0 1.2684465502
-244036831 -909313886
#r 0 1.9294027493
-477273716 873997373
#r 0 4.2090052817
-477273716 872997373
#r 0 4.5842954695
-477105598 874302652
#r 0 4.1968555478
-723337552 322551553
#r 0 3.4171882101
-723337552 321551553
#r 0 3.3920439589
-760417184 312065741
#r 0 3.3855821031
-109826943 -461038229
#r 0 1.1555107774
-109826943 -460038229
#r 0 2.1341713784
-109567274 -460449317
#r 0 2.1099609148
273596302 -710435175
#r 0 1.0817513565
273596302 -709435175
#r 0 1.0619846719
285174617 -688678052
#r 0 1.0799538826
-495340295 -231301155
#r 0 4.5035464608
-495340295 -230301155
#r 0 3.2402467138
-495123822 -230279729
#r 0 0.1382179573
-335666797 -774290530
#r 0 0.4926783179
-335666797 -773290530
#r 0 0.4920396050
880136141 -121606925
#r 0 1.4882623565
-44434562 -424288087
#r 0 1.8877965439
-44434562 -423288087
#r 0 1.9461798933
-46393165 -418317892
#r 0 3.9460552234
482272679 648017210
#r 0 2.6378180050
482272679 647017210
#r 0 5.7104116789
471597456 653901540
#r 0 4.8244597249
-848718430 -335529233
#r 0 2.2093402902
-848718430 -334529233
#r 0 0.1120759277
-849403482 -334606334
#r 0 0.7180187431
-538168394 -366123595
#r 0 2.3824641481
-538168394 -365123595
#r 0 2.4220362080
-551959477 -353038697
#r 0 2.3918747641
780704324 -493859950
#r 0 2.2202139544
780704324 -492859950
#r 0 4.1023801359
780340394 -493380644
#r 0 4.2600027405
101574837 -660299922
#r 0 0.3624893916
101574837 -659299922
#r 0 2.0127176169
101975987 -660147787
#r 0 1.7852629112
274165912 -778182756
#r 0 6.2316591093
274165912 -777182756
#r 0 1.2779094215
273868971 -778167442
#r 0 1.5515809011
-30247511 -354320033
#r 0 2.0596691084
-30247511 -353320033
#r 0 2.4846474290
-31149480 -352624415
#r 0 5.0982002376
196232884 -273237791
#r 0 2.0580665117
196232884 -272237791
#r 0 2.0992972888
190505133 -262428405
#r 0 3.8547835180
-43571381 -254057842
#r 0 1.5442194821
-43571381 -253057842
#r 0 1.3341825393
-43541504 -252933939
#r 0 5.6245882224
245238934 77228773
#r 0 0.0843328812
245238934 76228773
#r 0 2.4695891553
244102640 77132718
#r 0 0.9892803257
691449954 36763389
#r 0 3.0568439509
691449954 35763389
#r 0 1.5594535726
691461286 36762426
#r 0 2.0117053201
305194638 -415436078
#r 0 5.0034877763
305194638 -414436078
#r 0 2.5424451483
304817960 -414178850
#r 0 0.5176219785
326597884 -216545057
#r 0 2.0120901325
326597884 -215545057
#r 0 1.9839587273
332694644 -229452020
#r 0 2.1072642850
48717586 -293671845
#r 0 5.3803056091
48717586 -292671845
#r 0 2.7785449937
47591145 -292243925
#r 0 1.4019747562
530625494 -89118625
#r 0 1.9421303496
530625494 -88118625
#r 0 5.1182138590
526471446 -78450773
#r 0 2.9502065692
42124448 645983829
#r 0 4.2972925094
42124448 644983829
#r 0 5.5303066775
41812541 645276082
#r 0 5.5824137582
-178491570 670902010
#r 0 4.0107316284
-178491570 669902010
#r 0 3.0797278611
-179294654 669951756
#r 0 3.0583354319
78464923 432039983
#r 0 4.6686427880
78464923 431039983
#r 0 4.9577373918
78427663 431188790
#r 0 1.0363662478
160031141 -417843750
#r 0 1.5669287059
160031141 -416843750
#r 0 3.7882986488
160035020 -416840821
#r 0 0.4461179909
-430166093 553065446
#r 0 2.2901963806
-430166093 552065446
#r 0 2.1643050167
-433101156 556415947
#r 0 1.1803312205
17710008 853207122
#r 0 0.4676998902
17710008 852207122
#r 0 0.4370085771
-8644320 839896193
#r 0 4.2483889420
14875479 -715975258
#r 0 3.2604897043
14875479 -714975258
#r 0 3.3841062043
7058211 -716909113
#r 0 3.9016236876
-415569731 -638404763
#r 0 1.8954241700
-415569731 -637404763
#r 0 1.2447474864
-415738392 -637903590
#r 0 5.4843852300
-773961145 -176289730
#r 0 0.1889563494
-773961145 -175289730
#r 0 5.0353010571
-773646646 -176229586
#r 0 0.7268114344
940988252 -325744210
#r 0 3.5718696382
940988252 -324744210
#r 0 3.5769781235
779675279 -399779817
#r 0 0.4847383939
-826089410 389315028
#r 0 1.9715202872
-826089410 388315028
#r 0 1.9962668084
-819582484 373955711
#r 0 1.9578630791
787581078 -76307990
#r 0 0.3800510028
787581078 -75307990
#r 0 1.0500613526
786837081 -76605196
#r 0 3.6631440226
-720594767 -54294382
#r 0 1.2477691221
-720594767 -53294382
#r 0 0.2762853007
-720224910 -53189514
#r 0 0.0975683542
594911311 732837332
#r 0 4.0901618818
594911311 731837332
#r 0 4.1878337934
597904704 737010608
#r 0 3.9964602129
288809318 -738112341
#r 0 2.1933136941
288809318 -737112341
#r 0 4.3626453970
288567480 -737775386
#r 0 2.1536927214
-344837829 -486706031
#r 0 0.9935741629
-344837829 -485706031
#r 0 1.3613362723
-345153432 -487190675
#r 0 4.3152843002
-62712054 -847301326
#r 0 3.3437416353
-62712054 -846301326
#r 0 2.7618525849
-61056588 -846962041
#r 0 3.3365844855
-250419138 -693493865
#r 0 4.0135863635
-250419138 -692493865
#r 0 4.0163620291
-399020821 -870349347
#r 0 0.4026681008
366755340 -91389671
#r 0 2.9887386776
366755340 -90389671
#r 0 2.4611199275
368281154 -91624731
#r 0 5.7108081304
961566412 68953195
#r 0 2.2170448274
961566412 67953195
#r 0 2.1138224814
958546472 72956819
#r 0 5.0638072188
597164501 -516317146
#r 0 4.8847831741
597164501 -515317146
#r 0 3.3538927711
596996677 -515353320
#r 0 4.7170205860
-877313621 -335845740
#r 0 0.1510587997
-877313621 -334845740
#r 0 0.5717127005
-879349579 -336155650
#r 0 6.2816312303
-380835327 -806301119
#r 0 3.4176795686
-380835327 -805301119
#r 0 3.4381037240
-425890203 -819066175
#r 0 3.4452885484
822465216 -184570263
#r 0 4.8398759330
822465216 -183570263
#r 0 4.7982855676
822727555 -186616874
#r 0 2.4821896951
186036512 447263379
#r 0 4.6634809112
186036512 446263379
#r 0 4.3816558489
185979427 446097117
#r 0 5.8792293568
-324336703 -906969741
#r 0 1.4038310904
-324336703 -905969741
#r 0 1.4100293311
-328628757 -932436694
#r 0 2.6507902534
-23877194 30146238
#r 0 4.2680599263
-23877194 29146238
#r 0 2.9719820152
-24317384 29221623
#r 0 4.2717852947
-646955563 126488175
#r 0 4.2041495939
-646955563 125488175
#r 0 5.4820607902
-647309279 125853195
#r 0 2.1428655244
647455009 119171730
#r 0 3.2866605430
647455009 118171730
#r 0 3.5112198564
651598538 119777075
#r 0 4.4524951398
-614105525 708095676
#r 0 6.1553913421
-614105525 707095676
#r 0 0.4448246413
-612453130 707883353
#r 0 1.0578525216
-144601442 -246545691
#r 0 1.7329439069
-144601442 -245545691
#r 0 2.6215184041
-144781934 -245442330
#r 0 1.7302597966
-755786970 456770808
#r 0 5.7493981675
-755786970 455770808
#r 0 3.7393497732
-755000723 456306124
#r 0 3.6733710597
-942398078 -178453409
#r 0 3.1519047776
-942398078 -177453409
#r 0 3.1917841603
-967447421 -178711730
#r 0 3.0552540939
711522906 98276513
#r 0 0.2218712654
711522906 97276513
#r 0 2.1100151313
710995701 98157584
#r 0 5.9006887971
-865732126 -389513957
#r 0 0.8656406365
-865732126 -388513957
#r 0 0.2887560933
-864592961 -388175558
#r 0 0.2963498849
457994694 -775492143
#r 0 6.1462195654
457994694 -774492143
#r 0 6.1191367406
494085990 -780466559
#r 0 6.1467412553
223679184 -734348721
#r 0 0.0891989900
223679184 -733348721
#r 0 1.1575244302
223222756 -734389542
#r 0 0.9303786178
590989480 604339845
#r 0 5.6297009311
590989480 603339845
#r 0 3.0957811481
592378613 603276162
#r 0 4.4680741062
33739637 326385330
#r 0 3.6069659474
33739637 325385330
#r 0 3.7595868312
38530601 328791156
#r 0 3.7680521333
107088828 -31836439
#r 0 4.0961332293
107088828 -30836439
#r 0 4.1469195834
100988293 -40449710
#r 0 4.1479928777
-86557720 15314172
#r 0 5.9043501667
-86557720 14314172
#r 0 5.9159039342
-11504179 -14561840
#r 0 2.7488168857
187576655 288198927
#r 0 4.2294291457
187576655 287198927
#r 0 0.5087904977
186835501 286785532
#r 0 1.7146401920
376013911 294524797
#r 0 1.7791730072
376013911 293524797
#r 0 1.7770165628
356370702 387424224
#r 0 4.7019102143
278966036 620220652
#r 0 2.2502896463
278966036 619220652
#r 0 3.6528420069
279521933 619532510
#r 0 3.6367405732
-721859489 -551390151
#r 0 0.9977665083
-721859489 -550390151
#r 0 0.6578610451
-720572654 -549395835
#r 0 0.9575489106
388898961 -22604958
#r 0 1.0068686898
388898961 -21604958
#r 0 2.7418617117
389398046 -21815809
#r 0 3.2447625969
-862956667 140643757
#r 0 2.0542773300
-862956667 139643757
#r 0 0.1179304245
-862462372 139702321
#r 0 5.8679422435
-64393835 -548376194
#r 0 2.1138622601
-64393835 -547376194
#r 0 1.2561137258
-64605300 -548025858
#r 0 2.2117025102
-682022435 430113840
#r 0 6.1582829962
-682022435 429113840
#r 0 6.1669640176
-568495624 415859878
#r 0 6.1936097466
129522077 617343422
#r 0 4.9723885525
129522077 616343422
#r 0 4.9868562491
134338320 599238682
#r 0 4.9746224302
-709725211 -135667791
#r 0 4.4217760100
-709725211 -134667791
#r 0 4.4000104236
-705679047 -122139111
#r 0 0.5142518756
882172595 169931446
#r 0 5.4462401721
882172595 168931446
#r 0 5.4177088300
866953099 186806801
#r 0 5.4396181407
29768177 179516482
#r 0 5.6181539711
29768177 178516482
#r 0 4.3549171891
30057074 179289929
#r 0 2.2740151451
258981388 553416150
#r 0 4.2162771634
258981388 552416150
#r 0 3.9633490302
257686103 551023078
#r 0 3.1933337678
867622611 474026919
#r 0 2.9148145818
867622611 473026919
#r 0 2.9479037304
0 0
#r 0 0.4231676912
494169261 705240858
#r 0 5.4358581469
494169261 704240858
#r 0 4.1251215988
494548824 704811111
#r 0 4.7238828576
122469093 -725635014
#r 0 0.6009627785
122469093 -724635014
#r 0 0.6911912051
115416388 -730470004
#r 0 0.7183797542
-603116602 -663308573
#r 0 5.9185078438
-603116602 -662308573
#r 0 6.0207585080
-611955935 -659934136
#r 0 1.8890521322
-145539966 -887360284
#r 0 1.8637428192
-145539966 -886360284
#r 0 1.8770882865
-152064681 -865728371
#r 0 1.9253699139
682414660 608429595
#r 0 4.9526677879
682414660 607429595
#r 0 4.9574743765
694427733 559399092
#r 0 4.5568116685
-490982295 -354183775
#r 0 0.6052035773
-490982295 -353183775
#r 0 2.8805084089
-489939527 -353462385
#r 0 0.6936201273
-802812116 -220135267
#r 0 5.7916100062
-802812116 -219135267
#r 0 5.7758215356
-754006435 -246266479
#r 0 5.7134578362
250470454 471718324
#r 0 5.4152761213
250470454 470718324
#r 0 5.3988758987
225486843 501206702
#r 0 4.8069697927
439852827 37625603
#r 0 1.1660455124
439852827 36625603
#r 0 1.2039086216
443584450 46336115
#r 0 1.1958613225
-160210028 -311873695
#r 0 1.9346211326
-160210028 -310873695
#r 0 2.6700432271
-160682551 -310632748
#r 0 2.1809914865
378118500 -176315695
#r 0 1.5723565391
378118500 -175315695
#r 0 6.0784323878
378116939 -175315371
#r 0 2.7366858081
-866575725 -214630372
#r 0 0.0043425790
-866575725 -213630372
#r 0 0.2269963528
-870988113 -214649533
#r 0 5.9003069117
135413484 36622920
#r 0 1.2109871744
135413484 35622920
#r 0 3.3543303298
135004027 35534475
#r 0 1.5493068800
133848038 926203271
#r 0 3.8032348517
133848038 925203271
#r 0 3.7892488616
88857621 891167450
#r 0 3.7990034313
152317393 -838586251
#r 0 1.2343850235
152317393 -837586251
#r 0 2.1847919000
152551134 -837917854
#r 0 5.1750149341
866394399 -388688067
#r 0 2.4289127296
866394399 -387688067
#r 0 2.4747434468
853417628 -377473551
#r 0 2.4617734986
-110683473 -855371776
#r 0 3.3269205888
-110683473 -854371776
#r 0 3.3587904938
-140804235 -861018795
#r 0 3.3992331565
-778756986 -564076853
#r 0 6.2398330430
-778756986 -563076853
#r 0 1.8139888690
-778506184 -564087733
#r 0 0.8598847932
-737950047 -439455128
#r 0 1.4620192065
-737950047 -438455128
#r 0 0.5298404244
-737833376 -438386794
#r 0 0.5634975325
-609784449 -471338019
#r 0 0.5298782952
-609784449 -470338019
#r 0 0.6307750491
-616702521 -475390304
#r 0 0.7097545454
-23189346 649857189
#r 0 1.1667304091
-23189346 648857189
#r 0 3.0392749364
-23598957 648899246
#r 0 5.0097403943
919027675 186956176
#r 0 4.3792540661
919027675 185956176
#r 0 3.1935989506
918675297 185937834
#r 0 4.4076841640
-462062882 -817316296
#r 0 0.3557154763
-462062882 -816316296
#r 0 3.8457038136
-464155714 -818093823
#r 0 3.8500127497
-122964257 -333624352
#r 0 2.6700386052
-122964257 -332624352
#r 0 3.0050187887
-125648871 -332255407
#r 0 2.4153332873
-340634393 559951828
#r 0 1.9302067184
-340634393 558951828
#r 0 3.8705869648
-340353067 559203083
#r 0 2.1119906143
-909594700 -252680642
#r 0 1.4196546434
-909594700 -251680642
#r 0 2.2730128318
-909465631 -251833191
#r 0 6.2808229167
43912064 302995607
#r 0 4.7180396769
43912064 301995607
#r 0 0.0331935328
43917714 301995795
#r 0 5.3716890562
117420708 890129395
#r 0 3.3545156434
117420708 889129395
#r 0 3.3324115862
74000865 880742019
#r 0 4.3838664892
-468178342 -347725758
#r 0 2.7785154759
-468178342 -346725758
#r 0 3.0069090029
-472269725 -346171359
#r 0 2.0400783388
71200613 -222501511
#r 0 1.6849513313
71200613 -221501511
#r 0 3.0782494148
71085120 -221494185
#r 0 2.0354978745
-243623499 -789879633
#r 0 2.5701718170
-243623499 -788879633
#r 0 5.6194578842
-236435455 -794501365
#r 0 3.3131338765
-769324329 107708350
#r 0 0.0440494709
-769324329 106708350
#r 0 5.3349210009
-770020057 107677684
#r 0 5.8182386706
635566251 196520845
#r 0 6.0498047176
635566251 195520845
#r 0 1.1234528029
635996916 196418471
#r 0 3.2635782846
195202581 -473800941
#r 0 5.4059798720
195202581 -472800941
#r 0 2.0186532862
196340585 -475169736
#r 0 3.6737793686
308865562 -904406367
#r 0 3.7087194531
308865562 -903406367
#r 0 3.7205623216
249251196 -942376090
#r 0 3.6799484698
710295145 -265660052
#r 0 3.0854309925
710295145 -264660052
#r 0 2.8293204061
714045886 -265870922
#r 0 5.6148040774
-659887626 -690524746
#r 0 1.2895213383
-659887626 -689524746
#r 0 1.2254929406
-658419209 -685442581
#r 0 6.0913584757
582191960 -738122481
#r 0 0.6310203875
582191960 -737122481
#r 0 0.6520613702
551688754 -760410524
#r 0 5.5990306034
619956929 619639294
#r 0 5.3586999397
619956929 618639294
#r 0 4.0592593330
620336799 619135755
#r 0 5.2549817652
279378978 182926265
#r 0 3.8196459858
279378978 181926265
#r 0 1.0158129480
280617367 183923721
#r 0 3.7923957678
-31041134 -356688329
#r 0 3.0907924758
-31041134 -355688329
#r 0 2.9847292987
-21723104 -357162094
#r 0 2.7442297643
531322273 778893238
#r 0 4.3503792820
531322273 777893238
#r 0 4.2010722733
530157274 775816919
#r 0 3.6939746040
-409016762 -551302065
#r 0 1.9520550320
-409016762 -550302065
#r 0 1.2008798838
-409213868 -550810374
#r 0 5.4039167582
-242530425 -410578653
#r 0 5.9633946472
-242530425 -409578653
#r 0 1.7019940548
-242392440 -410624348
#r 0 1.4967668440
280793211 -921368331
#r 0 1.6704854851
280793211 -920368331
#r 0 3.6788374166
280698815 -920424562
#r 0 3.6997514423
730390034 137322819
#r 0 1.4849346513
730390034 136322819
#r 0 3.4896599070
730301186 136290581
#r 0 5.8114858645
336241334 349827929
#r 0 5.6783477782
336241334 348827929
#r 0 5.7348332873
348675727 341232504
#r 0 5.7149204649
182629508 -60733374
#r 0 3.1156678963
182629508 -59733374
#r 0 5.8099821752
184686818 -60786721
#r 0 2.6338009813
-14583895 -391538609
#r 0 5.0890245338
-14583895 -390538609
#r 0 1.2696650522
-14757864 -391098757
#r 0 2.5344731042
-529968658 -541423045
#r 0 6.2711935133
-529968658 -540423045
#r 0 1.7650451858
-529771463 -541425410
#r 0 2.3180638447
-295721070 -115687762
#r 0 5.1932532214
-295721070 -114687762
#r 0 5.6149515295
-296608074 -113987576
#r 0 0.2666608905
-860392259 105310463
#r 0 1.4855559774
-860392259 104310463
#r 0 4.9797938818
-860457392 104548204
#r 0 6.0439140781
134282577 690186611
#r 0 4.8153652132
134282577 689186611
#r 0 4.8335036340
134967321 683560602
#r 0 4.8163388346
120775521 105317247
#r 0 4.0034677275
120775521 104317247
#r 0 5.6431342099
120252123 104706981
#r 0 5.6712728427
705482076 -427802156
#r 0 2.0929747918
705482076 -426802156
#r 0 0.4051136592
705020519 -427000087
#r 0 4.8378510276
67711290 -820628312
#r 0 3.3219072303
67711290 -819628312
#r 0 0.8643512824
66700715 -820812534
#r 0 2.1118412992
433987350 508403551
#r 0 4.3051043295
433987350 507403551
#r 0 5.5485836149
433676910 507683952
#r 0 3.9207195723
-118050258 19266698
#r 0 2.6771772543
-118050258 18266698
#r 0 5.9722687099
-112483001 16477724
#r 0 2.6763048726
-797637337 -148047045
#r 0 2.9671941704
-797637337 -147047045
#r 0 2.9998757282
-827474706 -142790048
#r 0 5.6507325870
-297627869 -312378482
#r 0 1.2476668939
-297627869 -311378482
#r 0 1.3270424815
-298594373 -315264723
#r 0 1.3156398109
526708312 738674488
#r 0 3.4629852404
526708312 737674488
#r 0 4.3565639302
527132434 738815693
#r 0 4.1522658681
902408713 326691638
#r 0 2.6190179806
902408713 325691638
#r 0 4.7501953243
902370046 326713910
#r 0 2.6663869140
194389026 724215994
#r 0 5.1279512422
194389026 723215994
#r 0 2.2696171577
195318265 722110118
#r 0 4.1680603351
479784988 -770379991
#r 0 6.0772821233
479784988 -769379991
#r 0 2.3777895779
481120363 -770658902
#r 0 6.0677169658
-131810955 348029062
#r 0 4.6647026567
-131810955 347029062
#r 0 0.6149828680
-131860342 346994177
#r 0 5.8841970487
586522933 -217901995
#r 0 3.0342003836
586522933 -216901995
#r 0 5.4220656429
587469560 -218004048
#r 0 5.3841885566
-187748036 23994930
#r 0 1.8763297024
-187748036 22994930
#r 0 1.8818439017
-171052462 -28938069
#r 0 4.6826773695
352205545 -810872443
#r 0 1.5801743045
352205545 -809872443
#r 0 1.8678313494
352195870 -809840836
#r 0 0.0846507080
-281264150 625950435
#r 0 2.7399777121
-281264150 624950435
#r 0 4.8377644297
-281397314 626006990
#r 0 6.0878051753
805993669 -555805939
#r 0 2.1257927442
805993669 -554805939
#r 0 3.7254612693
805553840 -555096539
#r 0 3.8305201725
109176579 830254230
#r 0 4.8660640194
109176579 829254230
#r 0 2.1956243822
109373841 828980719
#r 0 2.2101248640
454603456 -115132683
#r 0 2.8771745690
454603456 -114132683
#r 0 1.7582337513
454803387 -115186816
#r 0 1.4729377551
-841858840 456991149
#r 0 4.8825725174
-841858840 455991149
#r 0 4.8424506037
-842406458 460177835
#r 0 4.8482321891
-394302774 -111391377
#r 0 5.3582037840
-394302774 -110391377
#r 0 0.4110869598
-394870037 -110638661
#r 0 4.1189508319
-44928054 515757560
#r 0 4.6439932353
-44928054 514757560
#r 0 1.2509087046
-45014415 514496858
#r 0 0.1576890483
-121117037 -740886462
#r 0 3.2463547236
-121117037 -739886462
#r 0 4.4494985680
-121393993 -740915583
#r 0 3.2270532197
-104972969 -794518837
#r 0 2.9309453532
-104972969 -793518837
#r 0 4.1100859401
-105572376 -794390672
#r 0 4.1095648002
-228728329 -70115130
#r 0 1.3550798919
-228728329 -69115130
#r 0 6.1615225508
-228514921 -69141223
#r 0 6.1481274480
211817052 -353830981
#r 0 1.0736506397
211817052 -352830981
#r 0 2.2022025098
212128534 -353256928
#r 0 2.1039314551
714039536 -444378998
#r 0 2.2055199088
714039536 -443378998
#r 0 2.5769375458
712659371 -442504728
#r 0 0.5156527920
210279624 -719446913
#r 0 4.7070690178
210279624 -718446913
#r 0 0.8387880666
210284976 -718440957
#r 0 2.1827992371
-252990652 907596128
#r 0 4.9465335548
-252990652 906596128
#r 0 3.6842072203
-252782124 906721868
#r 0 3.6151775094
-111775591 385835601
#r 0 4.5698887445
-111775591 384835601
#r 0 4.4779262432
-112134872 383331427
#r 0 5.1195102682
-751715650 246572132
#r 0 3.0133047470
-751715650 245572132
#r 0 3.0017750487
-836897911 257560333
#r 0 1.5428232553
734240015 -107718197
#r 0 2.9534484582
734240015 -106718197
#r 0 3.1183176161
728256177 -106578898
#r 0 2.3052573929
451097033 876365304
#r 0 4.8529073971
451097033 875365304
#r 0 4.2533714897
451207008 875587824
#r 0 4.8249363914
-213751703 -188883800
#r 0 2.8735106689
-213751703 -187883800
#r 0 3.3808699203
-215679804 -188354162
#r 0 3.9346355740
-871609781 -439190600
#r 0 1.9551846215
-871609781 -438190600
#r 0 1.6798899645
-871459584 -439561906
#r 0 0.3893852200
873731973 -187795839
#r 0 4.3853765718
873731973 -186795839
#r 0 1.0539688450
874573199 -185315737
#r 0 4.3036582480
476321941 -514170025
#r 0 2.7406540757
476321941 -513170025
#r 0 3.5133395498
475093099 -513649119
#r 0 3.5149876042
648529161 -258031637
#r 0 2.7258519683
648529161 -257031637
#r 0 2.7205202467
805122693 -327163528
#r 0 5.4735286935
-947200162 54478327
#r 0 0.0045370419
-947200162 53478327
#r 0 1.5071746458
-947136436 54478616
#r 0 0.0514262631
-72923073 965837855
#r 0 3.8544880531
-72923073 964837855
#r 0 5.7719784135
-73624571 965231357
#r 0 5.7592017695
533900477 -572149686
#r 0 1.8999339430
533900477 -571149686
#r 0 1.4968112981
533839573 -571971376
#r 0 3.0792595603
-787439174 -505763987
#r 0 5.8236765949
-787439174 -504763987
#r 0 1.4104614511
-787588914 -505689890
#r 0 0.8443073599
-244124713 -774407860
#r 0 2.7830717846
-244124713 -773407860
#r 0 2.8227801543
-266524599 -766014285
#r 0 2.8247684710
912688030 366379819
#r 0 2.8394778319
912688030 365379819
#r 0 4.6821321566
912718013 366370475
#r 0 4.6734986058
65744808 676218049
#r 0 5.2703025030
65744808 675218049
#r 0 5.3000030042
75628137 660380567
#r 0 4.6896936403
-530446177 836542796
#r 0 4.4761410928
-530446177 835542796
#r 0 4.5043478612
-528732075 843662829
#r 0 4.1112096862
-415563059 -298865844
#r 0 0.5913393252
-415563059 -297865844
#r 0 2.9316881108
-414432528 -298106695
#r 0 5.1397461310
-886033412 -228132643
#r 0 5.9779245697
-886033412 -227132643
#r 0 1.6557061439
-885945952 -228160203
#r 0 2.5950151360
-277974413 -935647969
#r 0 2.7194029343
-277974413 -934647969
#r 0 1.4731738659
-278068220 -935605831
#r 0 0.5653519102
200104270 740576328
#r 0 2.3063521246
200104270 739576328
#r 0 2.3178564020
239736821 696782144
#r 0 5.5325640450
-138670661 -326693416
#r 0 2.2553224349
-138670661 -325693416
#r 0 1.7118017117
-138498829 -326903949
#r 0 1.5844080723
-420259027 -893966584
#r 0 2.5141206199
-420259027 -892966584
#r 0 0.8561854756
-420791541 -893580378
#r 0 2.5207507330
-798050443 -196980374
#r 0 5.4546583929
-798050443 -195980374
#r 0 5.4825526102
-814924960 -178583711
#r 0 2.6094685583
-402542994 -134498653
#r 0 2.5429952326
-402542994 -133498653
#r 0 3.1467546736
-403998086 -133506164
#r 0 6.0039287555
508744237 816338581
#r 0 3.7767969286
508744237 815338581
#r 0 5.2494783729
508330404 816033538
#r 0 3.6936616175
-397593185 913590386
#r 0 4.8319567539
-397593185 912590386
#r 0 3.8429532382
-397484112 912682511
#r 0 4.8136062145
-443314379 -868631678
#r 0 2.6060642158
-443314379 -867631678
#r 0 1.7764670489
-443076285 -868772955
#r 0 2.5831976145
-533147680 613971414
#r 0 0.5249317904
-533147680 612971414
#r 0 1.3326628686
-532865235 614134986
#r 0 2.0045211325
-770932227 -336799630
#r 0 1.2876257251
-770932227 -335799630
#r 0 0.0118996175
-770640226 -335796155
#r 0 6.2722917836
-313801222 -169811900
#r 0 5.5817447155
-313801222 -168811900
#r 0 6.1587390283
-315190765 -168638078
#r 0 5.6175856623
396351162 236536477
#r 0 5.1298933529
396351162 235536477
#r 0 5.1522483832
404075282 219123439
#r 0 3.6363868226
653214263 -656222690
#r 0 0.9752380913
653214263 -655222690
#r 0 4.3011961150
651991164 -658027640
#r 0 0.6486622384
-126037657 252119065
#r 0 4.4804583005
-126037657 251119065
#r 0 4.4611586301
-128998590 239582343
#r 0 4.4532248280
795662488 -210263076
#r 0 4.9869746576
795662488 -209263076
#r 0 0.8427613070
795448434 -209503213
#r 0 0.8316021040
-552602322 134431660
#r 0 4.4184650510
-552602322 133431660
#r 0 3.6667223292
-552969388 133218984
#r 0 3.6738220238
-25074801 475442830
#r 0 1.3187278371
-25074801 474442830
#r 0 6.1688466582
-25324949 474471557
#r 0 4.3091945900
-581753711 58339560
#r 0 4.4365597200
-581753711 57339560
#r 0 3.1055333729
-582033894 57349668
#r 0 1.3914100310
-123676106 -141587957
#r 0 2.2304890228
-123676106 -140587957
#r 0 0.6831553049
-124151573 -140974936
#r 0 2.2048476546
-770394741 -202777594
#r 0 5.1637923398
-770394741 -201777594
#r 0 0.5986223920
-770759056 -202026099
#r 0 2.9996934298
226219170 40973701
#r 0 2.6192021120
226219170 39973701
#r 0 2.6620238829
244179729 30633081
#r 0 2.6285027201
-730767039 -317649186
#r 0 1.8311617372
-730767039 -316649186
#r 0 1.8010159710
-728818074 -324964768
#r 0 1.7979931800
313987082 -595303530
#r 0 0.7058479885
313987082 -594303530
#r 0 2.8221090808
314832283 -594583136
#r 0 2.8250742365
422385780 609464897
#r 0 4.5250267003
422385780 608464897
#r 0 5.9754663362
422206968 608521726
#r 0 3.3172806058
-283682688 -708434606
#r 0 4.3547757869
-283682688 -707434606
#r 0 4.3969569869
-286257863 -715325990
#r 0 4.3719216241
-165174039 -771223105
#r 0 0.7073024536
-165174039 -770223105
#r 0 4.8472567127
-165052451 -771119166
#r 0 4.8395563598
-595802012 -385074130
#r 0 0.8672590244
-595802012 -384074130
#r 0 0.3799699368
-594518935 -383561697
#r 0 1.1526988860
277214466 -802769623
#r 0 2.6394598683
277214466 -801769623
#r 0 3.0722013413
275129274 -801624696
#r 0 3.2917571403
-49223034 10182434
#r 0 5.2982061018
-49223034 9182434
#r 0 5.3360861538
-40696603 -2667974
#r 0 5.2879138815
606551053 -19018638
#r 0 2.9132011345
606551053 -18018638
#r 0 2.4689165939
608323563 -19430653
#r 0 4.4702094229
-355498144 909755308
#r 0 4.4892333883
-355498144 908755308
#r 0 3.8518517194
-355780107 908512826
#r 0 4.6275043123
47076853 -733059593
#r 0 3.2192662423
47076853 -732059593
#r 0 5.3529568021
47781404 -733004758
#r 0 3.3376851049
-374230082 240356462
#r 0 6.0068295690
-374230082 239356462
#r 0 4.3706176325
-373906951 240264818
#r 0 4.7702442015
57914385 673072022
#r 0 3.0218448406
57914385 672072022
#r 0 5.3245664605
57147422 673164306
#r 0 5.3227483939
-434227853 -134865342
#r 0 4.2257409307
-434227853 -133865342
#r 0 0.3204732990
-433586055 -133652320
#r 0 4.2146713123
-803935016 3201268
#r 0 4.1339503671
-803935016 2201268
#r 0 0.4755246782
-804918686 1694741
#r 0 1.2302769869
612533705 664406426
#r 0 5.2825568220
612533705 663406426
#r 0 5.2017535175
609390208 669308906
#r 0 5.2692669196
-128789750 -864403732
#r 0 3.1461022087
-128789750 -863403732
#r 0 3.1814737545
-157044186 -864531148
#r 0 0.0672375619
49745228 181238661
#r 0 0.2886440573
49745228 180238661
#r 0 3.0252491032
47328649 180521090
#r 0 4.7149963175
582907428 511612935
#r 0 3.7511378180
582907428 510612935
#r 0 3.8283760617
591124309 517350307
#r 0 6.2400836222
616180789 -199370439
#r 0 4.0170056816
616180789 -198370439
#r 0 4.0642606027
607992871 -209183064
#r 0 2.0297471996
144982153 -279834439
#r 0 5.1227317051
144982153 -278834439
#r 0 1.7995571209
145483102 -280985943
#r 0 2.4799475944
-152837913 140842892
#r 0 4.6272295341
-152837913 139842892
#r 0 1.3599298184
-152979909 139179508
#r 0 5.6365782971
549838263 -730153584
#r 0 5.3348877021
549838263 -729153584
#r 0 2.5829501813
548536693 -728340025
#r 0 5.3281664401
-591139324 -247371007
#r 0 4.8825149910
-591139324 -246371007
#r 0 2.1482236354
-591372628 -246012903
#r 0 5.9096274468
-753947354 98952221
#r 0 5.3285196779
-753947354 97952221
#r 0 5.7872320015
-752799516 97331172
#r 0 5.8146615084
-98352464 -743450637
#r 0 0.4129285621
-98352464 -742450637
#r 0 2.3190365870
-97692545 -743161515
#r 0 4.2933139916
611104978 -524723090
#r 0 2.9522452607
611104978 -523723090
#r 0 3.3127863253
608361713 -524197362
#r 0 1.7273444886
-276948858 -364114257
#r 0 1.5947912070
-276948858 -363114257
#r 0 1.4837001560
-276967683 -363329854
#r 0 1.5190331977
-558362802 302376104
#r 0 5.6993415090
-558362802 301376104
#r 0 2.7967339198
-555045646 300184538
#r 0 6.0777553683
-267275647 10250653
#r 0 0.0008925497
