701687785 -541700890
#r 0 1.7371464215
701687785 -540700890
#r 0 1.7245002783
703692466 -553640503
#r 0 3.2276947577
-499127383 633119407
#r 0 5.6032401084
-499127383 632119407
#r 0 3.9908461205
-498613295 632703730
#r 0 2.7087776301
-483608482 -622730427
#r 0 2.9346203035
-483608482 -621730427
#r 0 5.4470896073
-482493564 -622964537
#r 0 6.1052571814
-400050622 -282770132
#r 0 0.3783029535
-400050622 -281770132
#r 0 2.6859901540
-398923773 -282322270
#r 0 2.5765122107
301295572 728310821
#r 0 1.7395985674
301295572 727310821
#r 0 0.4395245383
301453353 727385009
#r 0 4.4367594113
538670319 187274473
#r 0 0.2871159645
538670319 186274473
#r 0 3.5883725153
544110569 188880841
#r 0 0.2997971794
-356518068 -65592954
#r 0 1.6222717876
-356518068 -64592954
#r 0 1.6292851703
-356946922 -57269075
#r 0 0.8268833928
-276446552 932869643
#r 0 5.9826987622
-276446552 931869643
#r 0 4.4144038648
-276166112 932782743
#r 0 4.6251145875
-550539604 -271667289
#r 0 0.2646039754
-550539604 -270667289
#r 0 0.4053686738
-556861571 -273380273
#r 0 2.5159782882
-618319202 -169265767
#r 0 1.8382228880
-618319202 -168265767
#r 0 1.8463855155
-627128498 -137113825
#r 0 1.7791150850
755102565 -188650360
#r 0 1.6475459249
755102565 -187650360
#r 0 1.9616060057
755008017 -187420875
#r 0 1.6573409342
380790345 -501424583
#r 0 1.8717077138
380790345 -500424583
#r 0 2.5640198864
380401334 -500171062
#r 0 1.1012407044
-579009961 358478730
#r 0 3.1097345813
-579009961 357478730
#r 0 3.7193217629
-577547538 358432124
#r 0 3.1124756313
299350043 -849072587
#r 0 2.4980967874
299350043 -848072587
#r 0 2.3669043143
303720391 -852350312
#r 0 2.3511599488
547958642 -796389549
#r 0 2.7773548409
547958642 -795389549
#r 0 3.6948888175
546957539 -796007880
#r 0 3.2379525448
120566706 -818818612
#r 0 2.3976147965
120566706 -817818612
#r 0 1.8228356808
120904219 -819129262
#r 0 2.5065314639
137093106 -178832048
#r 0 1.5256270065
137093106 -177832048
#r 0 1.5637444479
137084750 -179016907
#r 0 4.4935184202
-671832205 450572368
#r 0 0.6854181113
-671832205 449572368
#r 0 1.3873791384
-671613536 450751166
#r 0 6.0509724666
-468532303 -84888903
#r 0 4.1497386341
-468532303 -83888903
#r 0 5.9865775884
-468003565 -84050498
#r 0 0.7823864483
242220329 -192797614
#r 0 2.2680121076
242220329 -191797614
#r 0 4.0623166309
241821797 -192321778
#r 0 4.0967896548
474168597 127670696
#r 0 3.6223888734
474168597 126670696
#r 0 3.4424683806
469436600 125202376
#r 0 3.4880871243
595496296 -707793242
#r 0 1.3508855790
595496296 -706793242
#r 0 3.1701937273
595721260 -706786806
#r 0 1.3303076362
677928845 -196320030
#r 0 1.2769475956
677928845 -195320030
#r 0 1.0348120197
678545730 -194281475
#r 0 4.5340266193
134234208 -184258840
#r 0 5.8351203307
134234208 -183258840
#r 0 1.5886762700
134252245 -184267510
#r 0 1.5581283668
-222667336 -46611794
#r 0 4.2120409758
-222667336 -45611794
#r 0 1.3197645802
-223150298 -47495120
#r 0 4.6833575269
219528894 970092025
#r 0 4.3275576314
219528894 969092025
#r 0 2.9224670525
219157379 969174762
#r 0 2.9771031573
-384209398 -106897359
#r 0 5.9741022368
-384209398 -105897359
#r 0 0.0167587734
-387184905 -105947230
#r 0 5.9641802273
615373946 -411111791
#r 0 5.8475198148
615373946 -410111791
#r 0 5.8360586580
686700375 -444313965
#r 0 2.7210572086
326662212 790338362
#r 0 2.0238137652
326662212 789338362
#r 0 5.7879861669
327322617 788981687
#r 0 5.5167085991
340630368 -61653550
#r 0 0.4035429047
340630368 -60653550
#r 0 2.2649322628
341244450 -61391352
#r 0 2.2795161208
-936931568 -253662529
#r 0 5.6539424327
-936931568 -252662529
#r 0 1.0584838899
-937330602 -253372050
#r 0 0.5498018074
-55698254 -527054964
#r 0 0.2997536229
-55698254 -526054964
#r 0 0.2315572490
-42051916 -522837341
#r 0 0.2344365165
-176767589 -188188183
#r 0 6.0010973096
-176767589 -187188183
#r 0 2.7270250257
-170112289 -190116998
#r 0 1.2427900303
133207554 429148051
#r 0 2.5241628363
133207554 428148051
#r 0 3.7592171216
133911598 428648154
#r 0 2.5219163592
420725815 -425022251
#r 0 3.6327118462
420725815 -424022251
#r 0 2.8474949360
421919549 -424383810
#r 0 0.9777468729
-984543034 144270826
#r 0 6.0800790216
-984543034 143270826
#r 0 6.1122451147
-954532052 138090184
#r 0 6.0896692812
366737756 485628537
#r 0 5.9689860225
366737756 484628537
#r 0 2.9155768068
377261938 482208557
#r 0 5.0242091022
-649282821 -270779598
#r 0 4.8339791451
-649282821 -269779598
#r 0 5.4471047329
-649424126 -269623192
#r 0 4.6907651146
411724544 245564399
#r 0 0.2394644869
411724544 244564399
#r 0 5.5124351569
410901684 245363498
#r 0 3.8040626998
795592083 -315379132
#r 0 3.7227174107
795592083 -314379132
#r 0 3.5142957721
799354296 -312908196
#r 0 3.7225046048
-521849662 466816098
#r 0 5.4978297448
-521849662 465816098
#r 0 3.4564373635
-521095282 466061783
#r 0 2.9072463362
-558514126 -706353026
#r 0 1.6780517258
-558514126 -705353026
#r 0 0.8093208351
-558610868 -705454511
#r 0 0.8381298053
-218018041 -776753981
#r 0 2.8468780794
-218018041 -775753981
#r 0 0.9068244716
-218650341 -776562044
#r 0 0.3991741918
517252615 315449462
#r 0 5.3104392676
517252615 314449462
#r 0 5.6651672737
518573780 313510218
#r 0 0.0519142359
-836634468 79323631
#r 0 5.5059096156
-836634468 78323631
#r 0 5.9250023560
-834993929 77709528
#r 0 2.6580309075
-478957491 -425697431
#r 0 6.1318676380
-478957491 -424697431
#r 0 5.0292891779
-478612275 -425750071
#r 0 2.3568232661
744680137 283363242
#r 0 4.9479111287
744680137 282363242
#r 0 0.5581061457
744888844 282493541
#r 0 2.2079724734
787479252 -388621533
#r 0 3.3441560195
787479252 -387621533
#r 0 2.6482191391
788824949 -388345154
#r 0 2.9176718616
734374273 161323653
#r 0 5.6911801918
734374273 160323653
#r 0 4.0162733048
734909287 160963875
#r 0 3.9378408661
-835925574 -325109799
#r 0 6.0027623696
-835925574 -324109799
#r 0 0.3169717416
-837548834 -324642280
#r 0 5.4172861143
191098699 -491490599
#r 0 3.2415943961
191098699 -490490599
#r 0 3.9762990702
190102170 -491590587
#r 0 3.9730876690
76967052 -918743877
#r 0 2.8272701380
76967052 -917743877
#r 0 1.8422534671
77273069 -918843363
#r 0 2.3063343767
-458212991 -390070259
#r 0 4.1125458368
-458212991 -389070259
#r 0 0.5313961694
-457069342 -388398029
#r 0 2.4470003658
-561441965 -303326039
#r 0 0.5152664460
-561441965 -302326039
#r 0 4.5583758618
-561612171 -303422425
#r 0 3.8353749151
-143029320 -288205830
#r 0 5.3576659302
-143029320 -287205830
#r 0 0.9639839936
-143390468 -287726077
#r 0 1.5599913137
-217724255 370576245
#r 0 3.1441805304
-217724255 369576245
#r 0 4.8733876884
-217886591 370575825
#r 0 4.1713873214
231282029 -813119927
#r 0 2.2428292858
231282029 -812119927
#r 0 1.7070848599
231447731 -813328208
#r 0 2.7475985850
-173650117 941397434
#r 0 4.6801948452
-173650117 940397434
#r 0 3.9567534086
-173683462 940362043
#r 0 5.9396754626
-974261600 -135035256
#r 0 0.4732018197
-974261600 -134035256
#r 0 0.4452810421
-945486515 -120302399
#r 0 0.4466933299
-219071864 876570219
#r 0 5.1206816102
-219071864 875570219
#r 0 3.8864650434
-218762616 875855365
#r 0 4.5413559676
841216372 -245702053
#r 0 3.7229481626
841216372 -244702053
#r 0 2.9328080723
842367147 -244945870
#r 0 2.7973168403
-554460271 622376857
#r 0 2.3438268668
-554460271 621376857
#r 0 5.3716951430
-558229778 626240776
#r 0 2.3591064996
-710372218 -603481641
#r 0 0.8127808833
-710372218 -602481641
#r 0 0.4346227767
-708683296 -601697596
#r 0 0.4471468153
57367412 137137296
#r 0 5.5629854668
57367412 136137296
#r 0 1.4835553101
57448641 137066024
#r 0 5.9746138968
350298717 99524416
#r 0 5.4838989084
350298717 98524416
#r 0 4.5618123138
350429967 99389469
#r 0 3.5155218812
124361302 -505132095
#r 0 3.2386833812
124361302 -504132095
#r 0 4.2769825518
123874045 -505179552
#r 0 0.6449114678
-544744435 413022941
#r 0 2.3382510726
-544744435 412022941
#r 0 2.3391144627
14089551 -166234486
#r 0 3.2906763157
-119196968 -904270036
#r 0 1.1846991719
-119196968 -903270036
#r 0 1.2715157462
-120477443 -907420038
#r 0 1.1972293311
-804414631 -463783652
#r 0 0.5086751622
-804414631 -462783652
#r 0 0.3744005612
-798342478 -460397694
#r 0 0.8348850693
551441948 -761356956
#r 0 1.3123072240
551441948 -760356956
#r 0 2.4387842223
551657969 -760539947
#r 0 1.7953967576
27156741 -865736728
#r 0 3.1097952270
27156741 -864736728
#r 0 1.8635208082
27461040 -865746407
#r 0 3.0923358304
940217810 -146619311
#r 0 2.0726434430
940217810 -145619311
#r 0 1.7811325245
940567278 -147256208
#r 0 2.0837636800
-914055295 46387478
#r 0 5.7231780521
-914055295 45387478
#r 0 0.4425218220
-913146885 45817942
#r 0 1.8517362667
-936955659 -34943340
#r 0 1.3082606532
-936955659 -33943340
#r 0 1.5855378350
-936941683 -34891334
#r 0 5.9767037320
-369379595 277222742
#r 0 1.0187306525
-369379595 276222742
#r 0 4.7664247667
-369429317 277142018
#r 0 1.0139630439
-821124475 11788443
#r 0 4.5376891544
-821124475 10788443
#r 0 4.5259447805
-823867887 -3755050
#r 0 4.5533020697
-490967586 616064171
#r 0 6.1356825475
-490967586 615064171
#r 0 3.9104368023
-490071537 615931034
#r 0 4.6071651793
-678074763 -588467848
#r 0 6.1575712081
-678074763 -587467848
#r 0 6.1252804912
-647727089 -592300121
#r 0 6.1100593414
217643120 -215305082
#r 0 2.9290313894
217643120 -214305082
#r 0 3.1661640806
213483350 -214407314
#r 0 4.2006417864
-682169509 -158834214
#r 0 0.0329809408
-682169509 -157834214
#r 0 1.4715477217
-682269413 -158837510
#r 0 0.3890744471
557597791 508080141
#r 0 3.9691447567
557597791 507080141
#r 0 0.7884441129
545397035 494804832
#r 0 2.1464217384
639262792 -399950495
#r 0 4.4174555197
639262792 -398950495
#r 0 4.4236961758
626002029 -443601072
#r 0 1.2795253912
61684808 -566926225
#r 0 4.8864179215
61684808 -565926225
#r 0 4.8738712887
63903756 -579547698
#r 0 4.8917368959
523190902 523430949
#r 0 2.1455969116
523190902 522430949
#r 0 1.6070378785
523152495 523490241
#r 0 1.6771241385
-97120665 -106773775
#r 0 3.0882824260
-97120665 -105773775
#r 0 1.9098956412
-96761175 -106792958
#r 0 3.1135703912
-565009351 514254679
#r 0 3.5017710762
-565009351 513254679
#r 0 5.1069005617
-565369258 514119136
#r 0 3.5147942598
334580786 -482417867
#r 0 1.8230841766
334580786 -481417867
#r 0 1.9918929191
333973464 -480061900
#r 0 0.1676961984
-302732954 278207160
#r 0 2.5498390496
-302732954 277207160
#r 0 5.1846646914
-303510866 278729994
#r 0 1.6805307347
-258338693 -552221732
#r 0 5.5590073377
-258338693 -551221732
#r 0 5.4833247048
-251435687 -558327351
#r 0 0.7676504841
-571070279 -284224233
#r 0 4.5888563694
-571070279 -283224233
#r 0 1.9363840189
-570976525 -283469153
#r 0 4.0067125492
481874853 641887316
#r 0 0.8550539604
481874853 640887316
#r 0 0.2077148403
480810172 640662929
#r 0 0.8875667745
-479273610 -106822827
#r 0 2.6668682103
-479273610 -105822827
#r 0 2.4016686059
-476767511 -108110771
#r 0 3.3302313374
-4238218 -621301856
#r 0 4.9235343882
-4238218 -620301856
#r 0 1.3970140244
-4334727 -620851597
#r 0 1.5109636141
-213551122 -22815755
#r 0 0.0633785315
-213551122 -21815755
#r 0 4.4633864106
-213809572 -22832157
#r 0 4.8517826002
-874003763 -51756842
#r 0 1.8858334325
-874003763 -50756842
#r 0 0.4982219331
-874280579 -50907429
#r 0 6.1810104414
-191082364 -706539912
#r 0 5.2185665097
-191082364 -705539912
#r 0 0.8204556912
-191429996 -705912815
#r 0 0.3859250899
-712230836 221529366
#r 0 5.4652715443
-712230836 220529366
#r 0 5.0221079209
-712716842 222048052
#r 0 2.2360094276
-780382671 126943689
#r 0 1.7598183707
-780382671 125943689
#r 0 5.8271818037
-780171556 125840141
#r 0 5.7208981300
-236286024 -513307999
#r 0 5.2720709825
-236286024 -512307999
#r 0 0.5467025810
-236739594 -512584032
#r 0 1.1727757975
432125842 146983063
#r 0 2.3993271962
432125842 145983063
#r 0 4.7040801017
432134088 146975499
#r 0 0.3227479512
-261116530 -918750953
#r 0 1.0266927696
-261116530 -917750953
#r 0 2.1235324791
-260811084 -918246102
#r 0 0.6359792678
118024946 613168088
#r 0 5.5993811066
118024946 612168088
#r 0 4.7376972430
117999099 613189153
#r 0 5.6082569965
-464226731 -787773296
#r 0 0.2779860555
-464226731 -786773296
#r 0 1.1864894909
-464683909 -787903763
#r 0 0.6549108728
-243669211 -909135288
#r 0 0.3172432730
-243669211 -908135288
#r 0 1.0220778284
-244434082 -909386420
#r 0 1.5247370418
-477273716 873997373
#r 0 5.0279937006
-477273716 872997373
#r 0 5.3570383669
-476696504 872229595
#r 0 4.1256313706
-723337552 322551553
#r 0 2.7841768092
-723337552 321551553
#r 0 5.0201984482
-723698296 322686275
#r 0 4.9185951542
-109826943 -461038229
#r 0 4.5966769985
-109826943 -460038229
#r 0 5.9326991826
-109715449 -460078989
#r 0 5.9816799607
273596302 -710435175
#r 0 2.7722015387
273596302 -709435175
#r 0 3.4081354112
272081615 -709848745
#r 0 0.7409071637
-495340295 -231301155
#r 0 2.7083240538
-495340295 -230301155
#r 0 3.9349482692
-496016599 -230988308
#r 0 6.2791006373
-335666797 -774290530
#r 0 1.1314951843
-335666797 -773290530
#r 0 2.3984959146
-335338581 -773592090
#r 0 0.9556834231
-44434562 -424288087
#r 0 5.3024120065
-44434562 -423288087
#r 0 5.3337644350
-54767160 -408856833
#r 0 5.2990703067
482272679 648017210
#r 0 0.0060196147
482272679 647017210
#r 0 0.0168850722
574294484 648571152
#r 0 2.4969065675
-848718430 -335529233
#r 0 5.5781916846
-848718430 -334529233
#r 0 6.0555290367
-850333447 -334155078
#r 0 0.3016145991
-538168394 -366123595
#r 0 0.9223781840
-538168394 -365123595
#r 0 3.2487844073
-537343420 -365034824
#r 0 0.3997325712
780704324 -493859950
#r 0 2.4638346889
780704324 -492859950
#r 0 2.2592587759
783140559 -495821021
#r 0 2.2958704188
101574837 -660299922
#r 0 3.2157192213
101574837 -659299922
#r 0 2.2487009192
102334607 -660243499
#r 0 2.2520617097
274165912 -778182756
#r 0 1.7442778904
274165912 -777182756
#r 0 3.1697432348
273991529 -777187666
#r 0 3.1802066712
-30247511 -354320033
#r 0 3.9342209404
-30247511 -353320033
#r 0 2.0458484370
-29909538 -353977137
#r 0 4.9589730456
196232884 -273237791
#r 0 1.9740645928
196232884 -272237791
#r 0 5.9741172051
195738944 -272080076
#r 0 1.5231160259
-43571381 -254057842
#r 0 3.0489677371
-43571381 -253057842
#r 0 2.3800710766
-42409213 -254165797
#r 0 1.9420994107
245238934 77228773
#r 0 5.3137927760
245238934 76228773
#r 0 0.3648720751
245782626 76436450
#r 0 3.3131419235
691449954 36763389
#r 0 3.5917071875
691449954 35763389
#r 0 4.1981802345
692226933 37138822
#r 0 2.6840568879
305194638 -415436078
#r 0 0.8507739898
305194638 -414436078
#r 0 3.4439072699
306402022 -414059526
#r 0 3.8662374431
326597884 -216545057
#r 0 1.5707580441
326597884 -215545057
#r 0 0.2654205090
326597922 -215545047
#r 0 1.5743203729
48717586 -293671845
#r 0 4.2722201361
48717586 -292671845
#r 0 2.4871286716
49063550 -292937294
#r 0 2.3632497351
530625494 -89118625
#r 0 1.3485250792
530625494 -88118625
#r 0 3.3178632445
530860979 -88076681
#r 0 0.7270027820
42124448 645983829
#r 0 4.5292852748
42124448 644983829
#r 0 5.1253673916
41994280 645280896
#r 0 4.8690650863
-178491570 670902010
#r 0 5.3379627564
-178491570 669902010
#r 0 4.8582181077
-178675925 671157224
#r 0 5.4829710104
78464923 432039983
#r 0 1.2989109696
78464923 431039983
#r 0 1.3225964023
81250497 442031677
#r 0 1.3105140800
160031141 -417843750
#r 0 2.4228035352
160031141 -416843750
#r 0 4.2623943394
159691596 -417546672
#r 0 4.1146228612
-430166093 553065446
#r 0 3.4563140211
-430166093 552065446
#r 0 5.1548886635
-430576607 552931807
#r 0 5.7640117607
17710008 853207122
#r 0 5.9525570268
17710008 852207122
#r 0 0.1987717689
19546020 852576953
#r 0 0.2038914721
14875479 -715975258
#r 0 5.1545155977
14875479 -714975258
#r 0 5.0839405849
17078376 -720628797
#r 0 5.1829200126
-415569731 -638404763
#r 0 6.1074843138
-415569731 -637404763
#r 0 5.0733040493
-415165174 -638476585
#r 0 2.9497465769
-773961145 -176289730
#r 0 0.2538276878
-773961145 -175289730
#r 0 5.2528681749
-773441898 -176155025
#r 0 2.0655287040
940988252 -325744210
#r 0 3.0066763191
940988252 -324744210
#r 0 2.2455261284
941885686 -325866029
#r 0 2.8008901523
-826089410 389315028
#r 0 4.7017642382
-826089410 388315028
#r 0 4.7273292725
-826095619 388730616
#r 0 4.7402148711
787581078 -76307990
#r 0 3.2731627288
787581078 -75307990
#r 0 3.2939868865
740523300 -82535360
#r 0 0.2596465858
-720594767 -54294382
#r 0 1.1224509283
-720594767 -53294382
#r 0 5.5394691196
-720261307 -53601141
#r 0 3.2522294355
594911311 732837332
#r 0 3.6966973826
594911311 731837332
#r 0 3.6911392449
464522498 651976591
#r 0 6.2005753601
288809318 -738112341
#r 0 5.4274087208
288809318 -737112341
#r 0 2.6677943881
287244199 -736309821
#r 0 3.0829423455
-344837829 -486706031
#r 0 1.3565172421
-344837829 -485706031
#r 0 1.3554934945
-300461884 -282791236
#r 0 1.4028688466
-62712054 -847301326
#r 0 3.4514123253
-62712054 -846301326
#r 0 3.4814211533
-92638514 -856881644
#r 0 3.4304794651
-250419138 -693493865
#r 0 0.2013184571
-250419138 -692493865
#r 0 0.6318003788
-252313821 -693880538
#r 0 1.6947450186
366755340 -91389671
#r 0 2.2810252517
366755340 -90389671
#r 0 2.2555551803
382948081 -110220043
#r 0 2.2502570704
961566412 68953195
#r 0 1.9718014760
961566412 67953195
#r 0 1.9757392341
0 0
#r 0 4.1302984975
597164501 -516317146
#r 0 1.2022529432
597164501 -515317146
#r 0 1.1336007102
599388069 -510559418
#r 0 1.1244064948
-877313621 -335845740
#r 0 0.2635833533
-877313621 -334845740
#r 0 0.6799574080
-879169843 -336346664
#r 0 1.4089912376
-380835327 -806301119
#r 0 0.4517791693
-380835327 -805301119
#r 0 2.1378839111
-380348813 -806065037
#r 0 1.6174730046
822465216 -184570263
#r 0 2.2017891140
822465216 -183570263
#r 0 2.2059020861
737369985 -68102986
#r 0 5.2403027422
186036512 447263379
#r 0 4.5274389937
186036512 446263379
#r 0 0.9071679866
185790582 445948864
#r 0 3.7150475132
-324336703 -906969741
#r 0 0.6206266567
-324336703 -905969741
#r 0 1.8970496265
-324064255 -906774980
#r 0 1.6353677354
-23877194 30146238
#r 0 6.0779176609
-23877194 29146238
#r 0 3.2646412946
-20863998 29518890
#r 0 4.0364324522
-646955563 126488175
#r 0 4.4578414071
-646955563 125488175
#r 0 4.4111645011
-648556695 120334513
#r 0 4.4280686149
647455009 119171730
#r 0 0.0222781867
647455009 118171730
#r 0 0.0845823985
663454290 119528224
#r 0 0.0901367961
-614105525 708095676
#r 0 4.1369534275
-614105525 707095676
#r 0 4.1539003710
-597088399 734329785
#r 0 4.1573251734
-144601442 -246545691
#r 0 1.1146828999
-144601442 -245545691
#r 0 0.9668666309
-142903094 -243084036
#r 0 3.0407272672
-755786970 456770808
#r 0 0.2235995435
-755786970 455770808
#r 0 4.0581914434
-754858151 456982023
#r 0 4.9330123123
-942398078 -178453409
#r 0 0.7821929721
-942398078 -177453409
#r 0 1.5499474307
-942419371 -178474566
#r 0 5.6732390634
711522906 98276513
#r 0 0.2924565873
711522906 97276513
#r 0 0.4185150247
718481727 100371745
#r 0 0.4352268962
-865732126 -389513957
#r 0 0.0511671190
-865732126 -388513957
#r 0 0.0418695977
-758409934 -384017792
#r 0 0.0727358939
457994694 -775492143
#r 0 4.3145227765
457994694 -774492143
#r 0 1.0931531805
460229624 -770174429
#r 0 2.6010870497
223679184 -734348721
#r 0 5.6269188542
223679184 -733348721
#r 0 5.6137912214
271008265 -770798728
#r 0 0.8186978785
590989480 604339845
#r 0 2.6423237754
590989480 603339845
#r 0 3.7202049272
591823828 603884830
#r 0 2.2844022615
33739637 326385330
#r 0 3.3857017550
33739637 325385330
#r 0 3.3698329204
-25825395 311549093
#r 0 0.2153331639
107088828 -31836439
#r 0 2.2020266965
107088828 -30836439
#r 0 2.2619670691
100809203 -23245991
#r 0 2.2311968677
-86557720 15314172
#r 0 4.9501330227
-86557720 14314172
#r 0 4.7525020412
-86605821 15512669
#r 0 4.7618210673
187576655 288198927
#r 0 4.4125974703
187576655 287198927
#r 0 4.4899445781
188419829 290926695
#r 0 2.1042859021
376013911 294524797
#r 0 2.1330340841
376013911 293524797
#r 0 3.4374111285
376542485 293685885
#r 0 2.1123844369
278966036 620220652
#r 0 0.1191463752
278966036 619220652
#r 0 4.3552262348
279356653 620267414
#r 0 1.9402596256
-721859489 -551390151
#r 0 5.8706324962
-721859489 -550390151
#r 0 5.8741114809
0 0
#r 0 6.1439284600
388898961 -22604958
#r 0 3.4700290319
388898961 -21604958
#r 0 0.8229273796
387542559 -23067191
#r 0 3.4964940493
-862956667 140643757
#r 0 3.2130589699
-862956667 139643757
#r 0 3.1725238976
-887558654 138882544
#r 0 3.2204853012
-64393835 -548376194
#r 0 5.7756774428
-64393835 -547376194
#r 0 0.4198088867
-65391406 -547821453
#r 0 0.4762716699
-682022435 430113840
#r 0 0.7939907295
-682022435 429113840
#r 0 0.7816956360
-722488149 388946673
#r 0 1.2678881412
129522077 617343422
#r 0 5.5431565533
129522077 616343422
#r 0 1.1136729825
129861498 617033483
#r 0 5.5586330811
-709725211 -135667791
#r 0 2.6615849563
-709725211 -134667791
#r 0 6.1955747182
-712035826 -134464837
#r 0 1.3442632907
882172595 169931446
#r 0 3.6202483858
882172595 168931446
#r 0 3.6461106693
912220653 185523486
#r 0 3.5337378795
29768177 179516482
#r 0 1.9562624741
29768177 178516482
#r 0 4.2773845096
29984794 178982634
#r 0 5.2974219801
258981388 553416150
#r 0 4.2331853507
258981388 552416150
#r 0 4.2204108503
241931565 520602728
#r 0 4.1600496556
867622611 474026919
#r 0 4.4777018686
867622611 473026919
#r 0 4.3383323710
867010970 471468747
#r 0 4.3376120845
494169261 705240858
#r 0 5.6662324760
494169261 704240858
#r 0 5.6906240329
521910637 685563379
#r 0 2.5783415341
122469093 -725635014
#r 0 1.9763781018
122469093 -724635014
#r 0 2.0398934075
119658902 -719090378
#r 0 3.1761346619
-603116602 -663308573
#r 0 1.6630847103
-603116602 -662308573
#r 0 0.2791633178
-603206761 -662334417
#r 0 1.6369103621
-145539966 -887360284
#r 0 0.5676718214
-145539966 -886360284
#r 0 0.5511676099
-102016051 -859605573
#r 1 -101203706 -859373733
682414660 608429595
#r 0 3.3515440074
682414660 607429595
#r 0 1.1084602029
682972234 608548409
#r 0 1.1134998801
-490982295 -354183775
#r 0 0.6218478778
-490982295 -353183775
#r 0 3.2807988904
-489247960 -352940773
#r 0 0.4353242466
-802812116 -220135267
#r 0 1.7661516981
-802812116 -219135267
#r 0 1.7663403876
0 0
#r 0 3.8003001660
250470454 471718324
#r 0 4.0011159195
250470454 470718324
#r 0 1.7841024624
250297360 471517460
#r 0 1.7992331958
439852827 37625603
#r 0 1.4550425998
439852827 36625603
#r 0 3.0561172182
439737700 36635468
#r 0 3.7573107792
-160210028 -311873695
#r 0 2.2572912457
-160210028 -310873695
#r 0 1.2290030260
-160458091 -311570980
#r 0 5.3838143839
378118500 -176315695
#r 0 1.9267710084
378118500 -175315695
#r 0 0.9939378180
377881889 -175679327
#r 0 3.0051828101
-866575725 -214630372
#r 0 1.7718316546
-866575725 -213630372
#r 0 1.7781650439
-873067089 -182776876
#r 0 0.5350754171
135413484 36622920
#r 0 3.9467540288
135413484 35622920
#r 0 1.2127249134
136026221 37260368
#r 0 4.6249083086
133848038 926203271
#r 0 6.1755255603
133848038 925203271
#r 0 1.5748537100
133843979 926203710
#r 0 6.1758704884
152317393 -838586251
#r 0 2.8130909729
152317393 -837586251
#r 0 2.9360916847
144764986 -836012001
#r 0 2.5475184116
866394399 -388688067
#r 0 3.2841409762
866394399 -387688067
#r 0 3.2834922469
0 0
#r 0 3.6537996299
-110683473 -855371776
#r 0 1.8991976114
-110683473 -854371776
#r 0 0.8008066009
-110935610 -854631806
#r 0 0.5572022887
-778756986 -564076853
#r 0 1.4346413156
-778756986 -563076853
#r 0 6.0875197164
-778623605 -563103289
#r 0 0.5446020131
-737950047 -439455128
#r 0 5.5669622167
-737950047 -438455128
#r 0 1.6710914593
-737839753 -439551128
#r 0 1.8111366707
-609784449 -471338019
#r 0 1.9942174190
-609784449 -470338019
#r 0 1.9786302730
-599328955 -494537281
#r 0 4.6336092011
-23189346 649857189
#r 0 5.2242883984
-23189346 648857189
#r 0 5.6605083716
-22247603 648181057
#r 0 0.0118690883
919027675 186956176
#r 0 3.6198370348
919027675 185956176
#r 0 3.6309725409
0 0
#r 0 3.7605967940
-462062882 -817316296
#r 0 0.8777433069
-462062882 -816316296
#r 0 2.1797411780
-461683824 -816859865
#r 0 0.8614213438
-122964257 -333624352
#r 0 1.6832130595
-122964257 -332624352
#r 0 1.4108820152
-123030667 -333036092
#r 0 2.2438233651
-340634393 559951828
#r 0 0.7316503979
-340634393 558951828
#r 0 6.1989531807
-341652385 559037779
#r 0 4.8733410926
-909594700 -252680642
#r 0 6.2219069459
-909594700 -251680642
#r 0 0.4263902560
-911534134 -252561648
#r 0 5.8225195073
43912064 302995607
#r 0 3.0172288520
43912064 301995607
#r 0 1.3224162260
44157887 302964877
#r 0 1.3081462082
117420708 890129395
#r 0 5.7163374397
117420708 889129395
#r 0 1.4354535860
117546021 890049629
#r 0 1.4242211456
-468178342 -347725758
#r 0 0.6458698682
-468178342 -346725758
#r 0 0.4198672628
-464924134 -345273036
#r 0 0.8032057533
71200613 -222501511
#r 0 4.5035976816
71200613 -221501511
#r 0 4.4846032972
73665049 -210870184
#r 0 2.9518726425
-243623499 -789879633
#r 0 0.7725248030
-243623499 -788879633
#r 0 0.4091902320
-241774764 -788077894
#r 0 2.7458414768
-769324329 107708350
#r 0 5.9073573557
-769324329 106708350
#r 0 4.3409844433
-768986732 107575140
#r 0 5.8991623256
635566251 196520845
#r 0 2.9506561360
635566251 195520845
#r 0 2.9409829382
536100523 215746692
#r 0 6.0778341591
195202581 -473800941
#r 0 0.8086707201
195202581 -472800941
#r 0 2.1314340038
195581307 -473404164
#r 0 2.5275550918
308865562 -904406367
#r 0 0.2121273882
308865562 -903406367
#r 0 0.1827902899
341637613 -897348333
#r 0 2.2748995167
710295145 -265660052
#r 0 2.3634814572
710295145 -264660052
#r 0 1.3944090180
710143537 -265510638
#r 0 1.3634748797
-659887626 -690524746
#r 0 1.5838615953
-659887626 -689524746
#r 0 1.0393423516
-659900408 -689546489
#r 0 1.0342179017
582191960 -738122481
#r 0 1.3097860279
582191960 -737122481
#r 0 1.3445471786
580526309 -744358454
#r 0 3.1939319684
619956929 619639294
#r 0 0.2971479389
619956929 618639294
#r 0 2.5562742881
618924948 619323287
#r 0 2.5553251224
279378978 182926265
#r 0 3.8620904135
279378978 181926265
#r 0 3.8751366797
322166547 220491566
#r 0 1.8260917180
-31041134 -356688329
#r 0 1.8216784819
-31041134 -355688329
#r 0 4.9574897874
-20621193 -397346467
#r 0 3.4779495817
531322273 778893238
#r 0 4.6093720274
531322273 777893238
#r 0 4.5978117878
530305250 769055805
#r 0 2.4616330585
-409016762 -551302065
#r 0 1.2464102360
-409016762 -550302065
#r 0 1.7231983901
-408911328 -550988519
#r 0 4.8278845050
-242530425 -410578653
#r 0 5.3077949889
-242530425 -409578653
#r 0 5.3976985011
-246484047 -404742305
#r 0 5.8961928871
280793211 -921368331
#r 0 2.6772342680
280793211 -920368331
#r 0 2.1776553205
281857599 -921901471
#r 0 0.2989059537
730390034 137322819
#r 0 4.7669810212
730390034 136322819
#r 0 6.1319384096
730445139 136314420
#r 0 6.1379396298
336241334 349827929
#r 0 3.2370984250
336241334 348827929
#r 0 3.5597850437
339109877 350102727
#r 0 2.1039501904
182629508 -60733374
#r 0 2.6067864088
182629508 -59733374
#r 0 0.1029871277
181192198 -59881924
#r 0 2.6216706033
-14583895 -391538609
#r 0 2.0082399068
-14583895 -390538609
#r 0 5.0604299528
-12965677 -394998845
#r 0 1.8558679562
-529968658 -541423045
#r 0 3.7868110960
-529968658 -540423045
#r 0 1.7726554477
-529791327 -541289570
#r 0 5.9385267057
-295721070 -115687762
#r 0 5.3760478413
-295721070 -114687762
#r 0 5.3778760734
-503761772 150354259
#r 0 5.5673573598
-860392259 105310463
#r 0 5.4581644813
-860392259 104310463
#r 0 2.7409243480
-858874759 103667678
#r 0 6.1025585665
134282577 690186611
#r 0 4.4291477548
134282577 689186611
#r 0 5.2625457166
134085187 689508450
#r 0 5.2463903292
120775521 105317247
#r 0 4.8672859301
120775521 104317247
#r 0 5.6836095568
120950326 104197766
#r 0 5.2026333449
705482076 -427802156
#r 0 3.0107337900
705482076 -426802156
#r 0 2.0746158431
706076474 -427880385
#r 0 3.0395225496
67711290 -820628312
#r 0 2.6578519539
67711290 -819628312
#r 0 2.0487263417
68422937 -821002193
#r 0 2.6345733967
433987350 508403551
#r 0 1.1122425313
433987350 507403551
#r 0 1.4171440946
434213024 508860706
#r 0 3.5411463137
-118050258 19266698
#r 0 4.5144574606
-118050258 18266698
#r 0 4.9200666446
-118153014 18754348
#r 0 2.1016610270
-797637337 -148047045
#r 0 2.0187879765
-797637337 -147047045
#r 0 0.0585340701
-798104754 -147074436
#r 0 5.2401698593
-297627869 -312378482
#r 0 0.8361764136
-297627869 -311378482
#r 0 5.7152346620
-297054858 -311744109
#r 0 1.4106924304
526708312 738674488
#r 0 4.5777063449
526708312 737674488
#r 0 4.5634310755
525312315 728372148
#r 0 5.1874898930
902408713 326691638
#r 0 3.1979462268
902408713 325691638
#r 0 3.1463459389
883051370 325599626
#r 0 4.2237898088
194389026 724215994
#r 0 0.3037693059
194389026 723215994
#r 0 1.7983789647
194173106 724148309
#r 0 5.0899879563
479784988 -770379991
#r 0 3.1884790560
479784988 -769379991
#r 0 1.1670768286
479349066 -770400445
#r 0 3.0296658145
-131810955 348029062
#r 0 4.5171114531
-131810955 347029062
#r 0 3.1159822303
-132007756 347034103
#r 0 4.4939329521
586522933 -217901995
#r 0 1.5751693439
586522933 -216901995
#r 0 1.5686211718
586521480 -217569819
#r 0 5.2452638195
-187748036 23994930
#r 0 4.2272455881
-187748036 22994930
#r 0 1.9280879412
-187966584 23580358
#r 0 6.2635196389
352205545 -810872443
#r 0 2.0793566435
352205545 -809872443
#r 0 2.3564414324
350946594 -808614113
#r 0 5.3917792272
-281264150 625950435
#r 0 4.9373420253
-281264150 624950435
#r 0 5.4071486890
-280948711 624571925
#r 0 4.7721128685
805993669 -555805939
#r 0 2.4403344037
805993669 -554805939
#r 0 2.4906160237
793901039 -545594420
#r 0 2.1554201186
109176579 830254230
#r 0 0.4898178436
109176579 829254230
#r 0 0.4865172242
-127151775 704254778
#r 0 5.4165608321
454603456 -115132683
#r 0 2.7575008086
454603456 -114132683
#r 0 0.6076605203
453694041 -114765129
#r 0 2.6473510547
-841858840 456991149
#r 0 5.0891996463
-841858840 455991149
#r 0 5.1536461412
-839418761 450824962
#r 0 4.8863251044
-394302774 -111391377
#r 0 6.0107059075
-394302774 -110391377
#r 0 2.5693507299
-391560846 -112157552
#r 0 4.3035096315
-44928054 515757560
#r 0 5.8983893127
-44928054 514757560
#r 0 3.6497266590
-43888441 515336533
#r 0 5.0372968616
-121117037 -740886462
#r 0 1.7917999033
-121117037 -739886462
#r 0 0.4327312192
-121320585 -739980487
#r 0 0.1117633462
-104972969 -794518837
#r 0 0.9778346354
-104972969 -793518837
#r 0 0.0759916518
-104262673 -793464756
#r 0 1.8475811585
-228728329 -70115130
#r 0 5.8771488730
-228728329 -69115130
#r 0 5.8916362633
-287344518 -44914449
#r 0 2.4063384128
211817052 -353830981
#r 0 0.5146537627
211817052 -352830981
#r 0 2.2413113094
212364586 -353521359
#r 0 2.5505294639
714039536 -444378998
#r 0 2.0505701230
714039536 -443378998
#r 0 2.0583571548
686270425 -391010049
#r 0 2.0552324557
210279624 -719446913
#r 0 3.4643308675
210279624 -718446913
#r 0 2.3089401957
210977118 -719213649
#r 0 2.3115492788
-252990652 907596128
#r 0 4.5006582477
-252990652 906596128
#r 0 3.9965194706
-253276164 906267873
#r 0 5.4020334736
-111775591 385835601
#r 0 5.7610710502
-111775591 384835601
#r 0 0.3850679139
-110755884 385248889
#r 0 5.5938497570
-751715650 246572132
#r 0 4.4721365582
-751715650 245572132
#r 0 4.8641662368
-751809813 246187767
#r 0 4.4603314801
734240015 -107718197
#r 0 1.1829955493
734240015 -106718197
#r 0 1.1784882772
766316381 -29193269
#r 0 4.3719240093
451097033 876365304
#r 0 5.1235610305
451097033 875365304
#r 0 5.1166660514
0 0
#r 0 3.6276592949
-213751703 -188883800
#r 0 0.0462804432
-213751703 -187883800
#r 0 2.4966127095
-212499554 -188825809
#r 0 4.4415019581
-871609781 -439190600
#r 0 0.2669656306
-871609781 -438190600
#r 0 1.4922519022
-871690219 -439212599
#r 0 0.2725178101
873731973 -187795839
#r 0 2.4742191703
873731973 -186795839
#r 0 2.4388519686
890682175 -201152394
#r 0 2.4613698655
476321941 -514170025
#r 0 0.6811915693
476321941 -513170025
#r 0 0.5305717235
480787248 -510550295
#r 0 2.6266376887
648529161 -258031637
#r 0 4.9495343605
648529161 -257031637
#r 0 4.6186090608
648461454 -257751500
#r 0 4.9504736637
-947200162 54478327
#r 0 1.4727698633
-947200162 53478327
#r 0 0.0474689628
-947298965 53473633
#r 0 5.9158512506
-72923073 965837855
#r 0 0.0964447747
-72923073 964837855
#r 0 0.1093924385
3494639 973230881
#r 0 0.0750850765
533900477 -572149686
#r 0 3.1691958873
533900477 -571149686
#r 0 1.9399735616
534283304 -572139116
#r 0 1.9398929763
-787439174 -505763987
#r 0 1.6887750618
-787439174 -504763987
#r 0 6.0446341788
-787561221 -504734307
#r 0 0.7428555635
-244124713 -774407860
#r 0 0.8429681293
-244124713 -773407860
#r 0 2.2738664098
-243690344 -773920360
#r 0 6.2149886181
912688030 366379819
#r 0 2.2440146070
912688030 365379819
#r 0 3.3012869367
913394756 365493648
#r 0 3.5345949081
65744808 676218049
#r 0 5.5727211365
65744808 675218049
#r 0 4.4408818414
65969399 676024825
#r 0 1.3525473593
-530446177 836542796
#r 0 5.9251774311
-530446177 835542796
#r 0 4.4512878734
-530203260 836451913
#r 0 4.1788382139
-415563059 -298865844
#r 0 0.3351763259
-415563059 -297865844
#r 0 2.4875738888
-414666105 -298553418
#r 0 0.3287078498
-886033412 -228132643
#r 0 1.2744542652
-886033412 -227132643
#r 0 0.6148016059
-885644159 -226857795
#r 0 1.2599937461
-277974413 -935647969
#r 0 2.0504121264
-277974413 -934647969
#r 0 1.4975127377
-278038747 -935524278
#r 0 1.7778094982
200104270 740576328
#r 0 1.2059824977
200104270 739576328
#r 0 4.3306415621
192254758 720022957
#r 0 6.0646213172
-138670661 -326693416
#r 0 1.6767823067
-138670661 -325693416
#r 0 2.3172821161
-138790870 -325563468
#r 0 0.6705183753
-420259027 -893966584
#r 0 1.3601118232
-420259027 -892966584
#r 0 2.1514317799
-420097742 -893212416
#r 0 1.3386628663
-798050443 -196980374
#r 0 1.8364153488
-798050443 -195980374
#r 0 5.3999423927
-798457253 -195485008
#r 0 1.3545957667
-402542994 -134498653
#r 0 5.7523165381
-402542994 -133498653
#r 0 6.2273787632
-404425453 -133393490
#r 0 2.9832905428
508744237 816338581
#r 0 5.2381722541
508744237 815338581
#r 0 3.1922042679
509307935 815367135
#r 0 3.2030606326
-397593185 913590386
#r 0 6.1500621706
-397593185 912590386
#r 0 5.8555063977
-400699744 914006401
#r 0 0.0053678134
-443314379 -868631678
#r 0 0.9586008433
-443314379 -867631678
#r 0 1.1447598691
-444597510 -870459000
#r 0 0.3153102223
-533147680 613971414
#r 0 0.4953228259
-533147680 612971414
#r 0 3.8310297408
-529628354 615872712
#r 0 2.4831109945
-770932227 -336799630
#r 0 5.9419202496
-770932227 -335799630
#r 0 0.9459559174
-771506392 -336595709
#r 0 5.2803047677
-313801222 -169811900
#r 0 0.5707776365
-313801222 -168811900
#r 0 1.1485019918
-314432741 -170217377
#r 0 0.5966837631
396351162 236536477
#r 0 2.0926545607
396351162 235536477
#r 0 6.0071409040
397038090 235341887
#r 0 0.3073982419
653214263 -656222690
#r 0 1.6896337201
653214263 -655222690
#r 0 1.5282517869
653182881 -655959863
#r 0 1.5074939465
-126037657 252119065
#r 0 0.7994869484
-126037657 251119065
#r 0 5.5639470987
-126562783 251578929
#r 0 0.7696983009
795662488 -210263076
#r 0 1.6272555089
795662488 -209263076
#r 0 4.0222811855
795609590 -209327154
#r 0 1.9305716203
-552602322 134431660
#r 0 1.7414475774
-552602322 133431660
#r 0 5.7777103043
-552411827 133326234
#r 0 0.3322802627
-25074801 475442830
#r 0 4.7250703882
-25074801 474442830
#r 0 4.0842376232
-25062337 474459992
#r 0 0.1485029827
-581753711 58339560
#r 0 0.8784679146
-581753711 57339560
#r 0 4.4939323917
-581450554 58705136
#r 0 3.0390909404
-123676106 -141587957
#r 0 4.9225593674
-123676106 -140587957
#r 0 2.0397881240
-124044536 -139860838
#r 0 2.0178413949
-770394741 -202777594
#r 0 0.4475705817
-770394741 -201777594
#r 0 5.6507987933
-769570229 -202381777
#r 0 5.3160813725
226219170 40973701
#r 0 3.4117046591
226219170 39973701
#r 0 3.3973806758
161124370 22950336
#r 0 3.3797974309
-730767039 -317649186
#r 0 6.0291343481
-730767039 -316649186
#r 0 5.6509060526
-728652650 -318198211
#r 0 5.6285105063
313987082 -595303530
#r 0 3.6731303802
313987082 -594303530
#r 0 3.5438558882
320140136 -591685630
#r 0 3.6978622942
422385780 609464897
#r 0 2.0196850797
422385780 608464897
#r 0 0.4225018941
422781722 608642903
#r 0 0.6830250202
-283682688 -708434606
#r 0 6.2405701590
-283682688 -707434606
#r 0 0.6084579985
-285035379 -708376926
#r 0 0.9581372720
-165174039 -771223105
#r 0 1.0347958805
-165174039 -770223105
#r 0 0.5348303362
-164257500 -769680125
#r 0 0.5221855728
-595802012 -385074130
#r 0 1.0692642321
-595802012 -384074130
#r 0 3.0221787060
-595287563 -384135856
#r 0 3.0293059428
277214466 -802769623
#r 0 2.8422640664
277214466 -801769623
#r 0 2.8314709445
361524636 -828787804
#r 0 5.4754775153
-49223034 10182434
#r 0 1.0335175711
-49223034 9182434
#r 0 4.1050345798
-53394554 3180145
#r 0 2.3306301993
606551053 -19018638
#r 0 2.1625521345
606551053 -18018638
#r 0 4.5749032680
606436314 -18847922
#r 0 4.5534828520
-355498144 909755308
#r 0 5.6470756956
-355498144 908755308
#r 0 4.0022830611
-354972297 909366962
#r 0 4.3720033705
47076853 -733059593
#r 0 2.7772120835
47076853 -732059593
#r 0 2.8110193864
20930896 -723087202
#r 0 3.0376123854
-374230082 240356462
#r 0 0.8068623161
-374230082 239356462
#r 0 5.3661659864
-374655786 239912080
#r 0 4.9612316555
57914385 673072022
#r 0 5.5887449484
57914385 672072022
#r 0 5.2765253709
56576829 674185977
#r 0 6.2600900054
-434227853 -134865342
#r 0 6.2318083650
-434227853 -133865342
#r 0 5.8348505178
-431900002 -134985045
#r 0 2.9617689431
-803935016 3201268
#r 0 4.2873835845
-803935016 2201268
#r 0 5.0243269529
-804123318 2785213
#r 0 4.2821094392
612533705 664406426
#r 0 5.0194429768
612533705 663406426
#r 0 2.8839338526
612879697 663315251
#r 0 2.8737549349
-128789750 -864403732
#r 0 1.6038779465
-128789750 -863403732
#r 0 0.5231376764
-128822224 -863422461
#r 0 1.0590238644
49745228 181238661
#r 0 3.3732936350
49745228 180238661
#r 0 4.9214645259
49543167 181190987
#r 0 5.5524141789
582907428 511612935
#r 0 5.2238031295
582907428 510612935
#r 0 1.9116555146
581943489 513330522
#r 0 1.9489770158
616180789 -199370439
#r 0 2.0734722122
616180789 -198370439
#r 0 2.0752977834
488618063 32653722
#r 0 1.0384750825
144982153 -279834439
#r 0 3.5610990466
144982153 -278834439
#r 0 1.5925260636
145003678 -279824839
#r 0 2.6289056374
-152837913 140842892
#r 0 3.5803042012
-152837913 139842892
#r 0 4.9301681128
-153038386 140748828
#r 0 4.5058173385
549838263 -730153584
#r 0 1.3276054734
549838263 -729153584
#r 0 4.0066982379
550188282 -728742794
#r 0 1.5909639405
-591139324 -247371007
#r 0 4.2650638073
-591139324 -246371007
#r 0 1.8953854543
-590941548 -246958768
#r 0 1.8861342226
-753947354 98952221
#r 0 5.9486181258
-753947354 97952221
#r 0 6.1872889503
-749970333 97569666
#r 0 5.9547186709
-98352464 -743450637
#r 0 1.8245361817
-98352464 -742450637
#r 0 2.1188398661
-98803346 -741711990
#r 0 2.1195086753
611104978 -524723090
#r 0 1.4389892283
611104978 -523723090
#r 0 1.3509460955
611430942 -522264393
#r 0 1.3460222887
-276948858 -364114257
#r 0 0.4502270013
-276948858 -363114257
#r 0 5.3917074506
-276368027 -363833521
#r 0 1.2006895105
-558362802 302376104
#r 0 4.5420863949
-558362802 301376104
#r 0 5.4914999092
-558509265 301524420
#r 0 0.2656820140
-267275647 10250653
#r 0 5.5440447450
