701687785 -541700890
#r 0 2.1149996161
701687785 -540700890
#r 0 2.3536259442
700142934 -539148082
#r 0 1.8573850657
-499127383 633119407
#r 0 0.3772331528
-499127383 632119407
#r 0 0.7308766485
-497128540 633911364
#r 0 0.2117002200
-483608482 -622730427
#r 0 5.2822711220
-483608482 -621730427
#r 0 2.4256797346
-485056328 -620471000
#r 0 6.1589120191
-400050622 -282770132
#r 0 6.1084290325
-400050622 -281770132
#r 0 6.0831037477
-361937473 -289499286
#r 0 6.1014399672
301295572 728310821
#r 0 5.5181869686
301295572 727310821
#r 0 5.8393157102
303359580 726329351
#r 0 3.0581879243
538670319 187274473
#r 0 3.4885402372
538670319 186274473
#r 0 1.2919259786
538989718 187389959
#r 0 1.2974835722
-356518068 -65592954
#r 0 2.0643731810
-356518068 -64592954
#r 0 4.3287410680
-356748686 -65164288
#r 0 0.6260361177
-276446552 932869643
#r 0 5.0126050971
-276446552 931869643
#r 0 5.0998641624
-275164360 928727837
#r 0 5.0936098696
-550539604 -271667289
#r 0 6.1783958138
-550539604 -270667289
#r 0 2.6046022327
-548499501 -271881856
#r 0 4.3664628922
-618319202 -169265767
#r 0 2.5057768832
-618319202 -168265767
#r 0 2.5195643386
-665746924 -134261251
#r 0 5.7706720896
755102565 -188650360
#r 0 1.5093016485
755102565 -187650360
#r 0 1.8798364666
755154183 -187812034
#r 0 1.8781838691
380790345 -501424583
#r 0 3.1765887567
380790345 -500424583
#r 0 3.1802738655
109796340 -510912191
#r 0 5.7200874605
-579009961 358478730
#r 0 6.2075039331
-579009961 357478730
#r 0 1.0833280774
-578500308 358440085
#r 0 1.0839341934
299350043 -849072587
#r 0 2.3602051968
299350043 -848072587
#r 0 1.5948462498
299374686 -849097033
#r 0 2.3549838961
547958642 -796389549
#r 0 2.4763669866
547958642 -795389549
#r 0 2.1318453332
549198105 -797361923
#r 0 2.7360640012
120566706 -818818612
#r 0 6.2785413498
120566706 -817818612
#r 0 2.4662283800
121822390 -818824443
#r 0 3.7325634444
137093106 -178832048
#r 0 3.2122166042
137093106 -177832048
#r 0 1.4967475012
137018530 -178837324
#r 0 5.1036076683
-671832205 450572368
#r 0 6.1408965657
-671832205 449572368
#r 0 6.1594647342
-618925313 442993094
#r 0 6.1523023619
-468532303 -84888903
#r 0 2.5331106958
-468532303 -83888903
#r 0 5.2552258462
-467491622 -85613905
#r 0 4.6727663163
242220329 -192797614
#r 0 4.7996445771
242220329 -191797614
#r 0 2.1474405494
242119257 -191642210
#r 0 2.1461708912
474168597 127670696
#r 0 1.1707146398
474168597 126670696
#r 0 2.7754146596
473804717 126810234
#r 0 0.6661992603
595496296 -707793242
#r 0 1.6938038601
595496296 -706793242
#r 0 3.3450565586
595375739 -706818115
#r 0 2.7065680155
677928845 -196320030
#r 0 2.9624511570
677928845 -195320030
#r 0 2.9602982615
134234208 -184258840
#r 0 1.4744411827
134234208 -183258840
#r 0 1.4745813473
68296059 -866463822
#r 0 3.6773296959
-222667336 -46611794
#r 0 1.2879589633
-222667336 -45611794
#r 0 0.5726244366
-222309700 -45381234
#r 0 0.6522930556
219528894 970092025
#r 0 3.6886341459
219528894 969092025
#r 0 4.0635236625
220938344 970950439
#r 0 4.0633439454
-384209398 -106897359
#r 0 0.1161164285
-384209398 -105897359
#r 0 1.8586408758
-383923214 -106863978
#r 0 3.6342990020
615373946 -411111791
#r 0 1.1674958621
615373946 -410111791
#r 0 1.1638290997
657739583 -311822551
#r 0 4.3069683130
326662212 790338362
#r 0 5.8390621164
326662212 789338362
#r 0 5.1764688866
326005187 790650992
#r 0 4.4757779846
340630368 -61653550
#r 0 3.0653290156
340630368 -60653550
#r 0 5.6197276051
342048308 -61761897
#r 0 3.0644808161
-936931568 -253662529
#r 0 1.6750463768
-936931568 -252662529
#r 0 5.8368999521
-937041712 -252609827
#r 0 5.8347485187
-55698254 -527054964
#r 0 2.5718853936
-55698254 -526054964
#r 0 3.9065943584
-56323030 -526654760
#r 0 3.8984059184
-176767589 -188188183
#r 0 4.7738406929
-176767589 -187188183
#r 0 1.0070126165
-176823661 -187276872
#r 0 3.7064873042
133207554 429148051
#r 0 4.8628737073
133207554 428148051
#r 0 2.1679038982
133402708 427861017
#r 0 3.4793563423
420725815 -425022251
#r 0 0.8452285771
420725815 -424022251
#r 0 1.4125597740
420531239 -425241623
#r 0 1.4127638433
-984543034 144270826
#r 0 4.8721989502
-984543034 143270826
#r 0 5.7567263789
-984365190 143167468
#r 0 4.8722833874
366737756 485628537
#r 0 3.8793278342
366737756 484628537
#r 0 6.1926259867
365737509 484719367
#r 0 6.1954796432
-649282821 -270779598
#r 0 0.8501152192
-649282821 -269779598
#r 0 0.8427264899
-589851894 -203111707
#r 0 3.9917978460
411724544 245564399
#r 0 3.0007712807
411724544 244564399
#r 0 0.9324554058
412395898 245469228
#r 0 5.4701953507
795592083 -315379132
#r 0 2.8153057055
795592083 -314379132
#r 0 3.3360183400
793723953 -314746991
#r 0 4.0487556236
-521849662 466816098
#r 0 4.2393674283
-521849662 465816098
#r 0 4.2274785147
-539711954 431913331
#r 0 1.1460374354
-558514126 -706353026
#r 0 1.3302493289
-558514126 -705353026
#r 0 5.9369636547
-558288771 -705434323
#r 0 1.3392244781
-218018041 -776753981
#r 0 1.2138990000
-218018041 -775753981
#r 0 5.4288014588
-217756971 -776053807
#r 0 4.2622425761
517252615 315449462
#r 0 1.0132241174
517252615 314449462
#r 0 0.1933900991
516542299 314310355
#r 0 6.1931719866
-836634468 79323631
#r 0 5.4458954889
-836634468 78323631
#r 0 0.1894985204
-835866045 78471014
#r 0 5.4494782662
-478957491 -425697431
#r 0 1.5774192228
-478957491 -424697431
#r 0 0.0615123064
-478964111 -424697839
#r 0 1.5737297670
744680137 283363242
#r 0 1.9907368023
744680137 282363242
#r 0 6.2794538111
745127383 282361573
#r 0 6.2810425220
787479252 -388621533
#r 0 2.5013404852
787479252 -387621533
#r 0 1.7773301808
787727524 -388806480
#r 0 2.9088591560
734374273 161323653
#r 0 1.9048023444
734374273 160323653
#r 0 4.1362164578
734600470 160671802
#r 0 1.3374583502
-835925574 -325109799
#r 0 2.3096053865
-835925574 -324109799
#r 0 2.3215700051
-874323204 -282956663
#r 0 2.4895924805
191098699 -491490599
#r 0 6.1129657474
191098699 -490490599
#r 0 5.1710842373
191638327 -491583352
#r 0 6.1045660963
76967052 -918743877
#r 0 2.9169431954
76967052 -917743877
#r 0 5.7495006817
79726656 -919374464
#r 0 3.1966276426
-458212991 -390070259
#r 0 2.5401768387
-458212991 -389070259
#r 0 2.5717224767
-480223959 -374965952
#r 1 -479478455 -375540343
-561441965 -303326039
#r 0 5.7898678364
-561441965 -302326039
#r 0 2.2211154060
-560154811 -304018086
#r 0 1.9778727933
-143029320 -288205830
#r 0 1.0467228260
-143029320 -287205830
#r 0 3.1612677654
-142444687 -287194326
#r 0 3.1707306496
-217724255 370576245
#r 0 0.5585047066
-217724255 369576245
#r 0 0.5912382812
-196210597 384019451
#r 0 3.7342432456
231282029 -813119927
#r 0 1.5159142002
231282029 -812119927
#r 0 6.1103340444
231336444 -812129428
#r 0 6.1086987860
-173650117 941397434
#r 0 4.0020270424
-173650117 940397434
#r 0 4.5394363840
-173430895 941652296
#r 0 4.0122662752
-974261600 -135035256
#r 0 0.6607078529
-974261600 -134035256
#r 0 0.6485222243
-922620819 -94897988
#r 0 3.7951040289
-219071864 876570219
#r 0 4.2022127590
-219071864 875570219
#r 0 3.7645168578
-220007589 874898057
#r 0 3.7564547323
841216372 -245702053
#r 0 2.5927056951
841216372 -244702053
#r 0 2.2098028603
842578178 -246534899
#r 0 2.0266829173
-554460271 622376857
#r 0 3.2245051924
-554460271 621376857
#r 0 4.8021858758
-554549641 622369430
#r 0 3.2263288211
-710372218 -603481641
#r 0 0.0710372432
-710372218 -602481641
#r 0 1.6978429039
-710245634 -603472634
#r 0 1.6981210772
57367412 137137296
#r 0 5.0322780284
57367412 136137296
#r 0 2.6780963438
57764409 135938872
#r 0 4.9864939790
350298717 99524416
#r 0 2.7218342412
350298717 98524416
#r 0 2.4834982665
347238490 100890143
#r 0 4.5312301511
124361302 -505132095
#r 0 0.6063159062
124361302 -504132095
#r 0 1.5209047097
124309578 -505167963
#r 0 6.2798875422
-544744435 413022941
#r 0 2.7468721153
-544744435 412022941
#r 0 1.3025540706
-544497808 412920200
#r 0 1.3039369428
-119196968 -904270036
#r 0 0.6480020513
-119196968 -903270036
#r 0 5.0520269299
-118918205 -904058997
#r 0 5.0513919343
-804414631 -463783652
#r 0 1.4387999991
-804414631 -462783652
#r 0 6.2410046603
-804282603 -462789224
#r 0 1.1661310556
551441948 -761356956
#r 0 2.8226129564
551441948 -760356956
#r 0 2.8297490316
424794456 -719530680
#r 0 5.9660421342
27156741 -865736728
#r 0 3.1543249860
27156741 -864736728
#r 0 0.8968590359
26349852 -865747002
#r 0 3.8218574616
940217810 -146619311
#r 0 2.7931910304
940217810 -145619311
#r 0 2.8659048155
927768671 -142097557
#r 0 3.1725502544
-914055295 46387478
#r 0 3.6537173749
-914055295 45387478
#r 0 4.6065588939
-913942322 46450986
#r 0 3.6661799070
-936955659 -34943340
#r 0 4.9603599869
-936955659 -33943340
#r 0 2.0523458442
-937446780 -33003542
#r 0 2.0600830699
-369379595 277222742
#r 0 1.1261857669
-369379595 276222742
#r 0 5.1141963881
-369604197 276751310
#r 0 2.0760927405
-821124475 11788443
#r 0 0.5748238678
-821124475 10788443
#r 0 0.6000192272
-793628994 29599890
#r 0 0.5879802753
-490967586 616064171
#r 0 3.1051584958
-490967586 615064171
#r 0 4.4583954457
-490710419 616054797
#r 0 3.1070525260
-678074763 -588467848
#r 0 2.0418319566
-678074763 -587467848
#r 0 1.6489687026
-677982192 -588649619
#r 0 0.3459846229
217643120 -215305082
#r 0 2.1729446558
217643120 -214305082
#r 0 4.0210325671
217267641 -214758768
#r 0 1.9711471808
-682169509 -158834214
#r 0 0.9292290199
-682169509 -157834214
#r 0 0.9170201121
-652356815 -118923398
#r 0 4.0691411035
557597791 508080141
#r 0 5.9441351620
557597791 507080141
#r 0 5.1031076628
557115894 508250091
#r 0 5.1095238681
639262792 -399950495
#r 0 1.4919163683
639262792 -398950495
#r 0 1.4844900084
640177426 -388379285
#r 0 4.2460068490
61684808 -566926225
#r 0 3.0910047401
61684808 -565926225
#r 0 5.7688168584
63628530 -567024638
#r 0 5.3984270838
523190902 523430949
#r 0 5.4440396972
523190902 522430949
#r 0 0.6204953325
523737836 522821819
#r 0 5.9128191310
-97120665 -106773775
#r 0 0.2426266440
-97120665 -105773775
#r 0 2.3340340701
-96347171 -106582333
#r 0 0.9321935063
-565009351 514254679
#r 0 1.7621850794
-565009351 513254679
#r 0 1.7515296331
-568218351 530816374
#r 0 4.2185457413
334580786 -482417867
#r 0 3.4882525840
334580786 -481417867
#r 0 3.4970443259
234289840 -518647768
#r 0 4.8292001498
-302732954 278207160
#r 0 2.5004987278
-302732954 277207160
#r 0 4.8711300693
-302914762 278342833
#r 0 4.0446257675
-258338693 -552221732
#r 0 0.0869724693
-258338693 -551221732
#r 0 5.4849956201
-257440308 -552143400
#r 0 5.0789919274
-571070279 -284224233
#r 0 1.0586674087
-571070279 -283224233
#r 0 2.2775424157
-570731293 -283621224
#r 0 2.2806593065
481874853 641887316
#r 0 2.1397864315
481874853 640887316
#r 0 3.4381458153
482409848 641050791
#r 0 3.3741492562
-479273610 -106822827
#r 0 2.8908317211
-479273610 -105822827
#r 0 1.0241125537
-479800092 -106687967
#r 0 5.3434889413
-4238218 -621301856
#r 0 0.4027137586
-4238218 -620301856
#r 0 6.0477167068
-2736525 -620662141
#r 0 1.3094408374
-213551122 -22815755
#r 0 4.2575494920
-213551122 -21815755
#r 0 1.1749117799
-216426369 -28695150
#r 0 2.6360445773
-874003763 -51756842
#r 0 0.7942039051
-874003763 -50756842
#r 0 4.7061693751
-874010022 -51763213
#r 0 0.8808010759
-191082364 -706539912
#r 0 0.8106466181
-191082364 -705539912
#r 0 0.7960095173
-158149777 -671900884
#r 0 0.8027390230
-712230836 221529366
#r 0 4.3109181800
-712230836 220529366
#r 0 0.4638246554
-712769822 220259754
#r 0 1.2580451779
-780382671 126943689
#r 0 5.7408167069
-780382671 125943689
#r 0 5.7555316154
-730091844 96635727
#r 0 2.6211838571
-236286024 -513307999
#r 0 2.2516253959
-236286024 -512307999
#r 0 2.0253253485
-235054382 -514828482
#r 0 2.8720912313
432125842 146983063
#r 0 4.0756843655
432125842 145983063
#r 0 2.7834013086
431546711 146199855
#r 0 4.0773304725
-261116530 -918750953
#r 0 3.3211333470
-261116530 -917750953
#r 0 3.9132308710
-262380182 -918980300
#r 0 3.3312838882
118024946 613168088
#r 0 5.5449329451
118024946 612168088
#r 0 5.5614361271
151669442 582555300
#r 0 5.5638275044
-464226731 -787773296
#r 0 0.3764424030
-464226731 -786773296
#r 0 1.9277292359
-463901733 -787644826
#r 0 0.5498371908
-243669211 -909135288
#r 0 3.7914981229
-243669211 -908135288
#r 0 5.9026298511
-242807225 -908480131
#r 0 3.4601368263
-477273716 873997373
#r 0 5.9278167526
-477273716 872997373
#r 0 5.9245029700
-723337552 322551553
#r 0 4.4842233488
-723337552 321551553
#r 0 5.8995644073
-723549863 321637245
#r 0 4.6685961019
-109826943 -461038229
#r 0 2.5185884152
-109826943 -460038229
#r 0 4.9033065388
-109602507 -461199476
#r 0 4.9067061223
273596302 -710435175
#r 0 6.2439686514
273596302 -709435175
#r 0 1.8324024543
273866887 -710445792
#r 0 6.2489732664
-495340295 -231301155
#r 0 1.0851289625
-495340295 -230301155
#r 0 1.1165641503
-501856946 -243647139
#r 0 5.4539205949
-335666797 -774290530
#r 0 5.0280727724
-335666797 -773290530
#r 0 1.1170270953
-335862408 -773691609
#r 0 5.0213518934
-44434562 -424288087
#r 0 4.3889446158
-44434562 -423288087
#r 0 6.0280621052
-44126296 -423368485
#r 0 4.2986297531
482272679 648017210
#r 0 4.0383889319
482272679 647017210
#r 0 2.1592511256
481909100 647562045
#r 0 5.8192029856
-848718430 -335529233
#r 0 2.0340581298
-848718430 -334529233
#r 0 2.0459977826
-865842467 -301248102
#r 0 2.0327069557
-538168394 -366123595
#r 0 3.7933516373
-538168394 -365123595
#r 0 2.0691035456
-537783906 -365830237
#r 0 3.7928436528
780704324 -493859950
#r 0 2.3139220523
780704324 -492859950
#r 0 1.7275138491
780895155 -494067637
#r 0 2.3303111095
101574837 -660299922
#r 0 2.6549540372
101574837 -659299922
#r 0 3.1550670950
99731700 -659324759
#r 0 2.6560960221
274165912 -778182756
#r 0 4.5768121174
274165912 -777182756
#r 0 2.0107861064
274271678 -777407423
#r 0 0.2242069847
-30247511 -354320033
#r 0 1.3632582325
-30247511 -353320033
#r 0 1.0417867245
-29918391 -352757038
#r 0 4.4235701324
196232884 -273237791
#r 0 1.7826194539
196232884 -272237791
#r 0 0.3414070362
196033101 -272308778
#r 0 1.6399925408
-43571381 -254057842
#r 0 0.1942051515
-43571381 -253057842
#r 0 4.5558871240
-43734227 -254089871
#r 0 2.2007168139
245238934 77228773
#r 0 2.0347634064
245238934 76228773
#r 0 4.0264011753
245549495 76608147
#r 0 5.4602154089
691449954 36763389
#r 0 2.6046910421
691449954 35763389
#r 0 1.7127555882
691293745 36856369
#r 0 2.3494131509
305194638 -415436078
#r 0 4.4324464794
305194638 -414436078
#r 0 4.3367170227
306255220 -411746994
#r 0 4.3865396425
326597884 -216545057
#r 0 0.2945658275
326597884 -215545057
#r 0 0.4040482717
318545143 -218988194
#r 0 2.2783310654
48717586 -293671845
#r 0 4.2283707841
48717586 -292671845
#r 0 0.3029435988
49346692 -292475209
#r 0 3.3227771695
530625494 -89118625
#r 0 3.9312767633
530625494 -88118625
#r 0 3.9389474594
466502347 -153793798
#r 0 3.9563902831
42124448 645983829
#r 0 4.1551345710
42124448 644983829
#r 0 2.9953541512
41553700 645067894
#r 0 2.9990992717
-178491570 670902010
#r 0 1.9222237915
-178491570 669902010
#r 0 5.3938564783
-177822455 669077054
#r 0 1.8103312781
78464923 432039983
#r 0 3.5649763547
78464923 431039983
#r 0 0.9810442870
79423060 432471755
#r 0 2.2238932526
160031141 -417843750
#r 0 5.6075149808
160031141 -416843750
#r 0 1.9955356686
160740589 -418412390
#r 0 3.0147098605
-430166093 553065446
#r 0 5.6566814133
-430166093 552065446
#r 0 0.0311415170
-428841459 552106710
#r 0 0.7775516228
17710008 853207122
#r 0 6.0247639266
17710008 852207122
#r 0 3.7390675786
18768469 852927337
#r 0 5.1926454451
14875479 -715975258
#r 0 2.2730899803
14875479 -714975258
#r 0 5.8964936064
13584386 -714449534
#r 0 0.6827480095
-415569731 -638404763
#r 0 5.5981523444
-415569731 -637404763
#r 0 1.3600366395
-415751837 -638255979
#r 0 5.5966725679
-773961145 -176289730
#r 0 0.3616910016
-773961145 -175289730
#r 0 5.9407645281
-772600226 -175774847
#r 0 0.4919202604
940988252 -325744210
#r 0 2.0062080752
940988252 -324744210
#r 0 2.2061975891
939728159 -323035424
#r 0 2.0090620746
-826089410 389315028
#r 0 0.7680590611
-826089410 388315028
#r 0 5.2089391463
-826445092 388971472
#r 0 0.5445424994
787581078 -76307990
#r 0 3.3729801205
787581078 -75307990
#r 0 3.4222739671
768600253 -80780012
#r 0 3.4050189213
-720594767 -54294382
#r 0 2.2621030818
-720594767 -53294382
#r 0 2.8556935153
-721688314 -52972931
#r 0 5.3146746396
594911311 732837332
#r 0 4.8038983096
594911311 731837332
#r 0 4.6400698941
594951795 732396159
#r 0 4.8019079523
288809318 -738112341
#r 0 1.3005882903
288809318 -737112341
#r 0 1.2824117892
292986175 -723032461
#r 0 4.4707714572
-344837829 -486706031
#r 0 1.5521860760
-344837829 -485706031
#r 0 5.1896314978
-344819863 -485740774
#r 0 2.8638010123
-62712054 -847301326
#r 0 4.4285143348
-62712054 -846301326
#r 0 3.4194266651
-62393819 -846210562
#r 0 3.4216436122
-250419138 -693493865
#r 0 0.2968819514
-250419138 -692493865
#r 0 5.2782876085
-249887290 -693331160
#r 0 6.2461331105
366755340 -91389671
#r 0 5.5448319799
366755340 -90389671
#r 0 5.6809184795
362263072 -87301373
#r 0 4.4969505938
961566412 68953195
#r 0 3.7911410608
961566412 67953195
#r 0 3.3278482843
959815259 67623208
#r 0 2.4466161665
597164501 -516317146
#r 0 3.1062769731
597164501 -515317146
#r 0 3.3708108190
593442174 -516185635
#r 0 3.8987466318
-877313621 -335845740
#r 0 1.5386762146
-877313621 -334845740
#r 0 1.5298106403
-877165194 -331226342
#r 0 1.5280906913
-380835327 -806301119
#r 0 0.7027695578
-380835327 -805301119
#r 0 5.3548700429
-380377285 -805913142
#r 0 5.3539089653
822465216 -184570263
#r 0 2.0983323523
822465216 -183570263
#r 0 2.3608305252
821087118 -182204884
#r 0 1.5251467313
186036512 447263379
#r 0 1.7090156257
186036512 446263379
#r 0 4.5928477172
186100969 446800013
#r 0 1.7798842423
-324336703 -906969741
#r 0 5.8170085106
-324336703 -905969741
#r 0 5.6405258084
-320263720 -909019125
#r 0 5.6382227130
-23877194 30146238
#r 0 5.0500495635
-23877194 29146238
#r 0 0.9225425063
-23637291 29462962
#r 0 6.1410396764
-646955563 126488175
#r 0 1.4425629472
-646955563 125488175
#r 0 3.4446360965
-647089921 125446165
#r 0 5.6143502838
647455009 119171730
#r 0 3.4667572181
647455009 118171730
#r 0 0.6988447348
649442352 119841725
#r 0 2.6475059445
-614105525 708095676
#r 0 5.0358535785
-614105525 707095676
#r 0 0.3853044204
-613810411 707215367
#r 0 5.0299582944
-144601442 -246545691
#r 0 5.5514498666
-144601442 -245545691
#r 0 4.5203804055
-144766950 -246397057
#r 0 4.5231298068
-755786970 456770808
#r 0 6.1775276890
-755786970 455770808
#r 0 4.7692966963
-755844286 456776886
#r 0 0.7616632316
-942398078 -178453409
#r 0 5.2819104934
-942398078 -177453409
#r 0 0.5709188342
-942851788 -177744812
#r 0 6.1141905207
711522906 98276513
#r 0 4.9844804214
711522906 97276513
#r 0 0.9531261706
711723237 97558511
#r 0 4.9837433370
-865732126 -389513957
#r 0 1.7785852394
-865732126 -388513957
#r 0 6.1767707163
-865947815 -388490917
#r 0 6.1814732675
457994694 -775492143
#r 0 1.3711811198
457994694 -774492143
#r 0 1.3680248464
470646671 -712954398
#r 0 4.5069765649
223679184 -734348721
#r 0 1.6785781415
223679184 -733348721
#r 0 3.5033886609
223575239 -733388059
#r 0 0.2988815859
590989480 604339845
#r 0 5.4018057885
590989480 603339845
#r 0 5.4281641883
606826953 585127914
#r 0 5.3932457349
33739637 326385330
#r 0 5.7119054914
33739637 325385330
#r 0 3.1350362670
35311422 325375025
#r 0 2.3732343042
107088828 -31836439
#r 0 5.9379343745
107088828 -30836439
#r 0 5.9110879179
139744941 -43581403
#r 0 5.8983507194
-86557720 15314172
#r 0 3.1240135649
-86557720 14314172
#r 0 1.4630774439
-86449788 15312274
#r 0 0.3811014612
187576655 288198927
#r 0 1.0885742317
187576655 287198927
#r 0 1.0974260765
211461011 333828656
#r 0 1.1138435804
376013911 294524797
#r 0 4.2104126329
376013911 293524797
#r 0 0.6586856777
375059639 292786189
#r 0 0.6563963151
278966036 620220652
#r 0 3.5993778591
278966036 619220652
#r 0 4.5027531316
279203713 620337754
#r 0 3.0335556955
-721859489 -551390151
#r 0 1.2029751762
-721859489 -550390151
#r 0 0.0449031389
-721467340 -550372530
#r 0 5.7799120432
388898961 -22604958
#r 0 5.3846810634
388898961 -21604958
#r 0 3.2438257420
388163064 -21680454
#r 0 1.1385494467
-862956667 140643757
#r 0 4.0186751429
-862956667 139643757
#r 0 5.2939715565
-863323832 140202240
#r 0 5.9723967920
-64393835 -548376194
#r 0 3.5413527363
-64393835 -547376194
#r 0 3.5641164807
-101304186 -563971203
#r 0 0.4096630908
-682022435 430113840
#r 0 0.0262235496
-682022435 429113840
#r 0 5.9350441342
-684592119 430046438
#r 0 0.1714437527
129522077 617343422
#r 0 5.3866525256
129522077 616343422
#r 0 3.6862015656
130060599 616669611
#r 0 5.3884979258
-709725211 -135667791
#r 0 5.6890576141
-709725211 -134667791
#r 0 6.2746656676
-711224393 -134655018
#r 0 1.4038459971
882172595 169931446
#r 0 1.9025649057
882172595 168931446
#r 0 3.0396395427
882529683 168894913
#r 0 1.8988870142
29768177 179516482
#r 0 5.1874105612
29768177 178516482
#r 0 1.2256259913
29979793 179105017
#r 0 5.9419803935
258981388 553416150
#r 0 0.0880377805
258981388 552416150
#r 0 2.1448941143
258369551 553362146
#r 0 2.9930688123
867622611 474026919
#r 0 4.0528360835
867622611 473026919
#r 0 4.1378230094
871545805 479086566
#r 0 4.5697150004
494169261 705240858
#r 0 5.0339262982
494169261 704240858
#r 0 5.2446681827
494935961 702939122
#r 0 2.6173008376
122469093 -725635014
#r 0 0.6657326586
122469093 -724635014
#r 0 1.1856602567
121874381 -726102060
#r 0 3.9717486415
-603116602 -663308573
#r 0 1.5563268036
-603116602 -662308573
#r 0 0.6870990051
-603101958 -662296558
#r 0 5.5933023855
-145539966 -887360284
#r 0 1.2020667393
-145539966 -886360284
#r 0 5.2622114945
-145302980 -886746971
#r 0 1.1945654551
682414660 608429595
#r 0 3.0766101020
682414660 607429595
#r 0 3.4556414891
684979606 608262683
#r 0 3.4589558594
-490982295 -354183775
#r 0 3.6369952827
-490982295 -353183775
#r 0 3.6445423831
-593119148 -409373216
#r 0 3.6480927710
-802812116 -220135267
#r 0 0.5605509446
-802812116 -219135267
#r 0 5.5236326425
-802178128 -219737302
#r 0 2.3873055154
250470454 471718324
#r 0 0.0367150069
250470454 470718324
#r 0 4.4701904029
250719765 471727482
#r 0 2.5476399385
439852827 37625603
#r 0 3.5405629120
439852827 36625603
#r 0 4.8342298465
439736390 37576516
#r 0 1.2676285701
-160210028 -311873695
#r 0 5.6915459046
-160210028 -310873695
#r 0 4.7405659931
-160181299 -311892999
#r 0 5.4205217074
378118500 -176315695
#r 0 0.2232825593
378118500 -175315695
#r 0 0.2131167263
471876712 -155026142
#r 0 3.3668466508
-866575725 -214630372
#r 0 2.0719842757
-866575725 -213630372
#r 0 4.5891720883
-866676735 -214445995
#r 0 4.5868471479
135413484 36622920
#r 0 4.8522533735
135413484 35622920
#r 0 4.8581863462
138827224 12374782
#r 0 2.3310763563
133848038 926203271
#r 0 4.2021452663
133848038 925203271
#r 0 3.9276531078
132574824 923928369
#r 0 4.6289760676
152317393 -838586251
#r 0 0.1690079446
152317393 -837586251
#r 0 4.6952456773
152300198 -838589185
#r 0 0.3247686983
866394399 -388688067
#r 0 3.6583888183
866394399 -387688067
#r 0 3.8161167219
862071550 -391144809
#r 0 3.6537150087
-110683473 -855371776
#r 0 3.5720819624
-110683473 -854371776
#r 0 3.5966952794
-143850340 -870602445
#r 0 0.4519212650
-778756986 -564076853
#r 0 1.1211030790
-778756986 -563076853
#r 0 0.0563587120
-778260797 -563048859
#r 0 1.1075501147
-737950047 -439455128
#r 0 6.2209487470
-737950047 -438455128
#r 0 6.0593440032
-731901877 -439832032
#r 0 1.0632623522
-609784449 -471338019
#r 0 1.4009399932
-609784449 -470338019
#r 0 1.3931875019
-605932032 -448876114
#r 0 1.4064823410
-23189346 649857189
#r 0 0.9964705525
-23189346 648857189
#r 0 1.0992728764
-20784616 653573419
#r 1 -20584180 653874105
919027675 186956176
#r 0 2.2366400851
919027675 185956176
#r 0 3.7911277988
919519673 186329835
#r 0 2.9772200670
-462062882 -817316296
#r 0 0.4056808001
-462062882 -816316296
#r 0 5.6916891552
-461154807 -816926273
#r 0 5.6871563733
-122964257 -333624352
#r 0 2.0715894156
-122964257 -332624352
#r 0 0.9013132081
-123287818 -333033192
#r 0 2.7916843019
-340634393 559951828
#r 0 5.3792751448
-340634393 558951828
#r 0 5.3951478342
-316046444 528717070
#r 0 1.1287168555
-909594700 -252680642
#r 0 5.5682247473
-909594700 -251680642
#r 0 1.1704592319
-909904183 -252411951
#r 0 1.6905070797
43912064 302995607
#r 0 3.0109000463
43912064 301995607
#r 0 1.1217892229
44365197 302936046
#r 0 0.2794999653
117420708 890129395
#r 0 4.0088388790
117420708 889129395
#r 0 5.0311143642
117183136 889849363
#r 0 4.7332799454
-468178342 -347725758
#r 0 0.4122413180
-468178342 -346725758
#r 0 2.3187279991
-467518357 -347437148
#r 0 3.5986388087
71200613 -222501511
#r 0 1.6832489783
71200613 -221501511
#r 0 5.0291894836
71028344 -220976047
#r 0 3.3160510357
-243623499 -789879633
#r 0 0.9906028890
-243623499 -788879633
#r 0 0.9891082878
-42103111 -482423779
#r 0 4.1441715424
-769324329 107708350
#r 0 6.0366660448
-769324329 106708350
#r 0 5.0345800348
-769688765 107800056
#r 0 6.0330709287
635566251 196520845
#r 0 3.6034953149
635566251 195520845
#r 0 4.2473083609
636235132 196853828
#r 0 3.3239859150
195202581 -473800941
#r 0 0.6425437252
195202581 -472800941
#r 0 1.6263961217
195256012 -473760947
#r 0 5.8831332027
308865562 -904406367
#r 0 2.0097422432
308865562 -903406367
#r 0 2.0139043228
265086291 -811158485
#r 0 5.1790090296
710295145 -265660052
#r 0 4.0060057523
710295145 -264660052
#r 0 4.0356898227
696599830 -281710641
#r 0 4.0117063855
-659887626 -690524746
#r 0 1.6632564581
-659887626 -689524746
#r 0 1.9764519097
-660005882 -689249396
#r 0 1.9941533743
582191960 -738122481
#r 0 3.1008441632
582191960 -737122481
#r 0 3.0498586356
601715147 -738918462
#r 0 3.0943882319
619956929 619639294
#r 0 4.4006499115
619956929 618639294
#r 0 4.3893987159
611304133 592787779
#r 0 4.4110686228
279378978 182926265
#r 0 1.9029655735
279378978 181926265
#r 0 3.3715294430
279698156 182000977
#r 0 5.2078351247
-31041134 -356688329
#r 0 2.9398127254
-31041134 -355688329
#r 0 1.0458826266
-31558902 -356582412
#r 0 1.0403323697
531322273 778893238
#r 0 5.0869123135
531322273 777893238
#r 0 3.0426983793
531731301 777852655
#r 0 4.2731297740
-409016762 -551302065
#r 0 2.5179299215
-409016762 -550302065
#r 0 1.7197978680
-408848473 -551423141
#r 0 1.6267278145
-242530425 -410578653
#r 0 0.7946614988
-242530425 -409578653
#r 0 2.2759276029
-242074564 -410114268
#r 0 5.0629170872
280793211 -921368331
#r 0 1.6897986586
280793211 -920368331
#r 0 2.6433410630
280665325 -920298757
#r 0 1.6824829007
730390034 137322819
#r 0 1.3408406215
730390034 136322819
#r 0 4.1291985602
730027188 135772833
#r 0 0.9083947315
336241334 349827929
#r 0 3.6741178163
336241334 348827929
#r 0 3.6790522418
486221452 438213326
#r 0 0.3085953119
182629508 -60733374
#r 0 2.7636586911
182629508 -59733374
#r 0 2.7842507693
140342450 -43944606
#r 0 5.9209266248
-14583895 -391538609
#r 0 5.6096519546
-14583895 -390538609
#r 0 2.5472850021
-22766602 -385008633
#r 0 4.2775110255
-529968658 -541423045
#r 0 0.0429055402
-529968658 -540423045
#r 0 0.9235221080
-530749924 -541456586
#r 0 5.9733804852
-295721070 -115687762
#r 0 5.4736339850
-295721070 -114687762
#r 0 4.4523837283
-295929034 -115469501
#r 0 4.4533585504
-860392259 105310463
#r 0 5.4509870517
-860392259 104310463
#r 0 6.2407262394
-859445098 104270223
#r 0 5.4556069181
134282577 690186611
#r 0 3.8822009193
134282577 689186611
#r 0 3.4462936876
132615107 688662201
#r 0 2.7221314121
120775521 105317247
#r 0 4.8900507951
120775521 104317247
#r 0 0.7772038424
120928121 104467367
#r 0 4.8742447236
705482076 -427802156
#r 0 2.2114366676
705482076 -426802156
#r 0 1.3781288914
705327450 -427594755
#r 0 3.4873905359
67711290 -820628312
#r 0 3.8565142975
67711290 -819628312
#r 0 0.4397951231
70226428 -818444864
#r 0 0.2114805202
433987350 508403551
#r 0 5.7794890531
433987350 507403551
#r 0 3.7677353859
434772073 507971081
#r 0 5.9849977969
-118050258 19266698
#r 0 1.0781994103
-118050258 18266698
#r 0 3.4125521067
-118681034 18091474
#r 0 2.2825001745
-797637337 -148047045
#r 0 2.7930802435
-797637337 -147047045
#r 0 1.5468493392
-797661082 -148038417
#r 0 2.7932341972
-297627869 -312378482
#r 0 2.7449931579
-297627869 -311378482
#r 0 2.7585733846
-360629100 -285994159
#r 0 5.9049237581
526708312 738674488
#r 0 4.0755019909
526708312 737674488
#r 0 5.1945576491
526401804 738260130
#r 0 3.0429724502
902408713 326691638
#r 0 3.8002064274
902408713 325691638
#r 0 2.4214870051
901803071 326222940
#r 0 2.8143870286
194389026 724215994
#r 0 2.6420481553
194389026 723215994
#r 0 2.6308768136
125838187 761624954
#r 0 2.6075845971
479784988 -770379991
#r 0 1.9040578387
479784988 -769379991
#r 0 1.4612909023
479701545 -770138946
#r 0 1.9128405473
-131810955 348029062
#r 0 3.8388145691
-131810955 347029062
#r 0 3.8190714452
-162067666 322687540
#r 0 0.6769584406
586522933 -217901995
#r 0 2.6784206061
586522933 -216901995
#r 0 5.1349663711
587102825 -218191596
#r 0 2.6404805872
-187748036 23994930
#r 0 3.3090746247
-187748036 22994930
#r 0 1.5963165577
-187773452 23990633
#r 0 2.2815935860
352205545 -810872443
#r 0 3.2370944527
352205545 -809872443
#r 0 3.2425919813
172056363 -828129511
#r 0 0.0916254153
-281264150 625950435
#r 0 5.5535160089
-281264150 624950435
#r 0 5.5705982079
-248244536 596420263
#r 0 5.5678621378
805993669 -555805939
#r 0 3.5992417487
805993669 -554805939
#r 0 2.2213508442
806547242 -555533291
#r 0 3.6271772377
109176579 830254230
#r 0 4.8698073133
109176579 829254230
#r 0 4.8700130319
228798073 76645926
#r 0 3.1020436077
454603456 -115132683
#r 0 4.9216355212
454603456 -114132683
#r 0 4.9196976739
476666602 -219030206
#r 0 1.7731112030
-841858840 456991149
#r 0 6.2124156543
-841858840 455991149
#r 0 0.5916643147
-840512686 456895723
#r 0 6.2242370316
-394302774 -111391377
#r 0 1.8049895997
-394302774 -110391377
#r 0 4.9855737275
-395908896 -104659112
#r 0 1.6222378535
-44928054 515757560
#r 0 4.1726738711
-44928054 514757560
#r 0 1.5784399079
-44935601 515744961
#r 0 3.8594858681
-121117037 -740886462
#r 0 1.4101201030
-121117037 -739886462
#r 0 4.0260711814
-120914988 -739639809
#r 0 1.9226272218
-104972969 -794518837
#r 0 4.2947239413
-104972969 -793518837
#r 0 4.2990134323
-142959328 -880117106
#r 0 1.1845501325
-228728329 -70115130
#r 0 2.9644683921
-228728329 -69115130
#r 0 1.3896994821
-228905621 -70083395
#r 0 3.2879075693
211817052 -353830981
#r 0 3.7346005761
211817052 -352830981
#r 0 4.8467212296
211940917 -353747506
#r 0 5.0812275607
714039536 -444378998
#r 0 3.2793690351
714039536 -443378998
#r 0 1.5445654248
714013203 -444382649
#r 0 2.1846885455
210279624 -719446913
#r 0 4.4704230446
210279624 -718446913
#r 0 0.0844682908
210531693 -718425570
#r 0 1.4933915041
-252990652 907596128
#r 0 4.8366463297
-252990652 906596128
#r 0 4.8260239470
-254313674 918188708
#r 0 4.8390318193
-111775591 385835601
#r 0 2.6793876694
-111775591 384835601
#r 0 3.1605732952
-109842032 384872306
#r 0 2.6769757647
-751715650 246572132
#r 0 5.8361949091
-751715650 245572132
#r 0 4.5274562332
-751543974 246489839
#r 0 0.5567602076
734240015 -107718197
#r 0 2.0496264706
734240015 -106718197
#r 0 2.0597650843
712893793 -66598563
#r 0 5.1975606511
451097033 876365304
#r 0 4.4302905478
451097033 875365304
#r 0 4.4263932637
430946475 806839300
#r 0 4.4314365325
-213751703 -188883800
#r 0 1.9232836914
-213751703 -187883800
#r 0 3.6681816950
-214054748 -188059973
#r 0 3.2562709951
-871609781 -439190600
#r 0 1.5976772394
-871609781 -438190600
#r 0 0.6251470844
-871636157 -438209635
#r 0 0.7456070154
873731973 -187795839
#r 0 3.7365365290
873731973 -186795839
#r 0 2.5506936248
874474034 -187293657
#r 0 2.3884941721
476321941 -514170025
#r 0 3.6347885952
476321941 -513170025
#r 0 2.2127400301
476855226 -513883384
#r 0 3.4785431363
648529161 -258031637
#r 0 4.6623921983
648529161 -257031637
#r 0 4.6547960505
648907866 -250463364
#r 0 1.1602664398
-947200162 54478327
#r 0 4.2785695658
-947200162 53478327
#r 0 4.2639774976
-959689014 27519234
#r 0 4.2865867648
-72923073 965837855
#r 0 3.7043776663
-72923073 964837855
#r 0 4.8850550456
-73080190 965738740
#r 0 5.4723316696
533900477 -572149686
#r 0 3.6703293314
533900477 -571149686
#r 0 4.3179212422
533350412 -572471046
#r 0 3.7016280746
-787439174 -505763987
#r 0 6.2108648721
-787439174 -504763987
#r 0 0.4393041054
-789282908 -505630414
#r 0 0.4518883492
-244124713 -774407860
#r 0 0.9445078559
-244124713 -773407860
#r 0 0.8634979054
-239418111 -767902045
#r 0 4.4704410094
912688030 366379819
#r 0 4.0286418069
912688030 365379819
#r 0 4.0211749148
858757032 300196894
#r 0 4.0253881257
65744808 676218049
#r 0 0.2006300323
65744808 675218049
#r 0 3.9881529419
66823440 676437406
#r 0 3.2385379522
-530446177 836542796
#r 0 6.0908256912
-530446177 835542796
#r 0 4.4648107726
-530205273 836495876
#r 0 4.4614625342
-415563059 -298865844
#r 0 3.6964429247
-415563059 -297865844
#r 0 0.0676214984
-413751707 -297743171
#r 0 0.0643474347
-886033412 -228132643
#r 0 4.9076223554
-886033412 -227132643
#r 0 5.7087806813
-886260188 -226985873
#r 0 1.8760166321
-277974413 -935647969
#r 0 3.7002801329
-277974413 -934647969
#r 0 2.4202693706
-277309756 -935232477
#r 0 3.6942632676
200104270 740576328
#r 0 2.8477379605
200104270 739576328
#r 0 5.6553831956
197740976 741291498
#r 0 4.5547035090
-138670661 -326693416
#r 0 2.5153375248
-138670661 -325693416
#r 0 4.7131078164
-138669942 -326693936
#r 0 2.9386645548
-420259027 -893966584
#r 0 5.9741081880
-420259027 -892966584
#r 0 6.0459017648
-433167124 -889844897
#r 0 6.0448606163
-798050443 -196980374
#r 0 0.4394047588
-798050443 -195980374
#r 0 5.3246425776
-797522457 -196732192
#r 0 6.0914342946
-402542994 -134498653
#r 0 1.7544314932
-402542994 -133498653
#r 0 1.7483306724
-397257017 -162959570
#r 0 3.0402984396
508744237 816338581
#r 0 3.7543456979
508744237 815338581
#r 0 3.7516518007
259848055 641358431
#r 0 0.6087968142
-397593185 913590386
#r 0 5.0722187514
-397593185 912590386
#r 0 5.9949288142
-397169741 912464828
#r 0 4.4210348678
-443314379 -868631678
#r 0 0.6095768506
-443314379 -867631678
#r 0 0.2032302793
-441282742 -867213008
#r 0 5.8618605130
-533147680 613971414
#r 0 4.6843320847
-533147680 612971414
#r 0 3.0080367434
-533175639 612975170
#r 0 3.0131781033
-770932227 -336799630
#r 0 5.8688358661
-770932227 -335799630
#r 0 1.4819910544
-771017911 -336761945
#r 0 2.6694147948
-313801222 -169811900
#r 0 3.3440006881
-313801222 -168811900
#r 0 0.8989504842
-314751587 -170006932
#r 0 2.5739037753
396351162 236536477
#r 0 0.8242531502
396351162 235536477
#r 0 0.9158944487
400871067 241422015
#r 0 1.0263355539
653214263 -656222690
#r 0 1.4550629251
653214263 -655222690
#r 0 2.0730180750
653310207 -655397390
#r 0 1.9324681070
-126037657 252119065
#r 0 1.9563545217
-126037657 251119065
#r 0 2.0684553089
-124432815 248165005
#r 0 1.8628733610
795662488 -210263076
#r 0 2.0987969920
795662488 -209263076
#r 0 2.1014159125
698309035 -43343147
#r 0 5.7371413759
-552602322 134431660
#r 0 3.5494196349
-552602322 133431660
#r 0 5.9542505074
-553895339 133873012
#r 0 1.7697658742
-25074801 475442830
#r 0 2.6727687323
-25074801 474442830
#r 0 0.5569209255
-24189184 474994276
#r 0 5.3926479835
-581753711 58339560
#r 0 0.6981372988
-581753711 57339560
#r 0 1.4545168446
-581624212 58448224
#r 0 0.2797628701
-123676106 -141587957
#r 0 1.6421982875
-123676106 -140587957
#r 0 3.7458917561
-123744264 -140635018
#r 0 3.7464641923
-770394741 -202777594
#r 0 3.7845654081
-770394741 -201777594
#r 0 0.5679110155
-761397850 -196037350
#r 0 2.3271922798
226219170 40973701
#r 0 0.9595924952
226219170 39973701
#r 0 3.9728114637
223198084 36662251
#r 0 1.6741089287
-730767039 -317649186
#r 0 0.6287544136
-730767039 -316649186
#r 0 2.9110672367
-729727437 -316893178
#r 0 0.6445537706
313987082 -595303530
#r 0 2.0244770691
313987082 -594303530
#r 0 3.6798382920
313609424 -594529010
#r 0 2.0308547699
422385780 609464897
#r 0 1.6359723899
422385780 608464897
#r 0 4.0479932097
422446028 608541825
#r 0 3.3043530501
-283682688 -708434606
#r 0 0.3230706763
-283682688 -707434606
#r 0 4.6863211690
-283708991 -708443412
#r 0 0.3264049906
-165174039 -771223105
#r 0 1.4175815590
-165174039 -770223105
#r 0 5.0477873360
-165067024 -770530117
#r 0 1.4212048999
-595802012 -385074130
#r 0 4.5724297168
-595802012 -384074130
#r 0 4.5764624478
-600489615 -418347779
#r 0 1.4299448134
277214466 -802769623
#r 0 4.2334448386
277214466 -801769623
#r 0 4.2511072108
265600517 -825135558
#r 0 1.0878847292
-49223034 10182434
#r 0 0.8425773444
-49223034 9182434
#r 0 6.0087116028
-49935785 9383131
#r 0 1.9509158362
606551053 -19018638
#r 0 5.7670551981
606551053 -18018638
#r 0 5.8893177130
599965667 -15281862
#r 0 5.7663502743
-355498144 909755308
#r 0 5.8255921889
-355498144 908755308
#r 0 5.8292744047
-136532910 801924863
#r 0 3.5725507125
47076853 -733059593
#r 0 0.4427586143
47076853 -732059593
#r 0 2.2481496036
47659101 -732783517
#r 0 0.4481515113
-374230082 240356462
#r 0 4.0579041253
-374230082 239356462
#r 0 1.2642359682
-373691261 241058686
#r 0 2.4449205408
57914385 673072022
#r 0 0.2135003954
57914385 672072022
#r 0 0.9963703180
58667261 673235249
#r 0 3.9766905420
-434227853 -134865342
#r 0 1.7549640502
-434227853 -133865342
#r 0 3.6354463001
-434397154 -133956485
#r 0 3.1449094548
-803935016 3201268
#r 0 1.1574259838
-803935016 2201268
#r 0 0.9390877471
-805030142 704653
#r 0 1.1649161834
612533705 664406426
#r 0 3.0105409464
612533705 663406426
#r 0 4.6587720764
612586996 664399402
#r 0 3.8113416491
-128789750 -864403732
#r 0 3.4938703120
-128789750 -863403732
#r 0 3.5851002251
-138095468 -867824624
#r 1 -137979752 -867769141
49745228 181238661
#r 0 5.6050937771
49745228 180238661
#r 0 5.1143892916
49098642 181759493
#r 0 4.5257656626
582907428 511612935
#r 0 4.5417724244
582907428 510612935
#r 0 4.5282305851
580611376 498286392
#r 0 4.5272743851
616180789 -199370439
#r 0 2.8714459025
616180789 -198370439
#r 0 2.8702608253
144982153 -279834439
#r 0 4.0583917640
144982153 -278834439
#r 0 4.9305516660
145154111 -279610106
#r 0 1.4564050539
-152837913 140842892
#r 0 0.3224726706
-152837913 139842892
#r 0 3.2842622593
-158087523 139088809
#r 0 4.0370052441
549838263 -730153584
#r 0 3.1711911574
549838263 -729153584
#r 0 3.1848312468
476623293 -732321271
#r 0 3.2055964999
-591139324 -247371007
#r 0 2.5755585500
-591139324 -246371007
#r 0 2.6073570404
-613987815 -232853362
#r 0 2.5827581775
-753947354 98952221
#r 0 6.2755700793
-753947354 97952221
#r 0 0.0353858897
-730700213 98775185
#r 0 3.1775542985
-98352464 -743450637
#r 0 4.7132558644
-98352464 -742450637
#r 0 0.0826540456
-98353331 -742450709
#r 0 2.1325187294
611104978 -524723090
#r 0 3.3382535359
611104978 -523723090
#r 0 2.3787857706
611970746 -524550598
#r 0 1.3978616913
-276948858 -364114257
#r 0 2.6284531580
-276948858 -363114257
#r 0 2.3302164890
-274907485 -365264546
#r 0 2.3273472299
-558362802 302376104
#r 0 0.2188895973
-558362802 301376104
#r 0 3.9965485993
-557284427 302615993
#r 0 1.9658228002
-267275647 10250653
#r 0 2.6899685999
-267275647 9250653
#r 0 3.4931498305
-266101737 9681236
#r 0 2.6853638665
425647155 -827346206
#r 0 3.4022030275
