701687785 -541700890
#r 0 4.1571204581
701687785 -540700890
#r 0 2.2185705995
702028680 -541151394
#r 0 1.5150907968
-499127383 633119407
#r 0 4.8191434811
-499127383 632119407
#r 0 0.9837003313
-499035086 632258124
#r 0 4.9757206700
-483608482 -622730427
#r 0 4.0251114829
-483608482 -621730427
#r 0 0.6481891762
-481439370 -620087648
#r 0 5.1684475182
-400050622 -282770132
#r 0 4.2639883977
-400050622 -281770132
#r 0 1.4669248123
-400183707 -283046768
#r 0 4.3285476504
301295572 728310821
#r 0 5.0440243933
301295572 727310821
#r 0 2.2522147584
301894029 726572906
#r 0 2.7022808735
538670319 187274473
#r 0 3.2688053349
538670319 186274473
#r 0 3.9200356171
539835437 187423496
#r 0 2.0885011843
-356518068 -65592954
#r 0 0.9152707934
-356518068 -64592954
#r 0 6.1595616895
-355816173 -64680170
#r 0 6.1357500224
-276446552 932869643
#r 0 5.8011907098
-276446552 931869643
#r 0 4.5771263227
-276319504 932803178
#r 0 5.6119048850
-550539604 -271667289
#r 0 4.9339499479
-550539604 -270667289
#r 0 5.5173852740
-550827144 -270390805
#r 0 5.3902837072
-618319202 -169265767
#r 0 3.0385546747
-618319202 -168265767
#r 0 0.1565943871
-622146349 -168870024
#r 0 1.9226130910
755102565 -188650360
#r 0 2.1816450806
755102565 -187650360
#r 0 1.5434183644
755076211 -188612721
#r 0 2.9208680543
380790345 -501424583
#r 0 4.3186507203
380790345 -500424583
#r 0 2.2985787348
381073667 -500742589
#r 0 2.4425025298
-579009961 358478730
#r 0 0.2389754385
-579009961 357478730
#r 0 5.6549892854
-580040903 358227560
#r 0 5.5663244540
299350043 -849072587
#r 0 2.6354223678
299350043 -848072587
#r 0 2.0423191984
300060830 -849466605
#r 0 3.3380108285
547958642 -796389549
#r 0 2.9606022651
547958642 -795389549
#r 0 2.7081131504
551532033 -797043454
#r 0 0.9215356040
120566706 -818818612
#r 0 2.6121688618
120566706 -817818612
#r 0 2.6412804723
94548987 -803594519
#r 0 0.7452423081
137093106 -178832048
#r 0 2.2475312640
137093106 -177832048
#r 0 4.7872401806
137175819 -178935018
#r 0 0.4346181856
-671832205 450572368
#r 0 6.0192900007
-671832205 449572368
#r 0 4.6600317122
-671780532 450558406
#r 0 1.3049167374
-468532303 -84888903
#r 0 3.7901590910
-468532303 -83888903
#r 0 1.9789269890
-468206630 -84642061
#r 0 2.4254040565
242220329 -192797614
#r 0 5.9216905195
242220329 -191797614
#r 0 2.4846464794
244764128 -193759451
#r 0 2.4077336522
474168597 127670696
#r 0 4.7455449049
474168597 126670696
#r 0 4.4879935803
474197557 126797579
#r 0 4.4332091741
595496296 -707793242
#r 0 1.1518104265
595496296 -706793242
#r 0 1.2363643783
593915110 -711343623
#r 0 1.2777093121
677928845 -196320030
#r 0 2.8407744719
677928845 -195320030
#r 0 2.8794189375
654052532 -188912811
#r 0 2.7881030777
134234208 -184258840
#r 0 5.4678909062
134234208 -183258840
#r 0 0.5393349945
133631864 -183619359
#r 0 5.8850484091
-222667336 -46611794
#r 0 1.5262706008
-222667336 -45611794
#r 0 0.1972166626
-222622381 -45602811
#r 0 4.7619253600
219528894 970092025
#r 0 3.3772015610
219528894 969092025
#r 0 3.5179781173
225973855 971639251
#r 0 3.4503819172
-384209398 -106897359
#r 0 2.1831786784
-384209398 -105897359
#r 0 3.4303806056
-384790577 -106070023
#r 0 0.1117621336
615373946 -411111791
#r 0 4.7905309599
615373946 -410111791
#r 0 1.9882949270
615278860 -409897428
#r 0 3.7480986112
326662212 790338362
#r 0 5.6094455166
326662212 789338362
#r 0 5.5194179105
320384297 795350395
#r 0 3.2256665897
340630368 -61653550
#r 0 1.0524394122
340630368 -60653550
#r 0 0.9624917502
343782451 -56127285
#r 0 4.6147109830
-936931568 -253662529
#r 0 0.9977550800
-936931568 -252662529
#r 0 0.8304469160
-934735358 -250258965
#r 0 5.7534713574
-55698254 -527054964
#r 0 5.8622755692
-55698254 -526054964
#r 0 4.6000358509
-55805657 -527006883
#r 0 3.7315594393
-176767589 -188188183
#r 0 5.7392018886
-176767589 -187188183
#r 0 1.2446175999
-177048397 -188018334
#r 0 0.0000724120
133207554 429148051
#r 0 3.2457811761
133207554 428148051
#r 0 4.6714680457
133248674 429152351
#r 0 6.2022344553
420725815 -425022251
#r 0 1.5949502959
420725815 -424022251
#r 0 3.5593563174
420701913 -424032861
#r 0 1.8643025198
-984543034 144270826
#r 0 5.4890584598
-984543034 143270826
#r 0 6.1045789143
-983348407 143055160
#r 0 0.1301286491
366737756 485628537
#r 0 1.9052032004
366737756 484628537
#r 0 1.9422667212
369952845 476375318
#r 0 2.0325049575
-649282821 -270779598
#r 0 2.9866659492
-649282821 -269779598
#r 0 3.0294187235
-672254719 -267191887
#r 0 4.9541198808
411724544 245564399
#r 0 4.4701028610
411724544 244564399
#r 0 4.5689590430
412072020 246970381
#r 0 4.7234943690
795592083 -315379132
#r 0 5.2549006706
795592083 -314379132
#r 0 5.1063631048
796931231 -317600498
#r 0 5.0552818464
-521849662 466816098
#r 0 5.4763713597
-521849662 465816098
#r 0 5.3417469609
-524883626 469982876
#r 0 5.9032077332
-558514126 -706353026
#r 0 4.1327544146
-558514126 -705353026
#r 0 3.9240211817
-556639586 -703489586
#r 0 4.0219060056
-218018041 -776753981
#r 0 0.9788514246
-218018041 -775753981
#r 0 0.8385602479
-215350357 -772786434
#r 0 0.8618270676
517252615 315449462
#r 0 3.9019732467
517252615 314449462
#r 0 0.3304939427
515608147 313885283
#r 0 3.4734380616
-836634468 79323631
#r 0 0.6012808393
-836634468 78323631
#r 0 0.5075554522
-844334766 74041082
#r 0 0.9053315065
-478957491 -425697431
#r 0 0.2625893645
-478957491 -424697431
#r 0 6.2120237849
-476016989 -424907036
#r 0 0.2306794168
744680137 283363242
#r 0 0.5814438771
744680137 282363242
#r 0 0.6898688190
750636718 287278110
#r 0 1.9573660119
787479252 -388621533
#r 0 0.6539896936
787479252 -387621533
#r 0 0.5355513137
793255576 -384193871
#r 0 0.3982081289
734374273 161323653
#r 0 0.9789713924
734374273 160323653
#r 0 4.1399741912
749943467 184485136
#r 0 1.0831941622
-835925574 -325109799
#r 0 5.9987628275
-835925574 -324109799
#r 0 1.0914759943
-836376764 -324977894
#r 0 1.6139824126
191098699 -491490599
#r 0 3.6117926026
191098699 -490490599
#r 0 3.9137003149
188950696 -492582252
#r 0 1.8402596408
76967052 -918743877
#r 0 0.9062212876
76967052 -917743877
#r 0 1.8347587695
77168000 -918487389
#r 0 3.1956615327
-458212991 -390070259
#r 0 5.3409734797
-458212991 -389070259
#r 0 5.3370870612
-369726814 -511792939
#r 0 5.4392164991
-561441965 -303326039
#r 0 5.7552765822
-561441965 -302326039
#r 0 1.6752249347
-561330333 -303391133
#r 0 0.9802988065
-143029320 -288205830
#r 0 1.0344385268
-143029320 -287205830
#r 0 1.4637132795
-143160541 -288426560
#r 0 1.6440477339
-217724255 370576245
#r 0 3.0782652117
-217724255 369576245
#r 0 4.0378373491
-216963161 370527982
#r 0 3.2851917157
231282029 -813119927
#r 0 1.4312678917
231282029 -812119927
#r 0 1.4964342513
231123362 -814249707
#r 0 2.8042968393
-173650117 941397434
#r 0 5.0804559767
-173650117 940397434
#r 0 5.7864867960
-173162565 940133169
#r 0 6.2537713716
-974261600 -135035256
#r 0 0.5000768382
-974261600 -134035256
#r 0 0.4438876958
-960149995 -127324643
#r 0 0.4149569569
-219071864 876570219
#r 0 5.9415585253
-219071864 875570219
#r 0 4.0886606622
-218498903 876366492
#r 0 5.9366620225
841216372 -245702053
#r 0 4.6822096451
841216372 -244702053
#r 0 4.7585019859
841234622 -245097531
#r 0 4.6359256709
-554460271 622376857
#r 0 5.6733153981
-554460271 621376857
#r 0 3.2332687271
-553195503 621493132
#r 0 0.8590407584
-710372218 -603481641
#r 0 5.9192246500
-710372218 -602481641
#r 0 5.1603466058
-709784006 -603705709
#r 0 5.3642610226
57367412 137137296
#r 0 4.1163727496
57367412 136137296
#r 0 5.4631696639
56974641 136558247
#r 0 4.5239333019
350298717 99524416
#r 0 1.1156153445
350298717 98524416
#r 0 4.7085825877
350302553 99532254
#r 0 4.6380612286
124361302 -505132095
#r 0 5.9574564416
124361302 -504132095
#r 0 3.7809642049
123436512 -504819738
#r 0 4.8496331043
-544744435 413022941
#r 0 4.7436544771
-544744435 412022941
#r 0 5.6832635473
-544712476 412001080
#r 0 6.0055963199
-119196968 -904270036
#r 0 6.0836999719
-119196968 -903270036
#r 0 1.7002552075
-119063262 -904297068
#r 0 1.5923770429
-804414631 -463783652
#r 0 5.2916808393
-804414631 -462783652
#r 0 0.5855156946
-804870884 -463086184
#r 0 1.0572688661
551441948 -761356956
#r 0 1.0604567685
551441948 -760356956
#r 0 1.7201591600
551560550 -761145093
#r 0 1.0456915887
27156741 -865736728
#r 0 4.5950305838
27156741 -864736728
#r 0 4.3685530659
27332521 -864245801
#r 0 4.3754271674
940217810 -146619311
#r 0 3.7746016915
940217810 -145619311
#r 0 2.4570322679
940862986 -146145924
#r 0 3.8825657792
-914055295 46387478
#r 0 5.2730080893
-914055295 45387478
#r 0 5.4378645120
-911905616 42963398
#r 0 5.2323461848
-936955659 -34943340
#r 0 5.6990791377
-936955659 -33943340
#r 0 5.6764682041
-906643849 -54981054
#r 0 5.4790351337
-369379595 277222742
#r 0 0.9803598905
-369379595 276222742
#r 0 1.9406629272
-369625213 276856251
#r 0 1.8389515586
-821124475 11788443
#r 0 0.6389133498
-821124475 10788443
#r 0 5.4291413927
-821653431 11395505
#r 0 0.9834454783
-490967586 616064171
#r 0 4.6717047890
-490967586 615064171
#r 0 4.9425413625
-491002267 615212189
#r 0 1.1240568567
-678074763 -588467848
#r 0 1.2855514878
-678074763 -587467848
#r 0 5.1892871673
-677887694 -587829912
#r 0 5.0940325638
217643120 -215305082
#r 0 0.9043917492
217643120 -214305082
#r 0 6.0104857377
218287760 -214485366
#r 0 4.4110289460
-682169509 -158834214
#r 0 1.5283952745
-682169509 -157834214
#r 0 1.1072153950
-682123148 -157741477
#r 0 0.2838022614
557597791 508080141
#r 0 5.8804468159
557597791 507080141
#r 0 5.9893442935
565699922 504628431
#r 0 3.1028480844
639262792 -399950495
#r 0 2.5072703935
639262792 -398950495
#r 0 3.7612594164
638572738 -399442784
#r 0 2.5166815743
61684808 -566926225
#r 0 0.1269724485
61684808 -565926225
#r 0 6.2442088718
67685213 -566160218
#r 0 6.1223980657
523190902 523430949
#r 0 1.1341311304
523190902 522430949
#r 0 5.9486553661
522789334 522570532
#r 0 5.8275299418
-97120665 -106773775
#r 0 2.6320088569
-97120665 -105773775
#r 0 2.5541121161
-87783633 -111991424
#r 0 0.6645965146
-565009351 514254679
#r 0 1.0892095920
-565009351 513254679
#r 0 0.7969580186
-566132933 512104815
#r 0 5.5109599857
334580786 -482417867
#r 0 4.3635031434
334580786 -481417867
#r 0 1.5475080087
334555900 -482486279
#r 0 4.8219129056
-302732954 278207160
#r 0 1.7151510032
-302732954 277207160
#r 0 4.4005606674
-302632768 277517963
#r 0 3.3788662211
-258338693 -552221732
#r 0 2.0140695096
-258338693 -551221732
#r 0 3.9665114664
-258652315 -551561177
#r 0 5.6658816614
-571070279 -284224233
#r 0 1.4756490754
-571070279 -283224233
#r 0 3.0335456838
-570975821 -283234479
#r 0 5.6254215276
481874853 641887316
#r 0 6.2540333263
481874853 640887316
#r 0 6.0234261943
477648371 642010561
#r 0 6.1801125549
-479273610 -106822827
#r 0 1.7077195468
-479273610 -105822827
#r 0 3.6853835555
-479400800 -105899725
#r 0 0.9473129498
-4238218 -621301856
#r 0 3.8308642089
-4238218 -620301856
#r 0 0.4121853940
-1653439 -619171708
#r 0 3.6129048960
-213551122 -22815755
#r 0 5.4136970352
-213551122 -21815755
#r 0 2.3202596944
-222682448 -12003399
#r 0 6.2737584400
-874003763 -51756842
#r 0 4.9804057640
-874003763 -50756842
#r 0 4.9105658238
-873256617 -54477456
#r 0 4.9203069552
-191082364 -706539912
#r 0 1.1599030992
-191082364 -705539912
#r 0 5.3036080473
-190818148 -705933487
#r 0 5.1120032615
-712230836 221529366
#r 0 4.3001806296
-712230836 220529366
#r 0 1.0803077872
-714644143 216010198
#r 0 4.3308800762
-780382671 126943689
#r 0 5.5916020851
-780382671 125943689
#r 0 5.6576816917
-770926476 119113948
#r 0 5.8046781855
-236286024 -513307999
#r 0 5.9288937401
-236286024 -512307999
#r 0 4.1974466951
-236753947 -513134915
#r 0 2.7422756803
432125842 146983063
#r 0 1.1863321326
432125842 145983063
#r 0 3.5274842886
431641657 145786358
#r 0 4.3058396845
-261116530 -918750953
#r 0 1.0907312308
-261116530 -917750953
#r 0 2.1809477069
-260818097 -918177808
#r 0 2.0810872286
118024946 613168088
#r 0 3.5915710059
118024946 612168088
#r 0 3.6520256480
131029024 619449426
#r 0 2.5383787282
-464226731 -787773296
#r 0 5.8837921473
-464226731 -786773296
#r 0 2.8873001793
-470393526 -785170427
#r 0 0.4942746114
-243669211 -909135288
#r 0 1.3173807161
-243669211 -908135288
#r 0 2.7084180109
-243437929 -908242249
#r 0 1.2557103010
-477273716 873997373
#r 0 6.2607425255
-477273716 872997373
#r 0 0.0444953653
-462341948 873662206
#r 0 4.2343874589
-723337552 322551553
#r 0 0.2430159758
-723337552 321551553
#r 0 4.5353869336
-723150378 322597956
#r 0 4.5310237216
-109826943 -461038229
#r 0 1.8554695614
-109826943 -460038229
#r 0 4.8739999703
-109458801 -462296315
#r 0 6.0688015280
273596302 -710435175
#r 0 2.6551829828
273596302 -709435175
#r 0 2.5760994019
283044225 -715431097
#r 0 2.7026560014
-495340295 -231301155
#r 0 1.4144779303
-495340295 -230301155
#r 0 1.5575794242
-495354723 -231392699
#r 0 1.3881562583
-335666797 -774290530
#r 0 3.3944656357
-335666797 -773290530
#r 0 2.6408096687
-334425677 -773969819
#r 0 2.7675309759
-44434562 -424288087
#r 0 4.0948565821
-44434562 -423288087
#r 0 5.6624214376
-43963561 -423624883
#r 0 0.1143333712
482272679 648017210
#r 0 4.3755203734
482272679 647017210
#r 0 4.6866833511
482300427 648096442
#r 0 5.5745586514
-848718430 -335529233
#r 0 6.1605065857
-848718430 -334529233
#r 0 1.0601218081
-849242475 -335464619
#r 0 1.2606939504
-538168394 -366123595
#r 0 5.7873919964
-538168394 -365123595
#r 0 5.8585798660
-549436639 -360029133
#r 0 5.6218698325
780704324 -493859950
#r 0 1.1967594945
780704324 -492859950
#r 0 2.8082170918
781049869 -492979613
#r 0 1.1841584519
101574837 -660299922
#r 0 3.2763949115
101574837 -659299922
#r 0 3.3433029537
87053982 -662269309
#r 0 1.2838063973
274165912 -778182756
#r 0 3.6921617161
274165912 -777182756
#r 0 2.0168361152
274535577 -777955823
#r 0 1.8737328283
-30247511 -354320033
#r 0 4.4069593925
-30247511 -353320033
#r 0 5.3167796766
-30031044 -353633480
#r 0 6.1282448614
196232884 -273237791
#r 0 5.0781468527
196232884 -272237791
#r 0 0.9499958151
195983470 -272586564
#r 0 4.2719690726
-43571381 -254057842
#r 0 0.9351276347
-43571381 -253057842
#r 0 0.4444793683
-42433797 -252516051
#r 0 1.2393434551
245238934 77228773
#r 0 1.3431286417
245238934 76228773
#r 0 0.6950634190
244951770 75989311
#r 0 5.2830515983
691449954 36763389
#r 0 4.4460896399
691449954 35763389
#r 0 4.4769213069
693441578 44064649
#r 0 2.3101114592
305194638 -415436078
#r 0 2.9153563985
305194638 -414436078
#r 0 4.3200131650
304816795 -415349107
#r 0 2.3327021880
326597884 -216545057
#r 0 5.9558971701
326597884 -215545057
#r 0 3.7657247075
325654188 -216224674
#r 0 1.3676584094
48717586 -293671845
#r 0 4.3753980038
48717586 -292671845
#r 0 5.5835592218
48988156 -292899570
#r 0 0.5378881089
530625494 -89118625
#r 0 2.9771615678
530625494 -88118625
#r 0 5.5778270651
532084155 -89360659
#r 0 3.1756290551
42124448 645983829
#r 0 2.7012418476
42124448 644983829
#r 0 3.6193585992
43135587 645507371
#r 0 5.1625308695
-178491570 670902010
#r 0 0.2967067915
-178491570 669902010
#r 0 1.0246552946
-177745036 671130249
#r 0 4.6884590242
78464923 432039983
#r 0 5.1256455955
78464923 431039983
#r 0 0.3128274744
78848962 431164199
#r 0 3.0744777794
160031141 -417843750
#r 0 1.8168862085
160031141 -416843750
#r 0 1.8334566728
156213669 -402645658
#r 0 3.6071519751
-430166093 553065446
#r 0 0.4859401777
-430166093 552065446
#r 0 5.3482553024
-430697176 552784936
#r 0 1.5403767934
17710008 853207122
#r 0 2.3405013067
17710008 852207122
#r 0 3.2849962341
18560143 852329877
#r 0 2.2475700030
14875479 -715975258
#r 0 0.7457320130
14875479 -714975258
#r 0 2.9764524569
15792646 -715128111
#r 0 3.3018648763
-415569731 -638404763
#r 0 4.9576335739
-415569731 -637404763
#r 0 2.2991931631
-415917623 -637014764
#r 0 5.0905176811
-773961145 -176289730
#r 0 2.9707256707
-773961145 -175289730
#r 0 4.7847346445
-773887755 -176302393
#r 0 2.4671273842
940988252 -325744210
#r 0 2.4551349023
940988252 -324744210
#r 0 3.3774377876
940044603 -324970985
#r 0 3.3617005784
-826089410 389315028
#r 0 5.1663242302
-826089410 388315028
#r 0 5.9236043201
-825491896 388090408
#r 0 6.0126093399
787581078 -76307990
#r 0 3.1125469041
787581078 -75307990
#r 0 3.3173055541
782740756 -76167360
#r 0 2.4051323817
-720594767 -54294382
#r 0 1.8459886760
-720594767 -53294382
#r 0 4.4917934540
-720719751 -53851736
#r 0 4.4752863743
594911311 732837332
#r 0 5.3577450618
594911311 731837332
#r 0 4.7325695200
594890572 732864878
#r 0 4.7082318982
288809318 -738112341
#r 0 3.7323361404
288809318 -737112341
#r 0 2.5854154606
289583150 -737593384
#r 0 2.4557228574
-344837829 -486706031
#r 0 6.0473815762
-344837829 -485706031
#r 0 5.6879418775
-342548991 -487255979
#r 0 5.6342464601
-62712054 -847301326
#r 0 0.4981123852
-62712054 -846301326
#r 0 0.5317273318
-85241862 -859554253
#r 0 2.0602411736
-250419138 -693493865
#r 0 5.8180435628
-250419138 -692493865
#r 0 0.7776384588
-251091873 -693156240
#r 0 0.8757618666
366755340 -91389671
#r 0 0.4597981817
366755340 -90389671
#r 0 1.9214596372
367065026 -91236315
#r 0 3.4248181271
961566412 68953195
#r 0 2.5327738122
961566412 67953195
#r 0 3.6084368605
962398938 68372790
#r 0 3.7256884145
597164501 -516317146
#r 0 2.1645589080
597164501 -515317146
#r 0 3.7056090861
596691464 -515616370
#r 0 2.7932933528
-877313621 -335845740
#r 0 1.5998183410
-877313621 -334845740
#r 0 0.6295206053
-877342050 -334866447
#r 0 0.6580535154
-380835327 -806301119
#r 0 2.9115638588
-380835327 -805301119
#r 0 3.1798002651
-384506400 -805441450
#r 0 3.0975243172
822465216 -184570263
#r 0 1.2199738662
822465216 -183570263
#r 0 4.7021156315
822454646 -184599147
#r 0 3.3371393225
186036512 447263379
#r 0 2.1017054763
186036512 446263379
#r 0 5.1419170523
183953151 450811707
#r 0 5.0866158752
-324336703 -906969741
#r 0 2.2974735072
-324336703 -905969741
#r 0 2.4705540188
-327358080 -903570931
#r 0 2.3844527541
-23877194 30146238
#r 0 3.1083920836
-23877194 29146238
#r 0 3.2223481800
-15116354 29855266
#r 0 3.1129098048
-646955563 126488175
#r 0 0.6174042682
-646955563 125488175
#r 0 0.6746168046
-635819566 134394706
#r 0 3.7323597985
647455009 119171730
#r 0 4.6521225480
647455009 118171730
#r 0 3.6765328160
647392432 118134649
#r 0 0.9521117959
-614105525 708095676
#r 0 4.2561795093
-614105525 707095676
#r 0 4.5365891872
-613827114 708663008
#r 0 4.5881382429
-144601442 -246545691
#r 0 0.8312145598
-144601442 -245545691
#r 0 1.6083191372
-144565385 -246506169
#r 0 1.4110017712
-755786970 456770808
#r 0 6.1388176318
-755786970 455770808
#r 0 0.6353577028
-754654123 456606116
#r 0 5.2424466978
-942398078 -178453409
#r 0 6.1291829174
-942398078 -177453409
#r 0 0.9137301722
-943086996 -178346467
#r 0 0.0419624564
711522906 98276513
#r 0 0.1151416962
711522906 97276513
#r 0 4.9525438753
711284769 98248972
#r 0 0.3070553947
-865732126 -389513957
#r 0 0.9767995640
-865732126 -388513957
#r 0 5.1651235012
-865449359 -389095266
#r 0 1.8042529722
457994694 -775492143
#r 0 2.0969908809
457994694 -774492143
#r 0 2.1387756915
451526988 -764356601
#r 0 2.0819069812
223679184 -734348721
#r 0 1.2835188452
223679184 -733348721
#r 0 1.4182968188
223358858 -735432917
#r 0 0.9283459912
590989480 604339845
#r 0 0.6871026184
590989480 603339845
#r 0 0.7216529905
607790554 618124734
#r 0 1.0933091465
33739637 326385330
#r 0 3.5121632147
33739637 325385330
#r 0 4.7070938965
33744943 326387392
#r 0 4.5685287996
107088828 -31836439
#r 0 3.0377040226
107088828 -30836439
#r 0 5.9903204020
112157984 -32364970
#r 0 3.1068439659
-86557720 15314172
#r 0 0.3833019764
-86557720 14314172
#r 0 4.0650489381
-85470146 15752733
#r 0 0.7599736739
187576655 288198927
#r 0 4.1821297796
187576655 287198927
#r 0 3.5568470392
186786029 286850346
#r 0 2.1103273328
376013911 294524797
#r 0 1.7067783828
376013911 293524797
#r 0 4.9011969089
376495786 291002999
#r 0 4.5288715339
278966036 620220652
#r 0 1.8715498102
278966036 619220652
#r 0 3.0669976444
279283558 619196922
#r 0 3.3414029786
-721859489 -551390151
#r 0 1.6888537919
-721859489 -550390151
#r 0 2.0352051537
-722014892 -550079935
#r 0 6.0701892816
388898961 -22604958
#r 0 3.5392920784
388898961 -21604958
#r 0 3.7303161559
384860587 -24301414
#r 0 4.9274116705
-862956667 140643757
#r 0 6.1953982644
-862956667 139643757
#r 0 6.0446145915
-869400419 141210893
#r 0 4.8163429880
-64393835 -548376194
#r 0 2.8042423281
-64393835 -547376194
#r 0 1.9197310175
-63976793 -548522475
#r 0 3.3072915676
-682022435 430113840
#r 0 4.6953353073
-682022435 429113840
#r 0 5.1592289140
-682038904 429148211
#r 0 6.1319117472
129522077 617343422
#r 0 4.0136743445
129522077 616343422
#r 0 3.4730242825
128340349 615936760
#r 0 1.6370232697
-709725211 -135667791
#r 0 5.3882475419
-709725211 -134667791
#r 0 5.4867580377
-714172918 -130120878
#r 0 4.0996428829
882172595 169931446
#r 0 4.5364107592
882172595 168931446
#r 0 4.7474031434
882143331 169766874
#r 0 4.5997398218
29768177 179516482
#r 0 2.3053304061
29768177 178516482
#r 0 2.5410797648
32135673 176895008
#r 0 3.1385632091
258981388 553416150
#r 0 4.4541714450
258981388 552416150
#r 0 3.1761932862
258714837 552406923
#r 0 3.5050375257
867622611 474026919
#r 0 4.8567002043
867622611 473026919
#r 0 4.4327196610
867719106 473362909
#r 0 3.2904111760
494169261 705240858
#r 0 3.2926171319
494169261 704240858
#r 0 5.5568956102
493208130 705094590
#r 0 5.5360320988
122469093 -725635014
#r 0 1.5480301128
122469093 -724635014
#r 0 0.3685001774
122492065 -724626144
#r 0 2.3278642712
-603116602 -663308573
#r 0 4.8260394970
-603116602 -662308573
#r 0 4.8192704280
-601329351 -678966660
#r 0 4.6861688732
-145539966 -887360284
#r 0 1.0173434382
-145539966 -886360284
#r 0 6.0040530955
-145015056 -886510731
#r 0 0.4665030475
682414660 608429595
#r 0 4.9451248644
682414660 607429595
#r 0 5.3809477279
682753311 607000874
#r 0 2.7197917938
-490982295 -354183775
#r 0 1.6811313345
-490982295 -353183775
#r 0 1.2515431630
-491065271 -353434791
#r 0 5.2101078427
-802812116 -220135267
#r 0 5.5537998124
-802812116 -219135267
#r 0 0.6439689602
-803420188 -219591765
#r 0 5.3679341642
250470454 471718324
#r 0 2.4280827391
250470454 470718324
#r 0 0.4062050700
251242192 471050269
#r 0 0.3616137049
439852827 37625603
#r 0 4.6329840315
439852827 36625603
#r 0 4.3597566406
439751303 36349734
#r 0 4.3643689297
-160210028 -311873695
#r 0 3.3959354294
-160210028 -310873695
#r 0 4.9157512848
-160014308 -311822813
#r 0 3.8412076080
378118500 -176315695
#r 0 2.1302376913
378118500 -175315695
#r 0 4.9131691400
378420026 -176797235
#r 0 0.5131647342
-866575725 -214630372
#r 0 2.0965661553
-866575725 -213630372
#r 0 2.1559464143
-871246689 -206580437
#r 0 0.0832171330
135413484 36622920
#r 0 2.4043960270
135413484 35622920
#r 0 4.4863213020
135603750 36450166
#r 0 5.8996487624
133848038 926203271
#r 0 3.9445689439
133848038 925203271
#r 0 0.7700727772
118691815 910504622
#r 0 3.3753180491
152317393 -838586251
#r 0 1.8737189069
152317393 -837586251
#r 0 1.2967778361
152169402 -838112742
#r 0 2.2620472495
866394399 -388688067
#r 0 4.0576439429
866394399 -387688067
#r 0 4.2737961100
865188637 -390258645
#r 0 2.7734021605
-110683473 -855371776
#r 0 5.8471327681
-110683473 -854371776
#r 0 1.7119357472
-110531315 -855442677
#r 0 2.2102392607
-778756986 -564076853
#r 0 1.2881239883
-778756986 -563076853
#r 0 0.3843412975
-778427874 -562943742
#r 0 0.3357973578
-737950047 -439455128
#r 0 6.0292396930
-737950047 -438455128
#r 0 1.7585860129
-737750159 -439507009
#r 0 2.1140550490
-609784449 -471338019
#r 0 2.3203894510
-609784449 -470338019
#r 0 1.1461481483
-610088779 -471011077
#r 0 6.0995983148
-23189346 649857189
#r 0 2.2605787163
-23189346 648857189
#r 0 2.0639699405
-24731607 651726664
#r 0 2.1031208222
919027675 186956176
#r 0 3.7932044471
919027675 185956176
#r 0 4.0519752460
920933763 188410046
#r 0 2.1801958873
-462062882 -817316296
#r 0 0.3842447405
-462062882 -816316296
#r 0 0.2321970174
-456106282 -814907786
#r 0 0.0410960797
-122964257 -333624352
#r 0 2.7523759239
-122964257 -332624352
#r 0 2.7961170100
-142872723 -325459102
#r 0 4.0335070048
-340634393 559951828
#r 0 0.4589503630
-340634393 558951828
#r 0 2.9236140244
-342031743 559261338
#r 0 4.8885217983
-909594700 -252680642
#r 0 0.7485033407
-909594700 -251680642
#r 0 1.3288520903
-909914862 -252978010
#r 0 0.9087246958
43912064 302995607
#r 0 0.5577313846
43912064 301995607
#r 0 3.3524336359
41471682 301473312
#r 0 4.2662591873
117420708 890129395
#r 0 3.4145522295
117420708 889129395
#r 0 3.9853045337
118605469 890461065
#r 0 3.4011282133
-468178342 -347725758
#r 0 5.7331849636
-468178342 -346725758
#r 0 2.8656997758
-471208711 -345867822
#r 0 5.0130002356
71200613 -222501511
#r 0 2.1832962044
71200613 -221501511
#r 0 4.3164124015
70938504 -222128479
#r 0 1.8390727392
-243623499 -789879633
#r 0 1.1367470039
-243623499 -788879633
#r 0 3.3416658028
-243111876 -788775883
#r 0 0.8140474523
-769324329 107708350
#r 0 0.1025550600
-769324329 106708350
#r 0 0.0940925713
-886353432 95664169
#r 0 4.9154020113
635566251 196520845
#r 0 1.0454219931
635566251 195520845
#r 0 3.9854694096
633901244 193648758
#r 0 1.6777175652
195202581 -473800941
#r 0 6.2068548634
195202581 -472800941
#r 0 2.1754626647
195932146 -473856737
#r 0 5.6515361942
308865562 -904406367
#r 0 1.3202481258
308865562 -903406367
#r 0 3.2521510940
309128972 -903377126
#r 0 3.1221776033
710295145 -265660052
#r 0 2.5905744417
710295145 -264660052
#r 0 3.0071708163
708208637 -264377878
#r 0 4.2013993291
-659887626 -690524746
#r 0 0.8889781646
-659887626 -689524746
#r 0 1.2032889005
-660620017 -691427069
#r 0 5.4262922485
582191960 -738122481
#r 0 1.0442802067
582191960 -737122481
#r 0 1.1924939933
580935091 -740284849
#r 0 3.1642161982
619956929 619639294
#r 0 2.4670366634
619956929 618639294
#r 0 2.3624478864
614634214 623895852
#r 0 2.4509561467
279378978 182926265
#r 0 3.7940347529
279378978 181926265
#r 0 6.1124484539
278311150 182110375
#r 0 3.5339925662
-31041134 -356688329
#r 0 6.2422859167
-31041134 -355688329
#r 0 2.2111041443
-30272683 -356719776
#r 0 6.1556305477
531322273 778893238
#r 0 3.3695859500
531322273 777893238
#r 0 5.3674610864
530670258 778741952
#r 0 3.2580425387
-409016762 -551302065
#r 0 1.2321166333
-409016762 -550302065
#r 0 1.7595419767
-408892907 -550950456
#r 0 0.9988267467
-242530425 -410578653
#r 0 5.4589630672
-242530425 -409578653
#r 0 4.8825703916
-242319384 -410806752
#r 0 4.9621047550
280793211 -921368331
#r 0 2.7610136932
280793211 -920368331
#r 0 1.7541313979
280993485 -921448457
#r 0 1.7797108956
730390034 137322819
#r 0 4.7324876751
730390034 136322819
#r 0 2.1139951521
730410828 136288380
#r 0 2.5566993132
336241334 349827929
#r 0 1.5987777601
336241334 348827929
#r 0 4.3508427477
336267394 348896840
#r 0 1.3304501770
182629508 -60733374
#r 0 4.3634057981
182629508 -59733374
#r 0 2.9611693141
182970736 -59795616
#r 0 6.0820584765
-14583895 -391538609
#r 0 5.3005877600
-14583895 -390538609
#r 0 4.1576561397
-14905107 -391056996
#r 0 0.1381763969
-529968658 -541423045
#r 0 0.8291965170
-529968658 -540423045
#r 0 5.1544746928
-529656583 -541082362
#r 0 0.8053195094
-295721070 -115687762
#r 0 1.9640802016
-295721070 -114687762
#r 0 2.4129390089
-296379949 -114099716
#r 0 4.8842399833
-860392259 105310463
#r 0 6.1767245626
-860392259 104310463
#r 0 4.8219782933
-860503598 105322361
#r 0 5.0920745657
134282577 690186611
#r 0 2.2987083354
134282577 689186611
#r 0 3.0091005359
135293848 689051836
#r 0 2.4030132320
120775521 105317247
#r 0 5.5249927726
120775521 104317247
#r 0 4.0848455313
121205509 104910041
#r 0 3.5920136156
705482076 -427802156
#r 0 0.3678659755
705482076 -426802156
#r 0 3.4205596192
715585748 -423908099
#r 0 2.5427292716
67711290 -820628312
#r 0 2.9783153128
67711290 -819628312
#r 0 3.0204636991
44465792 -816798757
#r 0 2.8390723757
433987350 508403551
#r 0 3.2229396923
433987350 507403551
#r 0 3.1023636638
425707564 507728525
#r 0 2.9903350083
-118050258 19266698
#r 0 2.6727179161
-118050258 18266698
#r 0 0.2788651418
-116789029 18627821
#r 0 0.2987193216
-797637337 -148047045
#r 0 3.6066777924
-797637337 -147047045
#r 0 5.1712042281
-797241485 -147848407
#r 0 3.4292385148
-297627869 -312378482
#r 0 4.5331493236
-297627869 -311378482
#r 0 3.1143421787
-297447575 -311383396
#r 0 5.7795243696
526708312 738674488
#r 0 3.2239779424
526708312 737674488
#r 0 5.2250961005
526170397 738630071
#r 0 2.7856089029
902408713 326691638
#r 0 2.1730578237
902408713 325691638
#r 0 2.2241779036
909148056 316888414
#r 0 4.0388089050
194389026 724215994
#r 0 3.1326516074
194389026 723215994
#r 0 2.9494122328
189002273 724264158
#r 0 3.2801546263
479784988 -770379991
#r 0 2.7877536458
479784988 -769379991
#r 0 0.7614393613
479028890 -770100700
#r 0 1.7277557277
-131810955 348029062
#r 0 3.0148987573
-131810955 347029062
#r 0 3.3109785575
-128459758 347602199
#r 0 3.9815009587
586522933 -217901995
#r 0 4.1739524240
586522933 -216901995
#r 0 5.8371109227
586987530 -217124176
#r 0 3.1230097266
-187748036 23994930
#r 0 1.7791707291
-187748036 22994930
#r 0 3.0109940319
-187530552 22966364
#r 0 2.4372497655
352205545 -810872443
#r 0 3.1465837761
352205545 -809872443
#r 0 2.4418905684
353386503 -810866549
#r 0 2.3913700056
-281264150 625950435
#r 0 5.5134334117
-281264150 624950435
#r 0 4.0795151168
-280835419 625534915
#r 0 4.9495755123
805993669 -555805939
#r 0 3.7418114861
805993669 -554805939
#r 0 1.4563472843
805868901 -555891338
#r 0 3.5179562019
109176579 830254230
#r 0 5.8224684358
109176579 829254230
#r 0 1.0962096466
109585943 830051046
#r 0 4.5395170842
454603456 -115132683
#r 0 2.8149064314
454603456 -114132683
#r 0 2.9484461826
447622254 -112767267
#r 0 2.5573220177
-841858840 456991149
#r 0 0.6389816528
-841858840 455991149
#r 0 6.1517765784
-843001524 456142178
#r 0 4.6310129591
-394302774 -111391377
#r 0 0.1731238374
-394302774 -110391377
#r 0 2.2208697156
-393631683 -111274020
#r 0 1.0284036364
-44928054 515757560
#r 0 1.7171250605
-44928054 514757560
#r 0 5.4167652171
-44749748 514547738
#r 0 4.7280879306
-121117037 -740886462
#r 0 1.6329420839
-121117037 -739886462
#r 0 1.5774982908
-121109526 -741007168
#r 0 0.2694052873
-104972969 -794518837
#r 0 2.8516956475
-104972969 -793518837
#r 0 1.0203953291
-105491675 -794364107
#r 0 1.7838314157
-228728329 -70115130
#r 0 6.2105521171
-228728329 -69115130
#r 0 5.9413031841
-225195943 -70372151
#r 0 1.5574174551
211817052 -353830981
#r 0 3.4470347475
211817052 -352830981
#r 0 3.6402312271
207454561 -355206514
#r 0 3.4724055237
714039536 -444378998
#r 0 3.2035602600
714039536 -443378998
#r 0 0.1293875576
699348218 -445290551
#r 0 0.2356604183
210279624 -719446913
#r 0 1.0536261039
210279624 -718446913
#r 0 0.9060705878
212354034 -715799986
#r 0 0.8919608343
-252990652 907596128
#r 0 5.7561913867
-252990652 906596128
#r 0 5.5145522216
-255587153 909106996
#r 0 3.9485374487
-111775591 385835601
#r 0 2.3584935119
-111775591 384835601
#r 0 4.9653360614
-112123622 386182036
#r 0 2.9529445154
-751715650 246572132
#r 0 4.4446501582
-751715650 245572132
#r 0 5.7163654111
-751949197 245720782
#r 0 4.2721566763
734240015 -107718197
#r 0 1.1756650358
734240015 -106718197
#r 0 1.0536168877
735803284 -103969943
#r 0 5.1699425422
451097033 876365304
#r 0 5.1385830090
451097033 875365304
#r 0 4.0681355036
451380016 875742024
#r 0 2.9078768942
-213751703 -188883800
#r 0 1.8973317825
-213751703 -187883800
#r 0 0.9358629881
-213983709 -188198727
#r 0 3.0714769263
-871609781 -439190600
#r 0 1.1445865074
-871609781 -438190600
#r 0 1.2789815505
-872497438 -441145612
#r 0 5.7873621353
873731973 -187795839
#r 0 2.0980336770
873731973 -186795839
#r 0 2.6181085011
872855080 -186289699
#r 0 3.5386901513
476321941 -514170025
#r 0 2.4145905996
476321941 -513170025
#r 0 0.5172674521
475636292 -513560118
#r 0 0.6630239996
648529161 -258031637
#r 0 4.2332378332
648529161 -257031637
#r 0 3.7209107781
649316182 -256516772
#r 0 3.3400815648
-947200162 54478327
#r 0 0.3836788110
-947200162 53478327
#r 0 0.1929288380
-952000331 52540572
#r 0 0.5353560350
-72923073 965837855
#r 0 0.0987082890
-72923073 964837855
#r 0 0.4401930997
-70234802 966104075
#r 0 0.1511758397
533900477 -572149686
#r 0 1.6492311179
533900477 -571149686
#r 0 5.4247499524
533814012 -571049570
#r 0 1.7309822015
-787439174 -505763987
#r 0 5.6741917141
-787439174 -504763987
#r 0 1.7529636767
-787227810 -505911397
#r 0 1.4328078524
-244124713 -774407860
#r 0 0.3688423532
-244124713 -773407860
#r 0 1.4197624004
-244286419 -774470364
#r 0 1.2165238773
912688030 366379819
#r 0 2.7576612716
912688030 365379819
#r 0 2.7298184680
882166446 378709882
#r 0 2.5416085212
65744808 676218049
#r 0 2.8188111406
65744808 675218049
#r 0 4.7821878186
65673222 676241993
#r 0 3.8401721706
-530446177 836542796
#r 0 5.3685406069
-530446177 835542796
#r 0 5.3089218270
-536198189 844013360
#r 0 5.0320687692
-415563059 -298865844
#r 0 0.5420270600
-415563059 -297865844
#r 0 4.5454234825
-415750630 -298978797
#r 0 4.4741687379
-886033412 -228132643
#r 0 1.6053566982
-886033412 -227132643
#r 0 6.1074882113
-886068200 -227126467
#r 0 1.6201614733
-277974413 -935647969
#r 0 1.3947035668
-277974413 -934647969
#r 0 2.5722813802
-277814669 -934750205
#r 0 2.0994315084
200104270 740576328
#r 0 2.9228582084
200104270 739576328
#r 0 3.1139996316
205240616 739434565
#r 0 4.7340241872
-138670661 -326693416
#r 0 6.0619598618
-138670661 -325693416
#r 0 2.0829060726
-138027175 -326838140
#r 0 2.4020543360
-420259027 -893966584
#r 0 1.4728028291
-420259027 -892966584
#r 0 1.4575451325
-419534351 -886595127
#r 0 1.2293226850
-798050443 -196980374
#r 0 5.2164551301
-798050443 -195980374
#r 0 5.1792874079
-792199857 -207587063
#r 0 5.1926941486
-402542994 -134498653
#r 0 4.4122074106
-402542994 -133498653
#r 0 1.1094227421
-401722803 -131848903
#r 0 2.9866126847
508744237 816338581
#r 0 5.5368422084
508744237 815338581
#r 0 3.9193311442
509267911 815854293
#r 0 4.6079356567
-397593185 913590386
#r 0 4.5235419230
-397593185 912590386
#r 0 5.7211651871
-397763776 912697819
#r 0 4.3482516129
-443314379 -868631678
#r 0 2.4459677530
-443314379 -867631678
#r 0 2.5245709616
-451287939 -861975057
#r 0 2.6509888954
-533147680 613971414
#r 0 4.9905870695
-533147680 612971414
#r 0 0.6577601430
-532913700 613152169
#r 0 0.7056690532
-770932227 -336799630
#r 0 2.0694654277
-770932227 -335799630
#r 0 5.2880149287
-774318556 -330581341
#r 0 0.8346755952
-313801222 -169811900
#r 0 4.0974918486
-313801222 -168811900
#r 0 3.0252081595
-313148853 -168888170
#r 0 1.6164593116
396351162 236536477
#r 0 1.7876109976
396351162 235536477
#r 0 1.7681081338
394188736 246353319
#r 0 1.9187487227
653214263 -656222690
#r 0 3.3753756579
653214263 -655222690
#r 0 3.5963660266
649227318 -657172130
#r 0 3.4681825449
-126037657 252119065
#r 0 5.8816161996
-126037657 251119065
#r 0 5.1327160345
-126589330 252353330
#r 0 4.7213413946
795662488 -210263076
#r 0 2.1940718779
795662488 -209263076
#r 0 2.8235518534
794720748 -208953040
#r 0 4.9153982720
-552602322 134431660
#r 0 3.1773747275
-552602322 133431660
#r 0 3.2975594668
-544368247 134726418
#r 0 3.2409435212
-25074801 475442830
#r 0 1.7389757814
-25074801 474442830
#r 0 3.1971440215
-24906606 474452183
#r 0 4.8343917698
-581753711 58339560
#r 0 0.1757193443
-581753711 57339560
#r 0 3.4007079368
-570328260 60368155
#r 0 0.4496475430
-123676106 -141587957
#r 0 1.4283721248
-123676106 -140587957
#r 0 1.5177294916
-123760475 -142176323
#r 0 3.7978678051
-770394741 -202777594
#r 0 1.1700587980
-770394741 -201777594
#r 0 4.5461779764
-770672474 -203433147
#r 0 4.5973507398
226219170 40973701
#r 0 5.1610002083
226219170 39973701
#r 0 5.2938209413
228017888 37236830
#r 0 5.8519003545
-730767039 -317649186
#r 0 1.9935113462
-730767039 -316649186
#r 0 2.1979622483
-731952823 -315013132
#r 0 4.9163746093
313987082 -595303530
#r 0 6.0424868347
313987082 -594303530
#r 0 1.3941171265
313816037 -595261546
#r 0 0.9462567767
422385780 609464897
#r 0 3.0318948618
422385780 608464897
#r 0 4.2058581743
422908642 609407309
#r 0 4.0676967168
-283682688 -708434606
#r 0 0.6088057916
-283682688 -707434606
#r 0 3.4399645357
-281115884 -706645177
#r 0 6.1826222721
-165174039 -771223105
#r 0 1.5655232684
-165174039 -770223105
#r 0 1.7684618093
-165168901 -770248758
#r 0 2.1172869725
-595802012 -385074130
#r 0 5.5932811535
-595802012 -384074130
#r 0 0.2899902399
-596692027 -384339712
#r 0 6.1229707229
277214466 -802769623
#r 0 1.8468405720
277214466 -801769623
#r 0 2.9649361287
276916101 -801716360
#r 0 1.4254338236
-49223034 10182434
#r 0 2.0179226577
-49223034 9182434
#r 0 1.8841633561
-50222471 12266698
#r 0 2.1480560681
606551053 -19018638
#r 0 3.3112538886
606551053 -18018638
#r 0 0.3469885016
601296506 -19918784
#r 0 0.6248794240
-355498144 909755308
#r 0 0.0821139358
-355498144 908755308
#r 0 4.2190222528
-354935525 909801611
#r 0 6.1098243383
47076853 -733059593
#r 0 2.0124676294
47076853 -732059593
#r 0 2.0838052721
44133506 -726834554
#r 0 0.3934140139
-374230082 240356462
#r 0 1.6872705175
-374230082 239356462
#r 0 5.8229448733
-374105874 239294886
#r 0 5.2770192320
57914385 673072022
#r 0 4.4708286989
57914385 672072022
#r 0 2.2528051484
57725366 672304808
#r 0 3.1272835570
-434227853 -134865342
#r 0 2.0092371567
-434227853 -133865342
#r 0 4.9932715181
-433477850 -136464913
#r 0 2.5570084516
-803935016 3201268
#r 0 1.3233620258
-803935016 2201268
#r 0 0.7726538885
-804270156 1874563
#r 0 0.7743169076
612533705 664406426
#r 0 4.5806940863
612533705 663406426
#r 0 4.6883665077
612563056 664628008
#r 0 4.7373409888
-128789750 -864403732
#r 0 2.0202576463
-128789750 -863403732
#r 0 1.8434375596
-128124627 -865782536
#r 0 1.4849979690
49745228 181238661
#r 0 4.1706246219
49745228 180238661
#r 0 4.5948690475
49892106 181482713
#r 0 5.0671252538
582907428 511612935
#r 0 3.2451669604
582907428 510612935
#r 0 1.0786442767
583475228 511671956
#r 0 5.7423977408
616180789 -199370439
#r 0 2.6351921905
616180789 -198370439
#r 0 3.1563833965
614424660 -198396415
#r 0 5.7184118213
144982153 -279834439
#r 0 4.7762691659
144982153 -278834439
#r 0 4.8114272309
144802585 -277027257
#r 0 2.4932700709
-152837913 140842892
#r 0 3.0758831055
-152837913 139842892
#r 0 5.4216643103
-153747557 140902750
#r 0 2.9372776453
549838263 -730153584
#r 0 1.8346666172
549838263 -729153584
#r 0 0.6605300707
549614965 -729327076
#r 0 0.6898272331
-591139324 -247371007
#r 0 0.3640511175
-591139324 -246371007
#r 0 4.9904439821
-590881876 -247272910
#r 0 1.1267924156
-753947354 98952221
#r 0 1.9095218741
-753947354 97952221
#r 0 0.4394491017
-753645108 98094309
#r 0 1.8917991626
-98352464 -743450637
#r 0 0.3175060871
-98352464 -742450637
#r 0 0.6175521565
-100973036 -744311819
#r 0 1.9012419351
611104978 -524723090
#r 0 2.9338874910
611104978 -523723090
#r 0 4.6967715145
611089411 -524719809
#r 0 3.3276170893
-276948858 -364114257
#r 0 5.4442829936
-276948858 -363114257
#r 0 3.9505694276
-277411505 -363599252
#r 0 1.0178983239
-558362802 302376104
#r 0 5.8895424532
-558362802 301376104
#r 0 5.8370141161
-574230318 308966196
#r 0 5.8364288531
-267275647 10250653
#r 0 1.7259888447
