701687785 -541700890
#r 0 2.2146676354
701687785 -540700890
#r 0 2.2653739785
694107060 -531601049
#r 0 1.6657758577
-499127383 633119407
#r 0 0.0546572435
-499127383 632119407
#r 0 0.1449561630
-488170679 633718867
#r 0 0.0339566242
-483608482 -622730427
#r 0 1.0485403653
-483608482 -621730427
#r 0 6.0978348373
-483088985 -621827834
#r 0 6.1108790571
-400050622 -282770132
#r 0 6.2154344548
-400050622 -281770132
#r 0 5.2212981350
-399470741 -282809480
#r 0 1.9810378212
301295572 728310821
#r 0 5.8405173096
301295572 727310821
#r 0 2.6398212381
287883709 734668634
#r 0 2.4874955751
538670319 187274473
#r 0 1.1334356086
538670319 186274473
#r 0 1.1257853640
514837559 136301880
#r 0 1.1472996010
-356518068 -65592954
#r 0 2.7107781435
-356518068 -64592954
#r 0 2.7972873296
-366417208 -61043238
#r 0 5.5650932660
-276446552 932869643
#r 0 3.3069241223
-276446552 931869643
#r 0 3.1939954598
-285187527 931411172
#r 0 3.2611480488
-550539604 -271667289
#r 0 0.2915520602
-550539604 -270667289
#r 0 0.5097342741
-554402009 -272826412
#r 0 6.1678843128
-618319202 -169265767
#r 0 0.9089448736
-618319202 -168265767
#r 0 2.3745697151
-617874259 -168694651
#r 0 6.0213196209
755102565 -188650360
#r 0 3.1787378236
755102565 -187650360
#r 0 5.5351425851
756138717 -188611854
#r 0 2.7158379361
380790345 -501424583
#r 0 2.9747167045
380790345 -500424583
#r 0 3.0164004499
357311786 -497469797
#r 0 3.2931635282
-579009961 358478730
#r 0 3.6511984108
-579009961 357478730
#r 0 2.1658755860
-579501100 358204261
#r 0 3.6531116205
299350043 -849072587
#r 0 6.0178908811
299350043 -848072587
#r 0 0.3277968243
297715425 -848628463
#r 0 6.0276912047
547958642 -796389549
#r 0 4.8259851021
547958642 -795389549
#r 0 4.8274246641
538920625 -717169347
#r 0 0.7923377475
120566706 -818818612
#r 0 2.5173456442
120566706 -817818612
#r 0 1.2360178234
120288538 -818618237
#r 0 2.4387737362
137093106 -178832048
#r 0 3.9662604417
137093106 -177832048
#r 0 5.6668845374
137651724 -178227739
#r 0 5.6298544225
-671832205 450572368
#r 0 5.2830434826
-671832205 449572368
#r 0 5.1778951905
-674142486 454171540
#r 0 2.0262219678
-468532303 -84888903
#r 0 5.6952096334
-468532303 -83888903
#r 0 1.9534188334
-467982282 -85255563
#r 0 1.9213244013
242220329 -192797614
#r 0 4.7023771731
242220329 -191797614
#r 0 5.8451682553
242230294 -191802281
#r 0 4.7149192945
474168597 127670696
#r 0 0.8802630512
474168597 126670696
#r 0 4.7284345138
474152856 127651644
#r 0 4.7254889903
595496296 -707793242
#r 0 2.7077519589
595496296 -706793242
#r 0 2.7485422942
574942410 -698271083
#r 0 5.8548605125
677928845 -196320030
#r 0 3.0369463440
677928845 -195320030
#r 0 3.6953311508
676546275 -196174819
#r 0 1.6917683946
134234208 -184258840
#r 0 0.6545777235
134234208 -183258840
#r 0 0.6456928021
205546902 -129529706
#r 0 4.4331042844
-222667336 -46611794
#r 0 5.8859509348
-222667336 -45611794
#r 0 0.8487114100
-223310458 -46341981
#r 0 0.3284574838
219528894 970092025
#r 0 4.2143783735
219528894 969092025
#r 0 3.1892368463
218970701 969065410
#r 0 3.9646474561
-384209398 -106897359
#r 0 2.4246864411
-384209398 -105897359
#r 0 2.4231986879
-2734419 -439394390
#r 0 1.9352819490
615373946 -411111791
#r 0 2.3807818234
615373946 -410111791
#r 0 2.3736952408
688897344 -481105769
#r 0 2.3895910954
326662212 790338362
#r 0 0.6599157338
326662212 789338362
#r 0 0.6216745907
309863900 777303378
#r 0 2.9015820543
340630368 -61653550
#r 0 2.6737751099
340630368 -60653550
#r 0 2.6719017407
765479200 -276297096
#r 0 2.6152233349
-936931568 -253662529
#r 0 1.0682375348
-936931568 -252662529
#r 0 0.6673462012
-935962072 -251898620
#r 0 0.7883592859
-55698254 -527054964
#r 0 5.3519883406
-55698254 -526054964
#r 0 4.6886807206
-55721234 -527024073
#r 0 0.0007499596
-176767589 -188188183
#r 0 5.9409006399
-176767589 -187188183
#r 0 1.2645701741
-177051748 -188086934
#r 0 5.4737801287
133207554 429148051
#r 0 2.8415781509
133207554 428148051
#r 0 4.2000197489
133686662 428999838
#r 0 4.1252078976
420725815 -425022251
#r 0 4.0341415022
420725815 -424022251
#r 0 2.7398624194
421326095 -424277271
#r 0 1.8479182224
-984543034 144270826
#r 0 0.8450951741
-984543034 143270826
#r 0 0.8932834566
-975906471 154005395
#r 0 0.4315441429
366737756 485628537
#r 0 5.3787675874
366737756 484628537
#r 0 4.9556776025
366375079 486089738
#r 0 2.9761551252
-649282821 -270779598
#r 0 2.0780039718
-649282821 -269779598
#r 0 1.1233294457
-649540344 -270316176
#r 0 1.2760057204
411724544 245564399
#r 0 3.4247474090
411724544 244564399
#r 0 3.3259540497
402154626 242779811
#r 0 4.9797717714
795592083 -315379132
#r 0 3.5391611625
795592083 -314379132
#r 0 3.4791382224
810094860 -309288980
#r 0 3.1831750158
-521849662 466816098
#r 0 3.6407140920
-521849662 465816098
#r 0 1.3165200298
-521546856 466981177
#r 0 3.7123573093
-558514126 -706353026
#r 0 0.3197405765
-558514126 -705353026
#r 0 0.8943899743
-559607453 -706715028
#r 0 0.3711085818
-218018041 -776753981
#r 0 5.6577530050
-218018041 -775753981
#r 0 5.6572537738
517252615 315449462
#r 0 1.8487167871
517252615 314449462
#r 0 4.8314149878
517046717 316171140
#r 0 1.8577286213
-836634468 79323631
#r 0 1.3248319057
-836634468 78323631
#r 0 6.1620480431
-836878071 78353286
#r 0 2.2695924335
-478957491 -425697431
#r 0 1.0872440803
-478957491 -424697431
#r 0 0.7936426212
-477830919 -423552128
#r 0 0.1095316925
744680137 283363242
#r 0 4.6484237855
744680137 282363242
#r 0 1.3569091985
744589297 281945027
#r 0 3.7235123521
787479252 -388621533
#r 0 3.0968780203
787479252 -387621533
#r 0 0.4197579426
785442703 -388530409
#r 0 0.4293637159
734374273 161323653
#r 0 2.7589111613
734374273 160323653
#r 0 4.4759916670
734593880 161235256
#r 0 2.3394551924
-835925574 -325109799
#r 0 1.2838574815
-835925574 -324109799
#r 0 0.0443293967
-835626578 -324096536
#r 0 1.1177469139
191098699 -491490599
#r 0 1.6639286002
191098699 -490490599
#r 0 1.6016065190
191144697 -491983068
#r 0 1.5621456785
76967052 -918743877
#r 0 1.4641549768
76967052 -917743877
#r 0 0.1936980593
77076395 -917722428
#r 0 3.0897342930
-458212991 -390070259
#r 0 1.5825482655
-458212991 -389070259
#r 0 6.1849095553
-458224757 -389069099
#r 0 0.1365960130
-561441965 -303326039
#r 0 1.3533901099
-561441965 -302326039
#r 0 1.2995894154
-560367405 -298461520
#r 0 0.8870613329
-143029320 -288205830
#r 0 5.6084723196
-143029320 -287205830
#r 0 6.1187781751
-144606484 -286944171
#r 0 1.3235967604
-217724255 370576245
#r 0 2.1094093423
-217724255 369576245
#r 0 2.0959620499
-236849030 402581782
#r 0 1.1076628543
231282029 -813119927
#r 0 0.0520744805
231282029 -812119927
#r 0 1.4839241767
231194541 -813124487
#r 0 1.9305025164
-173650117 941397434
#r 0 3.7466955334
-173650117 940397434
#r 0 5.8391187838
-174506712 940804966
#r 0 4.0380777473
-974261600 -135035256
#r 0 6.0690806737
-974261600 -134035256
#r 0 6.2341626245
-980200712 -133743871
#r 0 1.0268915480
-219071864 876570219
#r 0 3.9672103418
-219071864 875570219
#r 0 4.3724109488
-218498239 877191946
#r 0 2.4580693887
841216372 -245702053
#r 0 5.4774440609
841216372 -244702053
#r 0 5.4722833205
933660479 -341986000
#r 0 2.2707792425
-554460271 622376857
#r 0 3.5005133527
-554460271 621376857
#r 0 2.4568062526
-555299352 622062058
#r 0 2.4881188993
-710372218 -603481641
#r 0 1.2290543296
-710372218 -602481641
#r 0 6.0754928215
-710041323 -602551371
#r 0 1.4631687082
57367412 137137296
#r 0 2.8550390991
57367412 136137296
#r 0 1.5664532831
57371750 137136018
#r 0 2.2939073647
350298717 99524416
#r 0 0.5934742174
350298717 98524416
#r 0 1.8704721703
350043031 99351930
#r 0 4.3677178579
124361302 -505132095
#r 0 1.4895273795
124361302 -504132095
#r 0 3.9024674670
124449598 -504048027
#r 0 6.0778560670
-544744435 413022941
#r 0 5.5595666883
-544744435 412022941
#r 0 5.5956171117
-528676193 398826801
#r 0 2.4576513283
-119196968 -904270036
#r 0 0.6971064286
-119196968 -903270036
#r 0 1.3239057002
-119516417 -904537528
#r 0 6.1601843199
-804414631 -463783652
#r 0 1.3408884240
-804414631 -462783652
#r 0 0.3572820327
-804158178 -462687918
#r 0 5.7636452149
551441948 -761356956
#r 0 4.7720941138
551441948 -760356956
#r 0 4.7507743350
551549362 -763153900
#r 0 4.7046829001
27156741 -865736728
#r 0 3.8223842422
27156741 -864736728
#r 0 6.2761676238
28380747 -864745318
#r 0 2.0184062798
940217810 -146619311
#r 0 4.5638149643
940217810 -145619311
#r 0 4.5852470137
939341956 -152470939
#r 0 2.2522839225
-914055295 46387478
#r 0 5.8367711189
-914055295 45387478
#r 0 6.0994594659
-910640214 44752883
#r 0 0.9133840075
-936955659 -34943340
#r 0 1.2893556973
-936955659 -33943340
#r 0 0.9443640148
-936474190 -33278020
#r 0 1.5658489515
-369379595 277222742
#r 0 1.8658521383
-369379595 276222742
#r 0 1.4435801223
-369289573 276926547
#r 0 2.4631666601
-821124475 11788443
#r 0 2.1369701965
-821124475 10788443
#r 0 6.0474969247
-820374403 10608312
#r 0 1.0543196622
-490967586 616064171
#r 0 4.1585083075
-490967586 615064171
#r 0 1.0985828436
-488034731 620806381
#r 0 1.0346885978
-678074763 -588467848
#r 0 1.5227500029
-678074763 -587467848
#r 0 6.1577560100
-678026969 -587473874
#r 0 6.1405660219
217643120 -215305082
#r 0 5.2666791582
217643120 -214305082
#r 0 5.2883559722
204417404 -193939637
#r 0 1.8185216954
-682169509 -158834214
#r 0 0.6909646181
-682169509 -157834214
#r 0 1.4660926952
-682284599 -158929388
#r 0 0.6961338520
557597791 508080141
#r 0 1.5328068600
557597791 507080141
#r 0 4.3665974206
557555301 506962199
#r 0 2.4400093719
639262792 -399950495
#r 0 3.0006338955
639262792 -398950495
#r 0 3.0488084400
618791307 -397045595
#r 0 2.9300179213
61684808 -566926225
#r 0 1.3312184167
61684808 -565926225
#r 0 0.6585462768
61986007 -565693164
#r 0 1.3122524963
523190902 523430949
#r 0 6.2695460392
523190902 522430949
#r 0 6.2101570960
506389318 523660125
#r 0 1.3591474460
-97120665 -106773775
#r 0 5.5223350037
-97120665 -105773775
#r 0 2.1930297114
-94858594 -108927428
#r 0 2.2899237007
-565009351 514254679
#r 0 4.1179173880
-565009351 513254679
#r 0 0.9292536447
-572132371 503718468
#r 0 4.1688352861
334580786 -482417867
#r 0 4.1107297418
334580786 -481417867
#r 0 3.4537519965
335462780 -481133239
#r 0 0.2758560219
-302732954 278207160
#r 0 1.5999626317
-302732954 277207160
#r 0 0.6733260471
-302704443 277229903
#r 0 1.5582262871
-258338693 -552221732
#r 0 6.1637718165
-258338693 -551221732
#r 0 5.8513488379
-255404948 -552573735
#r 0 1.5676606458
-571070279 -284224233
#r 0 1.4342746846
-571070279 -283224233
#r 0 1.5840175588
-571058218 -284136436
#r 0 6.1550391926
481874853 641887316
#r 0 4.8547849184
481874853 640887316
#r 0 5.8551164159
482028254 640817321
#r 0 1.0597959666
-479273610 -106822827
#r 0 1.8122308808
-479273610 -105822827
#r 0 1.8003946892
-474676165 -125493586
#r 0 1.8442124359
-4238218 -621301856
#r 0 5.4912444672
-4238218 -620301856
#r 0 3.9473834516
-4724881 -620808783
#r 0 1.4957856170
-213551122 -22815755
#r 0 2.3290122204
-213551122 -21815755
#r 0 5.2916643568
-211436254 -25048839
#r 0 5.6745796646
-874003763 -51756842
#r 0 1.8193942396
-874003763 -50756842
#r 0 0.9489779475
-874191214 -51018405
#r 0 1.0496552363
-191082364 -706539912
#r 0 1.7124229619
-191082364 -705539912
#r 0 5.3462940181
-191259255 -705299281
#r 0 5.3424695209
-712230836 221529366
#r 0 1.5802165776
-712230836 220529366
#r 0 1.3634814415
-712221819 220572234
#r 0 0.9059333073
-780382671 126943689
#r 0 1.4587862815
-780382671 125943689
#r 0 1.0788020912
-780525029 125678073
#r 0 5.9402437809
-236286024 -513307999
#r 0 0.7116674779
-236286024 -512307999
#r 0 5.1413014273
-235958064 -513025156
#r 0 0.6409519142
432125842 146983063
#r 0 5.5712474497
432125842 145983063
#r 0 0.5228570334
432820641 146383518
#r 0 0.3524582355
-261116530 -918750953
#r 0 0.4621564330
-261116530 -917750953
#r 0 6.2788668923
-259126305 -917759548
#r 0 0.8360168405
118024946 613168088
#r 0 3.1831294921
118024946 612168088
#r 0 2.5212786491
116702097 613113109
#r 0 4.1610711366
-464226731 -787773296
#r 0 6.0370495482
-464226731 -786773296
#r 0 0.2292166547
-466290514 -787254812
#r 0 0.2513202946
-243669211 -909135288
#r 0 0.5343585141
-243669211 -908135288
#r 0 1.3724032642
-243897396 -909270325
#r 0 0.8651231960
-477273716 873997373
#r 0 5.5131025867
-477273716 872997373
#r 0 4.0603082796
-476835042 873571935
#r 0 5.2140185616
-723337552 322551553
#r 0 0.6059205936
-723337552 321551553
#r 0 0.0926138382
-725004262 321396750
#r 0 0.0794069443
-109826943 -461038229
#r 0 6.2117637585
-109826943 -460038229
#r 0 1.4829902525
-109914424 -461031970
#r 0 1.0217570161
273596302 -710435175
#r 0 1.8684588548
273596302 -709435175
#r 0 1.9095898416
271225801 -702708060
#r 0 1.2488336373
-495340295 -231301155
#r 0 2.3704631211
-495340295 -230301155
#r 0 1.8324673484
-494978252 -231653011
#r 0 0.1942456112
-335666797 -774290530
#r 0 5.8534723003
-335666797 -773290530
#r 0 0.3296267279
-336916201 -773717961
#r 0 0.3407569923
-44434562 -424288087
#r 0 4.5775042043
-44434562 -423288087
#r 0 1.4896111872
-44637742 -425785267
#r 0 1.4565017923
482272679 648017210
#r 0 5.8256521747
482272679 647017210
#r 0 5.8611025181
505363594 636647703
#r 0 1.1824030990
-848718430 -335529233
#r 0 0.7906323351
-848718430 -334529233
#r 0 1.7161814296
-848590883 -335400344
#r 0 6.1155430221
-538168394 -366123595
#r 0 1.4676924603
-538168394 -365123595
#r 0 0.0081754571
-538064836 -365122748
#r 0 5.8855716851
780704324 -493859950
#r 0 3.9338212200
780704324 -492859950
#r 0 2.5670635590
781306323 -493249670
#r 0 0.8352979177
101574837 -660299922
#r 0 1.1516847121
101574837 -659299922
#r 0 2.1760334120
101845838 -659691625
#r 0 1.0993058753
274165912 -778182756
#r 0 2.8510675849
274165912 -777182756
#r 0 1.7045178193
274306074 -778224662
#r 0 1.8132173642
-30247511 -354320033
#r 0 2.1292234553
-30247511 -353320033
#r 0 2.1874695635
-35511385 -345894607
#r 0 2.1941166100
196232884 -273237791
#r 0 1.8079046794
196232884 -272237791
#r 0 0.4587525960
196016997 -272344417
#r 0 3.9307550185
-43571381 -254057842
#r 0 5.8767372847
-43571381 -253057842
#r 0 5.8578222266
664779 -273097737
#r 0 1.5450399958
245238934 77228773
#r 0 3.3777121809
245238934 76228773
#r 0 2.1412128957
244683168 77095051
#r 0 5.6380395988
691449954 36763389
#r 0 1.1572021327
691449954 35763389
#r 0 2.1815871314
691180175 36148734
#r 0 4.4043623632
305194638 -415436078
#r 0 2.0380062828
305194638 -414436078
#r 0 2.2101023826
303625426 -412325406
#r 0 2.7179378601
326597884 -216545057
#r 0 2.2851581645
326597884 -215545057
#r 0 5.7171172550
324666559 -214317825
#r 0 3.5668964608
48717586 -293671845
#r 0 5.8393838507
48717586 -292671845
#r 0 3.6286596566
47722620 -293198805
#r 0 5.9513407094
530625494 -89118625
#r 0 0.2451688517
530625494 -88118625
#r 0 2.3087256780
531366262 -88933283
#r 0 2.7431405367
42124448 645983829
#r 0 1.7470479233
42124448 644983829
#r 0 4.8413400631
41647579 648661369
#r 0 4.5397402228
-178491570 670902010
#r 0 3.7663584901
-178491570 669902010
#r 0 3.4929607671
-181312056 668868077
#r 0 5.4494944646
78464923 432039983
#r 0 2.8359176273
78464923 431039983
#r 0 2.7643122219
66072950 435950460
#r 0 3.2168679761
160031141 -417843750
#r 0 5.1881873917
160031141 -416843750
#r 0 5.2093192904
149696937 -397788321
#r 0 5.6793767327
-430166093 553065446
#r 0 0.9021725847
-430166093 552065446
#r 0 0.8911540704
-465527340 508305311
#r 0 0.8224028727
17710008 853207122
#r 0 2.5202713522
17710008 852207122
#r 0 2.4906905489
-4160726 868864503
#r 0 5.7907481012
14875479 -715975258
#r 0 4.4025979825
14875479 -714975258
#r 0 2.7104638945
15154494 -715103601
#r 0 6.2702895085
-415569731 -638404763
#r 0 0.6833012722
-415569731 -637404763
#r 0 0.6750248772
-342418634 -578849815
#r 0 0.5732749523
-773961145 -176289730
#r 0 6.1287220962
-773961145 -175289730
#r 0 1.4371295664
-774092856 -176269222
#r 0 0.5694716486
940988252 -325744210
#r 0 3.1042055352
940988252 -324744210
#r 0 3.1453234483
916678267 -324834906
#r 0 0.1160865423
-826089410 389315028
#r 0 6.1775734305
-826089410 388315028
#r 0 4.1367612046
-825482241 389250664
#r 0 0.0135315193
787581078 -76307990
#r 0 2.9794747980
787581078 -75307990
#r 0 1.9322617850
787984074 -76373901
#r 0 5.2105242497
-720594767 -54294382
#r 0 5.4141334630
-720594767 -53294382
#r 0 0.9452882217
-720984236 -53833621
#r 0 2.2891895466
594911311 732837332
#r 0 5.4280888909
594911311 731837332
#r 0 2.9075279725
596008203 731575794
#r 0 2.0481876878
288809318 -738112341
#r 0 1.8303491456
288809318 -737112341
#r 0 1.9436800471
287982552 -734998848
#r 0 1.9296745051
-344837829 -486706031
#r 0 6.2712737858
-344837829 -485706031
#r 0 5.6727255052
-343383688 -486723353
#r 0 5.2647360711
-62712054 -847301326
#r 0 5.1020214098
-62712054 -846301326
#r 0 1.5658500417
-62716941 -847289424
#r 0 5.1364629719
-250419138 -693493865
#r 0 0.0480039344
-250419138 -692493865
#r 0 0.8613265791
-251314685 -693536888
#r 0 0.0354866028
366755340 -91389671
#r 0 3.9963841408
366755340 -90389671
#r 0 5.2801313009
367123351 -90966682
#r 0 1.0553249528
961566412 68953195
#r 0 3.5606256695
961566412 67953195
#r 0 1.9393735697
961236875 68806415
#r 0 4.6912796929
597164501 -516317146
#r 0 4.6467608521
597164501 -515317146
#r 0 1.6344507189
597196859 -515824801
#r 0 1.9998577767
-877313621 -335845740
#r 0 0.1805694421
-877313621 -334845740
#r 0 1.0753083618
-877913241 -335955205
#r 0 1.6155530703
-380835327 -806301119
#r 0 0.5769541820
-380835327 -805301119
#r 0 0.8344176169
-383045978 -807739863
#r 0 1.1244929120
822465216 -184570263
#r 0 1.8823648635
822465216 -183570263
#r 0 2.4204421540
822015965 -183175324
#r 0 1.8728849959
186036512 447263379
#r 0 3.2749350875
186036512 446263379
#r 0 2.8656252161
183640337 446941960
#r 0 1.7353025230
-324336703 -906969741
#r 0 1.1411131158
-324336703 -905969741
#r 0 0.4578239709
-323744823 -905678097
#r 0 1.7298210320
-23877194 30146238
#r 0 5.3940245168
-23877194 29146238
#r 0 3.6270447788
-23309026 29445981
#r 0 3.5701251189
-646955563 126488175
#r 0 1.5773739527
-646955563 125488175
#r 0 1.2615034210
-646949118 125508344
#r 0 1.4513139225
647455009 119171730
#r 0 4.8035435987
647455009 118171730
#r 0 1.6474449852
646974474 124428769
#r 0 3.8838644312
-614105525 708095676
#r 0 4.7542453149
-614105525 707095676
#r 0 4.8989511712
-614051702 706810533
#r 0 4.1494486340
-144601442 -246545691
#r 0 1.2466715692
-144601442 -245545691
#r 0 5.5123239329
-144348134 -245791739
#r 0 2.6606190875
-755786970 456770808
#r 0 1.2283829059
-755786970 455770808
#r 0 0.3328599520
-756193526 455630252
#r 0 1.2337774396
-942398078 -178453409
#r 0 0.8854449231
-942398078 -177453409
#r 0 5.6136986358
-941901698 -177846254
#r 0 1.5477336754
711522906 98276513
#r 0 0.9957855764
711522906 97276513
#r 0 0.9117276395
707556213 92155647
#r 0 0.9660819894
-865732126 -389513957
#r 0 5.9876502948
-865732126 -388513957
#r 0 0.7987282115
-866483174 -389285300
#r 0 1.0495509392
457994694 -775492143
#r 0 5.7971094184
457994694 -774492143
#r 0 5.7998205048
169225024 -622918344
#r 0 0.0958414741
223679184 -734348721
#r 0 1.8679023047
223679184 -733348721
#r 0 5.4866516939
223233483 -732892982
#r 0 5.9663298298
590989480 604339845
#r 0 4.3552135626
590989480 603339845
#r 0 1.7498860646
590867583 604013202
#r 0 3.3194250898
33739637 326385330
#r 0 5.9500025097
33739637 325385330
#r 0 5.9907795963
55937018 318703150
#r 0 6.0022794193
107088828 -31836439
#r 0 0.4976729417
107088828 -30836439
#r 0 5.1755760253
107481664 -31623017
#r 0 2.1361677454
-86557720 15314172
#r 0 6.2508883832
-86557720 14314172
#r 0 6.2524676797
546007103 -5122832
#r 0 1.1862663181
187576655 288198927
#r 0 2.9561256496
187576655 287198927
#r 0 2.9111816121
166279096 292194844
#r 0 3.2371248536
376013911 294524797
#r 0 4.4929193100
376013911 293524797
#r 0 4.5711791810
376405840 296281832
#r 0 2.0333367016
278966036 620220652
#r 0 6.0181912591
278966036 619220652
#r 0 4.3888222646
279273415 620137237
#r 0 2.0772776504
-721859489 -551390151
#r 0 6.1231701019
-721859489 -550390151
#r 0 1.1373275193
-722290146 -551320645
#r 0 6.0524704294
388898961 -22604958
#r 0 3.3699103610
388898961 -21604958
#r 0 0.7915414756
387616899 -22902870
#r 0 3.3841330106
-862956667 140643757
#r 0 0.8300760791
-862956667 139643757
#r 0 2.4173470759
-863462175 140090933
#r 0 5.9358252388
-64393835 -548376194
#r 0 6.0923200946
-64393835 -547376194
#r 0 0.2118369265
-66843130 -547902948
#r 0 0.8502968183
-682022435 430113840
#r 0 5.7369349686
-682022435 429113840
#r 0 1.8453228270
-682362258 430320438
#r 0 5.6560667330
129522077 617343422
#r 0 6.0437072686
129522077 616343422
#r 0 3.2903186100
132060175 616723711
#r 0 1.6608543898
-709725211 -135667791
#r 0 5.7556330212
-709725211 -134667791
#r 0 0.9254798093
-710248515 -135362897
#r 0 1.4468109988
882172595 169931446
#r 0 4.2882407719
882172595 168931446
#r 0 2.4166201755
881850062 169217179
#r 0 2.0452249996
29768177 179516482
#r 0 5.7111809580
29768177 178516482
#r 0 1.4211510951
29905609 179428003
#r 0 3.4451908874
258981388 553416150
#r 0 1.9158259247
258981388 552416150
#r 0 4.0591070561
259225954 552735678
#r 0 1.9456604531
867622611 474026919
#r 0 2.8072291586
867622611 473026919
#r 0 2.8357181167
494169261 705240858
#r 0 4.2445876457
494169261 704240858
#r 0 0.8074311916
493098982 703122346
#r 0 0.8356487188
122469093 -725635014
#r 0 2.7828919313
122469093 -724635014
#r 0 2.8291564635
103202919 -718411736
#r 0 1.5179032803
-603116602 -663308573
#r 0 1.5834506161
-603116602 -662308573
#r 0 6.2041143528
-603129270 -662307569
#r 0 1.4223630078
-145539966 -887360284
#r 0 5.9986144477
-145539966 -886360284
#r 0 6.0769568108
-157543769 -883849055
#r 0 1.1785300238
682414660 608429595
#r 0 5.5192437612
682414660 607429595
#r 0 4.4118055274
682653663 608200634
#r 0 5.4676361228
-490982295 -354183775
#r 0 1.1878177455
-490982295 -353183775
#r 0 0.8573217641
-490228660 -352313113
#r 0 6.1139907732
-802812116 -220135267
#r 0 1.8045690500
-802812116 -219135267
#r 0 0.3164307955
-803033019 -219207598
#r 0 0.3299070721
250470454 471718324
#r 0 2.9161961413
250470454 470718324
#r 0 0.7703848768
251303990 471527200
#r 0 3.2950888205
439852827 37625603
#r 0 5.2316515463
439852827 36625603
#r 0 5.2364270454
491849430 -53343858
#r 0 5.3983734056
-160210028 -311873695
#r 0 4.9737453749
-160210028 -310873695
#r 0 6.2064082418
-160483122 -310852686
#r 0 6.0479609555
378118500 -176315695
#r 0 3.4929059787
378118500 -175315695
#r 0 3.6113272412
371032057 -178913001
#r 0 2.6445669566
-866575725 -214630372
#r 0 0.9692603589
-866575725 -213630372
#r 0 0.2848691660
-865716659 -213378809
#r 0 0.4875365326
135413484 36622920
#r 0 2.2806331994
135413484 35622920
#r 0 2.4823713563
137984479 33630764
#r 0 1.8199932377
133848038 926203271
#r 0 3.5675636089
133848038 925203271
#r 0 4.5764316054
133993893 926269453
#r 0 4.8606561512
152317393 -838586251
#r 0 2.5072863694
152317393 -837586251
#r 0 1.4490213636
152205121 -838503649
#r 0 1.9892769236
866394399 -388688067
#r 0 0.8503042591
866394399 -387688067
#r 0 2.4760776011
866914146 -388096058
#r 0 1.9462861460
-110683473 -855371776
#r 0 1.8097309530
-110683473 -854371776
#r 0 0.6492912844
-110889049 -854527826
#r 0 0.9629800982
-778756986 -564076853
#r 0 1.1547914310
-778756986 -563076853
#r 0 0.0945700858
-778295874 -563033115
#r 0 0.4753244098
-737950047 -439455128
#r 0 0.8099297711
-737950047 -438455128
#r 0 0.1298400922
-736862775 -438313158
#r 0 1.8446954421
-609784449 -471338019
#r 0 1.3075984668
-609784449 -470338019
#r 0 0.4298564470
-609477025 -470197081
#r 0 0.4323208944
-23189346 649857189
#r 0 3.5358082235
-23189346 648857189
#r 0 4.9322259365
-23393791 649772142
#r 0 0.9225515903
919027675 186956176
#r 0 3.5640492756
919027675 185956176
#r 0 3.0569116441
917156440 186115014
#r 0 3.4304956773
-462062882 -817316296
#r 0 1.6084745500
-462062882 -816316296
#r 0 0.0758051774
-462100470 -816319151
#r 0 1.6041087858
-122964257 -333624352
#r 0 5.6806766440
-122964257 -332624352
#r 0 6.1766323565
-124685819 -332440217
#r 0 6.1781484582
-340634393 559951828
#r 0 0.6669301763
-340634393 558951828
#r 0 5.4451524387
-341161126 559537147
#r 0 2.6718408684
-909594700 -252680642
#r 0 1.0014837119
-909594700 -251680642
#r 0 0.9264738163
-905274072 -245929652
#r 0 0.3358129665
43912064 302995607
#r 0 0.7075690767
43912064 301995607
#r 0 0.6301941103
35969160 296201957
#r 0 0.6982700568
117420708 890129395
#r 0 3.3828916691
117420708 889129395
#r 0 4.6246713510
117510597 890151516
#r 0 4.5916355633
-468178342 -347725758
#r 0 1.8126641838
-468178342 -346725758
#r 0 0.3067322792
-468407160 -346798231
#r 0 0.9092195191
71200613 -222501511
#r 0 4.5401106480
71200613 -221501511
#r 0 1.5383532405
71160717 -222730792
#r 0 4.7387012140
-243623499 -789879633
#r 0 1.8922024853
-243623499 -788879633
#r 0 5.7165836030
-244045928 -788610890
#r 0 0.5146442137
-769324329 107708350
#r 0 2.6304812320
-769324329 106708350
#r 0 0.8503328700
-768736065 107378440
#r 0 5.8966323464
635566251 196520845
#r 0 1.4007706431
635566251 195520845
#r 0 1.3725688273
634384526 189637674
#r 0 5.6215079973
195202581 -473800941
#r 0 2.7679984344
195202581 -472800941
#r 0 2.9619925120
190450800 -471938224
#r 1 190303693 -471895128
308865562 -904406367
#r 0 2.6064376742
308865562 -903406367
#r 0 0.7685156031
308224395 -904026243
#r 0 1.1249540776
710295145 -265660052
#r 0 2.4659496331
710295145 -264660052
#r 0 2.5187667549
698289863 -256038053
#r 0 4.1278681212
-659887626 -690524746
#r 0 0.4240084106
-659887626 -689524746
#r 0 1.5179230562
-659941844 -690549219
#r 0 1.1084487221
582191960 -738122481
#r 0 1.6041597088
582191960 -737122481
#r 0 1.4929192156
582168583 -737422055
#r 0 1.5419158063
619956929 619639294
#r 0 1.8249017919
619956929 618639294
#r 0 3.7356390528
620177887 618788536
#r 0 4.9737793051
279378978 182926265
#r 0 4.8203404608
279378978 181926265
#r 0 4.4526621335
279455956 182215953
#r 0 3.1901613438
-31041134 -356688329
#r 0 2.0481336369
-31041134 -355688329
#r 0 2.1319099817
-33962661 -351039932
#r 0 2.0762204168
531322273 778893238
#r 0 2.9497897102
531322273 777893238
#r 0 0.3388698093
533151577 778538005
#r 0 0.2517650364
-409016762 -551302065
#r 0 0.3981590761
-409016762 -550302065
#r 0 0.3883429709
-322103217 -514744063
#r 0 0.3765071736
-242530425 -410578653
#r 0 1.6460940174
-242530425 -409578653
#r 0 2.0545863371
-242618513 -409411007
#r 0 1.1414066981
280793211 -921368331
#r 0 0.8897562472
280793211 -920368331
#r 0 3.1105660132
281583712 -920392865
#r 0 0.9043619955
730390034 137322819
#r 0 4.5010101554
730390034 136322819
#r 0 4.4851346413
727412337 123446236
#r 0 4.4196255519
336241334 349827929
#r 0 2.8208240385
336241334 348827929
#r 0 5.7402335781
332554106 351052983
#r 0 1.9661825150
182629508 -60733374
#r 0 2.8265150797
182629508 -59733374
#r 0 5.5791727578
184540693 -61356296
#r 0 0.1651024071
-14583895 -391538609
#r 0 1.9964172604
-14583895 -390538609
#r 0 5.3367611307
-15806352 -388842001
#r 0 0.6785983220
-529968658 -541423045
#r 0 0.9887275275
-529968658 -540423045
#r 0 1.1346700403
-531565585 -543849509
#r 0 0.3425268613
-295721070 -115687762
#r 0 0.1823232128
-295721070 -114687762
#r 0 0.7808729677
-296960812 -115916334
#r 0 0.7705162065
-860392259 105310463
#r 0 2.2491618421
-860392259 104310463
#r 0 0.7200912673
-859920112 104724644
#r 0 2.2050184785
134282577 690186611
#r 0 1.5456575610
134282577 689186611
#r 0 1.6862609595
134261913 689364780
#r 0 1.5321699475
120775521 105317247
#r 0 0.0376635591
120775521 104317247
#r 0 5.8003839623
118995712 105250181
#r 0 5.5462622207
705482076 -427802156
#r 0 2.5805247781
705482076 -426802156
#r 0 3.0056988385
703448322 -426524067
#r 0 0.5021705780
67711290 -820628312
#r 0 3.8486976167
67711290 -819628312
#r 0 6.1123902287
68685016 -819796256
#r 0 3.9035436300
433987350 508403551
#r 0 5.1566912791
433987350 507403551
#r 0 1.7673481068
433645048 509122601
#r 0 5.2186238995
-118050258 19266698
#r 0 5.3345755985
-118050258 18266698
#r 0 6.1934346481
-117283557 18197701
#r 0 5.1816920936
-797637337 -148047045
#r 0 1.0694249986
-797637337 -147047045
#r 0 0.5464466330
-796815178 -146546986
#r 0 0.1268183570
-297627869 -312378482
#r 0 6.2195619045
-297627869 -311378482
#r 0 1.5847950126
-297613857 -312379375
#r 0 0.1312164577
526708312 738674488
#r 0 4.8311965136
526708312 737674488
#r 0 0.8193421538
526814159 737787776
#r 0 2.9198076502
902408713 326691638
#r 0 3.9415165602
902408713 325691638
#r 0 3.4844133148
900921875 325160965
#r 0 3.5134062364
194389026 724215994
#r 0 2.2814330717
194389026 723215994
#r 0 2.5038042042
196765345 721454875
#r 0 2.3046845069
479784988 -770379991
#r 0 0.5214095400
479784988 -769379991
#r 0 3.6817262120
440064962 -793196563
#r 0 0.5904901368
-131810955 348029062
#r 0 1.2957434044
-131810955 347029062
#r 0 0.4843335400
-132142368 346854695
#r 0 4.8280515137
586522933 -217901995
#r 0 0.6708441245
586522933 -216901995
#r 0 2.0611318797
586897897 -217604413
#r 0 0.7249253078
-187748036 23994930
#r 0 6.2242220782
-187748036 22994930
#r 0 1.0869056859
-187238285 23964839
#r 0 0.6946628828
352205545 -810872443
#r 0 4.3742108191
352205545 -809872443
#r 0 0.1378841214
352575277 -809821137
#r 0 0.1204657370
-281264150 625950435
#r 0 0.4447374035
-281264150 624950435
#r 0 3.0728556957
-283097578 625076658
#r 0 4.4805283375
805993669 -555805939
#r 0 2.5346049221
805993669 -554805939
#r 0 2.0913747446
806946276 -556467471
#r 0 3.7442504837
109176579 830254230
#r 0 1.4049565703
109176579 829254230
#r 0 5.8213597660
109022073 829331131
#r 0 5.5118956991
454603456 -115132683
#r 0 1.3037125276
454603456 -114132683
#r 0 2.6875628300
454844843 -114250488
#r 0 4.9720533744
-841858840 456991149
#r 0 6.0196881045
-841858840 455991149
#r 0 6.0159244796
-394302774 -111391377
#r 0 2.2992244206
-394302774 -110391377
#r 0 0.0997169545
-395121767 -110473316
#r 0 2.3845010075
-44928054 515757560
#r 0 5.3534486850
-44928054 514757560
#r 0 1.1165644786
-44632905 515362020
#r 0 2.9342775350
-121117037 -740886462
#r 0 0.7294165230
-121117037 -739886462
#r 0 0.8155536569
-127057453 -746196406
#r 0 0.8002632640
-104972969 -794518837
#r 0 0.4281370446
-104972969 -793518837
#r 0 5.2327578809
-104518715 -794311530
#r 0 5.2983947798
-228728329 -70115130
#r 0 2.9163594740
-228728329 -69115130
#r 0 4.9321193870
-228492948 -70169061
#r 0 5.3518693315
211817052 -353830981
#r 0 6.2045507312
211817052 -352830981
#r 0 6.1862292708
265976674 -358098600
#r 0 3.0287062489
714039536 -444378998
#r 0 2.7937579738
714039536 -443378998
#r 0 1.8905201650
714415785 -444515417
#r 0 2.5396560031
210279624 -719446913
#r 0 1.4665495901
210279624 -718446913
#r 0 1.2696746691
210437404 -717938871
#r 0 1.2120446395
-252990652 907596128
#r 0 2.5680058181
-252990652 906596128
#r 0 2.5728578370
-107125842 813361526
#r 0 4.8451026420
-111775591 385835601
#r 0 2.3517369512
-111775591 384835601
#r 0 1.0683783517
-111422105 385478950
#r 0 3.2027954017
-751715650 246572132
#r 0 0.3505151152
-751715650 245572132
#r 0 1.3385806799
-751456787 246666776
#r 0 0.7192007728
734240015 -107718197
#r 0 1.5430338118
734240015 -106718197
#r 0 2.5344754621
734267259 -106737122
#r 0 2.5257698232
451097033 876365304
#r 0 5.7004793689
451097033 875365304
#r 0 3.7601711492
451826530 875884534
#r 0 3.1620073620
-213751703 -188883800
#r 0 2.2544198990
-213751703 -187883800
#r 0 2.5933414449
-215373011 -186893665
#r 0 0.8548507818
-871609781 -439190600
#r 0 5.9268259608
-871609781 -438190600
#r 0 1.6230635417
-871556427 -439210461
#r 0 0.4321514559
873731973 -187795839
#r 0 2.5943989790
873731973 -186795839
#r 0 5.0957733634
874266723 -188121636
#r 0 2.5735540775
476321941 -514170025
#r 0 3.5947044994
476321941 -513170025
#r 0 5.2173686676
476757497 -513957953
#r 0 2.3303972920
648529161 -258031637
#r 0 1.9547385988
648529161 -257031637
#r 0 2.0027161987
645259626 -249938550
#r 0 1.9179468086
-947200162 54478327
#r 0 1.5130298810
-947200162 53478327
#r 0 0.7684770155
-947261417 53419110
#r 0 1.4141237937
-72923073 965837855
#r 0 3.7108716386
-72923073 964837855
#r 0 5.8200915404
-73800836 965276129
#r 0 4.6938119432
533900477 -572149686
#r 0 1.3050307942
533900477 -571149686
#r 0 1.5278311860
533849422 -572337248
#r 0 2.3248022474
-787439174 -505763987
#r 0 0.4013993670
-787439174 -504763987
#r 0 1.4689535818
-787546004 -505809330
#r 0 0.6127549391
-244124713 -774407860
#r 0 0.8918359847
-244124713 -773407860
#r 0 5.6895972842
-243602249 -773760400
#r 0 6.1382927251
912688030 366379819
#r 0 3.6129426677
912688030 365379819
#r 0 4.1149963055
913729436 366910588
#r 0 2.2537463917
65744808 676218049
#r 0 3.5057832307
65744808 675218049
#r 0 4.7898521028
65669420 676189312
#r 0 3.3668847931
-530446177 836542796
#r 0 4.0833646856
-530446177 835542796
#r 0 4.3587079148
-529696651 837572901
#r 0 5.7518806414
-415563059 -298865844
#r 0 6.1367511571
-415563059 -297865844
#r 0 1.8923460301
-415212737 -298917513
#r 0 6.1357280093
-886033412 -228132643
#r 0 1.7057486719
-886033412 -227132643
#r 0 0.2845696222
-886164003 -227170842
#r 0 1.2765742157
-277974413 -935647969
#r 0 0.5624932992
-277974413 -934647969
#r 0 0.1224762811
-276003332 -934405344
#r 0 0.5052838809
200104270 740576328
#r 0 0.4420466668
200104270 739576328
#r 0 2.0050011211
199724007 740396356
#r 0 2.4085299080
-138670661 -326693416
#r 0 6.1938049492
-138670661 -325693416
#r 0 6.1298484231
-123269678 -328073639
#r 0 6.1191261331
-420259027 -893966584
#r 0 1.5066515922
-420259027 -892966584
#r 0 0.4540289247
-420192715 -892934222
#r 0 0.7139373638
-798050443 -196980374
#r 0 6.1247794297
-798050443 -195980374
#r 0 1.1321351874
-798486881 -196910656
#r 0 1.2305619028
-402542994 -134498653
#r 0 2.2472815542
-402542994 -133498653
#r 0 0.4191232390
-403134339 -133762110
#r 0 2.2315649245
508744237 816338581
#r 0 3.0731083775
508744237 815338581
#r 0 3.0927564366
559463269 812859684
#r 0 5.1725091982
-397593185 913590386
#r 0 0.1529268712
-397593185 912590386
#r 0 0.1140809071
-443314379 -868631678
#r 0 0.5034467734
-443314379 -867631678
#r 0 0.9477702728
-444503402 -869286576
#r 0 0.9146122994
-533147680 613971414
#r 0 0.3332695805
-533147680 612971414
#r 0 2.5335141571
-534107148 613639263
#r 0 0.3518528411
-770932227 -336799630
#r 0 5.8296278204
-770932227 -335799630
#r 0 6.0281361520
-775342896 -334649648
#r 0 5.8000704055
-313801222 -169811900
#r 0 5.6275791162
-313801222 -168811900
#r 0 5.7405851253
-319821010 -165182151
#r 0 5.1207805638
396351162 236536477
#r 0 6.1942849676
396351162 235536477
#r 0 6.1761737761
341666332 241410825
#r 0 2.7553557850
653214263 -656222690
#r 0 3.6946589923
653214263 -655222690
#r 0 4.2471881574
652486951 -656671683
#r 0 3.7536468462
-126037657 252119065
#r 0 2.1452424380
-126037657 251119065
#r 0 5.5917325351
-124643335 249964871
#r 0 0.8822548847
795662488 -210263076
#r 0 2.3687979614
795662488 -209263076
#r 0 5.5604581403
784932987 -199800681
#r 0 3.0667506036
-552602322 134431660
#r 0 5.0743765013
-552602322 133431660
#r 0 1.8510926434
-553802901 137602144
#r 0 1.8852514373
-25074801 475442830
#r 0 5.4747565089
-25074801 474442830
#r 0 4.6367093925
-25004554 475369271
#r 0 5.4967512613
-581753711 58339560
#r 0 5.5717881907
-581753711 57339560
#r 0 1.2149292095
-581472208 58096916
#r 0 5.7523674222
-123676106 -141587957
#r 0 1.1653996134
-123676106 -140587957
#r 0 1.1283153610
-119121427 -130975175
#r 0 1.1461880558
-770394741 -202777594
#r 0 0.6803005955
-770394741 -201777594
#r 0 0.1839898094
-768789770 -201478918
#r 0 1.5050912126
226219170 40973701
#r 0 5.5182452683
226219170 39973701
#r 0 5.4494607971
219164265 47745694
#r 0 5.3999280679
-730767039 -317649186
#r 0 5.8720580968
-730767039 -316649186
#r 0 0.4290771640
-731886263 -317161236
#r 0 6.2265508401
313987082 -595303530
#r 0 3.4665401367
313987082 -594303530
#r 0 3.4750758292
209078267 -630646185
#r 0 1.9730446005
422385780 609464897
#r 0 2.4428940708
422385780 608464897
#r 0 2.6105608194
426342068 606141354
#r 0 5.2687275937
-283682688 -708434606
#r 0 5.6116143963
-283682688 -707434606
#r 0 5.6544882816
-298455197 -696693205
#r 0 0.0467616527
-165174039 -771223105
#r 0 5.4750197443
-165174039 -770223105
#r 0 5.4317356986
-154654625 -782232765
#r 0 0.8387211782
-595802012 -385074130
#r 0 1.5142991117
-595802012 -384074130
#r 0 1.3145411943
-595729886 -383798856
#r 0 0.7576805033
277214466 -802769623
#r 0 2.4373370808
277214466 -801769623
#r 0 6.2792106233
276031894 -801764923
#r 0 5.5862355058
-49223034 10182434
#r 0 2.0523145572
-49223034 9182434
#r 0 1.9102300787
-50311957 12266330
#r 0 1.9781839393
606551053 -19018638
#r 0 2.3903857661
606551053 -18018638
#r 0 3.2228486683
605566111 -18098847
#r 0 5.6445185252
-355498144 909755308
#r 0 4.6091921585
-355498144 908755308
#r 0 6.1782831555
-355600592 908766095
#r 0 4.2409734169
47076853 -733059593
#r 0 0.4517421034
47076853 -732059593
#r 0 1.0622895261
46312817 -733430308
#r 0 0.4847334088
-374230082 240356462
#r 0 0.4851596031
-374230082 239356462
#r 0 1.8526019606
-374481257 240224046
#r 0 0.2162794927
57914385 673072022
#r 0 1.1087245675
57914385 672072022
#r 0 1.1719606569
60653981 678572867
#r 0 1.0619693050
-434227853 -134865342
#r 0 2.0463787084
-434227853 -133865342
#r 0 2.0362608999
-413916458 -174304274
#r 0 0.4777499205
-803935016 3201268
#r 0 1.4060157124
-803935016 2201268
#r 0 0.6956472028
-804128112 2040057
#r 0 1.4712209764
612533705 664406426
#r 0 4.4662875369
612533705 663406426
#r 0 3.1440695035
612282355 663405803
#r 0 5.5382410584
-128789750 -864403732
#r 0 5.7831644017
-128789750 -863403732
#r 0 5.8450413909
-141640811 -857382816
#r 0 1.1494412554
49745228 181238661
#r 0 3.3549267670
49745228 180238661
#r 0 3.3785699814
89930312 189943977
#r 0 4.0191396864
582907428 511612935
#r 0 3.6896570322
582907428 510612935
#r 0 3.3649292334
580298639 510020413
#r 0 4.8231045024
616180789 -199370439
#r 0 1.2999043836
616180789 -198370439
#r 0 1.2725662319
619057200 -189013156
#r 0 0.9145442396
144982153 -279834439
#r 0 5.7067753947
144982153 -278834439
#r 0 0.2759395240
143910586 -279137867
#r 0 4.5110543587
-152837913 140842892
#r 0 0.1935290599
-152837913 139842892
#r 0 6.0582397710
-155191962 140381541
#r 0 0.6777614853
549838263 -730153584
#r 0 0.6954441306
549838263 -729153584
#r 0 0.7003509102
430197463 -829997429
#r 0 3.4163841054
-591139324 -247371007
#r 0 1.4915032166
-591139324 -246371007
#r 0 0.9954796463
-591048769 -246231368
#r 0 0.2527723576
-753947354 98952221
#r 0 0.7377428952
-753947354 97952221
#r 0 2.6201103460
-754621440 98339505
#r 0 1.4302159363
-98352464 -743450637
#r 0 5.0956735729
-98352464 -742450637
#r 0 1.0267585359
-98594415 -742850600
#r 0 0.6175926013
611104978 -524723090
#r 0 0.6228830712
611104978 -523723090
#r 0 3.6325753637
616551027 -520811354
#r 0 2.5685062336
-276948858 -364114257
#r 0 0.3725452433
-276948858 -363114257
#r 0 0.1146840927
-273320472 -362696305
#r 0 2.1141599319
-558362802 302376104
#r 0 2.1296183627
-558362802 301376104
#r 0 2.6596438477
-557433535 300890013
#r 0 1.1648459581
-267275647 10250653
#r 0 5.9891801395
-267275647 9250653
#r 0 3.1515050307
-264077618 9282354
#r 0 6.2787754855
425647155 -827346206
#r 0 1.6370631171
425647155 -826346206
#r 0 1.6245443078
