701687785 -541700890
#r 0 3.3244189831
701687785 -540700890
#r 0 0.9098365713
700779557 -541868813
#r 0 4.9055219860
-499127383 633119407
#r 0 5.9888562752
-499127383 632119407
#r 0 6.0423900764
-481758349 627854272
#r 1 -482620358 628172330
-483608482 -622730427
#r 0 1.8580572825
-483608482 -621730427
#r 0 1.8716405639
-489789593 -601808167
#r 0 0.9266991065
-400050622 -282770132
#r 0 2.2103983282
-400050622 -281770132
#r 0 6.1677819528
-400864754 -281675759
#r 0 6.1863799989
301295572 728310821
#r 0 0.9757960993
301295572 727310821
#r 0 2.9339293662
300703223 727435629
#r 0 2.9277669364
538670319 187274473
#r 0 3.3493974266
538670319 186274473
#r 0 3.3224505933
502946518 179742161
#r 0 3.3441420425
-356518068 -65592954
#r 0 5.7536709095
-356518068 -64592954
#r 0 5.7403742029
-300938961 -98121454
#r 0 2.5894879417
-276446552 932869643
#r 0 4.7618473586
-276446552 931869643
#r 0 4.9886145263
-276386581 931658086
#r 0 5.8725090291
-550539604 -271667289
#r 0 0.7112045477
-550539604 -270667289
#r 0 0.0755897093
-549267163 -270570922
#r 0 3.7121737871
-618319202 -169265767
#r 0 0.4837603601
-618319202 -168265767
#r 0 2.7079505103
-617307503 -168734221
#r 0 0.4814036365
755102565 -188650360
#r 0 5.2245427174
755102565 -187650360
#r 0 3.6571562902
754676207 -187891971
#r 0 2.2770131687
380790345 -501424583
#r 0 4.9844440843
380790345 -500424583
#r 0 0.3480938264
380537018 -500516508
#r 0 1.8204262035
-579009961 358478730
#r 0 1.3324624187
-579009961 357478730
#r 0 0.7566995597
-579325234 357181053
#r 0 0.7444298117
299350043 -849072587
#r 0 3.7143852532
299350043 -848072587
#r 0 3.7410381270
273313467 -865863979
#r 0 3.6993520460
547958642 -796389549
#r 0 3.6019974782
547958642 -795389549
#r 0 3.6216585343
507540748 -816434927
#r 0 1.2948820554
120566706 -818818612
#r 0 1.6464118779
120566706 -817818612
#r 0 1.6439513949
122810765 -848439241
#r 0 6.0375817686
137093106 -178832048
#r 0 3.7615944465
137093106 -177832048
#r 0 3.7694932449
53707336 -238362126
#r 0 0.6146659449
-671832205 450572368
#r 0 6.2613907209
-671832205 449572368
#r 0 3.7613101669
-670472180 450542722
#r 0 0.1450637068
-468532303 -84888903
#r 0 3.7073602141
-468532303 -83888903
#r 0 3.7257009452
-506930760 -109272436
#r 0 3.7373819124
242220329 -192797614
#r 0 3.7230570204
242220329 -191797614
#r 0 1.3336655905
241933012 -192986457
#r 0 1.3369735606
474168597 127670696
#r 0 1.7344203457
474168597 126670696
#r 0 4.9960644967
474549281 125364917
#r 0 1.7462429470
595496296 -707793242
#r 0 3.4068467065
595496296 -706793242
#r 0 0.5384758392
592426027 -708627297
#r 0 3.3921120781
677928845 -196320030
#r 0 4.5237738331
677928845 -195320030
#r 0 3.7984411620
678152673 -195147443
#r 0 3.8133731550
134234208 -184258840
#r 0 2.7643986173
134234208 -183258840
#r 0 3.7258630192
133288538 -183884201
#r 0 1.4702353771
-222667336 -46611794
#r 0 1.7760610981
-222667336 -45611794
#r 0 1.7823909223
-229430200 -14128799
#r 0 4.9325864080
219528894 970092025
#r 0 3.7077319415
219528894 969092025
#r 0 5.2288055087
219111650 969826852
#r 0 4.3998655416
-384209398 -106897359
#r 0 0.4361969771
-384209398 -105897359
#r 0 0.4156430230
-343864236 -88090748
#r 0 0.4577370929
615373946 -411111791
#r 0 4.4381689387
615373946 -410111791
#r 0 1.9220887612
615533096 -410546040
#r 0 6.1537799646
326662212 790338362
#r 0 4.8582060708
326662212 789338362
#r 0 4.8879399076
327515806 784526041
#r 0 4.8801227506
340630368 -61653550
#r 0 3.3507405363
340630368 -60653550
#r 0 3.3619143731
255200266 -79786241
#r 0 0.2258397085
-936931568 -253662529
#r 0 1.0950541985
-936931568 -252662529
#r 0 5.6268210836
-936562734 -252946640
#r 0 5.6120028217
-55698254 -527054964
#r 0 4.3632754464
-55698254 -526054964
#r 0 4.3564763959
-38167564 -478896933
#r 0 2.5194763405
-176767589 -188188183
#r 0 4.1451250763
-176767589 -187188183
#r 0 5.6606564517
-176330394 -187501973
#r 0 4.1248004243
133207554 429148051
#r 0 1.0054847650
133207554 428148051
#r 0 2.1975130453
132869418 428615027
#r 0 3.5353330971
420725815 -425022251
#r 0 1.3892845996
420725815 -424022251
#r 0 0.7502763070
420947224 -423815873
#r 0 0.7510884495
-984543034 144270826
#r 0 4.7507835367
-984543034 143270826
#r 0 4.7523152955
-983542766 118231278
#r 0 4.7508480296
366737756 485628537
#r 0 0.5695261590
366737756 484628537
#r 0 3.8204625174
372743990 489474330
#r 0 2.4722532403
-649282821 -270779598
#r 0 1.4368751236
-649282821 -269779598
#r 0 0.8385323326
-649124343 -269603317
#r 0 4.3974479262
411724544 245564399
#r 0 1.7098230333
411724544 244564399
#r 0 1.6445713894
411567894 246683893
#r 0 3.6438481045
795592083 -315379132
#r 0 1.8497009646
795592083 -314379132
#r 0 4.7287068095
795609388 -315439563
#r 0 4.4749568349
-521849662 466816098
#r 0 3.1041230837
-521849662 465816098
#r 0 5.8136011321
-523977522 466895865
#r 0 3.1023855652
-558514126 -706353026
#r 0 6.2347373759
-558514126 -705353026
#r 0 1.2313917445
-558861251 -706336195
#r 0 1.4477626048
-218018041 -776753981
#r 0 4.4123997114
-218018041 -775753981
#r 0 1.0615766553
-217324469 -774511765
#r 0 2.9183252445
517252615 315449462
#r 0 1.2288550818
517252615 314449462
#r 0 2.4570300008
516976817 314674579
#r 0 4.2672327395
-836634468 79323631
#r 0 3.6574058401
-836634468 78323631
#r 0 1.9270543307
-836941763 79149390
#r 0 0.2614077769
-478957491 -425697431
#r 0 3.8966766908
-478957491 -424697431
#r 0 2.7589910018
-478213206 -424996956
#r 0 5.1171979748
744680137 283363242
#r 0 3.8113838906
744680137 282363242
#r 0 1.9670382456
744365883 283114380
#r 0 4.4531359279
787479252 -388621533
#r 0 0.8181137745
787479252 -387621533
#r 0 5.0632197520
787742401 -388340577
#r 0 0.7941851197
734374273 161323653
#r 0 4.5376657494
734374273 160323653
#r 0 3.3497399716
734190914 160284926
#r 0 4.3961212729
-835925574 -325109799
#r 0 2.7983712547
-835925574 -324109799
#r 0 2.8509103888
-853104883 -318970506
#r 1 -853780086 -318775055
191098699 -491490599
#r 0 2.2946334752
191098699 -490490599
#r 0 3.9058041993
190620202 -490949239
#r 0 4.8882326066
76967052 -918743877
#r 0 2.0457429160
76967052 -917743877
#r 0 1.3881673281
76831170 -918479620
#r 0 0.2317229393
-458212991 -390070259
#r 0 0.3420432168
-458212991 -389070259
#r 0 5.0592906403
-457892696 -389956222
#r 0 3.9934253259
-561441965 -303326039
#r 0 1.3329885779
-561441965 -302326039
#r 0 3.5158331054
-561174067 -302220822
#r 0 0.8260875008
-143029320 -288205830
#r 0 4.8716761867
-143029320 -287205830
#r 0 6.0198920665
-143197240 -287160567
#r 0 6.0216020567
-217724255 370576245
#r 0 6.0255590242
-217724255 369576245
#r 0 0.8290928890
-216986207 370381783
#r 0 2.8446825499
231282029 -813119927
#r 0 5.0301793219
231282029 -812119927
#r 0 5.0207380709
241326372 -843655519
#r 0 5.0006749521
-173650117 941397434
#r 0 5.9654475002
-173650117 940397434
#r 0 5.9582383968
0 0
#r 0 3.2842466974
-974261600 -135035256
#r 0 0.5187834133
-974261600 -134035256
#r 0 1.5989859977
-974233850 -135019412
#r 0 1.4707597873
-219071864 876570219
#r 0 4.8819266893
-219071864 875570219
#r 0 4.8025365634
-219263395 877689100
#r 0 5.9209080910
841216372 -245702053
#r 0 4.6551966673
841216372 -244702053
#r 0 4.0080243793
841277763 -244629809
#r 0 3.1989565350
-554460271 622376857
#r 0 4.7300302765
-554460271 621376857
#r 0 4.8205990792
-554439207 621182958
#r 0 4.7388436616
-710372218 -603481641
#r 0 1.4293840365
-710372218 -602481641
#r 0 1.3029959721
-710076351 -601403373
#r 0 0.6138754724
57367412 137137296
#r 0 3.5563087359
57367412 136137296
#r 0 3.6665036309
64569353 140307948
#r 0 4.8832083403
350298717 99524416
#r 0 3.8473349765
350298717 98524416
#r 0 4.2751903921
351075408 100186275
#r 0 0.6311304627
124361302 -505132095
#r 0 0.2301406388
124361302 -504132095
#r 0 4.6962994793
124345150 -505135879
#r 0 2.3182017467
-544744435 413022941
#r 0 0.5020789012
-544744435 412022941
#r 0 4.8749817768
-544894923 412940322
#r 0 0.5014438295
-119196968 -904270036
#r 0 0.1281569376
-119196968 -903270036
#r 0 0.3271569204
-123947830 -904882247
#r 0 1.3990434574
-804414631 -463783652
#r 0 0.7243162755
-804414631 -462783652
#r 0 0.7305931470
0 0
#r 0 6.1978541166
551441948 -761356956
#r 0 3.1037939424
551441948 -760356956
#r 0 3.1015949427
0 0
#r 0 6.2009725387
27156741 -865736728
#r 0 2.0033895399
27156741 -864736728
#r 0 0.7466417734
26833216 -865036099
#r 0 0.7575622957
940217810 -146619311
#r 0 4.2053733791
940217810 -145619311
#r 0 4.2139914688
913284395 -195108927
#r 0 2.6005103719
-914055295 46387478
#r 0 3.7704424658
-914055295 45387478
#r 0 3.7595419327
-974525964 2403861
#r 0 3.7679233453
-936955659 -34943340
#r 0 1.3963694765
-936955659 -33943340
#r 0 5.4257318921
-936809255 -34112524
#r 0 2.4569860684
-369379595 277222742
#r 0 0.4983958239
-369379595 276222742
#r 0 4.3590414672
-368918144 277473873
#r 0 2.3277439871
-821124475 11788443
#r 0 5.8716537941
-821124475 10788443
#r 0 5.4879219669
-822838346 12536468
#r 0 0.1927665942
-490967586 616064171
#r 0 4.6781595236
-490967586 615064171
#r 0 4.7409836308
-490983171 615609046
#r 0 4.3285395087
-678074763 -588467848
#r 0 1.5539230255
-678074763 -587467848
#r 0 1.5697674490
-678075859 -588532778
#r 0 2.0513139655
217643120 -215305082
#r 0 3.4554176017
217643120 -214305082
#r 0 1.5386092590
217610582 -215315642
#r 0 1.1958113371
-682169509 -158834214
#r 0 0.2412864698
-682169509 -157834214
#r 0 0.2358224105
-509374830 -116312788
#r 0 3.3129134310
557597791 508080141
#r 0 3.2782649042
557597791 507080141
#r 0 0.8065438255
558701931 508231993
#r 0 4.1291886373
639262792 -399950495
#r 0 4.1674242407
639262792 -398950495
#r 0 4.2130199234
633816501 -408934832
#r 0 4.1981268011
61684808 -566926225
#r 0 1.1576331171
61684808 -565926225
#r 0 1.5577420272
61671352 -566956918
#r 0 2.4854078114
523190902 523430949
#r 0 2.0998064561
523190902 522430949
#r 0 0.8755400677
523534622 522842979
#r 0 2.2525319210
-97120665 -106773775
#r 0 2.5903212233
-97120665 -105773775
#r 0 4.6349066731
-97194765 -106728214
#r 0 0.2220759822
-565009351 514254679
#r 0 4.9796572148
-565009351 513254679
#r 0 4.9998472246
-561300541 500709945
#r 0 4.9806001802
334580786 -482417867
#r 0 4.9841454798
334580786 -481417867
#r 0 4.5212443958
334466585 -482008031
#r 0 0.1298816307
-302732954 278207160
#r 0 0.6735582376
-302732954 277207160
#r 0 0.6739408850
0 0
#r 0 4.4138735636
-258338693 -552221732
#r 0 0.7842749520
-258338693 -551221732
#r 0 2.1088112549
-257964658 -551848536
#r 0 5.4812371385
-571070279 -284224233
#r 0 4.9315783210
-571070279 -283224233
#r 0 1.2708251576
-571199779 -283642913
#r 0 4.9176178203
481874853 641887316
#r 0 4.6478505419
481874853 640887316
#r 0 1.2753954714
481792798 640617668
#r 0 3.8876329099
-479273610 -106822827
#r 0 3.3923569175
-479273610 -105822827
#r 0 0.1584255401
-468899280 -104165378
#r 0 3.4144858400
-4238218 -621301856
#r 0 4.0128324790
-4238218 -620301856
#r 0 2.2294764116
-3835043 -620822759
#r 0 3.7168934170
-213551122 -22815755
#r 0 3.9237796289
-213551122 -21815755
#r 0 3.9850069031
-221259602 -30474886
#r 0 3.9734287446
-874003763 -51756842
#r 0 1.5863009582
-874003763 -50756842
#r 0 2.6896127166
-874019386 -50749257
#r 0 2.6834335993
-191082364 -706539912
#r 0 5.8945863004
-191082364 -705539912
#r 0 0.1290794120
-192936897 -705780632
#r 0 0.1232246991
-712230836 221529366
#r 0 5.9881675574
-712230836 220529366
#r 0 2.7193894778
-719111629 223620340
#r 0 2.7324915011
-780382671 126943689
#r 0 2.1023305239
-780382671 125943689
#r 0 5.5422839497
-779110398 124779886
#r 0 5.1087440664
-236286024 -513307999
#r 0 5.2885082124
-236286024 -512307999
#r 0 0.6879491758
-236709534 -512656080
#r 0 1.0350591503
432125842 146983063
#r 0 0.9968140098
432125842 145983063
#r 0 1.0087835523
456300201 184369868
#r 0 4.1405707161
-261116530 -918750953
#r 0 4.5734195659
-261116530 -917750953
#r 0 4.5681694878
-257324480 -891639898
#r 0 4.5527765438
118024946 613168088
#r 0 2.1337234453
118024946 612168088
#r 0 0.6744550568
118444369 612503429
#r 0 4.2203519790
-464226731 -787773296
#r 0 0.9253394686
-464226731 -786773296
#r 0 0.9020011299
-448243246 -766548590
#r 0 0.9070336028
-243669211 -909135288
#r 0 0.0596580301
-243669211 -908135288
#r 0 4.0665145225
-244458457 -909182429
#r 0 4.0612029692
-477273716 873997373
#r 0 5.2266259081
-477273716 872997373
#r 0 4.9945069506
-477868969 875051040
#r 0 5.4922766827
-723337552 322551553
#r 0 5.6568428880
-723337552 321551553
#r 0 3.1851773805
-722034009 321608404
#r 0 5.6844278483
-109826943 -461038229
#r 0 1.8312203645
-109826943 -460038229
#r 0 1.8346407630
-129459751 -387362422
#r 0 0.3056327244
273596302 -710435175
#r 0 3.5705402866
273596302 -709435175
#r 0 5.7267718117
274522818 -710011435
#r 0 4.5733615945
-495340295 -231301155
#r 0 1.7971811203
-495340295 -230301155
#r 0 6.0304474411
-495585196 -230237907
#r 0 5.5403639891
-335666797 -774290530
#r 0 1.8490891143
-335666797 -773290530
#r 0 2.7051892393
-335996428 -773136792
#r 0 2.6855110821
-44434562 -424288087
#r 0 3.1077379446
-44434562 -423288087
#r 0 3.1138896225
-206837376 -418787886
#r 0 1.6301620903
482272679 648017210
#r 0 5.5981315636
482272679 647017210
#r 0 1.2602125450
482526964 647809445
#r 0 1.2379540817
-848718430 -335529233
#r 0 6.1970971105
-848718430 -334529233
#r 0 1.9360243017
-848322997 -335563359
#r 0 1.9298705498
-538168394 -366123595
#r 0 4.8045989830
-538168394 -365123595
#r 0 3.0117009572
-538261997 -365111368
#r 0 4.7803047811
780704324 -493859950
#r 0 1.3548697504
780704324 -492859950
#r 0 1.2356717123
781296884 -491158467
#r 0 4.3058864426
101574837 -660299922
#r 0 3.3028218067
101574837 -659299922
#r 0 5.8616387579
103211312 -660033764
#r 0 0.0566644354
274165912 -778182756
#r 0 0.1755467621
274165912 -777182756
#r 0 0.6240234981
272323029 -778509633
#r 0 4.5057998399
-30247511 -354320033
#r 0 0.2960998198
-30247511 -353320033
#r 0 0.2779066824
20311888 -338895979
#r 0 0.2965855382
196232884 -273237791
#r 0 5.6180067818
196232884 -272237791
#r 0 3.1893733112
195031327 -272295246
#r 0 5.6161198985
-43571381 -254057842
#r 0 5.4710084139
-43571381 -253057842
#r 0 5.4606100685
1438212 -301544972
#r 0 5.4224934553
245238934 77228773
#r 0 4.3667534589
245238934 76228773
#r 0 2.6626218940
244935571 76386310
#r 0 4.2358800634
691449954 36763389
#r 0 2.6566375207
691449954 35763389
#r 0 2.6983931464
710595939 26674884
#r 0 3.2013123480
305194638 -415436078
#r 0 5.7703633343
305194638 -414436078
#r 0 1.6846405327
305316844 -415504889
#r 0 0.4756510731
326597884 -216545057
#r 0 2.0903538522
326597884 -215545057
#r 0 3.9591938289
326242632 -215923959
#r 0 3.0975016978
48717586 -293671845
#r 0 1.0891782877
48717586 -292671845
#r 0 4.3332046084
47040747 -296880068
#r 0 0.7662281439
530625494 -89118625
#r 0 3.4205994739
530625494 -88118625
#r 0 1.9688938380
531000827 -89011100
#r 0 2.6838665283
42124448 645983829
#r 0 3.4145572809
42124448 644983829
#r 0 1.0179851170
42870246 646192617
#r 0 1.0171439080
-178491570 670902010
#r 0 3.6408610260
-178491570 669902010
#r 0 0.1364876004
-180942482 669565398
#r 0 6.1917198708
78464923 432039983
#r 0 5.0889628707
78464923 431039983
#r 0 4.4819211120
78612183 431667592
#r 0 1.7165156896
160031141 -417843750
#r 0 2.3447441782
160031141 -416843750
#r 0 2.5682485456
157381925 -415133160
#r 0 2.5583246711
-430166093 553065446
#r 0 3.7599803649
-430166093 552065446
#r 0 0.5715911901
-444815527 542642699
#r 0 3.7582331634
17710008 853207122
#r 0 0.4649562072
17710008 852207122
#r 0 5.3575856574
17163641 852933044
#r 0 4.7186067056
14875479 -715975258
#r 0 3.0033066237
14875479 -714975258
#r 0 3.0077136977
-207855954 -684976765
#r 0 6.1614554217
-415569731 -638404763
#r 0 4.6587457241
-415569731 -637404763
#r 0 6.0801216186
-415516623 -637415698
#r 0 0.7929488711
-773961145 -176289730
#r 0 0.1995592339
-773961145 -175289730
#r 0 0.8968834583
-774913641 -176482374
#r 0 0.2386958476
940988252 -325744210
#r 0 3.2478441386
940988252 -324744210
#r 0 3.2914576658
918437293 -328149340
#r 0 3.2686297374
-826089410 389315028
#r 0 5.6626339891
-826089410 388315028
#r 0 4.1797165777
-825674654 389018585
#r 0 4.1416587012
787581078 -76307990
#r 0 1.9152420335
787581078 -75307990
#r 0 4.7540029022
787628183 -76439295
#r 0 3.9091034263
-720594767 -54294382
#r 0 2.9433581791
-720594767 -53294382
#r 0 5.9600016140
-713135078 -55792829
#r 0 2.1123759649
594911311 732837332
#r 0 5.2280466875
594911311 731837332
#r 0 5.2251189635
0 0
#r 0 5.1344714640
288809318 -738112341
#r 0 4.4719139812
288809318 -737112341
#r 0 2.4873866029
289015724 -737270626
#r 0 1.6570416294
-344837829 -486706031
#r 0 4.8882068933
-344837829 -485706031
#r 0 0.1360655621
-345011263 -485729776
#r 0 0.2700737727
-62712054 -847301326
#r 0 6.1830548905
-62712054 -846301326
#r 0 0.3482176759
-64869661 -847084559
#r 0 1.9126730022
-250419138 -693493865
#r 0 6.2487229608
-250419138 -692493865
#r 0 6.2523393281
-526644673 -683970715
#r 0 5.8566964973
366755340 -91389671
#r 0 2.9722473135
366755340 -90389671
#r 0 2.9848599676
289559929 -78190572
#r 0 3.0078626055
961566412 68953195
#r 0 3.6698647091
961566412 67953195
#r 0 4.4087501011
961949855 69176972
#r 0 3.8677716467
597164501 -516317146
#r 0 5.5137325359
597164501 -515317146
#r 0 4.2909589349
596851934 -516014391
#r 0 4.2756302327
-877313621 -335845740
#r 0 5.9131477488
-877313621 -334845740
#r 0 1.8475005276
-876994474 -335969539
#r 0 0.9221177833
-380835327 -806301119
#r 0 0.2724161007
-380835327 -805301119
#r 0 2.0814915805
-380350880 -806165783
#r 0 5.4443609937
822465216 -184570263
#r 0 4.8126151019
822465216 -183570263
#r 0 4.8091039047
825217007 -211934097
#r 0 4.7863091466
186036512 447263379
#r 0 4.3261591295
186036512 446263379
#r 0 1.6244666503
185989059 447146688
#r 0 1.4144750509
-324336703 -906969741
#r 0 5.8590146038
-324336703 -905969741
#r 0 2.0746455428
-323602636 -907301234
#r 0 5.8428688596
-23877194 30146238
#r 0 2.5188000031
-23877194 29146238
#r 0 4.1141895001
-23419631 29817647
#r 0 1.2247524727
-646955563 126488175
#r 0 6.1051393966
-646955563 125488175
#r 0 1.1050936495
-646494674 126405237
#r 0 0.2627999930
647455009 119171730
#r 0 1.5652892645
647455009 118171730
#r 0 1.8182225311
647449619 118193066
#r 0 2.5237414578
-614105525 708095676
#r 0 4.9510642898
-614105525 707095676
#r 0 4.2431519482
-613941113 707419955
#r 0 5.7764029724
-144601442 -246545691
#r 0 3.6091236997
-144601442 -245545691
#r 0 0.1564714895
-141720450 -245091183
#r 0 3.6162457923
-755786970 456770808
#r 0 0.0666506311
-755786970 455770808
#r 0 0.0541727322
-835635493 451440959
#r 0 0.2866559978
-942398078 -178453409
#r 0 1.7780652010
-942398078 -177453409
#r 0 0.1234548441
-942603019 -177478839
#r 0 0.1278539595
711522906 98276513
#r 0 3.4562346710
711522906 97276513
#r 0 2.4020241879
710714990 98013574
#r 0 2.2241575744
-865732126 -389513957
#r 0 1.6697855071
-865732126 -388513957
#r 0 0.2141718895
-865829340 -388535102
#r 0 1.8604378925
457994694 -775492143
#r 0 2.7354904339
457994694 -774492143
#r 0 2.7634723121
427479070 -762370274
#r 0 2.7337564003
223679184 -734348721
#r 0 3.5546067248
223679184 -733348721
#r 0 3.5591032672
37482339 -815943783
#r 0 0.4270458842
590989480 604339845
#r 0 0.8545431518
590989480 603339845
#r 0 2.5592609069
590436176 603704199
#r 0 0.8443408288
33739637 326385330
#r 0 5.8692131332
33739637 325385330
#r 0 5.4893264592
32008647 327145861
#r 0 2.5658132899
107088828 -31836439
#r 0 3.1490802201
107088828 -30836439
#r 0 6.0084475684
110544812 -31810562
#r 0 0.1361909627
-86557720 15314172
#r 0 4.6365155731
-86557720 14314172
#r 0 1.3461836375
-86671647 13815516
#r 0 6.1870930392
187576655 288198927
#r 0 5.2366831867
187576655 287198927
#r 0 1.8265989951
187099180 289024612
#r 0 3.1325813079
376013911 294524797
#r 0 5.2222607972
376013911 293524797
#r 0 2.5131710230
376955886 292840264
#r 0 4.4347705643
278966036 620220652
#r 0 2.0903278710
278966036 619220652
#r 0 2.8140785779
279675918 618979470
#r 0 1.2544958317
-721859489 -551390151
#r 0 0.3880647843
-721859489 -550390151
#r 0 0.7714190912
-723633699 -552115438
#r 0 1.1218769433
388898961 -22604958
#r 0 2.5704143974
388898961 -21604958
#r 0 2.5825349569
330056468 15209119
#r 0 5.7044671034
-862956667 140643757
#r 0 1.6629480312
-862956667 139643757
#r 0 0.0568498237
-862864737 139648989
#r 0 5.6464095916
-64393835 -548376194
#r 0 1.9842274361
-64393835 -547376194
#r 0 1.4310070572
-64500373 -548133354
#r 0 2.3717713753
-682022435 430113840
#r 0 5.2872729401
-682022435 429113840
#r 0 0.2952875867
-681481214 429278469
#r 0 4.8821362664
129522077 617343422
#r 0 0.6726510755
129522077 616343422
#r 0 0.4912179654
125699808 614298685
#r 0 0.7834774610
-709725211 -135667791
#r 0 0.9743806271
-709725211 -134667791
#r 0 1.9477664441
-709475140 -135299437
#r 0 2.6784660389
882172595 169931446
#r 0 1.9254198290
882172595 168931446
#r 0 4.3299973596
882365382 169410790
#r 0 2.1782201465
29768177 179516482
#r 0 0.8861024812
29768177 178516482
#r 0 1.0827488187
31285981 181375500
#r 0 3.7693766556
258981388 553416150
#r 0 2.3359933037
258981388 552416150
#r 0 2.3301758340
177005450 638772866
#r 0 2.3412186273
867622611 474026919
#r 0 2.5712550787
867622611 473026919
#r 0 3.7791018893
868346135 473562818
#r 0 2.5485433819
494169261 705240858
#r 0 0.7625767127
494169261 704240858
#r 0 0.8010017210
507269159 717756081
#r 0 3.8971252205
122469093 -725635014
#r 0 4.6196956797
122469093 -724635014
#r 0 4.6210627489
116294227 -792060216
#r 0 1.4908282035
-603116602 -663308573
#r 0 5.9084807974
-603116602 -662308573
#r 0 5.9303453348
-643060503 -647599222
#r 0 5.9225496816
-145539966 -887360284
#r 0 0.0987725702
-145539966 -886360284
#r 0 0.1030510184
-376897160 -910286634
#r 0 6.0829341610
682414660 608429595
#r 0 1.1411081483
682414660 607429595
#r 0 1.1504448746
700622754 648164119
#r 0 3.0130951258
-490982295 -354183775
#r 0 3.1076211576
-490982295 -353183775
#r 0 4.3950736966
-491307083 -354172737
#r 0 0.3455795132
-802812116 -220135267
#r 0 5.4879165799
-802812116 -219135267
#r 0 5.5001675182
-843317571 -178822191
#r 0 5.3530753331
250470454 471718324
#r 0 2.2694888687
250470454 470718324
#r 0 4.9250106573
250179900 472064198
#r 0 1.3236318582
439852827 37625603
#r 0 3.2865809973
439852827 36625603
#r 0 1.5252278162
439898733 37632306
#r 0 1.5316602414
-160210028 -311873695
#r 0 3.0012861244
-160210028 -310873695
#r 0 5.0546707680
-159834841 -311926684
#r 0 2.9848554034
378118500 -176315695
#r 0 2.3829037300
378118500 -175315695
#r 0 5.9088755290
376317118 -174608059
#r 0 4.8652177692
-866575725 -214630372
#r 0 5.6729103585
-866575725 -213630372
#r 0 1.5955480392
-866550532 -214647990
#r 0 5.6856625690
135413484 36622920
#r 0 5.6722414970
135413484 35622920
#r 0 5.3309040094
133994686 37616539
#r 0 2.9392565691
133848038 926203271
#r 0 4.3637716780
133848038 925203271
#r 0 4.3370374189
129163231 913313883
#r 0 4.3043855235
152317393 -838586251
#r 0 2.1162378107
152317393 -837586251
#r 0 2.1331012564
135914900 -811557369
#r 0 2.0990008843
866394399 -388688067
#r 0 3.5314709572
866394399 -387688067
#r 0 2.1143219065
866878448 -388489165
#r 0 3.5497799935
-110683473 -855371776
#r 0 3.6160042518
-110683473 -854371776
#r 0 2.1447926602
-110198043 -855122494
#r 0 1.1147702956
-778756986 -564076853
#r 0 0.2214325101
-778756986 -563076853
#r 0 1.1319546628
-779281808 -564195003
#r 0 1.0418197154
-737950047 -439455128
#r 0 6.1234736843
-737950047 -438455128
#r 0 0.9566593467
-738583226 -439353133
#r 0 0.2762437580
-609784449 -471338019
#r 0 6.2692581763
-609784449 -470338019
#r 0 6.2564958685
-531462091 -472428895
#r 0 6.2308084085
-23189346 649857189
#r 0 1.0368708353
-23189346 648857189
#r 0 5.3140068820
-23506998 649319891
#r 0 4.1644993946
919027675 186956176
#r 0 3.5102055629
919027675 185956176
#r 0 4.3239130066
919513801 187143951
#r 0 2.1060982932
-462062882 -817316296
#r 0 1.1276942511
-462062882 -816316296
#r 0 1.1310380276
0 0
#r 0 6.1952720318
-122964257 -333624352
#r 0 6.2785757694
-122964257 -332624352
#r 0 2.2659908177
-122126931 -333628212
#r 0 4.7291661437
-340634393 559951828
#r 0 5.1142355238
-340634393 558951828
#r 0 0.3038167106
-340259387 559069401
#r 0 6.1964669376
-909594700 -252680642
#r 0 5.7648497188
-909594700 -251680642
#r 0 5.8785813130
-916630856 -248667543
#r 0 5.8906678797
43912064 302995607
#r 0 3.4058340955
43912064 301995607
#r 0 1.4245017501
44065530 303037130
#r 0 6.1160433156
117420708 890129395
#r 0 1.0684119506
117420708 889129395
#r 0 1.1057986615
123197422 900643935
#r 0 1.0881666209
-468178342 -347725758
#r 0 5.4915884050
-468178342 -346725758
#r 0 4.8311591105
-468042611 -347863182
#r 0 4.8443543354
71200613 -222501511
#r 0 4.3820484411
71200613 -221501511
#r 0 0.4808776000
71618232 -221283628
#r 0 0.4783498843
-243623499 -789879633
#r 0 0.6586429459
-243623499 -788879633
#r 0 4.5789445357
-243773305 -789995573
#r 0 4.5847726770
-769324329 107708350
#r 0 5.5876605786
-769324329 106708350
#r 0 2.2151352008
-771339069 109389986
#r 0 0.2114790469
635566251 196520845
#r 0 2.9125285938
635566251 195520845
#r 0 1.5453746433
635591528 196514951
#r 0 3.7831758029
195202581 -473800941
#r 0 3.9096244999
195202581 -472800941
#r 0 5.3760823648
195648102 -473370632
#r 0 1.9342413929
308865562 -904406367
#r 0 2.7288326771
308865562 -903406367
#r 0 2.7586300667
280346682 -891917479
#r 0 2.7364599003
710295145 -265660052
#r 0 3.8652368052
710295145 -264660052
#r 0 3.8678891185
499053223 -452299897
#r 0 0.3047575305
-659887626 -690524746
#r 0 1.8278376615
-659887626 -689524746
#r 0 1.3310979918
-660014271 -690042941
#r 0 2.0157550465
582191960 -738122481
#r 0 3.8559845164
582191960 -737122481
#r 0 1.6216051807
582240665 -738080244
#r 0 3.2332481836
619956929 619639294
#r 0 4.9684592442
619956929 618639294
#r 0 2.4515350923
620290929 618363600
#r 0 1.1611159763
279378978 182926265
#r 0 6.2153915089
279378978 181926265
#r 0 4.5400163924
279551044 182914582
#r 0 2.5749794110
-31041134 -356688329
#r 0 0.3313614342
-31041134 -355688329
#r 0 3.7740190596
-33613211 -357573244
#r 0 4.4763349825
531322273 778893238
#r 0 5.4311096100
531322273 777893238
#r 0 4.2865597788
531620978 778551785
#r 0 4.2962588454
-409016762 -551302065
#r 0 5.9696914718
-409016762 -550302065
#r 0 0.4503702172
-410254852 -550900696
#r 0 0.4062589810
-242530425 -410578653
#r 0 6.1910855589
-242530425 -409578653
#r 0 2.3363420428
-241475743 -410676064
#r 0 0.2621232184
280793211 -921368331
#r 0 1.7231287866
280793211 -920368331
#r 0 2.1692697492
280595083 -920077777
#r 0 3.1555672413
730390034 137322819
#r 0 3.0470811948
730390034 136322819
#r 0 3.4704689433
732683277 137105434
#r 0 4.3849755659
336241334 349827929
#r 0 0.4894970777
336241334 348827929
#r 0 5.2617151535
335779707 349582001
#r 0 0.4918843168
182629508 -60733374
#r 0 0.9840824644
182629508 -59733374
#r 0 0.9654489019
199537639 -35300223
#r 0 5.7751164210
-14583895 -391538609
#r 0 5.0358877459
-14583895 -390538609
#r 0 0.8674800769
-14824170 -390821962
#r 0 3.4263920128
-529968658 -541423045
#r 0 1.5649283097
-529968658 -540423045
#r 0 1.5696507039
-529970082 -541665635
#r 0 1.5501623054
-295721070 -115687762
#r 0 2.3475987790
-295721070 -114687762
#r 0 2.3437209636
-169499583 -244098045
#r 0 5.2843058696
-860392259 105310463
#r 0 1.8825780348
-860392259 104310463
#r 0 1.6620816439
-860520112 105707162
#r 0 1.9040940762
134282577 690186611
#r 0 3.1704303603
134282577 689186611
#r 0 3.1527687660
77686681 688554063
#r 0 3.2037057819
120775521 105317247
#r 0 5.3631115676
120775521 104317247
#r 0 5.4118995340
128772784 94813124
#r 0 3.0191327423
705482076 -427802156
#r 0 2.9328110863
705482076 -426802156
#r 0 1.8383063039
705773052 -427863805
#r 0 2.9495505057
67711290 -820628312
#r 0 0.7062880582
67711290 -819628312
#r 0 0.6884636720
100672875 -792508952
#r 0 0.6486112583
433987350 508403551
#r 0 3.1943885783
433987350 507403551
#r 0 1.9558900622
433590519 508382580
#r 0 4.2674552102
-118050258 19266698
#r 0 3.6079403901
-118050258 18266698
#r 0 5.9273639529
-119193090 18691420
#r 0 1.9230904073
-797637337 -148047045
#r 0 0.1907964703
-797637337 -147047045
#r 0 0.2017500760
-885458481 -165009338
#r 0 5.6795672084
-297627869 -312378482
#r 0 5.4340207299
-297627869 -311378482
#r 0 0.2483616408
-298347286 -311560924
#r 0 3.2455467173
526708312 738674488
#r 0 3.9675678381
526708312 737674488
#r 0 3.9331779706
512854676 723648354
#r 0 3.9266330413
902408713 326691638
#r 0 2.9106963535
902408713 325691638
#r 0 4.5962758198
902522238 326664950
#r 0 2.1009433725
194389026 724215994
#r 0 6.0064951097
194389026 723215994
#r 0 6.0136969971
323140403 687653920
#r 0 2.4411781687
479784988 -770379991
#r 0 4.6778956272
479784988 -769379991
#r 0 2.9132964698
479819221 -769387945
#r 0 4.6762582339
-131810955 348029062
#r 0 0.7703175773
-131810955 347029062
#r 0 4.2711792287
-130939265 348874850
#r 0 5.9833375289
586522933 -217901995
#r 0 5.0154207338
586522933 -216901995
#r 0 5.0264935735
578196096 -191269857
#r 0 5.4917755308
-187748036 23994930
#r 0 1.3391530773
-187748036 22994930
#r 0 1.3391008057
0 0
#r 0 4.9972312352
352205545 -810872443
#r 0 0.7929857987
352205545 -809872443
#r 0 2.4664704941
352756231 -810313336
#r 0 0.4406853467
-281264150 625950435
#r 0 0.1844370059
-281264150 624950435
#r 0 3.6579785571
-278640963 626439809
#r 0 4.4081478522
805993669 -555805939
#r 0 3.8738667138
805993669 -554805939
#r 0 3.8639462999
862235103 -505243698
#r 0 2.7434391983
109176579 830254230
#r 0 1.3307199960
109176579 829254230
#r 0 5.7585307012
108962160 829378327
#r 0 5.5012557618
454603456 -115132683
#r 0 1.2690370615
454603456 -114132683
#r 0 5.5550795739
454847108 -114349902
#r 0 3.6281384905
-841858840 456991149
#r 0 4.4756745335
-841858840 455991149
#r 0 4.1768509834
-842265338 455306095
#r 0 4.1674724967
-394302774 -111391377
#r 0 3.2050031448
-394302774 -110391377
#r 0 0.4197185069
-396915518 -111557275
#r 0 0.4023599013
-44928054 515757560
#r 0 3.3949366306
-44928054 514757560
#r 0 0.0174967053
-49070410 514685075
#r 0 0.0241577233
-121117037 -740886462
#r 0 1.2070786650
-121117037 -739886462
#r 0 1.5702913288
-121117543 -740887790
#r 0 1.5556752904
-104972969 -794518837
#r 0 1.7263733745
-104972969 -793518837
#r 0 1.7341708966
-108205113 -773911526
#r 0 6.2626308358
-228728329 -70115130
#r 0 4.6322188973
-228728329 -69115130
#r 0 1.4726497049
-228291771 -64681400
#r 0 1.4703071307
211817052 -353830981
#r 0 3.0347326580
211817052 -352830981
#r 0 2.5029652008
213391498 -353999870
#r 0 2.8219637516
714039536 -444378998
#r 0 1.5802262069
714039536 -443378998
#r 0 2.6615160024
714030059 -443374063
#r 0 2.7903441039
210279624 -719446913
#r 0 6.1042192925
210279624 -718446913
#r 0 0.5473458461
209014379 -719218028
#r 0 2.6173365595
-252990652 907596128
#r 0 5.9071240426
-252990652 906596128
#r 0 5.7048994806
-256868599 909127346
#r 0 6.1260162178
-111775591 385835601
#r 0 2.1098779215
-111775591 384835601
#r 0 4.0446247700
-111435428 385266940
#r 0 2.1095354589
-751715650 246572132
#r 0 2.7511037094
-751715650 245572132
#r 0 2.7408674646
-834898483 280812398
#r 0 2.7831841882
734240015 -107718197
#r 0 4.3996721393
734240015 -106718197
#r 0 1.7186044698
734341962 -107402890
#r 0 4.9105973138
451097033 876365304
#r 0 3.8148996258
451097033 875365304
#r 0 3.8569643224
0 0
#r 0 1.8908956828
-213751703 -188883800
#r 0 0.9747320212
-213751703 -187883800
#r 0 4.4156701735
-214308313 -189704305
#r 0 1.6351105468
-871609781 -439190600
#r 0 1.8032356708
-871609781 -438190600
#r 0 0.1086291769
-871840542 -438215766
#r 0 1.8086666168
873731973 -187795839
#r 0 4.4617976744
873731973 -186795839
#r 0 4.4664879230
860861586 -238076314
#r 0 4.5256049241
476321941 -514170025
#r 0 3.7839323252
476321941 -513170025
#r 0 1.7452494051
476477653 -514053523
#r 0 5.8251236260
648529161 -258031637
#r 0 3.1413721420
648529161 -257031637
#r 0 3.1561212508
580733154 -258016687
#r 0 6.2753179251
-947200162 54478327
#r 0 1.5055390035
-947200162 53478327
#r 0 4.1903324302
-947273887 53350176
#r 0 4.1908809263
-72923073 965837855
#r 0 4.2266622810
-72923073 964837855
#r 0 5.2013762754
-73188069 965335885
#r 0 5.9152080386
533900477 -572149686
#r 0 0.1334052182
533900477 -571149686
#r 0 1.3727423664
533694238 -572177364
#r 0 0.6527473923
-787439174 -505763987
#r 0 0.9520012181
-787439174 -504763987
#r 0 1.1682112114
-788498535 -507251662
#r 0 0.3381068029
-244124713 -774407860
#r 0 0.5698952139
-244124713 -773407860
#r 0 4.5897138625
-244258584 -774493648
#r 0 0.3778395906
912688030 366379819
#r 0 2.2039741619
912688030 365379819
#r 0 4.2375788224
912990344 365967943
#r 0 2.6424344718
65744808 676218049
#r 0 1.3056116274
65744808 675218049
#r 0 1.3069089809
118437997 870241985
#r 0 1.3395960689
-530446177 836542796
#r 0 4.7554722179
-530446177 835542796
#r 0 5.5260390896
-530401236 835500325
#r 0 4.7536977573
-415563059 -298865844
#r 0 0.0041090716
-415563059 -297865844
#r 0 2.2698130729
-414725344 -298862402
#r 0 2.0972273636
-886033412 -228132643
#r 0 1.0387549491
-886033412 -227132643
#r 0 1.9631149186
-885790433 -227719878
#r 0 1.6460103997
-277974413 -935647969
#r 0 0.0818252238
-277974413 -934647969
#r 0 6.2819333122
-265963891 -934663006
#r 0 6.2781614129
200104270 740576328
#r 0 5.4877922064
200104270 739576328
#r 0 6.1273971605
201262842 739394362
#r 0 5.4664034015
-138670661 -326693416
#r 0 2.8852464532
-138670661 -325693416
#r 0 6.2338401864
-143371505 -325461264
#r 0 1.8457730220
-420259027 -893966584
#r 0 6.0311486639
-420259027 -892966584
#r 0 0.2157305010
-422356989 -893426333
#r 0 2.0134561862
-798050443 -196980374
#r 0 0.1290563796
-798050443 -195980374
#r 0 1.2141353305
-798441971 -197031186
#r 0 0.8777611211
-402542994 -134498653
#r 0 0.5111216179
-402542994 -133498653
#r 0 0.6163586138
-409318348 -138298490
#r 0 2.9541474706
508744237 816338581
#r 0 3.4821123783
508744237 815338581
#r 0 3.4200627694
494129285 811160186
#r 0 2.8675134261
-397593185 913590386
#r 0 6.1315743065
-397593185 912590386
#r 0 5.0125257671
-397918031 913640017
#r 0 6.0651071508
-443314379 -868631678
#r 0 5.9331623559
-443314379 -867631678
#r 0 1.4190178049
-443459245 -868578794
#r 0 1.4134780256
-533147680 613971414
#r 0 5.8157806221
-533147680 612971414
#r 0 4.5767149248
-533019967 613906956
#r 0 4.5713113478
-770932227 -336799630
#r 0 1.7493839892
-770932227 -335799630
#r 0 6.1508761095
-771117181 -335775015
#r 0 0.6942041507
-313801222 -169811900
#r 0 1.3073729929
-313801222 -168811900
#r 0 4.0916805587
-313368193 -168206247
#r 0 0.9880286027
396351162 236536477
#r 0 4.0971254467
396351162 235536477
#r 0 4.0888077807
355829910 179204486
#r 0 6.1620796160
653214263 -656222690
#r 0 3.9190848760
653214263 -655222690
#r 0 2.4669734095
653774766 -655670980
#r 0 0.3264892663
-126037657 252119065
#r 0 0.1476082561
-126037657 251119065
#r 0 4.4255961855
-125729208 252164928
#r 0 4.4185788798
795662488 -210263076
#r 0 5.0153021490
795662488 -209263076
#r 0 4.7255226675
795676199 -210306946
#r 0 3.3776950578
-552602322 134431660
#r 0 0.5223586042
-552602322 133431660
#r 0 0.7293127131
-549457497 136242129
#r 0 0.5378980709
-25074801 475442830
#r 0 5.3747205292
-25074801 474442830
#r 0 3.3697492399
-24414518 474596148
#r 0 0.7396962253
-581753711 58339560
#r 0 2.4476047325
-581753711 57339560
#r 0 5.7918408969
-578386100 55537496
#r 0 5.0327808701
-123676106 -141587957
#r 0 1.6989031387
-123676106 -140587957
#r 0 1.6959713554
-118235649 -183823516
#r 0 3.8748168095
-770394741 -202777594
#r 0 2.3758003265
-770394741 -201777594
#r 0 5.4660915627
-760774853 -212027477
#r 0 2.3861360417
226219170 40973701
#r 0 5.9834704891
226219170 39973701
#r 0 1.8687558172
225879868 41078553
#r 0 5.9692957663
-730767039 -317649186
#r 0 5.7934638088
-730767039 -316649186
#r 0 1.1137431921
-731156683 -317441494
#r 0 1.8001570905
313987082 -595303530
#r 0 0.3434621996
313987082 -594303530
#r 0 3.8971305768
312275800 -595915548
#r 0 0.5176413961
422385780 609464897
#r 0 2.6595155626
422385780 608464897
#r 0 0.9219297504
422928730 609180796
#r 0 2.4556079915
-283682688 -708434606
#r 0 4.7911758005
-283682688 -707434606
#r 0 1.4878683001
-283723178 -707921746
#r 0 1.8250893310
-165174039 -771223105
#r 0 4.1789089444
-165174039 -770223105
#r 0 4.1679600083
-141117862 -730491436
#r 0 1.0189830168
-595802012 -385074130
#r 0 0.8485219050
-595802012 -384074130
#r 0 5.3434718649
-595402548 -384620761
#r 0 5.3605254843
277214466 -802769623
#r 0 2.8795863173
277214466 -801769623
#r 0 3.0175581014
270245652 -800900789
#r 0 4.4782296813
-49223034 10182434
#r 0 5.9050494324
-49223034 9182434
#r 0 2.3039329850
-50625283 10739481
#r 0 5.9161252171
606551053 -19018638
#r 0 5.3393039132
606551053 -18018638
#r 0 4.7922370938
606641008 -19142816
#r 0 1.8946573516
-355498144 909755308
#r 0 0.0120240677
-355498144 908755308
#r 0 4.5094981347
-355291912 909757788
#r 0 4.2979188208
47076853 -733059593
#r 0 2.9188831055
47076853 -732059593
#r 0 5.6715223896
49182423 -733536433
#r 0 5.6808173085
-374230082 240356462
#r 0 3.6849305498
-374230082 239356462
#r 0 4.3215068373
-373681445 240687826
#r 0 5.2100143929
57914385 673072022
#r 0 0.9388140994
57914385 672072022
#r 0 0.9754131988
66968687 685438666
#r 0 0.9164813396
-434227853 -134865342
#r 0 5.5596238513
-434227853 -133865342
#r 0 2.9732424039
-435629533 -133627114
#r 0 1.1052612661
-803935016 3201268
#r 0 1.9292001390
-803935016 2201268
#r 0 6.2316825193
-803553059 2181579
#r 0 3.1471144622
612533705 664406426
#r 0 6.0031525878
612533705 663406426
#r 0 6.0314393053
645442344 654942239
#r 0 2.8979148369
-128789750 -864403732
#r 0 3.6322983901
-128789750 -863403732
#r 0 1.5256587702
-128836035 -864428462
#r 0 0.1962057045
49745228 181238661
#r 0 5.7320055595
49745228 180238661
#r 0 2.7005891272
56751829 176931496
#r 0 3.7246960553
582907428 511612935
#r 0 1.2225240713
582907428 510612935
#r 0 0.0483730828
582537860 510595044
#r 0 0.0660792021
616180789 -199370439
#r 0 2.6164880949
616180789 -198370439
#r 0 4.4126913603
615918704 -199218597
#r 0 4.4296136750
144982153 -279834439
#r 0 3.1791291348
144982153 -278834439
#r 0 2.2124091401
145708820 -279807150
#r 0 5.2378112381
-152837913 140842892
#r 0 3.9118557015
-152837913 139842892
#r 0 3.8574245825
-162792275 131185381
#r 0 0.7288659741
549838263 -730153584
#r 0 3.3305374229
549838263 -729153584
#r 0 1.4256482465
549687883 -730182340
#r 0 2.4196733431
-591139324 -247371007
#r 0 4.0267648231
-591139324 -246371007
#r 0 1.0609529015
-592906315 -249531127
#r 0 1.0768695201
-753947354 98952221
#r 0 0.2518055427
-753947354 97952221
#r 0 0.2580439448
-603843959 137568732
#r 0 0.2394184901
-98352464 -743450637
#r 0 1.3546704703
-98352464 -742450637
#r 0 2.0368437664
-98199622 -742754495
#r 0 2.0054764439
611104978 -524723090
#r 0 4.0005737948
611104978 -523723090
#r 0 1.3942055115
610879989 -524983890
#r 0 3.9976632331
-276948858 -364114257
#r 0 1.1695529074
-276948858 -363114257
#r 0 3.5494311888
-276429373 -362889806
#r 0 4.7325518158
-558362802 302376104
#r 0 5.0815916713
-558362802 301376104
#r 0 1.5303234402
-558326143 302281366
#r 0 1.5339074769
-267275647 10250653
#r 0 5.4664387501
