701687785 -541700890
#r 0 2.7040362450
701687785 -540700890
#r 0 3.0812898163
699233332 -540552700
#r 0 1.4790820555
-499127383 633119407
#r 0 2.0125418027
-499127383 632119407
#r 0 2.0272919533
-486350629 606102365
#r 0 4.3757653749
-483608482 -622730427
#r 0 1.8051567763
-483608482 -621730427
#r 0 1.0503803311
-483777020 -622024501
#r 0 1.0299413768
-400050622 -282770132
#r 0 1.4258108761
-400050622 -281770132
#r 0 0.3699938536
-399895847 -281710102
#r 0 1.0305107320
301295572 728310821
#r 0 0.5004926762
301295572 727310821
#r 0 0.5776498789
310830976 733526137
#r 0 4.8045330579
538670319 187274473
#r 0 3.6535998994
538670319 186274473
#r 0 0.9654417659
539802778 187910911
#r 0 5.0677534219
-356518068 -65592954
#r 0 5.8854799969
-356518068 -64592954
#r 0 5.6153674003
-353805230 -66732593
#r 0 5.1705422979
-276446552 932869643
#r 0 4.7015310360
-276446552 931869643
#r 0 3.5379734460
-276457460 931865078
#r 0 4.9380207602
-550539604 -271667289
#r 0 1.9327151768
-550539604 -270667289
#r 0 4.4756706650
-550686954 -271278087
#r 0 2.8690132067
-618319202 -169265767
#r 0 4.8962143917
-618319202 -168265767
#r 0 5.9879093363
-618516271 -168205825
#r 0 6.0665118552
755102565 -188650360
#r 0 2.1156681981
755102565 -187650360
#r 0 2.7758659358
754313309 -187348110
#r 0 4.4278978409
380790345 -501424583
#r 0 2.2801064194
380790345 -500424583
#r 0 1.3362336294
380603423 -501206809
#r 0 0.5928545501
-579009961 358478730
#r 0 5.5694356992
-579009961 357478730
#r 0 1.4821393001
-578927425 358407248
#r 0 5.9520873555
299350043 -849072587
#r 0 3.4311177622
299350043 -848072587
#r 0 2.7047655351
300657564 -848683082
#r 0 2.5218520020
547958642 -796389549
#r 0 1.3456591008
547958642 -795389549
#r 0 1.2677640254
548814739 -792651455
#r 0 2.0429054827
120566706 -818818612
#r 0 3.2024514859
120566706 -817818612
#r 0 3.1419490871
137074445 -817812728
#r 0 3.2645298250
137093106 -178832048
#r 0 4.0170104524
137093106 -177832048
#r 0 0.9968494897
134221435 -182273571
#r 0 1.1240325416
-671832205 450572368
#r 0 3.9806855388
-671832205 449572368
#r 0 4.4849532846
-671520404 450919589
#r 0 3.5379724457
-468532303 -84888903
#r 0 4.9134475536
-468532303 -83888903
#r 0 1.5833550371
-468518919 -84954572
#r 0 0.7653724823
242220329 -192797614
#r 0 6.0535804215
242220329 -191797614
#r 0 5.9445554616
250661327 -194770500
#r 0 6.0752307150
474168597 127670696
#r 0 3.5538024610
474168597 126670696
#r 0 1.3697821311
474392294 127768510
#r 0 1.0770057357
595496296 -707793242
#r 0 2.3372467709
595496296 -706793242
#r 0 2.7984303820
594028585 -706268831
#r 0 2.2655332572
677928845 -196320030
#r 0 1.9616058506
677928845 -195320030
#r 0 1.9403427030
684400227 -212027210
#r 0 1.9533187973
134234208 -184258840
#r 0 6.1960947024
134234208 -183258840
#r 0 3.1049906549
114507661 -182536486
#r 0 6.0959330185
-222667336 -46611794
#r 0 3.9002021627
-222667336 -45611794
#r 0 3.9418039733
-234823077 -58133107
#r 0 3.9826619103
219528894 970092025
#r 0 5.6828865537
219528894 969092025
#r 0 4.1493936304
219969610 969790322
#r 0 3.9432845838
-384209398 -106897359
#r 0 3.6864090189
-384209398 -105897359
#r 0 5.2043342174
-383804876 -106652220
#r 0 6.0423285072
615373946 -411111791
#r 0 5.1371707876
615373946 -410111791
#r 0 5.1017961858
619797760 -420892060
#r 0 3.2587080685
326662212 790338362
#r 0 3.8493301432
326662212 789338362
#r 0 0.2810410585
324898296 788829152
#r 0 3.2718276235
340630368 -61653550
#r 0 4.3267578509
340630368 -60653550
#r 0 1.4218092559
340392213 -62240202
#r 0 2.0096063588
-936931568 -253662529
#r 0 1.9544360213
-936931568 -252662529
#r 0 1.9186079791
-933370013 -262486139
#r 0 1.8574634598
-55698254 -527054964
#r 0 0.4183671040
-55698254 -526054964
#r 0 3.9321149161
-57466020 -527840940
#r 0 2.8996535240
-176767589 -188188183
#r 0 1.1083625485
-176767589 -187188183
#r 0 1.5730413948
-176765354 -188183699
#r 0 3.7150035256
133207554 429148051
#r 0 5.2181218235
133207554 428148051
#r 0 3.3843004553
133694553 428268626
#r 0 1.2858917422
420725815 -425022251
#r 0 6.1114618562
420725815 -424022251
#r 0 6.1234283690
339434947 -410923847
#r 0 2.7494958091
-984543034 144270826
#r 0 0.8529224194
-984543034 143270826
#r 0 0.8946970905
-974687015 155556602
#r 0 4.8219737784
366737756 485628537
#r 0 2.4842518319
366737756 484628537
#r 0 2.5679407090
374691953 479489068
#r 0 5.0433413367
-649282821 -270779598
#r 0 5.3408126179
-649282821 -269779598
#r 0 5.4631894519
-652568264 -266258573
#r 0 4.5110210100
411724544 245564399
#r 0 3.1510745337
411724544 244564399
#r 0 1.6492343211
411646003 245563654
#r 0 4.8517532832
795592083 -315379132
#r 0 3.7064682319
795592083 -314379132
#r 0 1.5233321368
795543109 -315410170
#r 0 3.7649370160
-521849662 466816098
#r 0 5.4871661772
-521849662 465816098
#r 0 5.8939557372
-520213847 465145161
#r 0 4.2315951695
-558514126 -706353026
#r 0 0.9501867492
-558514126 -705353026
#r 0 1.9609490516
-558253073 -705987830
#r 0 1.9505077621
-218018041 -776753981
#r 0 2.7738222253
-218018041 -775753981
#r 0 2.6805340970
-209046814 -780210598
#r 0 1.6789724944
517252615 315449462
#r 0 0.5231602428
517252615 314449462
#r 0 4.4264311592
517606671 315653669
#r 0 2.8719250153
-836634468 79323631
#r 0 5.8799517021
-836634468 78323631
#r 0 3.4678102632
-835327132 78765908
#r 0 1.8734131745
-478957491 -425697431
#r 0 2.8826218294
-478957491 -424697431
#r 0 5.3198925347
-478105336 -425923184
#r 0 2.9112871999
744680137 283363242
#r 0 1.6855386792
744680137 282363242
#r 0 2.6813346357
744802370 282302643
#r 0 2.7935185328
787479252 -388621533
#r 0 3.0978484546
787479252 -387621533
#r 0 3.3179509667
782974379 -388424345
#r 0 3.1456368266
734374273 161323653
#r 0 2.2711374152
734374273 160323653
#r 0 1.5644270359
734380595 161316153
#r 0 3.3623654178
-835925574 -325109799
#r 0 6.0014303671
-835925574 -324109799
#r 0 4.3385631783
-836277846 -325007832
#r 0 0.3047509352
191098699 -491490599
#r 0 0.0737092167
191098699 -490490599
#r 0 0.8570932256
190173550 -491558915
#r 0 0.1506152372
76967052 -918743877
#r 0 2.9571211948
76967052 -917743877
#r 0 3.0326883737
64023069 -916328622
#r 0 2.9180764937
-458212991 -390070259
#r 0 3.4792590392
-458212991 -389070259
#r 0 3.3907638436
-447866825 -386437581
#r 0 3.2157383690
-561441965 -303326039
#r 0 3.3953727684
-561441965 -302326039
#r 0 4.6829077442
-561471682 -303333747
#r 0 4.8527095760
-143029320 -288205830
#r 0 2.9580781601
-143029320 -287205830
#r 0 4.6523146908
-143088803 -288194790
#r 0 1.9377143273
-217724255 370576245
#r 0 4.8442857606
-217724255 369576245
#r 0 3.7074566720
-217601898 369653960
#r 0 3.9830756279
231282029 -813119927
#r 0 0.8690169343
231282029 -812119927
#r 0 2.6091688514
231846318 -812452394
#r 0 1.4597766872
-173650117 941397434
#r 0 3.4855868106
-173650117 940397434
#r 0 4.4044942084
-173291223 941526003
#r 0 4.4384562764
-974261600 -135035256
#r 0 4.9618910990
-974261600 -134035256
#r 0 4.9320999353
-972454893 -142125618
#r 0 1.4600554279
-219071864 876570219
#r 0 4.9931633023
-219071864 875570219
#r 0 5.4009846406
-218627892 875030748
#r 0 4.6507393255
841216372 -245702053
#r 0 3.1424387163
841216372 -244702053
#r 0 1.7852494711
841434134 -245701869
#r 0 1.7441258751
-554460271 622376857
#r 0 0.4969252817
-554460271 621376857
#r 0 1.4673303022
-554350238 622436530
#r 0 1.4342258032
-710372218 -603481641
#r 0 0.1923386126
-710372218 -602481641
#r 0 1.6309225264
-710312717 -603470053
#r 0 1.5778131745
57367412 137137296
#r 0 1.0841006332
57367412 136137296
#r 0 3.6967769934
56579736 135648731
#r 0 5.3177826169
350298717 99524416
#r 0 4.3542334857
350298717 98524416
#r 0 3.7574733247
349789541 98164068
#r 0 3.7360021532
124361302 -505132095
#r 0 0.5505499852
124361302 -504132095
#r 0 1.1130994241
123655212 -505565537
#r 0 1.2472437549
-544744435 413022941
#r 0 4.0569013253
-544744435 412022941
#r 0 0.0352629379
-545534773 411995060
#r 0 3.8177788344
-119196968 -904270036
#r 0 0.7854372661
-119196968 -903270036
#r 0 0.5586466274
-116530390 -901603249
#r 0 2.3933730449
-804414631 -463783652
#r 0 2.1290779257
-804414631 -462783652
#r 0 0.3747092444
-804916029 -462980847
#r 0 2.1127287120
551441948 -761356956
#r 0 1.7549905764
551441948 -760356956
#r 0 1.6714896517
551662696 -762541826
#r 0 1.7343504582
27156741 -865736728
#r 0 4.3200146121
27156741 -864736728
#r 0 2.7165294631
27505283 -864894499
#r 0 2.6635874340
940217810 -146619311
#r 0 2.7827672647
940217810 -145619311
#r 0 3.0560782240
936761656 -145323037
#r 0 3.1245630143
-914055295 46387478
#r 0 3.5499342254
-914055295 45387478
#r 0 3.5610643545
-838743479 78971957
#r 0 3.5258210234
-936955659 -34943340
#r 0 1.8516431455
-936955659 -33943340
#r 0 5.4926791260
-937362779 -33532040
#r 0 1.7359411126
-369379595 277222742
#r 0 0.3276810150
-369379595 276222742
#r 0 0.3456607678
-319832850 294065458
#r 0 3.4995470033
-821124475 11788443
#r 0 0.2010922704
-821124475 10788443
#r 0 0.1805585776
-868071114 2218491
#r 0 1.5637141470
-490967586 616064171
#r 0 5.7157797655
-490967586 615064171
#r 0 0.4866208220
-490110225 615517763
#r 0 5.6963386365
-678074763 -588467848
#r 0 5.7318807661
-678074763 -587467848
#r 0 1.1146882495
-678451670 -588236088
#r 0 0.6765879681
217643120 -215305082
#r 0 0.9421788328
217643120 -214305082
#r 0 1.6716463061
217731949 -215182896
#r 0 0.2066602772
-682169509 -158834214
#r 0 0.9415820066
-682169509 -157834214
#r 0 1.6756353851
-682077574 -158707914
#r 0 1.6376939124
557597791 508080141
#r 0 3.4241196717
557597791 507080141
#r 0 5.8065985057
556357977 507720233
#r 0 1.3450410151
639262792 -399950495
#r 0 0.1425912170
639262792 -398950495
#r 0 0.2262004636
627711917 -401608803
#r 0 2.3336664221
61684808 -566926225
#r 0 2.8060267614
61684808 -565926225
#r 0 3.6194819219
60530988 -566523824
#r 0 3.1096779797
523190902 523430949
#r 0 4.1774654925
523190902 522430949
#r 0 4.0094253772
521220442 520105558
#r 0 4.2819145591
-97120665 -106773775
#r 0 5.8263657503
-97120665 -105773775
#r 0 4.7991443749
-97029807 -106818431
#r 0 3.2283849931
-565009351 514254679
#r 0 5.0452766275
-565009351 513254679
#r 0 4.7187000534
-565015779 514273272
#r 0 0.7001251419
334580786 -482417867
#r 0 2.0722111922
334580786 -481417867
#r 0 2.0177794923
338399689 -489384876
#r 0 0.3069348638
-302732954 278207160
#r 0 0.0742901288
-302732954 277207160
#r 0 2.9044797097
-305896650 277971695
#r 0 3.0187315983
-258338693 -552221732
#r 0 2.2332964341
-258338693 -551221732
#r 0 0.4530968040
-258904068 -551497002
#r 0 2.8112939181
-571070279 -284224233
#r 0 4.8662626718
-571070279 -283224233
#r 0 4.0168868682
-571201073 -283380942
#r 0 4.7338308102
481874853 641887316
#r 0 4.4611708250
481874853 640887316
#r 0 4.8744064820
481774999 641498232
#r 0 3.5047022953
-479273610 -106822827
#r 0 2.4480758132
-479273610 -105822827
#r 0 4.4377265643
-479501916 -106633044
#r 0 4.5271702668
-4238218 -621301856
#r 0 2.6239635708
-4238218 -620301856
#r 0 2.1598439416
-3159692 -621915988
#r 0 2.5163082248
-213551122 -22815755
#r 0 0.4121992318
-213551122 -21815755
#r 0 3.7891754612
-216684456 -24185800
#r 0 0.2851437198
-874003763 -51756842
#r 0 3.9672221167
-874003763 -50756842
#r 0 0.0563032526
-873030546 -50701989
#r 0 0.5067173700
-191082364 -706539912
#r 0 3.6157104967
-191082364 -705539912
#r 0 0.4214427972
-175662867 -698627287
#r 0 1.4024706755
-712230836 221529366
#r 0 1.8327999495
-712230836 220529366
#r 0 1.7531992392
-712821703 223732712
#r 0 1.8309039957
-780382671 126943689
#r 0 0.8334327593
-780382671 125943689
#r 0 3.6876830159
-782410001 124711602
#r 0 5.3411432495
-236286024 -513307999
#r 0 4.5338601934
-236286024 -512307999
#r 0 1.6861001739
-236215482 -512917077
#r 0 2.7101307309
432125842 146983063
#r 0 3.5312154252
432125842 145983063
#r 0 2.4136836597
431357659 146667636
#r 0 3.8627049793
-261116530 -918750953
#r 0 2.3532563456
-261116530 -917750953
#r 0 1.7359793791
-260916243 -918952420
#r 0 1.7037296804
118024946 613168088
#r 0 4.0811778941
118024946 612168088
#r 0 4.0608558828
100414543 589076303
#r 0 5.6486954750
-464226731 -787773296
#r 0 6.1620764577
-464226731 -786773296
#r 0 0.6678355151
-465325099 -787639620
#r 0 1.6254751245
-243669211 -909135288
#r 0 0.4482850943
-243669211 -908135288
#r 0 2.5148821273
-242839356 -908736176
#r 0 2.4350742012
-477273716 873997373
#r 0 5.6267803046
-477273716 872997373
#r 0 5.6234100573
-723337552 322551553
#r 0 4.7612469801
-723337552 321551553
#r 0 4.8146431289
-723244144 320641252
#r 0 4.7548650385
-109826943 -461038229
#r 0 3.9249820658
-109826943 -460038229
#r 0 3.9428291710
-137452261 -488552785
#r 0 3.8632273408
273596302 -710435175
#r 0 3.4363641264
273596302 -709435175
#r 0 3.8419984166
271742272 -710998089
#r 0 0.5968549317
-495340295 -231301155
#r 0 0.6288271237
-495340295 -230301155
#r 0 4.4860487103
-495616912 -231502344
#r 0 1.6665143516
-335666797 -774290530
#r 0 0.3318409650
-335666797 -773290530
#r 0 3.8955985510
-337348815 -774870125
#r 0 0.5148964051
-44434562 -424288087
#r 0 4.8451274222
-44434562 -423288087
#r 0 1.9941704476
-44624309 -422867013
#r 0 3.2301192190
482272679 648017210
#r 0 1.5985252114
482272679 647017210
#r 0 3.4576581769
482300166 647026199
#r 0 3.4141820503
-848718430 -335529233
#r 0 4.5780934160
-848718430 -334529233
#r 0 4.5461393546
-848024906 -330396154
#r 0 1.9311633400
-538168394 -366123595
#r 0 3.2679420582
-538168394 -365123595
#r 0 0.8287043255
-539206206 -366255424
#r 0 0.7526320400
780704324 -493859950
#r 0 2.2406175892
780704324 -492859950
#r 0 1.5943645325
780728620 -493890628
#r 0 2.9049666083
101574837 -660299922
#r 0 0.4805160166
101574837 -659299922
#r 0 2.2885202197
102174833 -659987164
#r 0 4.3213269782
274165912 -778182756
#r 0 1.4612593380
274165912 -777182756
#r 0 2.3393013625
274264656 -777284894
#r 0 2.4099779144
-30247511 -354320033
#r 0 1.3656054998
-30247511 -353320033
#r 0 3.5657776673
-30017801 -353216296
#r 0 1.7137257187
196232884 -273237791
#r 0 0.7945319517
196232884 -272237791
#r 0 0.6547822723
200222376 -269174747
#r 0 2.4506822783
-43571381 -254057842
#r 0 0.0941076110
-43571381 -253057842
#r 0 2.6733879046
-41904981 -253900556
#r 0 3.2108409582
245238934 77228773
#r 0 5.7156861129
245238934 76228773
#r 0 6.0931146772
247485858 75796480
#r 0 6.0539437971
691449954 36763389
#r 0 5.4484796667
691449954 35763389
#r 0 5.4007226031
682515838 46625028
#r 0 3.6864587782
305194638 -415436078
#r 0 2.0823124492
305194638 -414436078
#r 0 2.1975218066
302697222 -410987139
#r 0 2.1688548275
326597884 -216545057
#r 0 2.8746334767
326597884 -215545057
#r 0 2.1170751188
327327141 -216744499
#r 0 2.7686518843
48717586 -293671845
#r 0 0.4520674373
48717586 -292671845
#r 0 0.8950214459
47404813 -294309337
#r 0 0.2643796422
530625494 -89118625
#r 0 4.7252804762
530625494 -88118625
#r 0 5.1976456108
530612279 -88093563
#r 0 1.5124669784
42124448 645983829
#r 0 4.9592620932
42124448 644983829
#r 0 4.8424693675
41852421 647063241
#r 0 4.8889607395
-178491570 670902010
#r 0 2.6798467428
-178491570 669902010
#r 0 2.1629893397
-179502855 671405251
#r 0 2.2644820909
78464923 432039983
#r 0 1.6961760007
78464923 431039983
#r 0 3.6449902278
78582783 431104891
#r 0 3.6795475221
160031141 -417843750
#r 0 0.2186722493
160031141 -416843750
#r 0 3.7818749059
158118206 -418268853
#r 0 1.0556917396
-430166093 553065446
#r 0 5.2356983711
-430166093 552065446
#r 0 5.0339164778
-430954101 554431228
#r 0 6.1313222679
17710008 853207122
#r 0 5.4133597650
17710008 852207122
#r 0 4.4771127108
17896697 852985914
#r 0 4.9352234198
14875479 -715975258
#r 0 1.8351612726
14875479 -714975258
#r 0 1.5510976697
14857114 -715907417
#r 0 2.2752579488
-415569731 -638404763
#r 0 2.0971425307
-415569731 -637404763
#r 0 5.5681250061
-416742412 -636386447
#r 0 0.2686879895
-773961145 -176289730
#r 0 0.3206709876
-773961145 -175289730
#r 0 1.1932188160
-774417921 -176441441
#r 0 5.8480472397
940988252 -325744210
#r 0 3.4057493564
940988252 -324744210
#r 0 3.3115408344
-826089410 389315028
#r 0 3.5139547369
-826089410 388315028
#r 0 3.5871832208
-814601121 393802160
#r 0 3.5896783208
787581078 -76307990
#r 0 5.4693452069
787581078 -75307990
#r 0 5.3791476014
792295926 -81298965
#r 0 5.4200302324
-720594767 -54294382
#r 0 5.8139185436
-720594767 -53294382
#r 0 3.5624370489
-721642294 -53763240
#r 0 0.2784972058
594911311 732837332
#r 0 4.6193704563
594911311 731837332
#r 0 4.2814963062
594794273 731582736
#r 0 4.1915281237
288809318 -738112341
#r 0 1.4935901429
288809318 -737112341
#r 0 2.5960043928
288883208 -737157196
#r 0 0.6632509664
-344837829 -486706031
#r 0 2.7860397938
-344837829 -485706031
#r 0 6.2757126695
-347586129 -485685494
#r 0 3.8680131046
-62712054 -847301326
#r 0 0.8727896902
-62712054 -846301326
#r 0 0.7832981474
-57616449 -841227078
#r 0 0.8937344443
-250419138 -693493865
#r 0 4.2126304604
-250419138 -692493865
#r 0 2.7164717796
-249981361 -692692059
#r 0 1.5228438938
366755340 -91389671
#r 0 1.7946150588
366755340 -90389671
#r 0 2.1368919011
366400657 -89831531
#r 0 1.7549404382
961566412 68953195
#r 0 3.7561328838
961566412 67953195
#r 0 3.2077710156
960002503 67849547
#r 0 3.5872002133
597164501 -516317146
#r 0 2.4996568250
597164501 -515317146
#r 0 0.9960939314
596728137 -515990939
#r 0 1.0128896408
-877313621 -335845740
#r 0 5.7468098095
-877313621 -334845740
#r 0 5.0679087854
-876837147 -336129010
#r 0 0.6327855132
-380835327 -806301119
#r 0 0.1694689892
-380835327 -805301119
#r 0 6.2488372092
-375968480 -805468352
#r 0 0.1102895932
822465216 -184570263
#r 0 2.0359262170
822465216 -183570263
#r 0 1.6486123113
822557533 -184754214
#r 0 4.2160195895
186036512 447263379
#r 0 0.3917067452
186036512 446263379
#r 0 2.4983907088
185176359 446908092
#r 0 1.7361971812
-324336703 -906969741
#r 0 2.0164023196
-324336703 -905969741
#r 0 1.9408216394
-322272463 -911291424
#r 0 1.9482826409
-23877194 30146238
#r 0 0.0410388498
-23877194 29146238
#r 0 3.3414456938
-17685057 30400499
#r 0 3.6911342337
-646955563 126488175
#r 0 2.6877432956
-646955563 125488175
#r 0 5.8954871261
-634368207 120347918
#r 0 6.0406128398
647455009 119171730
#r 0 2.3574497924
647455009 118171730
#r 0 2.3263187587
631858743 134728889
#r 0 2.7826509452
-614105525 708095676
#r 0 6.2456464710
-614105525 707095676
#r 0 4.5903816352
-613983471 708091092
#r 0 5.5810378543
-144601442 -246545691
#r 0 0.9576899145
-144601442 -245545691
#r 0 1.9620912816
-144341377 -246176046
#r 0 3.4603471269
-755786970 456770808
#r 0 4.1103040302
-755786970 455770808
#r 0 4.9263569659
-755952062 456530570
#r 0 3.8633554323
-942398078 -178453409
#r 0 5.5571614625
-942398078 -177453409
#r 0 2.5732069484
-946412709 -174889291
#r 0 2.6503645391
711522906 98276513
#r 0 4.4833948474
711522906 97276513
#r 0 2.8004462754
711307637 97352939
#r 0 5.1614226040
-865732126 -389513957
#r 0 0.2762898558
-865732126 -388513957
#r 0 0.1865091370
-855187984 -386524253
#r 0 3.2918372198
457994694 -775492143
#r 0 1.0021896951
457994694 -774492143
#r 0 2.0517213269
458281933 -775042633
#r 0 1.8517461495
223679184 -734348721
#r 0 1.3809032147
223679184 -733348721
#r 0 2.6288321326
223852625 -733446366
#r 0 0.8118041102
590989480 604339845
#r 0 2.1006359719
590989480 603339845
#r 0 2.0835015735
576519944 629044464
#r 0 5.2579085659
33739637 326385330
#r 0 0.0422824185
33739637 325385330
#r 0 1.5561254205
33754318 326385951
#r 0 1.5130125410
107088828 -31836439
#r 0 0.3609583696
107088828 -30836439
#r 0 0.4122362115
90365033 -38149628
#r 0 0.6646663063
-86557720 15314172
#r 0 0.4635524376
-86557720 14314172
#r 0 0.0564445883
-88813140 14186730
#r 0 1.4766783678
187576655 288198927
#r 0 2.4048994375
187576655 287198927
#r 0 3.1731642422
188642042 287232574
#r 0 0.1679375139
376013911 294524797
#r 0 1.0501397098
376013911 293524797
#r 0 1.1563519834
377903438 297819904
#r 0 1.1229040764
278966036 620220652
#r 0 3.5370042364
278966036 619220652
#r 0 3.7371464660
282808727 621824572
#r 0 3.6711385913
-721859489 -551390151
#r 0 2.2696938316
-721859489 -550390151
#r 0 2.1326768602
-719349940 -554376268
#r 0 1.3352058651
388898961 -22604958
#r 0 2.2043480502
388898961 -21604958
#r 0 2.1796117358
402587471 -41239715
#r 0 2.2071413655
-862956667 140643757
#r 0 0.7092663380
-862956667 139643757
#r 0 1.8176788317
-863163872 140465922
#r 0 1.8338489301
-64393835 -548376194
#r 0 1.0314108643
-64393835 -547376194
#r 0 0.7602722930
-63004193 -546054687
#r 0 2.7319082750
-682022435 430113840
#r 0 5.9250084131
-682022435 429113840
#r 0 4.4624372307
-681789412 430026614
#r 0 4.4474723457
129522077 617343422
#r 0 4.7476958861
129522077 616343422
#r 0 4.1035575385
129555695 616391642
#r 0 4.1381398365
-709725211 -135667791
#r 0 4.1707170944
-709725211 -134667791
#r 0 0.3337472582
-708964887 -134404173
#r 0 3.2613501754
882172595 169931446
#r 0 4.4635758524
882172595 168931446
#r 0 2.5942958319
881952582 169065520
#r 0 2.1788524478
29768177 179516482
#r 0 3.7858175571
29768177 178516482
#r 0 3.9393981628
33417863 182257876
#r 0 1.4566481737
258981388 553416150
#r 0 5.0169440350
258981388 552416150
#r 0 3.4858202107
259263888 552517426
#r 0 5.6734232843
867622611 474026919
#r 0 3.5761624751
867622611 473026919
#r 0 3.4693830464
859564970 470286855
#r 0 2.3744055828
494169261 705240858
#r 0 5.5657853780
494169261 704240858
#r 0 4.8809470518
493969417 705415218
#r 0 4.5644379385
122469093 -725635014
#r 0 1.3181565798
122469093 -724635014
#r 0 3.3426687947
122741587 -724579471
#r 0 1.2858397641
-603116602 -663308573
#r 0 1.7524602766
-603116602 -662308573
#r 0 1.8330571072
-603698401 -660141270
#r 0 1.8655393336
-145539966 -887360284
#r 0 0.4516423650
-145539966 -886360284
#r 0 0.4994219004
-162077141 -895382174
#r 0 2.2394087963
682414660 608429595
#r 0 0.0420657353
682414660 607429595
#r 0 0.0307444939
594203084 604716720
#r 0 2.2065732265
-490982295 -354183775
#r 0 3.2962057675
-490982295 -353183775
#r 0 4.0535987899
-491862691 -354320991
#r 0 5.4195312641
-802812116 -220135267
#r 0 5.5218383765
-802812116 -219135267
#r 0 1.1883659248
-803102887 -219858157
#r 0 1.3675396019
250470454 471718324
#r 0 5.9136620162
250470454 470718324
#r 0 0.3919330358
251719469 471234562
#r 0 3.3774598606
439852827 37625603
#r 0 5.6121271610
439852827 36625603
#r 0 3.0986186178
441184425 36568344
#r 0 2.9828172155
-160210028 -311873695
#r 0 2.6915446214
-160210028 -310873695
#r 0 4.4815487677
-160421092 -311771727
#r 0 4.7555124984
378118500 -176315695
#r 0 3.4016366288
378118500 -175315695
#r 0 3.3993948803
794955268 -65408507
#r 0 5.0798888359
-866575725 -214630372
#r 0 2.7010343990
-866575725 -213630372
#r 0 0.9857165742
-867080520 -214392380
#r 0 2.6539686344
135413484 36622920
#r 0 0.1456909300
135413484 35622920
#r 0 0.0554069628
124456601 35015210
#r 0 0.1213092150
133848038 926203271
#r 0 3.6802903849
133848038 925203271
#r 0 5.5975786698
133141642 925781086
#r 0 5.1531787227
152317393 -838586251
#r 0 0.9374663454
152317393 -837586251
#r 0 1.4451545285
152164843 -838794020
#r 0 0.8291748337
866394399 -388688067
#r 0 2.4452224814
866394399 -387688067
#r 0 3.1546833125
865216811 -387703483
#r 0 1.8917053539
-110683473 -855371776
#r 0 5.8432375820
-110683473 -854371776
#r 0 0.3072156344
-111952546 -854774402
#r 0 0.3935743106
-778756986 -564076853
#r 0 5.7515393924
-778756986 -563076853
#r 0 1.9329823256
-778269439 -564363594
#r 0 0.9682311672
-737950047 -439455128
#r 0 0.5423593233
-737950047 -438455128
#r 0 0.5250741498
-695072305 -413615232
#r 0 0.5082760646
-609784449 -471338019
#r 0 2.4331992374
-609784449 -470338019
#r 0 5.6242985726
-621917959 -460942767
#r 0 5.7174087124
-23189346 649857189
#r 0 5.3036768079
-23189346 648857189
#r 0 5.5762576076
-21614976 647512361
#r 0 4.9888216675
919027675 186956176
#r 0 2.2409023947
919027675 185956176
#r 0 2.1551216648
915028815 192002522
#r 0 2.7015435862
-462062882 -817316296
#r 0 2.0736522652
-462062882 -816316296
#r 0 0.9019759230
-462387198 -816726648
#r 0 0.0728182184
-122964257 -333624352
#r 0 4.2612061268
-122964257 -332624352
#r 0 0.2926573872
-122396917 -332453407
#r 0 0.6798430736
-340634393 559951828
#r 0 2.4488947191
-340634393 558951828
#r 0 1.3480220935
-340443707 559793581
#r 0 5.4689355010
-909594700 -252680642
#r 0 2.1636153385
-909594700 -251680642
#r 0 5.6237848408
-911004513 -250587833
#r 0 2.1391880604
43912064 302995607
#r 0 5.0250800769
43912064 301995607
#r 0 3.4360086657
44206497 302084888
#r 0 3.2300400024
117420708 890129395
#r 0 6.1078857432
117420708 889129395
#r 0 4.7648935782
117367661 890138790
#r 0 3.5817490652
-468178342 -347725758
#r 0 6.2439327147
-468178342 -346725758
#r 0 3.9131100800
-469166592 -347686947
#r 0 4.8144286385
71200613 -222501511
#r 0 0.1475920441
71200613 -221501511
#r 0 2.3959584585
72133320 -222362842
#r 0 3.3297480784
-243623499 -789879633
#r 0 2.3714189468
-243623499 -788879633
#r 0 5.9925223657
-245114100 -788433742
#r 0 2.3716440123
-769324329 107708350
#r 0 5.3469592975
-769324329 106708350
#r 0 2.2812201318
-764222532 100777861
#r 0 5.3855129450
635566251 196520845
#r 0 4.0654588600
635566251 195520845
#r 0 2.0078815495
635277580 196138687
#r 0 4.6984523043
195202581 -473800941
#r 0 0.7134557905
195202581 -472800941
#r 0 0.7497327903
179945186 -487007063
#r 0 4.1825156648
308865562 -904406367
#r 0 1.0619428753
308865562 -903406367
#r 0 2.9644741213
309372770 -903497154
#r 0 2.5547228104
710295145 -265660052
#r 0 3.3277210415
710295145 -264660052
#r 0 2.0196471339
710736733 -265576897
#r 0 4.3081188304
-659887626 -690524746
#r 0 2.0650801692
-659887626 -689524746
#r 0 0.4824903635
-660307900 -689744877
#r 0 5.7893236572
582191960 -738122481
#r 0 2.1135089206
582191960 -737122481
#r 0 1.2184880859
581963547 -737743764
#r 0 1.8871254224
619956929 619639294
#r 0 3.5231717581
619956929 618639294
#r 0 3.2417320821
616632123 618305232
#r 0 3.1736980813
279378978 182926265
#r 0 1.8545776043
279378978 181926265
#r 0 4.7696390972
279307648 183170836
#r 0 1.9580349812
-31041134 -356688329
#r 0 2.3997006568
-31041134 -355688329
#r 0 4.7227458664
-31030677 -356697913
#r 0 3.2128045114
531322273 778893238
#r 0 2.5482135122
531322273 777893238
#r 0 2.4959473726
518647180 787442092
#r 0 2.5583622152
-409016762 -551302065
#r 0 5.2402754858
-409016762 -550302065
#r 0 1.0504851782
-409305754 -550806436
#r 0 3.6429291502
-242530425 -410578653
#r 0 3.0315861331
-242530425 -409578653
#r 0 3.0341289785
-631159105 -367653673
#r 0 6.2733485773
280793211 -921368331
#r 0 3.0319039160
280793211 -920368331
#r 0 2.0185514170
281300324 -921424180
#r 0 3.0559087054
730390034 137322819
#r 0 2.8611433636
730390034 136322819
#r 0 5.0490699301
730000784 137434939
#r 0 5.0467570296
336241334 349827929
#r 0 0.7702933798
336241334 348827929
#r 0 6.1626858962
335325016 348938882
#r 0 0.4911999607
182629508 -60733374
#r 0 1.0817311992
182629508 -59733374
#r 0 0.8476169319
183969705 -58215097
#r 0 1.0984139424
-14583895 -391538609
#r 0 2.5988304768
-14583895 -390538609
#r 0 2.0154943861
-13915134 -391941999
#r 0 1.0040114510
-529968658 -541423045
#r 0 0.1125422393
-529968658 -540423045
#r 0 0.1560241881
-552550740 -543975267
#r 0 2.6473747352
-295721070 -115687762
#r 0 4.8138752093
-295721070 -114687762
#r 0 4.8784744976
-295980529 -113139950
#r 0 4.8445569142
-860392259 105310463
#r 0 3.7994565895
-860392259 104310463
#r 0 1.7843793225
-860578019 105166929
#r 0 5.2350701316
134282577 690186611
#r 0 5.5173575763
134282577 689186611
#r 0 4.9699731904
133929766 690525876
#r 0 4.8036655207
120775521 105317247
#r 0 0.6711072868
120775521 104317247
#r 0 0.7508205155
127966031 111026929
#r 0 3.3839651470
705482076 -427802156
#r 0 3.6189963282
705482076 -426802156
#r 0 1.7678410988
705663024 -427708549
#r 0 1.7670020705
67711290 -820628312
#r 0 0.7262953881
67711290 -819628312
#r 0 4.1881918412
66522783 -821684025
#r 0 4.0023263410
433987350 508403551
#r 0 3.1112928949
433987350 507403551
#r 0 3.1597483243
454620073 507778193
#r 0 5.1395886375
-118050258 19266698
#r 0 3.5228357380
-118050258 18266698
#r 0 3.5811970664
-103649859 25039167
#r 0 3.6282011868
-797637337 -148047045
#r 0 1.4291958921
-797637337 -147047045
#r 0 1.2502585999
-797387505 -146294508
#r 0 3.2274569810
-297627869 -312378482
#r 0 1.0760811638
-297627869 -311378482
#r 0 1.0005493409
-294231292 -306082230
#r 0 0.9196741991
526708312 738674488
#r 0 2.1291864789
526708312 737674488
#r 0 5.6849656450
527796193 736933069
#r 0 2.1970169198
902408713 326691638
#r 0 3.5830408409
902408713 325691638
#r 0 2.0921314280
901956979 326478171
#r 0 3.2369565918
194389026 724215994
#r 0 5.1759289960
194389026 723215994
#r 0 5.2693777065
196922021 719148641
#r 0 5.2368851607
479784988 -770379991
#r 0 1.6437903532
479784988 -769379991
#r 0 1.1509392546
479722156 -769520743
#r 0 1.1943984187
-131810955 348029062
#r 0 5.3655635845
-131810955 347029062
#r 0 5.4842785468
-128232049 343352134
#r 0 0.6385892498
586522933 -217901995
#r 0 3.6116010422
586522933 -216901995
#r 0 0.7546654958
584210113 -219076853
#r 0 2.3926788869
-187748036 23994930
#r 0 5.5347907269
-187748036 22994930
#r 0 5.5510623296
-154251892 -7109664
#r 0 2.3703397199
352205545 -810872443
#r 0 1.1674386742
352205545 -809872443
#r 0 1.6822881550
352294234 -810664622
#r 0 3.1974886138
-281264150 625950435
#r 0 4.7479404324
-281264150 624950435
#r 0 1.1745651573
-281231370 625028788
#r 0 6.0841223935
805993669 -555805939
#r 0 3.5844366854
805993669 -554805939
#r 0 2.0729507963
806429321 -555599327
#r 0 2.1487018005
109176579 830254230
#r 0 4.5765072028
109176579 829254230
#r 0 0.0013567510
109039829 829254044
#r 0 4.7782925389
454603456 -115132683
#r 0 2.1750225481
454603456 -114132683
#r 0 6.1331574643
453832659 -114016166
#r 0 4.2258572448
-841858840 456991149
#r 0 0.6987105367
-841858840 455991149
#r 0 4.5150284851
-841618503 457193053
#r 0 4.4776785614
-394302774 -111391377
#r 0 0.9018090662
-394302774 -110391377
#r 0 4.2548348513
-395608269 -113042634
#r 0 0.9461395874
-44928054 515757560
#r 0 5.1207941644
-44928054 514757560
#r 0 4.5681787133
-44819324 515506298
#r 0 0.1267915513
-121117037 -740886462
#r 0 2.4111880173
-121117037 -739886462
#r 0 3.4024597631
-121977180 -740116078
#r 0 0.1354703141
-104972969 -794518837
#r 0 2.8874017779
-104972969 -793518837
#r 0 5.7312889223
-102163243 -795248834
#r 0 5.6997148138
-228728329 -70115130
#r 0 0.7434680958
-228728329 -69115130
#r 0 0.7225076603
-202381311 -45889855
#r 0 0.7962409791
211817052 -353830981
#r 0 5.9346074228
211817052 -352830981
#r 0 5.8078208249
218425767 -356232705
#r 0 2.3557369768
714039536 -444378998
#r 0 1.8631466460
714039536 -443378998
#r 0 1.8962932337
711258600 -435139217
#r 0 1.9099020548
210279624 -719446913
#r 0 2.0719092484
210279624 -718446913
#r 0 3.8102074828
209897311 -718748941
#r 0 3.2419616042
-252990652 907596128
#r 0 5.3958296385
-252990652 906596128
#r 0 4.8775051367
-253200153 907853383
#r 0 4.9920054054
-111775591 385835601
#r 0 2.4630800814
-111775591 384835601
#r 0 5.1065791383
-112401426 386340152
#r 0 5.0443584661
-751715650 246572132
#r 0 2.2885587973
-751715650 245572132
#r 0 0.5908940014
-751165042 245941508
#r 0 4.9682725722
734240015 -107718197
#r 0 3.7362594746
734240015 -106718197
#r 0 1.8741389291
734498333 -107543487
#r 0 3.6177890042
451097033 876365304
#r 0 5.0139712612
451097033 875365304
#r 0 5.0402134585
454741941 864648010
#r 0 5.0163165472
-213751703 -188883800
#r 0 2.7428454455
-213751703 -187883800
#r 0 4.1433140541
-214255573 -188671511
#r 0 0.5202317251
-871609781 -439190600
#r 0 1.2946821402
-871609781 -438190600
#r 0 0.6116275366
-871256154 -437942586
#r 0 1.2872233059
873731973 -187795839
#r 0 4.1227335864
873731973 -186795839
#r 0 3.8338621196
875234641 -185549889
#r 0 1.7221525684
476321941 -514170025
#r 0 1.0958661542
476321941 -513170025
#r 0 1.1262276308
469843653 -526769192
#r 0 0.3959805316
648529161 -258031637
#r 0 4.6488992367
648529161 -257031637
#r 0 0.7984629073
648597175 -256961823
#r 0 1.9304801958
-947200162 54478327
#r 0 4.4436762862
-947200162 53478327
#r 0 4.3867212719
-948692346 49059547
#r 0 4.4357443165
-72923073 965837855
#r 0 4.9513765614
-72923073 964837855
#r 0 5.0118445987
-71767508 961095012
#r 0 4.3975966191
533900477 -572149686
#r 0 4.7547171227
533900477 -571149686
#r 0 4.6753173998
533880704 -571682823
#r 0 1.6787024356
-787439174 -505763987
#r 0 2.0711605242
-787439174 -504763987
#r 0 2.0433666725
-779581437 -520135036
#r 0 2.1016346607
-244124713 -774407860
#r 0 3.4083749919
-244124713 -773407860
#r 0 5.9610685137
-242477368 -773957645
#r 0 5.9644155112
912688030 366379819
#r 0 2.9107561769
912688030 365379819
#r 0 2.8410066366
899346263 369515480
#r 0 2.8360266531
65744808 676218049
#r 0 3.0643736706
65744808 675218049
#r 0 3.6150692810
67440527 676086846
#r 0 4.6467969699
-530446177 836542796
#r 0 3.9093559410
-530446177 835542796
#r 0 3.8950596047
-567150663 801110564
#r 0 0.8037248245
-415563059 -298865844
#r 0 3.4453644286
-415563059 -297865844
#r 0 5.4307085757
-414876957 -298650769
#r 0 5.0056621157
-886033412 -228132643
#r 0 2.4870337275
-886033412 -227132643
#r 0 2.4060967375
-878757561 -233716298
#r 0 5.5682051234
-277974413 -935647969
#r 0 0.3315825774
-277974413 -934647969
#r 0 1.6522122554
-277895046 -935620644
#r 0 0.6263133279
200104270 740576328
#r 0 4.4565931428
200104270 739576328
#r 0 5.2377736188
199924046 739887201
#r 0 4.5038177478
-138670661 -326693416
#r 0 6.1636983083
-138670661 -325693416
#r 0 6.1492044283
-70779506 -334844354
#r 0 4.7777232185
-420259027 -893966584
#r 0 0.8888288252
-420259027 -892966584
#r 0 1.0232589450
-422707341 -896982044
#r 0 0.7985424214
-798050443 -196980374
#r 0 2.9084283317
-798050443 -195980374
#r 0 5.1673037418
-797497027 -197111801
#r 0 4.4297093941
-402542994 -134498653
#r 0 6.1449997575
-402542994 -133498653
#r 0 3.6678494855
-403931938 -134305490
#r 0 1.5491466346
508744237 816338581
#r 0 3.0288739130
508744237 815338581
#r 0 3.0745493158
530457597 813880660
#r 0 5.0130819790
-397593185 913590386
#r 0 4.1419530018
-397593185 912590386
#r 0 3.6870097948
-398643798 911952856
#r 0 4.4263929400
-443314379 -868631678
#r 0 0.6653767245
-443314379 -867631678
#r 0 0.6777557078
-533147680 613971414
#r 0 0.5876065054
-533147680 612971414
#r 0 1.5747887609
-533151662 613968762
#r 0 1.7049702523
-770932227 -336799630
#r 0 6.0231763853
-770932227 -335799630
#r 0 3.7499146491
-771971236 -336523221
#r 0 0.7798833840
-313801222 -169811900
#r 0 1.1213733209
-313801222 -168811900
#r 0 1.1804759462
-316599682 -175613696
#r 0 1.2114944575
396351162 236536477
#r 0 3.0367041124
396351162 235536477
#r 0 3.0948600795
413442764 234737160
#r 0 2.3117104343
653214263 -656222690
#r 0 2.0955141987
653214263 -655222690
#r 0 2.1225114939
643486842 -639417762
#r 0 1.6442371932
-126037657 252119065
#r 0 0.4658233098
-126037657 251119065
#r 0 3.1802840423
-128192774 251035639
#r 0 0.4424926321
795662488 -210263076
#r 0 2.7653641641
795662488 -209263076
#r 0 1.4116220268
795511529 -210203440
#r 0 1.4902392867
-552602322 134431660
#r 0 3.7357066382
-552602322 133431660
#r 0 1.0454360195
-551649483 135075331
#r 0 2.8424489945
-25074801 475442830
#r 0 0.2026149537
-25074801 474442830
#r 0 5.5752973321
-26017044 475249261
#r 0 5.5796046558
-581753711 58339560
#r 0 1.0428882008
-581753711 57339560
#r 0 3.3475829121
-582417727 57200811
#r 0 3.6378808659
-123676106 -141587957
#r 0 0.0399857614
-123676106 -140587957
#r 0 4.0325894825
-124511450 -141621377
#r 0 2.8733606950
-770394741 -202777594
#r 0 5.6113278282
-770394741 -201777594
#r 0 0.4645300379
-771166116 -202164133
#r 0 4.3114982033
226219170 40973701
#r 0 0.2265482261
226219170 39973701
#r 0 0.1715303330
208758818 36948998
#r 0 4.9030696641
-730767039 -317649186
#r 0 5.1638509353
-730767039 -316649186
#r 0 5.2964244976
-732586931 -313895743
#r 0 5.2638449949
313987082 -595303530
#r 0 1.7565548219
313987082 -594303530
#r 0 0.4169002723
313813595 -594380360
#r 0 3.1064950332
422385780 609464897
#r 0 5.0636862896
422385780 608464897
#r 0 4.6588270995
422432551 609337281
#r 0 5.0031403216
-283682688 -708434606
#r 0 4.7172714810
-283682688 -707434606
#r 0 4.6839146958
-283686856 -707580945
#r 0 0.9507968206
-165174039 -771223105
#r 0 1.0816290100
-165174039 -770223105
#r 0 2.4986711354
-164793473 -770508185
#r 0 2.9839427363
-595802012 -385074130
#r 0 0.5841267136
-595802012 -384074130
#r 0 0.4217347949
-591094527 -381962094
#r 0 0.4922595170
277214466 -802769623
#r 0 2.6063270806
277214466 -801769623
#r 0 0.9191950849
276689279 -802458181
#r 0 1.4441188206
-49223034 10182434
#r 0 0.7155488930
-49223034 9182434
#r 0 1.6727597407
-49316996 10100760
#r 0 3.2638890162
606551053 -19018638
#r 0 3.6782222512
606551053 -18018638
#r 0 4.5546224991
606375335 -19123165
#r 0 4.4769820808
-355498144 909755308
#r 0 5.0223453024
-355498144 908755308
#r 0 5.1466943886
-354463343 906524376
#r 0 4.5997752345
47076853 -733059593
#r 0 3.9261764859
47076853 -732059593
#r 0 0.9698814787
44905101 -735227811
#r 0 3.9709618060
-374230082 240356462
#r 0 3.5173030126
-374230082 239356462
#r 0 1.0326692613
-373449389 240664404
#r 0 0.9910239880
57914385 673072022
#r 0 4.7138041365
57914385 672072022
#r 0 2.9275661041
57915801 672071714
#r 0 5.5390874829
-434227853 -134865342
#r 0 2.8253434019
-434227853 -133865342
#r 0 3.6961581019
-435284225 -134519663
#r 0 3.9137710427
-803935016 3201268
#r 0 3.9444611837
-803935016 2201268
#r 0 0.2485825276
-805214225 1876563
#r 0 0.2980343354
612533705 664406426
#r 0 4.1728957506
612533705 663406426
#r 0 4.1427511719
603341506 649053879
#r 0 3.6200306021
-128789750 -864403732
#r 0 0.4088826662
-128789750 -863403732
#r 0 0.3730971589
-104907955 -854055668
#r 0 0.3544337897
49745228 181238661
#r 0 1.2773046333
49745228 180238661
#r 0 1.3037421843
52633228 190794632
#r 0 3.9699129046
582907428 511612935
#r 0 1.5925259872
582907428 510612935
#r 0 1.5589461008
582915097 511260064
#r 0 5.7765562246
616180789 -199370439
#r 0 2.3412889357
616180789 -198370439
#r 0 0.4889284287
615540698 -198710976
#r 0 2.4029699379
144982153 -279834439
#r 0 1.0287972020
144982153 -278834439
#r 0 1.8928640159
145196858 -279477875
#r 0 1.5998300471
-152837913 140842892
#r 0 4.6878869417
-152837913 139842892
#r 0 0.3353617476
-152862631 139834277
#r 0 0.8773657843
549838263 -730153584
#r 0 1.8841550303
549838263 -729153584
#r 0 1.8852664775
464051597 -465408397
#r 0 0.4055449974
-591139324 -247371007
#r 0 4.9176089646
-591139324 -246371007
#r 0 2.9404264654
-591356701 -246326678
#r 0 0.3692354881
-753947354 98952221
#r 0 1.3104008790
-753947354 97952221
#r 0 3.9900416582
-754329275 97518825
#r 0 5.3250352867
-98352464 -743450637
#r 0 1.7982578366
-98352464 -742450637
#r 0 1.7428886430
-97654672 -746465283
#r 0 5.1761471617
611104978 -524723090
#r 0 1.2477613607
611104978 -523723090
#r 0 1.2086813961
613983301 -516124948
#r 0 1.2378777545
-276948858 -364114257
#r 0 6.2441689751
-276948858 -363114257
#r 0 4.7209037744
-276940340 -364114590
#r 0 5.4588397996
-558362802 302376104
#r 0 4.1331469887
-558362802 301376104
#r 0 0.0319643189
-559030860 301354743
#r 0 3.3223476763
-267275647 10250653
#r 0 1.9131285960
-267275647 9250653
#r 0 6.1379362159
-266899686 9195658
#r 0 0.0827361370
425647155 -827346206
#r 0 2.6359144047
