701687785 -541700890
#r 0 5.1673629454
701687785 -540700890
#r 0 5.1792540447
685054225 -507699649
#r 0 1.4400841171
-499127383 633119407
#r 0 2.1687382890
-499127383 632119407
#r 0 2.1772448472
-461408874 577742202
#r 0 2.1462723851
-483608482 -622730427
#r 0 0.5480069655
-483608482 -621730427
#r 0 6.1767046045
-482214271 -621879447
#r 0 1.0952144333
-400050622 -282770132
#r 0 1.9058298821
-400050622 -281770132
#r 0 0.0710443039
-400390363 -281794309
#r 0 1.8961957189
301295572 728310821
#r 0 5.2375684284
301295572 727310821
#r 0 2.4264515658
302462110 726297674
#r 0 4.3933006366
538670319 187274473
#r 0 5.0815292009
538670319 186274473
#r 0 2.5146440603
539207847 185885060
#r 0 2.4281651432
-356518068 -65592954
#r 0 5.1720212764
-356518068 -64592954
#r 0 5.1925778528
-366487752 -45451807
#r 0 3.2144073452
-276446552 932869643
#r 0 4.7328529829
-276446552 931869643
#r 0 3.7909035146
-276426398 931884942
#r 0 3.8538649645
-550539604 -271667289
#r 0 5.4659027853
-550539604 -270667289
#r 0 0.5790579979
-551121096 -271047482
#r 0 4.6130095925
-618319202 -169265767
#r 0 5.3928314094
-618319202 -168265767
#r 0 4.8402081375
-618166423 -169454524
#r 0 5.4179059365
755102565 -188650360
#r 0 5.6414183993
755102565 -187650360
#r 0 4.2021415940
754707935 -188355455
#r 0 3.1484636929
380790345 -501424583
#r 0 3.5157842930
380790345 -500424583
#r 0 0.7876196403
379155716 -502066491
#r 0 4.2492422048
-579009961 358478730
#r 0 0.2587776956
-579009961 357478730
#r 0 2.2180313761
-579639793 358312005
#r 0 1.2981862717
299350043 -849072587
#r 0 3.4271347864
299350043 -848072587
#r 0 2.8313161156
300978186 -848594622
#r 0 3.4358910067
547958642 -796389549
#r 0 1.2635166013
547958642 -795389549
#r 0 3.5237277005
548322358 -795243375
#r 0 3.4883931625
120566706 -818818612
#r 0 1.0610292565
120566706 -817818612
#r 0 5.6387590470
120960378 -818114435
#r 0 6.0808543199
137093106 -178832048
#r 0 5.5609466730
137093106 -177832048
#r 0 3.7709538944
136471669 -178284539
#r 0 5.5716741896
-671832205 450572368
#r 0 2.1604392238
-671832205 449572368
#r 0 3.6963701738
-671359253 449865455
#r 0 3.7223053581
-468532303 -84888903
#r 0 2.0645402026
-468532303 -83888903
#r 0 5.1899405470
-455079698 -109884137
#r 0 0.9290091909
242220329 -192797614
#r 0 3.8038021576
242220329 -191797614
#r 0 4.3012321625
241559778 -193312613
#r 0 0.3869386293
474168597 127670696
#r 0 1.8516347250
474168597 126670696
#r 0 3.0559331636
474464386 126645297
#r 0 1.8619442108
595496296 -707793242
#r 0 0.4588555965
595496296 -706793242
#r 0 2.2355018036
596061246 -707514143
#r 0 1.2884308325
677928845 -196320030
#r 0 5.1459162284
677928845 -195320030
#r 0 1.4596538288
677838923 -196125770
#r 0 5.1437893481
134234208 -184258840
#r 0 5.7693338939
134234208 -183258840
#r 0 3.5641535787
133248086 -183702247
#r 0 5.7045297209
-222667336 -46611794
#r 0 2.5949922375
-222667336 -45611794
#r 0 0.9404965694
-223172616 -46304363
#r 0 0.9909053056
219528894 970092025
#r 0 3.9368765138
219528894 969092025
#r 0 4.2697383923
220446633 971028091
#r 0 4.9765776610
-384209398 -106897359
#r 0 0.1579191715
-384209398 -105897359
#r 0 4.1831994500
-384854286 -107000054
#r 0 0.1143076795
615373946 -411111791
#r 0 5.0735393789
615373946 -410111791
#r 0 2.8674149336
614951332 -409992926
#r 0 5.0980773588
326662212 790338362
#r 0 3.1391452488
326662212 789338362
#r 0 4.5373091614
326839026 790337929
#r 0 2.5978807989
340630368 -61653550
#r 0 2.6530857448
340630368 -60653550
#r 0 2.9648449392
337796385 -60147368
#r 0 0.1595447136
-936931568 -253662529
#r 0 6.1284974948
-936931568 -252662529
#r 0 5.9170336526
-932536136 -254347924
#r 0 0.6957655922
-55698254 -527054964
#r 0 4.2692188505
-55698254 -526054964
#r 0 0.9883177372
-53999515 -523476103
#r 0 5.6773217044
-176767589 -188188183
#r 0 6.0337251637
-176767589 -187188183
#r 0 6.0803559578
-197130206 -183000461
#r 0 2.5729972877
133207554 429148051
#r 0 5.7697027556
133207554 428148051
#r 0 0.4708685968
134139521 428622477
#r 0 2.3946826602
420725815 -425022251
#r 0 3.9918668835
420725815 -424022251
#r 0 3.8825870107
425189146 -419938684
#r 0 0.4705977424
-984543034 144270826
#r 0 0.9417335072
-984543034 143270826
#r 0 1.0180480957
-980491123 149839083
#r 0 1.0578243085
366737756 485628537
#r 0 5.0138807229
366737756 484628537
#r 0 3.2827491279
367035567 484670856
#r 0 3.2447225683
-649282821 -270779598
#r 0 5.7037226875
-649282821 -269779598
#r 0 0.8891540458
-649812800 -270432779
#r 0 0.7079568626
411724544 245564399
#r 0 0.9422145850
411724544 244564399
#r 0 1.0140779226
416051752 251516994
#r 0 0.9523879289
795592083 -315379132
#r 0 0.4442750220
795592083 -314379132
#r 0 0.4720773182
766663916 -329149333
#r 0 2.3062448801
-521849662 466816098
#r 0 2.8175967938
-521849662 465816098
#r 0 3.6456767271
-520722835 466437676
#r 0 3.6120055990
-558514126 -706353026
#r 0 1.6477241642
-558514126 -705353026
#r 0 1.6214186859
-558366278 -708271140
#r 0 4.7036720143
-218018041 -776753981
#r 0 5.9661187492
-218018041 -775753981
#r 0 0.4703430540
-219213449 -776361723
#r 0 2.3013652060
517252615 315449462
#r 0 3.7990195394
517252615 314449462
#r 0 3.6702098431
511931460 311341583
#r 0 3.3430990058
-836634468 79323631
#r 0 0.3367800896
-836634468 78323631
#r 0 1.9697901233
-837001846 79195005
#r 0 1.5864519542
-478957491 -425697431
#r 0 6.0494271762
-478957491 -424697431
#r 0 3.6138500270
-480292747 -425379492
#r 0 6.0893355011
744680137 283363242
#r 0 3.2075597474
744680137 282363242
#r 0 4.3316825159
745091239 283390401
#r 0 4.5540267052
787479252 -388621533
#r 0 3.1817339478
787479252 -387621533
#r 0 0.8309794966
786531765 -388659587
#r 0 0.8419344438
734374273 161323653
#r 0 2.5860373296
734374273 160323653
#r 0 4.4391662807
734612979 161175471
#r 0 4.4150794012
-835925574 -325109799
#r 0 0.3776636979
-835925574 -324109799
#r 0 5.7836565042
-834864450 -324688845
#r 0 5.7507401402
191098699 -491490599
#r 0 2.0960333285
191098699 -490490599
#r 0 1.6382626124
191175185 -491622578
#r 0 3.7435129666
76967052 -918743877
#r 0 0.3705390331
76967052 -917743877
#r 0 2.6204247992
78005908 -918340299
#r 0 0.2973306664
-458212991 -390070259
#r 0 1.8831169400
-458212991 -389070259
#r 0 3.7393624690
-458477687 -389250482
#r 0 1.1204548209
-561441965 -303326039
#r 0 0.9548732987
-561441965 -302326039
#r 0 1.0374894976
-565000999 -308354542
#r 0 5.5756387888
-143029320 -288205830
#r 0 3.5241385831
-143029320 -287205830
#r 0 0.3043324433
-131701489 -283647876
#r 0 3.7930283523
-217724255 370576245
#r 0 2.8926494165
-217724255 369576245
#r 0 4.9557493443
-217989263 370643614
#r 0 5.1687207726
231282029 -813119927
#r 0 4.2166083732
231282029 -812119927
#r 0 4.3095878425
229273531 -816833616
#r 0 2.8518304583
-173650117 941397434
#r 0 4.1924907354
-173650117 940397434
#r 0 4.4763325426
-173235239 942122204
#r 0 4.7737925614
-974261600 -135035256
#r 0 5.5871417823
-974261600 -134035256
#r 0 1.2692305267
-974508487 -134828970
#r 0 0.9218213966
-219071864 876570219
#r 0 4.7369560476
-219071864 875570219
#r 0 3.5128755593
-219047525 875579695
#r 0 5.5381330226
841216372 -245702053
#r 0 5.6533529727
841216372 -244702053
#r 0 2.1647077839
842545970 -246671141
#r 0 5.5695191328
-554460271 622376857
#r 0 1.6755109897
-554460271 621376857
#r 0 5.0126458852
-554301163 620862972
#r 0 0.3146335632
-710372218 -603481641
#r 0 5.4019182971
-710372218 -602481641
#r 0 0.7765745768
-710827737 -602929192
#r 0 1.1406126597
57367412 137137296
#r 0 2.8005380088
57367412 136137296
#r 0 5.0492309114
56967522 137279226
#r 0 3.6250355225
350298717 99524416
#r 0 2.8708512723
350298717 98524416
#r 0 4.1823891004
350802677 99384539
#r 0 3.4283515248
124361302 -505132095
#r 0 0.6970356072
124361302 -504132095
#r 0 0.2839101335
126194681 -503597129
#r 0 3.7932192106
-544744435 413022941
#r 0 1.8189182618
-544744435 412022941
#r 0 1.8085863521
-550343558 435123955
#r 0 1.8688418265
-119196968 -904270036
#r 0 1.5176864164
-119196968 -903270036
#r 0 0.5723322447
-119141923 -903234572
#r 0 0.5638128267
-804414631 -463783652
#r 0 0.6769105677
-804414631 -462783652
#r 0 0.0078549948
-803157891 -462773780
#r 0 6.0043821498
551441948 -761356956
#r 0 3.6168801459
551441948 -760356956
#r 0 3.4796782634
557574987 -758200675
#r 0 1.3388757028
27156741 -865736728
#r 0 2.6648592167
27156741 -864736728
#r 0 6.2598130780
25128711 -864689320
#r 0 2.6720053716
940217810 -146619311
#r 0 3.6084638701
940217810 -145619311
#r 0 1.4872570935
940130386 -146663376
#r 0 1.4341577713
-914055295 46387478
#r 0 0.6749851380
-914055295 45387478
#r 0 0.7329215210
-904034459 54408160
#r 0 0.3310864404
-936955659 -34943340
#r 0 0.3897005206
-936955659 -33943340
#r 0 5.4641711001
-936280122 -34665893
#r 0 5.7743925360
-369379595 277222742
#r 0 5.9751700349
-369379595 276222742
#r 0 5.5710004586
-371213803 277806278
#r 0 5.6058259006
-821124475 11788443
#r 0 0.3356496463
-821124475 10788443
#r 0 1.0959903454
-820498134 12006942
#r 0 0.3814309602
-490967586 616064171
#r 0 4.3689998248
-490967586 615064171
#r 0 4.3415819671
-495417874 603617718
#r 0 5.1748665152
-678074763 -588467848
#r 0 0.4732930994
-678074763 -587467848
#r 0 5.2611784564
-677609126 -588229388
#r 0 0.8649934613
217643120 -215305082
#r 0 3.2447016544
217643120 -214305082
#r 0 2.9695137928
221249665 -214931891
#r 0 2.9232199145
-682169509 -158834214
#r 0 6.1993059184
-682169509 -157834214
#r 0 5.4816193284
-681115539 -158922828
#r 0 0.3490101105
557597791 508080141
#r 0 4.9315149148
557597791 507080141
#r 0 5.4237974596
557898074 506731777
#r 0 3.2493788726
639262792 -399950495
#r 0 1.9401507934
639262792 -398950495
#r 0 2.7439647034
638800508 -398756336
#r 0 2.9931319992
61684808 -566926225
#r 0 5.0867739578
61684808 -565926225
#r 0 5.0413565984
64287029 -573549060
#r 0 5.0773127528
523190902 523430949
#r 0 2.6518542648
523190902 522430949
#r 0 4.3447836734
523510421 523260629
#r 0 3.1612448232
-97120665 -106773775
#r 0 1.6338011590
-97120665 -105773775
#r 0 1.8180472532
-97204776 -105440551
#r 0 5.9416253279
-565009351 514254679
#r 0 5.0737102584
-565009351 513254679
#r 0 4.8997821396
-565389920 515261709
#r 0 4.9204254460
334580786 -482417867
#r 0 3.3275872723
334580786 -481417867
#r 0 2.5875157316
335820100 -482184666
#r 0 0.5369232107
-302732954 278207160
#r 0 3.3010908466
-302732954 277207160
#r 0 5.5053471519
-303605663 278066772
#r 0 5.4783481627
-258338693 -552221732
#r 0 2.1322125388
-258338693 -551221732
#r 0 2.4625028922
-259616061 -550190696
#r 0 3.8806346795
-571070279 -284224233
#r 0 0.6513323425
-571070279 -283224233
#r 0 5.8751790319
-570233159 -283586089
#r 0 0.6149412673
481874853 641887316
#r 0 3.4322476020
481874853 640887316
#r 0 3.6518242866
485713084 643035432
#r 0 0.3379677189
-479273610 -106822827
#r 0 5.2524940205
-479273610 -105822827
#r 0 5.2667829059
-498219264 -75224219
#r 0 5.2417919545
-4238218 -621301856
#r 0 3.9549434568
-4238218 -620301856
#r 0 2.3889113483
-3736750 -620771540
#r 0 2.3600944498
-213551122 -22815755
#r 0 0.8148231274
-213551122 -21815755
#r 0 0.7929388928
-191551720 517957
#r 0 0.7188848822
-874003763 -51756842
#r 0 0.8267429285
-874003763 -50756842
#r 0 5.9924018871
-873282040 -50972829
#r 0 0.3329607534
-191082364 -706539912
#r 0 4.5552424968
-191082364 -705539912
#r 0 6.1138645837
-190928090 -705566286
#r 0 4.5563167753
-712230836 221529366
#r 0 3.7396897982
-712230836 220529366
#r 0 3.6597619099
-721222550 215402889
#r 0 0.4702177883
-780382671 126943689
#r 0 2.3923929426
-780382671 125943689
#r 0 0.1022097769
-779414307 126043011
#r 0 5.9563396822
-236286024 -513307999
#r 0 1.3747635477
-236286024 -512307999
#r 0 1.3899140957
-238598924 -524955014
#r 0 1.3936162043
432125842 146983063
#r 0 1.6485046068
432125842 145983063
#r 0 1.6198673391
431992855 148690977
#r 0 2.3870726285
-261116530 -918750953
#r 0 0.7167544966
-261116530 -917750953
#r 0 1.2276912672
-261635218 -919202908
#r 0 0.3047451114
118024946 613168088
#r 0 1.9489784040
118024946 612168088
#r 0 1.7589240817
117659413 614088117
#r 0 3.9620058017
-464226731 -787773296
#r 0 1.5644534704
-464226731 -786773296
#r 0 6.1466730768
-464220394 -786774167
#r 0 1.3403185809
-243669211 -909135288
#r 0 1.2852110437
-243669211 -908135288
#r 0 0.7184243039
-243274201 -907789937
#r 0 1.1171221952
-477273716 873997373
#r 0 5.0534173673
-477273716 872997373
#r 0 4.5087240992
-477143162 873629507
#r 0 4.0128857842
-723337552 322551553
#r 0 5.4281197735
-723337552 321551553
#r 0 1.6345500084
-723406451 322630788
#r 0 2.1604253125
-109826943 -461038229
#r 0 4.9496081505
-109826943 -460038229
#r 0 2.5908239854
-110110874 -459863849
#r 0 6.2462103002
273596302 -710435175
#r 0 2.6269630108
273596302 -709435175
#r 0 3.3773157166
272355054 -709733308
#r 0 2.9202311489
-495340295 -231301155
#r 0 1.8775918560
-495340295 -230301155
#r 0 1.2836559027
-495493131 -230818715
#r 0 6.0659820682
-335666797 -774290530
#r 0 1.3916934848
-335666797 -773290530
#r 0 1.3679300629
-334156241 -765946890
#r 0 6.0604761768
-44434562 -424288087
#r 0 4.2892593657
-44434562 -423288087
#r 0 4.8529015609
-44326925 -424049070
#r 0 5.1528527403
482272679 648017210
#r 0 0.2875919724
482272679 647017210
#r 0 3.6952929755
485374263 648934634
#r 0 3.7868778894
-848718430 -335529233
#r 0 0.8015805097
-848718430 -334529233
#r 0 1.3759377669
-848966328 -335785287
#r 0 5.2392849177
-538168394 -366123595
#r 0 4.4046969073
-538168394 -365123595
#r 0 4.4324775306
-541180639 -375602482
#r 0 6.1037313436
780704324 -493859950
#r 0 4.4579696458
780704324 -492859950
#r 0 1.7467049539
780809906 -493453953
#r 0 1.9100389035
101574837 -660299922
#r 0 1.7272522557
101574837 -659299922
#r 0 2.0494757896
101348198 -658863183
#r 0 2.8932013884
274165912 -778182756
#r 0 4.0930106025
274165912 -777182756
#r 0 2.4613541025
274618066 -777548574
#r 0 4.0347068004
-30247511 -354320033
#r 0 5.0428426090
-30247511 -353320033
#r 0 4.7266018583
-30232683 -354363260
#r 0 1.0459937864
196232884 -273237791
#r 0 1.9672650856
196232884 -272237791
#r 0 6.2761496312
195813010 -272234837
#r 0 1.9346708218
-43571381 -254057842
#r 0 2.9166091875
-43571381 -253057842
#r 0 0.2550322686
-45614001 -253590372
#r 0 0.2239049353
245238934 77228773
#r 0 0.8056817128
245238934 76228773
#r 0 2.8416838720
244498549 76457727
#r 0 4.4838502805
691449954 36763389
#r 0 4.6123456987
691449954 35763389
#r 0 4.5630877393
691148229 33757514
#r 0 4.6275984562
305194638 -415436078
#r 0 1.2854524804
305194638 -414436078
#r 0 0.2156196440
305508129 -414367416
#r 0 2.2080972038
326597884 -216545057
#r 0 3.1043334991
326597884 -215545057
#r 0 5.5714906160
327809707 -216590229
#r 0 3.0400254877
48717586 -293671845
#r 0 1.7624157090
48717586 -292671845
#r 0 0.6777587072
48549790 -292806914
#r 0 1.8537547199
530625494 -89118625
#r 0 4.0270974444
530625494 -88118625
#r 0 2.0485844071
530942496 -88730832
#r 0 5.7498936670
42124448 645983829
#r 0 4.2334347083
42124448 644983829
#r 0 1.5713702206
42123875 645982725
#r 0 5.5218143995
-178491570 670902010
#r 0 3.0118098677
-178491570 669902010
#r 0 4.6766296009
-178455962 670897363
#r 0 0.5594587033
78464923 432039983
#r 0 3.9827700563
78464923 431039983
#r 0 3.0842261850
77614372 431088830
#r 0 2.0022549440
160031141 -417843750
#r 0 4.3828732121
160031141 -416843750
#r 0 2.2327105396
160268811 -417148777
#r 0 4.0192878973
-430166093 553065446
#r 0 5.8526228815
-430166093 552065446
#r 0 0.1253413046
-428457578 552280722
#r 0 4.3007590451
17710008 853207122
#r 0 5.2007474688
17710008 852207122
#r 0 5.2138734515
34893699 820863266
#r 0 5.1895911898
14875479 -715975258
#r 0 3.1826763828
14875479 -714975258
#r 0 3.4934994185
11808784 -716101320
#r 0 5.8764811967
-415569731 -638404763
#r 0 3.9753931906
-415569731 -637404763
#r 0 0.1053108380
-414565826 -637298648
#r 0 0.4347272196
-773961145 -176289730
#r 0 6.2258691750
-773961145 -175289730
#r 0 5.8712553657
-771326437 -176440907
#r 0 6.2649847785
940988252 -325744210
#r 0 2.4402915901
940988252 -324744210
#r 0 2.5265437536
933744718 -319626937
#r 0 1.4777811137
-826089410 389315028
#r 0 1.5823166949
-826089410 388315028
#r 0 0.2900882865
-826077929 388318455
#r 0 5.2152657009
787581078 -76307990
#r 0 5.2129723350
787581078 -75307990
#r 0 2.6297558772
786791301 -74864315
#r 0 3.3019155290
-720594767 -54294382
#r 0 0.9969371657
-720594767 -53294382
#r 0 1.2744820360
-721173312 -55189371
#r 0 0.8262690310
594911311 732837332
#r 0 4.7112277401
594911311 731837332
#r 0 4.6606425149
594910123 731814397
#r 0 4.6604711632
288809318 -738112341
#r 0 3.0503317959
288809318 -737112341
#r 0 0.6395581190
287612247 -738002791
#r 0 3.0417747590
-344837829 -486706031
#r 0 0.3748413535
-344837829 -485706031
#r 0 5.9824793072
-343416473 -486146808
#r 0 2.0619420636
-62712054 -847301326
#r 0 0.0961332715
-62712054 -846301326
#r 0 0.1072800905
-151497994 -855863000
#r 0 0.1314976423
-250419138 -693493865
#r 0 6.1772444118
-250419138 -692493865
#r 0 5.2638046766
-249761041 -693563846
#r 0 1.4316190352
366755340 -91389671
#r 0 1.4532139618
366755340 -90389671
#r 0 5.9680623954
366869087 -90426751
#r 0 0.2502311198
961566412 68953195
#r 0 4.8505630549
961566412 67953195
#r 0 4.8823064505
962300266 63675957
#r 0 4.9032229882
597164501 -516317146
#r 0 0.8767003408
597164501 -515317146
#r 0 0.8249474445
605556016 -506234167
#r 0 3.4586214573
-877313621 -335845740
#r 0 0.4743985036
-877313621 -334845740
#r 0 0.7447486455
-879762660 -337103350
#r 0 1.5002200981
-380835327 -806301119
#r 0 1.4200993925
-380835327 -805301119
#r 0 1.6067128813
-380806271 -806109768
#r 0 1.4088124841
822465216 -184570263
#r 0 5.3118653717
822465216 -183570263
#r 0 5.2144900866
825258185 -188657325
#r 0 5.2806476177
186036512 447263379
#r 0 0.7213676227
186036512 446263379
#r 0 0.6945693305
164504912 428326542
#r 0 0.7027576138
-324336703 -906969741
#r 0 1.7119661660
-324336703 -905969741
#r 0 0.8497412011
-324459038 -906108926
#r 0 0.6908246622
-23877194 30146238
#r 0 4.5866321098
-23877194 29146238
#r 0 2.3729240306
-23989845 29255181
#r 0 2.5097305267
-646955563 126488175
#r 0 5.0607581927
-646955563 125488175
#r 0 1.5060923341
-646900578 126336778
#r 0 5.0575654415
647455009 119171730
#r 0 2.6073120395
647455009 118171730
#r 0 5.0177028034
647067596 119400955
#r 0 5.6501368548
-614105525 708095676
#r 0 0.3055207412
-614105525 707095676
#r 0 3.9361105884
-612683075 708544311
#r 0 0.2845858792
-144601442 -246545691
#r 0 2.5305512662
-144601442 -245545691
#r 0 4.8975766327
-144385813 -246696733
#r 0 2.5257604696
-755786970 456770808
#r 0 5.4452136535
-755786970 455770808
#r 0 2.5221743647
-753274777 453979536
#r 0 5.4050393734
-942398078 -178453409
#r 0 1.0552736189
-942398078 -177453409
#r 0 0.0017596334
-941830881 -177452411
#r 0 6.2769397676
711522906 98276513
#r 0 4.4617538172
711522906 97276513
#r 0 4.5139341987
712460430 101938451
#r 0 3.7642767893
-865732126 -389513957
#r 0 0.7105751879
-865732126 -388513957
#r 0 0.1827611764
-864252192 -388240430
#r 0 6.2043575384
457994694 -775492143
#r 0 3.0133668729
457994694 -774492143
#r 0 1.0845952133
457499893 -775428347
#r 0 2.9750794198
223679184 -734348721
#r 0 4.5579563471
223679184 -733348721
#r 0 2.8183898421
223827141 -733398279
#r 0 3.1133005887
590989480 604339845
#r 0 1.5494031441
590989480 603339845
#r 0 1.4850534590
590960992 603008411
#r 0 1.4987536031
33739637 326385330
#r 0 3.8570277798
33739637 325385330
#r 0 5.4951347305
33206117 325921688
#r 0 3.4135595702
107088828 -31836439
#r 0 1.8692677117
107088828 -30836439
#r 0 5.5596035600
106666333 -30463197
#r 0 4.7628869670
-86557720 15314172
#r 0 3.2256767097
-86557720 14314172
#r 0 3.3966158447
-80889324 15791920
#r 0 2.1859962169
187576655 288198927
#r 0 4.1964052080
187576655 287198927
#r 0 3.3393148897
186936687 287070716
#r 0 6.2359560892
376013911 294524797
#r 0 5.7280255854
376013911 293524797
#r 0 5.7567036002
401637552 278632322
#r 0 5.7228204643
278966036 620220652
#r 0 4.4676767820
278966036 619220652
#r 0 2.5003598190
278755554 619377769
#r 0 5.3437182303
-721859489 -551390151
#r 0 1.0684064440
-721859489 -550390151
#r 0 6.0909723934
-721363150 -550486746
#r 0 0.3024553864
388898961 -22604958
#r 0 5.7678350487
388898961 -21604958
#r 0 3.8367555084
388184908 -22200516
#r 0 3.6170645842
-862956667 140643757
#r 0 0.5062017744
-862956667 139643757
#r 0 0.4756829203
-888436524 126518167
#r 0 1.4225792643
-64393835 -548376194
#r 0 2.5510917891
-64393835 -547376194
#r 0 5.4036936611
-62535553 -549621766
#r 0 4.9852597361
-682022435 430113840
#r 0 2.0207705608
-682022435 429113840
#r 0 3.3967112336
-681593452 429225719
#r 0 3.4639871690
129522077 617343422
#r 0 3.8600621016
129522077 616343422
#r 0 4.7668789402
129470016 617297902
#r 0 3.8436146439
-709725211 -135667791
#r 0 1.5712520677
-709725211 -134667791
#r 0 5.3358560936
-709725667 -134667157
#r 0 1.6323258133
882172595 169931446
#r 0 5.1925801198
882172595 168931446
#r 0 4.5306983511
882308408 169670696
#r 0 5.2423393234
29768177 179516482
#r 0 3.8088985698
29768177 178516482
#r 0 5.0438977108
29497400 179303142
#r 0 3.0274304534
258981388 553416150
#r 0 4.2043648342
258981388 552416150
#r 0 2.2845886970
258642477 552807437
#r 0 4.1922260443
867622611 474026919
#r 0 4.4012575045
867622611 473026919
#r 0 3.1390156543
867301302 473027747
#r 0 2.5093420652
494169261 705240858
#r 0 6.0869805981
494169261 704240858
#r 0 6.0438995553
472044390 709638437
#r 0 2.5642400228
122469093 -725635014
#r 0 6.1818990970
122469093 -724635014
#r 0 5.7712608302
124641806 -725855836
#r 0 6.1335100148
-603116602 -663308573
#r 0 5.0739658992
-603116602 -662308573
#r 0 5.0291810101
-600655127 -669816894
#r 0 1.4275886850
-145539966 -887360284
#r 0 1.5697137557
-145539966 -886360284
#r 0 2.0027985663
-145538886 -886362627
#r 0 1.5735545603
682414660 608429595
#r 0 2.4655117801
682414660 607429595
#r 0 4.0602303794
682888199 608049722
#r 0 2.4184931648
-490982295 -354183775
#r 0 0.2470417928
-490982295 -353183775
#r 0 4.1403350070
-491750985 -354377633
#r 0 5.4850471199
-802812116 -220135267
#r 0 0.7512671896
-802812116 -219135267
#r 0 1.8003683154
-802620292 -219956110
#r 0 1.4847712967
250470454 471718324
#r 0 3.2265965424
250470454 470718324
#r 0 3.1155227602
241484519 470952639
#r 0 3.1377856882
439852827 37625603
#r 0 2.9668082797
439852827 36625603
#r 0 1.6575650967
439764483 37641203
#r 0 6.0222663653
-160210028 -311873695
#r 0 3.8097952846
-160210028 -310873695
#r 0 4.7973606192
-160130217 -311810698
#r 0 3.7802966431
378118500 -176315695
#r 0 5.4549268209
378118500 -175315695
#r 0 3.2423444210
377278665 -175400597
#r 0 3.2538251486
-866575725 -214630372
#r 0 5.5350727511
-866575725 -213630372
#r 0 0.6607232959
-867162118 -214086154
#r 0 1.3042737830
135413484 36622920
#r 0 2.6209851679
135413484 35622920
#r 0 2.7746625958
140703561 33589755
#r 0 1.6444863097
133848038 926203271
#r 0 2.7231673517
133848038 925203271
#r 0 3.9664556985
134502959 925912037
#r 0 4.0828920210
152317393 -838586251
#r 0 5.6532773940
152317393 -837586251
#r 0 5.6708374668
114658785 -811134116
#r 0 3.3740664837
866394399 -388688067
#r 0 2.6401933951
866394399 -387688067
#r 0 1.4391600411
866270956 -388620405
#r 0 2.9860192556
-110683473 -855371776
#r 0 0.1753456146
-110683473 -854371776
#r 0 1.7995734989
-110459845 -855332157
#r 0 6.2150803901
-778756986 -564076853
#r 0 1.5170396881
-778756986 -563076853
#r 0 0.2117863988
-778702548 -563065148
#r 0 0.4308375389
-737950047 -439455128
#r 0 6.0850212961
-737950047 -438455128
#r 0 6.1056427806
-784750092 -430057711
#r 0 5.7090934486
-609784449 -471338019
#r 0 6.2621199521
-609784449 -470338019
#r 0 0.0010797493
-654934802 -470386770
#r 0 6.2704837242
-23189346 649857189
#r 0 4.6751400800
-23189346 648857189
#r 0 4.7077163905
-23184004 650000550
#r 0 4.7258857063
919027675 186956176
#r 0 3.9095284828
919027675 185956176
#r 0 4.5915906849
919165183 187088964
#r 0 5.0160435810
-462062882 -817316296
#r 0 2.8992924670
-462062882 -816316296
#r 0 2.9477959052
-481710751 -812460207
#r 0 0.2630873596
-122964257 -333624352
#r 0 3.4601720248
-122964257 -332624352
#r 0 3.9597160425
-124319498 -334071329
#r 0 3.4616058315
-340634393 559951828
#r 0 4.7559409936
-340634393 558951828
#r 0 4.8216998607
-340562111 558293216
#r 0 4.5875114867
-909594700 -252680642
#r 0 5.7220037157
-909594700 -251680642
#r 0 0.3770561015
-910570691 -252067137
#r 0 5.3312256738
43912064 302995607
#r 0 1.5699624826
43912064 301995607
#r 0 3.7785222738
43911230 301994990
#r 0 1.8184721011
117420708 890129395
#r 0 2.2626311827
117420708 889129395
#r 0 5.1600507465
116278461 891508212
#r 0 4.0727545198
-468178342 -347725758
#r 0 1.3294365301
-468178342 -346725758
#r 0 1.1311124931
-467661959 -345627993
#r 0 1.1647029003
71200613 -222501511
#r 0 3.4462488038
71200613 -221501511
#r 0 3.4905599628
50963149 -228865087
#r 0 3.5323339976
-243623499 -789879633
#r 0 0.6084205953
-243623499 -788879633
#r 0 2.1904351813
-243146941 -789547677
#r 0 0.6510406420
-769324329 107708350
#r 0 2.3916325388
-769324329 106708350
#r 0 1.1565075020
-769012374 107417757
#r 0 0.7234521815
635566251 196520845
#r 0 5.5076428119
635566251 195520845
#r 0 2.8685313512
636993958 195121006
#r 0 2.8137076560
195202581 -473800941
#r 0 0.0046715280
195202581 -472800941
#r 0 4.0070371978
194347702 -473804935
#r 0 4.6064449819
308865562 -904406367
#r 0 0.6691657336
308865562 -903406367
#r 0 0.6293252553
324785232 -891815545
#r 0 2.5808529066
710295145 -265660052
#r 0 4.7466038103
710295145 -264660052
#r 0 4.6710929620
710276424 -265113119
#r 0 4.7299806804
-659887626 -690524746
#r 0 5.4652185519
-659887626 -689524746
#r 0 1.5601050162
-659898197 -690513463
#r 0 6.1848232537
582191960 -738122481
#r 0 1.7881806295
582191960 -737122481
#r 0 3.1651559515
581972229 -737127660
#r 0 1.0183249377
619956929 619639294
#r 0 2.0086581382
619956929 618639294
#r 0 1.9865042312
612227242 636149684
#r 0 1.9593863700
279378978 182926265
#r 0 1.8479525111
279378978 181926265
#r 0 4.4084298341
279528161 182401855
#r 0 3.2311512206
-31041134 -356688329
#r 0 5.1448586329
-31041134 -355688329
#r 0 0.6831827943
-31376676 -355961440
#r 0 5.1286398284
531322273 778893238
#r 0 5.2683500897
531322273 777893238
#r 0 3.5993208583
531797998 778127591
#r 0 4.9992397673
-409016762 -551302065
#r 0 1.3919362993
-409016762 -550302065
#r 0 0.5442469922
-408813758 -550179203
#r 0 5.3386256809
-242530425 -410578653
#r 0 1.5921601951
-242530425 -409578653
#r 0 5.3414496834
-242552439 -409548401
#r 0 1.5059808868
280793211 -921368331
#r 0 2.6537449554
280793211 -920368331
#r 0 0.5476112549
279916364 -920903053
#r 0 0.5895197123
730390034 137322819
#r 0 4.6770687429
730390034 136322819
#r 0 4.4369872450
730349649 136179906
#r 0 2.7737875332
336241334 349827929
#r 0 5.4862345999
336241334 348827929
#r 0 5.5381265663
346145546 339692194
#r 0 2.3445474984
182629508 -60733374
#r 0 4.5580469598
182629508 -59733374
#r 0 3.6221424618
182798819 -59645110
#r 0 4.6155442934
-14583895 -391538609
#r 0 1.8965633013
-14583895 -390538609
#r 0 4.3213124359
-14769574 -390988942
#r 0 3.3366427073
-529968658 -541423045
#r 0 0.4907948098
-529968658 -540423045
#r 0 0.4763946855
-475539748 -512335718
#r 0 1.3944212870
-295721070 -115687762
#r 0 2.8016824381
-295721070 -114687762
#r 0 2.8671604292
-309590672 -110782973
#r 0 2.8420721323
-860392259 105310463
#r 0 0.6407874366
-860392259 104310463
#r 0 1.9314035166
-860686583 105090965
#r 0 0.7143966430
134282577 690186611
#r 0 2.2526914009
134282577 689186611
#r 0 2.2330963349
114502325 714552513
#r 0 2.2409693048
120775521 105317247
#r 0 0.4575229248
120775521 104317247
#r 0 4.8132030188
120679163 105269804
#r 0 2.7416896570
705482076 -427802156
#r 0 0.9724533537
705482076 -426802156
#r 0 3.8525744403
707133144 -425380195
#r 0 4.9231417169
67711290 -820628312
#r 0 0.7293006673
67711290 -819628312
#r 0 3.3927423524
69280922 -819225596
#r 0 5.8826951374
433987350 508403551
#r 0 5.2309041011
433987350 507403551
#r 0 3.3226938911
434503966 507498147
#r 0 3.8673466448
-118050258 19266698
#r 0 3.3545343386
-118050258 18266698
#r 0 3.3180828963
-144453697 13557754
#r 0 3.3369299490
-797637337 -148047045
#r 0 6.1975165142
-797637337 -147047045
#r 0 6.1338796511
-782144534 -149377551
#r 0 5.2738064755
-297627869 -312378482
#r 0 3.6216378976
-297627869 -311378482
#r 0 1.9441853983
-297302476 -312209060
#r 0 2.3823841176
526708312 738674488
#r 0 5.5694847568
526708312 737674488
#r 0 5.5282858746
513340455 750250835
#r 0 3.1412878337
902408713 326691638
#r 0 3.2903521772
902408713 325691638
#r 0 4.2043762817
903016149 326782672
#r 0 4.9117798035
194389026 724215994
#r 0 2.6908116443
194389026 723215994
#r 0 2.1083586640
193551150 724621542
#r 0 3.8039739513
479784988 -770379991
#r 0 1.4994219101
479784988 -769379991
#r 0 1.0371711510
479866327 -769242314
#r 0 3.0665336836
-131810955 348029062
#r 0 0.9924923779
-131810955 347029062
#r 0 3.3396749448
-132562116 346878293
#r 0 4.2760503412
586522933 -217901995
#r 0 3.1225756216
586522933 -216901995
#r 0 1.9072304980
586875005 -217908691
#r 0 6.1165100722
-187748036 23994930
#r 0 4.7421384347
-187748036 22994930
#r 0 4.7996378830
-187702934 22479303
#r 0 4.7095499777
352205545 -810872443
#r 0 4.8848873266
352205545 -809872443
#r 0 4.8251550898
352529091 -812729450
#r 0 2.7336751706
-281264150 625950435
#r 0 4.6079641920
-281264150 624950435
#r 0 4.5225518471
-281494714 623750525
#r 0 3.9062525625
805993669 -555805939
#r 0 4.1353643573
805993669 -554805939
#r 0 3.6129418134
806967746 -554309487
#r 0 1.3565629286
109176579 830254230
#r 0 3.5619744132
109176579 829254230
#r 0 3.5481488580
48524764 803141018
#r 0 4.2249869228
454603456 -115132683
#r 0 5.1628822591
454603456 -114132683
#r 0 2.6469878689
453949106 -113779781
#r 0 3.4665390002
-841858840 456991149
#r 0 1.3609256578
-841858840 455991149
#r 0 1.3478734794
-845387744 440424088
#r 0 1.3518318876
-394302774 -111391377
#r 0 1.6743970582
-394302774 -110391377
#r 0 0.1253024770
-394405403 -110404304
#r 0 0.1735573049
-44928054 515757560
#r 0 0.1129862026
-44928054 514757560
#r 0 0.1700342065
-27752586 517706451
#r 0 0.1726483641
-121117037 -740886462
#r 0 2.1039175920
-121117037 -739886462
#r 0 2.1701064055
-125451376 -733541587
#r 0 2.1876552102
-104972969 -794518837
#r 0 5.7966830316
-104972969 -793518837
#r 0 1.9931681581
-104383410 -794830657
#r 0 1.9882858068
-228728329 -70115130
#r 0 1.1191451042
-228728329 -69115130
#r 0 4.5311825957
-229022743 -70722053
#r 0 3.0047531155
211817052 -353830981
#r 0 1.8953270042
211817052 -352830981
#r 0 5.9970997659
211443677 -352721151
#r 0 4.2601555399
714039536 -444378998
#r 0 3.4824602260
714039536 -443378998
#r 0 2.8181024191
715488852 -443864906
#r 0 0.7645113300
210279624 -719446913
#r 0 2.4876161518
210279624 -718446913
#r 0 1.9339927316
210815906 -719857972
#r 0 3.6134510223
-252990652 907596128
#r 0 4.9011087785
-252990652 906596128
#r 0 3.7016666489
-252820087 906703081
#r 0 3.9660695320
-111775591 385835601
#r 0 1.0346772323
-111775591 384835601
#r 0 4.7041759286
-111767263 385849618
#r 0 0.9804061603
-751715650 246572132
#r 0 3.1316536826
-751715650 245572132
#r 0 5.5340940177
-752802652 246582936
#r 0 1.3919940948
734240015 -107718197
#r 0 0.4670924326
734240015 -106718197
#r 0 2.0058724805
734616539 -107528311
#r 0 2.0347769193
451097033 876365304
#r 0 4.0244829398
451097033 875365304
#r 0 4.9802757920
450891272 876114932
#r 0 3.5271561060
-213751703 -188883800
#r 0 2.5009431594
-213751703 -187883800
#r 0 1.4426125966
-213869294 -188796130
#r 0 1.2949803466
-871609781 -439190600
#r 0 5.4612989442
-871609781 -438190600
#r 0 6.1451705161
-872677157 -438042344
#r 0 0.5380757460
873731973 -187795839
#r 0 4.8122189197
873731973 -186795839
#r 0 3.5997746121
873636525 -186842913
#r 0 4.8084611958
476321941 -514170025
#r 0 0.5271599546
476321941 -513170025
#r 0 5.8574483403
477287584 -513607916
#r 0 2.3391837106
648529161 -258031637
#r 0 4.6646442726
648529161 -257031637
#r 0 6.0650873748
648576441 -257042115
#r 0 2.6781560857
-947200162 54478327
#r 0 0.1607336925
-947200162 53478327
#r 0 1.3919550438
-947013931 54508521
#r 0 0.0372803829
-72923073 965837855
#r 0 4.5735905030
-72923073 964837855
#r 0 5.3527798794
-73040715 964995731
#r 0 0.0222570621
533900477 -572149686
#r 0 0.7465334990
533900477 -571149686
#r 0 0.7857109524
520652545 -584405909
#r 0 0.7567299226
-787439174 -505763987
#r 0 0.2036953861
-787439174 -504763987
#r 0 1.4135979951
-787603045 -505797836
#r 0 0.2467911742
-244124713 -774407860
#r 0 1.5241565008
-244124713 -773407860
#r 0 0.1281250749
-244077757 -773401811
#r 0 5.9524284666
912688030 366379819
#r 0 4.7532387525
912688030 365379819
#r 0 4.8786862473
912742059 365057925
#r 0 3.1043330471
65744808 676218049
#r 0 1.7061475094
65744808 675218049
#r 0 1.5992939114
65708757 676482775
#r 0 4.4873406541
-530446177 836542796
#r 0 4.4331622930
-530446177 835542796
#r 0 4.4265996541
-542285893 795248750
#r 0 0.2848002162
-415563059 -298865844
#r 0 5.8913784753
-415563059 -297865844
#r 0 1.6725148122
-415456494 -298909873
#r 0 0.9017245377
-886033412 -228132643
#r 0 1.3996730397
-886033412 -227132643
#r 0 5.7245410644
-885877446 -227230132
#r 0 5.8926069266
-277974413 -935647969
#r 0 2.6677464424
-277974413 -934647969
#r 0 1.0297586132
-278433730 -935412425
#r 0 1.8466518488
200104270 740576328
#r 0 3.4793924623
200104270 739576328
#r 0 4.0392935799
201211736 740965340
#r 0 4.7629951653
-138670661 -326693416
#r 0 3.5719297809
-138670661 -325693416
#r 0 3.5669621018
27974529 -250198421
#r 0 1.1913845345
-420259027 -893966584
#r 0 0.2954525934
-420259027 -892966584
#r 0 2.5352563738
-419256862 -893661564
#r 0 1.1722725227
-798050443 -196980374
#r 0 5.6591230805
-798050443 -195980374
#r 0 0.3578780796
-798964485 -196322209
#r 0 0.0474110779
-402542994 -134498653
#r 0 4.2217241666
-402542994 -133498653
#r 0 0.4299358813
-401835413 -133174196
#r 0 4.2373499180
508744237 816338581
#r 0 5.2921375503
508744237 815338581
#r 0 5.2580027802
500414338 829059690
#r 0 5.2463626154
-397593185 913590386
#r 0 3.9376606357
-397593185 912590386
#r 0 3.9752578076
-443314379 -868631678
#r 0 2.5763849130
-443314379 -867631678
#r 0 2.6309842006
-456815071 -860069160
#r 0 2.5510804870
-533147680 613971414
#r 0 4.6110748844
-533147680 612971414
#r 0 4.9067474724
-533214719 613311984
#r 0 5.1877598547
-770932227 -336799630
#r 0 5.7578522579
-770932227 -335799630
#r 0 6.0903574215
-773533609 -335291700
#r 0 1.4770246131
-313801222 -169811900
#r 0 5.0636409139
-313801222 -168811900
#r 0 1.9433558857
-319679515 -153770621
#r 0 2.2318435685
396351162 236536477
#r 0 0.7846885236
396351162 235536477
#r 0 0.7394582331
384788484 224990198
#r 0 0.8083494431
653214263 -656222690
#r 0 1.6558550778
653214263 -655222690
#r 0 0.1737699172
653130256 -655237437
#r 0 2.3737578892
-126037657 252119065
#r 0 5.0587400913
-126037657 251119065
#r 0 4.4093897697
-125870141 251654901
#r 0 5.0329556912
795662488 -210263076
#r 0 5.5962250362
795662488 -209263076
#r 0 5.6247714374
774236379 -192688556
#r 0 0.7800648243
-552602322 134431660
#r 0 2.2814241423
-552602322 133431660
#r 0 5.2313099545
-554300221 136404537
#r 0 2.6949760356
-25074801 475442830
#r 0 4.2194885813
-25074801 474442830
#r 0 1.5474409010
-25050379 475488298
#r 0 1.5579902011
-581753711 58339560
#r 0 2.7066596081
-581753711 57339560
#r 0 2.6719538740
-605060304 69167925
#r 0 2.6454548343
-123676106 -141587957
#r 0 4.3735841630
-123676106 -140587957
#r 0 0.5920793851
-123214249 -140277325
#r 0 2.9315490901
-770394741 -202777594
#r 0 5.6020285337
-770394741 -201777594
#r 0 5.0191880520
-769968478 -203123112
#r 0 1.1021163501
226219170 40973701
#r 0 1.9287500056
226219170 39973701
#r 0 3.2348256179
226580597 40007496
#r 0 1.0753664694
-730767039 -317649186
#r 0 0.6582753144
-730767039 -316649186
#r 0 5.8836055428
-729930669 -317002383
#r 0 5.9224757452
313987082 -595303530
#r 0 3.8389277245
313987082 -594303530
#r 0 4.8734224196
314130065 -595183747
#r 0 3.2361755442
422385780 609464897
#r 0 3.7710513755
422385780 608464897
#r 0 3.3162143447
420573751 608145222
#r 0 0.3777387672
-283682688 -708434606
#r 0 6.0917359400
-283682688 -707434606
#r 0 1.2916566565
-283954226 -708381976
#r 0 5.6816472010
-165174039 -771223105
#r 0 1.1207120730
-165174039 -770223105
#r 0 0.2532389278
-164621833 -770080197
#r 0 3.0675245679
-595802012 -385074130
#r 0 4.9719198925
-595802012 -384074130
#r 0 5.0036284520
-598126312 -376320340
#r 0 0.7738831555
277214466 -802769623
#r 0 2.0550670535
277214466 -801769623
#r 0 5.5724858193
276253122 -800942150
#r 0 5.6046467603
-49223034 10182434
#r 0 2.3171493176
-49223034 9182434
#r 0 4.2513137042
-48899852 9832976
#r 0 2.2701429547
606551053 -19018638
#r 0 2.7646752542
606551053 -18018638
#r 0 0.0300372718
604203024 -18089188
#r 0 5.0586630698
-355498144 909755308
#r 0 3.9582737177
-355498144 908755308
#r 0 3.8700895859
-361298821 903579861
#r 0 5.4248606143
47076853 -733059593
#r 0 1.3072877785
47076853 -732059593
#r 0 2.3413468035
47287964 -732277068
#r 0 1.2717196617
-374230082 240356462
#r 0 6.2301240010
-374230082 239356462
#r 0 6.2678588926
-347763535 238950793
#r 0 6.2349343118
57914385 673072022
#r 0 4.1637837697
57914385 672072022
#r 0 1.6807856510
57820851 672918985
#r 0 4.2731133417
-434227853 -134865342
#r 0 1.2648569454
-434227853 -133865342
#r 0 1.3033177358
-436298119 -141419803
#r 0 1.3383135677
-803935016 3201268
#r 0 0.9094997669
-803935016 2201268
#r 0 1.6160196514
-803977783 3146310
#r 0 1.2334627865
612533705 664406426
#r 0 2.4009768171
612533705 663406426
#r 0 2.4569924754
622745996 655070151
#r 0 2.3717821074
-128789750 -864403732
#r 0 1.1204280993
-128789750 -863403732
#r 0 0.4274106348
-128169680 -863121296
#r 0 0.1880140368
49745228 181238661
#r 0 3.2733774480
49745228 180238661
#r 0 3.0787160246
44630470 180560684
#r 0 3.0382134949
582907428 511612935
#r 0 5.3217258097
582907428 510612935
#r 0 1.5303091621
582945715 511558077
#r 0 4.1573309435
616180789 -199370439
#r 0 5.6648015679
616180789 -198370439
#r 0 5.6346048745
637688451 -214672534
#r 0 4.0721210455
144982153 -279834439
#r 0 3.3573758363
144982153 -278834439
#r 0 1.3422390232
144737032 -279888168
#r 0 1.3500971477
-152837913 140842892
#r 0 2.2437010528
-152837913 139842892
#r 0 2.2461056978
9192028 -62458689
#r 0 2.5595660080
549838263 -730153584
#r 0 1.7145630153
549838263 -729153584
#r 0 1.2787188181
549740545 -729478577
#r 0 0.3962041706
-591139324 -247371007
#r 0 0.5083256396
-591139324 -246371007
#r 0 0.7832207657
-593419867 -248641640
#r 0 0.7484290618
-753947354 98952221
#r 0 0.3240963722
-753947354 97952221
#r 0 1.4622261205
-753834212 98990230
#r 0 5.8400344725
-98352464 -743450637
#r 0 2.5020651604
-98352464 -742450637
#r 0 0.0402912526
-99627775 -742502049
#r 0 5.4595681220
611104978 -524723090
#r 0 1.1171862421
611104978 -523723090
#r 0 2.2244815956
611402895 -524111997
#r 0 1.1500147821
-276948858 -364114257
#r 0 6.0013025759
-276948858 -363114257
#r 0 0.3386161449
-278507038 -363663018
#r 0 1.6719604348
-558362802 302376104
#r 0 3.6301412106
-558362802 301376104
#r 0 4.3708443643
-557924514 302609065
#r 0 5.9490835465
-267275647 10250653
#r 0 2.1085141279
-267275647 9250653
#r 0 6.2522936441
