701687785 -541700890
#r 0 3.7421831599
701687785 -540700890
#r 0 3.7424722979
0 0
#r 0 3.5894207110
-499127383 633119407
#r 0 1.4013989651
-499127383 632119407
#r 0 4.6587294848
-499049083 633577203
#r 0 5.1071423566
-483608482 -622730427
#r 0 1.3892969318
-483608482 -621730427
#r 0 6.2048925515
-483427568 -621744620
#r 0 0.0966173693
-400050622 -282770132
#r 0 6.0382627462
-400050622 -281770132
#r 0 2.0797858704
-399402142 -282932213
#r 0 5.1199780184
301295572 728310821
#r 0 2.4746443003
301295572 727310821
#r 0 2.3850588495
294908922 733339025
#r 0 4.6663109303
538670319 187274473
#r 0 2.3128510662
538670319 186274473
#r 0 1.2161329753
538934100 186986774
#r 0 1.1342947319
-356518068 -65592954
#r 0 0.8508712484
-356518068 -64592954
#r 0 4.1077763405
-359775503 -69307521
#r 0 5.9374163630
-276446552 932869643
#r 0 3.6755101712
-276446552 931869643
#r 0 4.9327918365
-276644390 932752683
#r 0 6.2437193230
-550539604 -271667289
#r 0 1.4851868345
-550539604 -270667289
#r 0 6.0089755015
-550455808 -270690861
#r 0 3.6560724500
-618319202 -169265767
#r 0 2.0902895486
-618319202 -168265767
#r 0 2.1956676163
-621080234 -164437852
#r 0 4.0356361323
755102565 -188650360
#r 0 2.3531259618
755102565 -187650360
#r 0 0.2859598316
754333437 -187876497
#r 0 0.2808668687
380790345 -501424583
#r 0 1.9863050396
380790345 -500424583
#r 0 0.5890472076
380449599 -500652261
#r 0 0.9164841601
-579009961 358478730
#r 0 0.3028960887
-579009961 357478730
#r 0 4.4209793781
-578678988 358582163
#r 0 0.4289483388
299350043 -849072587
#r 0 4.4248662474
299350043 -848072587
#r 0 4.4644462698
297591303 -855019964
#r 0 4.5181216475
547958642 -796389549
#r 0 3.0198473448
547958642 -795389549
#r 0 0.9047415572
547241721 -796301833
#r 0 0.9396283497
120566706 -818818612
#r 0 5.9432528059
120566706 -817818612
#r 0 1.8359985359
120867166 -818924873
#r 0 1.0264627524
137093106 -178832048
#r 0 5.7850946476
137093106 -177832048
#r 0 0.5467809936
136225435 -178360186
#r 0 0.8615165697
-671832205 450572368
#r 0 4.7581645044
-671832205 449572368
#r 0 1.0762757448
-671789984 449650669
#r 0 0.5368841137
-468532303 -84888903
#r 0 0.9098028698
-468532303 -83888903
#r 0 0.9213823615
-500593002 -126114030
#r 0 1.4938398998
242220329 -192797614
#r 0 5.3990005935
242220329 -191797614
#r 0 0.5119682191
241659152 -192112965
#r 0 4.5000054862
474168597 127670696
#r 0 3.7705351332
474168597 126670696
#r 0 3.4501667668
471722055 125890846
#r 0 2.9885556651
595496296 -707793242
#r 0 0.7315420520
595496296 -706793242
#r 0 0.6666875672
604519801 -699692856
#r 0 1.0521116702
677928845 -196320030
#r 0 3.6006493898
677928845 -195320030
#r 0 5.3073252897
678435952 -196069380
#r 0 2.1204561733
134234208 -184258840
#r 0 2.8033728452
134234208 -183258840
#r 0 0.8081452311
133519052 -184007294
#r 0 2.2040213752
-222667336 -46611794
#r 0 5.5822925931
-222667336 -45611794
#r 0 5.5360495108
-210538058 -56846668
#r 0 5.6270198588
219528894 970092025
#r 0 3.6870952056
219528894 969092025
#r 0 4.0135115896
221244112 971133049
#r 0 3.6720889360
-384209398 -106897359
#r 0 1.9541141834
-384209398 -105897359
#r 0 1.9393131961
-375106516 -129470313
#r 0 2.4507891478
615373946 -411111791
#r 0 1.2435758366
615373946 -410111791
#r 0 3.3655355060
615741807 -410028006
#r 0 1.8468380287
326662212 790338362
#r 0 2.9535599088
326662212 789338362
#r 0 4.6487619565
326725162 790326384
#r 0 3.6195876528
340630368 -61653550
#r 0 0.3348785182
340630368 -60653550
#r 0 4.8956484128
340804478 -61592962
#r 0 2.3846256100
-936931568 -253662529
#r 0 1.1323127006
-936931568 -252662529
#r 0 1.2828250379
-937735733 -255377425
#r 0 5.1517086537
-55698254 -527054964
#r 0 3.5121609172
-55698254 -526054964
#r 0 2.6194597056
-54660818 -526651902
#r 0 0.7663173166
-176767589 -188188183
#r 0 2.3673315617
-176767589 -187188183
#r 0 2.3935569857
-196753097 -168642950
#r 0 3.4813928470
133207554 429148051
#r 0 3.4545123731
133207554 428148051
#r 0 3.4076555619
113609612 422807140
#r 0 3.4009276669
420725815 -425022251
#r 0 0.5192429695
420725815 -424022251
#r 0 0.4478675042
431699223 -418750322
#r 0 0.4580978521
-984543034 144270826
#r 0 4.9183991270
-984543034 143270826
#r 0 6.2626412308
-984333158 143266514
#r 0 4.9585900461
366737756 485628537
#r 0 4.8759752194
366737756 484628537
#r 0 3.6750905240
366888155 484717366
#r 0 4.9370426452
-649282821 -270779598
#r 0 2.4573706353
-649282821 -269779598
#r 0 2.4684450672
-703993237 -226154047
#r 0 1.5564359165
411724544 245564399
#r 0 1.6433944226
411724544 244564399
#r 0 1.7741820155
411836885 244019682
#r 0 1.7880228827
795592083 -315379132
#r 0 1.4332907833
795592083 -314379132
#r 0 4.1105803573
795765378 -314126808
#r 0 3.3607961512
-521849662 466816098
#r 0 0.1025993068
-521849662 465816098
#r 0 0.2341474083
-514472941 467575611
#r 0 4.8507133876
-558514126 -706353026
#r 0 0.2882811219
-558514126 -705353026
#r 0 0.3470810422
-573855712 -710902447
#r 0 2.0497688733
-218018041 -776753981
#r 0 1.7085858031
-218018041 -775753981
#r 0 1.7251862206
-219290471 -767577900
#r 0 1.5155616331
517252615 315449462
#r 0 2.2783333158
517252615 314449462
#r 0 3.0007472065
518225891 314311467
#r 0 5.2786901284
-836634468 79323631
#r 0 4.8245396372
-836634468 78323631
#r 0 0.1828274478
-836524142 78344029
#r 0 0.3743953139
-478957491 -425697431
#r 0 0.9028371261
-478957491 -424697431
#r 0 0.0654581601
-478125527 -424642894
#r 0 1.1709037642
744680137 283363242
#r 0 3.4581333722
744680137 282363242
#r 0 1.4524659237
744803840 283403761
#r 0 4.8743393604
787479252 -388621533
#r 0 5.3665140856
787479252 -387621533
#r 0 5.4154883750
779442752 -378140062
#r 0 3.2672869544
734374273 161323653
#r 0 5.6958946337
734374273 160323653
#r 0 4.6207944143
734460832 161266036
#r 0 5.8024739217
-835925574 -325109799
#r 0 1.9153855927
-835925574 -324109799
#r 0 2.0150818546
-837384364 -321045284
#r 0 1.3610657386
191098699 -491490599
#r 0 1.4479784968
191098699 -490490599
#r 0 1.3728195953
191419600 -488890929
#r 0 1.6147835368
76967052 -918743877
#r 0 1.0113988352
76967052 -917743877
#r 0 1.1514693473
75419471 -921215615
#r 0 2.4726750642
-458212991 -390070259
#r 0 5.5914459239
-458212991 -389070259
#r 0 1.6477532965
-458130621 -390138483
#r 0 3.0932685879
-561441965 -303326039
#r 0 2.3706120503
-561441965 -302326039
#r 0 2.1328486000
-559819121 -304902750
#r 0 6.0259278376
-143029320 -288205830
#r 0 1.8849870144
-143029320 -287205830
#r 0 2.9493962729
-143376210 -287138326
#r 0 3.8172357491
-217724255 370576245
#r 0 1.4882420500
-217724255 369576245
#r 0 2.1395091848
-217797514 369690863
#r 0 0.1590045959
231282029 -813119927
#r 0 1.9713789263
231282029 -812119927
#r 0 5.3174775707
230189769 -810540680
#r 0 5.4062033094
-173650117 941397434
#r 0 2.3512473245
-173650117 940397434
#r 0 2.3906360528
-160588252 928205687
#r 0 6.0690182932
-974261600 -135035256
#r 0 0.6585057304
-974261600 -134035256
#r 0 0.3351825916
-971910802 -133216412
#r 0 0.6403560377
-219071864 876570219
#r 0 4.0532846877
-219071864 875570219
#r 0 0.2230913674
-220011711 875356998
#r 0 1.3810971599
841216372 -245702053
#r 0 1.8656818051
841216372 -244702053
#r 0 1.8968003425
838224834 -235853079
#r 0 1.7845237681
-554460271 622376857
#r 0 5.9438039677
-554460271 621376857
#r 0 3.3348865388
-552638043 621733536
#r 0 1.2276570559
-710372218 -603481641
#r 0 1.4607587811
-710372218 -602481641
#r 0 0.7164871667
-710249972 -602375180
#r 0 1.3937945630
57367412 137137296
#r 0 1.2273675202
57367412 136137296
#r 0 1.2495031343
62171527 150571644
#r 0 1.3444992198
350298717 99524416
#r 0 2.9780847987
350298717 98524416
#r 0 3.4857093719
352209461 99209180
#r 0 3.4988844053
124361302 -505132095
#r 0 0.3717001970
124361302 -504132095
#r 0 0.3196912688
141375738 -498499520
#r 0 0.3790259159
-544744435 413022941
#r 0 0.2695370495
-544744435 412022941
#r 0 4.9778649226
-544997333 412953076
#r 0 1.2912213113
-119196968 -904270036
#r 0 1.9775883351
-119196968 -903270036
#r 0 0.9221441353
-119471673 -903632406
#r 0 2.4623352889
-804414631 -463783652
#r 0 2.0206291637
-804414631 -462783652
#r 0 1.8975210121
-803278201 -466137246
#r 0 1.9804060530
551441948 -761356956
#r 0 0.7919078995
551441948 -760356956
#r 0 1.3226820723
551101145 -761702225
#r 0 3.5530735712
27156741 -865736728
#r 0 0.3083985104
27156741 -864736728
#r 0 1.1829415089
26687064 -865886350
#r 0 0.8381904267
940217810 -146619311
#r 0 5.6509834608
940217810 -145619311
#r 0 5.7075346535
928245022 -137849333
#r 0 5.6894247604
-914055295 46387478
#r 0 4.5953599873
-914055295 45387478
#r 0 5.7367406535
-914165015 45454213
#r 0 0.1974680575
-936955659 -34943340
#r 0 4.8137893602
-936955659 -33943340
#r 0 5.9431035569
-937061208 -33905994
#r 0 5.9668581579
-369379595 277222742
#r 0 1.2863585271
-369379595 276222742
#r 0 6.1366057780
-369659863 276264120
#r 0 3.8659918829
-821124475 11788443
#r 0 3.9231669665
-821124475 10788443
#r 0 4.7525281832
-821163097 11750116
#r 0 3.9396851672
-490967586 616064171
#r 0 5.7883015481
-490967586 615064171
#r 0 0.6342508898
-490183471 615641002
#r 0 4.5419610944
-678074763 -588467848
#r 0 2.2932905381
-678074763 -587467848
#r 0 0.3781482977
-678727628 -587727210
#r 0 0.4443041164
217643120 -215305082
#r 0 1.2761397657
217643120 -214305082
#r 0 0.5105355457
218008760 -214100301
#r 0 1.2985234734
-682169509 -158834214
#r 0 3.2305772818
-682169509 -157834214
#r 0 1.4629827961
-682278798 -158843965
#r 0 1.3187296816
557597791 508080141
#r 0 5.1539407760
557597791 507080141
#r 0 4.7801813291
557518506 508247877
#r 0 0.0082561840
639262792 -399950495
#r 0 2.8588800856
639262792 -398950495
#r 0 3.2049893696
636437736 -399129835
#r 0 1.8062518740
61684808 -566926225
#r 0 2.0357695438
61684808 -565926225
#r 0 0.4710598318
61285238 -566129726
#r 0 1.1800545830
523190902 523430949
#r 0 3.7165264397
523190902 522430949
#r 0 3.4551131422
520101983 521429479
#r 0 3.5874658094
-97120665 -106773775
#r 0 1.6455519275
-97120665 -105773775
#r 0 1.7895533108
-97233610 -105265734
#r 0 2.7995305994
-565009351 514254679
#r 0 2.6751513886
-565009351 513254679
#r 0 0.2135898232
-563621224 513555761
#r 0 4.4429237917
334580786 -482417867
#r 0 1.6761678211
334580786 -481417867
#r 0 0.5551598113
334481533 -481479426
#r 0 2.5362670706
-302732954 278207160
#r 0 3.6138228217
-302732954 277207160
#r 0 2.3254533592
-303368186 277882699
#r 0 5.0244691076
-258338693 -552221732
#r 0 1.7052697696
-258338693 -551221732
#r 0 5.9051015316
-258481666 -551164944
#r 0 1.8483131915
-571070279 -284224233
#r 0 1.0526519465
-571070279 -283224233
#r 0 5.7911919254
-570633603 -283458270
#r 0 5.8793000735
481874853 641887316
#r 0 2.6208006032
481874853 640887316
#r 0 5.8683628941
489380257 637582111
#r 0 5.1486464160
-479273610 -106822827
#r 0 6.1487425886
-479273610 -105822827
#r 0 5.0957202880
-478847062 -106880521
#r 0 2.0503437705
-4238218 -621301856
#r 0 5.6549899893
-4238218 -620301856
#r 0 1.9909016872
-3576969 -621782157
#r 0 5.6564625847
-213551122 -22815755
#r 0 5.0262064779
-213551122 -21815755
#r 0 4.9827966264
-211650977 -28670608
#r 0 5.0366058289
-874003763 -51756842
#r 0 5.7663763887
-874003763 -50756842
#r 0 6.2469631571
-875883129 -50688738
#r 0 5.8678635784
-191082364 -706539912
#r 0 1.6836253737
-191082364 -705539912
#r 0 0.9671506623
-191179681 -705681054
#r 0 1.0105771575
-712230836 221529366
#r 0 5.9503425354
-712230836 220529366
#r 0 4.8533990947
-712380114 221580972
#r 0 4.9609413066
-780382671 126943689
#r 0 0.4573403455
-780382671 125943689
#r 0 5.8111949307
-781380065 126452831
#r 0 4.7526894175
-236286024 -513307999
#r 0 5.1292723512
-236286024 -512307999
#r 0 5.0783997461
-233436198 -519743345
#r 0 1.1754431792
432125842 146983063
#r 0 5.5160628486
432125842 145983063
#r 0 0.7098221238
432674292 146454302
#r 0 1.6662074290
-261116530 -918750953
#r 0 0.4951461210
-261116530 -917750953
#r 0 1.6129426235
-261075298 -918728687
#r 0 1.2527388197
118024946 613168088
#r 0 5.5563986977
118024946 612168088
#r 0 5.0440289213
117528620 613609395
#r 0 5.5161536718
-464226731 -787773296
#r 0 0.5501603055
-464226731 -786773296
#r 0 1.1786841613
-464780778 -788113107
#r 0 0.5280350875
-243669211 -909135288
#r 0 1.5557065187
-243669211 -908135288
#r 0 1.4797850800
-243651130 -907937172
#r 0 1.6623614666
-477273716 873997373
#r 0 5.9959858324
-477273716 872997373
#r 0 5.9624495193
0 0
#r 0 3.5528296431
-723337552 322551553
#r 0 5.1941587255
-723337552 321551553
#r 0 1.1659171300
-723102034 322101114
#r 0 1.4428188518
-109826943 -461038229
#r 0 2.9564624050
-109826943 -460038229
#r 0 1.9532874248
-109391859 -461119709
#r 0 1.7810152883
273596302 -710435175
#r 0 0.2293976051
273596302 -709435175
#r 0 2.6731367156
274948507 -710119424
#r 0 3.2732937990
-495340295 -231301155
#r 0 0.6471882173
-495340295 -230301155
#r 0 1.3464191565
-495616084 -231509590
#r 0 1.1831704465
-335666797 -774290530
#r 0 1.4490154208
-335666797 -773290530
#r 0 0.9703147584
-335517780 -773072938
#r 0 1.9292259721
-44434562 -424288087
#r 0 1.7266506861
-44434562 -423288087
#r 0 1.2888040435
-44536437 -423639730
#r 0 2.9583381137
482272679 648017210
#r 0 5.6378166459
482272679 647017210
#r 0 4.1047053822
482729136 647673533
#r 0 3.3726691708
-848718430 -335529233
#r 0 5.0802975462
-848718430 -334529233
#r 0 4.9982087883
-847481728 -338737620
#r 0 5.0230512559
-538168394 -366123595
#r 0 1.3711570065
-538168394 -365123595
#r 0 6.1075242987
-537973074 -365158262
#r 0 0.6186018664
780704324 -493859950
#r 0 3.9814450421
780704324 -492859950
#r 0 2.7169813550
781342317 -493148396
#r 0 2.8398008795
101574837 -660299922
#r 0 5.4785464731
101574837 -659299922
#r 0 5.4675207178
144677172 -705093645
#r 0 5.4183310028
274165912 -778182756
#r 0 2.8011362361
274165912 -777182756
#r 0 2.7866027247
334981374 -799726663
#r 0 4.3593314925
-30247511 -354320033
#r 0 5.7777672361
-30247511 -353320033
#r 0 1.9964523598
-29642304 -354654930
#r 0 1.8058630146
196232884 -273237791
#r 0 0.5090401048
196232884 -272237791
#r 0 4.7253970909
196245799 -273230583
#r 0 2.2731535095
-43571381 -254057842
#r 0 5.5509367769
-43571381 -253057842
#r 0 3.0827170006
-44761813 -252987673
#r 0 2.4852368518
245238934 77228773
#r 0 5.0403234871
245238934 76228773
#r 0 3.4710793984
245543697 76332987
#r 0 0.4493181859
691449954 36763389
#r 0 2.1915376592
691449954 35763389
#r 0 2.2594691935
696895484 29147569
#r 0 1.1555532317
305194638 -415436078
#r 0 0.0326918108
305194638 -414436078
#r 0 2.5661788386
306662341 -415388079
#r 0 0.0050191125
326597884 -216545057
#r 0 1.7859025258
326597884 -215545057
#r 0 1.8148915640
324818115 -208399158
#r 0 5.3029301678
48717586 -293671845
#r 0 2.4707993095
48717586 -292671845
#r 0 2.1600131811
50141044 -294801425
#r 0 0.9003521979
530625494 -89118625
#r 0 1.0026423643
530625494 -88118625
#r 0 0.9382479067
535568965 -81374694
#r 0 0.8846020850
42124448 645983829
#r 0 4.8469086403
42124448 644983829
#r 0 4.1407148050
42236263 645157634
#r 0 2.0647961091
-178491570 670902010
#r 0 4.6576869800
-178491570 669902010
#r 0 5.5657671445
-178543830 669947607
#r 0 4.6954614937
78464923 432039983
#r 0 4.6829596480
78464923 431039983
#r 0 4.6393576327
78415666 430366713
#r 0 4.6176453594
160031141 -417843750
#r 0 5.2184481990
160031141 -416843750
#r 0 5.2718954650
155215106 -409153625
#r 0 5.0512103464
-430166093 553065446
#r 0 5.9906627439
-430166093 552065446
#r 0 5.9897685171
0 0
#r 0 1.0476425347
17710008 853207122
#r 0 0.5612069520
17710008 852207122
#r 0 3.4754546033
14161222 850976241
#r 0 5.0705538100
14875479 -715975258
#r 0 6.1074017846
14875479 -714975258
#r 0 2.2847874497
15899585 -716157156
#r 0 2.1784499606
-415569731 -638404763
#r 0 1.2917686325
-415569731 -637404763
#r 0 1.9110669718
-415411376 -637852043
#r 0 0.2893264878
-773961145 -176289730
#r 0 2.5539205121
-773961145 -175289730
#r 0 2.5752779377
-806847222 -154381373
#r 0 5.6555438488
940988252 -325744210
#r 0 3.2550508254
940988252 -324744210
#r 0 1.4553941801
940870783 -325757595
#r 0 1.3492411703
-826089410 389315028
#r 0 4.7249455171
-826089410 388315028
#r 0 5.1302118343
-826076487 388285920
#r 0 0.9069461690
787581078 -76307990
#r 0 3.9241775632
787581078 -75307990
#r 0 3.7287024808
790620486 -73285635
#r 0 3.8262247213
-720594767 -54294382
#r 0 5.7609751551
-720594767 -53294382
#r 0 1.2929885956
-720839743 -54153398
#r 0 5.7133989533
594911311 732837332
#r 0 5.4961209084
594911311 731837332
#r 0 3.9133929609
595417254 732329700
#r 0 4.9004535911
288809318 -738112341
#r 0 3.0768641202
288809318 -737112341
#r 0 0.4104425119
286809224 -737982697
#r 0 3.1258565497
-344837829 -486706031
#r 0 1.1014310650
-344837829 -485706031
#r 0 5.7638300923
-344444661 -485930808
#r 0 0.7495155225
-62712054 -847301326
#r 0 6.2164642676
-62712054 -846301326
#r 0 1.4782502885
-62804293 -847295163
#r 0 0.5739113373
-250419138 -693493865
#r 0 1.2460017414
-250419138 -692493865
#r 0 1.1790188234
-248598687 -688087427
#r 0 1.2245391806
366755340 -91389671
#r 0 5.2271259424
366755340 -90389671
#r 0 5.1925817550
373340125 -103031910
#r 0 0.5173343724
961566412 68953195
#r 0 2.7645676569
961566412 67953195
#r 0 3.2851538890
963416472 68220632
#r 0 2.7837322985
597164501 -516317146
#r 0 2.6046247770
597164501 -515317146
#r 0 4.9138765978
597397036 -516455578
#r 0 2.5188381918
-877313621 -335845740
#r 0 6.0962002043
-877313621 -334845740
#r 0 5.3149706865
-876522753 -335995368
#r 0 5.2249164305
-380835327 -806301119
#r 0 2.5289921673
-380835327 -805301119
#r 0 2.3520563008
-377562156 -808601493
#r 0 1.2087620643
822465216 -184570263
#r 0 1.5648288907
822465216 -183570263
#r 0 1.4514643113
822471496 -183517886
#r 0 1.5152258061
186036512 447263379
#r 0 6.0176822011
186036512 446263379
#r 0 5.8262584732
181484939 448501055
#r 0 3.0232185581
-324336703 -906969741
#r 0 0.2611431816
-324336703 -905969741
#r 0 1.4446540435
-324467967 -907004821
#r 0 0.7932599618
-23877194 30146238
#r 0 2.0213798651
-23877194 29146238
#r 0 3.9791946770
-23562465 29495670
#r 0 1.9964999171
-646955563 126488175
#r 0 3.7762980783
-646955563 125488175
#r 0 1.4936808305
-646873633 126548504
#r 0 0.2801858105
647455009 119171730
#r 0 2.1409452509
647455009 118171730
#r 0 1.3315922251
647631684 118896183
#r 0 0.1290408204
-614105525 708095676
#r 0 4.0483379827
-614105525 707095676
#r 0 0.8371400720
-620039123 700513931
#r 0 5.2883474102
-144601442 -246545691
#r 0 0.8579286688
-144601442 -245545691
#r 0 1.9141299790
-144348531 -246253149
#r 0 4.6549054185
-755786970 456770808
#r 0 1.2279324586
-755786970 455770808
#r 0 6.0232873914
-756112987 455857500
#r 0 1.0769511235
-942398078 -178453409
#r 0 0.8219770784
-942398078 -177453409
#r 0 0.0979279097
-941375299 -177352929
#r 0 0.4731947818
711522906 98276513
#r 0 4.0204850779
711522906 97276513
#r 0 4.0928353307
716647900 104462070
#r 0 0.9368069743
-865732126 -389513957
#r 0 5.8515876668
-865732126 -388513957
#r 0 5.8044346028
-848628711 -397391039
#r 0 5.7748021176
457994694 -775492143
#r 0 0.5520745516
457994694 -774492143
#r 0 3.7382963978
442208230 -785216024
#r 0 1.3232668493
223679184 -734348721
#r 0 5.2093558010
223679184 -733348721
#r 0 1.6291929906
223744710 -734469536
#r 0 0.0832112544
590989480 604339845
#r 0 5.6344326813
590989480 603339845
#r 0 5.8857157747
593944350 602099351
#r 0 3.2350976506
33739637 326385330
#r 0 5.4000306051
33739637 325385330
#r 0 5.4070602823
91538352 256017426
#r 0 1.6687539276
107088828 -31836439
#r 0 6.2213353755
107088828 -30836439
#r 0 3.2105498510
99454985 -31363683
#r 0 3.9524328443
-86557720 15314172
#r 0 3.9668583237
-86557720 14314172
#r 0 4.4288824197
-86132034 15775229
#r 0 0.7951160693
187576655 288198927
#r 0 0.0807699406
187576655 287198927
#r 0 5.9387364457
185302358 288014832
#r 0 3.5004978195
376013911 294524797
#r 0 3.7434033494
376013911 293524797
#r 0 6.0198143349
374968359 293806714
#r 0 1.1595897522
278966036 620220652
#r 0 2.1086338239
278966036 619220652
#r 0 2.8150858704
279713511 618967537
#r 0 2.0699310003
-721859489 -551390151
#r 0 2.2184405050
-721859489 -550390151
#r 0 1.4565656491
-721959111 -551258463
#r 0 1.7143385563
388898961 -22604958
#r 0 3.0944561846
388898961 -21604958
#r 0 5.9579942140
392347366 -22767624
#r 0 4.3870506942
-862956667 140643757
#r 0 4.9176812499
-862956667 139643757
#r 0 4.4424730693
-862837859 140073183
#r 0 0.2641527883
-64393835 -548376194
#r 0 3.2322837341
-64393835 -547376194
#r 0 3.2827291587
-83947765 -550154439
#r 0 0.2348070203
-682022435 430113840
#r 0 4.6832454220
-682022435 429113840
#r 0 0.9649050541
-682052867 429069915
#r 0 0.5042340741
129522077 617343422
#r 0 6.1204885173
129522077 616343422
#r 0 2.3048580622
128462959 617517274
#r 0 4.5244112123
-709725211 -135667791
#r 0 0.7543307492
-709725211 -134667791
#r 0 0.7891562469
-724468822 -149522636
#r 0 0.2147759757
882172595 169931446
#r 0 1.4062822015
882172595 168931446
#r 0 1.3586933377
881447848 165565882
#r 0 1.3644291217
29768177 179516482
#r 0 1.4604635740
29768177 178516482
#r 0 6.0924308874
29659715 178537426
#r 0 1.4540741210
258981388 553416150
#r 0 5.5347387593
258981388 552416150
#r 0 4.0903572134
259411785 553016441
#r 0 6.2663374588
867622611 474026919
#r 0 2.6043099697
867622611 473026919
#r 0 4.6754105804
867658808 474005355
#r 0 5.2126075591
494169261 705240858
#r 0 2.7045312504
494169261 704240858
#r 0 3.8514737679
494923115 704888661
#r 0 5.7030319502
122469093 -725635014
#r 0 6.1970214520
122469093 -724635014
#r 0 6.1522152487
144521580 -727539858
#r 0 6.0509281239
-603116602 -663308573
#r 0 1.2500857358
-603116602 -662308573
#r 0 0.8155225208
-602603332 -661763409
#r 0 0.0339813200
-145539966 -887360284
#r 0 2.2854608886
-145539966 -886360284
#r 0 0.8677453224
-145968704 -886866159
#r 0 1.4630339676
682414660 608429595
#r 0 5.5294381899
682414660 607429595
#r 0 5.5866979885
692188032 599256111
#r 0 5.5274091091
-490982295 -354183775
#r 0 3.4496476164
-490982295 -353183775
#r 0 2.1965352478
-490394771 -353996834
#r 0 6.0324955768
-802812116 -220135267
#r 0 1.5351401288
-802812116 -219135267
#r 0 1.4588847271
-802759857 -218670251
#r 0 1.5269400400
250470454 471718324
#r 0 4.6647974950
250470454 470718324
#r 0 4.8783980148
250433368 470939663
#r 0 4.7884327432
439852827 37625603
#r 0 5.0148835530
439852827 36625603
#r 0 1.7088490336
439602398 38428077
#r 0 1.0002988687
-160210028 -311873695
#r 0 6.1809492774
-160210028 -310873695
#r 0 3.8840744770
-161190185 -311773137
#r 0 3.9039156767
378118500 -176315695
#r 0 6.1830416567
378118500 -175315695
#r 0 1.5806921060
378128406 -176316690
#r 0 0.5616239645
-866575725 -214630372
#r 0 0.2269111417
-866575725 -213630372
#r 0 2.0710171857
-866090386 -214518313
#r 0 0.7702893997
135413484 36622920
#r 0 6.0642103743
135413484 35622920
#r 0 1.9919432084
134915936 36733646
#r 0 2.9358519342
133848038 926203271
#r 0 3.8528106191
133848038 925203271
#r 0 3.7114112088
129321842 922303280
#r 0 3.7446397611
152317393 -838586251
#r 0 1.2519868460
152317393 -837586251
#r 0 1.4868065160
152204380 -838928644
#r 0 1.3744243794
866394399 -388688067
#r 0 4.7639231863
866394399 -387688067
#r 0 4.6547952693
866367174 -388160249
#r 0 2.1030938098
-110683473 -855371776
#r 0 2.0058310567
-110683473 -854371776
#r 0 6.2543233984
-111154522 -854358177
#r 0 1.8697722706
-778756986 -564076853
#r 0 1.8948553876
-778756986 -563076853
#r 0 0.2927777050
-779062002 -563168797
#r 0 1.4303129038
-737950047 -439455128
#r 0 0.1493420581
-737950047 -438455128
#r 0 1.3524418223
-738179603 -439489668
#r 0 2.7850367362
-609784449 -471338019
#r 0 2.3217812266
-609784449 -470338019
#r 0 2.1260536206
-607934834 -473319528
#r 0 2.3496306227
-23189346 649857189
#r 0 5.1866031349
-23189346 648857189
#r 0 1.2435443972
-22985020 649459109
#r 0 5.7224246344
919027675 186956176
#r 0 2.9442018913
919027675 185956176
#r 0 2.7937856954
912875730 188186534
#r 0 3.2679359319
-462062882 -817316296
#r 0 0.7817807333
-462062882 -816316296
#r 0 1.0937811489
-463124332 -818370094
#r 0 1.9615551467
-122964257 -333624352
#r 0 3.5675189023
-122964257 -332624352
#r 0 1.1967505842
-123441833 -333841028
#r 0 2.2438881414
-340634393 559951828
#r 0 5.2498475650
-340634393 558951828
#r 0 5.1949998492
-344968464 567224000
#r 0 5.3311348237
-909594700 -252680642
#r 0 1.6077149766
-909594700 -251680642
#r 0 0.6516001713
-909630623 -251708042
#r 0 5.2541251990
43912064 302995607
#r 0 1.3673102501
43912064 301995607
#r 0 1.3805718965
46793392 316959457
#r 0 4.5973144972
117420708 890129395
#r 0 3.1132615939
117420708 889129395
#r 0 3.0243900584
106235472 890446369
#r 0 3.0149398094
-468178342 -347725758
#r 0 1.3063085672
-468178342 -346725758
#r 0 5.6231146081
-467954555 -346899466
#r 0 1.3368236989
71200613 -222501511
#r 0 1.5545426617
71200613 -221501511
#r 0 2.6194350926
71216717 -221510778
#r 0 0.9828879516
-243623499 -789879633
#r 0 1.4926694517
-243623499 -788879633
#r 0 1.6164622707
-243594644 -789511055
#r 0 0.5952522151
-769324329 107708350
#r 0 6.1726007002
-769324329 106708350
#r 0 0.6119393556
-768094085 107571747
#r 0 6.1152605878
635566251 196520845
#r 0 2.8809387440
635566251 195520845
#r 0 0.9600053120
636156188 196363496
#r 0 0.9546887864
195202581 -473800941
#r 0 4.0916100207
195202581 -472800941
#r 0 4.2371253718
193367053 -476367806
#r 0 4.0665344817
308865562 -904406367
#r 0 2.2778985282
308865562 -903406367
#r 0 2.2992626826
288620867 -880714575
#r 0 5.0485244084
710295145 -265660052
#r 0 2.2436361274
710295145 -264660052
#r 0 1.5124432722
710240716 -265591750
#r 0 5.3458797099
-659887626 -690524746
#r 0 2.0944793604
-659887626 -689524746
#r 0 1.8121460969
-659458605 -691267688
#r 0 0.5266738030
582191960 -738122481
#r 0 2.0657390794
582191960 -737122481
#r 0 0.8831535469
581866244 -737519028
#r 0 2.7013923649
619956929 619639294
#r 0 5.4240513689
619956929 618639294
#r 0 4.8840961474
619739868 619890981
#r 0 3.8244742658
279378978 182926265
#r 0 0.9342593106
279378978 181926265
#r 0 0.8348183010
275359550 177488542
#r 0 3.9432046089
-31041134 -356688329
#r 0 2.8117019497
-31041134 -355688329
#r 0 2.3680497517
-29464253 -357228257
#r 0 5.2374742162
531322273 778893238
#r 0 5.4453199730
531322273 777893238
#r 0 5.4560148326
573672526 731848367
#r 0 3.8568447108
-409016762 -551302065
#r 0 2.1554871245
-409016762 -550302065
#r 0 2.3426838648
-411085339 -548176824
#r 0 0.9273532498
-242530425 -410578653
#r 0 3.2919232756
-242530425 -409578653
#r 0 3.3495945901
-259314275 -413120960
#r 0 3.0985187210
280793211 -921368331
#r 0 1.2768621287
280793211 -920368331
#r 0 1.3439841433
279821861 -924577260
#r 0 1.3499252309
730390034 137322819
#r 0 0.4253147160
730390034 136322819
#r 0 0.3142071867
722576906 133783766
#r 0 0.3736737183
336241334 349827929
#r 0 6.0442439789
336241334 348827929
#r 0 3.7732884489
337266649 349578168
#r 0 3.7878021742
182629508 -60733374
#r 0 2.7566764696
182629508 -59733374
#r 0 0.4794209922
181548426 -60295401
#r 0 0.4198703549
-14583895 -391538609
#r 0 0.0770696573
-14583895 -390538609
#r 0 1.8144436840
-14339991 -391519774
#r 0 3.2353447446
-529968658 -541423045
#r 0 6.2097499102
-529968658 -540423045
#r 0 1.3006129064
-530240083 -541403077
#r 0 0.4554067028
-295721070 -115687762
#r 0 2.5622619577
-295721070 -114687762
#r 0 6.0487002952
-298128777 -114112611
#r 0 2.1108422232
-860392259 105310463
#r 0 4.9123297275
-860392259 104310463
#r 0 6.1753395773
-860185065 104288031
#r 0 6.1553518714
134282577 690186611
#r 0 5.6329382811
134282577 689186611
#r 0 3.4300897491
135228319 689467285
#r 0 4.5240557117
120775521 105317247
#r 0 1.7318721311
120775521 104317247
#r 0 0.2841172291
120930644 104362546
#r 0 3.6037045469
705482076 -427802156
#r 0 5.9584484866
705482076 -426802156
#r 0 1.9133921689
705887405 -427938612
#r 0 6.0375898366
67711290 -820628312
#r 0 5.9749740591
67711290 -819628312
#r 0 0.7441667698
66904263 -820371390
#r 0 0.6397319915
433987350 508403551
#r 0 3.9835071679
433987350 507403551
#r 0 5.1307043772
433690560 508071164
#r 0 4.0084098220
-118050258 19266698
#r 0 5.1262424793
-118050258 18266698
#r 0 4.8442804534
-118240328 19699442
#r 0 1.4627466422
-797637337 -148047045
#r 0 4.8247959094
-797637337 -147047045
#r 0 4.8096065073
-796920510 -154397235
#r 0 4.8701561679
-297627869 -312378482
#r 0 4.9321986287
-297627869 -311378482
#r 0 0.8916512561
-297802858 -311595254
#r 0 3.3469366055
526708312 738674488
#r 0 5.2418261384
526708312 737674488
#r 0 5.5985969871
527828569 736760046
#r 0 2.7628792544
902408713 326691638
#r 0 1.1811589181
902408713 325691638
#r 0 3.1881252768
901990077 325672144
#r 0 1.1784511161
194389026 724215994
#r 0 4.3941218416
194389026 723215994
#r 0 2.5880735300
194115290 723385151
#r 0 5.4105014019
479784988 -770379991
#r 0 1.4930849680
479784988 -769379991
#r 0 3.7017451417
479866854 -769328648
#r 0 0.5700007920
-131810955 348029062
#r 0 1.7130949021
-131810955 347029062
#r 0 0.3034424863
-131673839 347071995
#r 0 4.2429159470
586522933 -217901995
#r 0 4.4259562006
586522933 -216901995
#r 0 0.0916065811
586825656 -216874186
#r 0 4.7687718098
-187748036 23994930
#r 0 5.6034917866
-187748036 22994930
#r 0 2.1242398704
-188982066 24992217
#r 0 2.7723359420
352205545 -810872443
#r 0 3.9634181133
352205545 -809872443
#r 0 4.1383085797
350080470 -813158266
#r 0 3.9705548959
-281264150 625950435
#r 0 1.2749710306
-281264150 624950435
#r 0 4.5951826285
-281072273 626580019
#r 0 1.2527905805
805993669 -555805939
#r 0 3.3665066290
805993669 -554805939
#r 0 3.3001600163
820512727 -552484199
#r 0 1.1462997680
109176579 830254230
#r 0 1.8732186691
109176579 829254230
#r 0 3.1989318981
109483082 829271824
#r 0 2.7526117458
454603456 -115132683
#r 0 1.0534674302
454603456 -114132683
#r 0 4.6202740697
454493177 -115326489
#r 0 0.4350093283
-841858840 456991149
#r 0 5.0938213463
-841858840 455991149
#r 0 4.5921626469
-841765997 456759663
#r 0 4.8501420273
-394302774 -111391377
#r 0 1.6772072288
-394302774 -110391377
#r 0 4.1924075622
-394392794 -110548607
#r 0 6.1370764541
-44928054 515757560
#r 0 5.7325407640
-44928054 514757560
#r 0 5.5956484779
-49754051 518720685
#r 0 3.1938652153
-121117037 -740886462
#r 0 2.0847834173
-121117037 -739886462
#r 0 1.2962461360
-121304954 -740553632
#r 0 0.8205100888
-104972969 -794518837
#r 0 1.6512342172
-104972969 -793518837
#r 0 1.6540149587
-107374849 -764723205
#r 0 2.0057405371
-228728329 -70115130
#r 0 4.8007966001
-228728329 -69115130
#r 0 0.1711331119
-228815630 -69130218
#r 0 0.0349314460
211817052 -353830981
#r 0 4.5385788551
211817052 -352830981
#r 0 4.5549809183
210164180 -363244668
#r 0 4.5471707918
714039536 -444378998
#r 0 3.0719074057
714039536 -443378998
#r 0 1.5892039393
714057969 -444380285
#r 0 2.7363593358
210279624 -719446913
#r 0 3.4370855967
210279624 -718446913
#r 0 3.6124516454
205393047 -720934410
#r 0 3.4336598505
-252990652 907596128
#r 0 6.2291967398
-252990652 906596128
#r 0 0.8126669057
-252089850 907547448
#r 0 0.0125333244
-111775591 385835601
#r 0 4.1773440264
-111775591 384835601
#r 0 2.6550001331
-112226819 385074309
#r 0 4.6920362298
-751715650 246572132
#r 0 5.4842824681
-751715650 245572132
#r 0 1.4304347483
-751592269 246445373
#r 0 5.6594124722
734240015 -107718197
#r 0 4.1045800262
734240015 -106718197
#r 0 6.0735550465
734845989 -106847122
#r 0 4.0420325166
451097033 876365304
#r 0 3.6425722053
451097033 875365304
#r 0 5.5022340092
450447142 876009440
#r 0 5.4504340260
-213751703 -188883800
#r 0 1.8361175397
-213751703 -187883800
#r 0 1.7151982171
-213438886 -190035016
#r 0 1.8120929803
-871609781 -439190600
#r 0 1.0666577810
-871609781 -438190600
#r 0 0.5666943618
-870759660 -437649655
#r 0 0.5967095892
873731973 -187795839
#r 0 2.9299026971
873731973 -186795839
#r 0 0.2372435720
871542385 -187325275
#r 0 2.8363239389
476321941 -514170025
#r 0 1.9423224674
476321941 -513170025
#r 0 1.0925739019
476099511 -513599134
#r 0 1.9652531566
648529161 -258031637
#r 0 2.5398600119
648529161 -257031637
#r 0 5.5062839593
651902232 -260347869
#r 0 3.7197938742
-947200162 54478327
#r 0 4.8250968776
-947200162 53478327
#r 0 0.2067425673
-947089599 53501516
#r 0 6.0437204065
-72923073 965837855
#r 0 4.0729693461
-72923073 964837855
#r 0 5.0549091649
-73164084 965513760
#r 0 3.3980918296
533900477 -572149686
#r 0 5.9411915476
533900477 -571149686
#r 0 1.3764747067
533716557 -572084214
#r 0 2.1350606468
-787439174 -505763987
#r 0 2.0245602917
-787439174 -504763987
#r 0 0.2442108208
-787874032 -504872347
#r 0 1.4905589296
-244124713 -774407860
#r 0 1.3610319564
-244124713 -773407860
#r 0 1.4138974850
-244740468 -777300141
#r 0 1.4139972607
912688030 366379819
#r 0 0.1538148598
912688030 365379819
#r 0 0.2357105783
924433990 368200907
#r 0 3.4820903609
65744808 676218049
#r 0 2.8151843803
65744808 675218049
#r 0 4.3183141551
66109324 676094654
#r 0 4.3348171039
-530446177 836542796
#r 0 0.4608994084
-530446177 835542796
#r 0 0.4302121996
-556977306 823368248
#r 0 0.2936495356
-415563059 -298865844
#r 0 1.7443513318
-415563059 -297865844
#r 0 1.4523634383
-415633941 -298461541
#r 0 1.8360652164
-886033412 -228132643
#r 0 1.1777705702
-886033412 -227132643
#r 0 4.9861052912
-885866012 -227728876
#r 0 1.1207781930
-277974413 -935647969
#r 0 1.4760899219
-277974413 -934647969
#r 0 2.1489671635
-277891493 -934775039
#r 0 0.7120679737
200104270 740576328
#r 0 3.7825285786
200104270 739576328
#r 0 4.9438845951
199903801 740426778
#r 0 2.2832798670
-138670661 -326693416
#r 0 3.7930604348
-138670661 -325693416
#r 0 2.6208473238
-137922200 -326122697
#r 0 5.5317119767
-420259027 -893966584
#r 0 0.9741957778
-420259027 -892966584
#r 0 0.1832589392
-419482071 -892822584
#r 0 1.7074916358
-798050443 -196980374
#r 0 1.4267617269
-798050443 -195980374
#r 0 1.5000200088
-798189125 -197936547
#r 0 1.5024052221
-402542994 -134498653
#r 0 3.9937867219
-402542994 -133498653
#r 0 4.0813446604
-406984688 -139577208
#r 0 2.9330215192
508744237 816338581
#r 0 5.5557905580
508744237 815338581
#r 0 4.9371758653
508457148 816594158
#r 0 4.3105072933
-397593185 913590386
#r 0 3.8057168048
-397593185 912590386
#r 0 4.6542278421
-397532178 913638139
#r 0 4.6537353712
-443314379 -868631678
#r 0 0.1525005514
-443314379 -867631678
#r 0 1.8486592102
-443041117 -868589679
#r 0 1.5651370085
-533147680 613971414
#r 0 0.9395185621
-533147680 612971414
#r 0 3.3808391691
-534037413 612754392
#r 0 1.1467337532
-770932227 -336799630
#r 0 4.0658509643
-770932227 -335799630
#r 0 1.3482318099
-771255463 -337227896
#r 0 4.0504405807
-313801222 -169811900
#r 0 0.3160008019
-313801222 -168811900
#r 0 0.2285783335
-303198187 -166345165
#r 0 0.4392283731
396351162 236536477
#r 0 2.7189416502
396351162 235536477
#r 0 3.5151914709
397539142 236002176
#r 0 1.6502240239
653214263 -656222690
#r 0 3.9233615743
653214263 -655222690
#r 0 2.2618024660
653668413 -655771824
#r 0 2.0822809320
-126037657 252119065
#r 0 4.9478530423
-126037657 251119065
#r 0 0.3801888118
-125818732 251206554
#r 0 3.2157938224
795662488 -210263076
#r 0 0.8263378288
795662488 -209263076
#r 0 0.9850065212
793291647 -212836444
#r 0 0.9189935749
-552602322 134431660
#r 0 0.5777650192
-552602322 133431660
#r 0 2.5043921041
-553320620 133963345
#r 0 2.5870587327
-25074801 475442830
#r 0 2.9854717453
-25074801 474442830
#r 0 3.2373816448
-21129792 474821878
#r 0 5.7918469484
-581753711 58339560
#r 0 1.9761282645
-581753711 57339560
#r 0 0.9853280109
-581493211 57732464
#r 0 5.8057182695
-123676106 -141587957
#r 0 2.4285490778
-123676106 -140587957
#r 0 3.2659540047
-124686369 -140714246
#r 0 4.1774757004
-770394741 -202777594
#r 0 4.4905875388
-770394741 -201777594
#r 0 2.1643804775
-770225718 -202028087
#r 0 2.1157269822
226219170 40973701
#r 0 5.5767685022
226219170 39973701
#r 0 5.5777647548
807542663 -455079719
#r 0 6.1972518894
-730767039 -317649186
#r 0 1.9371477758
-730767039 -316649186
#r 0 3.9941627859
-731033660 -316954267
#r 0 2.0490190983
313987082 -595303530
#r 0 0.7531883021
313987082 -594303530
#r 0 2.4475342442
314552133 -594773755
#r 0 2.4476986895
422385780 609464897
#r 0 3.9556742148
422385780 608464897
#r 0 2.6742313202
421746283 608787620
#r 0 6.1432510868
-283682688 -708434606
#r 0 1.0062451877
-283682688 -707434606
#r 0 0.9987975280
-244794582 -647029853
#r 0 1.0356106345
-165174039 -771223105
#r 0 1.7484827360
-165174039 -770223105
#r 0 2.4401059714
-165385737 -770044255
#r 0 1.3987259786
-595802012 -385074130
#r 0 1.2077633673
-595802012 -384074130
#r 0 1.7446519658
-595681911 -384757966
#r 0 3.3444757786
277214466 -802769623
#r 0 0.5677059115
277214466 -801769623
#r 0 4.8868635669
277372921 -802668571
#r 0 0.3132698130
-49223034 10182434
#r 0 3.0440352834
-49223034 9182434
#r 0 2.7554011535
-52461986 10499424
#r 0 3.8657292200
606551053 -19018638
#r 0 4.4980222282
606551053 -18018638
#r 0 4.5525621360
605930003 -21871259
#r 0 3.7559922671
-355498144 909755308
#r 0 3.3419233726
-355498144 908755308
#r 0 3.9712551286
-354374091 909983552
#r 0 3.9633917329
47076853 -733059593
#r 0 2.4087001736
47076853 -732059593
#r 0 0.0534654516
46028257 -732115710
#r 0 6.2418934650
-374230082 240356462
#r 0 5.4735880240
-374230082 239356462
#r 0 3.2622403446
-373375998 239460008
#r 0 4.5725373541
57914385 673072022
#r 0 3.8585369842
57914385 672072022
#r 0 4.7315373323
57895549 673055603
#r 0 3.8391527184
-434227853 -134865342
#r 0 4.5576503183
-434227853 -133865342
#r 0 5.4823471380
-434093484 -134003925
#r 0 4.5066558371
-803935016 3201268
#r 0 4.4427024277
-803935016 2201268
#r 0 6.1747759243
-804203364 2230474
#r 0 4.5908197208
612533705 664406426
#r 0 4.9724859053
612533705 663406426
#r 0 3.7050180708
612761529 663550349
#r 0 5.5777358903
-128789750 -864403732
#r 0 0.3692220377
-128789750 -863403732
#r 0 2.4957468984
-127913048 -864064476
#r 0 2.2541965714
49745228 181238661
#r 0 5.9046800298
49745228 180238661
#r 0 5.7704227519
43696012 183644317
#r 0 5.7754632589
582907428 511612935
#r 0 4.7463702310
582907428 510612935
#r 0 0.0523594860
582941362 510614713
#r 0 4.6788434222
616180789 -199370439
#r 0 2.0468459657
616180789 -198370439
#r 0 0.5870768145
615796885 -198625862
#r 0 3.9893490660
144982153 -279834439
#r 0 2.5147703876
144982153 -278834439
#r 0 5.0198223338
145394465 -280133059
#r 0 2.2201296099
-152837913 140842892
#r 0 0.3521118255
-152837913 139842892
#r 0 0.3123694960
-175319200 132582737
#r 0 0.2469077205
549838263 -730153584
#r 0 0.5490829465
549838263 -729153584
#r 0 0.6192154275
539925601 -736218588
#r 0 0.5019952196
-591139324 -247371007
#r 0 2.0174210701
-591139324 -246371007
#r 0 1.0625490708
-591396839 -246833283
#r 0 0.4275706992
-753947354 98952221
#r 0 0.0919929384
-753947354 97952221
#r 0 0.7443576187
-752740876 99063523
#r 0 6.2732539412
-98352464 -743450637
#r 0 6.2499455265
-98352464 -742450637
#r 0 0.0110711216
-120913807 -742700427
#r 0 2.0080965067
611104978 -524723090
#r 0 4.7885421776
611104978 -523723090
#r 0 4.8114216572
610776181 -520413861
#r 0 4.7717242681
-276948858 -364114257
#r 0 4.7040268522
-276948858 -363114257
#r 0 4.6762682212
-276937978 -362813174
#r 0 1.1852544497
-558362802 302376104
#r 0 5.2684019173
-558362802 301376104
#r 0 4.0739565012
-558024593 301831843
#r 0 3.9572944894
-267275647 10250653
#r 0 1.1073654126
