69
-9754 -999999999 -9753 999999999
-9376 -999999999 -9375 999999999
-9062 -999999999 -9061 999999999
-8647 -999999999 -8646 999999999
-8588 -999999999 -8587 999999999
-8531 -999999999 -8530 999999999
-8186 -999999999 -8185 999999999
-7658 -999999999 -7657 999999999
-7415 -999999999 -7414 999999999
-6871 -999999999 -6870 999999999
-6581 -999999999 -6580 999999999
-6204 -999999999 -6203 999999999
-5652 -999999999 -5651 999999999
-5308 -999999999 -5307 999999999
-4960 -999999999 -4959 999999999
-4509 -999999999 -4508 999999999
-4213 -999999999 -4212 999999999
-4004 -999999999 -4003 999999999
-3517 -999999999 -3516 999999999
-3113 -999999999 -3112 999999999
-2414 -999999999 -2413 999999999
-2094 -999999999 -2093 999999999
-1712 -999999999 -1711 999999999
-1407 -999999999 -1406 999999999
-981 -999999999 -980 999999999
-535 -999999999 -534 999999999
-222 -999999999 -221 999999999
-181 -999999999 -180 999999999
-170 -999999999 -169 999999999
3 -999999999 4 999999999
437 -999999999 438 999999999
691 -999999999 692 999999999
1025 -999999999 1026 999999999
1109 -999999999 1110 999999999
1412 -999999999 1413 999999999
2084 -999999999 2085 999999999
2378 -999999999 2379 999999999
2776 -999999999 2777 999999999
3162 -999999999 3163 999999999
3238 -999999999 3239 999999999
3541 -999999999 3542 999999999
3808 -999999999 3809 999999999
4278 -999999999 4279 999999999
4465 -999999999 4466 999999999
5060 -999999999 5061 999999999
5105 -999999999 5106 999999999
5529 -999999999 5530 999999999
5820 -999999999 5821 999999999
6397 -999999999 6398 999999999
6989 -999999999 6990 999999999
7361 -999999999 7362 999999999
7610 -999999999 7611 999999999
8041 -999999999 8042 999999999
8414 -999999999 8415 999999999
8755 -999999999 8756 999999999
8977 -999999999 8978 999999999
9440 -999999999 9441 999999999
9622 -999999999 9623 999999999
-999999999 -8000 999999999 -7999
-999999999 -6400 999999999 -6399
-999999999 -4800 999999999 -4799
-999999999 -3200 999999999 -3199
-999999999 -1600 999999999 -1599
-999999999 0 999999999 1
-999999999 1600 999999999 1601
-999999999 3200 999999999 3201
-999999999 4800 999999999 4801
-999999999 6400 999999999 6401
-999999999 8000 999999999 8001
