62
-9849 -999999999 -9848 999999999
-9414 -999999999 -9413 999999999
-9291 -999999999 -9290 999999999
-8612 -999999999 -8611 999999999
-8186 -999999999 -8185 999999999
-8134 -999999999 -8133 999999999
-7672 -999999999 -7671 999999999
-7004 -999999999 -7003 999999999
-6598 -999999999 -6597 999999999
-6174 -999999999 -6173 999999999
-5711 -999999999 -5710 999999999
-5232 -999999999 -5231 999999999
-4849 -999999999 -4848 999999999
-4831 -999999999 -4830 999999999
-4174 -999999999 -4173 999999999
-3597 -999999999 -3596 999999999
-3240 -999999999 -3239 999999999
-2616 -999999999 -2615 999999999
-2527 -999999999 -2526 999999999
-2262 -999999999 -2261 999999999
-2079 -999999999 -2078 999999999
-1447 -999999999 -1446 999999999
-978 -999999999 -977 999999999
-458 -999999999 -457 999999999
-367 -999999999 -366 999999999
25 -999999999 26 999999999
627 -999999999 628 999999999
755 -999999999 756 999999999
1331 -999999999 1332 999999999
1631 -999999999 1632 999999999
1822 -999999999 1823 999999999
2349 -999999999 2350 999999999
2795 -999999999 2796 999999999
3508 -999999999 3509 999999999
3807 -999999999 3808 999999999
4334 -999999999 4335 999999999
4698 -999999999 4699 999999999
4899 -999999999 4900 999999999
5214 -999999999 5215 999999999
5883 -999999999 5884 999999999
6528 -999999999 6529 999999999
6536 -999999999 6537 999999999
6957 -999999999 6958 999999999
7433 -999999999 7434 999999999
7483 -999999999 7484 999999999
8036 -999999999 8037 999999999
8378 -999999999 8379 999999999
8486 -999999999 8487 999999999
8962 -999999999 8963 999999999
9350 -999999999 9351 999999999
9399 -999999999 9400 999999999
-999999999 -8000 999999999 -7999
-999999999 -6400 999999999 -6399
-999999999 -4800 999999999 -4799
-999999999 -3200 999999999 -3199
-999999999 -1600 999999999 -1599
-999999999 0 999999999 1
-999999999 1600 999999999 1601
-999999999 3200 999999999 3201
-999999999 4800 999999999 4801
-999999999 6400 999999999 6401
-999999999 8000 999999999 8001
