70
-9534 -999999999 -9533 999999999
-9480 -999999999 -9479 999999999
-8968 -999999999 -8967 999999999
-8609 -999999999 -8608 999999999
-8135 -999999999 -8134 999999999
-7723 -999999999 -7722 999999999
-7500 -999999999 -7499 999999999
-7015 -999999999 -7014 999999999
-6614 -999999999 -6613 999999999
-6317 -999999999 -6316 999999999
-5999 -999999999 -5998 999999999
-5539 -999999999 -5538 999999999
-5240 -999999999 -5239 999999999
-5218 -999999999 -5217 999999999
-4946 -999999999 -4945 999999999
-4640 -999999999 -4639 999999999
-4198 -999999999 -4197 999999999
-3875 -999999999 -3874 999999999
-3436 -999999999 -3435 999999999
-3192 -999999999 -3191 999999999
-2853 -999999999 -2852 999999999
-2430 -999999999 -2429 999999999
-2141 -999999999 -2140 999999999
-1642 -999999999 -1641 999999999
-1583 -999999999 -1582 999999999
-1399 -999999999 -1398 999999999
-1042 -999999999 -1041 999999999
-633 -999999999 -632 999999999
-402 -999999999 -401 999999999
13 -999999999 14 999999999
332 -999999999 333 999999999
695 -999999999 696 999999999
1225 -999999999 1226 999999999
1824 -999999999 1825 999999999
2158 -999999999 2159 999999999
2565 -999999999 2566 999999999
2798 -999999999 2799 999999999
3214 -999999999 3215 999999999
3539 -999999999 3540 999999999
3840 -999999999 3841 999999999
4071 -999999999 4072 999999999
4563 -999999999 4564 999999999
4900 -999999999 4901 999999999
5283 -999999999 5284 999999999
5690 -999999999 5691 999999999
5992 -999999999 5993 999999999
6261 -999999999 6262 999999999
6649 -999999999 6650 999999999
6955 -999999999 6956 999999999
7427 -999999999 7428 999999999
7587 -999999999 7588 999999999
8052 -999999999 8053 999999999
8079 -999999999 8080 999999999
8422 -999999999 8423 999999999
8819 -999999999 8820 999999999
9025 -999999999 9026 999999999
9309 -999999999 9310 999999999
9635 -999999999 9636 999999999
9929 -999999999 9930 999999999
-999999999 -8000 999999999 -7999
-999999999 -6400 999999999 -6399
-999999999 -4800 999999999 -4799
-999999999 -3200 999999999 -3199
-999999999 -1600 999999999 -1599
-999999999 0 999999999 1
-999999999 1600 999999999 1601
-999999999 3200 999999999 3201
-999999999 4800 999999999 4801
-999999999 6400 999999999 6401
-999999999 8000 999999999 8001
