75
-9993 -999999999 -9992 999999999
-9427 -999999999 -9426 999999999
-9029 -999999999 -9028 999999999
-8910 -999999999 -8909 999999999
-8391 -999999999 -8390 999999999
-8001 -999999999 -8000 999999999
-7282 -999999999 -7281 999999999
-6890 -999999999 -6889 999999999
-6477 -999999999 -6476 999999999
-6223 -999999999 -6222 999999999
-5613 -999999999 -5612 999999999
-5019 -999999999 -5018 999999999
-4529 -999999999 -4528 999999999
-4400 -999999999 -4399 999999999
-3834 -999999999 -3833 999999999
-3829 -999999999 -3828 999999999
-3291 -999999999 -3290 999999999
-2865 -999999999 -2864 999999999
-2501 -999999999 -2500 999999999
-2036 -999999999 -2035 999999999
-2032 -999999999 -2031 999999999
-1691 -999999999 -1690 999999999
-1404 -999999999 -1403 999999999
-956 -999999999 -955 999999999
-849 -999999999 -848 999999999
-764 -999999999 -763 999999999
-364 -999999999 -363 999999999
-62 -999999999 -61 999999999
72 -999999999 73 999999999
384 -999999999 385 999999999
469 -999999999 470 999999999
653 -999999999 654 999999999
1095 -999999999 1096 999999999
1485 -999999999 1486 999999999
1561 -999999999 1562 999999999
1687 -999999999 1688 999999999
2164 -999999999 2165 999999999
2300 -999999999 2301 999999999
2763 -999999999 2764 999999999
3097 -999999999 3098 999999999
3486 -999999999 3487 999999999
3839 -999999999 3840 999999999
4194 -999999999 4195 999999999
4811 -999999999 4812 999999999
4940 -999999999 4941 999999999
4984 -999999999 4985 999999999
5567 -999999999 5568 999999999
5940 -999999999 5941 999999999
6063 -999999999 6064 999999999
6462 -999999999 6463 999999999
6824 -999999999 6825 999999999
6903 -999999999 6904 999999999
7150 -999999999 7151 999999999
7431 -999999999 7432 999999999
7436 -999999999 7437 999999999
7531 -999999999 7532 999999999
8052 -999999999 8053 999999999
8479 -999999999 8480 999999999
8804 -999999999 8805 999999999
8963 -999999999 8964 999999999
9229 -999999999 9230 999999999
9267 -999999999 9268 999999999
9602 -999999999 9603 999999999
9771 -999999999 9772 999999999
-999999999 -8000 999999999 -7999
-999999999 -6400 999999999 -6399
-999999999 -4800 999999999 -4799
-999999999 -3200 999999999 -3199
-999999999 -1600 999999999 -1599
-999999999 0 999999999 1
-999999999 1600 999999999 1601
-999999999 3200 999999999 3201
-999999999 4800 999999999 4801
-999999999 6400 999999999 6401
-999999999 8000 999999999 8001
