70
-9998 -999999999 -9997 999999999
-9966 -999999999 -9965 999999999
-9622 -999999999 -9621 999999999
-9325 -999999999 -9324 999999999
-8766 -999999999 -8765 999999999
-8707 -999999999 -8706 999999999
-8254 -999999999 -8253 999999999
-7420 -999999999 -7419 999999999
-7110 -999999999 -7109 999999999
-6723 -999999999 -6722 999999999
-6061 -999999999 -6060 999999999
-5618 -999999999 -5617 999999999
-5118 -999999999 -5117 999999999
-4555 -999999999 -4554 999999999
-4227 -999999999 -4226 999999999
-4220 -999999999 -4219 999999999
-3942 -999999999 -3941 999999999
-3288 -999999999 -3287 999999999
-2663 -999999999 -2662 999999999
-2243 -999999999 -2242 999999999
-1879 -999999999 -1878 999999999
-1724 -999999999 -1723 999999999
-1354 -999999999 -1353 999999999
-1015 -999999999 -1014 999999999
-771 -999999999 -770 999999999
-356 -999999999 -355 999999999
-27 -999999999 -26 999999999
-8 -999999999 -7 999999999
441 -999999999 442 999999999
446 -999999999 447 999999999
679 -999999999 680 999999999
1128 -999999999 1129 999999999
1540 -999999999 1541 999999999
1565 -999999999 1566 999999999
1703 -999999999 1704 999999999
2152 -999999999 2153 999999999
2416 -999999999 2417 999999999
2731 -999999999 2732 999999999
3107 -999999999 3108 999999999
3564 -999999999 3565 999999999
3796 -999999999 3797 999999999
4370 -999999999 4371 999999999
4718 -999999999 4719 999999999
5123 -999999999 5124 999999999
5748 -999999999 5749 999999999
5829 -999999999 5830 999999999
6263 -999999999 6264 999999999
6694 -999999999 6695 999999999
6899 -999999999 6900 999999999
7144 -999999999 7145 999999999
7676 -999999999 7677 999999999
7894 -999999999 7895 999999999
7942 -999999999 7943 999999999
8491 -999999999 8492 999999999
8820 -999999999 8821 999999999
9290 -999999999 9291 999999999
9567 -999999999 9568 999999999
9974 -999999999 9975 999999999
9995 -999999999 9996 999999999
-999999999 -8000 999999999 -7999
-999999999 -6400 999999999 -6399
-999999999 -4800 999999999 -4799
-999999999 -3200 999999999 -3199
-999999999 -1600 999999999 -1599
-999999999 0 999999999 1
-999999999 1600 999999999 1601
-999999999 3200 999999999 3201
-999999999 4800 999999999 4801
-999999999 6400 999999999 6401
-999999999 8000 999999999 8001
