81
-9958 -999999999 -9957 999999999
-9559 -999999999 -9558 999999999
-9275 -999999999 -9274 999999999
-8863 -999999999 -8862 999999999
-8794 -999999999 -8793 999999999
-8777 -999999999 -8776 999999999
-8378 -999999999 -8377 999999999
-8010 -999999999 -8009 999999999
-7604 -999999999 -7603 999999999
-7329 -999999999 -7328 999999999
-7032 -999999999 -7031 999999999
-6638 -999999999 -6637 999999999
-6260 -999999999 -6259 999999999
-5981 -999999999 -5980 999999999
-5642 -999999999 -5641 999999999
-5314 -999999999 -5313 999999999
-4907 -999999999 -4906 999999999
-4490 -999999999 -4489 999999999
-4154 -999999999 -4153 999999999
-3757 -999999999 -3756 999999999
-3440 -999999999 -3439 999999999
-3169 -999999999 -3168 999999999
-2916 -999999999 -2915 999999999
-2912 -999999999 -2911 999999999
-2661 -999999999 -2660 999999999
-2475 -999999999 -2474 999999999
-2127 -999999999 -2126 999999999
-1761 -999999999 -1760 999999999
-1510 -999999999 -1509 999999999
-1254 -999999999 -1253 999999999
-994 -999999999 -993 999999999
-708 -999999999 -707 999999999
-269 -999999999 -268 999999999
23 -999999999 24 999999999
300 -999999999 301 999999999
368 -999999999 369 999999999
777 -999999999 778 999999999
1105 -999999999 1106 999999999
1432 -999999999 1433 999999999
1648 -999999999 1649 999999999
2016 -999999999 2017 999999999
2196 -999999999 2197 999999999
2209 -999999999 2210 999999999
2511 -999999999 2512 999999999
2664 -999999999 2665 999999999
2919 -999999999 2920 999999999
3197 -999999999 3198 999999999
3499 -999999999 3500 999999999
3953 -999999999 3954 999999999
4223 -999999999 4224 999999999
4525 -999999999 4526 999999999
4788 -999999999 4789 999999999
4801 -999999999 4802 999999999
5243 -999999999 5244 999999999
5694 -999999999 5695 999999999
6073 -999999999 6074 999999999
6588 -999999999 6589 999999999
6624 -999999999 6625 999999999
6646 -999999999 6647 999999999
6709 -999999999 6710 999999999
6888 -999999999 6889 999999999
7342 -999999999 7343 999999999
7629 -999999999 7630 999999999
8060 -999999999 8061 999999999
8068 -999999999 8069 999999999
8390 -999999999 8391 999999999
8673 -999999999 8674 999999999
9141 -999999999 9142 999999999
9168 -999999999 9169 999999999
9633 -999999999 9634 999999999
-999999999 -8000 999999999 -7999
-999999999 -6400 999999999 -6399
-999999999 -4800 999999999 -4799
-999999999 -3200 999999999 -3199
-999999999 -1600 999999999 -1599
-999999999 0 999999999 1
-999999999 1600 999999999 1601
-999999999 3200 999999999 3201
-999999999 4800 999999999 4801
-999999999 6400 999999999 6401
-999999999 8000 999999999 8001
