67
-9921 -999999999 -9920 999999999
-9891 -999999999 -9890 999999999
-9156 -999999999 -9155 999999999
-8823 -999999999 -8822 999999999
-8402 -999999999 -8401 999999999
-8239 -999999999 -8238 999999999
-7729 -999999999 -7728 999999999
-7179 -999999999 -7178 999999999
-7017 -999999999 -7016 999999999
-7006 -999999999 -7005 999999999
-6737 -999999999 -6736 999999999
-6479 -999999999 -6478 999999999
-6054 -999999999 -6053 999999999
-5581 -999999999 -5580 999999999
-5067 -999999999 -5066 999999999
-4514 -999999999 -4513 999999999
-4120 -999999999 -4119 999999999
-4104 -999999999 -4103 999999999
-3523 -999999999 -3522 999999999
-2853 -999999999 -2852 999999999
-2453 -999999999 -2452 999999999
-2191 -999999999 -2190 999999999
-1724 -999999999 -1723 999999999
-1421 -999999999 -1420 999999999
-999 -999999999 -998 999999999
-683 -999999999 -682 999999999
-389 -999999999 -388 999999999
51 -999999999 52 999999999
259 -999999999 260 999999999
703 -999999999 704 999999999
708 -999999999 709 999999999
1075 -999999999 1076 999999999
1384 -999999999 1385 999999999
1739 -999999999 1740 999999999
2176 -999999999 2177 999999999
2424 -999999999 2425 999999999
2957 -999999999 2958 999999999
3509 -999999999 3510 999999999
3879 -999999999 3880 999999999
4178 -999999999 4179 999999999
4631 -999999999 4632 999999999
4871 -999999999 4872 999999999
5222 -999999999 5223 999999999
5512 -999999999 5513 999999999
6059 -999999999 6060 999999999
6224 -999999999 6225 999999999
6655 -999999999 6656 999999999
7291 -999999999 7292 999999999
7566 -999999999 7567 999999999
7847 -999999999 7848 999999999
8084 -999999999 8085 999999999
8690 -999999999 8691 999999999
8701 -999999999 8702 999999999
8878 -999999999 8879 999999999
8932 -999999999 8933 999999999
9269 -999999999 9270 999999999
-999999999 -8000 999999999 -7999
-999999999 -6400 999999999 -6399
-999999999 -4800 999999999 -4799
-999999999 -3200 999999999 -3199
-999999999 -1600 999999999 -1599
-999999999 0 999999999 1
-999999999 1600 999999999 1601
-999999999 3200 999999999 3201
-999999999 4800 999999999 4801
-999999999 6400 999999999 6401
-999999999 8000 999999999 8001
