62
-9917 -999999999 -9916 999999999
-9460 -999999999 -9459 999999999
-8965 -999999999 -8964 999999999
-8647 -999999999 -8646 999999999
-8260 -999999999 -8259 999999999
-7655 -999999999 -7654 999999999
-7072 -999999999 -7071 999999999
-6625 -999999999 -6624 999999999
-6306 -999999999 -6305 999999999
-5874 -999999999 -5873 999999999
-5480 -999999999 -5479 999999999
-5019 -999999999 -5018 999999999
-4728 -999999999 -4727 999999999
-4464 -999999999 -4463 999999999
-4195 -999999999 -4194 999999999
-3541 -999999999 -3540 999999999
-3179 -999999999 -3178 999999999
-3104 -999999999 -3103 999999999
-2445 -999999999 -2444 999999999
-1777 -999999999 -1776 999999999
-1727 -999999999 -1726 999999999
-1422 -999999999 -1421 999999999
-1121 -999999999 -1120 999999999
-712 -999999999 -711 999999999
-242 -999999999 -241 999999999
-225 -999999999 -224 999999999
277 -999999999 278 999999999
778 -999999999 779 999999999
983 -999999999 984 999999999
1486 -999999999 1487 999999999
1752 -999999999 1753 999999999
2447 -999999999 2448 999999999
2783 -999999999 2784 999999999
3131 -999999999 3132 999999999
3483 -999999999 3484 999999999
3969 -999999999 3970 999999999
4363 -999999999 4364 999999999
4903 -999999999 4904 999999999
5195 -999999999 5196 999999999
5516 -999999999 5517 999999999
6244 -999999999 6245 999999999
6650 -999999999 6651 999999999
6997 -999999999 6998 999999999
7511 -999999999 7512 999999999
7524 -999999999 7525 999999999
8010 -999999999 8011 999999999
8339 -999999999 8340 999999999
8778 -999999999 8779 999999999
8794 -999999999 8795 999999999
9342 -999999999 9343 999999999
9817 -999999999 9818 999999999
-999999999 -8000 999999999 -7999
-999999999 -6400 999999999 -6399
-999999999 -4800 999999999 -4799
-999999999 -3200 999999999 -3199
-999999999 -1600 999999999 -1599
-999999999 0 999999999 1
-999999999 1600 999999999 1601
-999999999 3200 999999999 3201
-999999999 4800 999999999 4801
-999999999 6400 999999999 6401
-999999999 8000 999999999 8001
