52
-9780 -999999999 -9779 999999999
-9198 -999999999 -9197 999999999
-8176 -999999999 -8175 999999999
-7262 -999999999 -7261 999999999
-6727 -999999999 -6726 999999999
-6256 -999999999 -6255 999999999
-5622 -999999999 -5621 999999999
-5267 -999999999 -5266 999999999
-4768 -999999999 -4767 999999999
-4509 -999999999 -4508 999999999
-4034 -999999999 -4033 999999999
-3537 -999999999 -3536 999999999
-3127 -999999999 -3126 999999999
-2825 -999999999 -2824 999999999
-2443 -999999999 -2442 999999999
-2258 -999999999 -2257 999999999
-1524 -999999999 -1523 999999999
-974 -999999999 -973 999999999
-518 -999999999 -517 999999999
19 -999999999 20 999999999
388 -999999999 389 999999999
732 -999999999 733 999999999
999 -999999999 1000 999999999
1406 -999999999 1407 999999999
1898 -999999999 1899 999999999
2457 -999999999 2458 999999999
2843 -999999999 2844 999999999
3230 -999999999 3231 999999999
3995 -999999999 3996 999999999
4490 -999999999 4491 999999999
4928 -999999999 4929 999999999
5223 -999999999 5224 999999999
5753 -999999999 5754 999999999
6386 -999999999 6387 999999999
7084 -999999999 7085 999999999
7372 -999999999 7373 999999999
7731 -999999999 7732 999999999
8239 -999999999 8240 999999999
8608 -999999999 8609 999999999
9255 -999999999 9256 999999999
9888 -999999999 9889 999999999
-999999999 -8000 999999999 -7999
-999999999 -6400 999999999 -6399
-999999999 -4800 999999999 -4799
-999999999 -3200 999999999 -3199
-999999999 -1600 999999999 -1599
-999999999 0 999999999 1
-999999999 1600 999999999 1601
-999999999 3200 999999999 3201
-999999999 4800 999999999 4801
-999999999 6400 999999999 6401
-999999999 8000 999999999 8001
