75
-9821 -999999999 -9820 999999999
-9763 -999999999 -9762 999999999
-9176 -999999999 -9175 999999999
-8781 -999999999 -8780 999999999
-8745 -999999999 -8744 999999999
-8235 -999999999 -8234 999999999
-8018 -999999999 -8017 999999999
-7625 -999999999 -7624 999999999
-7256 -999999999 -7255 999999999
-6716 -999999999 -6715 999999999
-6499 -999999999 -6498 999999999
-6496 -999999999 -6495 999999999
-6450 -999999999 -6449 999999999
-5980 -999999999 -5979 999999999
-5559 -999999999 -5558 999999999
-5240 -999999999 -5239 999999999
-4561 -999999999 -4560 999999999
-4528 -999999999 -4527 999999999
-3990 -999999999 -3989 999999999
-3751 -999999999 -3750 999999999
-3276 -999999999 -3275 999999999
-2547 -999999999 -2546 999999999
-2166 -999999999 -2165 999999999
-1812 -999999999 -1811 999999999
-1245 -999999999 -1244 999999999
-1149 -999999999 -1148 999999999
-719 -999999999 -718 999999999
-716 -999999999 -715 999999999
-342 -999999999 -341 999999999
-32 -999999999 -31 999999999
406 -999999999 407 999999999
462 -999999999 463 999999999
651 -999999999 652 999999999
1100 -999999999 1101 999999999
1725 -999999999 1726 999999999
1844 -999999999 1845 999999999
2394 -999999999 2395 999999999
3059 -999999999 3060 999999999
3243 -999999999 3244 999999999
3878 -999999999 3879 999999999
3879 -999999999 3880 999999999
3899 -999999999 3900 999999999
3926 -999999999 3927 999999999
3967 -999999999 3968 999999999
4506 -999999999 4507 999999999
4911 -999999999 4912 999999999
5422 -999999999 5423 999999999
5491 -999999999 5492 999999999
5878 -999999999 5879 999999999
5949 -999999999 5950 999999999
6018 -999999999 6019 999999999
6266 -999999999 6267 999999999
6670 -999999999 6671 999999999
7016 -999999999 7017 999999999
7388 -999999999 7389 999999999
7468 -999999999 7469 999999999
7600 -999999999 7601 999999999
7613 -999999999 7614 999999999
8110 -999999999 8111 999999999
8293 -999999999 8294 999999999
8692 -999999999 8693 999999999
8790 -999999999 8791 999999999
9113 -999999999 9114 999999999
9219 -999999999 9220 999999999
-999999999 -8000 999999999 -7999
-999999999 -6400 999999999 -6399
-999999999 -4800 999999999 -4799
-999999999 -3200 999999999 -3199
-999999999 -1600 999999999 -1599
-999999999 0 999999999 1
-999999999 1600 999999999 1601
-999999999 3200 999999999 3201
-999999999 4800 999999999 4801
-999999999 6400 999999999 6401
-999999999 8000 999999999 8001
