55
-10000 0 -10000 1 
-9600 0 -9600 1 
-9200 0 -9200 1 
-8000 0 -8000 1 
-7200 0 -7200 1 
-6790 0 -6790 1 
-5600 0 -5600 1 
-4800 0 -4800 1 
-4003 0 -4003 1 
-3612 0 -3612 1 
-2800 0 -2800 1 
-2410 0 -2410 1 
-2000 0 -2000 1 
-1600 0 -1600 1 
-1200 0 -1200 1 
0 0 0 1 
400 0 400 1 
800 0 800 1 
1200 0 1200 1 
1600 0 1600 1 
2000 0 2000 1 
2400 0 2400 1 
2797 0 2797 1 
3200 0 3200 1 
4394 0 4394 1 
5200 0 5200 1 
5609 0 5609 1 
6400 0 6400 1 
7194 0 7194 1 
8000 0 8000 1 
8800 0 8800 1 
10000 0 10000 1 
3725 0 3725 1 
-1014 0 -1014 1 
 0 -9000 1 -9000
 0 -8100 1 -8100
 0 -7200 1 -7200
 0 -6300 1 -6300
 0 -5400 1 -5400
 0 -4500 1 -4500
 0 -3600 1 -3600
 0 -2700 1 -2700
 0 -1800 1 -1800
 0 -900 1 -900
 0 0 1 0
 0 900 1 900
 0 1800 1 1800
 0 2700 1 2700
 0 3600 1 3600
 0 4500 1 4500
 0 5400 1 5400
 0 6300 1 6300
 0 7200 1 7200
 0 8100 1 8100
 0 9000 1 9000
