54
-10000 0 -10000 1 
-9200 0 -9200 1 
-8394 0 -8394 1 
-7605 0 -7605 1 
-6392 0 -6392 1 
-5600 0 -5600 1 
-5194 0 -5194 1 
-4400 0 -4400 1 
-3586 0 -3586 1 
-2800 0 -2800 1 
-1600 0 -1600 1 
-1200 0 -1200 1 
-388 0 -388 1 
8 0 8 1 
804 0 804 1 
1200 0 1200 1 
2400 0 2400 1 
2800 0 2800 1 
3200 0 3200 1 
4409 0 4409 1 
4790 0 4790 1 
5600 0 5600 1 
6390 0 6390 1 
7200 0 7200 1 
7599 0 7599 1 
8807 0 8807 1 
9990 0 9990 1 
3622 0 3622 1 
-1707 0 -1707 1 
-7663 0 -7663 1 
9514 0 9514 1 
-2855 0 -2855 1 
2322 0 2322 1 
 0 -9000 1 -9000
 0 -8100 1 -8100
 0 -7200 1 -7200
 0 -6300 1 -6300
 0 -5400 1 -5400
 0 -4500 1 -4500
 0 -3600 1 -3600
 0 -2700 1 -2700
 0 -1800 1 -1800
 0 -900 1 -900
 0 0 1 0
 0 900 1 900
 0 1800 1 1800
 0 2700 1 2700
 0 3600 1 3600
 0 4500 1 4500
 0 5400 1 5400
 0 6300 1 6300
 0 7200 1 7200
 0 8100 1 8100
 0 9000 1 9000
