52
-10000 0 -10000 1 
-8800 0 -8800 1 
-7600 0 -7600 1 
-6800 0 -6800 1 
-5600 0 -5600 1 
-5200 0 -5200 1 
-4395 0 -4395 1 
-4017 0 -4017 1 
-3608 0 -3608 1 
-2798 0 -2798 1 
-2000 0 -2000 1 
-1611 0 -1611 1 
-1200 0 -1200 1 
-400 0 -400 1 
-3 0 -3 1 
800 0 800 1 
1200 0 1200 1 
1600 0 1600 1 
2400 0 2400 1 
2800 0 2800 1 
3600 0 3600 1 
4400 0 4400 1 
5600 0 5600 1 
6400 0 6400 1 
7197 0 7197 1 
8006 0 8006 1 
8400 0 8400 1 
9600 0 9600 1 
10000 0 10000 1 
4821 0 4821 1 
9484 0 9484 1 
 0 -9000 1 -9000
 0 -8100 1 -8100
 0 -7200 1 -7200
 0 -6300 1 -6300
 0 -5400 1 -5400
 0 -4500 1 -4500
 0 -3600 1 -3600
 0 -2700 1 -2700
 0 -1800 1 -1800
 0 -900 1 -900
 0 0 1 0
 0 900 1 900
 0 1800 1 1800
 0 2700 1 2700
 0 3600 1 3600
 0 4500 1 4500
 0 5400 1 5400
 0 6300 1 6300
 0 7200 1 7200
 0 8100 1 8100
 0 9000 1 9000
