64
-10000 0 -10000 1 
-9600 0 -9600 1 
-8800 0 -8800 1 
-8000 0 -8000 1 
-6400 0 -6400 1 
-5596 0 -5596 1 
-4800 0 -4800 1 
-3994 0 -3994 1 
-3600 0 -3600 1 
-3200 0 -3200 1 
-2409 0 -2409 1 
-2000 0 -2000 1 
-1200 0 -1200 1 
0 0 0 1 
400 0 400 1 
800 0 800 1 
1600 0 1600 1 
2400 0 2400 1 
2800 0 2800 1 
4000 0 4000 1 
5200 0 5200 1 
6000 0 6000 1 
6408 0 6408 1 
6800 0 6800 1 
7609 0 7609 1 
7996 0 7996 1 
8800 0 8800 1 
10000 0 10000 1 
4009 0 4009 1 
150 0 150 1 
3622 0 3622 1 
-2294 0 -2294 1 
8977 0 8977 1 
4467 0 4467 1 
8663 0 8663 1 
6633 0 6633 1 
6847 0 6847 1 
9514 0 9514 1 
-7268 0 -7268 1 
1143 0 1143 1 
-566 0 -566 1 
5330 0 5330 1 
520 0 520 1 
 0 -9000 1 -9000
 0 -8100 1 -8100
 0 -7200 1 -7200
 0 -6300 1 -6300
 0 -5400 1 -5400
 0 -4500 1 -4500
 0 -3600 1 -3600
 0 -2700 1 -2700
 0 -1800 1 -1800
 0 -900 1 -900
 0 0 1 0
 0 900 1 900
 0 1800 1 1800
 0 2700 1 2700
 0 3600 1 3600
 0 4500 1 4500
 0 5400 1 5400
 0 6300 1 6300
 0 7200 1 7200
 0 8100 1 8100
 0 9000 1 9000
