54
-10000 0 -10000 1 
-9200 0 -9200 1 
-8805 0 -8805 1 
-7614 0 -7614 1 
-7200 0 -7200 1 
-6400 0 -6400 1 
-5200 0 -5200 1 
-4003 0 -4003 1 
-3200 0 -3200 1 
-2407 0 -2407 1 
-1600 0 -1600 1 
-1200 0 -1200 1 
0 0 0 1 
410 0 410 1 
800 0 800 1 
2400 0 2400 1 
2795 0 2795 1 
3611 0 3611 1 
5609 0 5609 1 
6810 0 6810 1 
7192 0 7192 1 
8000 0 8000 1 
8400 0 8400 1 
8800 0 8800 1 
9600 0 9600 1 
10000 0 10000 1 
-7233 0 -7233 1 
5399 0 5399 1 
-24 0 -24 1 
4734 0 4734 1 
1281 0 1281 1 
-4690 0 -4690 1 
-7654 0 -7654 1 
 0 -9000 1 -9000
 0 -8100 1 -8100
 0 -7200 1 -7200
 0 -6300 1 -6300
 0 -5400 1 -5400
 0 -4500 1 -4500
 0 -3600 1 -3600
 0 -2700 1 -2700
 0 -1800 1 -1800
 0 -900 1 -900
 0 0 1 0
 0 900 1 900
 0 1800 1 1800
 0 2700 1 2700
 0 3600 1 3600
 0 4500 1 4500
 0 5400 1 5400
 0 6300 1 6300
 0 7200 1 7200
 0 8100 1 8100
 0 9000 1 9000
