64
-10000 0 -10000 1 
-9200 0 -9200 1 
-8400 0 -8400 1 
-8000 0 -8000 1 
-7600 0 -7600 1 
-7200 0 -7200 1 
-6800 0 -6800 1 
-6394 0 -6394 1 
-5598 0 -5598 1 
-4814 0 -4814 1 
-4006 0 -4006 1 
-3209 0 -3209 1 
-2794 0 -2794 1 
-2400 0 -2400 1 
-1609 0 -1609 1 
-1194 0 -1194 1 
-406 0 -406 1 
-10 0 -10 1 
800 0 800 1 
1206 0 1206 1 
2000 0 2000 1 
2790 0 2790 1 
3200 0 3200 1 
3599 0 3599 1 
4000 0 4000 1 
4800 0 4800 1 
5600 0 5600 1 
6400 0 6400 1 
6792 0 6792 1 
7204 0 7204 1 
7600 0 7600 1 
8000 0 8000 1 
8397 0 8397 1 
9200 0 9200 1 
9600 0 9600 1 
10000 0 10000 1 
-2294 0 -2294 1 
4827 0 4827 1 
-9926 0 -9926 1 
-3825 0 -3825 1 
-7662 0 -7662 1 
-9133 0 -9133 1 
-5701 0 -5701 1 
 0 -9000 1 -9000
 0 -8100 1 -8100
 0 -7200 1 -7200
 0 -6300 1 -6300
 0 -5400 1 -5400
 0 -4500 1 -4500
 0 -3600 1 -3600
 0 -2700 1 -2700
 0 -1800 1 -1800
 0 -900 1 -900
 0 0 1 0
 0 900 1 900
 0 1800 1 1800
 0 2700 1 2700
 0 3600 1 3600
 0 4500 1 4500
 0 5400 1 5400
 0 6300 1 6300
 0 7200 1 7200
 0 8100 1 8100
 0 9000 1 9000
