56
-10000 0 -10000 1 
-9200 0 -9200 1 
-8800 0 -8800 1 
-7610 0 -7610 1 
-7200 0 -7200 1 
-6792 0 -6792 1 
-5585 0 -5585 1 
-5200 0 -5200 1 
-4400 0 -4400 1 
-3998 0 -3998 1 
-3200 0 -3200 1 
-2800 0 -2800 1 
-2000 0 -2000 1 
-1609 0 -1609 1 
-1200 0 -1200 1 
-10 0 -10 1 
800 0 800 1 
1193 0 1193 1 
1610 0 1610 1 
2000 0 2000 1 
2400 0 2400 1 
3200 0 3200 1 
3590 0 3590 1 
4400 0 4400 1 
5600 0 5600 1 
6400 0 6400 1 
7200 0 7200 1 
7600 0 7600 1 
8400 0 8400 1 
8800 0 8800 1 
9600 0 9600 1 
10000 0 10000 1 
1229 0 1229 1 
6106 0 6106 1 
-6900 0 -6900 1 
 0 -9000 1 -9000
 0 -8100 1 -8100
 0 -7200 1 -7200
 0 -6300 1 -6300
 0 -5400 1 -5400
 0 -4500 1 -4500
 0 -3600 1 -3600
 0 -2700 1 -2700
 0 -1800 1 -1800
 0 -900 1 -900
 0 0 1 0
 0 900 1 900
 0 1800 1 1800
 0 2700 1 2700
 0 3600 1 3600
 0 4500 1 4500
 0 5400 1 5400
 0 6300 1 6300
 0 7200 1 7200
 0 8100 1 8100
 0 9000 1 9000
