52
-10000 0 -10000 1 
-8800 0 -8800 1 
-7600 0 -7600 1 
-6790 0 -6790 1 
-5600 0 -5600 1 
-5200 0 -5200 1 
-4000 0 -4000 1 
-3608 0 -3608 1 
-2407 0 -2407 1 
-2000 0 -2000 1 
-1600 0 -1600 1 
-1200 0 -1200 1 
-10 0 -10 1 
800 0 800 1 
1196 0 1196 1 
2400 0 2400 1 
3200 0 3200 1 
4400 0 4400 1 
5600 0 5600 1 
6395 0 6395 1 
7200 0 7200 1 
8400 0 8400 1 
8800 0 8800 1 
10000 0 10000 1 
8186 0 8186 1 
4467 0 4467 1 
1616 0 1616 1 
7366 0 7366 1 
-9470 0 -9470 1 
-4155 0 -4155 1 
-6719 0 -6719 1 
 0 -9000 1 -9000
 0 -8100 1 -8100
 0 -7200 1 -7200
 0 -6300 1 -6300
 0 -5400 1 -5400
 0 -4500 1 -4500
 0 -3600 1 -3600
 0 -2700 1 -2700
 0 -1800 1 -1800
 0 -900 1 -900
 0 0 1 0
 0 900 1 900
 0 1800 1 1800
 0 2700 1 2700
 0 3600 1 3600
 0 4500 1 4500
 0 5400 1 5400
 0 6300 1 6300
 0 7200 1 7200
 0 8100 1 8100
 0 9000 1 9000
