59
-10000 0 -10000 1 
-9610 0 -9610 1 
-8396 0 -8396 1 
-7995 0 -7995 1 
-7598 0 -7598 1 
-6400 0 -6400 1 
-5600 0 -5600 1 
-5210 0 -5210 1 
-4800 0 -4800 1 
-3995 0 -3995 1 
-3600 0 -3600 1 
-3191 0 -3191 1 
-2407 0 -2407 1 
-2000 0 -2000 1 
-1194 0 -1194 1 
400 0 400 1 
800 0 800 1 
1207 0 1207 1 
1995 0 1995 1 
2400 0 2400 1 
2800 0 2800 1 
3200 0 3200 1 
3600 0 3600 1 
4800 0 4800 1 
5200 0 5200 1 
5600 0 5600 1 
6000 0 6000 1 
6400 0 6400 1 
7200 0 7200 1 
7600 0 7600 1 
8000 0 8000 1 
8800 0 8800 1 
9200 0 9200 1 
10000 0 10000 1 
-3104 0 -3104 1 
3622 0 3622 1 
-326 0 -326 1 
-9926 0 -9926 1 
 0 -9000 1 -9000
 0 -8100 1 -8100
 0 -7200 1 -7200
 0 -6300 1 -6300
 0 -5400 1 -5400
 0 -4500 1 -4500
 0 -3600 1 -3600
 0 -2700 1 -2700
 0 -1800 1 -1800
 0 -900 1 -900
 0 0 1 0
 0 900 1 900
 0 1800 1 1800
 0 2700 1 2700
 0 3600 1 3600
 0 4500 1 4500
 0 5400 1 5400
 0 6300 1 6300
 0 7200 1 7200
 0 8100 1 8100
 0 9000 1 9000
