56
-10000 0 -10000 1 
-8800 0 -8800 1 
-7600 0 -7600 1 
-6800 0 -6800 1 
-6400 0 -6400 1 
-5600 0 -5600 1 
-5200 0 -5200 1 
-4403 0 -4403 1 
-4000 0 -4000 1 
-2790 0 -2790 1 
-2000 0 -2000 1 
-1200 0 -1200 1 
-400 0 -400 1 
0 0 0 1 
400 0 400 1 
794 0 794 1 
1600 0 1600 1 
2400 0 2400 1 
3200 0 3200 1 
4403 0 4403 1 
5192 0 5192 1 
5600 0 5600 1 
6408 0 6408 1 
7200 0 7200 1 
8800 0 8800 1 
9600 0 9600 1 
10000 0 10000 1 
5389 0 5389 1 
551 0 551 1 
7980 0 7980 1 
362 0 362 1 
-1666 0 -1666 1 
9788 0 9788 1 
3397 0 3397 1 
-8860 0 -8860 1 
 0 -9000 1 -9000
 0 -8100 1 -8100
 0 -7200 1 -7200
 0 -6300 1 -6300
 0 -5400 1 -5400
 0 -4500 1 -4500
 0 -3600 1 -3600
 0 -2700 1 -2700
 0 -1800 1 -1800
 0 -900 1 -900
 0 0 1 0
 0 900 1 900
 0 1800 1 1800
 0 2700 1 2700
 0 3600 1 3600
 0 4500 1 4500
 0 5400 1 5400
 0 6300 1 6300
 0 7200 1 7200
 0 8100 1 8100
 0 9000 1 9000
