55
-10000 0 -10000 1 
-9200 0 -9200 1 
-8800 0 -8800 1 
-7600 0 -7600 1 
-6800 0 -6800 1 
-6425 0 -6425 1 
-5200 0 -5200 1 
-4400 0 -4400 1 
-4000 0 -4000 1 
-3600 0 -3600 1 
-2793 0 -2793 1 
-2397 0 -2397 1 
-2000 0 -2000 1 
-1610 0 -1610 1 
-1200 0 -1200 1 
0 0 0 1 
400 0 400 1 
800 0 800 1 
1600 0 1600 1 
2000 0 2000 1 
2400 0 2400 1 
2800 0 2800 1 
3200 0 3200 1 
4400 0 4400 1 
5200 0 5200 1 
6398 0 6398 1 
7200 0 7200 1 
8400 0 8400 1 
8795 0 8795 1 
9600 0 9600 1 
10000 0 10000 1 
8186 0 8186 1 
-24 0 -24 1 
3273 0 3273 1 
 0 -9000 1 -9000
 0 -8100 1 -8100
 0 -7200 1 -7200
 0 -6300 1 -6300
 0 -5400 1 -5400
 0 -4500 1 -4500
 0 -3600 1 -3600
 0 -2700 1 -2700
 0 -1800 1 -1800
 0 -900 1 -900
 0 0 1 0
 0 900 1 900
 0 1800 1 1800
 0 2700 1 2700
 0 3600 1 3600
 0 4500 1 4500
 0 5400 1 5400
 0 6300 1 6300
 0 7200 1 7200
 0 8100 1 8100
 0 9000 1 9000
