56
-10000 0 -10000 1 
-9200 0 -9200 1 
-8805 0 -8805 1 
-7600 0 -7600 1 
-6780 0 -6780 1 
-6400 0 -6400 1 
-5600 0 -5600 1 
-5200 0 -5200 1 
-4400 0 -4400 1 
-3608 0 -3608 1 
-2800 0 -2800 1 
-2400 0 -2400 1 
-1600 0 -1600 1 
-1200 0 -1200 1 
0 0 0 1 
790 0 790 1 
1192 0 1192 1 
2000 0 2000 1 
2800 0 2800 1 
3206 0 3206 1 
3600 0 3600 1 
4400 0 4400 1 
5197 0 5197 1 
5600 0 5600 1 
6400 0 6400 1 
7200 0 7200 1 
8000 0 8000 1 
8393 0 8393 1 
8800 0 8800 1 
9600 0 9600 1 
10000 0 10000 1 
1125 0 1125 1 
3214 0 3214 1 
-4388 0 -4388 1 
-5072 0 -5072 1 
 0 -9000 1 -9000
 0 -8100 1 -8100
 0 -7200 1 -7200
 0 -6300 1 -6300
 0 -5400 1 -5400
 0 -4500 1 -4500
 0 -3600 1 -3600
 0 -2700 1 -2700
 0 -1800 1 -1800
 0 -900 1 -900
 0 0 1 0
 0 900 1 900
 0 1800 1 1800
 0 2700 1 2700
 0 3600 1 3600
 0 4500 1 4500
 0 5400 1 5400
 0 6300 1 6300
 0 7200 1 7200
 0 8100 1 8100
 0 9000 1 9000
