60
-10000 0 -10000 1 
-9200 0 -9200 1 
-8800 0 -8800 1 
-7995 0 -7995 1 
-7600 0 -7600 1 
-7200 0 -7200 1 
-6800 0 -6800 1 
-6410 0 -6410 1 
-5600 0 -5600 1 
-5206 0 -5206 1 
-4400 0 -4400 1 
-3609 0 -3609 1 
-2807 0 -2807 1 
-2000 0 -2000 1 
-1594 0 -1594 1 
-1200 0 -1200 1 
-390 0 -390 1 
400 0 400 1 
1200 0 1200 1 
2400 0 2400 1 
2800 0 2800 1 
3600 0 3600 1 
4400 0 4400 1 
4800 0 4800 1 
5203 0 5203 1 
5600 0 5600 1 
6009 0 6009 1 
6400 0 6400 1 
7200 0 7200 1 
8000 0 8000 1 
8800 0 8800 1 
9990 0 9990 1 
-7233 0 -7233 1 
-334 0 -334 1 
-9558 0 -9558 1 
5683 0 5683 1 
-5287 0 -5287 1 
2841 0 2841 1 
362 0 362 1 
 0 -9000 1 -9000
 0 -8100 1 -8100
 0 -7200 1 -7200
 0 -6300 1 -6300
 0 -5400 1 -5400
 0 -4500 1 -4500
 0 -3600 1 -3600
 0 -2700 1 -2700
 0 -1800 1 -1800
 0 -900 1 -900
 0 0 1 0
 0 900 1 900
 0 1800 1 1800
 0 2700 1 2700
 0 3600 1 3600
 0 4500 1 4500
 0 5400 1 5400
 0 6300 1 6300
 0 7200 1 7200
 0 8100 1 8100
 0 9000 1 9000
