61
-10000 0 -10000 1 
-9207 0 -9207 1 
-8800 0 -8800 1 
-8405 0 -8405 1 
-7995 0 -7995 1 
-7600 0 -7600 1 
-7200 0 -7200 1 
-6400 0 -6400 1 
-5600 0 -5600 1 
-4810 0 -4810 1 
-4400 0 -4400 1 
-4010 0 -4010 1 
-3585 0 -3585 1 
-3206 0 -3206 1 
-2400 0 -2400 1 
-2000 0 -2000 1 
-1197 0 -1197 1 
-407 0 -407 1 
0 0 0 1 
410 0 410 1 
800 0 800 1 
1594 0 1594 1 
2390 0 2390 1 
2802 0 2802 1 
3600 0 3600 1 
4388 0 4388 1 
5581 0 5581 1 
6000 0 6000 1 
6400 0 6400 1 
7196 0 7196 1 
7600 0 7600 1 
8400 0 8400 1 
8802 0 8802 1 
9600 0 9600 1 
10000 0 10000 1 
-7878 0 -7878 1 
4831 0 4831 1 
8186 0 8186 1 
1046 0 1046 1 
3781 0 3781 1 
 0 -9000 1 -9000
 0 -8100 1 -8100
 0 -7200 1 -7200
 0 -6300 1 -6300
 0 -5400 1 -5400
 0 -4500 1 -4500
 0 -3600 1 -3600
 0 -2700 1 -2700
 0 -1800 1 -1800
 0 -900 1 -900
 0 0 1 0
 0 900 1 900
 0 1800 1 1800
 0 2700 1 2700
 0 3600 1 3600
 0 4500 1 4500
 0 5400 1 5400
 0 6300 1 6300
 0 7200 1 7200
 0 8100 1 8100
 0 9000 1 9000
