49
-10000 0 -10000 1 
-9600 0 -9600 1 
-9200 0 -9200 1 
-7993 0 -7993 1 
-6414 0 -6414 1 
-5590 0 -5590 1 
-4000 0 -4000 1 
-2809 0 -2809 1 
-2000 0 -2000 1 
-1600 0 -1600 1 
-1200 0 -1200 1 
-400 0 -400 1 
8 0 8 1 
800 0 800 1 
1590 0 1590 1 
2800 0 2800 1 
3207 0 3207 1 
4393 0 4393 1 
5200 0 5200 1 
6406 0 6406 1 
7200 0 7200 1 
8400 0 8400 1 
8800 0 8800 1 
9600 0 9600 1 
10000 0 10000 1 
4122 0 4122 1 
6543 0 6543 1 
-6722 0 -6722 1 
 0 -9000 1 -9000
 0 -8100 1 -8100
 0 -7200 1 -7200
 0 -6300 1 -6300
 0 -5400 1 -5400
 0 -4500 1 -4500
 0 -3600 1 -3600
 0 -2700 1 -2700
 0 -1800 1 -1800
 0 -900 1 -900
 0 0 1 0
 0 900 1 900
 0 1800 1 1800
 0 2700 1 2700
 0 3600 1 3600
 0 4500 1 4500
 0 5400 1 5400
 0 6300 1 6300
 0 7200 1 7200
 0 8100 1 8100
 0 9000 1 9000
