58
-10000 0 -10000 1 
-9200 0 -9200 1 
-8800 0 -8800 1 
-8400 0 -8400 1 
-7600 0 -7600 1 
-7199 0 -7199 1 
-6800 0 -6800 1 
-5590 0 -5590 1 
-4389 0 -4389 1 
-3593 0 -3593 1 
-2800 0 -2800 1 
-2400 0 -2400 1 
-1600 0 -1600 1 
-407 0 -407 1 
0 0 0 1 
400 0 400 1 
1200 0 1200 1 
1600 0 1600 1 
2400 0 2400 1 
2800 0 2800 1 
4400 0 4400 1 
4809 0 4809 1 
5600 0 5600 1 
6400 0 6400 1 
6800 0 6800 1 
7200 0 7200 1 
7600 0 7600 1 
8398 0 8398 1 
9200 0 9200 1 
9600 0 9600 1 
10000 0 10000 1 
9505 0 9505 1 
-5287 0 -5287 1 
-4147 0 -4147 1 
3625 0 3625 1 
-5274 0 -5274 1 
1072 0 1072 1 
 0 -9000 1 -9000
 0 -8100 1 -8100
 0 -7200 1 -7200
 0 -6300 1 -6300
 0 -5400 1 -5400
 0 -4500 1 -4500
 0 -3600 1 -3600
 0 -2700 1 -2700
 0 -1800 1 -1800
 0 -900 1 -900
 0 0 1 0
 0 900 1 900
 0 1800 1 1800
 0 2700 1 2700
 0 3600 1 3600
 0 4500 1 4500
 0 5400 1 5400
 0 6300 1 6300
 0 7200 1 7200
 0 8100 1 8100
 0 9000 1 9000
