52
-10000 0 -10000 1 
-9200 0 -9200 1 
-8795 0 -8795 1 
-7600 0 -7600 1 
-7208 0 -7208 1 
-6790 0 -6790 1 
-6400 0 -6400 1 
-5210 0 -5210 1 
-4403 0 -4403 1 
-4010 0 -4010 1 
-3205 0 -3205 1 
-2788 0 -2788 1 
-2005 0 -2005 1 
-1190 0 -1190 1 
-393 0 -393 1 
392 0 392 1 
1200 0 1200 1 
2792 0 2792 1 
3599 0 3599 1 
5200 0 5200 1 
5600 0 5600 1 
6800 0 6800 1 
7200 0 7200 1 
8000 0 8000 1 
8400 0 8400 1 
10000 0 10000 1 
5686 0 5686 1 
4467 0 4467 1 
1621 0 1621 1 
1052 0 1052 1 
4446 0 4446 1 
 0 -9000 1 -9000
 0 -8100 1 -8100
 0 -7200 1 -7200
 0 -6300 1 -6300
 0 -5400 1 -5400
 0 -4500 1 -4500
 0 -3600 1 -3600
 0 -2700 1 -2700
 0 -1800 1 -1800
 0 -900 1 -900
 0 0 1 0
 0 900 1 900
 0 1800 1 1800
 0 2700 1 2700
 0 3600 1 3600
 0 4500 1 4500
 0 5400 1 5400
 0 6300 1 6300
 0 7200 1 7200
 0 8100 1 8100
 0 9000 1 9000
