63
-10000 0 -10000 1 
-9600 0 -9600 1 
-9200 0 -9200 1 
-8800 0 -8800 1 
-8400 0 -8400 1 
-7600 0 -7600 1 
-7200 0 -7200 1 
-6800 0 -6800 1 
-6400 0 -6400 1 
-6008 0 -6008 1 
-5200 0 -5200 1 
-4396 0 -4396 1 
-3607 0 -3607 1 
-3200 0 -3200 1 
-2400 0 -2400 1 
-1191 0 -1191 1 
-403 0 -403 1 
0 0 0 1 
800 0 800 1 
1196 0 1196 1 
2000 0 2000 1 
3200 0 3200 1 
4809 0 4809 1 
5200 0 5200 1 
5600 0 5600 1 
6406 0 6406 1 
7200 0 7200 1 
8009 0 8009 1 
8400 0 8400 1 
8813 0 8813 1 
9600 0 9600 1 
10000 0 10000 1 
9880 0 9880 1 
9542 0 9542 1 
-7233 0 -7233 1 
-8502 0 -8502 1 
-9558 0 -9558 1 
1125 0 1125 1 
-1717 0 -1717 1 
3884 0 3884 1 
1853 0 1853 1 
3168 0 3168 1 
 0 -9000 1 -9000
 0 -8100 1 -8100
 0 -7200 1 -7200
 0 -6300 1 -6300
 0 -5400 1 -5400
 0 -4500 1 -4500
 0 -3600 1 -3600
 0 -2700 1 -2700
 0 -1800 1 -1800
 0 -900 1 -900
 0 0 1 0
 0 900 1 900
 0 1800 1 1800
 0 2700 1 2700
 0 3600 1 3600
 0 4500 1 4500
 0 5400 1 5400
 0 6300 1 6300
 0 7200 1 7200
 0 8100 1 8100
 0 9000 1 9000
