56
-10000 0 -10000 1 
-8803 0 -8803 1 
-8400 0 -8400 1 
-7600 0 -7600 1 
-6793 0 -6793 1 
-5609 0 -5609 1 
-5193 0 -5193 1 
-4400 0 -4400 1 
-4009 0 -4009 1 
-3608 0 -3608 1 
-2800 0 -2800 1 
-2400 0 -2400 1 
-1600 0 -1600 1 
-1192 0 -1192 1 
-400 0 -400 1 
408 0 408 1 
800 0 800 1 
1600 0 1600 1 
2400 0 2400 1 
3205 0 3205 1 
3600 0 3600 1 
4400 0 4400 1 
5200 0 5200 1 
5600 0 5600 1 
6390 0 6390 1 
7600 0 7600 1 
8000 0 8000 1 
8400 0 8400 1 
9600 0 9600 1 
10000 0 10000 1 
8672 0 8672 1 
6633 0 6633 1 
-2855 0 -2855 1 
-1186 0 -1186 1 
-8860 0 -8860 1 
 0 -9000 1 -9000
 0 -8100 1 -8100
 0 -7200 1 -7200
 0 -6300 1 -6300
 0 -5400 1 -5400
 0 -4500 1 -4500
 0 -3600 1 -3600
 0 -2700 1 -2700
 0 -1800 1 -1800
 0 -900 1 -900
 0 0 1 0
 0 900 1 900
 0 1800 1 1800
 0 2700 1 2700
 0 3600 1 3600
 0 4500 1 4500
 0 5400 1 5400
 0 6300 1 6300
 0 7200 1 7200
 0 8100 1 8100
 0 9000 1 9000
