65
-10000 0 -10000 1 
-9200 0 -9200 1 
-8800 0 -8800 1 
-8400 0 -8400 1 
-8000 0 -8000 1 
-7193 0 -7193 1 
-6400 0 -6400 1 
-6004 0 -6004 1 
-5600 0 -5600 1 
-4791 0 -4791 1 
-4406 0 -4406 1 
-4000 0 -4000 1 
-3592 0 -3592 1 
-2807 0 -2807 1 
-2400 0 -2400 1 
-2000 0 -2000 1 
-1207 0 -1207 1 
-400 0 -400 1 
393 0 393 1 
800 0 800 1 
1198 0 1198 1 
1600 0 1600 1 
2400 0 2400 1 
3200 0 3200 1 
3596 0 3596 1 
4395 0 4395 1 
4809 0 4809 1 
5200 0 5200 1 
5600 0 5600 1 
6000 0 6000 1 
6795 0 6795 1 
7200 0 7200 1 
7600 0 7600 1 
8000 0 8000 1 
8400 0 8400 1 
8800 0 8800 1 
9200 0 9200 1 
9600 0 9600 1 
10000 0 10000 1 
-8845 0 -8845 1 
2841 0 2841 1 
-8392 0 -8392 1 
5156 0 5156 1 
7510 0 7510 1 
 0 -9000 1 -9000
 0 -8100 1 -8100
 0 -7200 1 -7200
 0 -6300 1 -6300
 0 -5400 1 -5400
 0 -4500 1 -4500
 0 -3600 1 -3600
 0 -2700 1 -2700
 0 -1800 1 -1800
 0 -900 1 -900
 0 0 1 0
 0 900 1 900
 0 1800 1 1800
 0 2700 1 2700
 0 3600 1 3600
 0 4500 1 4500
 0 5400 1 5400
 0 6300 1 6300
 0 7200 1 7200
 0 8100 1 8100
 0 9000 1 9000
