57
-10000 0 -10000 1 
-9600 0 -9600 1 
-9200 0 -9200 1 
-8400 0 -8400 1 
-7600 0 -7600 1 
-6800 0 -6800 1 
-6000 0 -6000 1 
-5208 0 -5208 1 
-4408 0 -4408 1 
-3599 0 -3599 1 
-2000 0 -2000 1 
-1200 0 -1200 1 
-10 0 -10 1 
400 0 400 1 
1201 0 1201 1 
2008 0 2008 1 
3208 0 3208 1 
4800 0 4800 1 
6422 0 6422 1 
7200 0 7200 1 
7600 0 7600 1 
8400 0 8400 1 
9200 0 9200 1 
10000 0 10000 1 
-925 0 -925 1 
5389 0 5389 1 
-6900 0 -6900 1 
-3267 0 -3267 1 
-3178 0 -3178 1 
4296 0 4296 1 
-884 0 -884 1 
3168 0 3168 1 
9787 0 9787 1 
-4481 0 -4481 1 
7393 0 7393 1 
8259 0 8259 1 
 0 -9000 1 -9000
 0 -8100 1 -8100
 0 -7200 1 -7200
 0 -6300 1 -6300
 0 -5400 1 -5400
 0 -4500 1 -4500
 0 -3600 1 -3600
 0 -2700 1 -2700
 0 -1800 1 -1800
 0 -900 1 -900
 0 0 1 0
 0 900 1 900
 0 1800 1 1800
 0 2700 1 2700
 0 3600 1 3600
 0 4500 1 4500
 0 5400 1 5400
 0 6300 1 6300
 0 7200 1 7200
 0 8100 1 8100
 0 9000 1 9000
