51
-10000 0 -10000 1 
-8400 0 -8400 1 
-7600 0 -7600 1 
-7190 0 -7190 1 
-6800 0 -6800 1 
-6400 0 -6400 1 
-5600 0 -5600 1 
-5205 0 -5205 1 
-4406 0 -4406 1 
-3613 0 -3613 1 
-2798 0 -2798 1 
-1600 0 -1600 1 
-1194 0 -1194 1 
0 0 0 1 
800 0 800 1 
2000 0 2000 1 
2800 0 2800 1 
3200 0 3200 1 
4380 0 4380 1 
4800 0 4800 1 
5600 0 5600 1 
6790 0 6790 1 
7600 0 7600 1 
8400 0 8400 1 
9591 0 9591 1 
10000 0 10000 1 
5894 0 5894 1 
2015 0 2015 1 
-9780 0 -9780 1 
8615 0 8615 1 
 0 -9000 1 -9000
 0 -8100 1 -8100
 0 -7200 1 -7200
 0 -6300 1 -6300
 0 -5400 1 -5400
 0 -4500 1 -4500
 0 -3600 1 -3600
 0 -2700 1 -2700
 0 -1800 1 -1800
 0 -900 1 -900
 0 0 1 0
 0 900 1 900
 0 1800 1 1800
 0 2700 1 2700
 0 3600 1 3600
 0 4500 1 4500
 0 5400 1 5400
 0 6300 1 6300
 0 7200 1 7200
 0 8100 1 8100
 0 9000 1 9000
