51
-10000 0 -10000 1 
-9600 0 -9600 1 
-8400 0 -8400 1 
-7600 0 -7600 1 
-7200 0 -7200 1 
-6800 0 -6800 1 
-5600 0 -5600 1 
-5200 0 -5200 1 
-4001 0 -4001 1 
-3600 0 -3600 1 
-2397 0 -2397 1 
-1600 0 -1600 1 
-391 0 -391 1 
394 0 394 1 
1196 0 1196 1 
2000 0 2000 1 
2380 0 2380 1 
3200 0 3200 1 
3600 0 3600 1 
4000 0 4000 1 
4383 0 4383 1 
4800 0 4800 1 
6000 0 6000 1 
7600 0 7600 1 
8007 0 8007 1 
8400 0 8400 1 
9210 0 9210 1 
9600 0 9600 1 
10000 0 10000 1 
-5701 0 -5701 1 
 0 -9000 1 -9000
 0 -8100 1 -8100
 0 -7200 1 -7200
 0 -6300 1 -6300
 0 -5400 1 -5400
 0 -4500 1 -4500
 0 -3600 1 -3600
 0 -2700 1 -2700
 0 -1800 1 -1800
 0 -900 1 -900
 0 0 1 0
 0 900 1 900
 0 1800 1 1800
 0 2700 1 2700
 0 3600 1 3600
 0 4500 1 4500
 0 5400 1 5400
 0 6300 1 6300
 0 7200 1 7200
 0 8100 1 8100
 0 9000 1 9000
