64
-10000 0 -10000 1 
-9200 0 -9200 1 
-8400 0 -8400 1 
-7600 0 -7600 1 
-7191 0 -7191 1 
-6800 0 -6800 1 
-6388 0 -6388 1 
-5607 0 -5607 1 
-5200 0 -5200 1 
-4406 0 -4406 1 
-3604 0 -3604 1 
-2800 0 -2800 1 
-2400 0 -2400 1 
-1992 0 -1992 1 
-1609 0 -1609 1 
-1197 0 -1197 1 
-400 0 -400 1 
0 0 0 1 
390 0 390 1 
800 0 800 1 
1206 0 1206 1 
1600 0 1600 1 
2390 0 2390 1 
3176 0 3176 1 
3600 0 3600 1 
4400 0 4400 1 
4809 0 4809 1 
5200 0 5200 1 
5600 0 5600 1 
6395 0 6395 1 
7200 0 7200 1 
7600 0 7600 1 
8402 0 8402 1 
8800 0 8800 1 
9200 0 9200 1 
9600 0 9600 1 
10000 0 10000 1 
-9558 0 -9558 1 
-4764 0 -4764 1 
-3835 0 -3835 1 
-1666 0 -1666 1 
-9074 0 -9074 1 
-1186 0 -1186 1 
 0 -9000 1 -9000
 0 -8100 1 -8100
 0 -7200 1 -7200
 0 -6300 1 -6300
 0 -5400 1 -5400
 0 -4500 1 -4500
 0 -3600 1 -3600
 0 -2700 1 -2700
 0 -1800 1 -1800
 0 -900 1 -900
 0 0 1 0
 0 900 1 900
 0 1800 1 1800
 0 2700 1 2700
 0 3600 1 3600
 0 4500 1 4500
 0 5400 1 5400
 0 6300 1 6300
 0 7200 1 7200
 0 8100 1 8100
 0 9000 1 9000
