53
-10000 0 -10000 1 
-9193 0 -9193 1 
-8400 0 -8400 1 
-7600 0 -7600 1 
-6800 0 -6800 1 
-5204 0 -5204 1 
-4400 0 -4400 1 
-4000 0 -4000 1 
-3200 0 -3200 1 
-2000 0 -2000 1 
-1600 0 -1600 1 
-1181 0 -1181 1 
-400 0 -400 1 
0 0 0 1 
815 0 815 1 
1600 0 1600 1 
2418 0 2418 1 
3200 0 3200 1 
3590 0 3590 1 
4405 0 4405 1 
5200 0 5200 1 
6400 0 6400 1 
7200 0 7200 1 
8000 0 8000 1 
8800 0 8800 1 
10000 0 10000 1 
5683 0 5683 1 
1616 0 1616 1 
-6064 0 -6064 1 
-2855 0 -2855 1 
6529 0 6529 1 
9787 0 9787 1 
 0 -9000 1 -9000
 0 -8100 1 -8100
 0 -7200 1 -7200
 0 -6300 1 -6300
 0 -5400 1 -5400
 0 -4500 1 -4500
 0 -3600 1 -3600
 0 -2700 1 -2700
 0 -1800 1 -1800
 0 -900 1 -900
 0 0 1 0
 0 900 1 900
 0 1800 1 1800
 0 2700 1 2700
 0 3600 1 3600
 0 4500 1 4500
 0 5400 1 5400
 0 6300 1 6300
 0 7200 1 7200
 0 8100 1 8100
 0 9000 1 9000
