60
-10000 0 -10000 1 
-9209 0 -9209 1 
-8800 0 -8800 1 
-8000 0 -8000 1 
-7200 0 -7200 1 
-6809 0 -6809 1 
-6400 0 -6400 1 
-5600 0 -5600 1 
-4800 0 -4800 1 
-4406 0 -4406 1 
-3200 0 -3200 1 
-2003 0 -2003 1 
-1600 0 -1600 1 
-1209 0 -1209 1 
-401 0 -401 1 
385 0 385 1 
800 0 800 1 
1200 0 1200 1 
1604 0 1604 1 
2800 0 2800 1 
3609 0 3609 1 
4403 0 4403 1 
5200 0 5200 1 
6000 0 6000 1 
7200 0 7200 1 
7594 0 7594 1 
8400 0 8400 1 
8793 0 8793 1 
10000 0 10000 1 
-8845 0 -8845 1 
1229 0 1229 1 
8495 0 8495 1 
-1446 0 -1446 1 
9788 0 9788 1 
-3178 0 -3178 1 
-7268 0 -7268 1 
-2848 0 -2848 1 
5126 0 5126 1 
-3661 0 -3661 1 
 0 -9000 1 -9000
 0 -8100 1 -8100
 0 -7200 1 -7200
 0 -6300 1 -6300
 0 -5400 1 -5400
 0 -4500 1 -4500
 0 -3600 1 -3600
 0 -2700 1 -2700
 0 -1800 1 -1800
 0 -900 1 -900
 0 0 1 0
 0 900 1 900
 0 1800 1 1800
 0 2700 1 2700
 0 3600 1 3600
 0 4500 1 4500
 0 5400 1 5400
 0 6300 1 6300
 0 7200 1 7200
 0 8100 1 8100
 0 9000 1 9000
