52
-10000 0 -10000 1 
-9200 0 -9200 1 
-8800 0 -8800 1 
-7200 0 -7200 1 
-6400 0 -6400 1 
-4400 0 -4400 1 
-4000 0 -4000 1 
-3200 0 -3200 1 
-2804 0 -2804 1 
-1190 0 -1190 1 
1 0 1 1 
1180 0 1180 1 
2803 0 2803 1 
3600 0 3600 1 
4395 0 4395 1 
5206 0 5206 1 
5600 0 5600 1 
6400 0 6400 1 
7200 0 7200 1 
8400 0 8400 1 
8796 0 8796 1 
9604 0 9604 1 
10000 0 10000 1 
5686 0 5686 1 
-1707 0 -1707 1 
-5287 0 -5287 1 
1616 0 1616 1 
-9670 0 -9670 1 
3781 0 3781 1 
-8631 0 -8631 1 
-7268 0 -7268 1 
 0 -9000 1 -9000
 0 -8100 1 -8100
 0 -7200 1 -7200
 0 -6300 1 -6300
 0 -5400 1 -5400
 0 -4500 1 -4500
 0 -3600 1 -3600
 0 -2700 1 -2700
 0 -1800 1 -1800
 0 -900 1 -900
 0 0 1 0
 0 900 1 900
 0 1800 1 1800
 0 2700 1 2700
 0 3600 1 3600
 0 4500 1 4500
 0 5400 1 5400
 0 6300 1 6300
 0 7200 1 7200
 0 8100 1 8100
 0 9000 1 9000
