56
-10000 0 -10000 1 
-9600 0 -9600 1 
-9200 0 -9200 1 
-8400 0 -8400 1 
-7600 0 -7600 1 
-7200 0 -7200 1 
-6803 0 -6803 1 
-6400 0 -6400 1 
-5600 0 -5600 1 
-4800 0 -4800 1 
-3980 0 -3980 1 
-3600 0 -3600 1 
-2798 0 -2798 1 
-1600 0 -1600 1 
-1200 0 -1200 1 
-400 0 -400 1 
400 0 400 1 
1204 0 1204 1 
2405 0 2405 1 
2800 0 2800 1 
3200 0 3200 1 
4400 0 4400 1 
4800 0 4800 1 
5600 0 5600 1 
6807 0 6807 1 
7200 0 7200 1 
7600 0 7600 1 
8000 0 8000 1 
8800 0 8800 1 
9600 0 9600 1 
10000 0 10000 1 
9505 0 9505 1 
544 0 544 1 
-1666 0 -1666 1 
3470 0 3470 1 
 0 -9000 1 -9000
 0 -8100 1 -8100
 0 -7200 1 -7200
 0 -6300 1 -6300
 0 -5400 1 -5400
 0 -4500 1 -4500
 0 -3600 1 -3600
 0 -2700 1 -2700
 0 -1800 1 -1800
 0 -900 1 -900
 0 0 1 0
 0 900 1 900
 0 1800 1 1800
 0 2700 1 2700
 0 3600 1 3600
 0 4500 1 4500
 0 5400 1 5400
 0 6300 1 6300
 0 7200 1 7200
 0 8100 1 8100
 0 9000 1 9000
