64
-10000 0 -10000 1 
-9600 0 -9600 1 
-8400 0 -8400 1 
-7600 0 -7600 1 
-7207 0 -7207 1 
-6010 0 -6010 1 
-5600 0 -5600 1 
-5200 0 -5200 1 
-4800 0 -4800 1 
-4400 0 -4400 1 
-3600 0 -3600 1 
-2800 0 -2800 1 
-1610 0 -1610 1 
-1200 0 -1200 1 
-400 0 -400 1 
400 0 400 1 
800 0 800 1 
1210 0 1210 1 
2400 0 2400 1 
2800 0 2800 1 
3600 0 3600 1 
4005 0 4005 1 
4400 0 4400 1 
4792 0 4792 1 
5200 0 5200 1 
6000 0 6000 1 
6800 0 6800 1 
7590 0 7590 1 
8000 0 8000 1 
8400 0 8400 1 
8800 0 8800 1 
9200 0 9200 1 
9600 0 9600 1 
10000 0 10000 1 
-7233 0 -7233 1 
-2294 0 -2294 1 
6847 0 6847 1 
-3267 0 -3267 1 
1853 0 1853 1 
-9074 0 -9074 1 
-6719 0 -6719 1 
5799 0 5799 1 
-566 0 -566 1 
 0 -9000 1 -9000
 0 -8100 1 -8100
 0 -7200 1 -7200
 0 -6300 1 -6300
 0 -5400 1 -5400
 0 -4500 1 -4500
 0 -3600 1 -3600
 0 -2700 1 -2700
 0 -1800 1 -1800
 0 -900 1 -900
 0 0 1 0
 0 900 1 900
 0 1800 1 1800
 0 2700 1 2700
 0 3600 1 3600
 0 4500 1 4500
 0 5400 1 5400
 0 6300 1 6300
 0 7200 1 7200
 0 8100 1 8100
 0 9000 1 9000
