55
-10000 0 -10000 1 
-9200 0 -9200 1 
-8400 0 -8400 1 
-7609 0 -7609 1 
-6800 0 -6800 1 
-6400 0 -6400 1 
-5600 0 -5600 1 
-5200 0 -5200 1 
-4404 0 -4404 1 
-3606 0 -3606 1 
-2400 0 -2400 1 
-1600 0 -1600 1 
-1190 0 -1190 1 
-400 0 -400 1 
400 0 400 1 
1600 0 1600 1 
2400 0 2400 1 
3200 0 3200 1 
3590 0 3590 1 
4396 0 4396 1 
5197 0 5197 1 
6400 0 6400 1 
6791 0 6791 1 
7195 0 7195 1 
7600 0 7600 1 
8010 0 8010 1 
8400 0 8400 1 
10000 0 10000 1 
5686 0 5686 1 
9498 0 9498 1 
1046 0 1046 1 
-8370 0 -8370 1 
-2855 0 -2855 1 
-9133 0 -9133 1 
 0 -9000 1 -9000
 0 -8100 1 -8100
 0 -7200 1 -7200
 0 -6300 1 -6300
 0 -5400 1 -5400
 0 -4500 1 -4500
 0 -3600 1 -3600
 0 -2700 1 -2700
 0 -1800 1 -1800
 0 -900 1 -900
 0 0 1 0
 0 900 1 900
 0 1800 1 1800
 0 2700 1 2700
 0 3600 1 3600
 0 4500 1 4500
 0 5400 1 5400
 0 6300 1 6300
 0 7200 1 7200
 0 8100 1 8100
 0 9000 1 9000
