52
-10000 0 -10000 1 
-9600 0 -9600 1 
-8800 0 -8800 1 
-8000 0 -8000 1 
-7200 0 -7200 1 
-6400 0 -6400 1 
-5593 0 -5593 1 
-4800 0 -4800 1 
-4000 0 -4000 1 
-3600 0 -3600 1 
-2810 0 -2810 1 
-1208 0 -1208 1 
0 0 0 1 
800 0 800 1 
1193 0 1193 1 
1597 0 1597 1 
2000 0 2000 1 
2400 0 2400 1 
3590 0 3590 1 
4783 0 4783 1 
5200 0 5200 1 
5600 0 5600 1 
6410 0 6410 1 
7600 0 7600 1 
8400 0 8400 1 
9600 0 9600 1 
10000 0 10000 1 
9505 0 9505 1 
4740 0 4740 1 
-4147 0 -4147 1 
-2706 0 -2706 1 
 0 -9000 1 -9000
 0 -8100 1 -8100
 0 -7200 1 -7200
 0 -6300 1 -6300
 0 -5400 1 -5400
 0 -4500 1 -4500
 0 -3600 1 -3600
 0 -2700 1 -2700
 0 -1800 1 -1800
 0 -900 1 -900
 0 0 1 0
 0 900 1 900
 0 1800 1 1800
 0 2700 1 2700
 0 3600 1 3600
 0 4500 1 4500
 0 5400 1 5400
 0 6300 1 6300
 0 7200 1 7200
 0 8100 1 8100
 0 9000 1 9000
