56
-10000 0 -10000 1 
-9600 0 -9600 1 
-9200 0 -9200 1 
-7200 0 -7200 1 
-6400 0 -6400 1 
-5200 0 -5200 1 
-4800 0 -4800 1 
-3993 0 -3993 1 
-2400 0 -2400 1 
-2000 0 -2000 1 
-1609 0 -1609 1 
-1200 0 -1200 1 
-2 0 -2 1 
400 0 400 1 
1192 0 1192 1 
1600 0 1600 1 
2000 0 2000 1 
2800 0 2800 1 
3182 0 3182 1 
3600 0 3600 1 
4392 0 4392 1 
4800 0 4800 1 
5600 0 5600 1 
6800 0 6800 1 
7200 0 7200 1 
8000 0 8000 1 
8400 0 8400 1 
8792 0 8792 1 
10000 0 10000 1 
-7870 0 -7870 1 
-8502 0 -8502 1 
-7839 0 -7839 1 
-4774 0 -4774 1 
-5287 0 -5287 1 
-3038 0 -3038 1 
 0 -9000 1 -9000
 0 -8100 1 -8100
 0 -7200 1 -7200
 0 -6300 1 -6300
 0 -5400 1 -5400
 0 -4500 1 -4500
 0 -3600 1 -3600
 0 -2700 1 -2700
 0 -1800 1 -1800
 0 -900 1 -900
 0 0 1 0
 0 900 1 900
 0 1800 1 1800
 0 2700 1 2700
 0 3600 1 3600
 0 4500 1 4500
 0 5400 1 5400
 0 6300 1 6300
 0 7200 1 7200
 0 8100 1 8100
 0 9000 1 9000
