53
-10000 0 -10000 1 
-9200 0 -9200 1 
-8800 0 -8800 1 
-7600 0 -7600 1 
-6793 0 -6793 1 
-5592 0 -5592 1 
-5210 0 -5210 1 
-4400 0 -4400 1 
-3600 0 -3600 1 
-2785 0 -2785 1 
-1988 0 -1988 1 
-1200 0 -1200 1 
390 0 390 1 
798 0 798 1 
1200 0 1200 1 
2400 0 2400 1 
3200 0 3200 1 
4400 0 4400 1 
4803 0 4803 1 
5600 0 5600 1 
6414 0 6414 1 
6800 0 6800 1 
7200 0 7200 1 
7600 0 7600 1 
8800 0 8800 1 
9591 0 9591 1 
10000 0 10000 1 
-6826 0 -6826 1 
-7839 0 -7839 1 
-28 0 -28 1 
1281 0 1281 1 
-6621 0 -6621 1 
 0 -9000 1 -9000
 0 -8100 1 -8100
 0 -7200 1 -7200
 0 -6300 1 -6300
 0 -5400 1 -5400
 0 -4500 1 -4500
 0 -3600 1 -3600
 0 -2700 1 -2700
 0 -1800 1 -1800
 0 -900 1 -900
 0 0 1 0
 0 900 1 900
 0 1800 1 1800
 0 2700 1 2700
 0 3600 1 3600
 0 4500 1 4500
 0 5400 1 5400
 0 6300 1 6300
 0 7200 1 7200
 0 8100 1 8100
 0 9000 1 9000
