65
-9993 0 -9993 1 
-9600 0 -9600 1 
-9200 0 -9200 1 
-8400 0 -8400 1 
-8006 0 -8006 1 
-7200 0 -7200 1 
-6780 0 -6780 1 
-6000 0 -6000 1 
-5200 0 -5200 1 
-4394 0 -4394 1 
-4000 0 -4000 1 
-3600 0 -3600 1 
-2797 0 -2797 1 
-2400 0 -2400 1 
-2007 0 -2007 1 
-1200 0 -1200 1 
-800 0 -800 1 
400 0 400 1 
793 0 793 1 
1209 0 1209 1 
1600 0 1600 1 
2006 0 2006 1 
2409 0 2409 1 
3200 0 3200 1 
4000 0 4000 1 
4408 0 4408 1 
5200 0 5200 1 
5600 0 5600 1 
6000 0 6000 1 
6393 0 6393 1 
7207 0 7207 1 
7600 0 7600 1 
9200 0 9200 1 
10000 0 10000 1 
4009 0 4009 1 
150 0 150 1 
6303 0 6303 1 
1229 0 1229 1 
-7874 0 -7874 1 
8583 0 8583 1 
6106 0 6106 1 
8178 0 8178 1 
4467 0 4467 1 
-4388 0 -4388 1 
 0 -9000 1 -9000
 0 -8100 1 -8100
 0 -7200 1 -7200
 0 -6300 1 -6300
 0 -5400 1 -5400
 0 -4500 1 -4500
 0 -3600 1 -3600
 0 -2700 1 -2700
 0 -1800 1 -1800
 0 -900 1 -900
 0 0 1 0
 0 900 1 900
 0 1800 1 1800
 0 2700 1 2700
 0 3600 1 3600
 0 4500 1 4500
 0 5400 1 5400
 0 6300 1 6300
 0 7200 1 7200
 0 8100 1 8100
 0 9000 1 9000
