53
-10000 0 -10000 1 
-9600 0 -9600 1 
-9200 0 -9200 1 
-8800 0 -8800 1 
-8400 0 -8400 1 
-8000 0 -8000 1 
-7200 0 -7200 1 
-6400 0 -6400 1 
-5600 0 -5600 1 
-4800 0 -4800 1 
-4000 0 -4000 1 
-3592 0 -3592 1 
-2817 0 -2817 1 
-2000 0 -2000 1 
-1200 0 -1200 1 
-400 0 -400 1 
0 0 0 1 
1600 0 1600 1 
2382 0 2382 1 
3193 0 3193 1 
3600 0 3600 1 
4400 0 4400 1 
4808 0 4808 1 
5600 0 5600 1 
6400 0 6400 1 
6800 0 6800 1 
7600 0 7600 1 
8400 0 8400 1 
9600 0 9600 1 
10000 0 10000 1 
-4774 0 -4774 1 
695 0 695 1 
 0 -9000 1 -9000
 0 -8100 1 -8100
 0 -7200 1 -7200
 0 -6300 1 -6300
 0 -5400 1 -5400
 0 -4500 1 -4500
 0 -3600 1 -3600
 0 -2700 1 -2700
 0 -1800 1 -1800
 0 -900 1 -900
 0 0 1 0
 0 900 1 900
 0 1800 1 1800
 0 2700 1 2700
 0 3600 1 3600
 0 4500 1 4500
 0 5400 1 5400
 0 6300 1 6300
 0 7200 1 7200
 0 8100 1 8100
 0 9000 1 9000
