64
-10000 0 -10000 1 
-9200 0 -9200 1 
-8400 0 -8400 1 
-7200 0 -7200 1 
-6800 0 -6800 1 
-6408 0 -6408 1 
-5596 0 -5596 1 
-4800 0 -4800 1 
-4400 0 -4400 1 
-3994 0 -3994 1 
-3604 0 -3604 1 
-2800 0 -2800 1 
-2400 0 -2400 1 
-2000 0 -2000 1 
-1600 0 -1600 1 
-1200 0 -1200 1 
-400 0 -400 1 
0 0 0 1 
400 0 400 1 
808 0 808 1 
1600 0 1600 1 
2008 0 2008 1 
2808 0 2808 1 
3200 0 3200 1 
3603 0 3603 1 
4409 0 4409 1 
4800 0 4800 1 
5200 0 5200 1 
6000 0 6000 1 
6800 0 6800 1 
7200 0 7200 1 
7590 0 7590 1 
8000 0 8000 1 
8800 0 8800 1 
9200 0 9200 1 
9600 0 9600 1 
10000 0 10000 1 
-326 0 -326 1 
-2094 0 -2094 1 
8977 0 8977 1 
5887 0 5887 1 
4831 0 4831 1 
-7662 0 -7662 1 
 0 -9000 1 -9000
 0 -8100 1 -8100
 0 -7200 1 -7200
 0 -6300 1 -6300
 0 -5400 1 -5400
 0 -4500 1 -4500
 0 -3600 1 -3600
 0 -2700 1 -2700
 0 -1800 1 -1800
 0 -900 1 -900
 0 0 1 0
 0 900 1 900
 0 1800 1 1800
 0 2700 1 2700
 0 3600 1 3600
 0 4500 1 4500
 0 5400 1 5400
 0 6300 1 6300
 0 7200 1 7200
 0 8100 1 8100
 0 9000 1 9000
