62
-10000 0 -10000 1 
-9200 0 -9200 1 
-8400 0 -8400 1 
-7600 0 -7600 1 
-7200 0 -7200 1 
-6800 0 -6800 1 
-6400 0 -6400 1 
-4406 0 -4406 1 
-4000 0 -4000 1 
-3200 0 -3200 1 
-2800 0 -2800 1 
-2405 0 -2405 1 
-1606 0 -1606 1 
-1200 0 -1200 1 
-410 0 -410 1 
0 0 0 1 
403 0 403 1 
809 0 809 1 
1600 0 1600 1 
2400 0 2400 1 
3211 0 3211 1 
3600 0 3600 1 
4400 0 4400 1 
4800 0 4800 1 
5600 0 5600 1 
6400 0 6400 1 
6800 0 6800 1 
7200 0 7200 1 
8000 0 8000 1 
8800 0 8800 1 
9200 0 9200 1 
9600 0 9600 1 
10000 0 10000 1 
5686 0 5686 1 
-1707 0 -1707 1 
-5287 0 -5287 1 
-24 0 -24 1 
8464 0 8464 1 
-9074 0 -9074 1 
-1186 0 -1186 1 
3625 0 3625 1 
 0 -9000 1 -9000
 0 -8100 1 -8100
 0 -7200 1 -7200
 0 -6300 1 -6300
 0 -5400 1 -5400
 0 -4500 1 -4500
 0 -3600 1 -3600
 0 -2700 1 -2700
 0 -1800 1 -1800
 0 -900 1 -900
 0 0 1 0
 0 900 1 900
 0 1800 1 1800
 0 2700 1 2700
 0 3600 1 3600
 0 4500 1 4500
 0 5400 1 5400
 0 6300 1 6300
 0 7200 1 7200
 0 8100 1 8100
 0 9000 1 9000
