51
-10000 0 -10000 1 
-8801 0 -8801 1 
-7600 0 -7600 1 
-7200 0 -7200 1 
-5200 0 -5200 1 
-4000 0 -4000 1 
-3600 0 -3600 1 
-2800 0 -2800 1 
-2410 0 -2410 1 
-1600 0 -1600 1 
-1196 0 -1196 1 
7 0 7 1 
400 0 400 1 
1600 0 1600 1 
2000 0 2000 1 
2400 0 2400 1 
2800 0 2800 1 
3200 0 3200 1 
4400 0 4400 1 
5200 0 5200 1 
5600 0 5600 1 
6400 0 6400 1 
7200 0 7200 1 
8800 0 8800 1 
9591 0 9591 1 
10000 0 10000 1 
1493 0 1493 1 
-6825 0 -6825 1 
6214 0 6214 1 
8747 0 8747 1 
 0 -9000 1 -9000
 0 -8100 1 -8100
 0 -7200 1 -7200
 0 -6300 1 -6300
 0 -5400 1 -5400
 0 -4500 1 -4500
 0 -3600 1 -3600
 0 -2700 1 -2700
 0 -1800 1 -1800
 0 -900 1 -900
 0 0 1 0
 0 900 1 900
 0 1800 1 1800
 0 2700 1 2700
 0 3600 1 3600
 0 4500 1 4500
 0 5400 1 5400
 0 6300 1 6300
 0 7200 1 7200
 0 8100 1 8100
 0 9000 1 9000
