52
-10000 0 -10000 1 
-9200 0 -9200 1 
-8800 0 -8800 1 
-7600 0 -7600 1 
-6804 0 -6804 1 
-6400 0 -6400 1 
-5610 0 -5610 1 
-4410 0 -4410 1 
-3600 0 -3600 1 
-2800 0 -2800 1 
-2397 0 -2397 1 
-2000 0 -2000 1 
-1593 0 -1593 1 
-1200 0 -1200 1 
0 0 0 1 
400 0 400 1 
800 0 800 1 
1200 0 1200 1 
2000 0 2000 1 
2800 0 2800 1 
3600 0 3600 1 
4395 0 4395 1 
5200 0 5200 1 
7193 0 7193 1 
8394 0 8394 1 
9600 0 9600 1 
10000 0 10000 1 
3622 0 3622 1 
5686 0 5686 1 
6106 0 6106 1 
-24 0 -24 1 
 0 -9000 1 -9000
 0 -8100 1 -8100
 0 -7200 1 -7200
 0 -6300 1 -6300
 0 -5400 1 -5400
 0 -4500 1 -4500
 0 -3600 1 -3600
 0 -2700 1 -2700
 0 -1800 1 -1800
 0 -900 1 -900
 0 0 1 0
 0 900 1 900
 0 1800 1 1800
 0 2700 1 2700
 0 3600 1 3600
 0 4500 1 4500
 0 5400 1 5400
 0 6300 1 6300
 0 7200 1 7200
 0 8100 1 8100
 0 9000 1 9000
