56
-10000 0 -10000 1 
-9200 0 -9200 1 
-6800 0 -6800 1 
-6400 0 -6400 1 
-5600 0 -5600 1 
-4409 0 -4409 1 
-3600 0 -3600 1 
-2800 0 -2800 1 
-1610 0 -1610 1 
0 0 0 1 
803 0 803 1 
1600 0 1600 1 
2400 0 2400 1 
3200 0 3200 1 
3604 0 3604 1 
4397 0 4397 1 
5193 0 5193 1 
5600 0 5600 1 
6400 0 6400 1 
6800 0 6800 1 
7200 0 7200 1 
8392 0 8392 1 
8810 0 8810 1 
9600 0 9600 1 
10000 0 10000 1 
5887 0 5887 1 
6113 0 6113 1 
-804 0 -804 1 
9788 0 9788 1 
-7268 0 -7268 1 
8296 0 8296 1 
890 0 890 1 
-8246 0 -8246 1 
-5701 0 -5701 1 
2234 0 2234 1 
 0 -9000 1 -9000
 0 -8100 1 -8100
 0 -7200 1 -7200
 0 -6300 1 -6300
 0 -5400 1 -5400
 0 -4500 1 -4500
 0 -3600 1 -3600
 0 -2700 1 -2700
 0 -1800 1 -1800
 0 -900 1 -900
 0 0 1 0
 0 900 1 900
 0 1800 1 1800
 0 2700 1 2700
 0 3600 1 3600
 0 4500 1 4500
 0 5400 1 5400
 0 6300 1 6300
 0 7200 1 7200
 0 8100 1 8100
 0 9000 1 9000
