57
-10000 0 -10000 1 
-8797 0 -8797 1 
-8391 0 -8391 1 
-7600 0 -7600 1 
-7200 0 -7200 1 
-6392 0 -6392 1 
-5600 0 -5600 1 
-4406 0 -4406 1 
-3607 0 -3607 1 
-2800 0 -2800 1 
-2000 0 -2000 1 
-1200 0 -1200 1 
-398 0 -398 1 
-5 0 -5 1 
1200 0 1200 1 
1600 0 1600 1 
2390 0 2390 1 
3200 0 3200 1 
3600 0 3600 1 
4394 0 4394 1 
5200 0 5200 1 
6400 0 6400 1 
8000 0 8000 1 
8800 0 8800 1 
9600 0 9600 1 
9997 0 9997 1 
-4774 0 -4774 1 
8186 0 8186 1 
1616 0 1616 1 
5156 0 5156 1 
7510 0 7510 1 
3725 0 3725 1 
6847 0 6847 1 
-8370 0 -8370 1 
1143 0 1143 1 
-9780 0 -9780 1 
 0 -9000 1 -9000
 0 -8100 1 -8100
 0 -7200 1 -7200
 0 -6300 1 -6300
 0 -5400 1 -5400
 0 -4500 1 -4500
 0 -3600 1 -3600
 0 -2700 1 -2700
 0 -1800 1 -1800
 0 -900 1 -900
 0 0 1 0
 0 900 1 900
 0 1800 1 1800
 0 2700 1 2700
 0 3600 1 3600
 0 4500 1 4500
 0 5400 1 5400
 0 6300 1 6300
 0 7200 1 7200
 0 8100 1 8100
 0 9000 1 9000
