58
-10000 0 -10000 1 
-9200 0 -9200 1 
-8393 0 -8393 1 
-7600 0 -7600 1 
-6800 0 -6800 1 
-6408 0 -6408 1 
-5600 0 -5600 1 
-4400 0 -4400 1 
-3597 0 -3597 1 
-2800 0 -2800 1 
-2000 0 -2000 1 
-1589 0 -1589 1 
-400 0 -400 1 
0 0 0 1 
400 0 400 1 
800 0 800 1 
1600 0 1600 1 
2795 0 2795 1 
3610 0 3610 1 
4404 0 4404 1 
4806 0 4806 1 
5600 0 5600 1 
6391 0 6391 1 
6800 0 6800 1 
7200 0 7200 1 
7600 0 7600 1 
8400 0 8400 1 
9600 0 9600 1 
10000 0 10000 1 
6633 0 6633 1 
5156 0 5156 1 
-3825 0 -3825 1 
8304 0 8304 1 
6713 0 6713 1 
9484 0 9484 1 
-566 0 -566 1 
-2372 0 -2372 1 
 0 -9000 1 -9000
 0 -8100 1 -8100
 0 -7200 1 -7200
 0 -6300 1 -6300
 0 -5400 1 -5400
 0 -4500 1 -4500
 0 -3600 1 -3600
 0 -2700 1 -2700
 0 -1800 1 -1800
 0 -900 1 -900
 0 0 1 0
 0 900 1 900
 0 1800 1 1800
 0 2700 1 2700
 0 3600 1 3600
 0 4500 1 4500
 0 5400 1 5400
 0 6300 1 6300
 0 7200 1 7200
 0 8100 1 8100
 0 9000 1 9000
