53
-10000 0 -10000 1 
-9600 0 -9600 1 
-9200 0 -9200 1 
-8400 0 -8400 1 
-8000 0 -8000 1 
-7207 0 -7207 1 
-6400 0 -6400 1 
-5606 0 -5606 1 
-4798 0 -4798 1 
-3600 0 -3600 1 
-2390 0 -2390 1 
-2010 0 -2010 1 
-1608 0 -1608 1 
-410 0 -410 1 
0 0 0 1 
800 0 800 1 
1608 0 1608 1 
2402 0 2402 1 
3600 0 3600 1 
4394 0 4394 1 
5593 0 5593 1 
6405 0 6405 1 
7200 0 7200 1 
8000 0 8000 1 
8400 0 8400 1 
9200 0 9200 1 
10000 0 10000 1 
-4767 0 -4767 1 
4831 0 4831 1 
7510 0 7510 1 
-3043 0 -3043 1 
-519 0 -519 1 
 0 -9000 1 -9000
 0 -8100 1 -8100
 0 -7200 1 -7200
 0 -6300 1 -6300
 0 -5400 1 -5400
 0 -4500 1 -4500
 0 -3600 1 -3600
 0 -2700 1 -2700
 0 -1800 1 -1800
 0 -900 1 -900
 0 0 1 0
 0 900 1 900
 0 1800 1 1800
 0 2700 1 2700
 0 3600 1 3600
 0 4500 1 4500
 0 5400 1 5400
 0 6300 1 6300
 0 7200 1 7200
 0 8100 1 8100
 0 9000 1 9000
