57
-10000 0 -10000 1 
-9200 0 -9200 1 
-8400 0 -8400 1 
-7603 0 -7603 1 
-6800 0 -6800 1 
-6381 0 -6381 1 
-5600 0 -5600 1 
-5196 0 -5196 1 
-4400 0 -4400 1 
-4010 0 -4010 1 
-3592 0 -3592 1 
-2800 0 -2800 1 
-1998 0 -1998 1 
-1609 0 -1609 1 
-1200 0 -1200 1 
-404 0 -404 1 
400 0 400 1 
800 0 800 1 
1200 0 1200 1 
1600 0 1600 1 
2400 0 2400 1 
3200 0 3200 1 
3600 0 3600 1 
4800 0 4800 1 
5215 0 5215 1 
5600 0 5600 1 
6400 0 6400 1 
6800 0 6800 1 
8000 0 8000 1 
8800 0 8800 1 
9200 0 9200 1 
10000 0 10000 1 
3888 0 3888 1 
-7662 0 -7662 1 
6847 0 6847 1 
8304 0 8304 1 
 0 -9000 1 -9000
 0 -8100 1 -8100
 0 -7200 1 -7200
 0 -6300 1 -6300
 0 -5400 1 -5400
 0 -4500 1 -4500
 0 -3600 1 -3600
 0 -2700 1 -2700
 0 -1800 1 -1800
 0 -900 1 -900
 0 0 1 0
 0 900 1 900
 0 1800 1 1800
 0 2700 1 2700
 0 3600 1 3600
 0 4500 1 4500
 0 5400 1 5400
 0 6300 1 6300
 0 7200 1 7200
 0 8100 1 8100
 0 9000 1 9000
