57
-10000 0 -10000 1 
-8800 0 -8800 1 
-7600 0 -7600 1 
-6800 0 -6800 1 
-6400 0 -6400 1 
-5200 0 -5200 1 
-4000 0 -4000 1 
-3200 0 -3200 1 
-2800 0 -2800 1 
-2000 0 -2000 1 
-1600 0 -1600 1 
-1200 0 -1200 1 
-386 0 -386 1 
-4 0 -4 1 
800 0 800 1 
2400 0 2400 1 
3210 0 3210 1 
3600 0 3600 1 
4800 0 4800 1 
5590 0 5590 1 
6400 0 6400 1 
6800 0 6800 1 
7600 0 7600 1 
8000 0 8000 1 
8800 0 8800 1 
9600 0 9600 1 
10000 0 10000 1 
3629 0 3629 1 
5887 0 5887 1 
4831 0 4831 1 
-5287 0 -5287 1 
1616 0 1616 1 
6847 0 6847 1 
-8370 0 -8370 1 
-3802 0 -3802 1 
5542 0 5542 1 
 0 -9000 1 -9000
 0 -8100 1 -8100
 0 -7200 1 -7200
 0 -6300 1 -6300
 0 -5400 1 -5400
 0 -4500 1 -4500
 0 -3600 1 -3600
 0 -2700 1 -2700
 0 -1800 1 -1800
 0 -900 1 -900
 0 0 1 0
 0 900 1 900
 0 1800 1 1800
 0 2700 1 2700
 0 3600 1 3600
 0 4500 1 4500
 0 5400 1 5400
 0 6300 1 6300
 0 7200 1 7200
 0 8100 1 8100
 0 9000 1 9000
