63
-10000 0 -10000 1 
-9200 0 -9200 1 
-8800 0 -8800 1 
-8400 0 -8400 1 
-7600 0 -7600 1 
-7200 0 -7200 1 
-6403 0 -6403 1 
-5620 0 -5620 1 
-5200 0 -5200 1 
-4400 0 -4400 1 
-4009 0 -4009 1 
-3200 0 -3200 1 
-2800 0 -2800 1 
-2400 0 -2400 1 
-2005 0 -2005 1 
-1600 0 -1600 1 
-1189 0 -1189 1 
-400 0 -400 1 
0 0 0 1 
400 0 400 1 
1198 0 1198 1 
1600 0 1600 1 
2391 0 2391 1 
2808 0 2808 1 
3200 0 3200 1 
3619 0 3619 1 
4400 0 4400 1 
4800 0 4800 1 
5609 0 5609 1 
6400 0 6400 1 
6800 0 6800 1 
7600 0 7600 1 
8392 0 8392 1 
9600 0 9600 1 
10000 0 10000 1 
3638 0 3638 1 
-326 0 -326 1 
8495 0 8495 1 
5686 0 5686 1 
9505 0 9505 1 
4740 0 4740 1 
2974 0 2974 1 
 0 -9000 1 -9000
 0 -8100 1 -8100
 0 -7200 1 -7200
 0 -6300 1 -6300
 0 -5400 1 -5400
 0 -4500 1 -4500
 0 -3600 1 -3600
 0 -2700 1 -2700
 0 -1800 1 -1800
 0 -900 1 -900
 0 0 1 0
 0 900 1 900
 0 1800 1 1800
 0 2700 1 2700
 0 3600 1 3600
 0 4500 1 4500
 0 5400 1 5400
 0 6300 1 6300
 0 7200 1 7200
 0 8100 1 8100
 0 9000 1 9000
