55
-10000 0 -10000 1 
-8800 0 -8800 1 
-8400 0 -8400 1 
-7600 0 -7600 1 
-7191 0 -7191 1 
-6404 0 -6404 1 
-5202 0 -5202 1 
-3991 0 -3991 1 
-3213 0 -3213 1 
-2814 0 -2814 1 
-1607 0 -1607 1 
-400 0 -400 1 
-22 0 -22 1 
400 0 400 1 
800 0 800 1 
1200 0 1200 1 
1596 0 1596 1 
2400 0 2400 1 
3608 0 3608 1 
4409 0 4409 1 
4800 0 4800 1 
5597 0 5597 1 
6395 0 6395 1 
6800 0 6800 1 
7190 0 7190 1 
8000 0 8000 1 
8400 0 8400 1 
9600 0 9600 1 
10000 0 10000 1 
5683 0 5683 1 
8304 0 8304 1 
-5072 0 -5072 1 
3625 0 3625 1 
-9780 0 -9780 1 
 0 -9000 1 -9000
 0 -8100 1 -8100
 0 -7200 1 -7200
 0 -6300 1 -6300
 0 -5400 1 -5400
 0 -4500 1 -4500
 0 -3600 1 -3600
 0 -2700 1 -2700
 0 -1800 1 -1800
 0 -900 1 -900
 0 0 1 0
 0 900 1 900
 0 1800 1 1800
 0 2700 1 2700
 0 3600 1 3600
 0 4500 1 4500
 0 5400 1 5400
 0 6300 1 6300
 0 7200 1 7200
 0 8100 1 8100
 0 9000 1 9000
