61
-10000 0 -10000 1 
-9200 0 -9200 1 
-8810 0 -8810 1 
-8000 0 -8000 1 
-7600 0 -7600 1 
-7182 0 -7182 1 
-6800 0 -6800 1 
-6408 0 -6408 1 
-5200 0 -5200 1 
-4803 0 -4803 1 
-4400 0 -4400 1 
-3600 0 -3600 1 
-3200 0 -3200 1 
-2800 0 -2800 1 
-2000 0 -2000 1 
-1600 0 -1600 1 
-1200 0 -1200 1 
-400 0 -400 1 
0 0 0 1 
400 0 400 1 
809 0 809 1 
1600 0 1600 1 
2391 0 2391 1 
2800 0 2800 1 
3205 0 3205 1 
3600 0 3600 1 
4400 0 4400 1 
5200 0 5200 1 
5617 0 5617 1 
6400 0 6400 1 
6800 0 6800 1 
7600 0 7600 1 
8390 0 8390 1 
8800 0 8800 1 
9600 0 9600 1 
10000 0 10000 1 
-326 0 -326 1 
-8087 0 -8087 1 
-5721 0 -5721 1 
2322 0 2322 1 
 0 -9000 1 -9000
 0 -8100 1 -8100
 0 -7200 1 -7200
 0 -6300 1 -6300
 0 -5400 1 -5400
 0 -4500 1 -4500
 0 -3600 1 -3600
 0 -2700 1 -2700
 0 -1800 1 -1800
 0 -900 1 -900
 0 0 1 0
 0 900 1 900
 0 1800 1 1800
 0 2700 1 2700
 0 3600 1 3600
 0 4500 1 4500
 0 5400 1 5400
 0 6300 1 6300
 0 7200 1 7200
 0 8100 1 8100
 0 9000 1 9000
