55
-10000 0 -10000 1 
-9200 0 -9200 1 
-8800 0 -8800 1 
-7600 0 -7600 1 
-6795 0 -6795 1 
-6410 0 -6410 1 
-5600 0 -5600 1 
-5200 0 -5200 1 
-4392 0 -4392 1 
-3995 0 -3995 1 
-3200 0 -3200 1 
-2808 0 -2808 1 
-2400 0 -2400 1 
-1600 0 -1600 1 
-8 0 -8 1 
390 0 390 1 
800 0 800 1 
1600 0 1600 1 
2391 0 2391 1 
3200 0 3200 1 
4400 0 4400 1 
6396 0 6396 1 
6790 0 6790 1 
7600 0 7600 1 
7991 0 7991 1 
8402 0 8402 1 
9200 0 9200 1 
9605 0 9605 1 
10000 0 10000 1 
3612 0 3612 1 
5686 0 5686 1 
-797 0 -797 1 
-8370 0 -8370 1 
5126 0 5126 1 
 0 -9000 1 -9000
 0 -8100 1 -8100
 0 -7200 1 -7200
 0 -6300 1 -6300
 0 -5400 1 -5400
 0 -4500 1 -4500
 0 -3600 1 -3600
 0 -2700 1 -2700
 0 -1800 1 -1800
 0 -900 1 -900
 0 0 1 0
 0 900 1 900
 0 1800 1 1800
 0 2700 1 2700
 0 3600 1 3600
 0 4500 1 4500
 0 5400 1 5400
 0 6300 1 6300
 0 7200 1 7200
 0 8100 1 8100
 0 9000 1 9000
