58
-10000 0 -10000 1 
-9197 0 -9197 1 
-8410 0 -8410 1 
-7600 0 -7600 1 
-6800 0 -6800 1 
-6400 0 -6400 1 
-5610 0 -5610 1 
-5196 0 -5196 1 
-4400 0 -4400 1 
-4000 0 -4000 1 
-3600 0 -3600 1 
-2786 0 -2786 1 
-2000 0 -2000 1 
-1600 0 -1600 1 
-1200 0 -1200 1 
-400 0 -400 1 
0 0 0 1 
815 0 815 1 
1600 0 1600 1 
2786 0 2786 1 
3192 0 3192 1 
3600 0 3600 1 
4400 0 4400 1 
4810 0 4810 1 
5200 0 5200 1 
6400 0 6400 1 
6800 0 6800 1 
7200 0 7200 1 
7600 0 7600 1 
8004 0 8004 1 
8800 0 8800 1 
9608 0 9608 1 
10000 0 10000 1 
5887 0 5887 1 
8672 0 8672 1 
-9926 0 -9926 1 
-2855 0 -2855 1 
 0 -9000 1 -9000
 0 -8100 1 -8100
 0 -7200 1 -7200
 0 -6300 1 -6300
 0 -5400 1 -5400
 0 -4500 1 -4500
 0 -3600 1 -3600
 0 -2700 1 -2700
 0 -1800 1 -1800
 0 -900 1 -900
 0 0 1 0
 0 900 1 900
 0 1800 1 1800
 0 2700 1 2700
 0 3600 1 3600
 0 4500 1 4500
 0 5400 1 5400
 0 6300 1 6300
 0 7200 1 7200
 0 8100 1 8100
 0 9000 1 9000
