71
-10000 0 -10000 1 
-9595 0 -9595 1 
-9200 0 -9200 1 
-8800 0 -8800 1 
-8415 0 -8415 1 
-8000 0 -8000 1 
-7600 0 -7600 1 
-6809 0 -6809 1 
-6000 0 -6000 1 
-4800 0 -4800 1 
-4400 0 -4400 1 
-4000 0 -4000 1 
-3600 0 -3600 1 
-2800 0 -2800 1 
-2407 0 -2407 1 
-1600 0 -1600 1 
-1200 0 -1200 1 
-4 0 -4 1 
800 0 800 1 
1607 0 1607 1 
1986 0 1986 1 
2400 0 2400 1 
2808 0 2808 1 
4400 0 4400 1 
5192 0 5192 1 
5591 0 5591 1 
6000 0 6000 1 
7200 0 7200 1 
7600 0 7600 1 
8390 0 8390 1 
8800 0 8800 1 
9600 0 9600 1 
10000 0 10000 1 
-8839 0 -8839 1 
3535 0 3535 1 
-326 0 -326 1 
8583 0 8583 1 
-8502 0 -8502 1 
9505 0 9505 1 
-4774 0 -4774 1 
2838 0 2838 1 
6713 0 6713 1 
-1186 0 -1186 1 
-1627 0 -1627 1 
-4838 0 -4838 1 
-6853 0 -6853 1 
4460 0 4460 1 
7268 0 7268 1 
-3695 0 -3695 1 
3625 0 3625 1 
 0 -9000 1 -9000
 0 -8100 1 -8100
 0 -7200 1 -7200
 0 -6300 1 -6300
 0 -5400 1 -5400
 0 -4500 1 -4500
 0 -3600 1 -3600
 0 -2700 1 -2700
 0 -1800 1 -1800
 0 -900 1 -900
 0 0 1 0
 0 900 1 900
 0 1800 1 1800
 0 2700 1 2700
 0 3600 1 3600
 0 4500 1 4500
 0 5400 1 5400
 0 6300 1 6300
 0 7200 1 7200
 0 8100 1 8100
 0 9000 1 9000
