66
-10000 0 -10000 1 
-9606 0 -9606 1 
-8800 0 -8800 1 
-8400 0 -8400 1 
-8000 0 -8000 1 
-7200 0 -7200 1 
-6007 0 -6007 1 
-5600 0 -5600 1 
-5192 0 -5192 1 
-4800 0 -4800 1 
-4001 0 -4001 1 
-3600 0 -3600 1 
-2387 0 -2387 1 
-1992 0 -1992 1 
-1594 0 -1594 1 
-1200 0 -1200 1 
-800 0 -800 1 
-410 0 -410 1 
400 0 400 1 
1200 0 1200 1 
1608 0 1608 1 
2390 0 2390 1 
3200 0 3200 1 
4000 0 4000 1 
4800 0 4800 1 
6010 0 6010 1 
6800 0 6800 1 
7200 0 7200 1 
7600 0 7600 1 
8000 0 8000 1 
8800 0 8800 1 
9200 0 9200 1 
10000 0 10000 1 
153 0 153 1 
6303 0 6303 1 
-3104 0 -3104 1 
1229 0 1229 1 
3622 0 3622 1 
8495 0 8495 1 
-7839 0 -7839 1 
5389 0 5389 1 
1037 0 1037 1 
4731 0 4731 1 
7980 0 7980 1 
-6719 0 -6719 1 
 0 -9000 1 -9000
 0 -8100 1 -8100
 0 -7200 1 -7200
 0 -6300 1 -6300
 0 -5400 1 -5400
 0 -4500 1 -4500
 0 -3600 1 -3600
 0 -2700 1 -2700
 0 -1800 1 -1800
 0 -900 1 -900
 0 0 1 0
 0 900 1 900
 0 1800 1 1800
 0 2700 1 2700
 0 3600 1 3600
 0 4500 1 4500
 0 5400 1 5400
 0 6300 1 6300
 0 7200 1 7200
 0 8100 1 8100
 0 9000 1 9000
