58
-10000 0 -10000 1 
-9219 0 -9219 1 
-8800 0 -8800 1 
-7597 0 -7597 1 
-6795 0 -6795 1 
-6391 0 -6391 1 
-5600 0 -5600 1 
-5193 0 -5193 1 
-3600 0 -3600 1 
-3200 0 -3200 1 
-2798 0 -2798 1 
-1600 0 -1600 1 
-1205 0 -1205 1 
-7 0 -7 1 
410 0 410 1 
800 0 800 1 
1200 0 1200 1 
1600 0 1600 1 
2800 0 2800 1 
3200 0 3200 1 
3600 0 3600 1 
4409 0 4409 1 
5602 0 5602 1 
6400 0 6400 1 
6800 0 6800 1 
7200 0 7200 1 
8000 0 8000 1 
8405 0 8405 1 
9600 0 9600 1 
10000 0 10000 1 
3622 0 3622 1 
-2094 0 -2094 1 
-9558 0 -9558 1 
-7839 0 -7839 1 
-6900 0 -6900 1 
8470 0 8470 1 
-3825 0 -3825 1 
 0 -9000 1 -9000
 0 -8100 1 -8100
 0 -7200 1 -7200
 0 -6300 1 -6300
 0 -5400 1 -5400
 0 -4500 1 -4500
 0 -3600 1 -3600
 0 -2700 1 -2700
 0 -1800 1 -1800
 0 -900 1 -900
 0 0 1 0
 0 900 1 900
 0 1800 1 1800
 0 2700 1 2700
 0 3600 1 3600
 0 4500 1 4500
 0 5400 1 5400
 0 6300 1 6300
 0 7200 1 7200
 0 8100 1 8100
 0 9000 1 9000
