61
-10000 0 -10000 1 
-9200 0 -9200 1 
-8800 0 -8800 1 
-8400 0 -8400 1 
-8000 0 -8000 1 
-7600 0 -7600 1 
-6800 0 -6800 1 
-6403 0 -6403 1 
-5997 0 -5997 1 
-5200 0 -5200 1 
-4800 0 -4800 1 
-4400 0 -4400 1 
-3990 0 -3990 1 
-3203 0 -3203 1 
-2405 0 -2405 1 
-2000 0 -2000 1 
-1200 0 -1200 1 
-800 0 -800 1 
-400 0 -400 1 
383 0 383 1 
800 0 800 1 
1200 0 1200 1 
2000 0 2000 1 
2800 0 2800 1 
3200 0 3200 1 
3990 0 3990 1 
4400 0 4400 1 
4806 0 4806 1 
5600 0 5600 1 
6000 0 6000 1 
6386 0 6386 1 
7200 0 7200 1 
8000 0 8000 1 
8800 0 8800 1 
9200 0 9200 1 
9600 0 9600 1 
10000 0 10000 1 
-5287 0 -5287 1 
-6900 0 -6900 1 
5542 0 5542 1 
 0 -9000 1 -9000
 0 -8100 1 -8100
 0 -7200 1 -7200
 0 -6300 1 -6300
 0 -5400 1 -5400
 0 -4500 1 -4500
 0 -3600 1 -3600
 0 -2700 1 -2700
 0 -1800 1 -1800
 0 -900 1 -900
 0 0 1 0
 0 900 1 900
 0 1800 1 1800
 0 2700 1 2700
 0 3600 1 3600
 0 4500 1 4500
 0 5400 1 5400
 0 6300 1 6300
 0 7200 1 7200
 0 8100 1 8100
 0 9000 1 9000
