58
-10000 0 -10000 1 
-9200 0 -9200 1 
-8800 0 -8800 1 
-8394 0 -8394 1 
-7600 0 -7600 1 
-7200 0 -7200 1 
-6809 0 -6809 1 
-6408 0 -6408 1 
-5200 0 -5200 1 
-4000 0 -4000 1 
-3200 0 -3200 1 
-2410 0 -2410 1 
-2000 0 -2000 1 
-1200 0 -1200 1 
402 0 402 1 
800 0 800 1 
1190 0 1190 1 
1600 0 1600 1 
2000 0 2000 1 
2400 0 2400 1 
3192 0 3192 1 
3600 0 3600 1 
4395 0 4395 1 
5200 0 5200 1 
5600 0 5600 1 
6400 0 6400 1 
6800 0 6800 1 
7600 0 7600 1 
8403 0 8403 1 
8800 0 8800 1 
10000 0 10000 1 
-8095 0 -8095 1 
8977 0 8977 1 
-4774 0 -4774 1 
8304 0 8304 1 
4460 0 4460 1 
-144 0 -144 1 
 0 -9000 1 -9000
 0 -8100 1 -8100
 0 -7200 1 -7200
 0 -6300 1 -6300
 0 -5400 1 -5400
 0 -4500 1 -4500
 0 -3600 1 -3600
 0 -2700 1 -2700
 0 -1800 1 -1800
 0 -900 1 -900
 0 0 1 0
 0 900 1 900
 0 1800 1 1800
 0 2700 1 2700
 0 3600 1 3600
 0 4500 1 4500
 0 5400 1 5400
 0 6300 1 6300
 0 7200 1 7200
 0 8100 1 8100
 0 9000 1 9000
