61
-10000 0 -10000 1 
-9600 0 -9600 1 
-9195 0 -9195 1 
-8400 0 -8400 1 
-7600 0 -7600 1 
-7200 0 -7200 1 
-6769 0 -6769 1 
-6000 0 -6000 1 
-5195 0 -5195 1 
-4409 0 -4409 1 
-4000 0 -4000 1 
-3607 0 -3607 1 
-2800 0 -2800 1 
-2000 0 -2000 1 
-1200 0 -1200 1 
-400 0 -400 1 
-4 0 -4 1 
400 0 400 1 
1190 0 1190 1 
1618 0 1618 1 
2000 0 2000 1 
2400 0 2400 1 
3192 0 3192 1 
3600 0 3600 1 
4400 0 4400 1 
4800 0 4800 1 
5191 0 5191 1 
6006 0 6006 1 
6390 0 6390 1 
6800 0 6800 1 
7200 0 7200 1 
7600 0 7600 1 
8000 0 8000 1 
8800 0 8800 1 
9200 0 9200 1 
9597 0 9597 1 
10000 0 10000 1 
8186 0 8186 1 
-9133 0 -9133 1 
-9470 0 -9470 1 
 0 -9000 1 -9000
 0 -8100 1 -8100
 0 -7200 1 -7200
 0 -6300 1 -6300
 0 -5400 1 -5400
 0 -4500 1 -4500
 0 -3600 1 -3600
 0 -2700 1 -2700
 0 -1800 1 -1800
 0 -900 1 -900
 0 0 1 0
 0 900 1 900
 0 1800 1 1800
 0 2700 1 2700
 0 3600 1 3600
 0 4500 1 4500
 0 5400 1 5400
 0 6300 1 6300
 0 7200 1 7200
 0 8100 1 8100
 0 9000 1 9000
