69
-10000 0 -10000 1 
-9200 0 -9200 1 
-8794 0 -8794 1 
-8400 0 -8400 1 
-8000 0 -8000 1 
-7600 0 -7600 1 
-6800 0 -6800 1 
-6400 0 -6400 1 
-5600 0 -5600 1 
-5200 0 -5200 1 
-4800 0 -4800 1 
-4390 0 -4390 1 
-4000 0 -4000 1 
-3600 0 -3600 1 
-3200 0 -3200 1 
-2809 0 -2809 1 
-1600 0 -1600 1 
-400 0 -400 1 
400 0 400 1 
800 0 800 1 
1200 0 1200 1 
1600 0 1600 1 
2400 0 2400 1 
2809 0 2809 1 
3600 0 3600 1 
4391 0 4391 1 
5200 0 5200 1 
5600 0 5600 1 
6800 0 6800 1 
7200 0 7200 1 
7600 0 7600 1 
8400 0 8400 1 
8800 0 8800 1 
9200 0 9200 1 
9600 0 9600 1 
10000 0 10000 1 
-925 0 -925 1 
-3104 0 -3104 1 
-8838 0 -8838 1 
9789 0 9789 1 
3532 0 3532 1 
-2294 0 -2294 1 
3724 0 3724 1 
-1660 0 -1660 1 
9484 0 9484 1 
6243 0 6243 1 
2322 0 2322 1 
4460 0 4460 1 
 0 -9000 1 -9000
 0 -8100 1 -8100
 0 -7200 1 -7200
 0 -6300 1 -6300
 0 -5400 1 -5400
 0 -4500 1 -4500
 0 -3600 1 -3600
 0 -2700 1 -2700
 0 -1800 1 -1800
 0 -900 1 -900
 0 0 1 0
 0 900 1 900
 0 1800 1 1800
 0 2700 1 2700
 0 3600 1 3600
 0 4500 1 4500
 0 5400 1 5400
 0 6300 1 6300
 0 7200 1 7200
 0 8100 1 8100
 0 9000 1 9000
