47
-10000 0 -10000 1 
-9200 0 -9200 1 
-8800 0 -8800 1 
-7610 0 -7610 1 
-6394 0 -6394 1 
-5610 0 -5610 1 
-4407 0 -4407 1 
-3191 0 -3191 1 
-2400 0 -2400 1 
-1600 0 -1600 1 
-1194 0 -1194 1 
0 0 0 1 
1200 0 1200 1 
2000 0 2000 1 
3200 0 3200 1 
4392 0 4392 1 
4800 0 4800 1 
6400 0 6400 1 
7600 0 7600 1 
8800 0 8800 1 
10000 0 10000 1 
5396 0 5396 1 
-24 0 -24 1 
695 0 695 1 
-1004 0 -1004 1 
3168 0 3168 1 
 0 -9000 1 -9000
 0 -8100 1 -8100
 0 -7200 1 -7200
 0 -6300 1 -6300
 0 -5400 1 -5400
 0 -4500 1 -4500
 0 -3600 1 -3600
 0 -2700 1 -2700
 0 -1800 1 -1800
 0 -900 1 -900
 0 0 1 0
 0 900 1 900
 0 1800 1 1800
 0 2700 1 2700
 0 3600 1 3600
 0 4500 1 4500
 0 5400 1 5400
 0 6300 1 6300
 0 7200 1 7200
 0 8100 1 8100
 0 9000 1 9000
