61
-10000 0 -10000 1 
-9200 0 -9200 1 
-8410 0 -8410 1 
-7600 0 -7600 1 
-6813 0 -6813 1 
-6391 0 -6391 1 
-5600 0 -5600 1 
-5200 0 -5200 1 
-4406 0 -4406 1 
-4011 0 -4011 1 
-3200 0 -3200 1 
-2803 0 -2803 1 
-2400 0 -2400 1 
-2000 0 -2000 1 
-1600 0 -1600 1 
-1200 0 -1200 1 
-400 0 -400 1 
-4 0 -4 1 
398 0 398 1 
800 0 800 1 
1200 0 1200 1 
1600 0 1600 1 
2400 0 2400 1 
2802 0 2802 1 
3600 0 3600 1 
4400 0 4400 1 
4801 0 4801 1 
5590 0 5590 1 
6390 0 6390 1 
6809 0 6809 1 
7208 0 7208 1 
8000 0 8000 1 
8400 0 8400 1 
8800 0 8800 1 
9600 0 9600 1 
10000 0 10000 1 
3622 0 3622 1 
8909 0 8909 1 
-1186 0 -1186 1 
-2343 0 -2343 1 
 0 -9000 1 -9000
 0 -8100 1 -8100
 0 -7200 1 -7200
 0 -6300 1 -6300
 0 -5400 1 -5400
 0 -4500 1 -4500
 0 -3600 1 -3600
 0 -2700 1 -2700
 0 -1800 1 -1800
 0 -900 1 -900
 0 0 1 0
 0 900 1 900
 0 1800 1 1800
 0 2700 1 2700
 0 3600 1 3600
 0 4500 1 4500
 0 5400 1 5400
 0 6300 1 6300
 0 7200 1 7200
 0 8100 1 8100
 0 9000 1 9000
