56
-10000 0 -10000 1 
-9200 0 -9200 1 
-8000 0 -8000 1 
-7600 0 -7600 1 
-6793 0 -6793 1 
-5598 0 -5598 1 
-4800 0 -4800 1 
-4000 0 -4000 1 
-3211 0 -3211 1 
-2418 0 -2418 1 
-1591 0 -1591 1 
-1190 0 -1190 1 
-400 0 -400 1 
390 0 390 1 
1200 0 1200 1 
1600 0 1600 1 
2414 0 2414 1 
3200 0 3200 1 
3600 0 3600 1 
4400 0 4400 1 
4800 0 4800 1 
5600 0 5600 1 
6806 0 6806 1 
7591 0 7591 1 
8007 0 8007 1 
8393 0 8393 1 
8800 0 8800 1 
9600 0 9600 1 
10000 0 10000 1 
3622 0 3622 1 
5678 0 5678 1 
-8631 0 -8631 1 
-6853 0 -6853 1 
7382 0 7382 1 
-5594 0 -5594 1 
 0 -9000 1 -9000
 0 -8100 1 -8100
 0 -7200 1 -7200
 0 -6300 1 -6300
 0 -5400 1 -5400
 0 -4500 1 -4500
 0 -3600 1 -3600
 0 -2700 1 -2700
 0 -1800 1 -1800
 0 -900 1 -900
 0 0 1 0
 0 900 1 900
 0 1800 1 1800
 0 2700 1 2700
 0 3600 1 3600
 0 4500 1 4500
 0 5400 1 5400
 0 6300 1 6300
 0 7200 1 7200
 0 8100 1 8100
 0 9000 1 9000
