48
-10000 0 -10000 1 
-8800 0 -8800 1 
-8390 0 -8390 1 
-7208 0 -7208 1 
-6800 0 -6800 1 
-5200 0 -5200 1 
-4394 0 -4394 1 
-3610 0 -3610 1 
-2800 0 -2800 1 
-1600 0 -1600 1 
-1200 0 -1200 1 
0 0 0 1 
400 0 400 1 
800 0 800 1 
1193 0 1193 1 
2400 0 2400 1 
3207 0 3207 1 
4400 0 4400 1 
5602 0 5602 1 
6800 0 6800 1 
7200 0 7200 1 
7600 0 7600 1 
8400 0 8400 1 
9598 0 9598 1 
10000 0 10000 1 
4458 0 4458 1 
-3695 0 -3695 1 
 0 -9000 1 -9000
 0 -8100 1 -8100
 0 -7200 1 -7200
 0 -6300 1 -6300
 0 -5400 1 -5400
 0 -4500 1 -4500
 0 -3600 1 -3600
 0 -2700 1 -2700
 0 -1800 1 -1800
 0 -900 1 -900
 0 0 1 0
 0 900 1 900
 0 1800 1 1800
 0 2700 1 2700
 0 3600 1 3600
 0 4500 1 4500
 0 5400 1 5400
 0 6300 1 6300
 0 7200 1 7200
 0 8100 1 8100
 0 9000 1 9000
