58
-10000 0 -10000 1 
-9200 0 -9200 1 
-8800 0 -8800 1 
-7600 0 -7600 1 
-6794 0 -6794 1 
-6404 0 -6404 1 
-5600 0 -5600 1 
-5200 0 -5200 1 
-4400 0 -4400 1 
-4000 0 -4000 1 
-3600 0 -3600 1 
-2800 0 -2800 1 
-2000 0 -2000 1 
-1600 0 -1600 1 
-1199 0 -1199 1 
-400 0 -400 1 
0 0 0 1 
400 0 400 1 
800 0 800 1 
1195 0 1195 1 
1605 0 1605 1 
2400 0 2400 1 
2798 0 2798 1 
3600 0 3600 1 
4392 0 4392 1 
5192 0 5192 1 
5596 0 5596 1 
6400 0 6400 1 
7200 0 7200 1 
8000 0 8000 1 
8400 0 8400 1 
8800 0 8800 1 
9600 0 9600 1 
10000 0 10000 1 
9505 0 9505 1 
8977 0 8977 1 
4467 0 4467 1 
 0 -9000 1 -9000
 0 -8100 1 -8100
 0 -7200 1 -7200
 0 -6300 1 -6300
 0 -5400 1 -5400
 0 -4500 1 -4500
 0 -3600 1 -3600
 0 -2700 1 -2700
 0 -1800 1 -1800
 0 -900 1 -900
 0 0 1 0
 0 900 1 900
 0 1800 1 1800
 0 2700 1 2700
 0 3600 1 3600
 0 4500 1 4500
 0 5400 1 5400
 0 6300 1 6300
 0 7200 1 7200
 0 8100 1 8100
 0 9000 1 9000
