59
-10000 0 -10000 1 
-9600 0 -9600 1 
-9197 0 -9197 1 
-8800 0 -8800 1 
-8400 0 -8400 1 
-8000 0 -8000 1 
-7200 0 -7200 1 
-6400 0 -6400 1 
-5610 0 -5610 1 
-4800 0 -4800 1 
-4000 0 -4000 1 
-3600 0 -3600 1 
-2800 0 -2800 1 
-2000 0 -2000 1 
-1607 0 -1607 1 
-1200 0 -1200 1 
-410 0 -410 1 
0 0 0 1 
400 0 400 1 
793 0 793 1 
1201 0 1201 1 
2400 0 2400 1 
3200 0 3200 1 
3624 0 3624 1 
4400 0 4400 1 
5592 0 5592 1 
6400 0 6400 1 
7200 0 7200 1 
7600 0 7600 1 
8400 0 8400 1 
8800 0 8800 1 
9600 0 9600 1 
10000 0 10000 1 
-4774 0 -4774 1 
1281 0 1281 1 
-6252 0 -6252 1 
-9631 0 -9631 1 
-2585 0 -2585 1 
 0 -9000 1 -9000
 0 -8100 1 -8100
 0 -7200 1 -7200
 0 -6300 1 -6300
 0 -5400 1 -5400
 0 -4500 1 -4500
 0 -3600 1 -3600
 0 -2700 1 -2700
 0 -1800 1 -1800
 0 -900 1 -900
 0 0 1 0
 0 900 1 900
 0 1800 1 1800
 0 2700 1 2700
 0 3600 1 3600
 0 4500 1 4500
 0 5400 1 5400
 0 6300 1 6300
 0 7200 1 7200
 0 8100 1 8100
 0 9000 1 9000
