55
-10000 0 -10000 1 
-9192 0 -9192 1 
-8800 0 -8800 1 
-8400 0 -8400 1 
-7600 0 -7600 1 
-7196 0 -7196 1 
-6400 0 -6400 1 
-5201 0 -5201 1 
-4400 0 -4400 1 
-3600 0 -3600 1 
-2410 0 -2410 1 
-2000 0 -2000 1 
-10 0 -10 1 
400 0 400 1 
800 0 800 1 
1197 0 1197 1 
2000 0 2000 1 
3200 0 3200 1 
4400 0 4400 1 
5200 0 5200 1 
6394 0 6394 1 
7190 0 7190 1 
8000 0 8000 1 
8400 0 8400 1 
10000 0 10000 1 
-925 0 -925 1 
8186 0 8186 1 
7971 0 7971 1 
362 0 362 1 
2974 0 2974 1 
-875 0 -875 1 
-9841 0 -9841 1 
642 0 642 1 
-970 0 -970 1 
 0 -9000 1 -9000
 0 -8100 1 -8100
 0 -7200 1 -7200
 0 -6300 1 -6300
 0 -5400 1 -5400
 0 -4500 1 -4500
 0 -3600 1 -3600
 0 -2700 1 -2700
 0 -1800 1 -1800
 0 -900 1 -900
 0 0 1 0
 0 900 1 900
 0 1800 1 1800
 0 2700 1 2700
 0 3600 1 3600
 0 4500 1 4500
 0 5400 1 5400
 0 6300 1 6300
 0 7200 1 7200
 0 8100 1 8100
 0 9000 1 9000
