58
-10000 0 -10000 1 
-9196 0 -9196 1 
-8800 0 -8800 1 
-7600 0 -7600 1 
-6800 0 -6800 1 
-6410 0 -6410 1 
-5600 0 -5600 1 
-5191 0 -5191 1 
-4400 0 -4400 1 
-4008 0 -4008 1 
-3600 0 -3600 1 
-3206 0 -3206 1 
-2800 0 -2800 1 
-2406 0 -2406 1 
-2009 0 -2009 1 
-1600 0 -1600 1 
-1200 0 -1200 1 
1 0 1 1 
400 0 400 1 
1200 0 1200 1 
2000 0 2000 1 
3199 0 3199 1 
3600 0 3600 1 
4390 0 4390 1 
4800 0 4800 1 
5592 0 5592 1 
6800 0 6800 1 
8800 0 8800 1 
9200 0 9200 1 
9600 0 9600 1 
10000 0 10000 1 
-6831 0 -6831 1 
7980 0 7980 1 
-1004 0 -1004 1 
5858 0 5858 1 
1229 0 1229 1 
8565 0 8565 1 
 0 -9000 1 -9000
 0 -8100 1 -8100
 0 -7200 1 -7200
 0 -6300 1 -6300
 0 -5400 1 -5400
 0 -4500 1 -4500
 0 -3600 1 -3600
 0 -2700 1 -2700
 0 -1800 1 -1800
 0 -900 1 -900
 0 0 1 0
 0 900 1 900
 0 1800 1 1800
 0 2700 1 2700
 0 3600 1 3600
 0 4500 1 4500
 0 5400 1 5400
 0 6300 1 6300
 0 7200 1 7200
 0 8100 1 8100
 0 9000 1 9000
