58
-10000 0 -10000 1 
-9600 0 -9600 1 
-9200 0 -9200 1 
-8400 0 -8400 1 
-8000 0 -8000 1 
-7200 0 -7200 1 
-6800 0 -6800 1 
-5603 0 -5603 1 
-4800 0 -4800 1 
-3999 0 -3999 1 
-3200 0 -3200 1 
-2800 0 -2800 1 
-2392 0 -2392 1 
-2000 0 -2000 1 
-1600 0 -1600 1 
-1194 0 -1194 1 
0 0 0 1 
400 0 400 1 
800 0 800 1 
1200 0 1200 1 
1600 0 1600 1 
2000 0 2000 1 
2392 0 2392 1 
3200 0 3200 1 
3600 0 3600 1 
4400 0 4400 1 
4800 0 4800 1 
5590 0 5590 1 
6392 0 6392 1 
6790 0 6790 1 
7200 0 7200 1 
8000 0 8000 1 
8800 0 8800 1 
9600 0 9600 1 
10000 0 10000 1 
4831 0 4831 1 
8909 0 8909 1 
 0 -9000 1 -9000
 0 -8100 1 -8100
 0 -7200 1 -7200
 0 -6300 1 -6300
 0 -5400 1 -5400
 0 -4500 1 -4500
 0 -3600 1 -3600
 0 -2700 1 -2700
 0 -1800 1 -1800
 0 -900 1 -900
 0 0 1 0
 0 900 1 900
 0 1800 1 1800
 0 2700 1 2700
 0 3600 1 3600
 0 4500 1 4500
 0 5400 1 5400
 0 6300 1 6300
 0 7200 1 7200
 0 8100 1 8100
 0 9000 1 9000
