62
-10000 0 -10000 1 
-9200 0 -9200 1 
-8400 0 -8400 1 
-7608 0 -7608 1 
-6800 0 -6800 1 
-6390 0 -6390 1 
-5600 0 -5600 1 
-4000 0 -4000 1 
-3215 0 -3215 1 
-2800 0 -2800 1 
-2000 0 -2000 1 
-1205 0 -1205 1 
-400 0 -400 1 
-4 0 -4 1 
808 0 808 1 
1203 0 1203 1 
2004 0 2004 1 
2406 0 2406 1 
3200 0 3200 1 
3610 0 3610 1 
4410 0 4410 1 
5196 0 5196 1 
6400 0 6400 1 
6800 0 6800 1 
7600 0 7600 1 
8387 0 8387 1 
8800 0 8800 1 
9600 0 9600 1 
10000 0 10000 1 
6303 0 6303 1 
9789 0 9789 1 
1229 0 1229 1 
-2294 0 -2294 1 
-4774 0 -4774 1 
-24 0 -24 1 
695 0 695 1 
-9926 0 -9926 1 
7520 0 7520 1 
-9133 0 -9133 1 
6243 0 6243 1 
5128 0 5128 1 
 0 -9000 1 -9000
 0 -8100 1 -8100
 0 -7200 1 -7200
 0 -6300 1 -6300
 0 -5400 1 -5400
 0 -4500 1 -4500
 0 -3600 1 -3600
 0 -2700 1 -2700
 0 -1800 1 -1800
 0 -900 1 -900
 0 0 1 0
 0 900 1 900
 0 1800 1 1800
 0 2700 1 2700
 0 3600 1 3600
 0 4500 1 4500
 0 5400 1 5400
 0 6300 1 6300
 0 7200 1 7200
 0 8100 1 8100
 0 9000 1 9000
