57
-10000 0 -10000 1 
-9600 0 -9600 1 
-9200 0 -9200 1 
-8400 0 -8400 1 
-7600 0 -7600 1 
-7208 0 -7208 1 
-6791 0 -6791 1 
-6396 0 -6396 1 
-5609 0 -5609 1 
-4800 0 -4800 1 
-4000 0 -4000 1 
-3592 0 -3592 1 
-2400 0 -2400 1 
-2000 0 -2000 1 
-1200 0 -1200 1 
-800 0 -800 1 
-393 0 -393 1 
417 0 417 1 
800 0 800 1 
1609 0 1609 1 
2000 0 2000 1 
2800 0 2800 1 
3605 0 3605 1 
4400 0 4400 1 
5208 0 5208 1 
5600 0 5600 1 
6405 0 6405 1 
6800 0 6800 1 
7596 0 7596 1 
8000 0 8000 1 
8810 0 8810 1 
10000 0 10000 1 
8672 0 8672 1 
9788 0 9788 1 
-4388 0 -4388 1 
6243 0 6243 1 
 0 -9000 1 -9000
 0 -8100 1 -8100
 0 -7200 1 -7200
 0 -6300 1 -6300
 0 -5400 1 -5400
 0 -4500 1 -4500
 0 -3600 1 -3600
 0 -2700 1 -2700
 0 -1800 1 -1800
 0 -900 1 -900
 0 0 1 0
 0 900 1 900
 0 1800 1 1800
 0 2700 1 2700
 0 3600 1 3600
 0 4500 1 4500
 0 5400 1 5400
 0 6300 1 6300
 0 7200 1 7200
 0 8100 1 8100
 0 9000 1 9000
