60
-10000 0 -10000 1 
-9200 0 -9200 1 
-8800 0 -8800 1 
-7609 0 -7609 1 
-7200 0 -7200 1 
-6793 0 -6793 1 
-6400 0 -6400 1 
-5600 0 -5600 1 
-5200 0 -5200 1 
-4400 0 -4400 1 
-3600 0 -3600 1 
-3208 0 -3208 1 
-2800 0 -2800 1 
-2409 0 -2409 1 
-2006 0 -2006 1 
-1202 0 -1202 1 
-400 0 -400 1 
0 0 0 1 
407 0 407 1 
800 0 800 1 
1176 0 1176 1 
1604 0 1604 1 
2410 0 2410 1 
2800 0 2800 1 
3200 0 3200 1 
3600 0 3600 1 
4400 0 4400 1 
4800 0 4800 1 
5200 0 5200 1 
6000 0 6000 1 
6407 0 6407 1 
6800 0 6800 1 
7200 0 7200 1 
7600 0 7600 1 
8000 0 8000 1 
8800 0 8800 1 
9600 0 9600 1 
10000 0 10000 1 
3615 0 3615 1 
 0 -9000 1 -9000
 0 -8100 1 -8100
 0 -7200 1 -7200
 0 -6300 1 -6300
 0 -5400 1 -5400
 0 -4500 1 -4500
 0 -3600 1 -3600
 0 -2700 1 -2700
 0 -1800 1 -1800
 0 -900 1 -900
 0 0 1 0
 0 900 1 900
 0 1800 1 1800
 0 2700 1 2700
 0 3600 1 3600
 0 4500 1 4500
 0 5400 1 5400
 0 6300 1 6300
 0 7200 1 7200
 0 8100 1 8100
 0 9000 1 9000
