61
-10000 0 -10000 1 
-9600 0 -9600 1 
-9200 0 -9200 1 
-8800 0 -8800 1 
-8400 0 -8400 1 
-7600 0 -7600 1 
-7208 0 -7208 1 
-6400 0 -6400 1 
-5600 0 -5600 1 
-5200 0 -5200 1 
-4800 0 -4800 1 
-4000 0 -4000 1 
-3600 0 -3600 1 
-3190 0 -3190 1 
-2400 0 -2400 1 
-2000 0 -2000 1 
-1209 0 -1209 1 
-4 0 -4 1 
400 0 400 1 
1600 0 1600 1 
2000 0 2000 1 
3199 0 3199 1 
3990 0 3990 1 
4400 0 4400 1 
5207 0 5207 1 
6000 0 6000 1 
6792 0 6792 1 
7604 0 7604 1 
8400 0 8400 1 
9200 0 9200 1 
10000 0 10000 1 
4009 0 4009 1 
1046 0 1046 1 
6847 0 6847 1 
970 0 970 1 
8304 0 8304 1 
-440 0 -440 1 
3918 0 3918 1 
1961 0 1961 1 
2125 0 2125 1 
 0 -9000 1 -9000
 0 -8100 1 -8100
 0 -7200 1 -7200
 0 -6300 1 -6300
 0 -5400 1 -5400
 0 -4500 1 -4500
 0 -3600 1 -3600
 0 -2700 1 -2700
 0 -1800 1 -1800
 0 -900 1 -900
 0 0 1 0
 0 900 1 900
 0 1800 1 1800
 0 2700 1 2700
 0 3600 1 3600
 0 4500 1 4500
 0 5400 1 5400
 0 6300 1 6300
 0 7200 1 7200
 0 8100 1 8100
 0 9000 1 9000
