57
-10000 0 -10000 1 
-8800 0 -8800 1 
-8400 0 -8400 1 
-7600 0 -7600 1 
-6800 0 -6800 1 
-6400 0 -6400 1 
-5600 0 -5600 1 
-5200 0 -5200 1 
-4400 0 -4400 1 
-4010 0 -4010 1 
-3600 0 -3600 1 
-2794 0 -2794 1 
-2400 0 -2400 1 
-2000 0 -2000 1 
-1200 0 -1200 1 
-410 0 -410 1 
8 0 8 1 
800 0 800 1 
1200 0 1200 1 
1602 0 1602 1 
2400 0 2400 1 
2800 0 2800 1 
3200 0 3200 1 
3600 0 3600 1 
4400 0 4400 1 
5200 0 5200 1 
5600 0 5600 1 
6400 0 6400 1 
6800 0 6800 1 
7190 0 7190 1 
7593 0 7593 1 
8000 0 8000 1 
8800 0 8800 1 
10000 0 10000 1 
1125 0 1125 1 
-6895 0 -6895 1 
 0 -9000 1 -9000
 0 -8100 1 -8100
 0 -7200 1 -7200
 0 -6300 1 -6300
 0 -5400 1 -5400
 0 -4500 1 -4500
 0 -3600 1 -3600
 0 -2700 1 -2700
 0 -1800 1 -1800
 0 -900 1 -900
 0 0 1 0
 0 900 1 900
 0 1800 1 1800
 0 2700 1 2700
 0 3600 1 3600
 0 4500 1 4500
 0 5400 1 5400
 0 6300 1 6300
 0 7200 1 7200
 0 8100 1 8100
 0 9000 1 9000
