56
-10000 0 -10000 1 
-9600 0 -9600 1 
-8000 0 -8000 1 
-7200 0 -7200 1 
-6400 0 -6400 1 
-5600 0 -5600 1 
-4800 0 -4800 1 
-4000 0 -4000 1 
-3597 0 -3597 1 
-2404 0 -2404 1 
-1993 0 -1993 1 
-1600 0 -1600 1 
-1200 0 -1200 1 
-405 0 -405 1 
400 0 400 1 
800 0 800 1 
1187 0 1187 1 
1600 0 1600 1 
2392 0 2392 1 
2800 0 2800 1 
3193 0 3193 1 
4400 0 4400 1 
5192 0 5192 1 
5600 0 5600 1 
6409 0 6409 1 
7200 0 7200 1 
8400 0 8400 1 
8800 0 8800 1 
10000 0 10000 1 
-8492 0 -8492 1 
-8087 0 -8087 1 
5389 0 5389 1 
8186 0 8186 1 
5156 0 5156 1 
-4838 0 -4838 1 
 0 -9000 1 -9000
 0 -8100 1 -8100
 0 -7200 1 -7200
 0 -6300 1 -6300
 0 -5400 1 -5400
 0 -4500 1 -4500
 0 -3600 1 -3600
 0 -2700 1 -2700
 0 -1800 1 -1800
 0 -900 1 -900
 0 0 1 0
 0 900 1 900
 0 1800 1 1800
 0 2700 1 2700
 0 3600 1 3600
 0 4500 1 4500
 0 5400 1 5400
 0 6300 1 6300
 0 7200 1 7200
 0 8100 1 8100
 0 9000 1 9000
