59
-10000 0 -10000 1 
-8800 0 -8800 1 
-7600 0 -7600 1 
-6800 0 -6800 1 
-5600 0 -5600 1 
-5203 0 -5203 1 
-4010 0 -4010 1 
-3590 0 -3590 1 
-3200 0 -3200 1 
-2809 0 -2809 1 
-2400 0 -2400 1 
-2000 0 -2000 1 
-1607 0 -1607 1 
-1200 0 -1200 1 
-3 0 -3 1 
792 0 792 1 
1191 0 1191 1 
2000 0 2000 1 
2800 0 2800 1 
3200 0 3200 1 
4400 0 4400 1 
5600 0 5600 1 
6400 0 6400 1 
8000 0 8000 1 
8400 0 8400 1 
9600 0 9600 1 
10000 0 10000 1 
8977 0 8977 1 
5392 0 5392 1 
-1707 0 -1707 1 
-1446 0 -1446 1 
-8400 0 -8400 1 
6633 0 6633 1 
3214 0 3214 1 
-2343 0 -2343 1 
-2509 0 -2509 1 
-2130 0 -2130 1 
2060 0 2060 1 
 0 -9000 1 -9000
 0 -8100 1 -8100
 0 -7200 1 -7200
 0 -6300 1 -6300
 0 -5400 1 -5400
 0 -4500 1 -4500
 0 -3600 1 -3600
 0 -2700 1 -2700
 0 -1800 1 -1800
 0 -900 1 -900
 0 0 1 0
 0 900 1 900
 0 1800 1 1800
 0 2700 1 2700
 0 3600 1 3600
 0 4500 1 4500
 0 5400 1 5400
 0 6300 1 6300
 0 7200 1 7200
 0 8100 1 8100
 0 9000 1 9000
