66
-10000 0 -10000 1 
-9200 0 -9200 1 
-8800 0 -8800 1 
-8000 0 -8000 1 
-7607 0 -7607 1 
-6793 0 -6793 1 
-6410 0 -6410 1 
-5595 0 -5595 1 
-5200 0 -5200 1 
-4800 0 -4800 1 
-4400 0 -4400 1 
-4000 0 -4000 1 
-3200 0 -3200 1 
-2794 0 -2794 1 
-2000 0 -2000 1 
-1609 0 -1609 1 
-1200 0 -1200 1 
-383 0 -383 1 
400 0 400 1 
800 0 800 1 
1200 0 1200 1 
1600 0 1600 1 
2408 0 2408 1 
2800 0 2800 1 
3200 0 3200 1 
3604 0 3604 1 
4400 0 4400 1 
4791 0 4791 1 
5202 0 5202 1 
5600 0 5600 1 
6400 0 6400 1 
6800 0 6800 1 
7203 0 7203 1 
8000 0 8000 1 
8400 0 8400 1 
9200 0 9200 1 
9600 0 9600 1 
10000 0 10000 1 
9542 0 9542 1 
-2094 0 -2094 1 
8498 0 8498 1 
-2294 0 -2294 1 
-8087 0 -8087 1 
1616 0 1616 1 
5724 0 5724 1 
 0 -9000 1 -9000
 0 -8100 1 -8100
 0 -7200 1 -7200
 0 -6300 1 -6300
 0 -5400 1 -5400
 0 -4500 1 -4500
 0 -3600 1 -3600
 0 -2700 1 -2700
 0 -1800 1 -1800
 0 -900 1 -900
 0 0 1 0
 0 900 1 900
 0 1800 1 1800
 0 2700 1 2700
 0 3600 1 3600
 0 4500 1 4500
 0 5400 1 5400
 0 6300 1 6300
 0 7200 1 7200
 0 8100 1 8100
 0 9000 1 9000
