60
-10000 0 -10000 1 
-9200 0 -9200 1 
-8800 0 -8800 1 
-7997 0 -7997 1 
-7591 0 -7591 1 
-6803 0 -6803 1 
-5200 0 -5200 1 
-4400 0 -4400 1 
-4000 0 -4000 1 
-3200 0 -3200 1 
-2794 0 -2794 1 
-2397 0 -2397 1 
-2000 0 -2000 1 
-1600 0 -1600 1 
-1200 0 -1200 1 
-400 0 -400 1 
400 0 400 1 
1200 0 1200 1 
1605 0 1605 1 
2400 0 2400 1 
2800 0 2800 1 
3600 0 3600 1 
4395 0 4395 1 
4800 0 4800 1 
5605 0 5605 1 
6400 0 6400 1 
6808 0 6808 1 
7600 0 7600 1 
8000 0 8000 1 
8800 0 8800 1 
9600 0 9600 1 
10000 0 10000 1 
3622 0 3622 1 
8977 0 8977 1 
8186 0 8186 1 
-5287 0 -5287 1 
-8718 0 -8718 1 
-6252 0 -6252 1 
-9631 0 -9631 1 
 0 -9000 1 -9000
 0 -8100 1 -8100
 0 -7200 1 -7200
 0 -6300 1 -6300
 0 -5400 1 -5400
 0 -4500 1 -4500
 0 -3600 1 -3600
 0 -2700 1 -2700
 0 -1800 1 -1800
 0 -900 1 -900
 0 0 1 0
 0 900 1 900
 0 1800 1 1800
 0 2700 1 2700
 0 3600 1 3600
 0 4500 1 4500
 0 5400 1 5400
 0 6300 1 6300
 0 7200 1 7200
 0 8100 1 8100
 0 9000 1 9000
