66
-10000 0 -10000 1 
-9200 0 -9200 1 
-8800 0 -8800 1 
-8000 0 -8000 1 
-7600 0 -7600 1 
-7207 0 -7207 1 
-6800 0 -6800 1 
-6400 0 -6400 1 
-5600 0 -5600 1 
-5200 0 -5200 1 
-4400 0 -4400 1 
-4000 0 -4000 1 
-2800 0 -2800 1 
-2000 0 -2000 1 
-1600 0 -1600 1 
-1200 0 -1200 1 
0 0 0 1 
400 0 400 1 
800 0 800 1 
1200 0 1200 1 
2389 0 2389 1 
2805 0 2805 1 
3200 0 3200 1 
3596 0 3596 1 
4409 0 4409 1 
4806 0 4806 1 
5202 0 5202 1 
6010 0 6010 1 
6400 0 6400 1 
7200 0 7200 1 
8000 0 8000 1 
8400 0 8400 1 
8796 0 8796 1 
9595 0 9595 1 
10000 0 10000 1 
9880 0 9880 1 
-3097 0 -3097 1 
-7870 0 -7870 1 
1115 0 1115 1 
-8087 0 -8087 1 
-1707 0 -1707 1 
-24 0 -24 1 
-9926 0 -9926 1 
5207 0 5207 1 
1293 0 1293 1 
 0 -9000 1 -9000
 0 -8100 1 -8100
 0 -7200 1 -7200
 0 -6300 1 -6300
 0 -5400 1 -5400
 0 -4500 1 -4500
 0 -3600 1 -3600
 0 -2700 1 -2700
 0 -1800 1 -1800
 0 -900 1 -900
 0 0 1 0
 0 900 1 900
 0 1800 1 1800
 0 2700 1 2700
 0 3600 1 3600
 0 4500 1 4500
 0 5400 1 5400
 0 6300 1 6300
 0 7200 1 7200
 0 8100 1 8100
 0 9000 1 9000
