62
-10000 0 -10000 1 
-9600 0 -9600 1 
-8808 0 -8808 1 
-8393 0 -8393 1 
-7600 0 -7600 1 
-7200 0 -7200 1 
-6800 0 -6800 1 
-6002 0 -6002 1 
-4800 0 -4800 1 
-4406 0 -4406 1 
-3995 0 -3995 1 
-3197 0 -3197 1 
-2795 0 -2795 1 
-2000 0 -2000 1 
-1600 0 -1600 1 
-1200 0 -1200 1 
-407 0 -407 1 
386 0 386 1 
800 0 800 1 
1600 0 1600 1 
2400 0 2400 1 
3200 0 3200 1 
3600 0 3600 1 
4400 0 4400 1 
4800 0 4800 1 
5192 0 5192 1 
6408 0 6408 1 
7192 0 7192 1 
7600 0 7600 1 
8000 0 8000 1 
8400 0 8400 1 
8800 0 8800 1 
10000 0 10000 1 
3622 0 3622 1 
-9558 0 -9558 1 
5887 0 5887 1 
-4774 0 -4774 1 
-789 0 -789 1 
362 0 362 1 
-5351 0 -5351 1 
9787 0 9787 1 
 0 -9000 1 -9000
 0 -8100 1 -8100
 0 -7200 1 -7200
 0 -6300 1 -6300
 0 -5400 1 -5400
 0 -4500 1 -4500
 0 -3600 1 -3600
 0 -2700 1 -2700
 0 -1800 1 -1800
 0 -900 1 -900
 0 0 1 0
 0 900 1 900
 0 1800 1 1800
 0 2700 1 2700
 0 3600 1 3600
 0 4500 1 4500
 0 5400 1 5400
 0 6300 1 6300
 0 7200 1 7200
 0 8100 1 8100
 0 9000 1 9000
