49
-10000 0 -10000 1 
-8800 0 -8800 1 
-8400 0 -8400 1 
-7600 0 -7600 1 
-7200 0 -7200 1 
-6400 0 -6400 1 
-4800 0 -4800 1 
-4400 0 -4400 1 
-4000 0 -4000 1 
-2800 0 -2800 1 
-2000 0 -2000 1 
-1600 0 -1600 1 
0 0 0 1 
800 0 800 1 
1200 0 1200 1 
1999 0 1999 1 
2800 0 2800 1 
3191 0 3191 1 
4790 0 4790 1 
5600 0 5600 1 
6400 0 6400 1 
7600 0 7600 1 
8800 0 8800 1 
9593 0 9593 1 
10000 0 10000 1 
-1446 0 -1446 1 
7366 0 7366 1 
-6443 0 -6443 1 
 0 -9000 1 -9000
 0 -8100 1 -8100
 0 -7200 1 -7200
 0 -6300 1 -6300
 0 -5400 1 -5400
 0 -4500 1 -4500
 0 -3600 1 -3600
 0 -2700 1 -2700
 0 -1800 1 -1800
 0 -900 1 -900
 0 0 1 0
 0 900 1 900
 0 1800 1 1800
 0 2700 1 2700
 0 3600 1 3600
 0 4500 1 4500
 0 5400 1 5400
 0 6300 1 6300
 0 7200 1 7200
 0 8100 1 8100
 0 9000 1 9000
