63
-10000 0 -10000 1 
-9200 0 -9200 1 
-8800 0 -8800 1 
-7594 0 -7594 1 
-6803 0 -6803 1 
-6400 0 -6400 1 
-5600 0 -5600 1 
-5200 0 -5200 1 
-4400 0 -4400 1 
-3609 0 -3609 1 
-3200 0 -3200 1 
-2400 0 -2400 1 
-2000 0 -2000 1 
-1200 0 -1200 1 
-800 0 -800 1 
-406 0 -406 1 
0 0 0 1 
400 0 400 1 
793 0 793 1 
1213 0 1213 1 
2000 0 2000 1 
2795 0 2795 1 
3200 0 3200 1 
3992 0 3992 1 
4401 0 4401 1 
4809 0 4809 1 
5190 0 5190 1 
5600 0 5600 1 
6000 0 6000 1 
6790 0 6790 1 
7200 0 7200 1 
7600 0 7600 1 
8400 0 8400 1 
8801 0 8801 1 
9592 0 9592 1 
10000 0 10000 1 
-8100 0 -8100 1 
9505 0 9505 1 
-1707 0 -1707 1 
4831 0 4831 1 
6633 0 6633 1 
9514 0 9514 1 
 0 -9000 1 -9000
 0 -8100 1 -8100
 0 -7200 1 -7200
 0 -6300 1 -6300
 0 -5400 1 -5400
 0 -4500 1 -4500
 0 -3600 1 -3600
 0 -2700 1 -2700
 0 -1800 1 -1800
 0 -900 1 -900
 0 0 1 0
 0 900 1 900
 0 1800 1 1800
 0 2700 1 2700
 0 3600 1 3600
 0 4500 1 4500
 0 5400 1 5400
 0 6300 1 6300
 0 7200 1 7200
 0 8100 1 8100
 0 9000 1 9000
