56
-10000 0 -10000 1 
-9200 0 -9200 1 
-8400 0 -8400 1 
-7600 0 -7600 1 
-7200 0 -7200 1 
-6800 0 -6800 1 
-6400 0 -6400 1 
-5593 0 -5593 1 
-4800 0 -4800 1 
-3990 0 -3990 1 
-3200 0 -3200 1 
-2784 0 -2784 1 
-2000 0 -2000 1 
-1613 0 -1613 1 
-1207 0 -1207 1 
-400 0 -400 1 
400 0 400 1 
1192 0 1192 1 
1612 0 1612 1 
2398 0 2398 1 
3200 0 3200 1 
3600 0 3600 1 
4400 0 4400 1 
5600 0 5600 1 
6400 0 6400 1 
7210 0 7210 1 
8000 0 8000 1 
8400 0 8400 1 
8800 0 8800 1 
9200 0 9200 1 
9600 0 9600 1 
10000 0 10000 1 
3622 0 3622 1 
6847 0 6847 1 
5156 0 5156 1 
 0 -9000 1 -9000
 0 -8100 1 -8100
 0 -7200 1 -7200
 0 -6300 1 -6300
 0 -5400 1 -5400
 0 -4500 1 -4500
 0 -3600 1 -3600
 0 -2700 1 -2700
 0 -1800 1 -1800
 0 -900 1 -900
 0 0 1 0
 0 900 1 900
 0 1800 1 1800
 0 2700 1 2700
 0 3600 1 3600
 0 4500 1 4500
 0 5400 1 5400
 0 6300 1 6300
 0 7200 1 7200
 0 8100 1 8100
 0 9000 1 9000
