52
-10000 0 -10000 1 
-9600 0 -9600 1 
-9200 0 -9200 1 
-8000 0 -8000 1 
-6800 0 -6800 1 
-5607 0 -5607 1 
-4790 0 -4790 1 
-4009 0 -4009 1 
-2800 0 -2800 1 
-2400 0 -2400 1 
-1200 0 -1200 1 
0 0 0 1 
800 0 800 1 
2410 0 2410 1 
2800 0 2800 1 
3200 0 3200 1 
4392 0 4392 1 
5600 0 5600 1 
6400 0 6400 1 
7200 0 7200 1 
8403 0 8403 1 
9600 0 9600 1 
10000 0 10000 1 
5389 0 5389 1 
-9670 0 -9670 1 
-6719 0 -6719 1 
-2343 0 -2343 1 
1404 0 1404 1 
8203 0 8203 1 
-2579 0 -2579 1 
-3539 0 -3539 1 
 0 -9000 1 -9000
 0 -8100 1 -8100
 0 -7200 1 -7200
 0 -6300 1 -6300
 0 -5400 1 -5400
 0 -4500 1 -4500
 0 -3600 1 -3600
 0 -2700 1 -2700
 0 -1800 1 -1800
 0 -900 1 -900
 0 0 1 0
 0 900 1 900
 0 1800 1 1800
 0 2700 1 2700
 0 3600 1 3600
 0 4500 1 4500
 0 5400 1 5400
 0 6300 1 6300
 0 7200 1 7200
 0 8100 1 8100
 0 9000 1 9000
